time_now,wd_avg_2mins,ws_avg_2mins,wd_avg_10mins,ws_avg_10mins,wd_maxsp_this_min,ws_maxsp_this_min,air_temp_by_box,relative_humidity,water_vapor_pressure,dew_temp,station_pressure,ground_temp_pt,ground_tem_5cm,ground_tem_10cm,ground_tem_15cm,ground_tem_20cm
20160205 20:01,59,10,61,10,52,13,45,82,69,17,10277,35,47,52,54,54
20160205 20:02,56,10,60,10,60,16,45,82,69,17,10277,35,47,52,54,54
20160205 20:03,59,11,60,10,58,13,45,82,69,17,10277,35,47,52,54,54
20160205 20:04,52,10,59,9,45,15,45,82,69,17,10277,35,47,52,54,54
20160205 20:05,46,10,57,9,47,13,45,82,69,17,10278,35,47,52,54,54
20160205 20:06,47,12,56,10,46,18,45,82,69,17,10278,34,46,52,54,54
20160205 20:07,40,12,52,10,33,18,45,81,68,15,10278,34,46,52,54,54
20160205 20:08,42,11,52,11,51,22,45,81,68,15,10279,34,46,52,54,54
20160205 20:09,58,9,52,11,64,10,45,81,68,15,10279,34,46,52,54,54
20160205 20:10,50,8,49,10,35,14,44,81,68,14,10279,34,46,52,54,54
20160205 20:11,42,9,49,10,49,11,44,81,68,14,10279,34,46,52,54,54
20160205 20:12,49,9,48,10,49,14,44,81,68,14,10279,33,46,52,54,54
20160205 20:13,46,10,46,10,44,16,44,81,68,14,10279,33,46,52,54,54
20160205 20:14,44,9,46,10,45,14,44,82,69,16,10279,33,46,52,54,54
20160205 20:15,48,11,47,10,51,17,44,82,69,16,10279,33,46,52,54,54
20160205 20:16,46,11,46,10,40,14,44,82,69,16,10279,33,46,52,54,54
20160205 20:17,44,10,48,10,48,13,44,82,69,16,10279,32,46,52,54,54
20160205 20:18,44,11,47,10,41,16,44,82,69,16,10279,32,46,52,54,54
20160205 20:19,45,13,45,11,49,20,44,82,69,16,10279,32,46,52,54,54
20160205 20:20,47,12,46,11,46,17,44,82,69,16,10279,31,46,52,54,54
20160205 20:21,50,11,47,11,55,17,43,82,68,15,10278,31,45,52,54,54
20160205 20:22,55,12,47,11,55,15,43,82,68,15,10278,31,45,52,54,54
20160205 20:23,55,13,49,12,55,17,43,82,68,15,10278,31,45,52,54,54
20160205 20:24,56,14,50,12,58,21,43,82,68,15,10278,30,45,52,54,55
20160205 20:25,55,14,50,12,53,23,43,82,68,15,10278,30,45,52,54,54
20160205 20:26,55,13,52,13,58,17,43,82,68,15,10278,30,45,52,54,55
20160205 20:27,55,12,52,13,53,16,43,82,68,15,10278,30,45,52,54,54
20160205 20:28,53,12,54,13,53,17,43,82,68,15,10278,30,45,52,54,54
20160205 20:29,51,13,54,13,49,16,43,83,69,17,10278,29,45,52,54,55
20160205 20:30,51,14,54,13,54,19,43,83,69,17,10277,29,45,51,54,55
20160205 20:31,52,14,54,13,49,19,42,83,68,16,10277,29,45,51,54,55
20160205 20:32,48,13,53,13,46,16,42,83,68,16,10277,29,45,51,54,55
20160205 20:33,44,13,52,13,42,17,42,83,68,16,10278,29,45,51,54,54
20160205 20:34,46,12,51,13,50,15,42,83,68,16,10278,29,45,51,54,55
20160205 20:35,50,11,51,13,51,15,42,83,68,16,10278,29,44,51,54,55
20160205 20:36,50,14,50,13,49,22,42,83,68,16,10278,29,44,51,54,55
20160205 20:37,52,16,50,13,55,20,42,83,68,16,10278,29,44,51,54,55
20160205 20:38,56,15,50,14,57,22,42,83,68,16,10278,29,44,51,54,55
20160205 20:39,56,15,51,14,55,19,42,83,68,16,10278,29,44,51,54,55
20160205 20:40,57,13,51,14,59,16,42,83,68,16,10278,30,44,51,54,55
20160205 20:41,60,11,53,13,62,18,42,83,68,16,10278,30,44,51,54,55
20160205 20:42,59,12,54,13,57,19,42,83,68,16,10278,30,44,51,54,55
20160205 20:43,49,11,54,13,42,13,42,83,68,16,10279,30,44,51,54,55
20160205 20:44,47,8,54,12,53,8,42,83,68,16,10279,30,44,51,54,55
20160205 20:45,47,6,53,12,42,12,42,83,68,16,10279,30,44,51,54,55
20160205 20:46,48,7,54,11,54,16,42,83,68,16,10279,30,44,51,54,55
20160205 20:47,49,9,52,10,43,11,42,83,68,16,10279,30,43,51,54,55
20160205 20:48,48,9,52,10,53,12,42,83,68,16,10279,30,43,51,54,55
20160205 20:49,52,9,52,9,51,11,42,83,68,16,10279,30,43,51,54,55
20160205 20:50,56,8,52,9,60,9,42,83,68,16,10279,30,43,51,54,55
20160205 20:51,55,9,50,9,49,14,42,84,69,17,10279,30,43,51,54,55
20160205 20:52,54,11,51,8,59,14,41,84,69,16,10279,30,43,51,54,55
20160205 20:53,55,11,51,9,50,15,41,84,69,16,10279,30,43,51,54,55
20160205 20:54,52,11,51,9,53,14,41,84,69,16,10279,30,43,51,54,55
20160205 20:55,52,10,52,9,50,13,41,84,69,16,10279,30,43,51,54,55
20160205 20:56,51,10,52,10,52,14,41,84,69,16,10279,30,43,51,54,55
20160205 20:57,54,11,53,10,56,18,41,84,69,16,10279,30,43,51,54,55
20160205 20:58,48,12,52,10,39,15,41,84,69,16,10278,30,43,51,54,55
20160205 20:59,50,11,53,10,62,13,41,84,69,16,10278,30,43,51,54,55
20160205 21:00,60,9,53,11,59,14,41,84,69,16,10278,31,43,51,54,55
20160205 21:01,55,10,53,10,50,14,41,84,69,16,10278,31,43,51,54,55
20160205 21:02,56,11,53,11,61,15,41,84,69,16,10278,31,43,51,54,55
20160205 21:03,60,11,54,11,60,12,41,84,69,16,10278,31,43,51,54,55
20160205 21:04,63,8,56,10,66,9,41,84,69,16,10278,31,42,50,54,55
20160205 21:05,69,8,58,10,72,10,41,84,69,16,10278,31,42,50,54,55
20160205 21:06,77,9,61,10,83,12,41,84,69,16,10278,30,42,50,54,55
20160205 21:07,82,9,63,10,82,10,41,84,69,16,10278,31,42,50,54,55
20160205 21:08,83,7,68,9,84,9,41,84,69,16,10278,31,42,50,54,55
20160205 21:09,85,7,70,9,86,10,40,85,69,17,10278,30,42,50,54,55
20160205 21:10,91,7,74,9,96,8,40,85,69,17,10278,30,42,50,54,55
20160205 21:11,93,8,78,9,91,11,40,85,69,17,10278,30,42,50,54,55
20160205 21:12,89,9,81,8,87,11,40,85,69,17,10278,30,42,50,54,55
20160205 21:13,83,8,83,8,78,10,40,85,69,17,10278,30,42,50,54,55
20160205 21:14,77,7,83,8,76,7,40,85,69,17,10278,30,42,50,54,55
20160205 21:15,75,6,84,8,73,7,40,85,69,17,10279,30,42,50,54,55
20160205 21:16,70,4,82,7,67,4,40,85,69,17,10279,30,42,50,54,55
20160205 21:17,70,2,81,6,72,3,40,85,69,17,10279,30,42,50,54,55
20160205 21:18,74,3,80,6,75,4,40,85,69,17,10279,30,42,50,54,55
20160205 21:19,76,3,79,5,76,4,40,85,69,17,10279,30,42,50,54,55
20160205 21:20,78,2,77,5,80,3,40,85,69,17,10279,30,42,50,54,55
20160205 21:21,82,2,77,4,85,3,39,85,69,16,10280,29,42,50,54,55
20160205 21:22,87,0,77,3,90,0,39,85,69,16,10280,29,42,50,54,55
20160205 21:23,103,0,81,3,116,0,39,85,69,16,10280,29,42,50,54,55
20160205 21:24,120,0,85,2,123,0,39,85,69,16,10280,29,42,50,54,55
20160205 21:25,127,0,91,1,131,0,39,86,69,18,10280,29,42,50,54,55
20160205 21:26,131,0,98,1,130,0,39,86,69,18,10280,29,42,50,54,55
20160205 21:27,118,0,101,1,105,0,38,86,69,17,10280,29,42,50,53,55
20160205 21:28,103,0,104,1,101,0,38,86,69,17,10280,29,42,50,53,55
20160205 21:29,101,0,106,0,101,0,38,86,69,17,10280,29,42,50,53,55
20160205 21:30,101,0,108,0,101,0,38,86,69,17,10280,29,42,50,53,55
20160205 21:31,79,0,105,0,345,0,38,86,69,17,10280,28,42,50,53,55
20160205 21:32,333,0,101,0,329,0,37,86,68,16,10280,28,41,50,53,55
20160205 21:33,329,0,90,0,329,0,37,86,68,16,10280,28,41,50,53,55
20160205 21:34,312,0,73,0,295,0,37,86,68,16,10280,28,41,50,53,55
20160205 21:35,279,0,45,0,263,0,37,87,69,17,10280,28,41,50,53,55
20160205 21:36,260,0,353,0,257,0,37,87,69,17,10280,28,41,50,53,55
20160205 21:37,260,0,313,0,262,0,36,87,69,16,10280,28,41,50,53,55
20160205 21:38,259,0,295,0,255,0,36,87,69,16,10279,27,41,49,53,55
20160205 21:39,249,0,286,0,244,0,36,87,69,16,10279,27,41,49,53,55
20160205 21:40,244,0,281,0,245,0,36,88,70,18,10279,27,41,49,53,55
20160205 21:41,248,0,271,0,252,0,36,88,70,18,10279,27,41,49,53,55
20160205 21:42,264,0,267,0,276,0,36,88,70,18,10279,27,41,49,53,55
20160205 21:43,251,0,258,0,228,1,36,88,70,18,10279,26,41,49,53,55
20160205 21:44,225,0,250,0,222,0,35,88,69,17,10280,26,41,49,53,55
20160205 21:45,228,0,248,0,235,0,35,88,69,17,10280,26,41,49,53,55
20160205 21:46,233,0,245,0,232,0,35,88,69,17,10280,26,41,49,53,55
20160205 21:47,234,0,242,0,235,0,35,88,69,17,10280,26,41,49,53,55
20160205 21:48,238,0,241,0,241,0,34,88,69,16,10280,25,41,49,53,55
20160205 21:49,249,0,242,0,258,0,34,88,69,16,10280,25,41,49,53,55
20160205 21:50,269,0,246,0,281,0,34,88,69,16,10280,25,41,49,53,55
20160205 21:51,278,0,248,0,275,0,34,88,69,16,10280,25,41,49,53,55
20160205 21:52,281,0,249,0,287,0,34,89,69,18,10280,25,41,49,53,55
20160205 21:53,280,0,254,0,272,0,34,89,69,18,10280,24,41,49,53,55
20160205 21:54,304,0,264,0,347,0,33,89,69,17,10280,24,40,49,53,55
20160205 21:55,8,0,275,0,24,0,33,89,69,17,10279,24,40,49,53,55
20160205 21:56,22,0,290,0,20,0,33,89,69,17,10279,24,40,49,53,55
20160205 21:57,26,3,307,1,31,8,33,89,69,17,10279,23,40,49,53,55
20160205 21:58,32,5,326,1,32,7,33,89,69,17,10278,23,40,49,53,55
20160205 21:59,33,6,343,2,34,11,33,89,69,17,10278,23,40,49,53,55
20160205 22:00,30,8,357,3,26,9,33,89,69,17,10278,22,40,49,53,55
20160205 22:01,23,7,7,3,21,8,33,89,69,17,10278,22,40,49,53,55
20160205 22:02,16,7,14,4,10,7,32,89,68,16,10278,21,40,49,53,55
20160205 22:03,8,7,19,5,6,9,32,89,68,16,10278,21,40,49,53,55
20160205 22:04,0,7,20,5,353,8,32,89,68,16,10279,21,40,49,53,55
20160205 22:05,348,5,16,6,342,6,32,89,68,16,10279,20,40,49,53,55
20160205 22:06,348,3,13,6,355,3,31,89,68,15,10279,20,40,49,53,55
20160205 22:07,4,3,11,6,13,5,31,89,68,15,10279,19,40,49,53,55
20160205 22:08,358,2,6,5,342,2,30,90,68,15,10279,19,40,49,53,55
20160205 22:09,352,2,3,5,3,9,30,90,68,15,10279,19,39,49,53,55
20160205 22:10,8,6,2,5,13,9,30,90,68,15,10279,18,39,49,53,55
20160205 22:11,10,7,1,5,8,8,30,90,68,15,10279,18,39,49,53,55
20160205 22:12,10,7,1,5,11,12,30,90,68,15,10279,17,39,49,53,55
20160205 22:13,4,9,0,5,356,12,30,90,68,15,10279,17,39,49,53,55
20160205 22:14,2,6,1,5,8,8,30,90,68,15,10279,17,39,49,53,55
20160205 22:15,9,2,4,5,10,2,30,89,67,14,10279,16,39,49,53,55
20160205 22:16,17,1,7,4,24,4,30,89,67,14,10280,16,39,48,53,55
20160205 22:17,9,1,5,4,354,1,29,89,67,13,10280,15,39,48,53,55
20160205 22:18,3,0,8,4,11,1,29,89,67,13,10280,15,39,48,53,55
20160205 22:19,18,0,10,4,25,0,29,89,67,13,10280,14,39,48,53,55
20160205 22:20,27,0,12,3,29,0,29,89,67,13,10280,14,38,48,53,55
20160205 22:21,357,0,8,2,324,0,29,89,67,13,10280,13,38,48,53,55
20160205 22:22,295,0,0,2,268,0,29,89,67,13,10280,13,38,48,53,55
20160205 22:23,272,0,353,1,277,0,28,89,66,12,10280,13,38,48,53,55
20160205 22:24,280,0,344,0,283,0,28,90,67,13,10280,12,38,48,53,55
20160205 22:25,284,0,333,0,284,0,28,90,67,13,10281,12,38,48,53,55
20160205 22:26,279,0,319,0,275,1,27,90,67,12,10281,12,38,48,53,55
20160205 22:27,269,2,307,0,263,5,27,90,67,12,10281,11,38,48,53,55
20160205 22:28,259,5,293,1,255,6,27,90,67,12,10282,11,37,48,53,55
20160205 22:29,253,6,282,2,251,6,26,90,66,11,10282,11,37,48,53,55
20160205 22:30,250,7,272,2,250,8,26,90,66,11,10282,11,37,48,53,55
20160205 22:31,249,8,265,3,249,8,26,91,67,13,10282,11,37,48,53,55
20160205 22:32,249,8,263,4,248,9,25,91,67,12,10282,11,37,48,53,55
20160205 22:33,250,7,261,5,252,8,25,91,67,12,10282,11,37,48,53,55
20160205 22:34,252,7,258,5,251,7,25,91,67,12,10282,11,37,48,53,55
20160205 22:35,249,6,254,6,247,7,25,91,67,12,10281,11,36,48,53,55
20160205 22:36,247,5,251,6,246,6,25,91,67,12,10281,11,36,48,53,55
20160205 22:37,248,5,250,6,250,5,24,91,66,11,10281,12,36,48,53,55
20160205 22:38,253,4,250,6,257,5,24,91,66,11,10281,12,36,48,53,55
20160205 22:39,269,4,253,6,281,5,24,91,66,11,10281,12,36,48,53,55
20160205 22:40,284,4,257,6,287,5,24,92,67,12,10281,12,36,48,53,55
20160205 22:41,285,4,260,5,283,5,24,92,67,12,10281,12,36,48,53,55
20160205 22:42,281,5,263,5,280,7,24,92,67,12,10281,12,36,48,53,55
20160205 22:43,284,6,267,5,288,7,23,92,66,11,10282,12,35,48,53,55
20160205 22:44,290,6,271,5,292,7,23,92,66,11,10282,12,35,48,53,55
20160205 22:45,292,7,276,5,291,7,23,92,66,11,10282,12,35,48,53,55
20160205 22:46,290,6,280,5,289,7,23,92,66,11,10282,12,35,47,52,55
20160205 22:47,284,7,283,5,279,8,23,92,66,11,10282,12,35,47,52,55
20160205 22:48,276,7,284,6,273,7,23,92,66,11,10283,12,35,47,53,55
20160205 22:49,268,6,283,6,264,7,22,92,66,10,10283,12,35,47,52,55
20160205 22:50,260,7,280,6,256,8,22,92,66,10,10283,12,35,47,52,55
20160205 22:51,254,9,277,7,253,11,22,93,67,12,10283,12,35,47,52,55
20160205 22:52,251,10,274,7,250,12,22,93,67,12,10283,12,35,47,52,55
20160205 22:53,250,10,270,8,251,12,22,93,67,12,10283,12,34,47,52,55
20160205 22:54,248,10,265,8,245,10,22,93,67,12,10283,12,34,47,52,55
20160205 22:55,244,8,260,8,242,9,22,93,67,12,10283,12,34,47,52,55
20160205 22:56,244,7,256,8,245,8,22,93,67,12,10283,12,34,47,52,55
20160205 22:57,245,7,252,8,246,9,22,93,67,12,10284,12,34,47,52,55
20160205 22:58,244,8,249,8,242,9,22,93,67,12,10284,12,34,47,52,55
20160205 22:59,239,7,247,8,236,6,22,93,67,12,10284,12,34,47,52,55
20160205 23:00,234,5,244,8,232,5,22,94,67,13,10284,12,34,47,52,55
20160205 23:01,233,5,242,8,233,6,22,94,67,13,10284,12,34,47,52,55
20160205 23:02,235,5,241,7,237,6,22,94,67,13,10284,12,34,47,52,54
20160205 23:03,239,5,240,7,241,8,22,94,67,13,10284,12,34,47,52,55
20160205 23:04,242,7,240,6,243,9,22,94,67,13,10283,12,33,47,52,55
20160205 23:05,243,7,240,6,242,9,22,94,67,13,10283,12,34,47,52,54
20160205 23:06,242,8,240,7,243,10,22,94,67,13,10283,12,33,47,52,55
20160205 23:07,242,8,239,7,241,9,22,94,67,13,10283,12,33,47,52,54
20160205 23:08,241,9,239,7,241,11,22,94,67,13,10283,12,33,47,52,54
20160205 23:09,240,9,239,7,238,10,22,94,67,13,10283,12,33,47,52,54
20160205 23:10,236,8,239,7,234,9,22,94,67,13,10283,12,33,46,52,55
20160205 23:11,232,8,239,8,230,10,22,94,67,13,10283,11,33,46,52,54
20160205 23:12,229,8,238,8,228,8,22,94,67,13,10283,11,33,46,52,55
20160205 23:13,229,8,237,8,230,10,22,94,67,13,10283,11,33,46,52,55
20160205 23:14,231,8,236,8,232,9,22,94,67,13,10284,10,33,46,52,54
20160205 23:15,232,8,235,8,233,9,22,94,67,13,10284,10,33,46,52,54
20160205 23:16,233,7,234,8,233,8,22,94,67,13,10284,10,33,46,52,54
20160205 23:17,231,6,233,8,229,6,22,94,67,13,10284,9,33,46,52,54
20160205 23:18,226,6,231,8,223,10,21,94,67,12,10283,9,33,46,52,54
20160205 23:19,223,7,230,7,223,8,21,94,67,12,10283,9,33,46,52,54
20160205 23:20,225,7,229,7,226,8,21,94,67,12,10283,8,32,46,52,54
20160205 23:21,227,7,228,7,227,8,21,94,67,12,10283,8,32,46,52,54
20160205 23:22,230,6,229,7,233,9,21,94,67,12,10283,7,32,46,52,54
20160205 23:23,235,6,230,7,236,8,20,94,66,11,10284,6,32,46,52,54
20160205 23:24,243,5,231,6,249,6,20,94,66,11,10284,6,32,46,52,54
20160205 23:25,250,5,233,6,250,6,20,94,66,11,10284,5,32,46,52,54
20160205 23:26,255,5,236,6,261,6,20,94,66,11,10284,5,32,46,52,54
20160205 23:27,264,3,239,6,267,4,20,94,66,11,10284,4,32,46,52,54
20160205 23:28,271,1,245,5,274,2,19,94,66,10,10284,4,32,46,52,54
20160205 23:29,287,0,252,4,299,0,19,94,66,10,10284,4,32,46,52,54
20160205 23:30,316,0,261,3,332,0,19,94,66,10,10284,3,32,46,52,54
20160205 23:31,335,1,272,3,337,6,18,94,65,9,10284,3,32,46,52,54
20160205 23:32,338,4,283,3,340,9,18,94,65,9,10284,2,31,46,52,54
20160205 23:33,341,7,295,3,342,9,18,94,65,9,10283,2,31,46,52,54
20160205 23:34,339,7,304,3,336,8,18,94,65,9,10283,1,31,45,52,54
20160205 23:35,336,7,313,4,335,9,17,94,65,8,10284,1,31,45,52,54
20160205 23:36,333,9,320,4,331,12,17,94,65,8,10284,1,31,45,52,54
20160205 23:37,331,11,326,5,331,12,17,94,65,8,10284,0,31,45,52,54
20160205 23:38,330,10,331,6,329,11,16,94,64,7,10284,0,31,45,52,54
20160205 23:39,331,10,335,7,334,11,16,94,64,7,10283,0,31,45,52,54
20160205 23:40,333,10,335,8,333,10,16,94,64,7,10283,-1,31,45,52,54
20160205 23:41,327,10,333,9,321,10,15,94,64,6,10283,-1,30,45,52,54
20160205 23:42,316,10,330,10,311,13,15,94,64,6,10283,-2,30,45,52,54
20160205 23:43,307,11,327,10,304,12,15,94,64,6,10283,-2,30,45,52,54
20160205 23:44,301,11,323,10,297,13,14,94,64,5,10283,-2,30,45,51,54
20160205 23:45,297,12,319,11,298,13,14,94,64,5,10284,-3,30,45,51,54
20160205 23:46,298,12,316,11,299,13,14,94,64,5,10284,-3,30,45,51,54
20160205 23:47,298,12,312,11,298,14,14,94,64,5,10284,-3,30,45,51,54
20160205 23:48,299,13,309,11,300,13,14,95,64,7,10284,-3,29,45,51,54
20160205 23:49,299,12,306,12,299,13,14,95,64,7,10284,-4,29,45,51,54
20160205 23:50,299,11,303,12,299,11,14,95,64,7,10284,-4,29,45,51,54
20160205 23:51,299,10,300,12,300,11,15,95,65,8,10284,-4,29,45,51,54
20160205 23:52,300,10,299,12,300,11,15,95,65,8,10284,-4,29,45,51,54
20160205 23:53,300,11,299,12,301,12,15,95,65,8,10284,-5,29,45,51,54
20160205 23:54,301,11,300,11,301,12,15,95,65,8,10284,-5,29,45,51,54
20160205 23:55,301,11,300,11,301,12,15,95,65,8,10284,-5,28,45,51,54
20160205 23:56,302,11,300,11,302,12,15,95,65,8,10284,-5,28,44,51,54
20160205 23:57,301,11,300,11,301,12,15,95,65,8,10284,-5,28,44,51,54
20160205 23:58,301,10,301,11,301,10,15,95,65,8,10284,-6,28,44,51,54
20160205 23:59,302,9,301,11,303,10,15,95,65,8,10284,-6,28,44,51,54
20160205 00:00,303,9,301,10,304,10,15,95,65,8,10284,-6,28,44,51,54
20160205 00:01,305,9,302,10,307,10,14,95,64,7,10284,-6,28,44,51,54
20160205 00:02,307,10,303,10,307,11,14,95,64,7,10284,-6,27,44,51,54
20160205 00:03,307,10,303,10,308,11,13,95,64,6,10284,-7,27,44,51,54
20160205 00:04,309,9,304,10,310,10,13,95,64,6,10284,-7,27,44,51,54
20160205 00:05,310,9,305,10,310,9,12,95,63,5,10283,-7,27,44,51,54
20160205 00:06,311,8,306,9,311,10,12,95,63,5,10283,-7,27,44,51,54
20160205 00:07,310,7,307,9,310,9,12,95,63,5,10283,-7,27,44,51,54
20160205 00:08,309,7,308,9,308,9,12,95,63,5,10283,-8,27,44,51,54
20160205 00:09,305,7,308,8,301,8,11,95,63,4,10283,-8,26,44,51,54
20160205 00:10,299,6,307,8,297,7,11,95,63,4,10283,-8,26,44,51,54
20160205 00:11,297,6,306,8,296,7,11,95,63,4,10283,-8,26,44,51,54
20160205 00:12,296,6,305,7,296,6,11,95,63,4,10283,-8,26,44,51,54
20160205 00:13,295,6,303,7,295,7,10,95,62,3,10283,-8,26,44,51,54
20160205 00:14,294,7,302,7,293,8,10,95,62,3,10283,-9,26,44,51,54
20160205 00:15,292,8,300,7,290,9,9,95,62,2,10284,-9,26,44,51,54
20160205 00:16,290,9,297,7,289,11,9,95,62,2,10284,-9,25,43,51,54
20160205 00:17,288,10,295,8,287,11,9,95,62,2,10284,-9,25,44,51,54
20160205 00:18,285,10,293,8,284,10,9,95,62,2,10284,-9,25,43,51,54
20160205 00:19,283,9,291,8,283,10,9,95,62,2,10283,-8,25,43,51,54
20160205 00:20,283,9,290,8,283,9,8,95,61,1,10283,-4,25,43,51,54
20160205 00:21,283,9,288,9,283,9,8,95,61,1,10284,-4,25,43,51,54
20160205 00:22,284,9,287,9,286,9,8,95,61,1,10284,-3,25,43,51,54
20160205 00:23,286,8,286,9,286,8,8,95,61,1,10283,-3,25,43,51,54
20160205 00:24,287,8,286,9,288,8,8,95,61,1,10283,-3,24,43,51,54
20160205 00:25,286,7,285,9,284,8,8,95,61,1,10283,-2,24,43,51,54
20160205 00:26,284,7,285,9,284,8,8,95,61,1,10283,-2,24,43,51,54
20160205 00:27,284,7,284,8,284,8,7,96,62,1,10283,-2,24,43,51,54
20160205 00:28,284,8,284,8,284,8,7,96,62,1,10284,-2,24,43,51,54
20160205 00:29,284,8,285,8,284,8,7,96,62,1,10284,-2,24,43,50,54
20160205 00:30,284,8,285,8,284,9,7,96,62,1,10284,-2,24,43,50,54
20160205 00:31,283,8,285,8,283,8,7,96,62,1,10284,-2,24,43,50,54
20160205 00:32,282,8,284,8,282,9,7,96,62,1,10284,-2,24,43,50,54
20160205 00:33,284,9,284,8,286,11,6,96,61,0,10284,-2,24,43,50,54
20160205 00:34,289,11,285,8,291,12,6,96,61,0,10284,-2,24,43,50,54
20160205 00:35,292,12,285,9,293,13,6,96,61,0,10284,-2,24,42,50,54
20160205 00:36,294,12,287,9,296,14,6,96,61,0,10284,-2,23,42,50,54
20160205 00:37,297,12,288,10,299,14,6,96,61,0,10284,-2,23,42,50,54
20160205 00:38,301,12,290,10,304,13,6,96,61,0,10284,-2,23,42,50,54
20160205 00:39,304,12,292,10,305,14,6,96,61,0,10284,-2,23,42,50,54
20160205 00:40,305,13,295,11,306,15,6,96,61,0,10284,-2,23,42,50,54
20160205 00:41,307,13,297,11,309,15,6,96,61,0,10284,-2,23,42,50,54
20160205 00:42,309,14,300,12,309,16,6,96,61,0,10284,-2,23,42,50,54
20160205 00:43,308,15,302,13,308,17,6,96,61,0,10284,-2,23,42,50,54
20160205 00:44,308,16,304,13,308,16,6,96,61,0,10285,-2,23,42,50,54
20160205 00:45,308,14,305,13,308,15,6,96,61,0,10285,-2,23,42,50,54
20160205 00:46,308,14,306,13,307,15,6,96,61,0,10285,-2,23,42,50,54
20160205 00:47,306,14,307,14,305,17,6,96,61,0,10285,-2,23,42,50,54
20160205 00:48,306,15,307,14,306,17,6,96,61,0,10286,-2,23,42,50,54
20160205 00:49,305,16,307,15,304,17,7,96,62,1,10286,-2,23,42,50,54
20160205 00:50,305,16,307,15,305,18,7,96,62,1,10286,-2,23,42,50,54
20160205 00:51,304,16,306,15,303,17,7,96,62,1,10286,-2,23,41,50,54
20160205 00:52,302,15,306,15,301,15,8,97,63,4,10286,-2,23,41,50,54
20160205 00:53,299,13,304,15,297,15,8,97,63,4,10286,-2,23,41,50,54
20160205 00:54,297,13,303,15,297,15,9,97,63,5,10286,-2,23,41,50,54
20160205 00:55,297,13,302,15,298,14,9,97,63,5,10286,-2,23,41,50,54
20160205 00:56,298,12,302,14,299,12,9,97,63,5,10286,-2,23,41,50,54
20160205 00:57,297,12,301,14,296,13,9,97,63,5,10286,-2,23,41,50,54
20160205 00:58,296,11,299,14,295,13,9,97,63,5,10286,-2,23,41,50,54
20160205 00:59,296,12,299,13,297,13,9,97,63,5,10286,-2,23,41,50,54
20160205 01:00,297,12,298,13,296,13,9,97,63,5,10286,-2,23,41,50,54
20160205 01:01,296,10,297,12,296,11,9,97,63,5,10286,-2,23,41,50,54
20160205 01:02,296,9,297,12,295,10,9,97,63,5,10286,-2,23,41,50,54
20160205 01:03,294,9,296,11,294,10,9,97,63,5,10286,-2,23,41,50,54
20160205 01:04,293,9,296,11,291,10,9,97,63,5,10286,-2,23,41,50,54
20160205 01:05,291,9,295,10,291,10,9,97,63,5,10286,-2,23,41,50,54
20160205 01:06,290,9,294,10,290,9,9,97,63,5,10285,-2,23,41,50,54
20160205 01:07,290,8,294,10,290,10,9,97,63,5,10285,-2,23,41,49,54
20160205 01:08,293,9,294,9,297,9,9,97,63,5,10285,-2,22,41,49,54
20160205 01:09,296,8,294,9,296,9,9,97,63,5,10285,-2,22,41,49,54
20160205 01:10,296,8,294,9,297,9,8,97,63,4,10285,-3,22,41,49,54
20160205 01:11,297,8,294,9,296,10,8,97,63,4,10285,-3,22,41,49,53
20160205 01:12,295,9,294,9,294,10,8,97,63,4,10285,-3,22,40,49,54
20160205 01:13,293,9,293,9,292,9,8,97,63,4,10285,-3,22,40,49,53
20160205 01:14,289,7,293,8,287,8,8,97,63,4,10284,-3,22,40,49,53
20160205 01:15,286,7,292,8,284,8,8,97,63,4,10284,-3,22,40,49,53
20160205 01:16,289,7,293,8,293,8,8,97,63,4,10284,-3,22,40,49,53
20160205 01:17,295,6,293,8,297,7,8,97,63,4,10285,-3,22,40,49,53
20160205 01:18,304,6,295,7,311,7,8,97,63,4,10285,-3,22,40,49,53
20160205 01:19,318,6,298,7,326,7,8,97,63,4,10285,-3,22,40,49,53
20160205 01:20,328,7,301,7,331,10,8,97,63,4,10285,-3,22,40,49,53
20160205 01:21,326,9,303,7,321,10,8,97,63,4,10284,-3,22,40,49,53
20160205 01:22,326,8,307,7,330,9,8,97,63,4,10284,-3,22,40,49,53
20160205 01:23,331,6,311,7,332,6,8,97,63,4,10284,-3,22,40,49,53
20160205 01:24,330,6,315,7,328,7,7,97,62,3,10284,-3,22,40,49,53
20160205 01:25,324,7,319,7,319,9,7,97,62,3,10284,-3,22,40,49,53
20160205 01:26,317,8,321,7,315,10,7,97,62,3,10284,-3,22,40,49,53
20160205 01:27,316,9,323,8,316,11,7,97,62,3,10284,-3,22,40,49,53
20160205 01:28,317,10,324,8,318,11,7,97,62,3,10284,-3,22,40,49,53
20160205 01:29,318,10,323,8,318,11,7,97,62,3,10284,-3,22,40,49,53
20160205 01:30,315,9,321,8,311,11,7,97,62,3,10284,-3,22,40,49,53
20160205 01:31,313,10,320,9,314,12,7,97,62,3,10284,-3,22,40,49,53
20160205 01:32,317,10,319,9,321,10,7,97,62,3,10284,-3,22,40,49,53
20160205 01:33,319,9,318,9,317,11,7,97,62,3,10284,-3,22,40,49,53
20160205 01:34,316,9,316,9,315,9,7,97,62,3,10284,-3,22,39,49,53
20160205 01:35,313,8,316,9,311,10,7,97,62,3,10285,-3,22,39,49,53
20160205 01:36,308,8,315,9,305,10,7,97,62,3,10284,-3,22,39,49,53
20160205 01:37,304,8,313,9,303,10,7,97,62,3,10284,-3,22,39,49,53
20160205 01:38,306,9,312,9,308,11,7,97,62,3,10284,-3,22,39,49,53
20160205 01:39,309,9,311,9,310,10,7,97,62,3,10284,-3,22,39,49,53
20160205 01:40,312,9,312,9,313,11,8,97,63,4,10285,-3,21,39,49,53
20160205 01:41,310,10,311,9,307,12,8,97,63,4,10285,-3,21,39,48,53
20160205 01:42,307,10,310,9,307,13,8,97,63,4,10285,-3,21,39,48,53
20160205 01:43,308,11,309,9,308,12,8,97,63,4,10285,-3,21,39,48,53
20160205 01:44,307,10,308,9,306,12,8,97,63,4,10284,-3,21,39,48,53
20160205 01:45,308,9,308,9,310,9,8,97,63,4,10284,-3,21,39,48,53
20160205 01:46,307,8,308,9,305,11,8,97,63,4,10284,-3,21,39,48,53
20160205 01:47,306,8,308,9,307,10,8,97,63,4,10284,-3,21,39,48,53
20160205 01:48,304,7,307,9,302,10,8,97,63,4,10284,-3,21,39,48,53
20160205 01:49,297,8,306,9,291,11,8,97,63,4,10284,-4,21,39,48,53
20160205 01:50,292,11,304,10,293,14,8,97,63,4,10284,-4,21,39,48,53
20160205 01:51,293,14,302,10,293,18,8,97,63,4,10284,-4,21,39,48,53
20160205 01:52,291,16,301,11,290,22,8,97,63,4,10284,-4,21,39,48,53
20160205 01:53,288,18,298,11,286,20,8,97,63,4,10284,-4,21,39,48,53
20160205 01:54,287,18,297,12,289,21,8,97,63,4,10285,-3,21,39,48,53
20160205 01:55,290,18,295,13,291,21,8,97,63,4,10284,-3,21,39,48,53
20160205 01:56,291,17,293,14,292,20,9,97,63,5,10285,-3,21,39,48,53
20160205 01:57,294,16,292,15,296,19,9,97,63,5,10285,-3,21,39,48,53
20160205 01:58,295,16,292,15,294,19,9,97,63,5,10285,-3,21,39,48,53
20160205 01:59,294,16,292,16,294,18,9,96,63,3,10285,-3,21,38,48,53
20160205 02:00,296,15,292,16,297,17,9,96,63,3,10285,-3,21,39,48,53
20160205 02:01,301,14,293,16,305,18,10,96,63,4,10285,-3,21,38,48,53
20160205 02:02,307,14,295,16,309,16,10,96,63,4,10285,-3,21,38,48,53
20160205 02:03,307,12,297,15,305,16,10,96,63,4,10285,-3,21,38,48,53
20160205 02:04,305,14,299,15,306,20,10,96,63,4,10285,-3,21,38,48,53
20160205 02:05,308,16,301,15,310,21,10,96,63,4,10285,-3,21,38,48,53
20160205 02:06,307,16,302,15,304,19,10,96,63,4,10285,-3,21,38,48,53
20160205 02:07,306,14,303,14,307,16,10,96,63,4,10284,-4,21,38,48,53
20160205 02:08,304,13,304,14,300,18,10,96,63,4,10284,-4,21,38,48,53
20160205 02:09,299,13,304,14,297,14,10,96,63,4,10284,-4,21,38,48,53
20160205 02:10,294,11,303,14,291,14,10,95,62,3,10284,-4,20,38,48,53
20160205 02:11,290,12,302,14,289,14,10,95,62,3,10284,-4,20,38,48,53
20160205 02:12,287,12,299,13,284,14,10,95,62,3,10284,-4,20,38,48,53
20160205 02:13,286,12,298,14,288,16,10,95,62,3,10284,-4,20,38,48,53
20160205 02:14,289,13,296,13,290,16,10,95,62,3,10283,-4,20,38,47,53
20160205 02:15,291,14,294,13,293,15,10,95,62,3,10283,-4,20,38,47,53
20160205 02:16,295,15,293,13,296,18,10,95,62,3,10284,-4,20,38,47,53
20160205 02:17,296,15,292,13,296,17,10,95,62,3,10284,-4,20,38,47,53
20160205 02:18,297,15,292,13,298,18,10,94,62,1,10284,-4,20,38,47,53
20160205 02:19,301,16,293,14,303,18,10,94,62,1,10285,-4,20,38,47,53
20160205 02:20,303,15,294,14,304,18,10,94,62,1,10285,-4,20,38,47,52
20160205 02:21,306,14,296,14,308,16,9,94,61,0,10285,-4,20,38,47,52
20160205 02:22,310,15,299,15,311,19,9,94,61,0,10285,-4,20,38,47,53
20160205 02:23,315,14,302,15,319,20,9,94,61,0,10284,-4,20,38,47,52
20160205 02:24,319,12,305,15,320,17,9,94,61,0,10284,-4,20,38,47,52
20160205 02:25,327,12,309,14,335,15,9,94,61,0,10284,-4,20,38,47,52
20160205 02:26,331,12,312,14,326,15,8,94,61,-1,10283,-4,20,38,47,52
20160205 02:27,324,12,314,14,321,15,8,94,61,-1,10283,-4,20,38,47,52
20160205 02:28,325,12,317,13,328,18,8,94,61,-1,10283,-5,20,38,47,52
20160205 02:29,330,13,320,13,332,20,9,94,61,0,10282,-5,20,37,47,52
20160205 02:30,333,13,324,13,335,18,9,94,61,0,10282,-5,20,37,47,52
20160205 02:31,339,11,327,13,342,14,9,94,61,0,10282,-5,20,37,47,52
20160205 02:32,342,9,330,12,342,14,9,94,61,0,10282,-5,20,37,47,52
20160205 02:33,343,8,333,11,344,13,9,94,61,0,10282,-5,20,37,47,52
20160205 02:34,349,10,336,11,353,16,9,94,61,0,10282,-5,20,37,47,52
20160205 02:35,353,12,338,11,353,16,9,94,61,0,10281,-5,20,37,47,52
20160205 02:36,354,12,341,11,355,14,8,93,60,-2,10281,-5,20,37,47,52
20160205 02:37,0,11,345,11,4,13,8,93,60,-2,10280,-5,20,37,47,52
20160205 02:38,9,11,349,11,13,15,8,93,60,-2,10280,-5,20,37,47,52
20160205 02:39,12,8,353,10,10,8,9,93,61,-1,10280,-5,20,37,47,52
20160205 02:40,5,6,356,10,0,9,9,93,61,-1,10281,-5,20,37,47,52
20160205 02:41,356,7,357,9,352,11,9,93,61,-1,10281,-5,20,37,47,52
20160205 02:42,355,10,358,10,357,16,8,93,60,-2,10281,-5,19,37,47,52
20160205 02:43,353,9,359,10,349,11,8,93,60,-2,10281,-5,19,37,47,52
20160205 02:44,348,7,358,9,347,10,8,92,60,-3,10281,-5,19,37,47,52
20160205 02:45,344,10,357,9,340,20,8,92,60,-3,10280,-6,19,37,47,52
20160205 02:46,339,13,355,9,338,16,8,92,60,-3,10280,-6,19,37,47,52
20160205 02:47,340,12,353,9,343,13,8,92,60,-3,10280,-6,19,37,47,52
20160205 02:48,341,10,350,9,340,11,8,92,60,-3,10280,-6,19,37,47,52
20160205 02:49,339,9,346,9,338,14,8,92,60,-3,10280,-6,19,37,47,52
20160205 02:50,337,10,344,10,337,14,8,92,60,-3,10280,-6,19,37,47,52
20160205 02:51,332,11,342,10,327,16,8,92,60,-3,10281,-6,19,37,47,52
20160205 02:52,322,12,338,10,317,15,8,92,60,-3,10281,-6,19,37,47,52
20160205 02:53,319,13,335,11,322,17,8,92,60,-3,10281,-6,19,37,47,52
20160205 02:54,323,14,333,12,325,18,8,92,60,-3,10280,-6,19,37,46,52
20160205 02:55,328,13,332,12,331,14,8,92,60,-3,10280,-6,19,37,47,52
20160205 02:56,332,12,331,12,333,15,8,92,60,-3,10280,-6,19,37,46,52
20160205 02:57,334,12,331,12,336,13,8,92,60,-3,10280,-6,19,37,46,52
20160205 02:58,334,12,330,12,332,14,8,92,60,-3,10280,-6,19,37,46,52
20160205 02:59,329,12,329,12,327,14,8,92,60,-3,10280,-6,19,37,46,52
20160205 03:00,324,12,327,12,321,15,9,91,59,-4,10280,-6,19,36,46,52
20160205 03:01,324,12,327,12,328,14,9,91,59,-4,10280,-6,19,36,46,52
20160205 03:02,322,12,327,12,317,15,9,91,59,-4,10279,-6,19,36,46,52
20160205 03:03,321,12,327,12,324,15,9,91,59,-4,10279,-6,19,36,46,52
20160205 03:04,324,11,327,12,324,15,10,91,60,-3,10279,-6,19,36,46,52
20160205 03:05,325,10,327,11,325,16,10,91,60,-3,10278,-6,19,36,46,52
20160205 03:06,323,10,325,11,321,14,10,90,59,-5,10278,-6,19,36,46,52
20160205 03:07,319,11,323,11,316,15,10,90,59,-5,10278,-6,19,36,46,52
20160205 03:08,320,10,323,11,323,15,10,90,59,-5,10279,-6,19,36,46,52
20160205 03:09,322,11,322,11,321,16,10,90,59,-5,10279,-6,19,36,46,52
20160205 03:10,324,11,323,11,326,16,10,90,59,-5,10279,-6,19,36,46,52
20160205 03:11,323,11,322,11,320,15,10,90,59,-5,10279,-6,19,36,46,52
20160205 03:12,321,11,322,11,323,14,10,90,59,-5,10278,-6,19,36,46,52
20160205 03:13,323,8,322,11,324,10,10,90,59,-5,10278,-6,19,36,46,52
20160205 03:14,321,8,322,10,318,11,10,90,59,-5,10278,-6,19,36,46,52
20160205 03:15,320,9,321,10,322,13,10,90,59,-5,10278,-6,19,36,46,52
20160205 03:16,322,10,322,10,322,13,10,89,58,-6,10279,-6,18,36,46,52
20160205 03:17,319,8,322,10,317,10,10,89,58,-6,10279,-6,18,36,46,52
20160205 03:18,313,8,320,10,310,11,10,89,58,-6,10279,-6,18,36,46,52
20160205 03:19,311,9,319,9,312,13,10,89,58,-6,10279,-6,18,36,46,52
20160205 03:20,317,8,319,9,321,7,11,89,59,-5,10278,-7,18,36,46,52
20160205 03:21,311,6,317,8,301,9,11,89,59,-5,10278,-7,18,36,46,52
20160205 03:22,297,7,314,8,294,8,11,89,59,-5,10278,-7,18,36,46,52
20160205 03:23,296,8,312,8,298,9,10,89,58,-6,10278,-7,18,36,46,52
20160205 03:24,293,8,309,8,288,10,10,89,58,-6,10278,-7,18,36,46,52
20160205 03:25,287,8,305,8,286,8,10,89,58,-6,10278,-7,18,36,46,52
20160205 03:26,282,8,301,8,278,9,10,89,58,-6,10278,-7,18,36,46,51
20160205 03:27,277,9,296,8,276,10,9,89,58,-7,10278,-7,18,36,46,51
20160205 03:28,276,9,293,8,276,11,9,89,58,-7,10278,-7,18,36,46,51
20160205 03:29,272,10,289,8,269,12,8,90,58,-7,10279,-7,18,36,46,51
20160205 03:30,268,12,283,9,267,15,8,90,58,-7,10279,-7,18,36,46,51
20160205 03:31,265,13,279,9,263,14,8,90,58,-7,10279,-7,18,36,46,51
20160205 03:32,262,13,276,10,261,16,8,90,58,-7,10279,-7,18,35,46,51
20160205 03:33,260,13,272,11,259,15,8,90,58,-7,10279,-7,18,35,46,51
20160205 03:34,258,13,269,11,257,15,7,91,58,-6,10279,-7,18,35,46,51
20160205 03:35,258,14,266,12,259,18,7,91,58,-6,10279,-7,18,35,45,51
20160205 03:36,261,17,265,13,263,19,7,91,58,-6,10279,-7,18,35,45,51
20160205 03:37,261,17,263,14,258,18,7,91,58,-6,10279,-7,18,35,45,51
20160205 03:38,258,16,261,14,257,18,7,91,58,-6,10278,-7,18,35,45,51
20160205 03:39,255,15,260,14,254,17,6,91,58,-7,10278,-7,18,35,45,51
20160205 03:40,255,14,259,15,256,17,6,91,58,-7,10278,-7,18,35,45,51
20160205 03:41,254,14,258,15,252,17,6,91,58,-7,10278,-7,18,35,45,51
20160205 03:42,253,15,257,15,255,17,6,91,58,-7,10278,-7,18,35,45,51
20160205 03:43,253,16,256,15,252,18,6,92,59,-5,10278,-7,18,35,45,51
20160205 03:44,252,16,256,16,252,18,5,92,58,-6,10278,-7,18,35,45,51
20160205 03:45,253,16,255,16,254,19,5,92,58,-6,10278,-7,18,35,45,51
20160205 03:46,256,16,255,15,257,19,5,92,58,-6,10278,-7,18,35,45,51
20160205 03:47,258,17,255,16,260,19,5,92,58,-6,10278,-7,18,35,45,51
20160205 03:48,261,16,255,16,262,19,5,92,58,-6,10278,-7,18,35,45,51
20160205 03:49,260,15,256,16,258,17,5,92,58,-6,10278,-7,18,35,45,51
20160205 03:50,259,15,256,16,259,18,5,92,58,-6,10278,-7,17,35,45,51
20160205 03:51,259,14,257,16,259,15,5,92,58,-6,10277,-7,17,35,45,51
20160205 03:52,260,12,258,15,262,15,5,92,58,-6,10277,-7,17,35,45,51
20160205 03:53,261,11,258,15,261,14,4,92,58,-7,10277,-7,17,35,45,51
20160205 03:54,262,12,260,14,264,14,4,92,58,-7,10278,-8,17,35,45,51
20160205 03:55,264,13,261,14,264,14,4,92,58,-7,10278,-8,17,35,45,51
20160205 03:56,266,13,262,14,269,16,4,92,58,-7,10278,-8,17,35,45,51
20160205 03:57,268,14,262,14,267,17,3,92,57,-8,10278,-8,17,35,45,51
20160205 03:58,268,16,263,14,268,20,3,92,57,-8,10277,-8,17,35,45,51
20160205 03:59,272,16,265,14,275,18,4,92,58,-7,10277,-8,17,35,45,51
20160205 04:00,276,16,267,14,277,19,3,93,58,-7,10277,-8,17,35,45,51
20160205 04:01,276,16,268,14,276,20,3,93,58,-7,10277,-8,17,35,45,51
20160205 04:02,276,17,270,15,276,19,3,93,58,-7,10277,-8,17,35,45,51
20160205 04:03,275,17,271,15,275,17,3,93,58,-7,10277,-8,17,35,45,51
20160205 04:04,274,15,272,15,274,16,3,93,58,-7,10276,-8,17,35,45,51
20160205 04:05,275,14,273,15,276,15,3,93,58,-7,10276,-8,17,35,45,51
20160205 04:06,274,14,274,15,272,15,3,93,58,-7,10276,-8,17,35,45,51
20160205 04:07,273,14,274,15,273,15,3,93,58,-7,10276,-8,17,35,45,51
20160205 04:08,271,13,274,15,270,15,3,93,58,-7,10276,-8,17,35,45,51
20160205 04:09,269,13,274,15,268,13,3,93,58,-7,10276,-8,17,34,45,51
20160205 04:10,267,12,273,14,265,14,3,93,58,-7,10276,-8,17,34,45,51
20160205 04:11,265,13,271,14,264,16,3,93,58,-7,10275,-8,17,34,45,51
20160205 04:12,265,13,270,14,266,16,3,93,58,-7,10276,-8,17,34,45,51
20160205 04:13,267,14,270,13,269,14,3,93,58,-7,10276,-8,17,34,45,51
20160205 04:14,268,14,269,13,267,16,2,93,58,-8,10276,-8,17,34,45,51
20160205 04:15,268,14,268,13,269,16,2,93,58,-8,10276,-8,17,34,45,51
20160205 04:16,267,14,268,13,266,15,2,93,58,-8,10276,-8,17,34,45,51
20160205 04:17,266,14,267,13,266,15,2,93,58,-8,10276,-8,17,34,45,51
20160205 04:18,267,14,267,14,269,16,2,93,58,-8,10276,-8,17,34,45,51
20160205 04:19,269,14,267,14,269,17,2,93,58,-8,10276,-8,17,34,44,51
20160205 04:20,271,15,268,14,273,17,2,93,58,-8,10276,-8,17,34,44,51
20160205 04:21,272,15,268,14,271,16,2,94,58,-6,10276,-8,17,34,44,51
20160205 04:22,270,14,269,14,268,14,2,94,58,-6,10276,-8,17,34,44,51
20160205 04:23,265,12,268,14,262,13,2,94,58,-6,10275,-8,17,34,44,51
20160205 04:24,259,10,267,13,255,12,2,94,58,-6,10274,-8,17,34,44,51
20160205 04:25,254,11,265,13,253,13,1,94,58,-7,10274,-8,17,34,44,51
20160205 04:26,254,11,264,13,256,12,1,94,58,-7,10274,-8,17,34,44,50
20160205 04:27,256,12,263,13,257,15,1,94,58,-7,10274,-8,17,34,44,50
20160205 04:28,257,12,262,12,257,14,1,94,58,-7,10274,-8,16,34,44,50
20160205 04:29,258,13,261,12,258,15,1,94,58,-7,10274,-8,17,34,44,50
20160205 04:30,257,13,259,12,256,14,1,94,58,-7,10274,-8,16,34,44,50
20160205 04:31,256,12,258,12,255,13,1,94,58,-7,10273,-8,16,34,44,50
20160205 04:32,257,11,257,12,258,12,1,94,58,-7,10273,-8,16,34,44,50
20160205 04:33,260,11,257,12,263,14,1,94,58,-7,10273,-8,16,34,44,50
20160205 04:34,264,13,258,12,265,16,1,94,58,-7,10273,-8,16,34,44,50
20160205 04:35,265,14,259,13,266,16,0,94,57,-8,10274,-8,16,34,44,50
20160205 04:36,264,15,260,13,263,18,0,94,57,-8,10274,-8,16,34,44,50
20160205 04:37,262,16,260,13,261,18,0,94,57,-8,10274,-8,16,34,44,50
20160205 04:38,262,15,261,14,263,16,0,94,57,-8,10273,-8,16,34,44,50
20160205 04:39,264,13,261,14,264,17,0,94,57,-8,10273,-8,16,34,44,50
20160205 04:40,265,13,262,14,266,16,0,94,57,-8,10272,-8,16,34,44,50
20160205 04:41,268,14,264,14,270,16,0,94,57,-8,10272,-8,16,34,44,50
20160205 04:42,268,14,265,14,267,16,0,94,57,-8,10272,-8,16,34,44,50
20160205 04:43,268,14,265,14,269,14,0,94,57,-8,10273,-8,16,34,44,50
20160205 04:44,268,13,266,14,268,16,0,94,57,-8,10273,-8,16,34,44,50
20160205 04:45,270,14,266,14,272,17,0,95,58,-7,10273,-8,16,34,44,50
20160205 04:46,274,15,268,14,276,17,0,95,58,-7,10274,-8,16,34,44,50
20160205 04:47,277,15,269,14,277,16,0,95,58,-7,10274,-7,16,33,44,50
20160205 04:48,279,14,271,14,281,15,0,95,58,-7,10273,-7,16,33,44,50
20160205 04:49,282,13,273,14,282,14,0,95,58,-7,10273,-7,16,34,44,50
20160205 04:50,281,13,274,14,281,13,0,95,58,-7,10273,-7,16,33,44,50
20160205 04:51,281,12,275,13,281,14,0,95,58,-7,10273,-7,16,33,44,50
20160205 04:52,279,11,276,13,277,12,0,95,58,-7,10273,-7,16,33,44,50
20160205 04:53,274,12,277,13,272,13,0,95,58,-7,10273,-7,16,33,44,50
20160205 04:54,270,12,277,13,267,13,0,95,58,-7,10273,-7,16,33,44,50
20160205 04:55,265,12,276,13,263,13,0,95,58,-7,10273,-7,16,33,44,50
20160205 04:56,262,12,274,12,261,14,0,95,58,-7,10273,-7,16,33,44,50
20160205 04:57,262,13,273,12,264,15,0,95,58,-7,10273,-7,16,33,44,50
20160205 04:58,264,13,271,12,264,15,0,95,58,-7,10273,-7,16,33,44,50
20160205 04:59,264,13,269,12,263,16,0,95,58,-7,10273,-7,16,33,44,50
20160205 05:00,261,13,267,12,258,15,0,95,58,-7,10273,-7,16,33,44,50
20160205 05:01,258,13,265,12,258,14,0,95,58,-7,10272,-7,16,33,44,50
20160205 05:02,261,12,263,13,265,14,0,95,58,-7,10272,-7,16,33,44,50
20160205 05:03,265,12,263,13,265,15,0,95,58,-7,10272,-7,16,33,44,50
20160205 05:04,264,11,262,12,262,12,0,95,58,-7,10272,-7,16,33,44,50
20160205 05:05,261,11,262,12,261,12,0,95,58,-7,10272,-8,16,33,44,50
20160205 05:06,264,10,263,12,267,11,0,95,58,-7,10271,-8,16,33,44,50
20160205 05:07,267,9,263,12,267,12,0,95,58,-7,10271,-7,16,33,43,50
20160205 05:08,267,10,263,11,267,12,0,95,58,-7,10271,-7,16,33,43,50
20160205 05:09,267,10,264,11,268,11,0,95,58,-7,10271,-7,16,33,43,50
20160205 05:10,268,10,265,11,269,12,0,95,58,-7,10271,-7,16,33,43,50
20160205 05:11,269,11,266,11,268,12,0,95,58,-7,10271,-7,16,33,43,50
20160205 05:12,267,11,266,10,266,14,0,95,58,-7,10271,-7,16,33,43,50
20160205 05:13,265,12,266,11,264,14,0,95,58,-7,10271,-7,15,33,43,50
20160205 05:14,264,14,266,11,264,16,0,95,58,-7,10271,-7,16,33,43,50
20160205 05:15,265,14,267,11,266,15,0,95,58,-7,10271,-7,15,33,43,50
20160205 05:16,265,14,266,12,265,16,0,95,58,-7,10271,-7,15,33,43,50
20160205 05:17,264,14,266,12,262,16,0,95,58,-7,10271,-7,15,33,43,50
20160205 05:18,261,13,265,12,259,14,0,95,58,-7,10270,-7,15,33,43,50
20160205 05:19,258,13,264,13,257,15,0,95,58,-7,10270,-7,15,33,43,50
20160205 05:20,257,14,263,13,258,16,0,95,58,-7,10270,-8,15,33,43,50
20160205 05:21,259,12,262,13,260,14,0,95,58,-7,10270,-8,15,33,43,50
20160205 05:22,264,12,262,13,268,15,-1,95,58,-8,10270,-8,15,33,43,50
20160205 05:23,271,13,263,13,273,15,-1,95,58,-8,10271,-8,15,33,43,50
20160205 05:24,275,13,264,13,277,15,-1,95,58,-8,10271,-8,15,33,43,50
20160205 05:25,276,14,265,13,276,16,-1,95,58,-8,10271,-8,15,33,43,50
20160205 05:26,274,14,266,13,272,16,-1,96,58,-7,10271,-8,15,33,43,50
20160205 05:27,268,14,266,13,264,15,-1,96,58,-7,10270,-8,15,33,43,50
20160205 05:28,260,13,266,13,256,15,-1,96,58,-7,10270,-8,15,33,43,49
20160205 05:29,253,12,266,13,251,15,0,96,59,-6,10269,-8,15,33,43,50
20160205 05:30,249,10,264,13,247,11,0,96,59,-6,10269,-8,15,32,43,50
20160205 05:31,245,11,263,13,242,14,0,96,59,-6,10269,-8,15,32,43,49
20160205 05:32,245,14,261,13,247,17,-1,96,58,-7,10269,-8,15,32,43,49
20160205 05:33,251,13,259,13,256,15,-1,96,58,-7,10269,-8,15,32,43,49
20160205 05:34,259,11,257,13,263,12,-1,96,58,-7,10269,-8,15,32,43,49
20160205 05:35,266,10,257,12,270,12,-1,96,58,-7,10269,-9,15,32,43,49
20160205 05:36,269,9,256,12,268,10,-1,96,58,-7,10269,-8,15,32,43,49
20160205 05:37,263,9,256,11,257,12,-1,96,58,-7,10269,-9,15,32,43,49
20160205 05:38,257,9,256,11,256,11,-1,96,58,-7,10269,-9,15,32,43,49
20160205 05:39,255,9,256,11,253,12,-1,96,58,-7,10269,-9,15,32,43,49
20160205 05:40,253,11,256,11,253,14,-1,96,58,-7,10269,-9,15,32,43,49
20160205 05:41,254,10,258,11,256,11,-1,96,58,-7,10268,-9,15,32,43,49
20160205 05:42,256,10,259,10,257,11,-1,96,58,-7,10268,-9,15,32,43,49
20160205 05:43,258,10,259,10,260,13,-2,96,58,-8,10268,-9,15,32,43,49
20160205 05:44,261,11,259,10,262,12,-2,96,58,-8,10268,-9,15,32,43,49
20160205 05:45,261,10,258,10,261,13,-2,96,58,-8,10268,-9,15,32,43,49
20160205 05:46,258,10,257,10,256,12,-2,96,58,-8,10268,-9,15,32,43,49
20160205 05:47,256,10,257,10,256,11,-2,96,58,-8,10268,-9,15,32,43,49
20160205 05:48,256,9,257,10,256,11,-2,96,58,-8,10268,-9,15,32,43,49
20160205 05:49,257,8,258,10,259,10,-2,96,58,-8,10268,-9,15,32,43,49
20160205 05:50,259,8,258,10,259,10,-2,96,58,-8,10268,-9,15,32,43,49
20160205 05:51,258,8,258,9,257,11,-3,96,57,-9,10268,-9,15,32,43,49
20160205 05:52,256,8,258,9,254,9,-3,96,57,-9,10268,-9,15,32,43,49
20160205 05:53,256,8,258,9,259,10,-3,96,57,-9,10268,-9,15,32,43,49
20160205 05:54,259,8,258,9,258,10,-3,96,57,-9,10268,-10,15,32,42,49
20160205 05:55,257,8,257,9,255,10,-3,96,57,-9,10267,-10,15,32,42,49
20160205 05:56,253,9,256,9,251,11,-3,96,57,-9,10267,-10,15,32,42,49
20160205 05:57,250,9,256,9,248,10,-3,96,57,-9,10267,-10,15,32,42,49
20160205 05:58,246,8,255,8,245,10,-3,96,57,-9,10267,-10,15,32,42,49
20160205 05:59,243,8,253,8,241,9,-3,96,57,-9,10267,-10,15,32,42,49
20160205 06:00,242,8,251,9,242,10,-3,96,57,-9,10267,-10,15,32,42,49
20160205 06:01,244,10,250,9,246,13,-3,96,57,-9,10267,-10,15,32,42,49
20160205 06:02,247,11,249,9,248,14,-3,96,57,-9,10268,-10,15,32,42,49
20160205 06:03,251,12,249,9,253,13,-4,96,57,-10,10268,-10,15,32,42,49
20160205 06:04,254,12,248,10,256,14,-4,96,57,-10,10268,-11,15,32,42,49
20160205 06:05,258,12,249,10,261,13,-4,96,57,-10,10268,-11,15,32,42,49
20160205 06:06,263,11,251,11,266,13,-4,96,57,-10,10269,-11,15,32,42,49
20160205 06:07,266,11,252,11,267,14,-4,96,57,-10,10269,-11,15,32,42,49
20160205 06:08,267,12,255,11,267,14,-4,96,57,-10,10269,-11,15,32,42,49
20160205 06:09,267,13,257,12,268,16,-5,96,57,-11,10269,-11,15,32,42,49
20160205 06:10,267,14,260,12,267,16,-5,96,57,-11,10269,-11,15,32,42,49
20160205 06:11,267,14,262,13,267,16,-5,96,57,-11,10270,-11,14,32,42,49
20160205 06:12,267,14,264,13,267,17,-5,96,57,-11,10270,-11,14,32,42,49
20160205 06:13,268,15,265,13,268,18,-5,96,57,-11,10270,-12,14,32,42,49
20160205 06:14,270,15,267,13,272,17,-5,96,57,-11,10270,-12,14,32,42,49
20160205 06:15,274,15,268,14,276,17,-4,96,57,-10,10270,-12,14,32,42,49
20160205 06:16,278,15,270,14,280,18,-4,96,57,-10,10270,-12,14,32,42,49
20160205 06:17,280,15,271,14,281,18,-5,96,57,-11,10270,-12,14,31,42,49
20160205 06:18,280,16,273,15,280,21,-5,96,57,-11,10271,-12,14,32,42,49
20160205 06:19,281,17,274,15,281,19,-5,96,57,-11,10271,-12,14,31,42,49
20160205 06:20,282,17,276,15,283,18,-5,96,57,-11,10271,-12,14,31,42,49
20160205 06:21,284,16,277,16,286,19,-5,96,57,-11,10272,-12,14,31,42,49
20160205 06:22,286,16,279,16,286,19,-5,96,57,-11,10272,-12,14,31,42,49
20160205 06:23,285,17,281,16,284,21,-5,96,57,-11,10272,-12,14,31,42,49
20160205 06:24,284,17,282,16,285,21,-5,96,57,-11,10272,-12,14,31,42,49
20160205 06:25,285,16,283,16,285,19,-5,96,57,-11,10272,-12,14,31,42,49
20160205 06:26,285,18,284,17,285,23,-5,96,57,-11,10272,-13,14,31,42,49
20160205 06:27,287,20,284,17,290,26,-5,96,57,-11,10272,-13,14,31,42,49
20160205 06:28,288,19,285,17,286,21,-5,96,57,-11,10273,-13,14,31,42,49
20160205 06:29,288,18,286,18,291,22,-5,96,57,-11,10273,-13,14,31,42,49
20160205 06:30,291,18,287,18,291,21,-5,96,57,-11,10273,-13,14,31,42,49
20160205 06:31,292,17,287,18,292,19,-5,96,57,-11,10273,-13,14,31,42,49
20160205 06:32,290,16,288,18,288,18,-5,96,57,-11,10274,-13,14,31,42,49
20160205 06:33,291,15,289,18,294,17,-5,96,57,-11,10274,-13,14,31,42,49
20160205 06:34,295,14,290,17,297,19,-5,96,57,-11,10274,-13,14,31,42,49
20160205 06:35,296,15,291,17,295,19,-5,96,57,-11,10274,-13,14,31,42,49
20160205 06:36,295,16,292,17,294,18,-5,96,57,-11,10275,-13,14,31,42,49
20160205 06:37,295,17,292,17,296,21,-5,96,57,-11,10275,-13,14,31,42,49
20160205 06:38,295,19,293,17,293,20,-5,96,57,-11,10276,-13,14,31,42,48
20160205 06:39,292,18,293,17,290,21,-5,96,57,-11,10276,-13,14,31,42,48
20160205 06:40,290,19,293,17,289,22,-5,97,57,-9,10276,-13,14,31,42,48
20160205 06:41,287,18,292,17,286,20,-5,97,57,-9,10276,-13,14,31,42,48
20160205 06:42,285,16,292,17,285,22,-5,97,57,-9,10277,-13,14,31,42,48
20160205 06:43,286,15,291,17,286,19,-5,97,57,-9,10277,-13,14,31,42,48
20160205 06:44,287,15,290,17,287,19,-5,97,57,-9,10277,-13,14,31,42,48
20160205 06:45,288,15,290,17,290,17,-5,97,57,-9,10278,-13,14,31,42,48
20160205 06:46,287,14,289,17,284,19,-5,97,57,-9,10278,-13,14,31,42,48
20160205 06:47,283,15,287,16,283,20,-5,97,57,-9,10278,-13,14,31,42,48
20160205 06:48,283,15,286,16,283,16,-6,97,57,-10,10279,-13,14,31,42,48
20160205 06:49,282,15,285,16,282,18,-6,97,57,-10,10279,-13,14,31,41,48
20160205 06:50,282,16,285,15,282,20,-5,97,57,-9,10279,-13,14,31,41,48
20160205 06:51,282,15,284,15,282,17,-6,97,57,-10,10279,-13,14,31,41,48
20160205 06:52,283,15,284,15,284,22,-6,97,57,-10,10279,-13,14,31,41,48
20160205 06:53,286,15,284,15,287,17,-6,97,57,-10,10279,-13,14,31,42,48
20160205 06:54,283,15,284,15,280,20,-6,97,57,-10,10279,-13,13,31,41,48
20160205 06:55,283,16,283,15,287,19,-6,97,57,-10,10280,-13,13,31,41,48
20160205 06:56,285,16,283,15,284,20,-6,97,57,-10,10280,-13,13,31,41,48
20160205 06:57,285,16,284,15,286,19,-6,97,57,-10,10280,-13,13,31,41,48
20160205 06:58,284,17,284,16,282,23,-6,97,57,-10,10280,-13,13,31,41,48
20160205 06:59,281,16,283,16,281,19,-6,97,57,-10,10280,-13,13,31,41,48
20160205 07:00,279,15,283,16,277,20,-6,97,57,-10,10280,-13,13,31,41,48
20160205 07:01,278,14,283,16,278,18,-6,97,57,-10,10280,-14,13,31,41,48
20160205 07:02,279,12,282,15,279,15,-6,97,57,-10,10279,-14,13,31,41,48
20160205 07:03,274,13,280,15,270,19,-5,97,57,-9,10279,-14,13,31,41,48
20160205 07:04,270,14,279,15,270,18,-5,97,57,-9,10279,-14,13,31,41,48
20160205 07:05,269,13,277,15,267,16,-5,97,57,-9,10279,-14,13,31,41,48
20160205 07:06,266,13,276,14,266,17,-5,97,57,-9,10279,-14,13,31,41,48
20160205 07:07,265,14,274,14,265,17,-5,97,57,-9,10279,-14,13,30,41,48
20160205 07:08,266,14,272,14,268,17,-5,97,57,-9,10280,-14,13,31,41,48
20160205 07:09,270,14,271,14,271,17,-5,97,57,-9,10280,-14,13,30,41,48
20160205 07:10,274,16,271,14,277,18,-5,97,57,-9,10280,-14,13,30,41,48
20160205 07:11,276,16,271,14,276,18,-5,97,57,-9,10281,-14,13,30,41,48
20160205 07:12,275,15,270,15,274,19,-5,97,57,-9,10281,-14,13,30,41,48
20160205 07:13,273,17,271,15,272,20,-5,97,57,-9,10281,-14,13,30,41,48
20160205 07:14,271,17,271,15,271,18,-5,97,57,-9,10281,-14,13,30,41,48
20160205 07:15,272,17,271,16,272,24,-5,97,57,-9,10282,-14,13,30,41,48
20160205 07:16,277,17,273,16,281,20,-5,97,57,-9,10283,-14,13,30,41,48
20160205 07:17,283,17,275,16,284,24,-5,97,57,-9,10283,-14,13,30,41,48
20160205 07:18,286,17,277,16,288,19,-5,97,57,-9,10284,-14,13,30,41,48
20160205 07:19,287,16,278,16,287,21,-5,97,57,-9,10285,-14,13,30,41,48
20160205 07:20,285,17,279,17,283,21,-5,97,57,-9,10285,-14,13,30,41,48
20160205 07:21,282,16,279,17,281,22,-5,97,57,-9,10285,-13,13,30,41,48
20160205 07:22,281,16,280,17,281,21,-5,97,57,-9,10285,-13,13,30,41,48
20160205 07:23,282,17,281,17,283,22,-5,97,57,-9,10285,-13,13,30,41,48
20160205 07:24,284,16,283,16,286,17,-5,97,57,-9,10286,-13,13,30,41,48
20160205 07:25,284,15,284,16,283,21,-5,97,57,-9,10286,-12,13,30,41,48
20160205 07:26,282,17,284,16,281,25,-5,97,57,-9,10286,-12,13,30,41,48
20160205 07:27,279,16,283,16,278,20,-4,97,58,-8,10285,-12,13,30,41,48
20160205 07:28,277,15,282,16,275,21,-4,97,58,-8,10285,-12,13,30,41,48
20160205 07:29,274,16,280,16,273,22,-4,97,58,-8,10285,-11,13,30,41,48
20160205 07:30,276,15,280,16,278,17,-4,97,58,-8,10285,-11,13,30,41,48
20160205 07:31,275,14,279,16,273,18,-4,97,58,-8,10284,-11,13,30,41,48
20160205 07:32,273,13,278,15,273,16,-4,97,58,-8,10284,-11,13,30,41,48
20160205 07:33,271,12,277,15,270,16,-4,97,58,-8,10284,-10,13,30,41,48
20160205 07:34,271,13,276,15,272,17,-4,97,58,-8,10283,-10,13,30,41,48
20160205 07:35,272,14,274,15,272,19,-3,97,58,-7,10283,-10,13,30,41,48
20160205 07:36,274,15,274,14,275,18,-3,97,58,-7,10283,-9,13,30,41,48
20160205 07:37,278,15,274,14,281,19,-3,97,58,-7,10284,-9,12,30,41,48
20160205 07:38,282,14,275,14,283,16,-3,97,58,-7,10284,-8,12,30,41,48
20160205 07:39,283,13,276,14,284,15,-3,97,58,-7,10284,-8,12,30,41,48
20160205 07:40,283,13,276,14,281,18,-3,97,58,-7,10284,-8,12,30,41,48
20160205 07:41,283,13,278,14,284,18,-2,97,58,-6,10284,-7,12,30,41,48
20160205 07:42,285,13,279,14,286,16,-2,97,58,-6,10284,-7,12,30,41,48
20160205 07:43,282,12,280,14,278,16,-2,97,58,-6,10284,-6,12,30,41,48
20160205 07:44,276,12,280,14,274,16,-2,97,58,-6,10284,-6,12,30,41,48
20160205 07:45,275,14,280,14,275,21,-1,97,59,-5,10284,-5,12,30,41,48
20160205 07:46,277,14,281,13,280,17,-1,97,59,-5,10283,-5,12,30,41,48
20160205 07:47,281,12,281,13,282,17,0,97,59,-4,10284,-5,12,30,40,48
20160205 07:48,282,12,281,13,282,17,0,97,59,-4,10284,-4,12,30,40,48
20160205 07:49,283,12,281,13,284,16,0,97,59,-4,10284,-4,12,30,40,47
20160205 07:50,283,11,281,12,283,13,0,97,59,-4,10284,-4,12,30,40,47
20160205 07:51,284,13,281,13,285,17,0,97,59,-4,10284,-3,12,30,40,47
20160205 07:52,284,13,281,12,283,16,1,97,60,-3,10284,-3,12,30,40,47
20160205 07:53,286,14,282,13,289,20,1,97,60,-3,10284,-3,12,30,40,47
20160205 07:54,288,15,283,13,288,19,1,97,60,-3,10284,-2,12,30,40,47
20160205 07:55,288,15,284,13,288,20,1,97,60,-3,10285,-2,12,30,40,47
20160205 07:56,289,14,285,13,289,19,2,97,60,-2,10285,-2,12,30,40,47
20160205 07:57,290,14,286,14,291,18,2,97,60,-2,10285,-2,12,30,40,47
20160205 07:58,290,14,287,14,290,18,2,96,59,-4,10285,-1,12,30,40,47
20160205 07:59,289,14,288,14,289,20,3,96,60,-3,10286,-1,12,29,40,47
20160205 08:00,291,14,289,14,293,17,3,96,60,-3,10286,-1,12,29,40,47
20160205 08:01,290,14,289,14,286,19,3,96,60,-3,10286,-1,12,29,40,47
20160205 08:02,286,14,289,14,286,19,3,96,60,-3,10285,0,12,29,40,47
20160205 08:03,287,13,289,14,288,16,4,96,60,-2,10285,0,12,29,40,47
20160205 08:04,287,13,289,14,287,15,4,96,60,-2,10285,0,12,29,40,47
20160205 08:05,286,13,288,14,286,19,4,96,60,-2,10286,0,12,29,40,47
20160205 08:06,285,15,288,14,284,21,5,96,61,-1,10286,0,12,29,40,47
20160205 08:07,282,15,287,14,280,21,5,96,61,-1,10286,0,12,29,40,47
20160205 08:08,277,13,285,14,274,16,6,96,61,0,10286,0,12,29,40,47
20160205 08:09,280,14,285,14,286,23,6,96,61,0,10286,0,12,29,40,47
20160205 08:10,289,15,285,14,292,20,6,96,61,0,10286,0,12,29,40,47
20160205 08:11,290,15,285,14,289,20,7,96,62,1,10287,0,12,29,40,47
20160205 08:12,287,18,285,15,284,23,7,96,62,1,10287,0,12,29,40,47
20160205 08:13,284,16,285,15,284,18,7,96,62,1,10287,0,12,29,40,47
20160205 08:14,282,13,284,15,280,22,7,96,62,1,10286,0,12,29,40,47
20160205 08:15,277,12,283,15,274,17,8,95,61,1,10286,0,12,29,40,47
20160205 08:16,283,11,284,14,292,15,8,95,61,1,10286,0,12,29,40,47
20160205 08:17,289,10,284,14,286,17,8,95,61,1,10286,0,12,29,40,47
20160205 08:18,286,12,285,14,287,17,9,95,62,2,10286,1,12,29,40,47
20160205 08:19,284,12,285,13,280,14,9,95,62,2,10286,1,12,29,40,47
20160205 08:20,281,10,284,13,282,14,9,95,62,2,10286,1,12,29,40,47
20160205 08:21,286,10,284,12,290,15,10,95,62,3,10285,1,12,29,40,47
20160205 08:22,280,10,283,11,270,16,10,95,62,3,10285,1,12,29,40,47
20160205 08:23,268,12,281,11,266,15,10,94,62,1,10285,2,12,29,40,47
20160205 08:24,272,14,280,11,277,16,11,94,62,2,10285,2,12,29,40,47
20160205 08:25,286,11,283,11,295,14,12,94,63,3,10285,3,12,29,40,47
20160205 08:26,286,11,281,11,277,16,12,94,63,3,10285,4,12,29,40,47
20160205 08:27,278,13,280,12,278,17,13,94,63,4,10285,4,12,29,40,47
20160205 08:28,280,12,280,11,283,14,13,94,63,4,10285,4,12,29,40,47
20160205 08:29,279,12,279,12,276,16,13,93,62,3,10285,5,12,29,40,47
20160205 08:30,280,14,280,12,284,16,14,93,63,4,10286,5,12,29,40,47
20160205 08:31,285,14,279,12,286,19,15,93,63,5,10286,6,12,29,40,47
20160205 08:32,289,14,282,13,293,21,15,92,63,3,10286,6,12,29,40,47
20160205 08:33,295,15,285,13,298,20,15,92,63,3,10286,7,12,29,40,47
20160205 08:34,293,18,286,14,287,24,16,92,63,4,10286,8,12,29,40,47
20160205 08:35,286,19,285,15,285,25,16,92,63,4,10286,8,13,29,40,47
20160205 08:36,286,21,286,16,287,26,17,91,63,4,10286,8,12,29,40,47
20160205 08:37,279,19,285,16,271,18,17,90,62,2,10286,9,13,29,40,47
20160205 08:38,278,15,285,16,285,18,18,90,63,3,10286,9,12,29,40,47
20160205 08:39,288,16,287,17,291,21,18,90,63,3,10286,10,12,29,40,47
20160205 08:40,291,18,287,17,290,21,19,90,63,4,10286,11,12,29,40,47
20160205 08:41,286,17,287,17,282,20,19,89,62,3,10286,11,13,29,40,47
20160205 08:42,285,17,286,18,288,22,19,89,62,3,10286,12,12,29,40,47
20160205 08:43,288,17,285,18,287,23,20,89,63,4,10286,13,13,29,40,47
20160205 08:44,285,16,285,17,283,23,20,88,62,2,10287,14,13,29,40,47
20160205 08:45,290,17,286,17,297,25,21,89,63,5,10287,14,13,29,40,47
20160205 08:46,300,18,288,17,304,25,21,88,63,3,10287,15,13,29,40,47
20160205 08:47,292,15,289,17,281,19,21,88,63,3,10287,16,13,29,39,47
20160205 08:48,283,13,289,16,286,16,22,87,62,3,10286,17,13,29,39,47
20160205 08:49,296,19,290,17,305,40,22,88,63,4,10287,19,13,29,39,47
20160205 08:50,308,27,292,18,311,36,23,86,62,2,10287,20,13,29,39,47
20160205 08:51,307,21,294,18,301,21,23,85,61,0,10287,21,13,29,39,47
20160205 08:52,299,17,295,18,296,32,24,84,61,0,10287,22,13,29,39,47
20160205 08:53,298,20,296,19,300,28,24,84,61,0,10286,23,13,29,39,47
20160205 08:54,301,19,298,19,303,29,25,83,61,-1,10286,24,13,29,39,47
20160205 08:55,301,20,299,19,299,31,25,82,60,-3,10286,25,13,29,39,47
20160205 08:56,302,22,299,20,304,30,26,82,60,-2,10286,26,13,29,39,47
20160205 08:57,309,25,302,21,314,34,26,80,59,-5,10286,27,13,29,39,47
20160205 08:58,317,24,305,22,320,29,27,79,59,-6,10286,28,13,29,39,47
20160205 08:59,311,18,305,21,301,20,27,78,58,-7,10286,30,13,29,39,47
20160205 09:00,300,17,304,20,298,26,28,78,58,-6,10286,31,13,29,39,47
20160205 09:01,308,22,305,21,318,31,28,78,58,-6,10286,32,13,29,39,47
20160205 09:02,312,24,306,21,307,32,29,77,58,-7,10286,34,13,29,39,46
20160205 09:03,307,24,307,22,307,32,29,76,57,-9,10286,36,13,28,39,46
20160205 09:04,299,19,306,21,291,19,29,76,57,-9,10286,38,13,29,39,47
20160205 09:05,288,18,305,21,285,28,30,76,58,-8,10287,40,13,29,39,46
20160205 09:06,295,20,305,21,307,27,31,75,57,-9,10286,42,13,28,39,46
20160205 09:07,303,21,303,21,300,27,31,74,56,-11,10286,44,13,28,39,46
20160205 09:08,300,25,301,21,299,34,31,73,56,-13,10286,46,13,28,39,46
20160205 09:09,308,24,303,22,317,28,32,72,55,-14,10286,48,14,28,39,46
20160205 09:10,305,20,302,22,292,22,32,73,56,-12,10286,50,14,28,39,46
20160205 09:11,304,18,302,21,315,28,32,73,56,-12,10286,52,14,29,39,46
20160205 09:12,305,21,301,21,296,28,33,72,56,-13,10286,54,14,28,39,46
20160205 09:13,307,24,302,21,319,32,33,71,55,-14,10286,55,14,28,39,46
20160205 09:14,307,26,303,23,296,36,33,71,55,-14,10286,57,15,28,39,46
20160205 09:15,293,26,303,23,291,33,34,70,55,-15,10286,58,15,28,39,46
20160205 09:16,292,22,302,23,292,30,34,68,53,-19,10286,58,15,28,39,46
20160205 09:17,297,21,302,23,303,30,34,69,54,-17,10286,57,16,28,39,46
20160205 09:18,301,23,302,22,299,32,35,70,55,-14,10286,56,16,28,39,46
20160205 09:19,304,25,301,23,310,31,35,69,54,-16,10286,57,16,28,39,46
20160205 09:20,307,27,303,24,305,37,35,69,54,-16,10286,59,17,28,39,46
20160205 09:21,303,31,301,25,300,41,35,68,53,-18,10286,61,17,28,39,46
20160205 09:22,306,30,303,26,311,35,36,69,55,-15,10286,63,18,28,39,46
20160205 09:23,306,29,301,26,300,37,36,67,53,-19,10287,64,18,28,39,46
20160205 09:24,302,27,302,26,304,30,36,67,53,-19,10287,66,18,28,39,46
20160205 09:25,306,23,303,26,308,31,37,68,54,-17,10287,69,19,28,39,46
20160205 09:26,305,24,304,26,303,39,38,69,55,-14,10287,70,19,28,39,46
20160205 09:27,307,31,305,28,310,47,38,67,54,-18,10287,71,20,28,39,46
20160205 09:28,309,34,306,28,307,41,38,66,53,-20,10287,71,20,28,39,46
20160205 09:29,308,28,306,28,309,39,38,65,52,-22,10287,73,21,28,39,46
20160205 09:30,300,29,304,29,290,38,38,66,53,-20,10287,75,21,28,39,46
20160205 09:31,292,30,304,28,293,35,39,65,52,-21,10286,76,22,28,39,46
20160205 09:32,299,28,303,28,305,36,39,65,52,-21,10287,78,22,28,39,46
20160205 09:33,303,29,303,28,301,40,40,65,53,-20,10286,80,23,28,39,46
20160205 09:34,299,30,302,29,297,45,40,64,52,-22,10286,81,23,28,39,46
20160205 09:35,304,33,303,30,312,46,40,64,52,-22,10286,82,24,29,39,46
20160205 09:36,310,34,303,31,308,43,40,64,52,-22,10286,84,24,29,39,46
20160205 09:37,309,31,303,30,309,37,40,64,52,-22,10286,84,25,29,39,46
20160205 09:38,305,32,303,31,301,40,41,64,52,-21,10286,85,25,29,39,46
20160205 09:39,299,31,301,31,298,38,41,64,52,-21,10286,86,26,29,39,46
20160205 09:40,309,23,304,29,319,26,41,64,52,-21,10286,88,26,29,39,46
20160205 09:41,314,24,306,30,309,37,42,65,54,-18,10286,90,27,29,39,46
20160205 09:42,307,29,306,30,305,36,42,64,53,-20,10286,91,27,29,39,46
20160205 09:43,309,32,307,30,312,43,43,64,53,-19,10286,91,28,29,39,46
20160205 09:44,309,32,308,30,305,36,43,63,52,-21,10286,92,28,29,39,46
20160205 09:45,312,31,308,30,318,40,43,63,52,-21,10286,92,29,29,39,46
20160205 09:46,307,26,307,28,295,27,43,63,52,-21,10285,93,29,29,39,46
20160205 09:47,298,19,306,28,300,28,44,64,54,-18,10285,95,30,29,39,46
20160205 09:48,299,23,306,27,298,36,45,64,54,-17,10285,97,31,29,39,46
20160205 09:49,303,33,307,28,308,49,45,63,53,-19,10285,98,31,29,39,46
20160205 09:50,304,39,305,30,301,45,45,62,52,-21,10285,98,31,29,39,46
20160205 09:51,299,35,304,30,298,41,46,62,53,-20,10285,98,32,29,39,46
20160205 09:52,300,32,304,30,303,43,46,62,53,-20,10285,99,33,29,39,46
20160205 09:53,308,29,304,30,312,35,46,62,53,-20,10285,100,33,29,39,46
20160205 09:54,309,27,304,29,306,30,46,61,52,-23,10285,101,34,30,39,46
20160205 09:55,305,26,302,29,304,35,47,62,53,-20,10285,102,34,30,39,46
20160205 09:56,309,27,304,30,313,38,48,62,53,-19,10285,103,35,30,39,46
20160205 09:57,312,28,305,30,310,35,48,62,53,-19,10285,105,35,30,39,46
20160205 09:58,306,34,306,32,301,47,49,62,54,-18,10285,107,36,30,39,46
20160205 09:59,313,34,307,31,324,40,49,60,52,-22,10285,107,36,30,39,46
20160205 10:00,314,29,307,30,304,42,50,60,52,-21,10285,107,37,30,39,46
20160205 10:01,308,33,309,30,311,49,50,60,52,-21,10284,107,37,30,39,46
20160205 10:02,308,37,309,31,305,46,50,60,52,-21,10284,108,38,30,39,46
20160205 10:03,309,33,309,31,314,42,50,59,51,-23,10284,108,38,30,39,46
20160205 10:04,322,33,312,32,331,45,51,59,52,-22,10284,110,39,30,39,46
20160205 10:05,315,32,311,32,299,39,51,59,52,-22,10284,110,39,31,39,46
20160205 10:06,306,24,311,31,314,37,52,60,53,-19,10284,111,40,31,39,46
20160205 10:07,314,30,312,32,314,58,52,60,53,-19,10284,112,40,31,39,46
20160205 10:08,311,35,312,32,308,47,53,58,52,-23,10284,109,41,31,39,46
20160205 10:09,320,30,313,32,331,43,54,57,51,-24,10284,110,41,31,39,46
20160205 10:10,333,31,316,32,334,44,54,56,50,-27,10284,112,42,31,39,46
20160205 10:11,343,32,320,31,350,39,55,55,50,-28,10284,113,42,31,39,46
20160205 10:12,333,29,321,30,315,36,55,54,49,-31,10284,115,43,31,39,46
20160205 10:13,318,30,322,31,321,46,56,56,51,-25,10285,117,43,31,39,46
20160205 10:14,325,32,321,30,329,43,56,55,50,-27,10284,118,44,32,39,46
20160205 10:15,324,25,324,29,320,31,57,54,49,-29,10285,118,44,32,39,46
20160205 10:16,324,26,325,30,328,40,57,55,50,-26,10285,120,45,32,39,46
20160205 10:17,320,34,325,30,311,55,57,54,49,-29,10285,120,45,32,39,46
20160205 10:18,312,32,325,30,313,41,58,53,49,-30,10285,120,46,32,39,46
20160205 10:19,311,28,323,30,310,33,58,54,50,-28,10285,120,46,32,39,46
20160205 10:20,310,30,321,30,311,45,58,54,50,-28,10285,120,47,32,39,46
20160205 10:21,311,27,317,29,310,31,58,52,48,-33,10285,120,47,32,39,46
20160205 10:22,318,32,318,30,326,51,59,53,49,-29,10285,119,48,33,39,46
20160205 10:23,327,37,319,30,329,46,59,53,49,-29,10285,119,48,33,39,46
20160205 10:24,325,35,318,31,322,53,59,52,48,-32,10285,121,49,33,39,46
20160205 10:25,324,41,319,34,326,54,60,53,50,-28,10285,121,49,33,39,46
20160205 10:26,327,44,318,35,327,57,60,53,50,-28,10285,121,49,33,39,46
20160205 10:27,328,40,320,35,329,47,60,52,49,-31,10285,122,50,33,39,46
20160205 10:28,332,40,323,36,335,52,60,53,50,-28,10285,123,50,33,39,46
20160205 10:29,337,35,325,36,339,33,60,52,49,-31,10285,124,51,34,39,45
20160205 10:30,333,29,327,36,327,45,60,52,49,-31,10285,126,51,34,39,45
20160205 10:31,326,39,328,38,325,58,60,52,49,-31,10285,126,52,34,39,45
20160205 10:32,322,40,328,38,319,49,61,52,49,-30,10285,124,52,34,39,45
20160205 10:33,321,35,327,38,323,46,61,52,49,-30,10284,125,52,34,39,45
20160205 10:34,330,35,329,38,336,56,62,51,48,-32,10284,125,53,34,39,45
20160205 10:35,331,30,328,36,325,46,62,51,48,-32,10284,126,53,34,39,45
20160205 10:36,323,29,328,35,321,55,62,50,47,-34,10284,127,54,35,39,45
20160205 10:37,323,33,327,34,325,48,62,50,47,-34,10284,128,54,35,39,45
20160205 10:38,331,35,328,34,337,52,63,51,49,-31,10284,130,54,35,39,45
20160205 10:39,332,43,326,36,327,56,64,50,48,-33,10284,129,55,35,39,45
20160205 10:40,325,42,326,37,323,53,63,49,47,-36,10283,129,55,35,39,45
20160205 10:41,323,37,326,36,324,49,63,50,48,-34,10283,128,56,35,39,45
20160205 10:42,324,40,326,36,324,55,64,50,48,-33,10283,128,56,35,39,45
20160205 10:43,325,41,327,37,326,49,64,49,47,-35,10283,128,56,36,39,45
20160205 10:44,325,39,326,37,324,49,64,49,47,-35,10283,128,57,36,39,45
20160205 10:45,321,42,325,39,318,57,64,49,47,-35,10283,128,57,36,39,45
20160205 10:46,324,42,326,40,330,47,64,50,48,-33,10283,129,58,36,39,45
20160205 10:47,332,35,327,40,334,40,64,50,48,-33,10282,131,58,36,40,45
20160205 10:48,334,33,326,39,333,46,65,50,48,-32,10282,133,58,36,40,45
20160205 10:49,338,34,328,38,342,48,64,48,46,-38,10281,134,59,37,40,45
20160205 10:50,343,33,330,37,343,46,64,48,46,-38,10281,135,59,37,40,45
20160205 10:51,336,30,330,36,329,43,65,50,48,-32,10281,136,59,37,40,45
20160205 10:52,324,28,330,35,319,32,66,49,48,-33,10281,136,60,37,40,45
20160205 10:53,324,35,330,35,329,57,67,50,49,-30,10281,137,60,37,40,45
20160205 10:54,329,43,331,36,329,50,67,48,47,-35,10281,136,60,37,40,45
20160205 10:55,326,41,331,35,323,58,67,48,47,-35,10281,136,61,38,40,45
20160205 10:56,320,41,330,35,316,52,67,48,47,-35,10281,136,61,38,40,45
20160205 10:57,320,45,329,37,324,64,67,48,47,-35,10281,137,61,38,40,45
20160205 10:58,325,47,328,38,326,55,67,48,47,-35,10281,137,62,38,40,45
20160205 10:59,322,42,326,39,319,54,67,48,47,-35,10281,138,62,38,40,45
20160205 11:00,324,41,324,40,329,56,68,48,47,-34,10281,138,62,38,40,45
20160205 11:01,335,39,325,40,341,48,68,48,47,-34,10281,139,63,39,40,45
20160205 11:02,336,38,327,42,331,48,69,48,48,-33,10280,138,63,39,40,45
20160205 11:03,334,35,327,40,337,47,68,47,46,-37,10280,139,64,39,40,45
20160205 11:04,330,34,327,40,322,52,69,47,47,-36,10280,140,64,39,40,45
20160205 11:05,325,33,327,39,328,35,69,47,47,-36,10280,141,64,39,40,45
20160205 11:06,319,30,327,38,310,47,70,48,48,-33,10280,144,65,39,40,45
20160205 11:07,312,31,326,36,314,42,70,47,47,-35,10280,146,65,39,40,46
20160205 11:08,320,33,326,35,325,44,70,46,46,-38,10280,147,65,40,40,45
20160205 11:09,335,28,328,33,346,39,70,46,46,-38,10280,149,66,40,41,46
20160205 11:10,342,24,329,32,338,43,72,47,48,-34,10280,150,66,40,41,45
20160205 11:11,332,32,328,32,327,48,73,47,48,-33,10280,150,66,40,41,45
20160205 11:12,330,31,328,30,332,34,72,45,46,-39,10280,150,67,40,41,46
20160205 11:13,347,30,330,31,1,53,73,45,46,-38,10280,151,67,40,41,46
20160205 11:14,357,34,333,30,353,40,74,45,46,-37,10280,151,67,41,41,46
20160205 11:15,354,28,336,30,354,31,74,45,46,-37,10280,152,68,41,41,46
20160205 11:16,358,27,341,30,1,47,75,45,47,-37,10280,155,68,41,41,46
20160205 11:17,0,32,346,30,358,48,75,44,46,-40,10279,156,68,41,41,46
20160205 11:18,356,34,348,30,354,43,75,44,46,-40,10279,155,69,41,41,46
20160205 11:19,348,34,348,31,341,44,75,44,46,-40,10279,155,69,41,41,46
20160205 11:20,336,33,347,32,331,42,76,45,47,-36,10279,156,70,42,41,46
20160205 11:21,323,31,346,31,316,37,76,44,46,-39,10279,158,70,42,41,46
20160205 11:22,322,29,346,31,328,43,76,44,46,-39,10278,158,71,42,41,46
20160205 11:23,336,31,344,31,343,49,77,45,47,-35,10278,157,71,42,41,46
20160205 11:24,342,32,343,31,341,41,77,43,45,-41,10278,155,71,42,41,46
20160205 11:25,340,32,341,32,340,41,76,43,45,-42,10278,154,72,43,41,46
20160205 11:26,334,29,338,32,329,36,76,44,46,-39,10278,155,72,43,42,46
20160205 11:27,331,33,336,32,332,50,76,45,47,-36,10279,156,73,43,42,46
20160205 11:28,335,35,334,32,337,39,76,44,46,-39,10278,156,73,43,42,46
20160205 11:29,339,27,334,31,341,35,75,43,45,-43,10278,157,73,43,42,46
20160205 11:30,3,30,339,31,26,55,75,44,46,-40,10278,159,74,43,42,46
20160205 11:31,18,31,344,31,9,53,75,45,47,-37,10278,158,74,44,42,46
20160205 11:32,12,23,349,30,14,26,75,46,48,-34,10278,160,74,44,42,46
20160205 11:33,358,20,348,29,335,39,76,47,49,-30,10278,163,75,44,42,46
20160205 11:34,317,23,345,28,304,33,76,46,48,-33,10278,166,75,44,42,46
20160205 11:35,312,28,342,28,319,54,76,45,47,-36,10278,167,76,44,42,46
20160205 11:36,326,35,343,29,332,49,77,46,48,-32,10278,164,76,44,42,46
20160205 11:37,330,30,342,27,328,32,77,45,47,-35,10277,163,76,45,42,46
20160205 11:38,333,29,342,28,337,40,78,45,48,-34,10277,164,77,45,42,46
20160205 11:39,333,27,341,28,330,30,78,45,48,-34,10277,164,77,45,42,46
20160205 11:40,322,24,334,27,313,37,79,46,49,-30,10277,166,78,45,43,46
20160205 11:41,309,26,327,27,306,34,79,45,48,-33,10277,165,78,45,43,46
20160205 11:42,312,31,322,28,319,47,79,45,48,-33,10277,166,78,45,43,46
20160205 11:43,309,32,319,29,300,40,79,45,48,-33,10276,167,79,46,43,46
20160205 11:44,306,28,320,29,311,37,79,44,47,-36,10277,169,79,46,43,46
20160205 11:45,302,24,317,28,293,26,79,44,47,-36,10277,170,79,46,43,46
20160205 11:46,287,21,312,27,281,32,79,44,47,-36,10277,170,80,46,43,46
20160205 11:47,297,24,310,27,313,38,79,45,48,-33,10277,172,80,46,43,46
20160205 11:48,301,25,305,26,288,36,80,46,49,-29,10276,172,80,47,43,46
20160205 11:49,294,27,302,27,300,39,81,47,51,-25,10276,173,81,47,43,46
20160205 11:50,302,32,302,28,304,44,81,45,49,-31,10276,173,81,47,43,46
20160205 11:51,315,30,303,28,325,35,81,44,47,-34,10276,173,81,47,43,46
20160205 11:52,343,27,307,27,0,39,81,44,47,-34,10276,171,82,47,43,46
20160205 11:53,0,31,313,27,0,48,82,44,48,-33,10276,171,82,47,43,46
20160205 11:54,352,33,316,28,344,45,82,43,47,-36,10276,168,82,48,44,46
20160205 11:55,343,29,322,28,342,33,81,42,45,-40,10275,167,83,48,44,46
20160205 11:56,344,21,328,28,347,22,81,42,45,-40,10275,168,83,48,44,46
20160205 11:57,329,12,328,26,308,20,81,42,45,-40,10275,170,84,48,44,46
20160205 11:58,302,14,329,26,297,27,81,42,45,-40,10274,174,84,48,44,46
20160205 11:59,293,22,328,25,289,39,82,44,48,-33,10274,176,84,48,44,46
20160205 12:00,289,25,326,24,289,32,82,42,46,-39,10274,176,85,49,44,46
20160205 12:01,291,27,323,24,292,43,82,42,46,-39,10273,177,85,49,44,46
20160205 12:02,289,33,315,25,285,46,82,43,47,-36,10273,177,85,49,44,46
20160205 12:03,299,36,310,26,313,47,83,42,46,-39,10273,175,86,49,44,46
20160205 12:04,321,29,309,25,329,34,83,41,45,-42,10273,174,86,49,44,46
20160205 12:05,331,24,308,24,334,31,83,42,46,-39,10273,175,86,50,44,46
20160205 12:06,331,23,306,25,329,29,83,41,45,-42,10273,174,87,50,45,46
20160205 12:07,330,21,309,26,331,26,83,42,46,-39,10273,175,87,50,45,46
20160205 12:08,318,25,310,27,305,44,84,43,47,-34,10273,176,87,50,45,46
20160205 12:09,303,32,311,28,302,47,84,42,46,-38,10273,175,87,50,45,47
20160205 12:10,300,38,312,30,298,49,84,42,46,-38,10273,174,88,51,45,47
20160205 12:11,301,39,313,31,304,48,84,42,46,-38,10273,173,88,51,45,47
20160205 12:12,301,37,314,30,298,45,84,41,45,-41,10273,170,88,51,45,47
20160205 12:13,296,33,312,30,295,36,83,41,45,-42,10273,172,89,51,45,47
20160205 12:14,303,26,311,30,311,28,83,41,45,-42,10272,173,89,51,45,47
20160205 12:15,325,20,311,29,340,22,84,42,46,-38,10272,175,89,52,45,47
20160205 12:16,336,18,311,29,331,28,85,41,45,-40,10272,177,90,52,45,47
20160205 12:17,312,21,307,29,293,30,85,41,45,-40,10272,179,90,52,45,47
20160205 12:18,295,21,307,28,298,25,85,41,45,-40,10272,181,90,52,46,47
20160205 12:19,308,22,308,27,317,31,85,40,44,-43,10272,183,90,52,46,47
20160205 12:20,311,25,309,26,305,41,85,42,47,-37,10272,183,90,52,46,47
20160205 12:21,293,23,307,24,282,21,86,43,48,-33,10272,184,91,53,46,47
20160205 12:22,302,23,309,23,321,38,86,42,47,-36,10272,185,91,53,46,47
20160205 12:23,320,26,312,22,319,31,85,40,44,-43,10271,183,91,53,46,47
20160205 12:24,325,27,314,23,331,36,85,40,44,-43,10271,183,91,53,46,47
20160205 12:25,325,31,312,25,319,48,85,41,45,-40,10270,183,92,53,46,47
20160205 12:26,313,36,309,27,308,48,86,43,48,-33,10270,183,92,54,46,47
20160205 12:27,308,38,311,28,307,53,86,42,47,-36,10270,181,92,54,46,47
20160205 12:28,315,33,313,29,322,43,85,41,45,-40,10270,180,93,54,46,47
20160205 12:29,317,23,313,28,312,24,86,43,48,-33,10270,181,93,54,47,47
20160205 12:30,329,19,317,27,346,26,86,42,47,-36,10270,183,93,54,47,47
20160205 12:31,345,16,323,27,343,30,86,41,46,-39,10270,185,94,54,47,47
20160205 12:32,348,19,326,27,354,58,87,43,48,-32,10269,188,94,55,47,47
20160205 12:33,343,31,327,28,332,64,88,42,48,-34,10269,189,94,55,47,47
20160205 12:34,338,36,329,29,343,42,88,40,45,-40,10269,186,94,55,47,47
20160205 12:35,346,32,332,28,349,38,87,38,43,-48,10269,183,95,55,47,47
20160205 12:36,355,29,337,27,0,31,87,38,43,-48,10269,182,95,55,47,47
20160205 12:37,350,26,340,26,340,31,87,38,43,-48,10269,181,95,56,47,47
20160205 12:38,336,23,341,25,331,32,87,38,43,-48,10269,182,95,56,47,47
20160205 12:39,328,24,342,26,324,35,88,40,45,-40,10269,184,96,56,47,47
20160205 12:40,317,26,339,27,310,36,89,41,47,-36,10269,185,96,56,48,48
20160205 12:41,306,31,335,29,302,46,89,41,47,-36,10269,185,96,56,48,48
20160205 12:42,303,31,329,29,303,37,87,39,44,-45,10268,184,97,56,48,48
20160205 12:43,312,24,328,27,322,30,88,41,46,-37,10268,185,97,57,48,48
20160205 12:44,314,23,325,26,307,29,88,41,46,-37,10268,185,97,57,48,48
20160205 12:45,295,25,318,26,283,33,88,41,46,-37,10267,187,97,57,48,48
20160205 12:46,296,37,313,28,308,63,88,40,45,-40,10267,187,98,57,48,48
20160205 12:47,305,47,309,30,301,57,87,39,44,-45,10267,184,98,57,48,48
20160205 12:48,297,38,305,31,293,41,87,40,45,-41,10266,184,98,58,48,48
20160205 12:49,292,31,302,32,290,43,88,40,45,-40,10266,183,98,58,48,48
20160205 12:50,307,30,303,32,323,40,89,39,44,-43,10266,182,98,58,49,48
20160205 12:51,320,28,305,31,317,39,90,40,46,-39,10266,183,99,58,49,48
20160205 12:52,311,36,305,33,306,60,90,40,46,-39,10266,183,99,58,49,48
20160205 12:53,304,40,303,34,303,46,89,39,44,-43,10266,181,99,58,49,48
20160205 12:54,307,33,304,35,311,36,89,40,46,-40,10265,180,99,59,49,48
20160205 12:55,312,25,307,34,313,29,89,40,46,-40,10265,178,99,59,49,48
20160205 12:56,312,21,307,32,312,44,90,41,47,-35,10265,180,100,59,49,48
20160205 12:57,308,25,307,30,304,36,90,40,46,-39,10264,183,100,59,49,48
20160205 12:58,317,30,311,30,330,44,91,41,47,-35,10264,182,100,59,49,48
20160205 12:59,343,32,317,30,355,46,91,40,46,-38,10264,179,100,60,49,48
20160205 13:00,359,31,321,30,3,40,91,38,44,-45,10263,176,100,60,50,48
20160205 13:01,352,39,323,32,341,68,91,39,45,-41,10263,174,100,60,50,48
20160205 13:02,335,46,326,32,330,56,90,38,44,-46,10263,171,101,60,50,48
20160205 13:03,331,42,329,33,332,49,90,38,44,-46,10263,168,101,60,50,48
20160205 13:04,333,34,331,33,334,38,89,38,43,-46,10263,167,101,60,50,49
20160205 13:05,321,26,331,33,308,30,88,38,43,-47,10262,168,101,61,50,49
20160205 13:06,291,20,328,32,276,23,88,38,43,-47,10261,172,101,61,50,49
20160205 13:07,296,19,329,32,319,22,88,39,44,-44,10261,176,101,61,50,49
20160205 13:08,332,18,331,30,344,23,89,39,44,-43,10260,180,101,61,50,49
20160205 13:09,340,24,329,30,337,37,90,38,44,-46,10260,179,101,61,50,49
20160205 13:10,345,27,328,29,352,44,90,36,41,-53,10259,178,101,61,50,49
20160205 13:11,356,23,330,27,359,40,91,36,42,-52,10259,178,101,62,51,49
20160205 13:12,353,18,332,24,347,27,91,37,43,-48,10259,178,102,62,51,49
20160205 13:13,342,18,332,22,336,29,91,38,44,-45,10258,178,102,62,51,49
20160205 13:14,319,23,329,21,303,34,91,37,43,-48,10259,178,102,62,51,49
20160205 13:15,300,24,328,22,296,45,91,37,43,-48,10258,178,102,62,51,49
20160205 13:16,296,31,329,23,297,44,91,37,43,-48,10259,174,102,62,51,49
20160205 13:17,296,32,327,24,296,38,91,37,43,-48,10259,173,102,63,51,49
20160205 13:18,286,27,320,25,275,32,91,37,43,-48,10259,175,102,63,51,49
20160205 13:19,271,26,313,25,267,33,91,37,43,-48,10259,176,102,63,51,49
20160205 13:20,280,27,306,25,293,36,91,36,42,-52,10259,178,102,63,52,49
20160205 13:21,299,29,301,26,305,46,92,39,45,-40,10259,179,102,63,52,49
20160205 13:22,299,30,296,28,293,40,92,38,44,-44,10259,178,103,63,52,49
20160205 13:23,293,30,292,28,292,34,92,36,42,-51,10259,173,103,64,52,49
20160205 13:24,308,29,294,29,324,42,92,37,43,-47,10259,168,103,64,52,49
20160205 13:25,327,31,297,29,329,40,91,35,40,-55,10258,165,103,64,52,49
20160205 13:26,333,29,301,28,336,34,92,36,42,-51,10258,167,103,64,52,50
20160205 13:27,339,22,306,27,342,27,92,35,41,-55,10257,171,103,64,52,50
20160205 13:28,352,18,314,27,1,38,92,36,42,-51,10257,175,103,64,52,50
20160205 13:29,6,27,324,28,11,39,93,35,41,-54,10257,174,103,65,52,50
20160205 13:30,355,32,329,28,338,43,92,34,40,-58,10257,174,103,65,53,50
20160205 13:31,334,31,332,28,330,46,93,35,41,-54,10257,173,103,65,53,50
20160205 13:32,321,30,334,28,312,33,93,35,41,-54,10257,173,103,65,53,50
20160205 13:33,312,27,335,27,313,34,93,35,41,-54,10257,174,103,65,53,50
20160205 13:34,325,20,337,26,338,23,93,35,41,-54,10256,175,103,65,53,50
20160205 13:35,330,16,336,24,322,21,93,36,42,-50,10256,177,103,65,53,50
20160205 13:36,317,18,334,24,313,27,93,36,42,-50,10256,178,103,66,53,50
20160205 13:37,303,23,329,25,294,35,93,35,41,-54,10256,176,104,66,53,50
20160205 13:38,295,25,322,25,297,33,93,35,41,-54,10256,175,104,66,53,50
20160205 13:39,302,29,316,25,308,40,93,35,41,-54,10256,176,104,66,53,50
20160205 13:40,309,29,314,25,310,34,93,34,40,-58,10256,177,104,66,54,50
20160205 13:41,315,27,313,24,320,41,93,36,42,-50,10256,173,104,66,54,50
20160205 13:42,325,30,315,24,331,38,92,35,41,-55,10255,170,104,66,54,50
20160205 13:43,332,31,317,25,332,39,92,35,41,-55,10255,169,104,66,54,50
20160205 13:44,333,27,316,26,334,34,92,35,41,-55,10255,169,104,67,54,50
20160205 13:45,322,25,315,27,309,36,93,37,43,-46,10255,170,104,67,54,51
20160205 13:46,304,25,313,27,300,33,94,36,42,-49,10255,170,104,67,54,51
20160205 13:47,305,26,315,27,311,36,93,35,41,-54,10255,169,104,67,54,51
20160205 13:48,322,35,319,29,333,62,94,36,42,-49,10255,167,104,67,54,51
20160205 13:49,327,35,320,29,321,40,93,35,41,-54,10255,164,104,67,54,51
20160205 13:50,314,28,320,29,308,42,92,35,41,-55,10255,162,104,67,55,51
20160205 13:51,299,32,317,30,290,49,92,36,42,-51,10254,163,105,68,55,51
20160205 13:52,292,38,313,31,294,57,92,35,41,-55,10254,165,105,68,55,51
20160205 13:53,294,38,309,31,294,46,92,36,42,-51,10253,164,105,68,55,51
20160205 13:54,292,33,305,32,289,43,93,36,42,-50,10253,166,105,68,55,51
20160205 13:55,294,34,304,33,299,41,93,36,42,-50,10254,168,105,68,55,51
20160205 13:56,305,36,305,34,311,46,93,36,42,-50,10255,168,105,68,55,51
20160205 13:57,301,35,303,35,291,42,94,37,44,-45,10256,168,105,68,55,51
20160205 13:58,300,35,300,34,307,50,95,37,44,-45,10256,166,105,68,55,51
20160205 13:59,301,28,298,33,294,27,95,36,43,-48,10256,167,105,69,55,51
20160205 14:00,296,25,297,33,298,46,95,37,44,-45,10255,168,105,69,56,51
20160205 14:01,310,34,300,33,322,48,96,36,43,-47,10255,169,105,69,56,51
20160205 14:02,324,36,303,33,325,52,95,33,39,-60,10255,167,104,69,56,51
20160205 14:03,322,37,305,33,319,43,95,32,38,-64,10255,165,104,69,56,52
20160205 14:04,317,35,308,33,315,40,94,32,38,-65,10256,166,104,69,56,52
20160205 14:05,317,30,310,33,320,43,95,33,39,-60,10256,168,105,69,56,52
20160205 14:06,324,28,312,32,328,35,94,33,39,-61,10257,168,105,69,56,52
20160205 14:07,339,26,318,31,351,31,94,33,39,-61,10257,167,105,70,56,52
20160205 14:08,349,24,322,30,347,51,94,34,40,-57,10256,166,105,70,56,52
20160205 14:09,329,31,324,31,313,53,95,35,42,-52,10257,166,105,70,56,52
20160205 14:10,313,33,325,31,313,41,95,35,42,-52,10257,165,105,70,57,52
20160205 14:11,319,30,326,31,326,42,95,36,43,-48,10257,164,105,70,57,52
20160205 14:12,324,28,325,29,322,45,96,35,42,-51,10256,164,105,70,57,52
20160205 14:13,321,26,325,29,320,38,96,35,42,-51,10256,166,105,70,57,52
20160205 14:14,325,31,327,29,329,41,96,33,39,-59,10256,165,105,70,57,52
20160205 14:15,327,32,327,29,325,42,96,33,39,-59,10256,163,105,70,57,52
20160205 14:16,328,32,328,30,330,43,96,33,39,-59,10256,161,105,71,57,52
20160205 14:17,335,34,326,31,340,50,96,32,38,-63,10256,160,105,71,57,52
20160205 14:18,332,40,324,33,325,59,96,33,39,-59,10256,159,105,71,57,52
20160205 14:19,325,44,325,33,324,59,95,33,39,-60,10256,158,105,71,57,52
20160205 14:20,321,33,326,33,317,34,95,33,39,-60,10256,158,105,71,58,52
20160205 14:21,318,26,325,32,320,39,96,34,41,-55,10256,157,105,71,58,53
20160205 14:22,324,27,326,32,329,42,96,33,39,-59,10256,158,105,71,58,53
20160205 14:23,329,30,327,33,329,55,97,34,41,-54,10256,158,105,71,58,53
20160205 14:24,332,37,327,34,334,49,97,33,40,-58,10256,158,105,71,58,53
20160205 14:25,321,38,326,34,307,47,97,32,38,-62,10256,157,105,71,58,53
20160205 14:26,309,38,324,35,311,59,97,33,40,-58,10256,158,105,72,58,53
20160205 14:27,306,38,320,35,301,56,97,33,40,-58,10256,157,105,72,58,53
20160205 14:28,311,36,319,34,320,53,97,33,40,-58,10256,154,105,72,58,53
20160205 14:29,324,35,320,33,327,49,97,34,41,-54,10256,151,105,72,58,53
20160205 14:30,315,30,318,34,303,40,97,34,41,-54,10255,152,105,72,58,53
20160205 14:31,306,27,317,34,310,38,97,34,41,-54,10255,153,104,72,59,53
20160205 14:32,318,26,317,34,327,40,98,33,40,-57,10255,153,104,72,59,53
20160205 14:33,324,24,316,32,321,31,97,33,40,-58,10255,153,104,72,59,53
20160205 14:34,322,27,315,31,323,47,98,33,40,-57,10255,153,104,72,59,53
20160205 14:35,331,33,318,31,338,45,98,34,41,-53,10255,153,104,72,59,53
20160205 14:36,336,37,321,31,335,55,98,33,40,-57,10254,151,104,72,59,53
20160205 14:37,330,41,323,32,326,56,98,33,40,-57,10254,151,104,73,59,53
20160205 14:38,315,36,321,31,303,42,98,34,41,-53,10254,150,104,73,59,54
20160205 14:39,318,30,322,31,331,39,99,35,43,-48,10254,151,104,73,59,54
20160205 14:40,330,33,324,32,329,47,99,34,41,-52,10255,151,104,73,59,54
20160205 14:41,334,33,327,32,340,43,99,33,40,-56,10255,152,104,73,59,54
20160205 14:42,316,27,324,32,293,42,99,35,43,-48,10255,152,104,73,60,54
20160205 14:43,308,24,324,32,323,38,99,34,41,-52,10255,152,104,73,60,54
20160205 14:44,333,28,326,32,343,46,99,33,40,-56,10255,152,104,73,60,54
20160205 14:45,334,32,325,32,325,44,99,33,40,-56,10255,150,104,73,60,54
20160205 14:46,324,34,324,32,324,49,99,33,40,-56,10255,151,103,73,60,54
20160205 14:47,311,32,321,30,297,32,98,33,40,-57,10254,150,103,73,60,54
20160205 14:48,292,31,319,31,287,44,98,32,39,-61,10254,149,103,74,60,54
20160205 14:49,286,37,315,32,286,64,98,32,39,-61,10254,147,103,74,60,54
20160205 14:50,287,43,310,33,288,64,98,33,40,-57,10254,146,103,74,60,54
20160205 14:51,308,45,309,34,328,55,98,33,40,-57,10255,144,103,74,60,54
20160205 14:52,329,46,313,37,331,60,98,33,40,-57,10255,142,103,74,60,54
20160205 14:53,327,40,313,37,323,57,98,32,39,-61,10254,140,103,74,60,54
20160205 14:54,317,29,310,37,311,41,98,34,41,-53,10254,140,103,74,60,54
20160205 14:55,317,25,310,36,322,34,98,33,40,-57,10254,140,103,74,61,55
20160205 14:56,324,31,310,36,326,51,98,33,40,-57,10254,140,103,74,61,55
20160205 14:57,326,44,313,38,325,67,98,32,39,-61,10254,138,103,74,61,55
20160205 14:58,324,42,317,38,323,52,97,32,38,-62,10254,137,103,74,61,55
20160205 14:59,327,35,321,38,332,47,97,32,38,-62,10254,137,102,74,61,55
20160205 15:00,332,38,325,37,333,57,97,33,40,-58,10254,138,102,74,61,55
20160205 15:01,326,37,324,36,318,48,97,33,40,-58,10254,137,102,74,61,55
20160205 15:02,308,33,321,35,298,43,97,34,41,-54,10254,137,102,74,61,55
20160205 15:03,300,32,319,35,302,39,97,34,41,-54,10254,137,102,75,61,55
20160205 15:04,300,30,318,35,299,37,97,34,41,-54,10254,136,102,75,61,55
20160205 15:05,313,32,318,36,327,45,97,35,42,-50,10254,136,102,75,61,55
20160205 15:06,331,35,319,36,335,44,97,34,41,-54,10253,135,102,75,61,55
20160205 15:07,331,39,319,35,327,58,96,34,41,-55,10252,135,102,75,62,55
20160205 15:08,323,36,319,34,319,38,96,34,41,-55,10252,134,101,75,62,55
20160205 15:09,324,34,319,35,329,47,97,35,42,-50,10252,135,101,75,62,55
20160205 15:10,329,34,318,34,329,48,97,35,42,-50,10252,135,101,75,62,55
20160205 15:11,328,30,319,34,327,47,97,35,42,-50,10252,135,101,75,62,55
20160205 15:12,311,31,319,33,296,38,97,35,42,-50,10252,135,101,75,62,55
20160205 15:13,305,25,320,32,313,34,97,35,42,-50,10251,135,101,75,62,56
20160205 15:14,312,25,321,32,310,47,98,36,44,-46,10251,135,101,75,62,56
20160205 15:15,326,34,323,33,343,46,98,35,42,-49,10251,134,100,75,62,56
20160205 15:16,350,39,325,33,357,50,98,34,41,-53,10251,133,100,75,62,56
20160205 15:17,354,38,327,32,350,51,98,32,39,-61,10251,131,100,75,62,56
20160205 15:18,349,34,330,33,347,41,97,32,38,-62,10251,129,100,75,62,56
20160205 15:19,345,27,332,31,342,31,97,32,38,-62,10251,128,100,75,62,56
20160205 15:20,326,21,330,30,310,32,97,32,38,-62,10251,128,100,75,62,56
20160205 15:21,305,25,327,30,301,42,97,33,40,-58,10250,129,100,76,63,56
20160205 15:22,304,34,328,31,307,56,97,33,40,-58,10250,129,100,76,63,56
20160205 15:23,309,39,328,32,312,47,97,33,40,-58,10250,127,99,76,63,56
20160205 15:24,310,34,328,32,307,39,97,34,41,-54,10250,126,99,76,63,56
20160205 15:25,306,29,323,31,304,42,96,34,41,-55,10251,125,99,76,63,56
20160205 15:26,305,32,318,31,305,51,96,33,39,-59,10251,126,99,76,63,56
20160205 15:27,311,35,315,31,318,49,96,33,39,-59,10251,125,99,76,63,56
20160205 15:28,321,34,313,31,323,41,96,34,41,-55,10252,124,99,76,63,56
20160205 15:29,323,36,311,33,323,48,96,34,41,-55,10252,123,99,76,63,56
20160205 15:30,320,34,312,33,318,46,96,33,39,-59,10252,121,99,76,63,57
20160205 15:31,326,26,315,33,334,38,96,34,41,-55,10252,121,98,76,63,57
20160205 15:32,332,31,317,33,329,62,96,33,39,-59,10252,122,98,76,63,57
20160205 15:33,331,41,319,33,332,55,96,33,39,-59,10252,120,98,76,63,57
20160205 15:34,328,36,321,33,323,40,96,33,39,-59,10252,119,98,76,64,57
20160205 15:35,322,31,323,34,320,43,96,33,39,-59,10251,118,98,76,64,57
20160205 15:36,338,32,327,33,355,52,96,33,39,-59,10252,117,98,76,64,57
20160205 15:37,353,31,331,33,352,46,96,31,37,-67,10251,116,97,76,64,57
20160205 15:38,356,29,334,32,359,36,96,32,38,-63,10251,115,97,76,64,57
20160205 15:39,5,23,339,30,10,28,96,31,37,-67,10251,115,97,76,64,57
20160205 15:40,356,21,341,30,341,31,96,32,38,-63,10251,115,97,76,64,57
20160205 15:41,333,21,340,30,324,23,96,32,38,-63,10252,116,97,76,64,57
20160205 15:42,330,26,341,29,337,46,96,32,38,-63,10252,116,97,76,64,57
20160205 15:43,332,35,341,28,327,46,96,32,38,-63,10252,114,96,76,64,57
20160205 15:44,332,38,342,29,338,57,96,32,38,-63,10252,113,96,76,64,57
20160205 15:45,342,38,345,30,347,49,95,32,38,-64,10252,112,96,76,64,57
20160205 15:46,349,32,345,29,351,40,95,32,38,-64,10252,111,96,76,64,57
20160205 15:47,351,26,344,29,351,33,95,32,38,-64,10252,110,96,76,64,57
20160205 15:48,340,23,341,28,328,26,95,32,38,-64,10252,111,95,76,64,58
20160205 15:49,329,20,337,28,331,27,95,34,40,-56,10252,111,95,76,64,58
20160205 15:50,335,23,337,28,340,38,95,33,39,-60,10252,110,95,76,64,58
20160205 15:51,346,20,340,28,352,20,95,33,39,-60,10252,109,95,76,65,58
20160205 15:52,344,15,340,26,337,23,95,34,40,-56,10252,109,95,76,65,58
20160205 15:53,347,17,343,24,358,25,95,34,40,-56,10251,109,94,76,65,58
20160205 15:54,352,21,344,23,346,34,95,33,39,-60,10251,108,94,76,65,58
20160205 15:55,353,22,346,21,1,38,95,32,38,-64,10251,108,94,76,65,58
20160205 15:56,10,23,348,21,18,44,95,31,37,-68,10251,107,94,76,65,58
20160205 15:57,10,28,349,21,3,39,95,30,36,-72,10250,106,94,76,65,58
20160205 15:58,2,30,353,23,2,47,94,29,34,-77,10251,105,94,76,65,58
20160205 15:59,6,29,357,23,9,39,94,29,34,-77,10251,103,93,76,65,58
20160205 16:00,3,22,358,22,357,27,94,31,37,-69,10251,103,93,76,65,58
20160205 16:01,346,19,357,23,334,26,94,31,37,-69,10251,102,93,77,65,58
20160205 16:02,328,24,355,24,322,41,94,31,37,-69,10251,102,93,77,65,58
20160205 16:03,326,32,352,26,331,51,94,30,35,-73,10251,100,93,76,65,58
20160205 16:04,336,35,352,27,341,39,93,30,35,-74,10251,100,92,77,65,58
20160205 16:05,338,28,349,27,336,30,93,31,36,-70,10251,99,92,77,65,58
20160205 16:06,334,26,345,27,332,36,93,31,36,-70,10251,98,92,77,65,58
20160205 16:07,332,28,341,27,332,37,93,32,37,-65,10251,97,92,77,65,58
20160205 16:08,334,26,339,27,335,28,93,32,37,-65,10251,97,92,77,65,59
20160205 16:09,339,23,336,26,343,33,93,32,37,-65,10252,96,91,76,65,59
20160205 16:10,339,20,334,26,335,21,93,31,36,-70,10252,96,91,76,66,59
20160205 16:11,328,17,333,26,321,24,93,32,37,-65,10252,96,91,77,66,59
20160205 16:12,329,22,334,26,336,30,93,32,37,-65,10252,95,91,76,66,59
20160205 16:13,337,21,335,24,338,23,93,32,37,-65,10252,94,90,76,66,59
20160205 16:14,337,19,334,23,335,28,93,32,37,-65,10252,94,90,76,66,59
20160205 16:15,329,27,333,23,323,53,93,32,37,-65,10252,93,90,76,66,59
20160205 16:16,333,36,334,25,342,52,92,32,37,-66,10251,92,90,76,66,59
20160205 16:17,354,32,337,24,7,32,92,31,36,-70,10251,91,90,76,66,59
20160205 16:18,358,24,339,24,349,36,92,32,37,-66,10251,90,89,76,66,59
20160205 16:19,347,24,339,24,345,39,92,32,37,-66,10251,89,89,76,66,59
20160205 16:20,348,25,341,25,350,36,92,32,37,-66,10251,89,89,76,66,59
20160205 16:21,353,27,344,26,357,37,92,32,37,-66,10251,88,89,76,66,59
20160205 16:22,347,26,344,26,336,32,91,33,38,-63,10251,87,88,76,66,59
20160205 16:23,333,26,343,27,330,37,91,33,38,-63,10251,86,88,76,66,59
20160205 16:24,328,25,342,27,325,32,91,33,38,-63,10251,86,88,76,66,59
20160205 16:25,329,28,343,27,332,49,91,33,38,-63,10251,85,88,76,66,59
20160205 16:26,336,29,343,26,340,38,90,33,38,-64,10251,84,88,76,66,59
20160205 16:27,341,24,340,26,341,33,90,33,38,-64,10251,84,87,76,66,59
20160205 16:28,343,25,340,26,344,31,90,33,38,-64,10251,83,87,76,66,60
20160205 16:29,342,24,339,26,339,32,90,33,38,-64,10251,82,87,76,66,60
20160205 16:30,346,21,340,25,354,35,90,33,38,-64,10251,82,87,76,66,60
20160205 16:31,350,21,339,25,346,26,90,33,38,-64,10251,81,86,76,67,60
20160205 16:32,341,20,339,24,336,29,89,33,38,-65,10251,81,86,76,67,60
20160205 16:33,337,20,339,23,337,34,89,33,38,-65,10252,80,86,76,67,60
20160205 16:34,343,24,342,24,350,40,89,32,36,-69,10252,79,86,76,67,60
20160205 16:35,345,26,343,23,340,38,89,32,36,-69,10252,79,85,76,67,60
20160205 16:36,343,30,343,24,346,43,89,33,38,-65,10252,78,85,76,67,60
20160205 16:37,351,31,345,25,356,39,89,33,38,-65,10252,77,85,76,67,60
20160205 16:38,351,23,345,24,345,29,89,33,38,-65,10252,77,85,76,67,60
20160205 16:39,340,26,344,25,335,42,89,34,39,-61,10253,77,84,76,67,60
20160205 16:40,329,30,341,25,323,36,88,33,37,-66,10253,76,84,76,67,60
20160205 16:41,331,26,341,26,340,33,88,33,37,-66,10254,75,84,76,67,60
20160205 16:42,342,25,342,27,345,33,88,32,36,-70,10254,74,84,76,67,60
20160205 16:43,348,22,343,26,351,30,88,32,36,-70,10254,73,83,76,67,60
20160205 16:44,345,28,342,27,339,50,88,33,37,-66,10254,73,83,76,67,60
20160205 16:45,346,36,343,28,353,55,88,32,36,-70,10254,72,83,76,67,60
20160205 16:46,344,29,342,27,335,29,88,33,37,-66,10254,71,83,76,67,60
20160205 16:47,339,21,341,26,342,24,88,33,37,-66,10254,70,82,76,67,60
20160205 16:48,341,21,340,27,339,29,87,33,37,-67,10254,70,82,76,67,60
20160205 16:49,339,22,341,25,338,30,87,34,38,-63,10254,69,82,76,67,60
20160205 16:50,344,21,343,25,351,26,87,34,38,-63,10254,68,82,76,67,60
20160205 16:51,341,21,342,24,331,27,86,34,38,-64,10255,67,81,76,67,60
20160205 16:52,328,22,340,24,325,30,86,34,38,-64,10255,67,81,76,67,61
20160205 16:53,327,28,338,25,330,41,86,34,38,-64,10256,66,81,75,67,61
20160205 16:54,333,29,338,25,336,44,86,34,38,-64,10256,65,80,75,67,61
20160205 16:55,328,24,335,23,320,30,86,34,38,-64,10256,64,80,75,67,61
20160205 16:56,319,18,333,22,318,20,86,35,39,-60,10257,63,80,75,67,61
20160205 16:57,313,15,330,22,309,19,85,36,40,-57,10256,63,80,75,67,61
20160205 16:58,314,15,328,21,319,21,85,36,40,-57,10256,62,80,75,67,61
20160205 16:59,320,17,326,21,321,25,84,37,41,-54,10256,61,79,75,67,61
20160205 17:00,326,17,324,21,332,23,84,37,41,-54,10256,60,79,75,67,61
20160205 17:01,330,23,324,22,328,38,84,37,41,-54,10256,60,79,75,67,61
20160205 17:02,331,27,325,21,334,34,84,36,40,-58,10256,59,78,75,67,61
20160205 17:03,327,23,324,20,320,28,84,36,40,-58,10256,58,78,75,67,61
20160205 17:04,319,21,322,20,319,28,83,37,40,-55,10256,57,78,75,67,61
20160205 17:05,316,19,321,20,312,26,83,37,40,-55,10256,57,78,75,67,61
20160205 17:06,319,15,322,19,326,21,83,37,40,-55,10257,56,77,75,67,61
20160205 17:07,321,16,323,20,317,30,82,38,41,-53,10257,55,77,75,67,61
20160205 17:08,317,23,323,21,317,42,82,38,41,-53,10257,54,77,75,68,61
20160205 17:09,319,26,323,21,321,33,82,37,40,-56,10257,54,77,75,68,61
20160205 17:10,317,26,321,22,314,29,82,37,40,-56,10257,53,76,75,68,61
20160205 17:11,319,22,320,21,325,26,82,37,40,-56,10257,52,76,75,68,61
20160205 17:12,318,19,318,21,311,31,81,37,40,-57,10257,52,76,74,68,61
20160205 17:13,311,18,317,20,311,28,81,38,41,-54,10257,51,76,75,68,61
20160205 17:14,314,18,317,20,316,34,81,38,41,-54,10257,50,75,74,68,61
20160205 17:15,316,18,317,20,315,28,81,38,41,-54,10256,50,75,74,68,61
20160205 17:16,312,16,316,20,309,18,80,38,41,-54,10256,49,75,74,68,61
20160205 17:17,308,16,315,20,307,26,80,39,42,-51,10256,48,74,74,68,61
20160205 17:18,308,15,314,19,310,17,80,39,42,-51,10256,48,74,74,68,62
20160205 17:19,306,14,312,18,302,20,80,39,42,-51,10255,47,74,74,68,62
20160205 17:20,299,14,310,17,295,19,79,39,42,-52,10255,46,74,74,68,62
20160205 17:21,290,12,306,16,285,18,79,39,42,-52,10254,45,73,74,68,62
20160205 17:22,291,15,305,16,296,28,79,39,42,-52,10254,44,73,74,68,62
20160205 17:23,294,15,303,15,293,17,78,40,42,-50,10254,43,73,74,68,62
20160205 17:24,296,13,301,15,299,19,78,40,42,-50,10254,43,72,74,68,62
20160205 17:25,301,16,300,15,302,22,77,41,43,-47,10253,42,72,74,68,62
20160205 17:26,304,19,299,15,305,27,77,41,43,-47,10253,41,72,74,68,62
20160205 17:27,303,18,299,15,300,22,76,41,43,-48,10253,41,72,74,68,62
20160205 17:28,301,15,298,15,301,20,76,42,44,-45,10253,40,71,73,68,62
20160205 17:29,297,14,297,15,293,20,75,42,44,-46,10253,39,71,73,68,62
20160205 17:30,291,14,296,15,288,19,75,42,44,-46,10253,38,71,73,68,62
20160205 17:31,292,15,297,16,295,20,74,42,43,-47,10254,37,70,73,68,62
20160205 17:32,295,15,297,15,294,21,74,43,44,-44,10254,37,70,73,68,62
20160205 17:33,296,15,298,16,298,19,73,43,44,-44,10254,36,70,73,68,62
20160205 17:34,295,14,297,15,292,16,73,43,44,-44,10254,35,70,73,68,62
20160205 17:35,290,13,295,15,287,18,73,43,44,-44,10255,35,69,73,68,62
20160205 17:36,286,14,293,14,285,18,72,43,44,-45,10255,34,69,73,68,62
20160205 17:37,288,14,292,14,291,19,72,44,45,-42,10255,34,69,73,68,62
20160205 17:38,290,14,291,14,290,17,71,44,44,-43,10255,33,68,73,68,62
20160205 17:39,291,15,291,14,292,20,71,44,44,-43,10255,33,68,73,68,62
20160205 17:40,292,16,292,15,291,21,71,44,44,-43,10254,32,68,73,68,62
20160205 17:41,296,16,292,15,301,20,70,44,44,-44,10254,32,68,72,68,62
20160205 17:42,304,15,293,15,308,18,70,44,44,-44,10254,31,67,72,68,62
20160205 17:43,307,14,294,14,307,16,69,45,45,-42,10254,31,67,72,68,62
20160205 17:44,305,13,295,14,303,17,69,45,45,-42,10254,30,67,72,68,62
20160205 17:45,305,13,298,15,307,18,68,45,44,-43,10254,30,66,72,68,62
20160205 17:46,306,13,299,14,304,14,68,45,44,-43,10254,29,66,72,68,62
20160205 17:47,302,12,300,14,299,15,68,45,44,-43,10254,28,66,72,68,62
20160205 17:48,296,13,300,14,292,20,68,45,44,-43,10254,28,66,72,68,62
20160205 17:49,293,14,301,14,293,19,67,45,44,-44,10254,27,65,72,68,62
20160205 17:50,292,14,301,14,292,19,67,46,45,-41,10254,27,65,72,68,62
20160205 17:51,290,14,299,13,288,17,67,46,45,-41,10254,26,65,72,68,63
20160205 17:52,290,14,298,13,293,16,66,46,45,-42,10254,26,65,72,68,63
20160205 17:53,292,13,296,13,292,13,66,46,45,-42,10254,25,64,71,68,63
20160205 17:54,291,11,295,13,289,12,66,46,45,-42,10254,25,64,71,68,63
20160205 17:55,287,11,293,13,285,12,65,46,44,-43,10254,24,64,71,68,63
20160205 17:56,286,12,291,13,287,15,65,46,44,-43,10255,24,63,71,68,63
20160205 17:57,285,12,289,13,282,14,64,47,45,-41,10255,23,63,71,68,63
20160205 17:58,280,12,288,13,278,14,64,47,45,-41,10255,23,63,71,68,63
20160205 17:59,276,14,286,13,274,17,64,47,45,-41,10255,22,63,71,68,63
20160205 18:00,270,14,284,12,267,15,63,48,46,-39,10255,22,62,71,68,63
20160205 18:01,267,13,281,12,266,15,63,48,46,-39,10255,22,62,71,68,63
20160205 18:02,267,13,279,12,267,14,62,49,46,-37,10255,21,62,71,68,63
20160205 18:03,266,12,276,12,265,14,62,49,46,-37,10255,21,61,71,68,63
20160205 18:04,266,13,274,13,267,15,61,49,46,-38,10255,20,61,70,68,63
20160205 18:05,267,13,272,13,266,15,61,50,47,-35,10256,20,61,70,68,63
20160205 18:06,263,14,269,13,260,16,60,51,48,-34,10256,20,61,70,68,63
20160205 18:07,259,14,267,13,259,16,59,51,47,-35,10257,19,60,70,68,63
20160205 18:08,264,15,266,13,269,18,58,52,48,-33,10257,19,60,70,68,63
20160205 18:09,272,15,266,13,276,17,57,52,48,-34,10257,19,60,70,68,63
20160205 18:10,278,15,268,14,281,18,57,52,48,-34,10257,18,59,70,68,63
20160205 18:11,282,16,269,14,283,18,56,52,47,-35,10258,18,59,70,68,63
20160205 18:12,285,15,271,14,287,17,55,52,47,-36,10258,18,59,70,68,63
20160205 18:13,287,14,274,15,288,16,55,53,48,-33,10258,17,59,70,68,63
20160205 18:14,287,14,276,15,286,16,55,53,48,-33,10257,17,59,70,68,63
20160205 18:15,287,13,278,15,288,15,54,53,48,-34,10257,17,58,69,68,63
20160205 18:16,287,12,280,14,286,13,54,53,48,-34,10257,16,58,69,68,63
20160205 18:17,285,12,283,14,284,13,54,53,48,-34,10257,16,58,69,68,63
20160205 18:18,282,12,284,14,280,12,53,53,47,-35,10258,16,57,69,68,63
20160205 18:19,280,11,284,13,280,13,53,53,47,-35,10258,15,57,69,68,63
20160205 18:20,278,11,284,13,275,13,53,53,47,-35,10258,15,57,69,68,63
20160205 18:21,274,11,283,12,272,13,53,53,47,-35,10258,15,57,69,67,63
20160205 18:22,272,11,281,12,272,13,52,53,47,-36,10258,14,57,69,67,63
20160205 18:23,272,11,280,12,273,14,52,54,48,-33,10258,14,56,69,67,63
20160205 18:24,273,12,278,12,274,15,52,54,48,-33,10258,14,56,69,67,63
20160205 18:25,275,12,277,12,276,15,51,54,47,-34,10258,13,56,68,67,63
20160205 18:26,276,12,276,12,276,15,51,55,48,-32,10258,13,56,68,67,63
20160205 18:27,276,14,275,12,277,16,50,55,48,-33,10259,13,55,68,67,63
20160205 18:28,278,14,275,12,279,17,50,55,48,-33,10259,12,55,68,67,63
20160205 18:29,278,15,275,13,277,17,50,55,48,-33,10260,12,55,68,67,63
20160205 18:30,277,16,275,13,277,20,50,55,48,-33,10260,12,55,68,67,63
20160205 18:31,274,18,275,14,272,23,49,55,48,-34,10261,12,54,68,67,63
20160205 18:32,274,20,276,15,277,23,49,56,48,-31,10261,11,54,68,67,63
20160205 18:33,277,19,276,16,278,22,49,56,48,-31,10261,12,54,68,67,63
20160205 18:34,277,18,277,16,276,20,49,56,48,-31,10261,11,54,68,67,63
20160205 18:35,273,17,276,17,271,20,48,57,49,-30,10261,11,53,67,67,63
20160205 18:36,273,16,276,17,275,20,48,57,49,-30,10261,11,53,67,67,63
20160205 18:37,273,15,275,17,271,18,48,57,49,-30,10261,11,53,67,67,63
20160205 18:38,269,14,274,17,266,16,48,57,49,-30,10261,11,53,67,67,63
20160205 18:39,268,13,273,17,270,15,48,57,49,-30,10261,10,52,67,67,63
20160205 18:40,272,14,273,16,274,18,48,57,49,-30,10261,10,52,67,67,63
20160205 18:41,275,14,273,16,276,16,48,57,49,-30,10261,10,52,67,67,63
20160205 18:42,278,13,274,15,281,16,47,57,49,-31,10261,10,52,67,67,63
20160205 18:43,281,15,274,15,281,21,47,58,50,-29,10261,9,52,67,67,63
20160205 18:44,279,15,274,15,278,18,47,58,50,-29,10261,9,51,66,67,63
20160205 18:45,278,16,275,14,278,21,47,58,50,-29,10261,9,51,66,67,63
20160205 18:46,278,16,275,14,279,19,47,58,50,-29,10261,9,51,66,67,63
20160205 18:47,277,16,276,15,275,19,47,58,50,-29,10261,9,51,66,67,63
20160205 18:48,276,17,277,15,277,19,46,58,49,-29,10262,9,50,66,67,63
20160205 18:49,277,16,277,15,276,18,46,59,50,-27,10262,9,50,66,67,64
20160205 18:50,277,15,278,15,277,18,46,59,50,-27,10261,9,50,66,67,63
20160205 18:51,282,15,279,15,286,20,46,59,50,-27,10261,9,50,66,67,64
20160205 18:52,287,16,280,16,289,21,46,59,50,-27,10261,9,50,66,67,63
20160205 18:53,286,17,280,16,284,23,46,59,50,-27,10261,8,49,66,67,64
20160205 18:54,284,18,281,16,285,23,46,59,50,-27,10261,8,49,65,67,64
20160205 18:55,286,18,281,16,287,21,46,59,50,-27,10261,8,49,65,67,64
20160205 18:56,286,18,282,17,285,21,45,59,50,-28,10261,8,49,65,67,64
20160205 18:57,286,18,283,17,287,22,45,59,50,-28,10262,8,49,65,67,64
20160205 18:58,284,16,284,17,282,20,45,60,51,-26,10262,8,48,65,66,64
20160205 18:59,282,15,284,17,281,17,45,60,51,-26,10262,8,48,65,66,64
20160205 19:00,280,15,284,17,278,19,45,60,51,-26,10262,8,48,65,66,64
20160205 19:01,277,15,283,17,276,19,45,60,51,-26,10262,8,48,65,66,64
20160205 19:02,278,14,283,16,280,19,45,60,51,-26,10262,8,48,65,66,64
20160205 19:03,281,15,282,16,282,20,44,60,50,-27,10262,8,47,64,66,64
20160205 19:04,281,17,282,16,280,20,44,60,50,-27,10262,8,47,64,66,64
20160205 19:05,280,17,281,16,280,19,44,60,50,-27,10262,7,47,64,66,64
20160205 19:06,279,18,280,16,278,29,44,60,50,-27,10262,7,47,64,66,64
20160205 19:07,278,19,280,16,278,20,44,60,50,-27,10262,7,47,64,66,64
20160205 19:08,276,17,279,16,274,19,44,60,50,-27,10263,7,47,64,66,64
20160205 19:09,273,16,278,16,273,18,44,60,50,-27,10263,7,46,64,66,64
20160205 19:10,272,15,277,16,271,20,44,60,50,-27,10263,7,46,64,66,64
20160205 19:11,271,17,277,17,271,25,44,61,51,-25,10264,6,46,64,66,64
20160205 19:12,273,17,276,17,274,21,44,61,51,-25,10264,6,46,64,66,64
20160205 19:13,276,16,276,17,277,21,44,61,51,-25,10264,6,46,63,66,64
20160205 19:14,274,19,275,18,271,29,43,61,51,-26,10264,6,46,63,66,64
20160205 19:15,273,18,274,18,276,19,43,61,51,-26,10264,6,45,63,66,64
20160205 19:16,275,15,274,17,273,19,43,61,51,-26,10265,6,45,63,66,64
20160205 19:17,275,16,274,17,278,23,43,61,51,-26,10265,5,45,63,66,64
20160205 19:18,278,16,274,17,279,18,43,61,51,-26,10265,5,45,63,66,64
20160205 19:19,279,16,275,17,278,23,43,61,51,-26,10265,5,45,63,66,64
20160205 19:20,277,18,275,17,276,24,43,62,51,-23,10265,5,45,63,66,64
20160205 19:21,280,19,277,17,284,24,43,62,51,-23,10265,5,44,63,66,64
20160205 19:22,284,18,277,17,283,21,42,62,51,-24,10265,5,44,63,66,64
20160205 19:23,283,15,278,17,283,17,42,62,51,-24,10265,4,44,62,66,64
20160205 19:24,284,13,280,16,285,17,42,62,51,-24,10265,4,44,62,66,64
20160205 19:25,288,12,281,16,290,15,42,62,51,-24,10265,4,44,62,65,64
20160205 19:26,291,14,283,16,292,19,41,62,51,-25,10265,4,44,62,65,64
20160205 19:27,293,15,284,15,295,16,41,62,51,-25,10265,4,43,62,65,64
20160205 19:28,292,14,286,15,290,17,41,63,52,-23,10265,3,43,62,65,64
20160205 19:29,292,14,287,15,295,16,41,63,52,-23,10265,3,43,62,65,64
20160205 19:30,294,14,289,15,292,17,40,63,51,-24,10265,3,43,62,65,64
20160205 19:31,295,15,290,14,297,19,40,63,51,-24,10265,3,43,62,65,64
20160205 19:32,296,16,291,14,295,21,40,63,51,-24,10265,2,43,61,65,64
20160205 19:33,295,18,293,15,296,23,40,63,51,-24,10266,2,42,61,65,64
20160205 19:34,293,16,293,15,290,17,40,63,51,-24,10266,2,42,61,65,64
20160205 19:35,292,15,294,16,294,23,40,63,51,-24,10266,2,42,61,65,64
20160205 19:36,295,17,294,16,295,24,40,63,51,-24,10266,2,42,61,65,64
20160205 19:37,296,18,294,16,297,27,40,63,51,-24,10266,2,42,61,65,64
20160205 19:38,292,18,294,16,288,27,40,63,51,-24,10266,2,42,61,65,64
20160205 19:39,290,17,294,17,292,23,40,63,51,-24,10267,2,42,61,65,64
20160205 19:40,289,16,293,17,285,25,40,62,50,-26,10267,2,41,61,65,64
20160205 19:41,288,18,292,17,291,24,40,62,50,-26,10266,2,41,61,65,64
20160205 19:42,292,18,292,17,292,26,40,62,50,-26,10266,2,41,61,65,64
20160205 19:43,291,17,291,17,290,23,40,62,50,-26,10266,2,41,60,65,64
20160205 19:44,294,17,292,17,297,21,40,62,50,-26,10266,2,41,60,65,64
20160205 19:45,295,16,292,17,292,20,40,62,50,-26,10266,2,41,60,65,64
20160205 19:46,292,16,292,17,292,19,40,63,51,-24,10267,2,40,60,65,64
20160205 19:47,293,16,291,17,295,21,40,63,51,-24,10267,2,40,60,65,63
20160205 19:48,294,18,292,17,293,30,39,63,51,-25,10267,2,40,60,64,63
20160205 19:49,293,17,292,17,293,19,39,63,51,-25,10267,2,40,60,64,63
20160205 19:50,292,15,293,17,291,18,39,63,51,-25,10268,2,40,60,64,63
20160205 19:51,290,15,292,16,290,21,39,63,51,-25,10268,2,40,60,64,63
20160205 19:52,290,17,292,16,291,23,39,63,51,-25,10268,2,40,60,64,63
20160205 19:53,290,17,292,16,289,20,39,63,51,-25,10268,2,39,59,64,63
20160205 19:54,291,17,292,17,293,22,39,63,51,-25,10268,2,39,59,64,63
20160205 19:55,293,18,292,17,292,22,39,63,51,-25,10268,1,39,59,64,63
20160205 19:56,290,17,292,17,288,19,39,62,50,-27,10268,1,39,59,64,63
20160205 19:57,292,16,292,17,296,20,39,62,50,-27,10268,1,39,59,64,63
20160205 19:58,298,16,292,17,300,26,39,62,50,-27,10268,1,39,59,64,63
20160205 19:59,294,16,292,17,288,21,39,62,50,-27,10268,1,39,59,64,63
20160205 20:00,293,14,292,16,298,18,39,63,51,-25,10268,1,39,59,64,63
