time_now,wd_avg_2mins,ws_avg_2mins,wd_avg_10mins,ws_avg_10mins,wd_maxsp_this_min,ws_maxsp_this_min,air_temp_by_box,relative_humidity,water_vapor_pressure,dew_temp,station_pressure,ground_temp_pt,ground_tem_5cm,ground_tem_10cm,ground_tem_15cm,ground_tem_20cm
20160117 20:01,74,26,78,25,71,36,71,70,71,20,10183,55,65,76,80,79
20160117 20:02,70,24,78,24,70,35,71,70,71,20,10183,55,65,76,80,79
20160117 20:03,69,23,77,24,69,31,71,70,71,20,10183,55,65,76,80,79
20160117 20:04,70,25,76,24,71,37,71,70,71,20,10183,55,65,76,80,79
20160117 20:05,70,25,75,24,70,30,71,70,71,20,10182,55,65,76,80,79
20160117 20:06,70,24,74,24,71,31,71,70,71,20,10182,56,65,75,80,79
20160117 20:07,70,26,73,25,70,36,71,71,72,22,10181,56,65,75,80,79
20160117 20:08,70,28,72,25,70,34,71,71,72,22,10180,56,65,75,80,79
20160117 20:09,72,29,71,26,75,41,71,71,72,22,10179,56,65,75,79,79
20160117 20:10,72,31,70,26,68,42,71,71,72,22,10177,56,65,75,79,79
20160117 20:11,71,32,71,27,75,45,71,71,72,22,10176,56,65,75,79,79
20160117 20:12,72,29,71,27,69,37,71,71,72,22,10175,56,65,75,79,79
20160117 20:13,71,29,71,28,73,44,71,71,72,22,10175,56,65,75,79,79
20160117 20:14,75,28,72,28,76,35,71,71,72,22,10175,56,65,75,79,79
20160117 20:15,75,25,72,28,74,36,71,71,72,22,10176,56,65,75,79,79
20160117 20:16,75,26,73,28,75,43,71,71,72,22,10176,56,65,75,79,79
20160117 20:17,76,27,73,28,77,44,71,71,72,22,10175,56,65,75,79,79
20160117 20:18,78,30,74,29,79,42,71,71,72,22,10175,56,65,75,79,79
20160117 20:19,78,31,74,29,78,38,71,71,72,22,10176,56,65,75,79,79
20160117 20:20,82,29,76,28,85,39,71,71,72,22,10176,56,65,75,79,79
20160117 20:21,83,28,77,28,81,41,71,72,73,24,10176,56,65,75,79,79
20160117 20:22,81,31,78,29,80,39,71,72,73,24,10175,56,65,75,79,79
20160117 20:23,81,33,79,29,81,51,71,72,73,24,10175,56,65,75,79,79
20160117 20:24,79,30,79,29,77,43,72,71,72,23,10175,56,65,75,79,79
20160117 20:25,78,28,79,30,79,42,72,72,73,25,10175,56,65,75,79,79
20160117 20:26,79,30,79,30,78,40,72,72,73,25,10175,56,65,75,79,79
20160117 20:27,80,26,80,29,83,34,72,72,73,25,10176,56,65,75,79,79
20160117 20:28,81,22,80,28,80,28,72,72,73,25,10176,56,65,74,79,79
20160117 20:29,85,19,81,27,91,29,72,72,73,25,10177,56,65,74,79,79
20160117 20:30,82,20,80,27,74,29,72,72,73,25,10178,56,65,74,79,79
20160117 20:31,78,21,80,26,82,26,72,72,73,25,10177,57,65,74,79,79
20160117 20:32,83,23,81,25,84,39,72,72,73,25,10176,57,65,74,79,79
20160117 20:33,81,28,80,24,77,41,72,72,73,25,10175,57,65,74,79,79
20160117 20:34,78,29,81,25,78,37,72,72,73,25,10175,57,65,74,79,79
20160117 20:35,76,28,80,25,74,37,72,72,73,25,10174,57,65,74,79,79
20160117 20:36,78,29,80,25,81,38,72,72,73,25,10174,57,65,74,79,79
20160117 20:37,81,27,80,25,80,42,72,73,74,27,10174,57,65,74,79,79
20160117 20:38,78,31,80,26,76,43,72,73,74,27,10173,57,65,74,79,79
20160117 20:39,78,33,78,28,79,44,72,73,74,27,10173,57,65,74,79,79
20160117 20:40,78,27,79,28,77,32,72,73,74,27,10173,57,65,74,78,79
20160117 20:41,77,27,78,29,77,38,72,73,74,27,10172,57,65,74,78,79
20160117 20:42,73,30,77,29,69,38,72,73,74,27,10171,57,65,74,78,79
20160117 20:43,72,27,77,29,75,31,72,73,74,27,10171,57,65,74,78,79
20160117 20:44,75,27,76,29,76,39,72,73,74,27,10170,57,65,74,78,79
20160117 20:45,77,30,77,29,78,39,72,73,74,27,10170,57,65,74,78,79
20160117 20:46,78,34,77,30,78,47,72,73,74,27,10169,57,65,74,78,79
20160117 20:47,80,33,77,30,82,36,72,73,74,27,10170,57,65,74,78,79
20160117 20:48,84,27,78,29,86,35,73,73,75,28,10170,56,65,74,78,79
20160117 20:49,86,23,78,28,86,36,73,74,76,30,10170,56,65,74,78,79
20160117 20:50,84,25,79,29,82,44,73,74,76,30,10171,56,65,74,78,79
20160117 20:51,82,25,80,28,83,28,73,74,76,30,10171,56,65,74,78,79
20160117 20:52,82,21,81,27,81,27,73,74,76,30,10171,56,65,74,78,79
20160117 20:53,82,24,82,27,83,40,73,74,76,30,10171,56,65,74,78,79
20160117 20:54,83,30,82,27,84,45,73,74,76,30,10171,56,65,74,78,79
20160117 20:55,84,29,83,27,84,30,73,74,76,30,10170,56,65,74,78,79
20160117 20:56,83,26,83,26,82,34,73,74,76,30,10170,57,65,73,78,79
20160117 20:57,82,27,83,26,82,33,73,74,76,30,10170,56,65,73,78,79
20160117 20:58,82,26,83,26,83,40,73,74,76,30,10170,57,65,73,78,79
20160117 20:59,82,24,82,26,80,29,73,74,76,30,10170,57,65,73,78,79
20160117 21:00,82,25,83,26,83,41,73,74,76,30,10170,57,65,73,78,79
20160117 21:01,86,28,83,27,90,37,73,74,76,30,10170,57,65,73,78,79
20160117 21:02,84,25,83,27,79,31,74,74,76,31,10170,57,65,73,78,79
20160117 21:03,81,25,83,27,84,34,73,74,76,30,10170,57,65,73,78,79
20160117 21:04,82,26,83,26,81,36,74,74,76,31,10170,57,65,73,78,79
20160117 21:05,79,24,82,26,78,29,74,74,76,31,10169,57,65,73,78,79
20160117 21:06,80,22,82,25,83,25,74,74,76,31,10169,57,65,73,78,79
20160117 21:07,85,24,83,25,86,35,74,75,77,33,10168,57,65,73,78,79
20160117 21:08,81,28,82,26,76,42,74,75,77,33,10167,57,65,73,78,79
20160117 21:09,74,27,81,26,72,31,74,75,77,33,10167,57,65,73,78,79
20160117 21:10,72,24,80,25,72,36,74,75,77,33,10166,56,65,73,78,79
20160117 21:11,75,29,79,26,78,43,74,75,77,33,10166,56,65,73,78,79
20160117 21:12,77,32,79,27,76,43,74,75,77,33,10165,56,65,73,78,79
20160117 21:13,75,29,78,27,74,37,74,75,77,33,10165,56,65,73,78,79
20160117 21:14,75,28,77,27,76,37,73,75,77,32,10165,56,65,73,78,79
20160117 21:15,74,27,77,27,73,34,73,75,77,32,10165,55,65,73,78,79
20160117 21:16,72,23,75,27,71,34,73,75,77,32,10166,55,65,73,77,79
20160117 21:17,72,21,74,27,73,32,73,75,77,32,10166,55,65,73,78,79
20160117 21:18,72,21,74,26,72,31,73,76,78,34,10167,56,65,73,77,79
20160117 21:19,74,22,74,26,76,31,73,76,78,34,10167,56,65,73,77,79
20160117 21:20,78,24,75,26,79,37,73,76,78,34,10167,57,65,73,77,79
20160117 21:21,80,24,75,25,81,28,73,76,78,34,10166,57,65,73,77,79
20160117 21:22,79,22,75,24,78,27,73,76,78,34,10166,57,65,73,77,79
20160117 21:23,76,25,75,24,75,41,73,76,78,34,10165,58,65,73,77,79
20160117 21:24,75,25,75,23,75,31,73,76,78,34,10165,58,65,73,77,79
20160117 21:25,75,26,76,24,76,40,73,76,78,34,10165,58,65,73,77,79
20160117 21:26,76,31,76,25,76,42,74,76,78,35,10165,59,65,73,77,79
20160117 21:27,75,30,76,25,74,36,74,76,78,35,10165,59,65,73,77,79
20160117 21:28,78,27,77,26,81,31,74,76,78,35,10164,59,65,73,77,79
20160117 21:29,79,26,77,26,77,33,74,76,78,35,10164,59,65,73,77,79
20160117 21:30,77,27,77,26,77,39,74,76,78,35,10164,59,65,73,77,79
20160117 21:31,76,27,76,27,75,33,74,76,78,35,10164,60,65,73,77,79
20160117 21:32,76,27,76,28,76,36,74,76,78,35,10163,60,65,73,77,79
20160117 21:33,78,26,77,27,79,32,74,76,78,35,10163,60,65,73,77,79
20160117 21:34,79,22,77,27,78,28,74,76,78,35,10163,60,65,72,77,79
20160117 21:35,79,25,77,27,80,35,74,76,78,35,10163,60,65,72,77,79
20160117 21:36,77,27,77,26,74,29,74,76,78,35,10163,60,65,72,77,79
20160117 21:37,74,24,77,26,74,33,74,76,78,35,10163,60,65,72,77,79
20160117 21:38,73,22,76,25,72,26,74,76,78,35,10163,60,65,72,77,79
20160117 21:39,72,18,76,24,71,25,74,76,78,35,10163,61,65,72,77,79
20160117 21:40,70,19,75,23,69,27,74,77,79,36,10164,61,65,72,77,79
20160117 21:41,72,25,75,24,74,36,74,77,79,36,10164,61,65,72,77,78
20160117 21:42,70,21,74,22,66,20,74,77,79,36,10164,61,65,72,77,79
20160117 21:43,68,18,73,22,71,28,75,77,80,37,10165,61,65,72,77,79
20160117 21:44,72,21,72,22,73,27,75,77,80,37,10166,61,65,72,77,78
20160117 21:45,72,18,72,21,72,22,75,77,80,37,10166,61,65,72,77,79
20160117 21:46,71,16,71,20,69,21,75,77,80,37,10167,61,65,72,77,78
20160117 21:47,69,18,71,19,69,27,75,77,80,37,10167,61,65,72,77,78
20160117 21:48,66,19,70,19,64,28,75,77,80,37,10167,62,65,72,77,78
20160117 21:49,65,18,69,19,66,24,75,77,80,37,10167,62,65,72,77,78
20160117 21:50,64,17,69,19,61,26,75,77,80,37,10167,62,65,72,77,78
20160117 21:51,59,19,67,18,58,31,75,77,80,37,10167,62,65,72,77,78
20160117 21:52,58,20,66,18,59,24,75,77,80,37,10167,62,65,72,77,78
20160117 21:53,61,17,66,18,64,21,75,76,79,35,10167,62,65,72,77,78
20160117 21:54,67,18,65,18,70,25,75,77,80,37,10167,62,65,72,77,78
20160117 21:55,68,19,65,18,65,23,75,77,80,37,10168,62,65,72,77,78
20160117 21:56,62,17,63,18,58,23,75,77,80,37,10167,62,65,72,77,78
20160117 21:57,64,16,63,18,69,23,76,77,80,38,10167,62,65,72,77,78
20160117 21:58,72,19,64,18,75,29,76,77,80,38,10166,62,65,72,77,78
20160117 21:59,71,22,65,19,67,27,76,77,80,38,10165,62,65,72,77,78
20160117 22:00,68,21,65,19,69,28,76,77,80,38,10164,62,65,72,77,78
20160117 22:01,69,21,67,19,69,34,76,77,80,38,10163,62,65,72,77,78
20160117 22:02,69,22,68,20,69,29,76,77,80,38,10162,62,65,72,77,78
20160117 22:03,71,24,68,20,72,35,75,77,80,37,10161,63,65,72,77,78
20160117 22:04,72,25,69,21,72,34,76,77,80,38,10160,63,65,72,77,78
20160117 22:05,73,23,69,21,73,38,76,77,80,38,10160,63,65,72,77,78
20160117 22:06,73,26,71,23,73,40,76,77,80,38,10159,63,65,72,77,78
20160117 22:07,74,30,71,24,74,44,76,77,80,38,10159,63,65,72,76,78
20160117 22:08,76,31,71,25,77,42,76,77,80,38,10159,63,65,72,76,78
20160117 22:09,80,30,73,26,83,37,76,78,81,40,10158,63,66,72,76,78
20160117 22:10,80,26,74,26,77,31,76,78,81,40,10159,63,65,72,76,78
20160117 22:11,77,27,75,27,76,40,76,78,81,40,10160,63,66,72,76,78
20160117 22:12,80,29,76,27,84,37,76,78,81,40,10160,63,66,72,76,78
20160117 22:13,82,29,77,28,80,40,76,78,81,40,10160,63,66,72,76,78
20160117 22:14,79,29,77,28,78,37,76,78,81,40,10160,63,66,72,76,78
20160117 22:15,78,29,78,29,77,39,76,78,81,40,10159,64,66,72,76,78
20160117 22:16,76,29,78,29,75,35,76,78,81,40,10159,64,66,72,76,78
20160117 22:17,76,30,78,29,76,43,76,78,81,40,10159,64,66,72,76,78
20160117 22:18,76,31,78,29,75,43,76,78,81,40,10160,64,66,72,76,78
20160117 22:19,74,31,77,29,74,43,77,78,82,41,10160,64,66,72,76,78
20160117 22:20,75,30,77,30,75,36,77,78,82,41,10162,64,66,72,76,78
20160117 22:21,72,25,76,29,68,31,77,78,82,41,10163,64,66,72,76,78
20160117 22:22,68,23,75,29,67,29,77,78,82,41,10164,64,66,72,76,78
20160117 22:23,65,23,73,28,64,30,77,78,82,41,10164,64,66,72,76,78
20160117 22:24,64,25,71,28,63,38,77,78,82,41,10164,64,66,72,76,78
20160117 22:25,61,27,70,28,60,37,77,78,82,41,10164,64,66,72,76,78
20160117 22:26,59,26,68,27,58,33,77,78,82,41,10165,64,66,72,76,78
20160117 22:27,56,25,66,26,54,33,78,78,82,42,10165,65,66,72,76,78
20160117 22:28,53,22,64,25,53,29,78,77,81,40,10165,65,66,72,76,78
20160117 22:29,52,22,61,25,50,37,78,77,81,40,10166,65,66,72,76,78
20160117 22:30,52,24,59,24,54,34,78,77,81,40,10167,65,66,72,76,78
20160117 22:31,47,23,56,24,41,35,78,77,81,40,10167,65,66,72,76,78
20160117 22:32,47,23,55,24,53,32,78,77,81,40,10168,65,66,71,76,78
20160117 22:33,53,24,54,24,54,29,79,77,82,41,10168,65,66,71,76,78
20160117 22:34,54,22,53,24,55,28,79,77,82,41,10168,65,66,71,76,78
20160117 22:35,55,21,53,23,55,27,79,77,82,41,10168,65,66,72,76,78
20160117 22:36,54,21,52,22,53,32,79,77,82,41,10168,65,66,71,76,78
20160117 22:37,54,21,52,22,55,38,79,77,82,41,10168,65,66,72,76,78
20160117 22:38,56,22,53,22,57,29,79,77,82,41,10168,65,66,71,76,78
20160117 22:39,54,21,53,22,51,25,79,77,82,41,10169,65,66,71,76,78
20160117 22:40,55,20,53,21,59,30,79,77,82,41,10168,65,66,71,76,78
20160117 22:41,57,21,55,21,55,30,79,77,82,41,10168,65,66,71,76,78
20160117 22:42,54,21,55,21,53,33,79,77,82,41,10168,65,66,71,76,78
20160117 22:43,52,21,54,21,52,25,79,77,82,41,10168,65,66,71,76,78
20160117 22:44,49,17,54,20,45,19,80,77,83,42,10168,65,66,71,76,78
20160117 22:45,50,16,53,20,54,28,80,77,83,42,10168,65,66,71,76,78
20160117 22:46,55,18,54,20,56,23,80,77,83,42,10168,65,66,71,76,78
20160117 22:47,55,18,54,19,55,24,80,77,83,42,10168,65,66,71,76,78
20160117 22:48,53,19,53,19,51,24,80,77,83,42,10168,65,66,71,76,78
20160117 22:49,45,18,52,19,39,26,80,77,83,42,10168,65,66,71,76,78
20160117 22:50,36,18,49,19,34,36,80,77,83,42,10168,65,67,71,76,78
20160117 22:51,29,20,46,19,25,29,79,77,82,41,10169,65,66,71,76,78
20160117 22:52,32,17,45,18,39,20,79,78,83,43,10169,65,67,71,76,78
20160117 22:53,35,14,43,17,32,25,79,78,83,43,10170,65,67,71,76,78
20160117 22:54,29,18,41,18,27,28,79,78,83,43,10170,65,67,71,76,78
20160117 22:55,27,21,38,18,27,31,79,78,83,43,10171,64,67,71,76,78
20160117 22:56,26,24,35,19,26,32,79,78,83,43,10172,64,67,71,76,78
20160117 22:57,22,21,32,19,18,23,78,78,82,42,10173,64,67,71,76,78
20160117 22:58,16,14,28,18,14,14,78,79,84,44,10174,64,67,71,76,78
20160117 22:59,16,12,26,18,18,22,78,79,84,44,10175,64,67,71,76,78
20160117 23:00,14,17,24,18,11,27,78,79,84,44,10175,64,67,71,76,78
20160117 23:01,3,18,21,17,355,22,78,79,84,44,10175,64,67,71,76,78
20160117 23:02,358,11,17,17,0,14,78,80,85,46,10175,64,67,71,76,78
20160117 23:03,14,8,16,16,26,11,78,80,85,46,10175,64,67,71,76,78
20160117 23:04,26,11,16,15,25,17,78,80,85,46,10176,64,67,71,76,78
20160117 23:05,22,12,15,14,18,15,78,81,86,47,10177,64,67,71,76,78
20160117 23:06,15,11,14,13,12,15,77,81,85,47,10178,64,67,71,76,78
20160117 23:07,356,10,10,12,340,12,77,81,85,47,10179,64,67,71,76,78
20160117 23:08,350,7,9,12,0,10,77,82,86,48,10180,63,67,71,76,78
20160117 23:09,0,8,7,11,359,14,77,82,86,48,10180,64,67,71,76,78
20160117 23:10,6,7,7,10,12,7,77,82,86,48,10181,63,67,71,76,78
20160117 23:11,9,5,8,9,5,7,77,82,86,48,10181,63,67,71,76,78
20160117 23:12,14,6,10,9,23,10,77,83,87,50,10181,63,67,71,76,78
20160117 23:13,16,7,8,9,8,8,76,83,87,49,10181,63,67,71,76,78
20160117 23:14,6,8,6,8,4,11,76,84,88,51,10181,63,67,71,76,78
20160117 23:15,2,9,4,8,0,10,76,84,88,51,10180,63,67,71,76,78
20160117 23:16,356,8,2,7,352,10,76,84,88,51,10180,63,67,71,76,78
20160117 23:17,14,6,8,7,37,6,76,85,89,52,10180,63,67,71,76,78
20160117 23:18,45,5,13,7,52,13,75,85,88,51,10179,63,67,71,76,78
20160117 23:19,56,8,19,7,60,13,75,85,88,51,10178,63,67,71,76,78
20160117 23:20,59,9,24,7,58,10,75,85,88,51,10177,63,67,71,75,78
20160117 23:21,54,10,29,8,51,13,74,86,88,52,10177,63,67,71,76,78
20160117 23:22,48,10,31,8,46,10,74,87,90,54,10177,63,67,71,75,78
20160117 23:23,48,9,36,8,50,13,74,87,90,54,10177,63,67,71,75,78
20160117 23:24,50,9,40,8,50,12,74,87,90,54,10177,63,67,71,75,78
20160117 23:25,45,12,44,9,39,17,73,88,90,54,10177,63,67,71,75,78
20160117 23:26,39,14,48,10,38,19,73,88,90,54,10176,63,67,71,75,78
20160117 23:27,47,13,50,10,56,15,73,88,90,54,10176,63,67,71,75,78
20160117 23:28,54,11,50,11,52,17,73,89,91,56,10176,63,67,71,75,78
20160117 23:29,50,9,49,10,48,15,72,89,90,55,10176,63,67,71,75,78
20160117 23:30,44,12,47,11,40,21,72,89,90,55,10177,63,67,71,75,78
20160117 23:31,40,16,46,12,40,23,72,89,90,55,10177,63,67,71,75,78
20160117 23:32,39,15,45,12,39,18,72,90,91,57,10176,63,67,71,75,78
20160117 23:33,37,13,44,12,35,14,72,90,91,57,10177,63,67,71,75,78
20160117 23:34,41,13,43,13,47,19,71,90,91,56,10177,63,67,71,75,78
20160117 23:35,46,11,44,12,45,14,71,90,91,56,10177,63,67,71,75,78
20160117 23:36,40,10,44,12,35,15,71,90,91,56,10178,63,67,71,75,78
20160117 23:37,37,11,42,12,40,15,71,91,92,57,10178,63,67,71,75,78
20160117 23:38,45,13,42,12,51,20,71,91,92,57,10178,63,67,71,75,78
20160117 23:39,49,14,42,13,47,20,71,91,92,57,10177,63,67,71,75,78
20160117 23:40,54,14,44,13,60,18,70,91,91,56,10176,63,67,71,75,78
20160117 23:41,61,13,46,13,61,18,70,91,91,56,10175,63,67,71,75,78
20160117 23:42,61,14,48,13,61,19,70,91,91,56,10174,63,67,71,75,78
20160117 23:43,62,16,51,13,62,22,70,91,91,56,10174,63,67,71,75,77
20160117 23:44,64,18,53,14,65,25,70,92,92,58,10173,63,67,71,75,77
20160117 23:45,64,19,55,15,63,28,70,92,92,58,10172,63,67,71,75,77
20160117 23:46,65,18,58,15,66,23,70,92,92,58,10172,63,67,71,75,77
20160117 23:47,64,19,60,16,63,33,70,92,92,58,10172,63,67,71,75,77
20160117 23:48,62,19,61,17,61,25,69,92,91,57,10172,63,67,71,75,77
20160117 23:49,62,17,62,17,63,22,69,92,91,57,10171,63,67,71,75,77
20160117 23:50,60,20,62,18,57,29,69,92,91,57,10171,63,67,71,75,77
20160117 23:51,52,21,61,19,48,28,69,92,91,57,10171,63,67,71,75,77
20160117 23:52,50,20,60,19,52,23,69,92,91,57,10170,63,67,71,75,77
20160117 23:53,53,18,59,19,55,25,69,92,91,57,10170,63,67,71,75,77
20160117 23:54,51,17,58,19,48,23,69,92,91,57,10170,63,67,71,75,77
20160117 23:55,51,18,57,19,53,35,69,92,91,57,10170,63,67,71,75,77
20160117 23:56,50,18,55,19,46,36,68,93,92,57,10169,63,67,71,75,77
20160117 23:57,48,19,53,19,49,31,68,93,92,57,10168,63,67,71,75,77
20160117 23:58,51,20,52,19,52,29,68,93,92,57,10168,63,67,71,75,77
20160117 23:59,51,23,51,20,50,38,68,93,92,57,10167,63,67,71,75,77
20160117 00:00,51,27,50,20,51,40,68,93,92,57,10167,63,67,71,75,77
20160117 00:01,51,27,51,21,50,39,68,93,92,57,10166,63,67,71,75,77
20160117 00:02,51,24,51,21,53,37,68,93,92,57,10165,63,67,71,75,77
20160117 00:03,53,25,51,22,53,38,68,93,92,57,10164,63,67,71,75,77
20160117 00:04,50,30,50,24,47,43,68,93,92,57,10163,63,67,71,75,77
20160117 00:05,44,30,49,25,42,48,68,93,92,57,10163,63,67,71,75,77
20160117 00:06,44,34,49,27,46,56,68,93,92,57,10163,63,67,71,75,77
20160117 00:07,44,36,49,28,42,48,68,93,92,57,10164,63,67,71,75,77
20160117 00:08,47,28,49,29,51,41,68,93,92,57,10164,63,67,71,75,77
20160117 00:09,53,24,49,28,54,34,68,93,92,57,10164,63,67,71,75,77
20160117 00:10,56,26,50,28,57,46,68,93,92,57,10164,63,67,71,75,77
20160117 00:11,53,28,49,28,49,36,68,93,92,57,10164,63,67,71,75,77
20160117 00:12,47,28,49,29,46,51,68,93,92,57,10162,63,67,71,75,77
20160117 00:13,44,29,48,29,42,35,68,93,92,57,10162,63,67,71,75,77
20160117 00:14,44,33,47,30,46,57,68,93,92,57,10161,63,67,71,75,77
20160117 00:15,51,35,49,30,55,44,68,94,93,59,10162,63,67,71,75,77
20160117 00:16,57,30,50,29,59,40,68,94,93,59,10163,63,67,71,75,77
20160117 00:17,56,27,51,28,52,34,68,94,93,59,10163,63,67,71,75,77
20160117 00:18,52,22,51,28,52,42,68,94,93,59,10163,63,67,71,75,77
20160117 00:19,51,24,51,28,51,42,68,94,93,59,10163,63,67,71,75,77
20160117 00:20,48,25,50,28,45,31,68,94,93,59,10163,63,67,71,75,77
20160117 00:21,44,24,49,28,42,38,68,94,93,59,10162,63,67,71,75,77
20160117 00:22,48,24,50,27,55,30,68,94,93,59,10162,63,67,71,75,77
20160117 00:23,54,24,51,27,54,37,68,94,93,59,10162,63,67,71,75,77
20160117 00:24,55,26,52,26,56,41,68,94,93,59,10162,63,67,71,75,77
20160117 00:25,55,25,52,25,55,39,68,94,93,59,10162,64,67,71,75,77
20160117 00:26,57,28,52,25,59,38,68,94,93,59,10162,64,67,71,75,77
20160117 00:27,56,25,52,25,53,30,68,94,93,59,10162,64,67,71,75,77
20160117 00:28,48,23,51,25,43,40,68,94,93,59,10161,64,67,71,75,77
20160117 00:29,43,28,51,25,43,46,68,94,93,59,10160,64,67,71,75,77
20160117 00:30,54,28,52,26,64,39,68,94,93,59,10160,64,67,71,75,77
20160117 00:31,62,25,54,26,61,34,68,94,93,59,10159,64,67,71,75,77
20160117 00:32,59,26,55,26,57,41,68,94,93,59,10158,64,67,71,75,77
20160117 00:33,60,30,55,27,62,42,68,94,93,59,10158,64,67,71,75,77
20160117 00:34,63,31,56,27,65,36,68,94,93,59,10157,64,67,71,75,77
20160117 00:35,66,30,57,28,66,49,68,94,93,59,10156,64,67,71,75,77
20160117 00:36,65,30,58,28,63,39,68,94,93,59,10156,64,67,71,75,77
20160117 00:37,64,29,59,28,64,47,68,94,93,59,10156,64,67,71,75,77
20160117 00:38,62,32,61,29,61,44,69,94,93,60,10156,64,67,71,75,77
20160117 00:39,63,34,63,30,66,46,69,95,94,62,10156,64,67,71,75,77
20160117 00:40,63,33,63,30,61,44,69,95,94,62,10155,64,67,71,75,77
20160117 00:41,63,32,63,31,64,37,69,95,94,62,10155,64,67,71,75,77
20160117 00:42,64,28,64,31,63,34,69,95,94,62,10155,64,67,71,75,77
20160117 00:43,65,27,64,30,67,41,69,95,94,62,10154,64,67,71,75,77
20160117 00:44,66,29,64,31,64,44,69,95,94,62,10154,65,67,71,75,77
20160117 00:45,63,31,63,31,61,44,69,95,94,62,10154,65,67,71,75,77
20160117 00:46,61,31,63,31,61,40,69,95,94,62,10154,65,67,71,75,77
20160117 00:47,61,30,63,31,61,39,69,95,94,62,10154,65,67,71,75,77
20160117 00:48,61,31,63,31,62,48,69,95,94,62,10154,65,67,71,75,77
20160117 00:49,63,30,63,30,64,35,70,95,95,63,10154,65,67,71,75,77
20160117 00:50,62,29,63,30,60,43,70,95,95,63,10154,65,67,71,75,77
20160117 00:51,62,30,63,30,64,42,70,95,95,63,10153,65,67,71,75,77
20160117 00:52,66,31,63,30,68,47,70,95,95,63,10153,65,67,71,75,77
20160117 00:53,66,30,63,30,65,47,70,95,95,63,10153,65,67,71,75,77
20160117 00:54,68,30,64,30,71,40,70,95,95,63,10152,65,67,71,75,77
20160117 00:55,71,30,65,30,71,41,70,95,95,63,10152,65,67,71,75,77
20160117 00:56,70,28,65,30,68,38,71,95,96,64,10151,65,67,71,75,77
20160117 00:57,68,32,66,31,67,47,71,95,96,64,10151,65,67,71,75,77
20160117 00:58,73,36,68,31,79,48,71,95,96,64,10150,66,67,71,75,77
20160117 00:59,75,33,68,31,70,46,71,95,96,64,10149,66,67,71,75,77
20160117 01:00,72,33,70,32,74,51,71,95,96,64,10149,66,67,71,75,77
20160117 01:01,72,37,70,33,69,65,71,95,96,64,10149,66,67,71,75,77
20160117 01:02,70,37,70,33,71,50,72,95,96,65,10148,66,67,71,75,77
20160117 01:03,68,36,70,34,65,52,72,95,96,65,10147,66,67,71,75,77
20160117 01:04,65,38,70,35,64,53,72,95,96,65,10146,66,67,71,75,77
20160117 01:05,63,38,69,36,62,49,72,95,96,65,10146,66,67,71,75,77
20160117 01:06,61,40,68,37,61,55,72,95,96,65,10146,66,67,71,75,77
20160117 01:07,61,39,68,37,61,50,73,95,97,66,10146,66,67,71,75,77
20160117 01:08,59,39,65,38,58,60,73,95,97,66,10147,66,67,71,75,77
20160117 01:09,62,41,65,38,67,52,73,95,97,66,10146,66,67,71,75,77
20160117 01:10,68,34,65,38,69,46,73,95,97,66,10146,66,67,71,75,77
20160117 01:11,67,35,64,38,64,55,73,95,97,66,10146,66,67,71,75,77
20160117 01:12,64,36,63,38,64,46,73,95,97,66,10146,67,67,71,75,77
20160117 01:13,65,35,64,37,66,47,73,95,97,66,10146,67,67,71,75,77
20160117 01:14,68,37,64,37,70,60,74,95,98,67,10146,67,67,71,75,77
20160117 01:15,73,38,66,38,76,53,74,95,98,67,10146,67,67,71,75,77
20160117 01:16,71,39,66,37,65,56,74,95,98,67,10145,67,67,71,75,77
20160117 01:17,70,41,67,38,75,56,74,95,98,67,10144,67,67,71,75,77
20160117 01:18,73,40,69,37,72,47,74,95,98,67,10144,67,67,71,75,77
20160117 01:19,74,37,70,37,76,47,74,95,98,67,10144,67,67,71,75,77
20160117 01:20,76,37,70,38,76,49,74,95,98,67,10144,67,67,71,75,77
20160117 01:21,75,39,71,38,73,59,74,95,98,67,10145,67,67,71,75,77
20160117 01:22,76,37,73,38,79,39,75,95,98,68,10145,67,67,71,75,77
20160117 01:23,77,30,74,37,74,39,75,95,98,68,10145,67,67,71,75,77
20160117 01:24,76,31,75,37,79,39,75,95,98,68,10145,67,67,71,75,77
20160117 01:25,78,39,75,37,77,59,75,95,98,68,10145,67,67,71,75,77
20160117 01:26,75,40,75,37,73,55,75,95,98,68,10145,67,67,71,75,77
20160117 01:27,73,38,75,37,74,68,75,95,98,68,10144,68,67,71,75,77
20160117 01:28,77,38,76,37,81,44,75,95,98,68,10144,68,67,71,75,77
20160117 01:29,76,32,76,36,72,42,75,95,98,68,10144,68,68,71,75,77
20160117 01:30,76,34,76,36,80,50,75,95,98,68,10144,68,68,71,75,77
20160117 01:31,75,36,76,35,71,47,75,95,98,68,10144,68,68,71,75,77
20160117 01:32,72,36,75,36,74,51,75,95,98,68,10144,68,68,71,75,77
20160117 01:33,75,36,76,36,76,44,76,95,99,69,10144,68,68,71,75,77
20160117 01:34,74,32,75,36,72,42,76,95,99,69,10144,68,68,71,75,77
20160117 01:35,75,26,75,34,79,32,76,95,99,69,10144,68,68,71,75,77
20160117 01:36,73,24,75,33,67,41,76,95,99,69,10144,68,68,71,75,77
20160117 01:37,70,28,74,32,73,42,76,95,99,69,10144,68,68,71,75,77
20160117 01:38,76,32,74,32,78,41,76,95,99,69,10144,68,68,71,75,77
20160117 01:39,77,30,75,31,76,38,76,95,99,69,10144,68,68,71,75,77
20160117 01:40,75,29,74,31,75,38,76,95,99,69,10144,68,68,71,75,77
20160117 01:41,72,30,74,30,70,46,76,95,99,69,10145,68,68,71,75,77
20160117 01:42,72,28,74,29,74,36,76,95,99,69,10146,68,68,71,75,77
20160117 01:43,75,25,74,28,76,31,76,95,99,69,10147,68,68,71,75,77
20160117 01:44,75,23,74,27,74,30,76,95,99,69,10148,68,68,71,75,77
20160117 01:45,79,22,75,27,84,33,76,95,99,69,10148,68,68,71,75,77
20160117 01:46,79,21,75,27,75,27,76,95,99,69,10149,68,68,71,75,77
20160117 01:47,75,20,76,25,75,28,76,95,99,69,10149,68,68,71,75,77
20160117 01:48,82,21,77,24,88,34,76,95,99,69,10149,68,68,71,75,77
20160117 01:49,85,22,77,24,82,26,76,95,99,69,10149,68,68,71,75,77
20160117 01:50,76,25,77,24,70,39,76,95,99,69,10148,68,68,71,75,77
20160117 01:51,72,26,77,23,73,37,76,95,99,69,10148,69,68,71,75,77
20160117 01:52,76,23,78,23,80,36,76,95,99,69,10148,69,68,71,75,77
20160117 01:53,76,25,77,23,73,39,77,95,100,70,10148,69,68,71,75,77
20160117 01:54,73,27,77,23,73,35,77,95,100,70,10147,69,68,71,75,77
20160117 01:55,72,24,76,23,71,33,77,95,100,70,10147,69,68,71,75,77
20160117 01:56,72,26,76,24,72,38,77,95,100,70,10147,69,68,71,75,77
20160117 01:57,71,26,75,25,71,31,77,95,100,70,10148,69,68,71,75,77
20160117 01:58,72,22,74,25,73,32,77,95,100,70,10149,69,68,71,75,77
20160117 01:59,70,23,72,25,68,32,77,95,100,70,10149,69,68,71,75,77
20160117 02:00,74,27,73,25,79,38,77,95,100,70,10150,69,68,71,75,77
20160117 02:01,75,24,73,25,71,25,77,95,100,70,10150,69,68,71,75,77
20160117 02:02,73,20,72,25,74,26,77,95,100,70,10151,69,68,71,75,77
20160117 02:03,77,22,73,24,81,29,77,95,100,70,10151,69,68,71,75,77
20160117 02:04,78,23,74,24,76,28,77,95,100,70,10151,69,68,71,75,77
20160117 02:05,73,21,73,23,69,26,77,95,100,70,10151,69,69,71,75,77
20160117 02:06,70,19,73,22,71,30,77,95,100,70,10151,69,69,71,75,77
20160117 02:07,69,19,73,22,67,27,77,95,100,70,10151,69,69,71,75,77
20160117 02:08,70,21,73,22,74,30,77,95,100,70,10151,69,69,71,75,77
20160117 02:09,77,19,74,21,81,25,77,95,100,70,10152,69,69,71,75,77
20160117 02:10,80,21,74,21,79,34,77,95,100,70,10152,69,69,71,75,77
20160117 02:11,78,23,75,21,77,28,77,95,100,70,10152,69,69,71,75,77
20160117 02:12,75,21,75,21,74,29,77,95,100,70,10152,69,69,71,75,77
20160117 02:13,75,21,74,21,76,23,77,95,100,70,10152,69,69,71,75,77
20160117 02:14,76,21,74,21,75,25,77,95,100,70,10153,69,69,71,75,77
20160117 02:15,77,20,75,20,78,30,77,95,100,70,10153,69,69,71,75,77
20160117 02:16,78,20,76,21,78,27,77,95,100,70,10153,69,69,71,75,77
20160117 02:17,76,19,77,20,74,22,77,95,100,70,10153,69,69,71,75,77
20160117 02:18,77,18,77,20,80,25,77,95,100,70,10153,69,69,71,75,77
20160117 02:19,83,21,78,21,86,29,77,95,100,70,10153,69,69,71,75,77
20160117 02:20,85,21,78,20,84,26,77,95,100,70,10153,69,69,71,75,77
20160117 02:21,84,19,79,20,85,23,76,95,99,69,10153,69,69,71,75,77
20160117 02:22,85,18,80,20,85,26,76,95,99,69,10153,69,69,71,75,77
20160117 02:23,87,21,81,20,88,31,76,95,99,69,10153,69,69,71,75,77
20160117 02:24,84,22,82,20,80,28,76,95,99,69,10153,69,69,71,75,77
20160117 02:25,83,24,83,21,86,46,76,95,99,69,10153,69,69,71,75,77
20160117 02:26,85,29,83,22,85,36,76,95,99,69,10152,69,69,71,75,77
20160117 02:27,82,27,84,22,79,32,76,95,99,69,10152,69,69,71,75,77
20160117 02:28,79,25,84,23,79,36,76,95,99,69,10152,69,69,71,75,77
20160117 02:29,79,27,83,24,78,37,76,95,99,69,10152,69,69,71,75,77
20160117 02:30,79,28,82,25,79,39,76,95,99,69,10151,69,69,71,75,77
20160117 02:31,78,25,82,25,77,29,76,96,100,70,10151,69,69,71,75,77
20160117 02:32,73,23,80,26,70,30,76,96,100,70,10151,70,69,71,75,77
20160117 02:33,73,26,79,26,75,44,76,96,100,70,10150,69,69,71,75,77
20160117 02:34,73,27,78,26,72,36,76,96,100,70,10150,69,69,71,75,77
20160117 02:35,72,24,76,26,71,31,76,96,100,70,10149,69,69,71,75,77
20160117 02:36,71,23,75,25,70,27,76,96,100,70,10149,69,69,71,75,77
20160117 02:37,70,24,74,25,70,34,76,96,100,70,10148,69,69,71,75,77
20160117 02:38,68,25,73,25,66,36,76,96,100,70,10148,69,69,71,75,77
20160117 02:39,67,26,72,25,68,35,76,96,100,70,10148,69,69,71,75,77
20160117 02:40,70,27,71,25,73,38,76,96,100,70,10148,69,69,71,75,77
20160117 02:41,73,27,71,26,74,33,76,96,100,70,10148,69,69,71,75,77
20160117 02:42,72,26,71,26,70,39,76,96,100,70,10148,69,69,71,75,77
20160117 02:43,71,23,71,25,73,33,76,96,100,70,10148,69,69,71,75,77
20160117 02:44,74,26,71,26,75,39,76,96,100,70,10148,69,69,71,75,77
20160117 02:45,74,28,71,26,73,33,76,96,100,70,10147,69,69,71,75,77
20160117 02:46,73,27,72,26,74,37,76,96,100,70,10147,69,69,71,75,77
20160117 02:47,74,27,72,27,75,36,76,96,100,70,10147,69,69,71,75,77
20160117 02:48,72,26,73,26,70,36,76,96,100,70,10147,69,69,71,75,77
20160117 02:49,73,28,73,27,77,42,76,96,100,70,10147,69,69,71,75,77
20160117 02:50,77,30,74,27,77,42,76,96,100,70,10147,69,69,71,75,77
20160117 02:51,78,31,74,28,80,42,76,96,100,70,10147,69,69,71,75,77
20160117 02:52,79,33,75,28,77,39,76,96,100,70,10147,69,69,71,75,77
20160117 02:53,77,29,75,29,76,35,76,96,100,70,10147,69,69,71,75,77
20160117 02:54,76,29,76,29,77,40,76,96,100,70,10147,69,69,71,75,77
20160117 02:55,78,28,76,29,79,36,76,96,100,70,10147,69,69,71,75,77
20160117 02:56,82,23,77,28,84,30,76,96,100,70,10147,69,69,71,75,77
20160117 02:57,79,24,77,28,74,36,76,96,100,70,10146,69,69,71,75,77
20160117 02:58,75,27,78,28,75,37,76,96,100,70,10146,69,69,71,75,77
20160117 02:59,76,26,78,28,77,34,76,96,100,70,10147,69,69,71,75,77
20160117 03:00,76,22,77,27,76,26,76,96,100,70,10146,69,69,71,75,77
20160117 03:01,77,26,77,27,77,44,76,96,100,70,10146,69,69,71,75,77
20160117 03:02,78,32,77,27,78,41,76,96,100,70,10146,69,69,71,75,77
20160117 03:03,78,32,77,27,78,40,76,96,100,70,10146,69,70,71,75,77
20160117 03:04,78,32,77,27,77,38,76,96,100,70,10146,69,70,71,75,77
20160117 03:05,76,29,77,28,75,38,76,96,100,70,10146,69,69,71,75,77
20160117 03:06,78,27,77,28,80,38,76,96,100,70,10145,69,70,71,75,77
20160117 03:07,77,33,77,29,74,48,76,96,100,70,10145,69,70,72,75,77
20160117 03:08,76,32,77,29,77,39,76,96,100,70,10145,70,70,72,75,77
20160117 03:09,80,29,77,30,83,45,76,96,100,70,10145,69,70,72,75,77
20160117 03:10,82,31,78,31,81,44,76,96,100,70,10145,69,70,71,75,77
20160117 03:11,84,31,79,30,86,39,76,96,100,70,10145,69,70,72,75,77
20160117 03:12,82,28,79,30,79,34,76,96,100,70,10145,70,70,72,75,77
20160117 03:13,83,28,80,30,88,44,76,96,100,70,10145,69,70,71,75,77
20160117 03:14,85,32,80,30,82,40,76,96,100,70,10145,69,70,72,75,77
20160117 03:15,83,29,81,30,84,37,76,96,100,70,10145,70,70,72,75,77
20160117 03:16,79,23,81,29,73,31,76,96,100,70,10145,70,70,72,75,77
20160117 03:17,77,25,81,28,80,41,76,96,100,70,10145,69,70,72,75,77
20160117 03:18,82,24,82,28,85,27,76,96,100,70,10145,69,70,72,75,77
20160117 03:19,86,25,83,28,87,41,75,96,99,69,10146,69,70,72,75,77
20160117 03:20,83,28,82,27,79,34,75,96,99,69,10146,70,70,72,75,77
20160117 03:21,81,23,82,26,82,30,75,96,99,69,10145,70,70,72,75,77
20160117 03:22,82,23,82,26,82,31,75,96,99,69,10145,70,70,72,75,77
20160117 03:23,83,22,82,25,83,26,75,96,99,69,10145,70,70,72,75,77
20160117 03:24,83,25,82,25,84,48,75,96,99,69,10145,70,70,72,75,77
20160117 03:25,80,28,81,25,75,37,75,96,99,69,10145,70,70,72,75,77
20160117 03:26,78,29,82,26,81,41,75,96,99,69,10144,70,70,72,75,77
20160117 03:27,78,30,81,26,74,36,75,96,99,69,10144,70,70,72,75,77
20160117 03:28,79,28,81,27,83,34,75,96,99,69,10144,70,70,72,75,77
20160117 03:29,79,28,80,26,74,40,75,96,99,69,10143,70,70,72,75,77
20160117 03:30,75,28,79,27,76,35,75,96,99,69,10143,70,70,72,75,77
20160117 03:31,78,27,79,27,81,34,75,96,99,69,10143,70,70,72,75,77
20160117 03:32,79,30,79,28,78,46,75,96,99,69,10143,70,70,72,75,77
20160117 03:33,76,31,78,29,75,37,75,96,99,69,10142,70,70,72,75,77
20160117 03:34,75,25,77,28,75,29,75,96,99,69,10142,70,70,72,75,77
20160117 03:35,75,25,77,28,76,33,75,96,99,69,10143,69,70,72,75,77
20160117 03:36,79,29,77,28,83,41,75,96,99,69,10143,69,70,72,75,77
20160117 03:37,79,29,78,28,76,39,75,96,99,69,10142,69,70,72,75,77
20160117 03:38,80,30,78,28,83,40,75,96,99,69,10142,69,70,72,75,77
20160117 03:39,79,31,78,29,76,42,75,96,99,69,10142,70,70,72,75,77
20160117 03:40,76,30,78,29,76,35,75,96,99,69,10141,69,70,72,75,77
20160117 03:41,74,29,77,29,73,40,75,96,99,69,10141,69,70,72,75,77
20160117 03:42,75,27,77,28,78,37,75,96,99,69,10141,69,70,72,75,77
20160117 03:43,77,26,77,28,76,38,75,96,99,69,10140,69,70,72,75,77
20160117 03:44,78,25,78,28,79,33,75,96,99,69,10141,69,70,72,75,77
20160117 03:45,80,25,78,28,80,33,75,96,99,69,10141,69,70,72,75,77
20160117 03:46,83,26,78,28,86,42,75,96,99,69,10140,69,70,72,75,77
20160117 03:47,87,32,79,28,88,49,75,96,99,69,10140,69,70,72,75,77
20160117 03:48,87,32,80,28,85,37,75,96,99,69,10140,70,70,72,75,77
20160117 03:49,85,28,80,28,84,46,75,96,99,69,10140,70,70,72,75,77
20160117 03:50,85,29,82,28,86,44,75,96,99,69,10139,70,70,72,75,77
20160117 03:51,86,30,83,28,86,42,75,96,99,69,10139,70,70,72,75,77
20160117 03:52,82,29,83,28,78,42,75,96,99,69,10139,70,70,72,75,77
20160117 03:53,79,25,83,28,80,33,75,96,99,69,10138,70,70,72,75,77
20160117 03:54,81,28,84,29,82,40,75,96,99,69,10138,69,70,72,75,77
20160117 03:55,81,34,83,30,79,43,75,96,99,69,10138,70,70,72,75,77
20160117 03:56,82,30,83,30,85,36,75,96,99,69,10137,70,70,72,75,77
20160117 03:57,80,28,82,29,76,41,75,96,99,69,10137,69,70,72,75,77
20160117 03:58,79,32,82,30,83,45,75,96,99,69,10137,70,70,72,75,77
20160117 03:59,82,35,82,30,82,46,75,96,99,69,10137,70,70,72,75,77
20160117 04:00,80,33,81,31,78,46,75,96,99,69,10137,70,70,72,75,77
20160117 04:01,81,31,81,31,84,42,75,96,99,69,10137,70,70,72,75,77
20160117 04:02,82,34,81,32,79,44,75,96,99,69,10136,69,70,72,75,77
20160117 04:03,79,36,81,33,78,46,75,96,99,69,10136,70,70,72,75,77
20160117 04:04,80,34,81,33,82,45,75,96,99,69,10136,70,70,72,75,77
20160117 04:05,80,34,80,33,78,43,75,96,99,69,10136,70,70,72,75,77
20160117 04:06,78,31,80,33,77,43,75,96,99,69,10136,70,70,72,75,77
20160117 04:07,77,31,80,34,76,44,75,96,99,69,10136,70,70,72,75,77
20160117 04:08,78,35,79,34,79,49,75,96,99,69,10136,70,70,72,75,77
20160117 04:09,77,32,79,33,75,40,75,96,99,69,10135,70,70,72,75,77
20160117 04:10,75,30,78,33,75,40,75,96,99,69,10135,70,70,72,75,77
20160117 04:11,76,31,77,33,76,43,75,96,99,69,10135,69,70,72,75,77
20160117 04:12,77,27,77,32,78,35,75,96,99,69,10136,69,70,72,75,77
20160117 04:13,76,26,77,31,74,42,75,96,99,69,10136,69,70,72,75,77
20160117 04:14,75,26,76,30,76,31,75,96,99,69,10136,69,70,72,75,77
20160117 04:15,74,22,76,29,72,28,75,96,99,69,10136,69,70,72,75,77
20160117 04:16,72,26,75,29,72,39,75,96,99,69,10136,69,70,72,75,77
20160117 04:17,77,27,76,28,82,32,75,96,99,69,10136,70,70,72,75,77
20160117 04:18,78,27,75,27,73,38,75,96,99,69,10136,69,70,72,75,77
20160117 04:19,75,29,75,27,77,40,75,96,99,69,10135,70,70,72,75,77
20160117 04:20,77,27,76,27,78,33,75,96,99,69,10135,70,70,72,75,77
20160117 04:21,76,27,75,26,73,39,75,96,99,69,10135,70,70,72,75,77
20160117 04:22,72,28,75,27,70,32,75,96,99,69,10135,70,70,72,75,77
20160117 04:23,72,26,75,26,75,31,75,96,99,69,10134,70,70,72,75,77
20160117 04:24,74,26,74,27,73,35,75,96,99,69,10134,70,70,72,75,77
20160117 04:25,74,28,75,28,76,40,75,96,99,69,10134,70,70,72,75,77
20160117 04:26,76,29,75,27,75,47,75,96,99,69,10133,70,70,72,75,77
20160117 04:27,73,28,74,28,71,33,75,96,99,69,10133,70,70,72,75,77
20160117 04:28,73,25,74,27,74,32,75,96,99,69,10133,70,70,72,75,77
20160117 04:29,73,23,74,26,72,30,75,96,99,69,10133,70,70,72,75,77
20160117 04:30,73,22,73,26,75,27,75,96,99,69,10133,70,70,72,75,77
20160117 04:31,75,24,74,26,75,36,75,96,99,69,10132,70,70,72,75,77
20160117 04:32,73,27,74,26,71,40,75,96,99,69,10132,70,70,72,75,77
20160117 04:33,70,29,73,26,70,38,75,96,99,69,10131,70,70,72,75,77
20160117 04:34,69,29,73,26,67,34,75,96,99,69,10131,70,70,72,75,77
20160117 04:35,69,26,72,26,71,37,75,96,99,69,10131,70,70,72,75,77
20160117 04:36,70,27,71,26,68,38,75,96,99,69,10131,70,70,72,75,77
20160117 04:37,69,29,71,26,70,45,75,96,99,69,10131,70,70,72,75,77
20160117 04:38,72,31,71,27,75,47,75,96,99,69,10131,70,70,72,75,77
20160117 04:39,75,32,72,28,75,42,75,96,99,69,10130,70,70,72,75,77
20160117 04:40,75,32,72,29,75,45,75,96,99,69,10130,70,70,72,75,77
20160117 04:41,72,32,71,30,68,45,75,96,99,69,10130,70,70,72,75,77
20160117 04:42,72,32,71,30,75,47,75,96,99,69,10130,70,70,72,75,77
20160117 04:43,74,31,72,30,72,43,76,96,100,70,10130,70,70,72,75,77
20160117 04:44,71,30,72,30,70,36,76,96,100,70,10130,70,70,72,75,77
20160117 04:45,72,29,72,31,75,37,76,96,100,70,10131,70,70,72,75,77
20160117 04:46,73,23,73,30,72,28,76,96,100,70,10131,70,70,72,75,77
20160117 04:47,73,22,73,29,74,37,76,96,100,70,10131,70,70,72,75,77
20160117 04:48,76,23,73,28,77,28,76,96,100,70,10131,70,70,72,75,77
20160117 04:49,76,23,73,27,75,41,76,96,100,70,10131,70,70,72,75,77
20160117 04:50,73,24,73,26,71,27,76,96,100,70,10131,70,70,72,75,77
20160117 04:51,73,23,74,26,75,28,76,96,100,70,10131,70,70,72,75,77
20160117 04:52,74,25,74,25,74,31,76,96,100,70,10131,70,70,72,75,77
20160117 04:53,74,27,74,25,75,37,76,96,100,70,10131,70,70,72,75,77
20160117 04:54,76,30,75,25,77,40,76,96,100,70,10132,70,70,72,75,77
20160117 04:55,77,31,75,25,77,45,76,96,100,70,10132,70,70,72,75,77
20160117 04:56,78,30,75,26,79,37,76,96,100,70,10132,70,70,72,75,77
20160117 04:57,76,26,75,26,73,36,76,96,100,70,10132,70,70,72,75,77
20160117 04:58,72,26,75,27,70,37,76,96,100,70,10132,70,70,72,75,77
20160117 04:59,75,27,75,27,79,34,76,96,100,70,10132,70,70,72,75,77
20160117 05:00,79,24,76,27,79,26,76,96,100,70,10132,70,70,72,75,77
20160117 05:01,75,21,75,27,71,35,76,96,100,70,10132,70,70,72,75,77
20160117 05:02,74,26,76,27,78,46,76,96,100,70,10132,70,70,72,75,77
20160117 05:03,76,30,76,27,75,42,76,96,100,70,10132,70,70,72,75,77
20160117 05:04,73,25,75,26,72,30,76,96,100,70,10132,70,70,72,75,77
20160117 05:05,71,22,75,25,71,40,76,96,100,70,10132,70,70,72,75,77
20160117 05:06,71,25,74,25,70,44,76,96,100,70,10132,70,70,72,75,77
20160117 05:07,71,26,74,25,72,32,76,96,100,70,10131,70,70,72,75,77
20160117 05:08,71,23,74,25,70,28,76,96,100,70,10131,71,70,72,75,77
20160117 05:09,67,22,72,24,64,29,76,96,100,70,10131,71,70,72,75,77
20160117 05:10,65,21,71,24,67,30,76,96,100,70,10132,71,70,72,75,77
20160117 05:11,66,22,70,25,66,29,76,96,100,70,10132,71,70,72,75,77
20160117 05:12,65,23,69,24,64,36,76,96,100,70,10132,71,70,72,75,77
20160117 05:13,63,21,68,23,62,28,76,96,100,70,10133,71,70,72,75,77
20160117 05:14,66,24,68,23,70,31,76,96,100,70,10133,71,70,72,75,77
20160117 05:15,67,22,67,23,65,26,76,96,100,70,10133,71,70,72,75,77
20160117 05:16,63,16,66,22,61,25,76,96,100,70,10133,71,70,72,75,77
20160117 05:17,63,18,65,21,64,28,76,96,100,70,10133,71,71,72,75,77
20160117 05:18,63,21,65,21,63,26,76,97,101,72,10133,71,71,72,75,77
20160117 05:19,63,21,64,21,62,29,76,97,101,72,10133,71,70,72,75,77
20160117 05:20,64,22,64,21,65,35,76,97,101,72,10133,71,71,72,75,77
20160117 05:21,67,22,64,21,69,28,76,97,101,72,10133,71,71,72,75,77
20160117 05:22,66,20,64,21,64,28,76,97,101,72,10132,71,71,72,75,77
20160117 05:23,66,20,65,21,68,31,76,97,101,72,10132,71,71,72,75,77
20160117 05:24,67,24,65,21,67,32,77,97,102,73,10132,71,71,72,75,77
20160117 05:25,68,27,65,22,69,36,77,97,102,73,10131,71,71,72,75,77
20160117 05:26,67,29,65,23,64,37,77,97,102,73,10130,71,71,72,75,77
20160117 05:27,66,32,66,24,67,45,77,97,102,73,10130,71,71,72,75,77
20160117 05:28,65,29,66,25,64,31,77,97,102,73,10129,71,71,72,75,77
20160117 05:29,63,29,66,26,62,47,77,97,102,73,10129,71,71,72,75,77
20160117 05:30,62,33,66,27,63,37,77,97,102,73,10129,71,71,72,75,77
20160117 05:31,64,31,65,28,65,40,77,97,102,73,10129,71,71,72,75,77
20160117 05:32,65,27,66,28,66,34,77,97,102,73,10130,71,71,72,75,77
20160117 05:33,66,26,65,29,67,37,77,97,102,73,10130,71,71,72,75,77
20160117 05:34,66,27,65,29,65,40,77,97,102,73,10131,71,71,72,75,77
20160117 05:35,64,28,65,29,63,38,77,97,102,73,10131,71,71,72,75,77
20160117 05:36,64,26,65,29,64,33,77,97,102,73,10132,71,71,72,75,77
20160117 05:37,63,22,64,27,62,31,77,97,102,73,10133,71,71,72,75,77
20160117 05:38,61,20,64,27,60,24,77,97,102,73,10133,71,71,72,75,77
20160117 05:39,55,18,63,25,50,28,77,97,102,73,10133,71,71,72,75,77
20160117 05:40,51,20,62,24,53,29,77,97,102,73,10133,72,71,72,75,77
20160117 05:41,50,22,60,23,47,27,77,97,102,73,10133,72,71,72,75,77
20160117 05:42,43,24,57,23,38,36,77,97,102,73,10133,72,71,72,75,77
20160117 05:43,40,23,54,23,42,33,77,97,102,73,10133,72,71,72,75,77
20160117 05:44,39,19,52,22,36,33,77,97,102,73,10133,72,71,72,75,77
20160117 05:45,38,22,49,21,41,36,77,97,102,73,10133,72,71,72,75,77
20160117 05:46,40,24,47,21,40,30,77,97,102,73,10133,72,71,72,75,77
20160117 05:47,43,22,45,21,46,28,77,97,102,73,10133,72,71,72,75,77
20160117 05:48,43,23,43,22,41,44,77,97,102,73,10133,72,71,72,75,77
20160117 05:49,44,23,43,22,47,36,77,97,102,73,10133,72,71,72,75,77
20160117 05:50,44,22,42,22,40,34,77,97,102,73,10133,72,71,72,75,77
20160117 05:51,41,23,41,23,42,30,77,97,102,73,10134,72,71,72,75,77
20160117 05:52,45,27,42,23,48,40,77,97,102,73,10134,72,71,72,75,77
20160117 05:53,43,29,42,24,37,39,77,97,102,73,10134,72,71,72,75,77
20160117 05:54,43,27,43,25,49,34,77,97,102,73,10134,72,71,72,75,77
20160117 05:55,47,26,44,25,46,37,77,97,102,73,10134,72,71,72,75,77
20160117 05:56,44,30,44,26,42,43,77,97,102,73,10135,72,71,72,75,77
20160117 05:57,43,26,44,26,43,28,77,97,102,73,10135,72,71,72,75,77
20160117 05:58,43,22,44,26,42,36,77,97,102,73,10135,72,71,72,75,77
20160117 05:59,43,26,43,26,44,35,77,97,102,73,10134,72,71,72,75,77
20160117 06:00,42,30,43,27,41,40,77,97,102,73,10134,72,71,72,75,77
20160117 06:01,43,30,44,28,45,42,77,97,102,73,10133,72,71,72,75,77
20160117 06:02,42,28,43,28,39,44,77,97,102,73,10133,72,71,72,75,77
20160117 06:03,37,31,43,28,36,46,77,97,102,73,10133,72,71,72,75,77
20160117 06:04,39,31,42,28,43,36,77,97,102,73,10134,72,71,72,75,77
20160117 06:05,40,26,41,28,37,37,77,97,102,73,10134,72,71,72,75,77
20160117 06:06,39,25,41,27,42,42,77,97,102,73,10134,72,71,72,75,77
20160117 06:07,39,26,41,28,37,37,77,97,102,73,10134,72,71,72,75,77
20160117 06:08,41,27,41,28,45,38,77,97,102,73,10134,72,71,73,75,77
20160117 06:09,39,27,40,28,33,42,77,97,102,73,10134,72,71,73,75,77
20160117 06:10,41,30,40,28,48,44,77,97,102,73,10134,72,71,72,75,77
20160117 06:11,44,31,40,28,40,52,77,97,102,73,10134,72,71,72,75,77
20160117 06:12,40,29,40,28,41,40,77,97,102,73,10134,72,71,73,75,77
20160117 06:13,45,26,41,27,48,36,77,97,102,73,10134,72,71,73,75,77
20160117 06:14,47,32,42,29,45,55,77,97,102,73,10134,72,71,73,75,77
20160117 06:15,48,31,43,28,52,47,77,97,102,73,10134,72,71,73,75,77
20160117 06:16,48,31,43,30,44,58,77,97,102,73,10134,73,71,73,75,77
20160117 06:17,43,34,44,30,42,43,77,97,102,73,10134,73,71,73,75,77
20160117 06:18,45,31,44,30,48,49,77,97,102,73,10135,73,71,73,75,77
20160117 06:19,50,32,46,31,52,52,77,97,102,73,10135,72,71,73,75,77
20160117 06:20,50,29,46,30,49,38,77,97,102,73,10136,73,71,73,75,77
20160117 06:21,45,28,46,30,41,44,77,97,102,73,10137,73,71,73,75,77
20160117 06:22,44,28,47,30,46,37,77,97,102,73,10138,73,71,73,75,77
20160117 06:23,45,24,46,30,43,37,77,97,102,73,10139,73,71,73,75,77
20160117 06:24,38,24,45,28,33,40,77,97,102,73,10139,73,72,73,75,77
20160117 06:25,33,22,43,28,32,27,77,97,102,73,10140,73,72,73,75,77
20160117 06:26,32,25,42,27,31,44,77,97,102,73,10140,73,71,73,75,77
20160117 06:27,28,31,40,28,25,39,77,97,102,73,10140,73,72,73,75,77
20160117 06:28,25,35,38,28,25,47,77,97,102,73,10140,73,72,73,75,77
20160117 06:29,28,36,35,28,30,40,77,97,102,73,10140,73,72,73,75,77
20160117 06:30,35,34,35,29,40,52,78,97,103,74,10139,73,72,73,75,77
20160117 06:31,34,27,33,28,27,27,78,97,103,74,10139,73,72,73,75,77
20160117 06:32,29,22,32,28,31,37,78,97,103,74,10139,73,72,73,75,77
20160117 06:33,31,26,30,29,31,38,78,97,103,74,10139,73,72,73,75,77
20160117 06:34,35,30,31,29,39,39,78,98,104,75,10139,73,72,73,75,77
20160117 06:35,37,31,31,31,36,40,78,98,104,75,10140,73,72,73,75,77
20160117 06:36,34,28,32,30,32,47,78,98,104,75,10140,73,72,73,75,77
20160117 06:37,33,29,32,30,34,48,78,98,104,75,10140,73,72,73,75,77
20160117 06:38,36,31,34,29,37,44,78,98,104,75,10140,73,72,73,75,77
20160117 06:39,40,30,35,29,44,43,78,98,104,75,10140,73,72,73,75,77
20160117 06:40,42,36,35,30,40,55,78,98,104,75,10140,73,72,73,75,77
20160117 06:41,40,40,36,31,40,48,78,97,103,74,10140,73,72,73,75,77
20160117 06:42,40,39,37,33,39,53,78,97,103,74,10140,73,72,73,75,77
20160117 06:43,35,36,37,33,31,50,77,97,102,73,10140,73,72,73,75,77
20160117 06:44,34,33,37,34,38,51,77,97,102,73,10140,73,72,73,75,77
20160117 06:45,41,39,38,35,45,58,77,97,102,73,10140,73,72,73,75,77
20160117 06:46,43,38,39,36,41,62,77,97,102,73,10140,73,72,73,75,77
20160117 06:47,43,37,40,36,45,50,77,97,102,73,10140,73,72,73,75,77
20160117 06:48,46,30,41,35,46,37,77,97,102,73,10140,73,72,73,75,77
20160117 06:49,44,25,41,35,43,48,77,97,102,73,10139,73,72,73,75,77
20160117 06:50,45,27,42,34,47,41,77,97,102,73,10139,73,72,73,75,77
20160117 06:51,45,29,42,33,42,61,77,97,102,73,10138,73,72,73,75,77
20160117 06:52,46,33,43,32,50,56,77,97,102,73,10137,73,72,73,75,77
20160117 06:53,50,32,45,32,51,45,77,97,102,73,10137,73,72,73,75,77
20160117 06:54,52,27,46,31,54,42,77,97,102,73,10137,73,72,73,75,77
20160117 06:55,47,28,46,30,41,59,77,97,102,73,10138,73,72,73,75,77
20160117 06:56,44,30,46,29,46,36,77,97,102,73,10138,73,72,73,75,77
20160117 06:57,48,32,47,29,50,63,77,97,102,73,10138,73,72,73,75,77
20160117 06:58,50,37,47,31,50,54,77,97,102,73,10138,73,72,73,75,77
20160117 06:59,48,35,48,31,46,50,77,97,102,73,10138,73,72,73,75,77
20160117 07:00,45,32,48,32,45,45,76,97,101,72,10138,73,72,73,75,77
20160117 07:01,48,33,48,32,51,62,76,97,101,72,10138,73,72,73,75,77
20160117 07:02,44,33,47,32,37,49,76,97,101,72,10138,73,72,73,75,77
20160117 07:03,48,33,48,32,59,55,76,97,101,72,10139,72,72,73,75,77
20160117 07:04,50,34,47,33,41,45,76,97,101,72,10139,72,72,73,75,77
20160117 07:05,47,33,48,33,52,49,76,97,101,72,10139,72,72,73,75,77
20160117 07:06,50,38,48,35,48,60,76,97,101,72,10139,72,72,73,75,77
20160117 07:07,49,38,48,35,50,46,75,97,101,71,10139,72,72,73,75,77
20160117 07:08,50,35,48,35,50,52,75,97,101,71,10139,72,72,73,75,77
20160117 07:09,49,32,48,34,48,47,75,97,101,71,10139,72,72,73,75,77
20160117 07:10,52,32,49,35,55,58,75,97,101,71,10138,72,72,73,75,77
20160117 07:11,54,35,49,34,53,43,75,97,101,71,10138,72,72,73,75,77
20160117 07:12,49,33,50,35,45,44,75,97,101,71,10138,72,72,73,75,77
20160117 07:13,46,26,49,33,48,37,75,97,101,71,10139,72,72,73,75,77
20160117 07:14,49,24,50,33,51,40,75,97,101,71,10138,72,72,73,75,77
20160117 07:15,50,30,50,32,50,42,75,97,101,71,10138,72,72,73,75,77
20160117 07:16,53,30,51,31,56,43,75,97,101,71,10137,72,72,73,76,77
20160117 07:17,50,27,50,30,43,47,75,97,101,71,10137,72,72,73,75,77
20160117 07:18,42,31,49,30,40,55,75,97,101,71,10137,72,72,73,75,77
20160117 07:19,40,34,48,30,40,52,75,97,101,71,10137,72,72,73,75,77
20160117 07:20,41,32,47,30,42,44,75,97,101,71,10137,72,72,73,76,77
20160117 07:21,40,33,45,30,39,44,75,97,101,71,10137,72,72,73,75,77
20160117 07:22,40,36,45,31,41,48,75,97,101,71,10137,72,72,73,76,77
20160117 07:23,44,34,45,32,46,48,75,97,101,71,10138,72,72,73,75,77
20160117 07:24,43,36,44,33,39,54,75,97,101,71,10138,72,72,73,76,77
20160117 07:25,39,38,43,33,40,46,75,97,101,71,10139,72,72,73,76,77
20160117 07:26,35,36,40,34,30,47,75,97,101,71,10139,72,72,73,76,77
20160117 07:27,25,33,38,34,21,39,75,97,101,71,10140,72,72,73,76,77
20160117 07:28,27,29,37,34,34,50,75,97,101,71,10141,72,72,73,76,77
20160117 07:29,26,32,35,34,19,50,75,97,101,71,10141,72,72,73,76,77
20160117 07:30,19,34,33,34,19,48,75,97,101,71,10142,72,72,73,76,77
20160117 07:31,29,34,33,34,40,43,75,97,101,71,10143,72,72,73,76,77
20160117 07:32,29,33,31,33,19,59,75,97,101,71,10143,72,72,73,75,77
20160117 07:33,23,37,29,34,27,59,74,97,100,70,10143,72,72,73,76,77
20160117 07:34,32,38,29,34,38,50,74,97,100,70,10143,72,72,73,76,77
20160117 07:35,34,32,28,33,31,36,74,96,99,68,10143,72,72,73,76,77
20160117 07:36,30,33,28,33,28,51,74,96,99,68,10143,72,72,73,76,77
20160117 07:37,25,35,28,34,21,50,74,96,99,68,10143,72,72,73,76,77
20160117 07:38,26,37,27,35,31,55,74,96,99,68,10143,72,72,73,76,77
20160117 07:39,32,37,29,35,33,52,74,96,99,68,10143,72,72,73,76,77
20160117 07:40,29,27,29,34,25,36,74,96,99,68,10143,72,72,73,76,77
20160117 07:41,22,25,27,33,18,38,74,96,99,68,10143,72,72,73,76,77
20160117 07:42,27,25,29,32,36,41,74,96,99,68,10143,72,72,73,76,77
20160117 07:43,36,35,30,33,35,62,74,96,99,68,10143,71,72,73,76,77
20160117 07:44,32,44,29,33,29,54,74,96,99,68,10143,71,72,73,76,77
20160117 07:45,27,40,28,34,26,52,74,96,99,68,10143,71,72,73,76,77
20160117 07:46,27,39,28,34,27,66,74,95,98,67,10144,71,72,73,76,77
20160117 07:47,25,35,28,34,23,56,74,95,98,67,10144,71,72,73,76,77
20160117 07:48,22,34,27,34,22,48,74,95,98,67,10144,71,72,73,76,77
20160117 07:49,22,35,26,34,21,46,74,95,98,67,10144,71,72,73,76,77
20160117 07:50,21,35,26,35,20,44,74,95,98,67,10144,71,72,73,76,77
20160117 07:51,19,35,26,36,18,46,73,95,97,66,10144,71,72,73,76,77
20160117 07:52,23,35,25,37,28,57,73,95,97,66,10144,72,72,73,76,77
20160117 07:53,32,34,25,36,35,44,73,94,96,64,10144,72,72,73,76,77
20160117 07:54,29,37,24,36,24,62,73,94,96,64,10144,72,72,73,76,77
20160117 07:55,30,41,25,36,37,54,73,94,96,64,10144,72,72,73,76,77
20160117 07:56,34,36,26,36,32,50,73,94,96,64,10144,72,72,73,76,77
20160117 07:57,27,38,26,36,23,53,73,94,96,64,10144,72,72,73,76,77
20160117 07:58,27,42,27,37,32,55,73,94,96,64,10144,72,72,73,76,77
20160117 07:59,28,43,27,38,25,55,73,94,96,64,10144,72,72,73,76,77
20160117 08:00,31,40,29,38,37,52,73,93,95,62,10144,72,72,73,76,77
20160117 08:01,38,38,31,39,39,55,73,93,95,62,10144,72,72,73,76,77
20160117 08:02,32,41,31,39,26,61,73,93,95,62,10144,72,72,73,76,77
20160117 08:03,25,45,30,41,25,60,73,93,95,62,10145,72,72,73,76,77
20160117 08:04,28,39,31,40,31,40,73,93,95,62,10145,72,72,73,76,77
20160117 08:05,27,37,29,40,23,62,73,93,95,62,10145,72,72,73,76,77
20160117 08:06,28,37,29,40,32,44,73,93,95,62,10145,72,72,73,76,77
20160117 08:07,28,33,29,39,24,46,73,93,95,62,10145,73,72,73,76,77
20160117 08:08,18,37,28,39,13,52,73,93,95,62,10145,73,72,73,76,77
20160117 08:09,22,36,28,38,31,45,73,93,95,62,10145,73,72,73,76,77
20160117 08:10,29,32,27,37,26,45,73,93,95,62,10145,73,72,73,76,77
20160117 08:11,29,34,26,37,32,44,73,93,95,62,10145,73,72,73,76,77
20160117 08:12,29,37,26,36,26,57,73,93,95,62,10145,73,72,73,76,77
20160117 08:13,26,37,26,35,25,56,73,93,95,62,10145,74,72,73,76,77
20160117 08:14,29,32,26,35,32,36,73,93,95,62,10145,74,72,73,76,77
20160117 08:15,31,27,27,34,30,43,73,93,95,62,10145,74,72,73,76,77
20160117 08:16,30,28,27,33,30,38,73,93,95,62,10144,74,72,73,76,77
20160117 08:17,38,31,29,33,45,51,73,93,95,62,10144,75,72,73,76,77
20160117 08:18,34,38,30,33,23,71,73,93,95,62,10145,75,72,73,76,77
20160117 08:19,25,43,30,35,27,55,73,93,95,62,10145,75,72,73,76,77
20160117 08:20,28,41,30,35,29,49,73,93,95,62,10145,75,72,73,76,77
20160117 08:21,32,34,30,35,36,39,73,93,95,62,10145,75,72,73,76,77
20160117 08:22,34,39,31,36,32,62,73,93,95,62,10146,75,72,73,76,77
20160117 08:23,31,42,31,36,29,63,73,93,95,62,10146,75,72,73,76,77
20160117 08:24,29,43,31,38,28,72,73,93,95,62,10146,75,72,73,76,77
20160117 08:25,31,50,31,40,33,68,73,93,95,62,10146,75,72,73,76,77
20160117 08:26,36,43,32,41,38,48,73,93,95,62,10146,75,73,73,76,77
20160117 08:27,27,31,29,40,16,44,73,93,95,62,10147,75,73,73,76,77
20160117 08:28,19,32,29,39,21,56,73,93,95,62,10147,75,73,73,76,77
20160117 08:29,26,43,29,40,31,62,73,93,95,62,10147,75,73,73,76,77
20160117 08:30,27,47,29,41,24,69,73,93,95,62,10147,75,73,73,76,77
20160117 08:31,27,46,28,42,30,74,73,93,95,62,10147,75,73,73,76,77
20160117 08:32,25,46,27,42,19,63,73,93,95,62,10147,75,73,73,76,77
20160117 08:33,25,43,27,42,30,56,73,93,95,62,10147,74,73,73,76,77
20160117 08:34,28,40,27,42,26,53,73,93,95,62,10147,74,73,73,76,77
20160117 08:35,27,39,26,40,28,57,73,93,95,62,10148,74,73,74,76,77
20160117 08:36,28,34,25,40,28,41,73,93,95,62,10148,74,73,73,76,77
20160117 08:37,28,33,27,41,29,48,73,93,95,62,10148,74,73,73,76,77
20160117 08:38,29,32,27,40,29,37,73,93,95,62,10149,74,73,73,76,77
20160117 08:39,28,27,27,38,27,46,73,93,95,62,10149,75,73,74,76,77
20160117 08:40,22,23,26,35,17,30,73,93,95,62,10149,75,73,74,76,77
20160117 08:41,20,29,26,34,23,49,73,93,95,62,10149,75,73,74,76,77
20160117 08:42,24,41,26,34,26,59,73,93,95,62,10150,75,73,74,76,77
20160117 08:43,21,40,25,34,16,61,73,92,94,61,10150,75,73,74,76,77
20160117 08:44,21,44,25,35,26,77,73,92,94,61,10150,75,73,74,76,77
20160117 08:45,21,49,24,36,16,65,73,92,94,61,10150,75,73,74,76,77
20160117 08:46,19,46,23,37,22,62,73,92,94,61,10151,74,73,74,76,77
20160117 08:47,21,43,22,38,21,70,73,92,94,61,10151,74,73,74,76,77
20160117 08:48,22,43,22,40,24,61,73,92,94,61,10151,74,73,74,76,77
20160117 08:49,23,41,21,41,22,59,73,92,94,61,10152,74,73,74,76,77
20160117 08:50,25,40,22,43,27,54,73,92,94,61,10152,74,73,74,76,77
20160117 08:51,23,42,22,43,20,52,72,92,93,60,10152,74,73,74,76,77
20160117 08:52,23,37,22,42,26,44,72,92,93,60,10153,74,73,74,76,77
20160117 08:53,26,33,23,42,27,50,72,92,93,60,10153,74,73,74,76,77
20160117 08:54,20,34,22,40,14,47,72,92,93,60,10153,75,73,74,76,77
20160117 08:55,18,37,23,39,23,60,72,92,93,60,10153,75,73,74,76,77
20160117 08:56,19,38,22,38,15,55,72,91,92,58,10152,75,73,74,76,77
20160117 08:57,16,32,22,37,17,40,72,91,92,58,10152,75,73,74,76,77
20160117 08:58,18,34,21,37,19,51,72,91,92,58,10152,75,73,74,76,77
20160117 08:59,18,44,20,38,16,75,72,91,92,58,10152,76,73,74,76,77
20160117 09:00,21,47,20,38,26,71,72,91,92,58,10152,76,73,74,76,77
20160117 09:01,25,41,21,37,25,46,72,91,92,58,10152,76,73,74,76,77
20160117 09:02,25,41,21,39,25,63,72,91,92,58,10153,76,73,74,76,77
20160117 09:03,22,47,20,40,18,64,72,91,92,58,10152,76,73,74,76,77
20160117 09:04,18,43,20,41,17,63,72,91,92,58,10153,76,73,74,76,77
20160117 09:05,21,43,20,41,25,66,72,91,92,58,10153,76,73,74,76,78
20160117 09:06,26,47,22,43,28,62,72,91,92,58,10153,76,74,74,76,77
20160117 09:07,32,46,23,44,35,70,72,91,92,58,10153,76,74,74,76,77
20160117 09:08,36,40,25,44,36,62,72,91,92,58,10153,77,74,74,76,78
20160117 09:09,29,35,26,43,23,48,72,91,92,58,10153,77,74,74,76,77
20160117 09:10,22,31,25,40,21,34,72,91,92,58,10153,77,74,74,76,78
20160117 09:11,21,30,25,40,21,44,72,91,92,58,10153,77,74,74,76,77
20160117 09:12,24,39,25,40,27,60,72,91,92,58,10153,78,74,74,76,77
20160117 09:13,23,37,25,38,19,45,72,91,92,58,10153,78,74,74,76,77
20160117 09:14,21,28,26,37,22,49,72,91,92,58,10153,78,74,74,76,77
20160117 09:15,28,32,27,36,34,48,72,91,92,58,10153,78,74,74,76,78
20160117 09:16,21,38,25,35,8,55,72,91,92,58,10153,78,74,74,76,77
20160117 09:17,17,37,24,34,27,41,72,91,92,58,10153,78,74,74,76,78
20160117 09:18,19,32,21,33,10,53,72,91,92,58,10153,78,74,74,76,78
20160117 09:19,13,27,20,32,15,56,72,91,92,58,10153,79,74,74,76,78
20160117 09:20,21,36,21,34,27,62,72,92,93,60,10153,79,74,74,76,78
20160117 09:21,26,44,21,35,25,53,72,91,92,58,10154,79,74,74,76,78
20160117 09:22,19,41,20,35,13,58,72,91,92,58,10154,79,74,74,76,78
20160117 09:23,24,43,22,36,34,62,72,91,92,58,10154,79,74,74,76,78
20160117 09:24,31,42,22,38,28,51,72,91,92,58,10154,79,74,74,76,78
20160117 09:25,26,33,21,37,23,39,72,91,92,58,10155,79,74,74,76,78
20160117 09:26,18,27,22,36,14,39,72,91,92,58,10155,79,74,74,76,77
20160117 09:27,15,24,20,34,16,32,72,91,92,58,10155,79,74,74,76,78
20160117 09:28,17,27,21,35,17,47,72,91,92,58,10155,80,74,74,76,78
20160117 09:29,22,34,22,36,27,53,72,91,92,58,10155,80,75,74,76,78
20160117 09:30,26,27,22,33,25,37,72,91,92,58,10155,80,75,74,76,78
20160117 09:31,26,21,22,31,26,33,72,91,92,58,10155,80,75,74,76,78
20160117 09:32,18,31,22,31,10,53,73,91,93,59,10156,80,75,74,76,78
20160117 09:33,19,43,21,31,28,59,73,91,93,59,10156,80,75,74,76,78
20160117 09:34,15,36,19,30,1,46,73,91,93,59,10156,80,75,74,76,78
20160117 09:35,14,25,19,30,26,32,73,91,93,59,10156,80,75,74,76,78
20160117 09:36,23,27,20,30,20,46,73,91,93,59,10156,80,75,74,76,78
20160117 09:37,20,33,20,31,21,51,73,91,93,59,10156,80,75,74,76,78
20160117 09:38,19,31,20,30,18,37,73,91,93,59,10157,80,75,74,76,78
20160117 09:39,23,29,20,30,27,38,73,91,93,59,10157,80,75,74,76,78
20160117 09:40,15,36,18,32,3,55,73,91,93,59,10157,80,75,74,76,78
20160117 09:41,7,38,17,34,11,50,73,91,93,59,10157,80,75,74,76,78
20160117 09:42,18,38,18,34,24,70,73,91,93,59,10157,81,75,74,76,78
20160117 09:43,23,51,17,35,21,77,73,91,93,59,10158,81,75,74,76,78
20160117 09:44,20,58,19,38,19,69,73,90,92,58,10157,81,75,74,76,78
20160117 09:45,18,47,18,40,17,52,73,90,92,58,10158,81,75,74,76,78
20160117 09:46,24,45,19,42,30,79,73,90,92,58,10158,81,75,74,76,78
20160117 09:47,27,53,19,44,24,73,73,89,91,56,10159,81,76,74,76,78
20160117 09:48,17,47,19,45,9,57,73,89,91,56,10159,80,76,74,76,78
20160117 09:49,12,35,17,45,15,70,73,89,91,56,10159,80,76,74,76,78
20160117 09:50,10,38,18,45,5,62,73,89,91,56,10160,80,76,74,76,78
20160117 09:51,1,36,16,44,356,41,73,89,91,56,10160,80,76,74,76,78
20160117 09:52,7,34,15,44,17,53,73,89,91,56,10160,80,76,74,76,78
20160117 09:53,21,39,16,42,24,54,73,88,90,54,10160,80,76,74,76,78
20160117 09:54,24,38,16,40,24,45,73,88,90,54,10160,80,76,74,76,78
20160117 09:55,3,32,13,39,343,40,73,88,90,54,10160,80,76,74,76,78
20160117 09:56,6,35,13,38,29,66,73,88,90,54,10161,79,76,74,76,78
20160117 09:57,25,42,13,37,22,52,73,88,90,54,10161,79,76,74,76,78
20160117 09:58,21,35,14,36,21,41,73,88,90,54,10161,79,76,75,76,78
20160117 09:59,24,34,15,37,27,50,73,88,90,54,10161,79,76,75,76,78
20160117 10:00,26,34,17,35,25,45,73,88,90,54,10161,79,76,75,76,78
20160117 10:01,23,29,19,35,20,50,73,88,90,54,10161,79,76,75,76,78
20160117 10:02,24,39,21,36,29,71,73,88,90,54,10162,79,76,75,76,78
20160117 10:03,26,45,21,36,24,54,73,87,89,53,10162,79,76,75,76,78
20160117 10:04,22,41,20,37,20,53,73,87,89,53,10162,78,76,75,76,78
20160117 10:05,21,42,24,39,23,59,73,87,89,53,10162,78,76,75,76,78
20160117 10:06,23,46,23,39,23,68,72,87,88,52,10162,78,76,75,76,78
20160117 10:07,15,39,22,38,6,41,72,86,87,50,10163,78,76,75,76,78
20160117 10:08,7,32,20,38,7,46,72,86,87,50,10162,78,76,75,76,78
20160117 10:09,15,33,20,38,23,48,72,86,87,50,10162,78,76,75,76,78
20160117 10:10,21,39,20,39,20,75,72,86,87,50,10162,78,76,75,76,78
20160117 10:11,21,48,20,41,23,69,72,86,87,50,10162,78,76,75,76,78
20160117 10:12,23,47,19,41,22,53,72,85,86,49,10162,77,76,75,76,78
20160117 10:13,19,41,18,41,15,57,72,85,86,49,10162,77,76,75,76,78
20160117 10:14,18,39,18,41,21,55,72,85,86,49,10162,77,76,75,76,78
20160117 10:15,19,33,18,39,16,40,72,85,86,49,10162,77,76,75,76,78
20160117 10:16,18,28,17,37,20,40,72,85,86,49,10163,77,76,75,76,78
20160117 10:17,20,27,19,36,20,38,72,85,86,49,10163,76,76,75,76,78
20160117 10:18,14,31,19,37,8,47,72,85,86,49,10163,76,76,75,77,78
20160117 10:19,11,33,18,36,14,43,72,85,86,49,10163,76,76,75,76,78
20160117 10:20,7,30,16,35,1,46,72,85,86,49,10163,76,76,75,76,78
20160117 10:21,7,31,15,33,12,45,72,86,87,50,10163,75,76,75,77,78
20160117 10:22,9,26,13,31,6,28,72,86,87,50,10163,75,76,75,76,78
20160117 10:23,6,29,12,31,6,62,72,86,87,50,10163,76,76,75,77,78
20160117 10:24,11,31,12,29,16,31,72,86,87,50,10163,75,76,75,77,78
20160117 10:25,20,26,13,29,24,36,71,86,87,49,10163,76,76,75,77,78
20160117 10:26,23,27,13,29,23,50,71,86,87,49,10163,76,76,75,77,78
20160117 10:27,24,30,13,30,24,41,71,86,87,49,10163,76,76,75,77,78
20160117 10:28,23,34,15,30,22,62,71,85,86,48,10163,76,76,75,77,78
20160117 10:29,20,36,15,30,18,60,71,85,86,48,10163,75,76,75,77,78
20160117 10:30,23,38,18,31,28,49,71,85,86,48,10163,75,76,75,77,78
20160117 10:31,26,36,19,31,24,45,71,85,86,48,10163,75,76,75,77,78
20160117 10:32,19,31,20,32,12,46,71,85,86,48,10162,75,76,75,77,78
20160117 10:33,19,40,22,34,25,67,71,85,86,48,10162,75,76,75,77,78
20160117 10:34,20,47,21,35,14,53,71,84,85,46,10162,75,76,75,77,78
20160117 10:35,19,39,21,36,24,55,71,84,85,46,10162,75,76,75,77,78
20160117 10:36,17,33,20,37,10,49,71,84,85,46,10162,75,76,75,77,78
20160117 10:37,13,37,19,38,16,58,70,83,83,43,10162,75,76,75,77,78
20160117 10:38,10,45,17,39,3,73,70,83,83,43,10162,75,76,75,77,78
20160117 10:39,7,42,17,39,12,60,70,83,83,43,10162,75,76,75,77,78
20160117 10:40,5,40,14,39,357,58,70,82,82,41,10162,75,76,75,77,78
20160117 10:41,6,34,13,39,14,39,70,82,82,41,10161,75,76,75,77,78
20160117 10:42,16,36,13,40,18,62,70,82,82,41,10161,75,76,75,77,78
20160117 10:43,9,40,11,39,0,67,70,82,82,41,10161,75,76,75,77,78
20160117 10:44,3,33,10,37,7,41,70,82,82,41,10161,75,76,75,77,78
20160117 10:45,10,35,9,38,13,59,70,82,82,41,10161,75,75,75,77,78
20160117 10:46,15,37,10,38,18,49,70,82,82,41,10161,75,75,75,77,78
20160117 10:47,18,43,10,39,19,80,70,82,82,41,10161,75,75,75,77,78
20160117 10:48,15,46,11,39,12,66,70,81,81,40,10161,75,75,75,77,78
20160117 10:49,8,44,10,39,5,69,70,81,81,40,10161,75,75,75,77,78
20160117 10:50,15,47,13,40,26,68,70,81,81,40,10161,75,75,75,77,78
20160117 10:51,20,45,13,41,14,64,69,81,81,39,10161,75,75,75,77,78
20160117 10:52,16,40,13,41,18,50,69,81,81,39,10161,75,75,75,77,78
20160117 10:53,15,27,14,39,13,30,69,81,81,39,10161,75,75,75,77,78
20160117 10:54,9,27,14,40,5,51,69,82,82,40,10162,75,75,75,77,78
20160117 10:55,3,37,13,39,2,58,69,82,82,40,10162,75,75,75,77,78
20160117 10:56,10,32,13,39,19,36,69,81,81,39,10162,75,75,75,77,78
20160117 10:57,15,26,12,36,11,37,69,82,82,40,10162,75,75,75,77,78
20160117 10:58,14,22,13,34,17,27,69,82,82,40,10162,75,75,75,77,78
20160117 10:59,16,24,14,32,16,46,69,82,82,40,10162,75,75,75,77,78
20160117 11:00,8,37,12,32,1,67,69,82,82,40,10162,75,75,75,77,78
20160117 11:01,7,39,12,31,13,52,69,81,81,39,10162,74,75,75,77,78
20160117 11:02,12,39,11,32,12,57,69,81,81,39,10162,74,75,75,77,78
20160117 11:03,10,42,10,34,8,60,69,81,81,39,10161,74,75,75,77,78
20160117 11:04,12,39,12,34,16,51,69,80,80,37,10160,74,75,75,77,78
20160117 11:05,12,40,12,34,9,62,69,80,80,37,10160,74,75,75,77,78
20160117 11:06,11,40,12,36,14,50,69,80,80,37,10159,74,75,75,77,78
20160117 11:07,14,40,12,37,15,61,69,80,80,37,10159,75,75,75,77,78
20160117 11:08,15,38,12,39,15,60,69,80,80,37,10158,75,75,75,77,78
20160117 11:09,18,40,12,41,21,60,69,80,80,37,10158,75,75,75,77,78
20160117 11:10,25,38,15,39,29,53,69,80,80,37,10157,75,75,75,77,78
20160117 11:11,27,26,16,38,24,31,69,81,81,39,10157,76,75,75,77,78
20160117 11:12,29,26,18,37,34,45,69,81,81,39,10157,77,75,75,77,78
20160117 11:13,36,33,21,36,37,52,69,81,81,39,10156,78,75,75,77,78
20160117 11:14,29,32,22,35,20,39,69,81,81,39,10156,78,75,75,77,78
20160117 11:15,19,28,23,33,17,42,69,81,81,39,10156,79,75,75,77,78
20160117 11:16,20,26,23,32,22,58,69,81,81,39,10155,80,75,75,77,78
20160117 11:17,23,36,24,33,24,59,69,81,81,39,10155,80,75,75,77,78
20160117 11:18,17,44,24,33,10,57,69,80,80,37,10155,81,75,75,77,78
20160117 11:19,12,37,23,32,13,47,69,80,80,37,10155,81,75,75,77,78
20160117 11:20,17,35,22,32,21,67,69,80,80,37,10155,81,75,75,77,78
20160117 11:21,22,39,22,34,23,51,70,80,80,38,10155,82,75,75,77,78
20160117 11:22,16,41,19,35,8,56,70,80,80,38,10155,82,75,75,77,78
20160117 11:23,9,40,17,36,10,49,70,80,80,38,10154,82,75,75,77,78
20160117 11:24,15,33,17,36,20,42,70,79,79,36,10155,82,75,75,77,78
20160117 11:25,24,29,18,36,28,38,70,79,79,36,10155,82,75,75,77,78
20160117 11:26,22,29,17,36,15,37,70,80,80,38,10154,83,75,75,77,78
20160117 11:27,19,39,17,37,23,63,70,79,79,36,10154,83,75,75,77,78
20160117 11:28,18,40,17,35,14,38,70,79,79,36,10154,82,76,75,77,78
20160117 11:29,19,29,19,35,24,38,70,79,79,36,10154,83,76,76,77,78
20160117 11:30,22,27,18,34,19,40,70,79,79,36,10154,83,76,75,77,78
20160117 11:31,17,32,18,34,15,52,71,80,81,39,10154,84,76,75,77,78
20160117 11:32,15,35,18,33,15,42,71,79,80,37,10154,83,76,75,77,78
20160117 11:33,17,31,19,32,20,48,71,79,80,37,10154,83,76,75,77,78
20160117 11:34,18,33,19,33,17,48,71,79,80,37,10154,83,76,76,77,78
20160117 11:35,15,26,17,32,13,27,71,79,80,37,10154,83,76,76,77,78
20160117 11:36,13,25,17,32,13,56,71,79,80,37,10154,83,76,76,77,78
20160117 11:37,13,34,16,31,13,42,71,79,80,37,10155,83,76,76,77,78
20160117 11:38,16,35,17,31,20,49,71,79,80,37,10154,83,76,76,77,78
20160117 11:39,18,34,16,32,16,51,71,78,79,35,10155,83,76,76,77,78
20160117 11:40,16,24,16,30,16,24,71,79,80,37,10155,83,77,76,77,78
20160117 11:41,14,17,16,28,13,31,71,79,80,37,10155,84,77,76,77,78
20160117 11:42,5,34,14,30,358,66,72,80,81,40,10155,84,77,76,77,78
20160117 11:43,8,41,14,30,20,57,72,79,80,38,10155,83,77,76,77,78
20160117 11:44,10,30,12,30,1,36,72,78,79,36,10155,83,77,76,77,78
20160117 11:45,10,29,13,31,18,48,72,79,80,38,10156,83,77,76,77,78
20160117 11:46,13,35,12,32,8,55,72,78,79,36,10156,82,77,76,77,78
20160117 11:47,5,30,11,30,1,29,72,79,80,38,10156,82,77,76,77,78
20160117 11:48,353,29,8,30,345,58,72,79,80,38,10156,82,77,76,77,78
20160117 11:49,345,39,5,31,346,57,72,78,79,36,10156,82,77,76,77,78
20160117 11:50,350,38,2,33,354,49,72,78,79,36,10156,82,77,76,77,78
20160117 11:51,351,30,0,34,347,39,72,78,79,36,10155,81,77,76,77,78
20160117 11:52,346,29,358,32,344,41,72,78,79,36,10155,81,77,76,77,78
20160117 11:53,356,27,357,31,8,29,72,78,79,36,10155,81,77,76,77,78
20160117 11:54,358,21,356,30,348,32,72,78,79,36,10155,81,77,76,77,78
20160117 11:55,348,24,353,30,348,31,72,78,79,36,10155,81,77,76,77,78
20160117 11:56,348,24,351,28,347,33,73,78,80,37,10155,81,77,76,77,78
20160117 11:57,348,23,350,29,349,37,73,78,80,37,10155,81,77,76,77,78
20160117 11:58,351,29,350,28,354,45,73,78,80,37,10155,82,78,76,77,78
20160117 11:59,352,37,351,28,349,53,73,77,79,35,10155,82,78,76,77,78
20160117 12:00,353,34,351,28,356,41,73,77,79,35,10154,81,78,76,77,78
20160117 12:01,357,29,352,28,358,34,73,77,79,35,10154,81,78,76,77,78
20160117 12:02,353,25,352,27,348,31,73,77,79,35,10154,81,78,76,77,78
20160117 12:03,350,20,351,26,353,22,73,76,78,34,10154,81,78,76,77,78
20160117 12:04,352,19,351,26,352,36,73,77,79,35,10154,81,78,76,77,78
20160117 12:05,1,28,353,27,9,42,73,78,80,37,10154,81,78,76,77,78
20160117 12:06,12,27,356,27,15,26,73,77,79,35,10154,81,78,76,77,78
20160117 12:07,8,26,357,28,1,43,73,78,80,37,10153,82,78,76,77,78
20160117 12:08,359,31,358,28,358,49,74,77,79,36,10154,82,78,76,77,78
20160117 12:09,348,28,357,26,338,32,74,77,79,36,10154,82,78,76,77,78
20160117 12:10,347,24,357,25,355,28,74,77,79,36,10153,82,78,76,77,78
20160117 12:11,357,20,357,24,0,22,74,78,80,38,10153,82,78,76,77,78
20160117 12:12,352,20,357,24,344,38,74,78,80,38,10153,82,78,76,77,78
20160117 12:13,351,22,357,25,359,27,74,77,79,36,10153,83,78,76,77,78
20160117 12:14,3,16,359,24,7,31,74,77,79,36,10153,83,78,76,77,78
20160117 12:15,1,20,357,23,356,35,74,77,79,36,10153,83,78,76,77,78
20160117 12:16,3,28,357,24,12,44,75,77,80,37,10152,83,78,76,77,78
20160117 12:17,359,27,356,23,346,30,75,76,79,35,10152,82,78,76,77,78
20160117 12:18,355,22,356,22,3,30,75,76,79,35,10152,83,78,76,78,79
20160117 12:19,2,26,358,23,1,47,75,76,79,35,10152,83,78,76,77,78
20160117 12:20,353,31,357,24,345,39,75,75,78,34,10151,83,78,76,77,78
20160117 12:21,346,30,356,25,347,36,75,75,78,34,10151,83,78,76,78,78
20160117 12:22,349,27,357,25,351,39,75,75,78,34,10151,83,78,76,78,79
20160117 12:23,352,31,356,27,352,44,76,75,78,35,10151,83,78,76,78,79
20160117 12:24,359,36,356,29,5,53,76,75,78,35,10151,83,78,76,78,79
20160117 12:25,357,33,355,29,349,36,76,74,77,33,10150,83,78,76,78,79
20160117 12:26,350,31,353,30,350,53,76,74,77,33,10150,83,78,76,78,79
20160117 12:27,354,31,354,30,358,38,76,74,77,33,10150,83,78,76,78,79
20160117 12:28,0,27,354,31,2,36,76,74,77,33,10149,83,78,76,78,79
20160117 12:29,357,25,353,30,352,31,76,74,77,33,10149,84,78,76,78,79
20160117 12:30,358,23,355,29,4,36,77,75,79,36,10149,85,78,76,78,79
20160117 12:31,6,25,357,29,7,38,77,75,79,36,10148,85,78,76,78,79
20160117 12:32,3,32,358,30,359,51,77,74,78,34,10148,86,78,76,78,79
20160117 12:33,1,32,359,29,2,35,77,74,78,34,10148,86,78,76,78,79
20160117 12:34,3,30,359,29,3,43,77,73,77,32,10148,87,78,76,78,79
20160117 12:35,5,34,0,29,6,47,78,73,77,33,10148,87,78,76,78,79
20160117 12:36,357,35,0,29,349,47,78,72,76,31,10148,87,78,76,78,79
20160117 12:37,349,33,359,30,349,46,78,72,76,31,10147,87,79,76,78,79
20160117 12:38,354,32,359,30,359,56,78,72,76,31,10147,88,79,76,78,79
20160117 12:39,1,35,0,32,3,49,78,72,76,31,10147,88,79,77,78,79
20160117 12:40,358,38,359,33,352,53,79,71,76,30,10147,89,79,77,78,79
20160117 12:41,352,38,357,34,352,55,79,70,75,28,10147,89,79,77,78,79
20160117 12:42,354,39,357,35,355,62,79,70,75,28,10147,89,79,77,78,79
20160117 12:43,352,36,356,35,349,45,79,71,76,30,10147,89,79,77,78,79
20160117 12:44,350,29,354,35,350,52,80,71,76,31,10147,90,79,77,78,79
20160117 12:45,350,31,353,35,350,53,80,71,76,31,10147,90,79,77,78,79
20160117 12:46,353,35,353,35,356,49,80,70,75,29,10147,91,79,77,78,79
20160117 12:47,1,31,355,34,7,38,80,70,75,29,10147,91,79,77,78,79
20160117 12:48,358,32,354,35,350,68,81,70,76,30,10147,91,79,77,78,79
20160117 12:49,356,37,354,35,1,69,81,69,74,28,10147,91,79,77,78,79
20160117 12:50,2,37,355,35,4,68,81,68,73,26,10147,91,80,77,78,79
20160117 12:51,354,40,355,35,345,69,81,68,73,26,10147,91,80,77,78,79
20160117 12:52,344,41,353,35,343,49,81,67,72,23,10147,90,80,77,78,79
20160117 12:53,349,37,354,35,354,48,81,67,72,23,10147,89,80,77,78,79
20160117 12:54,346,33,353,36,337,39,82,68,74,27,10147,89,80,77,78,79
20160117 12:55,345,30,353,35,353,48,82,68,74,27,10147,89,80,77,78,79
20160117 12:56,357,30,354,35,2,43,82,68,74,27,10147,89,80,77,78,79
20160117 12:57,357,30,352,35,352,42,82,68,74,27,10147,89,80,77,78,79
20160117 12:58,352,29,352,34,353,36,82,68,74,27,10148,89,80,77,78,79
20160117 12:59,354,37,352,35,355,63,82,68,74,27,10148,89,80,77,78,79
20160117 13:00,356,39,351,34,356,42,82,68,74,27,10148,88,81,77,78,79
20160117 13:01,1,28,353,32,6,35,82,68,74,27,10148,88,81,77,78,79
20160117 13:02,2,30,355,32,359,46,82,68,74,27,10148,88,81,77,78,79
20160117 13:03,358,34,355,32,357,37,82,68,74,27,10148,88,81,77,78,79
20160117 13:04,352,26,356,31,348,28,82,68,74,27,10148,88,81,77,78,79
20160117 13:05,342,21,354,30,336,34,82,69,75,29,10148,89,81,77,78,79
20160117 13:06,340,25,353,30,345,47,82,69,75,29,10147,89,81,77,78,79
20160117 13:07,348,32,353,30,351,46,82,69,75,29,10147,89,81,77,78,79
20160117 13:08,356,34,353,31,1,41,82,68,74,27,10147,89,81,77,78,79
20160117 13:09,354,30,353,29,347,31,82,68,74,27,10147,89,81,77,78,79
20160117 13:10,349,23,352,28,350,28,83,70,77,32,10147,89,81,77,78,79
20160117 13:11,346,25,350,28,341,43,83,70,77,32,10147,90,81,77,78,79
20160117 13:12,341,28,348,27,341,33,83,69,75,30,10147,90,81,77,78,79
20160117 13:13,352,25,348,27,2,35,83,69,75,30,10147,90,81,77,78,79
20160117 13:14,350,24,347,27,337,39,83,69,75,30,10147,90,81,77,78,79
20160117 13:15,335,24,347,27,332,35,83,69,75,30,10147,90,81,77,78,79
20160117 13:16,343,27,348,27,355,42,83,69,75,30,10147,90,81,77,78,79
20160117 13:17,356,25,348,26,357,31,83,68,74,27,10147,90,81,77,78,79
20160117 13:18,349,24,346,25,342,39,83,68,74,27,10147,90,81,77,78,79
20160117 13:19,346,28,347,26,351,50,84,68,75,28,10147,90,81,77,78,79
20160117 13:20,341,33,345,27,332,53,84,68,75,28,10146,90,81,77,78,79
20160117 13:21,332,34,344,27,331,51,84,68,75,28,10146,90,82,77,78,79
20160117 13:22,335,33,344,28,339,46,84,67,74,26,10146,90,82,77,78,79
20160117 13:23,345,33,343,29,351,47,84,67,74,26,10146,90,82,78,78,79
20160117 13:24,351,31,344,30,350,44,84,68,75,28,10146,90,82,78,78,79
20160117 13:25,346,31,345,30,341,39,84,68,75,28,10146,89,82,78,78,79
20160117 13:26,338,28,343,30,335,34,84,68,75,28,10146,89,82,78,78,79
20160117 13:27,340,21,342,30,345,27,84,70,77,33,10146,89,82,78,78,79
20160117 13:28,339,21,341,30,333,42,84,71,78,35,10146,89,82,78,78,79
20160117 13:29,333,33,339,31,332,54,84,70,77,33,10146,89,82,78,78,79
20160117 13:30,325,39,337,31,317,43,84,70,77,33,10145,89,82,78,78,79
20160117 13:31,325,34,338,31,333,40,84,70,77,33,10145,88,82,78,78,79
20160117 13:32,334,30,337,30,334,42,84,70,77,33,10145,89,82,78,78,79
20160117 13:33,342,30,337,30,350,44,84,70,77,33,10145,89,82,78,78,79
20160117 13:34,346,30,336,30,343,45,84,70,77,33,10145,89,82,78,78,79
20160117 13:35,353,28,338,29,3,38,84,70,77,33,10145,89,82,78,78,79
20160117 13:36,357,28,340,30,350,35,84,71,78,35,10145,88,82,78,78,79
20160117 13:37,354,27,341,31,359,38,84,71,78,35,10145,88,82,78,78,79
20160117 13:38,350,30,342,32,342,47,84,70,77,33,10145,88,82,78,78,79
20160117 13:39,341,33,343,31,340,48,83,69,75,30,10146,87,82,78,78,79
20160117 13:40,340,34,345,31,340,53,83,70,77,32,10146,87,82,78,78,79
20160117 13:41,341,31,346,30,341,34,83,69,75,30,10146,87,82,78,78,79
20160117 13:42,343,31,347,31,345,50,83,69,75,30,10146,87,82,78,78,79
20160117 13:43,340,29,346,30,335,33,83,69,75,30,10146,86,82,78,78,79
20160117 13:44,324,18,343,28,313,20,83,70,77,32,10146,86,82,78,78,79
20160117 13:45,326,20,340,28,338,34,83,70,77,32,10146,86,82,78,78,79
20160117 13:46,332,23,338,27,326,30,83,70,77,32,10146,86,82,78,78,79
20160117 13:47,330,25,335,28,334,50,83,70,77,32,10146,85,82,78,79,79
20160117 13:48,331,28,334,27,329,33,83,70,77,32,10147,85,82,78,78,79
20160117 13:49,329,27,333,26,328,32,83,69,75,30,10147,84,82,78,79,79
20160117 13:50,319,24,330,25,310,30,83,70,77,32,10147,84,82,78,78,79
20160117 13:51,308,21,326,24,305,31,83,70,77,32,10148,84,82,78,79,79
20160117 13:52,321,17,326,22,337,18,83,70,77,32,10148,84,82,78,79,79
20160117 13:53,331,16,325,22,325,33,83,71,78,34,10148,83,82,78,79,79
20160117 13:54,322,24,325,23,319,35,83,71,78,34,10148,83,82,78,79,79
20160117 13:55,319,28,323,23,319,34,83,70,77,32,10149,83,82,78,79,79
20160117 13:56,319,29,322,24,318,46,83,71,78,34,10149,83,82,78,79,79
20160117 13:57,319,36,321,26,319,47,83,70,77,32,10149,82,82,78,79,79
20160117 13:58,325,35,321,26,332,44,83,70,77,32,10149,82,82,78,79,79
20160117 13:59,317,25,319,25,303,33,83,71,78,34,10149,82,82,78,79,79
20160117 14:00,309,22,319,26,315,34,83,71,78,34,10149,82,82,79,79,79
20160117 14:01,311,25,319,26,307,41,82,71,77,33,10149,82,82,79,79,79
20160117 14:02,303,27,316,28,299,42,82,71,77,33,10149,81,82,79,79,79
20160117 14:03,310,23,315,28,322,28,82,71,77,33,10149,81,82,79,79,79
20160117 14:04,315,25,314,28,309,36,82,71,77,33,10149,82,82,79,79,79
20160117 14:05,310,29,313,28,310,44,82,71,77,33,10149,82,82,79,79,79
20160117 14:06,315,31,313,28,319,44,82,71,77,33,10149,81,82,79,79,79
20160117 14:07,320,29,314,26,321,31,82,71,77,33,10149,81,82,79,79,79
20160117 14:08,320,23,312,26,318,34,82,72,78,35,10149,81,82,79,79,79
20160117 14:09,313,24,313,26,308,32,82,72,78,35,10150,81,81,79,79,79
20160117 14:10,309,27,312,27,310,41,82,72,78,35,10150,81,81,79,79,79
20160117 14:11,312,27,313,26,314,38,82,72,78,35,10150,81,81,79,79,79
20160117 14:12,311,29,314,27,308,39,82,72,78,35,10150,80,81,79,79,79
20160117 14:13,317,32,314,28,326,39,82,72,78,35,10150,80,81,79,79,79
20160117 14:14,321,27,315,27,317,31,81,72,78,34,10150,80,81,79,79,79
20160117 14:15,312,24,315,27,308,34,81,72,78,34,10150,80,81,79,79,79
20160117 14:16,310,25,314,26,311,33,81,72,78,34,10150,80,81,79,79,79
20160117 14:17,318,25,315,26,326,36,81,72,78,34,10150,80,81,79,79,79
20160117 14:18,322,25,314,26,317,37,81,72,78,34,10150,80,81,79,79,79
20160117 14:19,323,26,316,27,328,41,81,72,78,34,10150,80,81,79,79,79
20160117 14:20,321,29,317,27,313,42,81,72,78,34,10150,80,81,79,79,79
20160117 14:21,314,31,317,27,315,39,81,72,78,34,10150,80,81,79,79,79
20160117 14:22,316,29,318,27,317,38,81,72,78,34,10150,80,81,79,79,79
20160117 14:23,318,24,317,26,320,29,81,72,78,34,10150,80,81,79,79,79
20160117 14:24,323,25,318,27,327,33,81,72,78,34,10150,79,81,79,79,79
20160117 14:25,319,22,319,26,312,23,81,72,78,34,10150,79,81,79,79,79
20160117 14:26,307,20,318,26,302,32,81,72,78,34,10150,79,81,79,79,79
20160117 14:27,322,21,319,25,343,36,81,72,78,34,10150,79,80,79,79,79
20160117 14:28,330,19,319,25,317,36,81,72,78,34,10150,79,80,79,79,79
20160117 14:29,324,24,320,25,331,38,81,72,78,34,10150,79,80,79,79,79
20160117 14:30,332,31,322,25,334,43,81,72,78,34,10150,79,80,79,79,79
20160117 14:31,337,34,324,25,340,42,81,72,78,34,10150,79,80,79,79,79
20160117 14:32,335,26,326,24,330,31,81,72,78,34,10150,79,80,79,79,79
20160117 14:33,329,22,326,25,328,31,81,72,78,34,10150,79,80,79,79,79
20160117 14:34,333,21,328,24,338,23,81,72,78,34,10150,79,80,79,79,80
20160117 14:35,343,17,331,24,347,22,81,73,79,36,10150,79,80,79,79,80
20160117 14:36,337,19,334,23,327,30,81,73,79,36,10150,80,80,79,79,79
20160117 14:37,324,23,331,24,321,32,81,73,79,36,10150,80,80,79,79,79
20160117 14:38,318,22,331,24,314,29,81,72,78,34,10150,80,80,79,79,80
20160117 14:39,315,19,329,23,316,28,81,73,79,36,10150,80,80,79,79,80
20160117 14:40,326,23,330,22,336,32,81,73,79,36,10150,80,80,79,79,80
20160117 14:41,331,24,328,21,326,31,81,73,79,36,10150,81,80,79,79,80
20160117 14:42,327,28,328,23,327,46,81,73,79,36,10150,81,80,79,79,80
20160117 14:43,327,36,328,24,327,48,81,72,78,34,10150,81,80,79,79,80
20160117 14:44,326,35,327,25,325,40,81,72,78,34,10149,81,80,79,79,80
20160117 14:45,325,32,324,27,324,42,81,72,78,34,10150,82,80,79,79,80
20160117 14:46,323,33,324,28,323,43,81,73,79,36,10150,82,80,79,79,80
20160117 14:47,329,33,325,29,336,45,81,72,78,34,10150,82,80,79,79,80
20160117 14:48,333,24,327,29,329,26,82,72,78,35,10150,82,80,79,79,80
20160117 14:49,327,21,328,29,324,35,82,73,79,37,10150,83,80,79,79,80
20160117 14:50,323,30,326,30,323,52,82,73,79,37,10150,83,80,79,79,80
20160117 14:51,325,37,326,32,327,51,82,73,79,37,10150,83,80,79,79,80
20160117 14:52,321,32,325,31,315,33,82,73,79,37,10149,84,80,79,79,80
20160117 14:53,319,26,325,30,324,34,82,73,79,37,10149,84,80,79,79,80
20160117 14:54,326,25,325,29,328,35,82,74,80,38,10149,85,80,79,79,80
20160117 14:55,325,28,325,29,322,42,82,73,79,37,10149,86,80,79,79,80
20160117 14:56,326,29,326,28,330,34,82,73,79,37,10149,86,80,79,79,80
20160117 14:57,326,25,325,27,323,33,82,73,79,37,10148,86,80,79,80,80
20160117 14:58,321,23,323,28,318,28,82,73,79,37,10148,87,80,79,79,80
20160117 14:59,325,20,324,27,332,26,83,73,80,38,10148,87,80,79,80,80
20160117 15:00,327,18,324,25,322,25,83,73,80,38,10148,88,80,79,80,80
20160117 15:01,327,23,325,24,331,38,83,73,80,38,10148,88,80,79,80,80
20160117 15:02,330,27,326,24,329,39,83,73,80,38,10148,88,80,79,80,80
20160117 15:03,331,32,327,26,333,46,83,72,79,36,10148,88,80,79,80,80
20160117 15:04,338,36,328,27,342,50,83,73,80,38,10148,88,80,79,80,80
20160117 15:05,340,32,330,26,339,41,83,73,80,38,10148,89,80,79,80,80
20160117 15:06,332,29,329,27,325,35,83,73,80,38,10147,89,80,79,80,80
20160117 15:07,327,25,330,27,329,31,83,73,80,38,10147,89,80,79,80,80
20160117 15:08,324,21,330,27,318,29,83,73,80,38,10147,89,80,79,80,80
20160117 15:09,319,27,329,28,320,48,83,73,80,38,10147,90,80,79,80,80
20160117 15:10,312,34,327,30,305,46,83,73,80,38,10147,90,81,79,80,80
20160117 15:11,305,35,325,30,305,47,83,73,80,38,10147,90,81,79,80,80
20160117 15:12,314,37,324,32,324,54,83,73,80,38,10148,89,81,79,80,80
20160117 15:13,326,38,324,31,329,56,83,73,80,38,10148,90,81,79,80,80
20160117 15:14,326,39,322,32,323,59,83,73,80,38,10148,90,81,79,80,80
20160117 15:15,326,41,321,33,329,60,83,73,80,38,10148,89,81,79,80,80
20160117 15:16,327,40,321,34,324,48,83,72,79,36,10148,89,81,79,80,80
20160117 15:17,323,40,320,36,322,55,83,73,80,38,10148,88,81,79,80,80
20160117 15:18,333,37,323,37,345,54,83,72,79,36,10148,89,81,79,80,80
20160117 15:19,341,34,324,38,338,53,84,72,79,37,10148,89,81,79,80,80
20160117 15:20,333,33,327,37,329,38,84,72,79,37,10148,89,81,79,80,80
20160117 15:21,330,29,329,36,332,37,84,72,79,37,10149,89,82,79,80,80
20160117 15:22,330,27,330,35,328,39,84,72,79,37,10149,89,82,79,80,80
20160117 15:23,338,26,332,34,348,41,84,72,79,37,10149,89,82,79,80,80
20160117 15:24,345,23,334,32,342,25,84,72,79,37,10149,90,82,79,80,80
20160117 15:25,331,21,333,30,320,33,84,73,80,38,10149,90,82,79,80,80
20160117 15:26,323,27,333,29,326,39,85,72,80,37,10149,90,82,79,80,80
20160117 15:27,324,30,333,28,322,44,85,72,80,37,10149,91,82,79,80,80
20160117 15:28,332,31,333,28,342,39,85,71,79,35,10149,90,82,79,80,80
20160117 15:29,329,34,330,28,316,55,85,71,79,35,10149,90,82,79,80,80
20160117 15:30,321,35,330,28,326,46,85,71,79,35,10150,90,82,79,80,80
20160117 15:31,322,38,329,30,318,57,85,71,79,35,10150,90,82,79,80,80
20160117 15:32,328,43,330,32,338,62,85,70,78,33,10149,90,82,79,80,80
20160117 15:33,338,40,329,33,338,63,85,70,78,33,10150,90,82,79,80,80
20160117 15:34,343,33,329,34,349,35,85,70,78,33,10150,90,82,79,80,80
20160117 15:35,346,28,332,34,343,36,85,69,77,31,10150,89,82,79,80,80
20160117 15:36,331,31,331,34,318,47,85,69,77,31,10150,90,82,79,80,80
20160117 15:37,330,34,333,35,341,57,85,69,77,31,10150,89,82,79,80,80
20160117 15:38,342,42,333,37,344,61,85,69,77,31,10150,89,83,79,80,80
20160117 15:39,336,45,334,37,329,55,85,69,77,31,10150,88,83,79,80,80
20160117 15:40,326,43,334,38,323,54,85,69,77,31,10150,88,83,79,80,80
20160117 15:41,336,40,337,38,348,46,85,69,77,31,10150,87,83,79,80,80
20160117 15:42,342,29,337,36,335,28,85,69,77,31,10150,88,83,79,80,80
20160117 15:43,337,21,337,34,339,27,86,70,78,34,10150,88,83,79,80,80
20160117 15:44,337,26,336,34,335,41,86,70,78,34,10150,88,83,79,80,80
20160117 15:45,334,31,335,34,333,54,86,70,78,34,10151,88,83,79,80,80
20160117 15:46,323,36,334,35,314,57,86,69,77,32,10151,88,83,79,80,80
20160117 15:47,323,44,333,36,331,59,86,69,77,32,10151,87,83,80,80,80
20160117 15:48,338,36,333,34,346,40,86,68,76,30,10151,86,83,80,80,80
20160117 15:49,338,28,334,33,331,46,86,69,77,32,10151,86,83,79,80,80
20160117 15:50,337,27,336,31,344,53,86,69,77,32,10152,86,83,80,80,80
20160117 15:51,336,32,334,31,330,48,86,69,77,32,10152,86,83,80,80,80
20160117 15:52,328,39,333,33,325,57,86,68,76,30,10152,86,83,80,80,80
20160117 15:53,325,38,331,35,324,71,86,69,77,32,10152,86,83,80,80,80
20160117 15:54,327,38,331,35,329,52,86,69,77,32,10152,86,83,80,80,80
20160117 15:55,323,42,329,37,316,60,86,69,77,32,10153,86,83,80,80,80
20160117 15:56,320,46,330,37,323,62,86,69,77,32,10153,85,83,80,80,80
20160117 15:57,325,51,329,38,326,71,86,69,77,32,10153,85,83,80,80,80
20160117 15:58,327,52,327,40,327,61,85,69,77,31,10153,84,83,80,80,80
20160117 15:59,329,55,327,44,330,73,85,69,77,31,10153,84,83,80,80,80
20160117 16:00,329,57,326,46,329,63,85,69,77,31,10153,83,83,80,80,80
20160117 16:01,330,43,326,46,330,44,85,69,77,31,10153,83,83,80,80,80
20160117 16:02,330,35,326,46,330,43,85,69,77,31,10153,83,83,80,80,80
20160117 16:03,324,35,326,45,319,43,85,70,78,33,10153,83,83,80,80,80
20160117 16:04,318,35,325,45,318,52,85,70,78,33,10153,83,83,80,80,80
20160117 16:05,324,36,326,44,329,52,85,70,78,33,10153,82,83,80,80,80
20160117 16:06,332,37,327,43,336,51,85,70,78,33,10153,82,83,80,80,80
20160117 16:07,323,32,326,40,309,35,85,70,78,33,10153,81,83,80,80,80
20160117 16:08,318,31,326,39,326,47,85,70,78,33,10153,81,82,80,80,80
20160117 16:09,331,37,326,37,336,52,84,70,77,33,10153,81,82,80,80,80
20160117 16:10,329,27,326,33,322,24,84,71,78,35,10152,81,82,80,80,80
20160117 16:11,313,22,323,32,304,41,84,71,78,35,10152,81,82,80,80,80
20160117 16:12,316,28,323,32,328,51,84,71,78,35,10152,81,82,80,80,80
20160117 16:13,343,33,326,32,357,43,84,71,78,35,10152,80,82,80,80,80
20160117 16:14,344,36,328,32,331,50,84,71,78,35,10152,80,82,80,80,80
20160117 16:15,333,38,328,32,335,49,84,71,78,35,10152,80,82,80,80,80
20160117 16:16,329,34,327,31,322,38,84,71,78,35,10152,79,82,80,80,80
20160117 16:17,322,36,328,33,322,67,84,71,78,35,10152,79,82,80,80,80
20160117 16:18,323,46,328,34,324,62,84,70,77,33,10153,79,82,80,80,80
20160117 16:19,328,45,328,35,332,54,84,70,77,33,10153,79,82,80,80,80
20160117 16:20,328,40,328,37,325,50,84,70,77,33,10153,78,82,80,80,80
20160117 16:21,325,40,330,39,325,55,84,70,77,33,10153,78,82,80,80,80
20160117 16:22,323,38,329,39,321,44,84,70,77,33,10153,77,81,80,80,80
20160117 16:23,318,35,325,39,314,45,84,70,77,33,10153,77,81,80,80,80
20160117 16:24,329,31,326,38,345,38,84,70,77,33,10154,77,81,80,80,80
20160117 16:25,338,29,326,37,331,43,84,71,78,35,10154,76,81,80,80,80
20160117 16:26,332,28,327,37,333,34,84,71,78,35,10154,76,81,80,80,80
20160117 16:27,335,25,329,35,338,34,84,71,78,35,10154,76,81,80,80,80
20160117 16:28,332,26,329,33,325,39,84,71,78,35,10154,76,81,80,80,80
20160117 16:29,327,34,328,33,328,58,84,71,78,35,10155,76,81,80,80,81
20160117 16:30,334,42,330,33,341,66,84,70,77,33,10155,75,81,80,80,81
20160117 16:31,340,39,331,32,338,42,84,71,78,35,10155,75,81,80,80,81
20160117 16:32,330,35,331,32,321,50,84,71,78,35,10155,74,81,80,80,81
20160117 16:33,326,32,333,32,331,45,84,70,77,33,10155,74,81,80,80,81
20160117 16:34,332,29,332,32,332,42,84,71,78,35,10155,74,80,80,80,81
20160117 16:35,328,34,331,33,323,53,84,70,77,33,10156,74,80,80,80,81
20160117 16:36,323,30,330,32,323,29,83,71,78,34,10156,73,80,80,80,81
20160117 16:37,326,26,329,33,328,38,83,71,78,34,10156,73,80,80,80,81
20160117 16:38,324,34,329,34,321,50,83,71,78,34,10156,73,80,80,80,81
20160117 16:39,319,35,328,33,318,48,83,70,77,32,10157,73,80,80,80,81
20160117 16:40,318,34,325,32,319,47,83,71,78,34,10157,72,80,80,81,81
20160117 16:41,317,34,323,32,316,44,83,71,78,34,10157,72,80,80,81,81
20160117 16:42,324,40,324,33,332,74,83,71,78,34,10157,72,80,80,81,81
20160117 16:43,325,39,323,33,318,42,83,71,78,34,10157,72,80,80,81,81
20160117 16:44,323,34,323,34,328,58,83,71,78,34,10158,71,79,80,81,81
20160117 16:45,324,33,322,33,320,40,83,71,78,34,10158,71,79,80,81,81
20160117 16:46,323,28,323,34,326,39,83,71,78,34,10158,71,79,80,81,81
20160117 16:47,323,28,322,34,319,37,83,71,78,34,10158,71,79,80,81,81
20160117 16:48,323,34,322,34,327,68,83,71,78,34,10158,71,79,80,81,81
20160117 16:49,325,44,323,36,323,65,82,71,77,33,10158,70,79,80,81,81
20160117 16:50,321,43,323,36,319,56,82,71,77,33,10158,70,79,80,81,81
20160117 16:51,319,35,323,36,320,43,82,71,77,33,10159,70,79,80,81,81
20160117 16:52,319,28,322,33,319,42,82,71,77,33,10159,70,79,80,81,81
20160117 16:53,317,28,322,33,315,44,82,72,78,35,10159,70,78,80,81,81
20160117 16:54,317,31,321,33,318,48,82,72,78,35,10159,70,78,80,81,81
20160117 16:55,325,40,322,35,332,64,82,71,77,33,10159,69,78,80,81,81
20160117 16:56,331,42,322,35,329,49,82,71,77,33,10159,69,78,80,81,81
20160117 16:57,325,34,322,36,320,44,82,71,77,33,10159,69,78,80,81,81
20160117 16:58,323,31,322,35,325,44,82,71,77,33,10160,69,78,80,81,81
20160117 16:59,326,39,322,35,326,67,82,72,78,35,10160,69,78,80,81,81
20160117 17:00,324,46,323,35,322,56,82,71,77,33,10160,68,78,80,81,81
20160117 17:01,317,44,322,37,311,64,82,71,77,33,10160,68,78,80,81,81
20160117 17:02,321,40,323,38,330,52,82,71,77,33,10160,68,77,80,81,81
20160117 17:03,332,38,325,39,333,52,82,71,77,33,10160,67,77,80,81,81
20160117 17:04,331,43,326,40,328,66,82,71,77,33,10160,67,77,80,81,81
20160117 17:05,332,46,326,40,336,72,82,70,76,31,10160,67,77,80,81,81
20160117 17:06,334,48,326,42,332,70,82,70,76,31,10160,67,77,80,81,81
20160117 17:07,333,48,328,43,334,60,82,70,76,31,10159,67,77,80,81,81
20160117 17:08,329,41,328,44,324,61,82,70,76,31,10160,67,77,80,81,81
20160117 17:09,335,40,330,43,346,67,81,70,76,30,10159,66,77,80,81,81
20160117 17:10,336,41,330,43,326,52,81,70,76,30,10160,66,77,80,81,81
20160117 17:11,329,40,332,43,331,55,81,69,74,28,10160,66,76,80,81,81
20160117 17:12,329,45,332,44,327,65,81,69,74,28,10160,66,76,80,81,81
20160117 17:13,333,36,332,42,338,42,81,69,74,28,10160,66,76,80,81,81
20160117 17:14,335,27,333,40,332,37,81,69,74,28,10160,66,76,80,81,81
20160117 17:15,337,32,333,39,342,47,81,69,74,28,10160,65,76,80,81,81
20160117 17:16,338,36,333,38,334,48,81,69,74,28,10160,65,76,80,81,81
20160117 17:17,334,36,333,37,334,52,81,69,74,28,10160,65,76,80,81,81
20160117 17:18,337,31,335,36,340,40,81,69,74,28,10160,64,76,80,81,81
20160117 17:19,343,24,335,34,345,37,81,69,74,28,10160,64,75,80,81,81
20160117 17:20,340,23,336,32,334,38,81,69,74,28,10160,64,75,80,81,81
20160117 17:21,334,27,336,31,333,47,81,69,74,28,10160,64,75,79,81,81
20160117 17:22,332,36,336,30,331,52,81,69,74,28,10160,64,75,79,81,81
20160117 17:23,339,34,337,31,347,39,81,69,74,28,10160,63,75,79,81,81
20160117 17:24,341,30,338,31,336,45,80,70,75,29,10160,63,75,79,81,81
20160117 17:25,334,33,337,31,332,40,80,69,74,27,10160,63,75,79,81,81
20160117 17:26,330,27,336,29,328,28,80,70,75,29,10161,63,75,79,81,81
20160117 17:27,337,22,337,28,346,31,80,70,75,29,10160,63,75,79,81,81
20160117 17:28,340,22,337,28,334,42,80,70,75,29,10161,63,74,79,81,81
20160117 17:29,328,27,334,29,323,48,80,70,75,29,10161,63,74,79,81,81
20160117 17:30,329,29,334,29,335,38,80,70,75,29,10161,62,74,79,81,81
20160117 17:31,330,24,334,28,325,33,80,70,75,29,10161,62,74,79,81,81
20160117 17:32,327,25,333,27,328,39,80,70,75,29,10161,62,74,79,81,81
20160117 17:33,324,22,331,25,319,24,79,70,75,28,10161,61,74,79,81,81
20160117 17:34,321,19,329,25,323,35,79,71,76,30,10161,61,74,79,81,81
20160117 17:35,327,28,329,25,330,41,79,70,75,28,10161,60,74,79,81,81
20160117 17:36,330,30,329,25,329,32,79,70,75,28,10161,59,74,79,81,81
20160117 17:37,325,26,327,25,321,36,79,70,75,28,10161,59,73,79,81,81
20160117 17:38,324,28,326,26,327,47,79,70,75,28,10162,58,73,79,81,81
20160117 17:39,327,29,326,26,327,33,78,71,75,29,10162,58,73,79,81,81
20160117 17:40,326,27,325,26,324,34,78,71,75,29,10162,57,73,79,81,81
20160117 17:41,325,25,325,26,326,29,78,71,75,29,10162,57,73,79,81,81
20160117 17:42,323,22,325,25,319,27,78,71,75,29,10162,56,73,79,81,81
20160117 17:43,324,24,326,26,329,40,77,71,75,28,10162,56,73,79,81,81
20160117 17:44,324,30,325,27,319,40,77,71,75,28,10162,56,72,79,81,81
20160117 17:45,322,30,325,27,325,41,77,72,76,30,10162,56,72,79,81,81
20160117 17:46,320,30,323,27,315,55,77,72,76,30,10162,55,72,79,81,81
20160117 17:47,322,36,324,29,329,55,77,72,76,30,10162,55,72,79,81,81
20160117 17:48,326,32,324,28,324,40,77,72,76,30,10162,54,72,79,81,81
20160117 17:49,327,30,324,29,330,57,76,73,76,31,10163,54,72,79,81,81
20160117 17:50,329,35,324,30,328,44,76,73,76,31,10163,54,72,79,81,81
20160117 17:51,327,36,324,31,325,47,76,73,76,31,10163,54,71,79,81,81
20160117 17:52,329,34,326,32,333,38,76,73,76,31,10163,54,71,79,81,81
20160117 17:53,331,33,326,33,328,45,76,73,76,31,10163,54,71,78,81,81
20160117 17:54,328,33,327,33,328,38,76,73,76,31,10163,54,71,78,81,81
20160117 17:55,327,32,327,34,327,48,76,73,76,31,10163,54,71,78,81,81
20160117 17:56,324,33,327,34,321,41,76,73,76,31,10163,55,71,78,81,81
20160117 17:57,323,35,327,33,325,51,76,73,76,31,10163,55,70,78,81,81
20160117 17:58,330,34,328,34,335,42,76,74,77,33,10164,55,70,78,81,81
20160117 17:59,332,33,328,34,328,48,76,74,77,33,10164,56,70,78,81,81
20160117 18:00,321,32,326,33,313,48,77,74,78,34,10164,56,70,78,81,81
20160117 18:01,318,29,326,32,323,46,77,74,78,34,10164,56,70,78,81,81
20160117 18:02,323,28,325,32,323,35,77,74,78,34,10164,56,70,78,81,81
20160117 18:03,324,28,325,31,325,43,77,74,78,34,10164,56,70,78,81,81
20160117 18:04,329,39,325,33,332,66,77,74,78,34,10164,57,69,78,81,81
20160117 18:05,335,45,326,34,337,51,77,73,77,32,10164,57,69,78,81,81
20160117 18:06,336,36,328,34,334,50,77,73,77,32,10165,57,69,78,81,81
20160117 18:07,327,28,327,33,321,38,78,73,77,33,10165,58,69,78,81,81
20160117 18:08,328,25,327,32,335,33,78,73,77,33,10165,58,69,78,81,81
20160117 18:09,325,24,326,31,314,47,77,74,78,34,10165,58,69,78,81,81
20160117 18:10,317,24,326,31,319,30,77,74,78,34,10166,58,69,78,81,81
20160117 18:11,317,20,325,29,315,27,77,74,78,34,10166,59,69,78,81,81
20160117 18:12,316,22,325,29,316,42,77,74,78,34,10166,59,69,78,81,81
20160117 18:13,315,35,324,30,314,59,77,74,78,34,10166,59,69,78,81,81
20160117 18:14,315,39,322,29,315,43,78,74,78,35,10167,59,69,78,81,81
20160117 18:15,319,29,321,27,324,31,78,74,78,35,10167,60,68,77,81,81
20160117 18:16,319,30,319,28,314,46,78,74,78,35,10167,60,68,77,81,81
20160117 18:17,318,34,319,28,322,39,78,74,78,35,10167,60,68,77,81,81
20160117 18:18,318,27,317,28,314,29,78,74,78,35,10167,60,68,77,80,81
20160117 18:19,316,23,317,28,318,30,78,74,78,35,10167,60,68,77,80,81
20160117 18:20,323,27,318,29,327,45,78,74,78,35,10167,60,68,77,80,81
20160117 18:21,318,28,317,30,309,38,78,74,78,35,10167,60,68,77,80,81
20160117 18:22,309,23,317,29,310,31,78,75,79,37,10167,60,68,77,80,81
20160117 18:23,309,26,316,28,308,44,78,75,79,37,10167,60,68,77,80,81
20160117 18:24,313,28,316,27,317,37,78,75,79,37,10167,60,68,77,80,81
20160117 18:25,320,28,316,28,322,43,78,75,79,37,10168,60,68,77,80,81
20160117 18:26,314,27,315,27,306,33,78,75,79,37,10168,60,68,77,80,81
20160117 18:27,308,26,314,26,310,34,78,75,79,37,10168,60,68,77,80,81
20160117 18:28,307,26,313,26,303,38,78,75,79,37,10168,60,68,77,80,81
20160117 18:29,308,30,312,28,312,45,78,75,79,37,10168,60,68,77,80,81
20160117 18:30,313,34,311,28,313,54,78,75,79,37,10168,60,68,77,80,81
20160117 18:31,319,30,313,28,325,36,78,75,79,37,10169,60,68,77,80,81
20160117 18:32,322,25,313,28,318,33,78,75,79,37,10169,60,68,77,80,81
20160117 18:33,310,21,313,27,302,27,78,75,79,37,10169,60,68,77,80,81
20160117 18:34,298,20,311,26,295,35,78,75,79,37,10169,60,68,77,80,81
20160117 18:35,306,23,310,26,316,32,77,75,79,36,10169,61,68,76,80,81
20160117 18:36,310,24,310,26,305,42,77,75,79,36,10170,61,68,76,80,81
20160117 18:37,306,25,310,26,307,39,77,75,79,36,10169,61,68,76,80,81
20160117 18:38,304,30,309,27,301,44,77,75,79,36,10170,61,68,76,80,81
20160117 18:39,306,29,309,26,312,32,77,75,79,36,10170,61,68,76,80,81
20160117 18:40,309,27,309,25,307,36,77,75,79,36,10170,61,68,76,80,81
20160117 18:41,312,28,308,25,317,42,77,75,79,36,10170,61,68,76,80,81
20160117 18:42,311,25,307,25,305,38,77,75,79,36,10170,61,68,76,80,81
20160117 18:43,307,26,307,26,308,40,77,75,79,36,10170,61,68,76,80,81
20160117 18:44,310,27,309,27,311,35,77,75,79,36,10170,61,68,76,80,81
20160117 18:45,314,23,309,26,317,26,77,75,79,36,10170,61,68,76,80,81
20160117 18:46,314,24,310,27,311,35,77,76,80,37,10170,61,68,76,80,81
20160117 18:47,314,30,311,27,317,50,77,76,80,37,10170,61,68,76,80,81
20160117 18:48,317,27,312,26,317,29,77,75,79,36,10170,61,68,76,80,81
20160117 18:49,314,24,312,26,310,39,77,76,80,37,10170,61,68,76,80,81
20160117 18:50,316,31,313,27,321,45,77,76,80,37,10170,61,68,76,80,81
20160117 18:51,323,34,314,27,325,40,77,75,79,36,10170,61,68,76,80,81
20160117 18:52,322,30,316,28,319,36,77,76,80,37,10170,61,68,76,80,81
20160117 18:53,313,30,315,28,306,53,77,76,80,37,10170,61,68,76,80,81
20160117 18:54,304,32,315,29,303,42,77,76,80,37,10171,61,68,76,80,81
20160117 18:55,304,32,313,30,304,51,77,76,80,37,10171,61,68,76,80,81
20160117 18:56,311,31,314,30,319,38,77,76,80,37,10171,61,68,76,80,81
20160117 18:57,313,28,313,30,308,42,77,76,80,37,10171,61,68,76,80,81
20160117 18:58,306,29,312,31,304,49,77,76,80,37,10171,61,68,76,80,81
20160117 18:59,308,33,312,31,311,53,77,76,80,37,10171,61,68,76,80,81
20160117 19:00,314,35,312,31,318,40,77,75,79,36,10172,61,68,76,80,81
20160117 19:01,314,30,310,31,310,35,77,76,80,37,10172,61,68,76,80,81
20160117 19:02,305,23,308,30,300,28,77,76,80,37,10172,61,68,76,80,81
20160117 19:03,304,22,308,29,308,39,77,76,80,37,10172,60,68,76,80,81
20160117 19:04,313,26,310,29,319,36,77,76,80,37,10172,60,68,75,80,81
20160117 19:05,315,28,311,28,310,41,77,76,80,37,10172,60,68,75,80,81
20160117 19:06,306,31,309,29,303,35,77,76,80,37,10173,60,68,75,80,81
20160117 19:07,301,29,308,29,299,36,77,76,80,37,10173,60,68,75,80,81
20160117 19:08,299,25,308,28,298,33,77,76,80,37,10173,60,68,75,80,81
20160117 19:09,301,27,307,27,303,43,76,76,79,36,10173,60,68,75,80,81
20160117 19:10,298,28,304,27,293,32,76,77,80,38,10173,60,68,75,80,81
20160117 19:11,288,21,302,26,283,26,76,77,80,38,10173,60,67,75,80,81
20160117 19:12,289,19,301,26,294,32,76,77,80,38,10173,60,67,75,80,81
20160117 19:13,293,21,299,25,292,29,76,77,80,38,10173,60,67,75,80,81
20160117 19:14,290,20,296,25,289,24,75,77,80,37,10174,59,67,75,80,81
20160117 19:15,296,21,296,24,304,37,75,77,80,37,10174,59,67,75,80,81
20160117 19:16,301,26,295,24,299,34,75,78,81,39,10174,59,67,75,80,81
20160117 19:17,300,27,296,23,301,35,75,78,81,39,10174,59,67,75,80,81
20160117 19:18,301,24,296,23,300,37,75,78,81,39,10174,58,67,75,80,81
20160117 19:19,297,23,295,23,293,30,75,78,81,39,10175,58,67,75,80,81
20160117 19:20,292,22,295,22,290,29,74,78,80,38,10175,58,67,75,79,81
20160117 19:21,291,22,295,23,292,32,74,78,80,38,10175,59,67,75,79,81
20160117 19:22,297,21,296,23,301,33,74,78,80,38,10175,59,67,75,79,81
20160117 19:23,303,21,297,23,305,35,74,78,80,38,10175,59,67,75,79,81
20160117 19:24,303,26,299,24,300,36,74,79,81,40,10175,59,67,75,79,81
20160117 19:25,303,25,299,24,305,28,74,79,81,40,10175,59,67,75,79,81
20160117 19:26,306,21,299,23,306,33,74,79,81,40,10175,59,67,75,79,81
20160117 19:27,301,21,299,23,295,30,74,79,81,40,10175,59,67,75,79,81
20160117 19:28,299,21,299,22,304,24,74,79,81,40,10175,59,67,75,79,81
20160117 19:29,304,19,300,22,304,28,73,79,81,39,10175,59,67,75,79,81
20160117 19:30,299,19,301,22,295,26,73,79,81,39,10176,59,67,75,79,81
20160117 19:31,296,21,301,22,298,30,73,79,81,39,10176,59,67,75,79,81
20160117 19:32,302,25,302,22,307,37,73,79,81,39,10176,59,67,75,79,81
20160117 19:33,307,23,302,22,306,25,73,79,81,39,10176,58,67,75,79,81
20160117 19:34,307,18,303,21,307,20,73,79,81,39,10176,58,67,75,79,81
20160117 19:35,304,17,302,20,300,31,73,79,81,39,10176,57,67,75,79,81
20160117 19:36,302,20,302,20,304,28,72,79,80,38,10176,56,67,75,79,81
20160117 19:37,301,21,302,20,299,26,72,79,80,38,10176,55,67,75,79,81
20160117 19:38,301,20,302,20,302,27,72,80,81,40,10176,54,67,75,79,81
20160117 19:39,300,21,302,20,298,27,72,80,81,40,10177,54,67,74,79,81
20160117 19:40,301,22,303,21,304,32,71,80,81,39,10177,53,67,74,79,81
20160117 19:41,303,23,303,21,302,30,71,80,81,39,10177,52,67,74,79,81
20160117 19:42,302,19,302,20,302,26,71,80,81,39,10177,52,66,74,79,81
20160117 19:43,297,19,301,20,292,31,71,80,81,39,10178,51,66,74,79,81
20160117 19:44,297,22,301,20,302,29,70,80,80,38,10178,51,66,74,79,81
20160117 19:45,301,20,300,21,299,25,70,81,81,40,10178,50,66,74,79,81
20160117 19:46,295,22,299,21,291,30,70,81,81,40,10178,50,66,74,79,81
20160117 19:47,292,23,299,21,293,30,70,81,81,40,10179,49,66,74,79,81
20160117 19:48,295,22,298,21,297,36,69,81,81,39,10179,49,66,74,79,81
20160117 19:49,299,22,298,21,300,31,69,81,81,39,10179,48,66,74,79,81
20160117 19:50,294,19,297,21,288,22,69,81,81,39,10179,48,66,74,79,81
20160117 19:51,292,17,296,20,296,23,68,81,80,38,10179,48,66,74,79,81
20160117 19:52,297,17,296,20,297,24,68,81,80,38,10179,47,65,74,79,81
20160117 19:53,296,17,296,20,296,23,68,82,81,39,10179,46,65,74,79,81
20160117 19:54,292,16,295,19,288,24,67,82,80,38,10179,46,65,74,79,81
20160117 19:55,290,20,294,20,293,30,67,82,80,38,10180,46,65,74,79,81
20160117 19:56,291,23,294,20,290,28,67,82,80,38,10180,45,65,74,79,81
20160117 19:57,293,20,294,20,296,24,67,82,80,38,10180,45,65,74,79,81
20160117 19:58,296,18,294,19,295,22,67,82,80,38,10180,45,65,74,79,81
20160117 19:59,297,18,294,19,300,24,66,82,80,38,10181,44,64,74,79,81
20160117 20:00,296,19,294,19,292,24,66,83,81,39,10181,44,64,74,79,81
