time_now,wd_avg_2mins,ws_avg_2mins,wd_avg_10mins,ws_avg_10mins,wd_maxsp_this_min,ws_maxsp_this_min,air_temp_by_box,relative_humidity,water_vapor_pressure,dew_temp,station_pressure,ground_temp_pt,ground_tem_5cm,ground_tem_10cm,ground_tem_15cm,ground_tem_20cm
20150208 20:01,35,6,26,6,31,7,55,75,68,14,10250,54,77,85,86,82
20150208 20:02,356,2,17,5,292,3,55,75,68,14,10250,54,77,85,86,82
20150208 20:03,262,3,9,5,242,7,54,75,67,13,10250,54,77,84,86,82
20150208 20:04,248,4,2,5,254,5,54,75,67,13,10249,54,77,84,86,82
20150208 20:05,249,1,353,4,245,0,54,75,67,13,10249,54,76,84,86,82
20150208 20:06,248,0,330,4,251,0,55,75,68,14,10249,54,76,84,86,82
20150208 20:07,235,0,295,3,220,0,55,74,67,12,10248,54,76,84,86,82
20150208 20:08,194,0,261,3,167,0,55,74,67,12,10248,54,76,84,86,82
20150208 20:09,146,0,239,2,126,0,55,74,67,12,10247,54,76,84,86,82
20150208 20:10,125,1,223,1,124,6,55,75,68,14,10247,53,76,84,86,82
20150208 20:11,127,4,210,2,130,9,55,75,68,14,10246,53,76,84,86,82
20150208 20:12,128,7,189,2,127,8,55,75,68,14,10246,53,76,84,86,82
20150208 20:13,122,7,171,3,117,8,56,74,67,13,10247,53,76,84,86,82
20150208 20:14,113,7,154,3,109,8,56,74,67,13,10247,53,76,83,86,82
20150208 20:15,107,7,140,4,105,9,56,74,67,13,10247,54,76,83,86,82
20150208 20:16,103,8,129,5,101,10,56,74,67,13,10248,54,76,83,86,82
20150208 20:17,94,8,119,6,88,9,56,74,67,13,10248,54,76,83,86,82
20150208 20:18,86,7,111,6,84,8,55,75,68,14,10248,54,75,83,86,82
20150208 20:19,80,6,106,7,75,7,55,75,68,14,10248,54,75,83,86,82
20150208 20:20,75,7,101,7,75,9,55,75,68,14,10248,54,75,83,85,82
20150208 20:21,75,9,96,8,75,10,55,75,68,14,10248,54,75,83,85,82
20150208 20:22,76,9,91,8,77,11,55,74,67,12,10249,53,75,83,85,82
20150208 20:23,77,10,87,8,78,11,55,74,67,12,10249,53,75,83,85,82
20150208 20:24,76,10,83,8,75,10,55,75,68,14,10249,53,75,83,85,82
20150208 20:25,75,8,80,8,76,9,55,75,68,14,10249,53,75,83,85,82
20150208 20:26,76,8,78,8,76,9,55,76,69,16,10250,53,75,83,85,82
20150208 20:27,74,7,76,8,72,8,55,76,69,16,10250,53,75,83,85,82
20150208 20:28,75,7,76,8,77,8,55,76,69,16,10250,53,75,82,85,82
20150208 20:29,80,7,76,8,83,8,55,76,69,16,10250,52,75,82,85,82
20150208 20:30,86,7,78,8,89,6,55,76,69,16,10250,52,75,82,85,82
20150208 20:31,88,5,79,8,87,6,55,76,69,16,10250,52,74,82,85,82
20150208 20:32,81,5,79,7,76,7,55,76,69,16,10251,52,74,82,85,82
20150208 20:33,75,6,79,7,75,8,55,75,68,14,10251,52,74,82,85,82
20150208 20:34,75,7,78,7,74,9,55,75,68,14,10251,52,74,82,85,82
20150208 20:35,74,8,78,7,74,10,55,75,68,14,10251,52,74,82,85,82
20150208 20:36,70,9,77,7,66,10,55,75,68,14,10251,52,74,82,85,82
20150208 20:37,63,8,76,7,60,8,54,75,67,13,10251,52,74,82,85,82
20150208 20:38,60,7,74,7,60,9,54,75,67,13,10251,52,74,82,85,82
20150208 20:39,60,7,72,7,61,8,54,76,68,15,10251,52,74,82,85,82
20150208 20:40,60,7,69,7,60,8,54,76,68,15,10251,52,74,82,85,82
20150208 20:41,59,7,66,7,58,10,54,76,68,15,10251,52,74,81,84,82
20150208 20:42,58,9,64,8,57,12,54,76,68,15,10251,52,74,81,84,82
20150208 20:43,55,11,62,8,52,15,54,76,68,15,10252,52,74,81,84,82
20150208 20:44,52,13,60,9,51,16,54,76,68,15,10252,52,73,81,84,82
20150208 20:45,52,13,58,9,53,16,54,76,68,15,10252,51,73,81,84,82
20150208 20:46,53,11,57,9,53,11,54,76,68,15,10252,51,73,81,84,82
20150208 20:47,52,9,56,10,52,11,54,76,68,15,10252,51,73,81,84,82
20150208 20:48,51,9,55,10,49,12,54,76,68,15,10252,51,73,81,84,82
20150208 20:49,49,10,53,10,49,12,54,76,68,15,10252,51,73,81,84,82
20150208 20:50,54,9,53,10,58,10,54,76,68,15,10251,51,73,81,84,81
20150208 20:51,58,8,53,10,58,11,54,76,68,15,10251,51,73,81,84,82
20150208 20:52,58,7,53,10,58,8,54,75,67,13,10251,51,73,81,84,81
20150208 20:53,58,7,54,9,59,9,54,75,67,13,10251,51,73,81,84,81
20150208 20:54,56,9,54,9,53,13,54,75,67,13,10251,51,73,81,84,81
20150208 20:55,52,11,54,9,51,12,54,75,67,13,10251,51,73,80,84,81
20150208 20:56,51,11,54,9,50,14,53,76,68,14,10251,50,72,80,84,81
20150208 20:57,51,12,54,9,51,14,53,76,68,14,10251,50,72,80,84,81
20150208 20:58,52,13,54,10,53,14,53,76,68,14,10251,50,72,80,84,81
20150208 20:59,54,12,55,10,55,13,53,75,67,12,10251,50,72,80,84,81
20150208 21:00,55,11,54,10,55,13,53,75,67,12,10251,50,72,80,84,81
20150208 21:01,55,12,54,11,54,14,53,75,67,12,10251,49,72,80,84,81
20150208 21:02,56,11,54,11,57,11,53,76,68,14,10250,49,72,80,83,81
20150208 21:03,57,11,54,12,56,14,53,76,68,14,10250,49,72,80,83,81
20150208 21:04,56,13,54,12,56,15,53,76,68,14,10250,49,72,80,83,81
20150208 21:05,55,14,54,12,55,17,53,76,68,14,10249,49,72,80,83,81
20150208 21:06,55,16,55,13,54,18,53,75,67,12,10249,49,72,80,83,81
20150208 21:07,54,17,55,13,54,19,53,74,66,10,10249,49,72,80,83,81
20150208 21:08,54,17,55,13,54,20,53,73,65,9,10249,48,72,80,83,81
20150208 21:09,54,17,55,14,54,20,53,73,65,9,10249,48,71,80,83,81
20150208 21:10,53,17,55,14,51,19,54,72,65,8,10250,48,71,79,83,81
20150208 21:11,49,16,54,15,46,20,54,72,65,8,10250,48,71,79,83,81
20150208 21:12,46,16,53,15,46,21,54,71,64,6,10250,48,71,79,83,81
20150208 21:13,49,16,52,16,51,20,54,71,64,6,10250,48,71,79,83,81
20150208 21:14,53,15,52,16,55,18,54,71,64,6,10250,48,71,79,83,81
20150208 21:15,54,13,52,16,54,16,55,71,64,7,10250,47,71,79,83,81
20150208 21:16,54,12,52,15,55,16,55,71,64,7,10250,47,71,79,83,81
20150208 21:17,59,10,53,14,64,9,55,71,64,7,10250,47,71,79,83,81
20150208 21:18,72,6,56,13,80,7,55,70,63,5,10251,46,71,79,83,81
20150208 21:19,118,4,62,12,161,8,55,71,64,7,10251,46,71,79,83,81
20150208 21:20,186,11,68,12,207,26,55,71,64,7,10251,46,71,79,83,81
20150208 21:21,205,19,80,13,202,25,56,72,65,10,10252,46,71,79,83,81
20150208 21:22,202,20,100,13,203,22,56,73,66,11,10252,46,70,79,83,81
20150208 21:23,206,19,127,13,209,23,56,72,65,10,10252,45,70,79,82,81
20150208 21:24,208,18,155,14,207,20,56,72,65,10,10252,45,70,79,82,81
20150208 21:25,209,16,176,14,210,16,56,72,65,10,10252,45,70,78,82,81
20150208 21:26,207,13,187,14,204,14,56,72,65,10,10252,45,70,78,82,81
20150208 21:27,210,9,197,14,216,9,56,71,65,8,10252,44,70,78,82,81
20150208 21:28,213,6,203,13,209,6,56,71,65,8,10252,44,70,78,82,81
20150208 21:29,214,3,209,13,220,4,56,71,65,8,10252,44,70,78,82,81
20150208 21:30,211,3,208,12,202,4,56,71,65,8,10252,44,70,78,82,81
20150208 21:31,203,1,208,10,204,1,56,71,65,8,10252,43,70,78,82,81
20150208 21:32,259,0,215,8,324,0,55,72,65,9,10252,43,69,78,82,81
20150208 21:33,301,0,222,6,275,0,55,72,65,9,10252,42,69,78,82,81
20150208 21:34,248,0,224,4,227,0,55,72,65,9,10252,42,69,78,82,81
20150208 21:35,233,0,228,3,240,0,55,72,65,9,10252,41,69,78,82,81
20150208 21:36,248,0,234,2,256,0,55,72,65,9,10252,41,69,78,82,81
20150208 21:37,263,0,240,1,270,0,54,73,65,10,10251,41,69,78,82,81
20150208 21:38,311,0,252,1,353,0,54,73,65,10,10251,41,69,78,82,81
20150208 21:39,14,0,264,0,36,0,54,73,65,10,10251,41,69,78,82,81
20150208 21:40,69,0,274,0,96,0,54,73,65,10,10251,41,69,77,82,81
20150208 21:41,86,0,297,0,76,0,53,74,66,10,10251,40,69,77,82,81
20150208 21:42,76,0,306,0,76,3,52,75,66,11,10251,40,68,77,82,81
20150208 21:43,75,2,37,0,73,5,52,75,66,11,10251,40,68,77,82,81
20150208 21:44,70,5,49,1,67,6,52,76,67,13,10251,40,68,77,82,81
20150208 21:45,68,6,55,2,68,7,51,76,67,12,10252,40,68,77,82,81
20150208 21:46,69,6,60,2,70,8,51,76,67,12,10252,39,68,77,82,81
20150208 21:47,71,7,64,3,72,9,51,76,67,12,10252,39,68,77,82,81
20150208 21:48,74,8,71,4,76,8,50,76,66,11,10252,39,68,77,82,81
20150208 21:49,74,6,75,4,72,7,50,77,67,13,10252,39,68,77,81,81
20150208 21:50,70,4,72,5,68,4,49,77,67,12,10252,38,68,77,81,81
20150208 21:51,67,2,71,5,66,2,49,78,68,14,10253,38,67,77,81,81
20150208 21:52,71,0,71,5,76,0,48,78,67,13,10253,38,67,77,81,80
20150208 21:53,109,1,74,4,225,5,48,77,66,11,10253,38,67,77,81,81
20150208 21:54,225,3,79,4,225,8,48,77,66,11,10253,38,67,77,81,80
20150208 21:55,224,5,89,4,222,7,48,77,66,11,10253,38,67,77,81,80
20150208 21:56,222,6,109,4,222,9,49,77,67,12,10253,38,67,76,81,80
20150208 21:57,224,7,148,4,225,9,49,77,67,12,10253,38,67,76,81,80
20150208 21:58,223,6,187,4,221,7,49,77,67,12,10253,38,67,76,81,80
20150208 21:59,204,3,198,4,188,4,49,77,67,12,10253,38,67,76,81,80
20150208 22:00,194,1,206,3,199,1,49,77,67,12,10253,39,66,76,81,80
20150208 22:01,204,0,211,3,210,0,48,77,66,11,10253,39,66,76,81,80
20150208 22:02,214,0,216,3,219,0,48,77,66,11,10252,39,66,76,81,80
20150208 22:03,220,0,215,3,221,0,48,77,66,11,10252,39,66,76,81,80
20150208 22:04,221,1,215,3,221,4,48,77,66,11,10252,39,66,76,81,80
20150208 22:05,225,4,216,3,228,6,47,77,66,10,10252,39,66,76,81,80
20150208 22:06,228,5,216,3,228,6,47,77,66,10,10252,39,66,76,81,80
20150208 22:07,228,5,216,3,228,7,47,77,66,10,10252,39,66,76,81,80
20150208 22:08,226,6,217,3,224,7,47,77,66,10,10252,39,66,76,81,80
20150208 22:09,223,6,220,3,221,6,46,77,65,9,10252,39,65,76,81,80
20150208 22:10,219,4,222,3,218,5,46,78,66,11,10252,40,65,75,81,80
20150208 22:11,214,2,222,3,209,3,46,78,66,11,10253,39,65,75,81,80
20150208 22:12,205,0,220,3,201,0,46,78,66,11,10253,39,65,75,81,80
20150208 22:13,186,0,215,3,171,0,46,78,66,11,10253,40,65,75,80,80
20150208 22:14,169,0,210,3,166,0,46,78,66,11,10253,40,65,75,80,80
20150208 22:15,167,0,204,3,168,0,46,78,66,11,10253,40,65,75,80,80
20150208 22:16,214,0,207,2,265,0,46,79,67,13,10253,40,65,75,80,80
20150208 22:17,267,0,210,2,268,0,45,79,67,12,10253,40,65,75,80,80
20150208 22:18,257,0,213,1,246,0,45,79,67,12,10253,40,65,75,80,80
20150208 22:19,246,0,216,0,246,0,45,79,67,12,10254,40,65,75,80,80
20150208 22:20,243,1,219,0,240,4,45,80,67,14,10254,40,65,75,80,80
20150208 22:21,242,2,223,1,243,5,45,80,67,14,10254,40,65,75,80,80
20150208 22:22,246,4,229,1,249,4,45,80,67,14,10254,40,64,75,80,80
20150208 22:23,247,3,237,1,246,4,45,79,67,12,10254,41,64,75,80,80
20150208 22:24,247,3,244,2,247,3,44,79,66,11,10254,41,64,74,80,80
20150208 22:25,250,2,250,2,252,3,44,79,66,11,10254,41,64,74,80,80
20150208 22:26,258,0,250,2,263,0,44,79,66,11,10255,41,64,74,80,80
20150208 22:27,270,0,251,2,278,0,44,80,67,13,10255,41,64,74,80,80
20150208 22:28,289,0,256,2,300,0,44,80,67,13,10255,41,64,74,80,80
20150208 22:29,297,0,261,2,294,0,44,80,67,13,10255,41,64,74,80,80
20150208 22:30,286,0,265,2,278,0,44,80,67,13,10255,41,64,74,80,80
20150208 22:31,273,0,267,1,269,0,44,81,68,14,10255,41,64,74,80,80
20150208 22:32,266,0,269,1,262,0,44,81,68,14,10255,41,64,74,80,80
20150208 22:33,262,0,270,0,262,0,44,81,68,14,10255,41,64,74,80,80
20150208 22:34,263,0,272,0,265,0,44,80,67,13,10255,41,64,74,80,80
20150208 22:35,265,2,274,0,266,6,44,80,67,13,10255,41,64,74,80,80
20150208 22:36,267,5,274,1,267,6,44,80,67,13,10255,41,64,74,80,80
20150208 22:37,265,6,272,2,263,6,44,79,66,11,10256,41,64,74,80,80
20150208 22:38,259,5,268,2,255,6,44,79,66,11,10256,41,64,74,79,80
20150208 22:39,256,5,264,3,257,6,44,79,66,11,10256,41,63,74,79,80
20150208 22:40,257,6,262,3,258,7,44,79,66,11,10256,41,63,73,79,80
20150208 22:41,257,6,261,4,256,6,44,78,65,9,10256,41,63,73,79,80
20150208 22:42,255,6,260,4,254,7,44,77,64,7,10256,41,63,73,79,80
20150208 22:43,253,7,259,5,253,8,44,77,64,7,10256,41,63,73,79,80
20150208 22:44,252,8,258,6,251,10,44,77,64,7,10256,41,63,73,79,80
20150208 22:45,254,9,257,7,256,10,45,77,65,8,10257,41,63,73,79,80
20150208 22:46,259,9,256,7,262,9,44,77,64,7,10257,41,63,73,79,80
20150208 22:47,262,9,256,7,262,9,44,77,64,7,10257,41,63,73,79,80
20150208 22:48,261,9,257,8,259,10,44,77,64,7,10257,41,63,73,79,80
20150208 22:49,259,9,257,8,259,10,44,77,64,7,10257,40,63,73,79,79
20150208 22:50,258,9,257,9,257,10,44,77,64,7,10257,40,63,73,79,80
20150208 22:51,259,10,257,9,260,12,44,77,64,7,10257,40,63,73,79,79
20150208 22:52,260,11,258,10,261,13,44,77,64,7,10257,40,63,73,79,79
20150208 22:53,260,12,259,10,260,14,44,77,64,7,10257,40,63,73,79,79
20150208 22:54,260,13,260,11,260,14,44,78,65,9,10257,40,63,73,79,79
20150208 22:55,261,13,260,11,261,15,44,78,65,9,10257,40,63,73,79,79
20150208 22:56,261,14,260,11,261,16,44,78,65,9,10257,40,63,72,79,79
20150208 22:57,260,13,260,12,258,14,44,78,65,9,10258,39,63,72,79,79
20150208 22:58,258,13,260,12,258,15,44,78,65,9,10258,39,63,72,79,79
20150208 22:59,259,13,260,13,261,16,44,78,65,9,10258,39,62,72,79,79
20150208 23:00,263,13,260,13,265,15,44,77,64,7,10258,39,62,72,79,79
20150208 23:01,267,13,261,13,269,16,44,77,64,7,10258,39,62,72,79,79
20150208 23:02,270,14,262,13,271,15,44,77,64,7,10258,38,62,72,78,79
20150208 23:03,272,13,264,13,273,15,44,78,65,9,10258,38,62,72,78,79
20150208 23:04,272,13,265,13,270,15,45,78,66,10,10258,38,62,72,78,79
20150208 23:05,268,14,265,14,266,17,45,78,66,10,10259,38,62,72,78,79
20150208 23:06,268,15,266,14,269,17,45,78,66,10,10259,38,62,72,78,79
20150208 23:07,272,14,268,14,275,16,45,77,65,8,10259,38,62,72,78,79
20150208 23:08,273,14,269,14,271,17,45,77,65,8,10259,37,62,72,78,79
20150208 23:09,270,15,270,14,269,17,46,77,65,9,10259,37,62,72,78,79
20150208 23:10,267,14,270,14,266,17,46,77,65,9,10259,37,62,72,78,79
20150208 23:11,266,14,270,14,267,15,46,77,65,9,10259,37,62,72,78,79
20150208 23:12,266,13,269,14,266,15,46,76,64,7,10259,37,62,72,78,79
20150208 23:13,269,11,269,13,272,10,46,76,64,7,10259,37,62,72,78,79
20150208 23:14,275,8,270,13,279,8,46,77,65,9,10259,37,62,72,78,79
20150208 23:15,279,7,271,12,278,9,46,77,65,9,10260,36,61,71,78,79
20150208 23:16,275,7,272,11,273,9,45,78,66,10,10260,36,61,71,78,79
20150208 23:17,270,7,271,11,266,8,46,78,66,11,10260,36,61,71,78,79
20150208 23:18,266,7,270,10,266,9,46,77,65,9,10260,35,61,71,78,79
20150208 23:19,265,7,270,9,263,11,46,78,66,11,10260,35,61,71,78,79
20150208 23:20,263,9,269,9,262,12,46,78,66,11,10260,34,61,71,78,79
20150208 23:21,261,10,268,8,260,12,46,77,65,9,10260,34,61,71,78,79
20150208 23:22,262,10,268,8,264,13,46,77,65,9,10260,34,61,71,78,79
20150208 23:23,265,10,268,8,265,12,46,77,65,9,10260,33,61,71,78,79
20150208 23:24,266,10,266,9,266,12,46,77,65,9,10260,33,61,71,78,79
20150208 23:25,263,10,264,9,260,13,46,77,65,9,10260,33,61,71,78,79
20150208 23:26,259,10,263,9,258,11,46,77,65,9,10260,32,61,71,77,79
20150208 23:27,259,10,263,9,261,13,46,77,65,9,10260,32,61,71,78,79
20150208 23:28,261,10,262,10,261,11,46,77,65,9,10260,31,60,71,77,79
20150208 23:29,261,10,262,10,261,12,46,77,65,9,10260,31,60,71,77,79
20150208 23:30,261,11,262,10,262,12,46,77,65,9,10260,31,60,71,77,79
20150208 23:31,261,11,262,10,260,12,46,77,65,9,10261,30,60,70,77,79
20150208 23:32,260,11,261,10,260,12,45,77,65,8,10261,30,60,71,77,79
20150208 23:33,262,12,261,11,264,14,45,78,66,10,10261,30,60,70,77,79
20150208 23:34,264,11,261,11,265,12,45,78,66,10,10261,30,60,70,77,79
20150208 23:35,266,10,262,11,267,12,45,78,66,10,10261,29,60,70,77,79
20150208 23:36,268,10,263,10,269,12,45,78,66,10,10261,29,60,70,77,79
20150208 23:37,267,8,263,10,264,9,45,79,67,12,10261,28,60,70,77,79
20150208 23:38,271,6,265,10,277,7,45,79,67,12,10261,28,59,70,77,79
20150208 23:39,283,6,268,9,288,8,45,79,67,12,10261,28,59,70,77,79
20150208 23:40,291,8,271,9,293,12,44,79,66,11,10261,28,59,70,77,79
20150208 23:41,295,9,274,9,298,9,44,79,66,11,10262,28,59,70,77,79
20150208 23:42,292,8,277,9,286,10,44,79,66,11,10262,28,59,70,77,79
20150208 23:43,281,9,278,9,277,11,44,79,66,11,10262,28,59,70,77,78
20150208 23:44,276,10,279,9,275,11,43,80,66,12,10262,28,59,70,77,78
20150208 23:45,278,11,281,9,281,12,43,80,66,12,10262,28,59,70,77,78
20150208 23:46,282,11,282,9,282,12,43,80,66,12,10262,28,59,70,77,78
20150208 23:47,280,11,283,9,277,12,43,80,66,12,10262,28,58,70,77,78
20150208 23:48,278,10,283,10,278,11,43,80,66,12,10262,28,58,70,77,78
20150208 23:49,274,10,282,10,270,11,43,81,67,13,10262,28,58,70,77,78
20150208 23:50,273,9,280,10,276,11,43,81,67,13,10262,28,58,69,77,78
20150208 23:51,283,8,279,10,290,9,43,81,67,13,10262,28,58,69,77,78
20150208 23:52,292,8,280,10,293,11,42,81,67,12,10262,28,58,69,77,78
20150208 23:53,286,9,280,10,278,10,42,81,67,12,10262,28,58,69,77,78
20150208 23:54,273,9,279,10,268,10,42,82,68,14,10262,27,58,69,76,78
20150208 23:55,276,8,280,9,284,10,42,82,68,14,10262,27,58,69,76,78
20150208 23:56,293,8,282,9,303,10,42,82,68,14,10263,27,58,69,76,78
20150208 23:57,300,9,284,9,297,13,42,82,68,14,10263,27,57,69,76,78
20150208 23:58,292,10,284,9,286,11,42,82,68,14,10262,27,57,69,76,78
20150208 23:59,282,11,285,9,277,12,42,83,68,16,10262,27,57,69,76,78
20150208 00:00,271,12,284,9,265,13,42,83,68,16,10262,27,57,69,76,78
20150208 00:01,266,12,282,10,267,13,42,83,68,16,10262,27,57,69,76,78
20150208 00:02,278,11,281,10,288,12,42,82,68,14,10262,27,57,69,76,78
20150208 00:03,297,10,284,10,306,11,42,82,68,14,10262,27,57,69,76,78
20150208 00:04,311,10,289,10,316,14,41,82,67,13,10262,27,57,69,76,78
20150208 00:05,313,12,292,11,311,15,41,82,67,13,10262,27,57,69,76,78
20150208 00:06,306,13,291,11,301,15,41,83,68,15,10262,27,57,69,76,78
20150208 00:07,295,12,291,12,290,15,41,83,68,15,10262,27,57,68,76,78
20150208 00:08,294,12,292,12,297,13,41,83,68,15,10262,26,56,68,76,78
20150208 00:09,304,9,295,11,312,9,41,83,68,15,10262,26,56,68,76,78
20150208 00:10,320,9,302,11,327,14,41,83,68,15,10262,26,56,68,76,78
20150208 00:11,324,11,307,11,322,14,40,83,67,14,10262,27,56,68,76,78
20150208 00:12,316,11,309,11,311,11,40,83,67,14,10262,27,56,68,76,78
20150208 00:13,311,9,310,11,312,11,40,83,67,14,10262,27,56,68,76,78
20150208 00:14,314,9,310,11,316,12,40,84,68,15,10263,27,56,68,76,78
20150208 00:15,313,9,310,10,310,10,40,84,68,15,10263,27,56,68,76,78
20150208 00:16,312,10,311,10,314,12,40,84,68,15,10263,28,56,68,76,78
20150208 00:17,316,10,314,10,318,11,40,84,68,15,10263,28,56,68,76,78
20150208 00:18,315,9,315,9,311,9,40,84,68,15,10263,29,56,68,76,78
20150208 00:19,309,9,315,10,308,13,39,84,68,14,10263,29,56,68,76,78
20150208 00:20,309,9,313,9,310,11,40,84,68,15,10263,29,55,68,76,78
20150208 00:21,313,9,313,9,316,11,40,84,68,15,10263,29,55,68,75,78
20150208 00:22,312,9,312,9,308,9,39,84,68,14,10263,30,55,68,75,78
20150208 00:23,307,9,312,9,306,11,39,84,68,14,10263,29,55,67,75,78
20150208 00:24,313,8,312,9,321,8,39,84,68,14,10263,30,55,67,75,78
20150208 00:25,316,9,312,9,311,13,39,84,68,14,10263,29,55,67,75,78
20150208 00:26,313,11,312,9,315,13,39,84,68,14,10263,29,55,67,75,78
20150208 00:27,318,11,313,9,320,12,39,84,68,14,10264,29,55,67,75,78
20150208 00:28,321,11,314,10,322,12,39,84,68,14,10263,29,55,67,75,78
20150208 00:29,324,10,316,10,327,11,39,85,69,16,10264,29,55,67,75,78
20150208 00:30,324,10,317,10,321,11,39,85,69,16,10264,29,55,67,75,78
20150208 00:31,322,8,318,9,324,9,38,85,68,15,10264,28,55,67,75,78
20150208 00:32,322,5,319,9,320,5,38,85,68,15,10264,28,55,67,75,78
20150208 00:33,317,4,320,8,314,6,38,85,68,15,10264,28,55,67,75,77
20150208 00:34,316,6,319,8,318,9,38,85,68,15,10264,28,55,67,75,77
20150208 00:35,316,9,319,8,313,12,38,85,68,15,10264,28,55,67,75,77
20150208 00:36,312,11,319,8,311,13,38,85,68,15,10264,28,55,67,75,77
20150208 00:37,310,12,318,9,310,14,38,85,68,15,10265,27,55,67,75,77
20150208 00:38,306,14,316,9,303,16,38,85,68,15,10265,27,54,67,75,77
20150208 00:39,300,14,313,10,296,15,38,85,68,15,10265,27,54,66,75,77
20150208 00:40,294,15,310,10,291,19,38,86,69,17,10266,27,54,66,75,77
20150208 00:41,288,16,306,11,284,19,38,85,68,15,10266,27,54,66,75,77
20150208 00:42,288,15,303,12,292,16,39,85,69,16,10266,27,54,66,75,77
20150208 00:43,290,14,301,13,289,17,39,84,68,14,10266,28,54,66,75,77
20150208 00:44,290,12,298,14,292,13,40,84,68,15,10266,28,54,66,75,77
20150208 00:45,289,13,295,14,287,19,40,83,67,14,10266,28,54,66,74,77
20150208 00:46,284,14,292,14,281,18,40,83,67,14,10267,28,54,66,74,77
20150208 00:47,283,14,290,14,285,17,40,83,67,14,10267,27,54,66,74,77
20150208 00:48,281,14,287,14,277,18,41,82,67,13,10267,27,54,66,74,77
20150208 00:49,271,15,284,14,266,22,41,82,67,13,10267,27,54,66,74,77
20150208 00:50,265,16,282,14,265,18,42,82,68,14,10266,27,54,66,74,77
20150208 00:51,265,16,280,14,266,21,42,81,67,12,10266,27,54,66,74,77
20150208 00:52,266,15,278,14,267,16,42,81,67,12,10267,27,54,66,74,77
20150208 00:53,272,14,276,14,277,16,42,81,67,12,10267,27,54,66,74,77
20150208 00:54,280,12,276,14,284,15,42,81,67,12,10267,27,54,66,74,77
20150208 00:55,284,12,275,14,284,15,42,81,67,12,10267,27,54,66,74,77
20150208 00:56,285,13,276,14,286,15,42,81,67,12,10267,26,53,65,74,77
20150208 00:57,287,13,276,14,287,17,42,81,67,12,10267,26,53,65,74,77
20150208 00:58,290,14,278,14,293,18,42,81,67,12,10268,26,53,65,74,77
20150208 00:59,295,15,281,14,297,18,42,81,67,12,10268,26,53,65,74,77
20150208 01:00,299,16,284,14,302,20,42,81,67,12,10268,25,53,65,74,77
20150208 01:01,305,16,289,14,308,19,42,81,67,12,10268,25,53,65,74,77
20150208 01:02,307,16,292,14,306,21,42,81,67,12,10268,25,53,65,74,77
20150208 01:03,306,16,295,15,306,22,43,81,67,13,10268,25,53,65,74,77
20150208 01:04,306,17,298,15,306,22,43,81,67,13,10268,25,53,65,74,77
20150208 01:05,302,21,299,16,298,31,43,81,67,13,10268,25,53,65,74,77
20150208 01:06,310,21,303,17,323,29,44,81,68,14,10268,25,53,65,74,77
20150208 01:07,321,22,306,18,320,32,44,80,67,13,10269,26,53,65,74,77
20150208 01:08,324,22,309,18,327,31,45,79,67,12,10269,27,53,65,74,77
20150208 01:09,331,20,313,19,334,34,46,77,65,9,10269,27,53,65,74,77
20150208 01:10,336,20,316,19,337,28,47,76,65,8,10269,27,53,65,74,77
20150208 01:11,338,23,320,20,338,36,48,74,64,6,10269,28,53,65,74,77
20150208 01:12,346,22,324,21,354,25,50,72,63,4,10269,28,52,65,74,77
20150208 01:13,351,17,329,21,349,27,50,71,62,2,10269,28,52,65,73,77
20150208 01:14,349,23,333,22,349,54,51,70,61,1,10269,28,52,64,73,77
20150208 01:15,354,33,339,23,0,53,53,67,60,-3,10269,29,52,64,73,77
20150208 01:16,353,34,341,24,345,46,56,65,59,-5,10269,30,52,64,73,77
20150208 01:17,355,28,346,24,5,33,57,63,58,-8,10269,31,52,64,73,77
20150208 01:18,4,26,349,25,2,47,57,63,58,-8,10269,31,52,64,73,77
20150208 01:19,7,31,353,26,13,43,59,61,57,-10,10269,32,52,64,73,77
20150208 01:20,14,30,357,27,16,38,60,60,56,-12,10269,32,52,64,73,77
20150208 01:21,12,32,0,28,9,51,61,59,56,-13,10270,32,52,64,73,76
20150208 01:22,10,36,2,30,11,50,62,59,56,-12,10270,33,52,64,73,76
20150208 01:23,20,38,6,32,30,58,62,59,56,-12,10270,33,52,64,73,76
20150208 01:24,22,35,9,32,14,43,63,59,56,-11,10270,33,52,64,73,76
20150208 01:25,15,30,10,32,15,46,63,59,56,-11,10271,33,52,64,73,76
20150208 01:26,19,31,14,32,23,45,63,59,56,-11,10271,34,52,64,73,76
20150208 01:27,21,35,15,33,18,49,63,59,56,-11,10271,34,52,64,73,76
20150208 01:28,20,36,17,33,23,45,63,59,56,-11,10271,34,52,64,73,76
20150208 01:29,22,35,18,34,21,47,63,59,56,-11,10272,34,52,64,73,76
20150208 01:30,25,35,19,35,29,45,64,58,56,-13,10272,35,52,64,73,76
20150208 01:31,26,31,21,34,24,34,64,58,56,-13,10272,35,52,64,73,76
20150208 01:32,27,33,23,34,29,49,64,59,57,-10,10272,35,52,64,73,76
20150208 01:33,28,34,22,33,27,56,64,59,57,-10,10272,35,52,64,73,76
20150208 01:34,29,35,24,34,31,49,64,58,56,-13,10272,36,52,63,73,76
20150208 01:35,34,34,26,34,37,46,64,59,57,-10,10272,35,52,63,73,76
20150208 01:36,37,27,28,33,37,48,63,59,56,-11,10273,35,51,63,73,76
20150208 01:37,29,32,28,33,21,50,63,59,56,-11,10273,35,51,63,73,76
20150208 01:38,25,34,29,33,30,44,63,59,56,-11,10273,35,51,63,72,76
20150208 01:39,25,34,28,33,19,56,63,59,56,-11,10273,36,51,63,72,76
20150208 01:40,25,38,29,33,30,51,63,59,56,-11,10273,36,51,63,72,76
20150208 01:41,27,33,29,33,24,47,63,60,57,-9,10273,36,51,63,72,76
20150208 01:42,21,39,27,35,19,68,63,60,57,-9,10273,36,51,63,72,76
20150208 01:43,22,51,27,37,24,77,63,60,57,-9,10273,37,51,63,72,76
20150208 01:44,28,47,27,37,31,60,63,61,58,-7,10273,37,51,63,72,76
20150208 01:45,28,41,26,38,24,55,63,61,58,-7,10273,37,51,63,72,76
20150208 01:46,24,40,24,40,23,53,63,61,58,-7,10272,37,51,63,72,76
20150208 01:47,23,38,25,39,23,52,63,61,58,-7,10273,37,51,63,72,76
20150208 01:48,24,39,24,41,24,59,63,61,58,-7,10272,37,51,63,72,76
20150208 01:49,25,40,25,41,25,52,62,62,59,-5,10272,37,51,63,72,76
20150208 01:50,23,34,24,40,21,35,62,62,59,-5,10272,37,51,63,72,76
20150208 01:51,20,29,23,40,19,41,62,62,59,-5,10272,37,51,63,72,76
20150208 01:52,15,42,23,40,12,71,62,63,60,-3,10273,37,51,63,72,76
20150208 01:53,19,53,23,40,25,68,62,63,60,-3,10272,38,51,63,72,76
20150208 01:54,25,42,22,39,24,44,62,64,61,-1,10272,38,51,63,72,76
20150208 01:55,26,27,23,38,29,45,61,64,60,-2,10273,37,51,63,72,76
20150208 01:56,25,30,22,37,22,43,61,65,61,0,10273,37,51,62,72,76
20150208 01:57,18,44,22,39,14,68,61,65,61,0,10273,37,51,62,72,76
20150208 01:58,16,53,21,40,17,96,61,66,62,2,10273,37,51,62,72,76
20150208 01:59,14,57,19,42,12,84,61,67,63,4,10273,37,51,62,72,76
20150208 02:00,16,60,19,45,21,81,61,67,63,4,10274,37,51,62,72,76
20150208 02:01,21,57,20,48,22,78,60,68,64,5,10274,37,51,62,72,76
20150208 02:02,21,48,21,46,21,60,60,68,64,5,10274,37,51,62,72,76
20150208 02:03,20,44,20,46,18,71,60,68,64,5,10274,36,51,62,72,76
20150208 02:04,20,44,20,47,22,61,60,69,64,8,10274,36,51,62,72,76
20150208 02:05,19,43,19,49,16,59,59,69,64,7,10274,36,51,62,72,75
20150208 02:06,16,47,18,50,16,80,59,69,64,7,10274,35,51,62,71,75
20150208 02:07,14,45,18,49,12,63,59,70,65,9,10274,35,51,62,71,75
20150208 02:08,16,46,18,49,21,77,59,70,65,9,10274,35,51,62,71,75
20150208 02:09,16,57,18,49,10,87,59,71,66,11,10274,35,51,62,71,75
20150208 02:10,15,56,18,48,19,78,59,71,66,11,10274,36,51,62,71,75
20150208 02:11,20,48,18,47,21,65,58,72,66,11,10275,35,51,62,71,75
20150208 02:12,16,43,17,47,10,57,58,72,66,11,10274,35,51,62,71,75
20150208 02:13,16,35,17,46,22,42,58,72,66,11,10275,35,51,62,71,75
20150208 02:14,24,39,17,46,25,66,58,72,66,11,10275,35,51,62,71,75
20150208 02:15,23,45,18,46,20,65,58,73,67,13,10275,34,51,62,71,75
20150208 02:16,23,45,19,46,25,64,57,73,67,12,10275,34,51,62,71,75
20150208 02:17,24,41,20,45,24,52,57,73,67,12,10275,35,51,62,71,75
20150208 02:18,21,35,19,44,17,53,57,73,67,12,10275,34,51,62,71,75
20150208 02:19,17,38,20,42,17,66,57,73,67,12,10275,34,51,62,71,75
20150208 02:20,15,43,20,41,14,69,57,73,67,12,10275,34,51,62,71,75
20150208 02:21,14,44,19,41,13,59,57,74,68,14,10275,35,51,62,71,75
20150208 02:22,17,43,20,41,21,57,57,74,68,14,10275,35,51,62,71,75
20150208 02:23,20,44,20,43,19,58,57,74,68,14,10275,35,51,62,71,75
20150208 02:24,22,43,20,42,26,60,57,74,68,14,10276,35,51,62,71,75
20150208 02:25,21,37,19,41,16,42,56,74,67,13,10276,35,51,62,71,75
20150208 02:26,16,29,18,39,16,33,56,74,67,13,10276,34,51,62,71,75
20150208 02:27,20,29,18,39,24,43,56,74,67,13,10276,34,51,61,71,75
20150208 02:28,17,38,18,39,11,64,56,74,67,13,10276,34,51,61,71,75
20150208 02:29,12,37,17,39,14,46,56,75,68,15,10277,34,51,61,71,75
20150208 02:30,12,31,17,37,9,41,56,75,68,15,10277,34,51,61,71,75
20150208 02:31,8,25,16,35,7,26,56,75,68,15,10277,34,51,61,71,75
20150208 02:32,12,22,16,33,16,38,55,75,68,14,10277,34,51,61,71,75
20150208 02:33,22,30,17,32,29,57,55,75,68,14,10277,34,51,61,71,75
20150208 02:34,23,35,16,31,16,45,55,75,68,14,10277,34,51,61,71,75
20150208 02:35,21,33,17,31,27,54,55,75,68,14,10278,34,51,61,71,75
20150208 02:36,23,35,17,32,19,46,55,75,68,14,10278,34,51,61,70,75
20150208 02:37,17,30,16,31,15,44,55,75,68,14,10278,34,51,61,70,75
20150208 02:38,19,31,17,31,23,57,55,75,68,14,10278,34,51,61,70,75
20150208 02:39,21,40,18,32,20,55,55,75,68,14,10278,34,51,61,70,75
20150208 02:40,14,35,18,31,8,38,55,75,68,14,10278,34,51,61,70,75
20150208 02:41,17,27,20,32,27,40,55,75,68,14,10278,34,51,61,70,75
20150208 02:42,25,35,21,34,23,64,55,75,68,14,10278,34,51,61,70,75
20150208 02:43,21,40,20,34,19,55,55,75,68,14,10278,35,51,61,70,75
20150208 02:44,14,36,19,34,8,48,55,75,68,14,10279,35,51,61,70,75
20150208 02:45,12,36,18,35,16,46,55,75,68,14,10279,34,51,61,70,75
20150208 02:46,16,35,18,35,16,51,55,75,68,14,10279,34,51,61,70,75
20150208 02:47,16,35,18,36,17,48,55,75,68,14,10279,34,51,61,70,75
20150208 02:48,10,33,16,35,3,45,55,75,68,14,10279,34,50,61,70,75
20150208 02:49,9,30,15,34,14,44,55,75,68,14,10279,34,50,61,70,75
20150208 02:50,13,32,15,35,11,48,55,75,68,14,10279,34,50,61,70,75
20150208 02:51,16,33,15,35,21,51,55,75,68,14,10278,34,50,61,70,75
20150208 02:52,13,28,13,33,7,44,55,75,68,14,10279,34,50,61,70,75
20150208 02:53,10,22,13,31,14,29,55,76,69,16,10279,34,50,61,70,74
20150208 02:54,9,23,12,30,4,42,55,76,69,16,10279,34,50,61,70,74
20150208 02:55,15,22,13,28,26,29,55,76,69,16,10279,34,50,61,70,74
20150208 02:56,19,24,13,28,12,59,55,76,69,16,10279,34,50,61,70,74
20150208 02:57,17,33,13,28,21,50,55,76,69,16,10279,35,50,61,70,74
20150208 02:58,10,29,13,27,356,42,55,76,69,16,10279,35,50,61,70,74
20150208 02:59,14,27,14,27,28,42,55,76,69,16,10279,36,50,61,70,74
20150208 03:00,20,31,14,27,12,59,55,76,69,16,10279,36,50,61,70,74
20150208 03:01,14,40,14,29,15,60,55,76,69,16,10280,36,50,61,70,74
20150208 03:02,11,41,13,30,6,57,55,75,68,14,10280,36,50,61,70,74
20150208 03:03,14,31,14,31,22,35,55,75,68,14,10280,37,50,61,70,74
20150208 03:04,18,28,15,31,14,35,55,75,68,14,10280,36,50,60,70,74
20150208 03:05,13,26,14,31,12,33,55,75,68,14,10280,36,50,60,70,74
20150208 03:06,11,32,14,32,10,58,55,75,68,14,10280,36,50,60,70,74
20150208 03:07,13,38,13,32,16,49,56,75,68,15,10280,36,50,60,70,74
20150208 03:08,17,32,15,33,19,40,56,75,68,15,10280,37,50,60,70,74
20150208 03:09,18,27,14,32,17,32,56,75,68,15,10280,37,50,60,70,74
20150208 03:10,20,26,15,32,23,47,56,75,68,15,10280,37,50,60,70,74
20150208 03:11,22,32,16,31,22,51,56,75,68,15,10280,37,50,60,69,74
20150208 03:12,19,34,17,31,17,41,56,75,68,15,10280,38,50,60,69,74
20150208 03:13,21,31,18,31,26,41,56,75,68,15,10280,38,50,60,69,74
20150208 03:14,25,34,19,32,23,56,56,75,68,15,10281,39,50,60,69,74
20150208 03:15,20,51,19,36,16,80,56,75,68,15,10281,39,50,60,69,74
20150208 03:16,22,60,21,37,28,79,56,74,67,13,10281,40,50,60,69,74
20150208 03:17,24,52,21,38,19,61,56,74,67,13,10281,40,50,60,69,74
20150208 03:18,20,50,21,41,22,72,56,74,67,13,10281,40,50,60,69,74
20150208 03:19,20,52,21,44,18,67,57,74,68,14,10281,41,50,60,69,74
20150208 03:20,23,51,22,46,28,71,57,74,68,14,10281,41,50,60,69,74
20150208 03:21,22,49,21,47,15,66,57,73,67,12,10281,41,50,60,69,74
20150208 03:22,18,48,21,49,20,68,57,73,67,12,10282,41,50,60,69,74
20150208 03:23,17,47,20,50,15,78,57,73,67,12,10282,41,50,60,69,74
20150208 03:24,19,53,20,52,23,78,56,73,66,11,10282,41,50,60,69,74
20150208 03:25,27,48,22,50,32,62,56,73,66,11,10282,41,50,60,69,74
20150208 03:26,24,39,21,48,16,70,56,73,66,11,10282,41,50,60,69,74
20150208 03:27,14,38,20,47,13,48,56,73,66,11,10282,42,50,60,69,74
20150208 03:28,18,47,20,48,22,84,56,73,66,11,10282,41,50,60,69,74
20150208 03:29,23,56,21,47,23,72,56,73,66,11,10282,41,50,60,69,74
20150208 03:30,15,47,19,47,7,67,56,73,66,11,10282,42,50,60,69,74
20150208 03:31,11,51,19,48,15,80,56,73,66,11,10282,42,50,60,69,74
20150208 03:32,19,59,19,49,23,87,56,73,66,11,10282,41,51,60,69,74
20150208 03:33,23,55,20,50,23,74,56,73,66,11,10282,41,51,60,69,74
20150208 03:34,15,47,18,48,8,60,56,73,66,11,10283,41,51,60,69,74
20150208 03:35,11,51,17,50,15,96,56,72,65,10,10283,40,51,60,69,74
20150208 03:36,16,50,17,50,16,61,56,72,65,10,10283,40,51,60,69,74
20150208 03:37,18,43,17,51,20,60,56,72,65,10,10283,40,51,60,69,74
20150208 03:38,15,42,16,49,10,83,55,72,65,9,10283,40,51,60,69,74
20150208 03:39,16,41,16,48,23,53,55,72,65,9,10284,40,51,60,69,74
20150208 03:40,21,37,17,47,19,47,55,72,65,9,10284,39,51,60,69,74
20150208 03:41,16,36,17,45,13,56,55,73,66,11,10284,39,51,60,69,74
20150208 03:42,19,35,17,43,26,48,55,73,66,11,10284,38,51,60,69,74
20150208 03:43,22,42,17,43,18,74,55,73,66,11,10284,38,51,60,69,73
20150208 03:44,16,54,17,44,15,73,55,72,65,9,10284,38,51,60,69,73
20150208 03:45,16,50,18,42,18,70,55,72,65,9,10284,39,51,60,69,73
20150208 03:46,12,43,17,42,6,64,55,72,65,9,10285,38,51,60,69,73
20150208 03:47,8,35,16,41,9,38,55,72,65,9,10285,38,51,60,68,73
20150208 03:48,16,30,17,40,23,56,54,72,65,8,10285,37,51,60,68,73
20150208 03:49,22,36,17,40,22,51,54,72,65,8,10285,37,51,59,68,73
20150208 03:50,22,36,17,40,22,44,54,72,65,8,10285,37,51,59,68,73
20150208 03:51,13,35,16,40,4,47,54,72,65,8,10285,36,51,60,68,73
20150208 03:52,9,39,15,40,14,55,54,72,65,8,10285,36,51,60,68,73
20150208 03:53,18,44,15,40,21,71,54,72,65,8,10286,37,51,59,68,73
20150208 03:54,21,53,16,40,20,81,53,71,63,5,10286,37,51,59,68,73
20150208 03:55,19,52,16,41,18,61,53,71,63,5,10286,37,51,59,68,73
20150208 03:56,16,51,17,42,14,83,53,71,63,5,10286,37,51,59,68,73
20150208 03:57,14,48,17,43,15,59,53,70,62,3,10286,38,51,59,68,73
20150208 03:58,17,40,17,44,20,70,53,70,62,3,10287,38,51,59,68,73
20150208 03:59,17,43,16,44,14,70,53,70,62,3,10287,38,51,59,68,73
20150208 04:00,16,52,16,47,18,97,53,70,62,3,10287,38,51,59,68,73
20150208 04:01,22,58,18,49,25,81,53,70,62,3,10287,39,51,59,68,73
20150208 04:02,16,51,17,49,8,64,53,69,61,1,10287,39,51,59,68,73
20150208 04:03,10,39,16,48,13,51,53,69,61,1,10287,39,51,59,68,73
20150208 04:04,10,38,15,46,7,58,53,69,61,1,10287,39,51,59,68,73
20150208 04:05,14,43,15,46,21,66,53,70,62,3,10287,39,51,59,68,73
20150208 04:06,21,44,16,45,20,56,52,70,62,2,10287,39,51,59,68,73
20150208 04:07,21,44,17,45,21,56,52,70,62,2,10287,39,50,59,68,73
20150208 04:08,19,37,17,44,18,48,52,70,62,2,10287,39,50,59,68,73
20150208 04:09,20,38,17,44,23,64,52,70,62,2,10287,38,50,59,68,73
20150208 04:10,15,42,16,42,7,62,52,70,62,2,10287,38,50,59,68,73
20150208 04:11,16,33,16,39,25,45,52,70,62,2,10287,38,50,59,68,73
20150208 04:12,21,32,17,39,17,53,52,70,62,2,10287,39,50,59,68,73
20150208 04:13,10,36,16,39,3,48,52,70,62,2,10287,39,50,59,68,73
20150208 04:14,6,40,16,39,8,80,52,70,62,2,10287,39,50,59,68,73
20150208 04:15,1,46,14,39,354,78,52,70,62,2,10288,39,50,59,68,73
20150208 04:16,356,45,12,39,359,61,51,70,61,1,10288,39,50,59,68,73
20150208 04:17,11,43,12,39,22,66,51,70,61,1,10288,39,50,59,68,73
20150208 04:18,19,41,12,40,17,58,51,69,61,-1,10288,39,50,59,68,73
20150208 04:19,12,44,10,40,7,67,51,69,61,-1,10288,39,50,59,68,73
20150208 04:20,17,42,12,40,27,64,51,68,60,-3,10288,39,50,59,68,73
20150208 04:21,18,39,10,41,8,65,51,68,60,-3,10288,39,50,59,68,73
20150208 04:22,0,35,8,41,353,43,51,68,60,-3,10288,39,50,59,68,73
20150208 04:23,352,33,7,41,352,53,51,68,60,-3,10288,39,50,59,68,73
20150208 04:24,352,34,5,40,352,46,51,68,60,-3,10288,39,50,59,68,73
20150208 04:25,351,29,5,37,350,40,50,68,59,-4,10288,39,50,59,68,73
20150208 04:26,358,25,5,35,7,41,50,68,59,-4,10288,39,51,59,68,73
20150208 04:27,13,34,5,36,19,65,50,68,59,-4,10288,39,51,59,68,73
20150208 04:28,12,47,4,37,6,67,50,68,59,-4,10288,39,50,59,68,73
20150208 04:29,11,43,5,35,17,59,50,68,59,-4,10288,39,50,59,68,73
20150208 04:30,7,39,2,36,358,64,50,68,59,-4,10288,38,50,59,68,73
20150208 04:31,6,38,3,35,13,57,50,68,59,-4,10288,38,50,59,68,73
20150208 04:32,12,43,4,37,10,74,50,68,59,-4,10289,38,50,59,68,73
20150208 04:33,10,42,6,37,9,64,50,68,59,-4,10289,38,50,59,68,73
20150208 04:34,10,44,8,40,10,96,49,68,59,-5,10289,38,50,59,68,73
20150208 04:35,13,48,11,41,17,77,49,67,58,-7,10289,38,50,59,68,73
20150208 04:36,5,43,9,43,353,92,49,67,58,-7,10289,37,50,59,68,73
20150208 04:37,1,42,8,43,9,60,49,67,58,-7,10289,37,50,59,68,72
20150208 04:38,8,43,8,43,6,60,49,67,58,-7,10290,37,50,59,68,73
20150208 04:39,4,46,7,43,3,64,49,67,58,-7,10290,37,50,59,67,72
20150208 04:40,3,42,7,43,3,57,49,67,58,-7,10290,37,50,59,67,72
20150208 04:41,9,39,8,43,15,56,49,67,58,-7,10290,37,50,59,67,72
20150208 04:42,5,43,6,43,356,84,49,67,58,-7,10290,36,50,59,67,72
20150208 04:43,353,51,4,45,351,66,48,67,58,-8,10290,36,50,59,67,72
20150208 04:44,354,50,3,44,358,78,48,67,58,-8,10290,36,50,59,67,72
20150208 04:45,0,56,2,47,3,80,48,67,58,-8,10289,36,50,59,67,72
20150208 04:46,0,55,2,46,357,57,48,67,58,-8,10290,36,50,59,67,72
20150208 04:47,348,40,359,46,340,52,48,67,58,-8,10289,36,50,59,67,72
20150208 04:48,355,36,0,45,10,53,48,67,58,-8,10289,36,50,59,67,72
20150208 04:49,12,38,1,45,13,51,48,67,58,-8,10289,35,50,59,67,72
20150208 04:50,5,46,0,46,356,75,48,67,58,-8,10289,35,50,59,67,72
20150208 04:51,6,53,0,47,16,71,47,67,57,-9,10290,35,50,59,67,72
20150208 04:52,14,49,2,47,12,80,47,67,57,-9,10290,36,50,59,67,72
20150208 04:53,2,43,2,46,352,59,47,67,57,-9,10290,36,50,59,67,72
20150208 04:54,349,41,1,45,346,56,47,67,57,-9,10290,36,50,59,67,72
20150208 04:55,355,37,1,42,5,52,47,67,57,-9,10290,36,50,59,67,72
20150208 04:56,0,41,1,42,356,66,47,67,57,-9,10290,36,50,59,67,72
20150208 04:57,356,50,2,44,357,73,47,66,56,-11,10290,36,50,59,67,72
20150208 04:58,353,48,0,45,348,59,47,66,56,-11,10290,36,50,59,67,72
20150208 04:59,348,47,358,46,348,64,47,66,56,-11,10290,36,50,59,67,72
20150208 05:00,350,54,357,46,352,70,47,66,56,-11,10291,36,50,59,67,72
20150208 05:01,354,46,355,45,356,47,47,66,56,-11,10290,36,50,59,67,72
20150208 05:02,349,34,352,43,342,47,47,66,56,-11,10290,35,50,59,67,72
20150208 05:03,355,29,354,42,8,43,46,66,56,-12,10291,35,50,59,67,72
20150208 05:04,10,24,356,40,12,37,46,66,56,-12,10291,35,50,59,67,72
20150208 05:05,7,30,356,40,2,72,46,67,57,-10,10291,35,50,59,67,72
20150208 05:06,1,46,357,41,1,65,46,66,56,-12,10291,35,50,59,67,72
20150208 05:07,1,46,357,40,0,52,46,66,56,-12,10291,34,50,59,67,72
20150208 05:08,1,43,358,40,2,72,46,66,56,-12,10292,34,50,58,67,72
20150208 05:09,355,47,358,40,348,78,45,66,56,-13,10292,34,50,58,67,72
20150208 05:10,347,47,358,39,347,61,45,66,56,-13,10292,33,50,58,67,72
20150208 05:11,355,37,359,38,5,41,45,66,56,-13,10292,32,50,58,67,72
20150208 05:12,353,34,359,39,342,64,45,67,56,-11,10292,31,50,58,67,72
20150208 05:13,358,34,359,39,13,66,44,66,55,-14,10292,30,50,58,67,72
20150208 05:14,358,41,356,42,343,73,44,66,55,-14,10293,29,50,58,67,72
20150208 05:15,346,51,355,43,348,62,44,66,55,-14,10293,28,50,58,67,72
20150208 05:16,357,37,355,41,6,44,44,65,54,-16,10293,28,49,58,67,72
20150208 05:17,4,40,356,42,3,85,44,65,54,-16,10293,27,49,58,67,72
20150208 05:18,6,50,356,42,8,66,43,65,54,-17,10294,27,49,58,67,72
20150208 05:19,9,46,358,42,9,69,43,65,54,-17,10294,26,49,58,67,72
20150208 05:20,5,45,0,42,1,70,43,65,54,-17,10294,26,49,58,67,72
20150208 05:21,357,43,359,43,353,70,43,65,54,-17,10294,25,49,58,67,72
20150208 05:22,358,37,1,42,3,48,43,65,54,-17,10295,25,49,58,67,72
20150208 05:23,1,37,359,43,0,62,43,65,54,-17,10295,24,49,58,67,72
20150208 05:24,354,44,0,43,348,68,42,65,54,-18,10295,24,49,58,67,72
20150208 05:25,351,41,1,41,355,67,42,64,53,-20,10295,25,49,58,67,72
20150208 05:26,358,35,0,42,2,49,42,64,53,-20,10295,24,49,58,67,72
20150208 05:27,10,41,2,42,17,64,42,64,53,-20,10295,24,49,58,67,72
20150208 05:28,11,46,1,41,5,50,42,64,53,-20,10295,25,49,58,67,72
20150208 05:29,6,38,1,40,6,45,42,64,53,-20,10296,25,48,58,67,72
20150208 05:30,10,29,2,38,15,44,42,64,53,-20,10295,25,48,58,67,72
20150208 05:31,4,44,2,40,353,79,42,64,53,-20,10296,25,48,58,67,72
20150208 05:32,355,58,2,42,357,73,42,64,53,-20,10296,25,48,58,67,72
20150208 05:33,355,50,1,43,353,65,42,64,53,-20,10296,26,48,58,67,72
20150208 05:34,357,53,2,44,0,72,42,64,53,-20,10297,26,48,58,67,72
20150208 05:35,358,49,2,44,357,60,42,64,53,-20,10297,26,48,58,67,72
20150208 05:36,2,45,3,46,8,67,42,64,53,-20,10297,27,48,58,67,72
20150208 05:37,10,50,3,46,12,66,42,64,53,-20,10297,28,48,58,67,72
20150208 05:38,6,48,2,47,0,76,42,64,53,-20,10297,28,48,58,67,72
20150208 05:39,358,40,1,47,356,56,42,64,53,-20,10297,28,48,58,67,72
20150208 05:40,358,33,0,47,0,44,41,64,52,-21,10297,28,47,58,66,72
20150208 05:41,10,34,2,45,19,53,41,64,52,-21,10298,28,47,58,66,72
20150208 05:42,11,38,3,44,3,49,41,64,52,-21,10298,28,47,58,66,72
20150208 05:43,354,39,2,43,346,52,41,64,52,-21,10298,29,47,58,66,72
20150208 05:44,353,31,2,39,1,38,41,64,52,-21,10298,29,47,58,66,72
20150208 05:45,353,28,1,39,345,54,41,64,52,-21,10298,29,47,58,66,72
20150208 05:46,353,35,0,37,0,47,41,64,52,-21,10299,29,47,58,66,71
20150208 05:47,2,43,359,37,4,62,41,64,52,-21,10299,29,47,58,66,71
20150208 05:48,6,42,0,36,7,52,41,64,52,-21,10299,29,47,58,66,71
20150208 05:49,0,36,0,36,353,50,41,64,52,-21,10299,29,47,58,66,71
20150208 05:50,352,47,359,39,352,73,41,64,52,-21,10299,29,47,58,66,71
20150208 05:51,357,46,357,39,2,45,41,64,52,-21,10299,29,47,58,66,71
20150208 05:52,355,41,356,39,348,60,41,64,52,-21,10299,29,47,58,66,71
20150208 05:53,355,41,357,39,2,50,41,64,52,-21,10300,29,47,57,66,71
20150208 05:54,6,40,358,41,11,64,41,64,52,-21,10300,29,47,57,66,71
20150208 05:55,14,43,2,42,18,66,41,64,52,-21,10300,29,47,57,66,71
20150208 05:56,17,38,3,42,16,54,40,64,52,-22,10300,29,47,57,66,71
20150208 05:57,11,40,4,41,6,68,40,64,52,-22,10301,29,47,57,66,71
20150208 05:58,5,44,3,42,5,57,40,64,52,-22,10301,29,47,57,66,71
20150208 05:59,7,35,5,41,9,37,40,64,52,-22,10301,29,47,57,66,71
20150208 06:00,11,30,7,39,12,51,40,65,53,-20,10301,29,47,57,66,71
20150208 06:01,13,28,8,38,15,39,40,65,53,-20,10302,29,47,57,66,71
20150208 06:02,16,27,11,36,17,52,40,65,53,-20,10302,30,47,57,66,71
20150208 06:03,18,34,13,36,20,63,40,65,53,-20,10302,30,47,57,66,71
20150208 06:04,13,42,13,36,7,63,40,64,52,-22,10302,30,47,57,66,71
20150208 06:05,5,42,11,36,3,51,39,64,52,-23,10303,30,46,57,66,71
20150208 06:06,2,42,10,37,2,57,39,64,52,-23,10303,29,46,57,66,71
20150208 06:07,3,48,9,37,4,86,39,63,51,-25,10303,29,46,57,66,71
20150208 06:08,3,44,9,37,1,49,39,62,50,-27,10304,29,46,57,66,71
20150208 06:09,11,33,10,37,22,36,38,62,50,-28,10304,28,46,57,66,71
20150208 06:10,23,41,12,39,25,69,38,63,50,-26,10304,28,46,57,66,71
20150208 06:11,23,47,12,41,21,53,38,62,50,-28,10304,27,46,57,66,71
20150208 06:12,20,38,12,41,18,51,37,61,49,-31,10304,26,46,57,66,71
20150208 06:13,13,38,11,41,8,57,37,61,49,-31,10304,25,46,57,66,71
20150208 06:14,16,39,13,41,23,53,37,61,49,-31,10305,24,46,57,66,71
20150208 06:15,21,32,14,40,19,40,36,61,48,-32,10305,24,46,57,66,71
20150208 06:16,16,31,15,39,12,46,36,61,48,-32,10305,23,46,57,66,71
20150208 06:17,8,33,15,37,3,45,35,60,47,-35,10305,21,46,57,66,71
20150208 06:18,9,40,17,38,14,73,35,60,47,-35,10305,21,46,57,66,71
20150208 06:19,21,52,17,40,29,71,34,60,47,-36,10306,20,46,57,66,71
20150208 06:20,27,53,17,40,25,68,34,60,47,-36,10306,19,46,57,66,71
20150208 06:21,18,50,16,41,11,65,34,60,47,-36,10306,18,46,57,66,71
20150208 06:22,13,43,16,41,15,62,33,60,46,-37,10306,18,46,57,66,71
20150208 06:23,15,35,16,41,14,39,33,60,46,-37,10307,17,46,57,66,71
20150208 06:24,10,32,15,40,5,46,33,61,47,-35,10307,16,46,56,66,71
20150208 06:25,10,29,14,40,15,35,33,61,47,-35,10307,15,46,56,66,71
20150208 06:26,13,30,14,40,10,48,32,61,47,-36,10307,15,46,56,66,71
20150208 06:27,17,32,16,40,23,44,32,61,47,-36,10307,14,45,56,66,71
20150208 06:28,20,32,16,38,17,43,32,61,47,-36,10308,14,45,56,66,71
20150208 06:29,16,31,15,36,16,40,31,61,47,-37,10308,13,45,56,66,71
20150208 06:30,15,30,14,34,14,45,31,61,47,-37,10308,13,45,56,66,71
20150208 06:31,12,34,14,33,11,49,31,61,47,-37,10308,13,45,56,66,71
20150208 06:32,11,30,14,31,12,30,31,61,47,-37,10308,13,45,56,66,71
20150208 06:33,14,21,14,30,16,25,31,62,47,-35,10308,13,45,56,65,71
20150208 06:34,8,27,14,30,1,54,31,62,47,-35,10309,13,45,56,65,71
20150208 06:35,6,31,13,30,12,44,31,61,47,-37,10309,13,45,56,65,71
20150208 06:36,10,29,13,30,9,48,30,61,46,-38,10309,13,44,56,65,71
20150208 06:37,10,25,12,29,12,30,30,61,46,-38,10309,13,44,56,65,71
20150208 06:38,13,22,12,28,14,44,30,61,46,-38,10309,12,44,56,65,71
20150208 06:39,12,23,11,27,10,34,30,61,46,-38,10309,12,44,56,65,71
20150208 06:40,16,23,12,26,21,36,30,62,47,-36,10309,12,44,56,65,71
20150208 06:41,20,21,13,24,18,25,29,61,46,-39,10309,11,44,56,65,71
20150208 06:42,11,28,12,26,3,57,29,61,46,-39,10309,11,44,56,65,71
20150208 06:43,5,31,11,26,6,44,29,61,46,-39,10309,11,44,56,65,71
20150208 06:44,9,27,12,26,12,43,29,61,46,-39,10309,11,43,56,65,71
20150208 06:45,18,28,13,26,24,50,29,61,46,-39,10310,11,43,56,65,71
20150208 06:46,15,32,12,27,5,58,29,61,46,-39,10310,11,43,56,65,71
20150208 06:47,6,34,12,28,6,47,29,61,46,-39,10310,12,43,56,65,71
20150208 06:48,15,29,13,28,25,35,29,61,46,-39,10310,12,43,56,65,71
20150208 06:49,25,30,15,29,26,51,29,61,46,-39,10311,12,43,56,65,71
20150208 06:50,20,35,14,30,15,49,29,61,46,-39,10311,12,43,56,65,71
20150208 06:51,14,31,13,31,13,44,29,61,46,-39,10311,12,43,56,65,71
20150208 06:52,5,28,13,30,357,42,29,61,46,-39,10311,12,42,55,65,71
20150208 06:53,4,30,13,31,11,45,29,61,46,-39,10312,13,42,55,65,71
20150208 06:54,14,27,14,30,17,31,29,61,46,-39,10312,14,42,55,65,71
20150208 06:55,13,25,12,30,10,34,29,61,46,-39,10312,14,42,55,65,71
20150208 06:56,10,22,13,28,11,31,29,61,46,-39,10312,14,42,55,65,71
20150208 06:57,10,22,14,28,10,33,29,61,46,-39,10313,14,42,55,65,71
20150208 06:58,11,29,12,28,13,46,28,61,46,-40,10313,14,42,55,65,70
20150208 06:59,7,28,10,27,1,33,29,61,46,-39,10313,14,42,55,65,70
20150208 07:00,8,25,10,26,14,32,29,61,46,-39,10313,14,42,55,65,70
20150208 07:01,11,26,9,26,7,39,28,61,46,-40,10313,14,42,55,65,70
20150208 07:02,4,28,10,26,2,41,29,61,46,-39,10314,15,42,55,65,70
20150208 07:03,6,26,10,26,10,28,29,61,46,-39,10314,15,41,55,65,70
20150208 07:04,12,23,9,26,13,28,29,61,46,-39,10314,15,41,55,65,70
20150208 07:05,12,25,9,26,11,34,29,61,46,-39,10314,16,41,55,65,70
20150208 07:06,7,25,9,26,4,32,29,61,46,-39,10314,17,41,55,65,70
20150208 07:07,2,20,8,25,1,20,29,61,46,-39,10315,18,41,55,65,70
20150208 07:08,1,25,6,25,2,53,29,61,46,-39,10315,18,41,55,65,70
20150208 07:09,358,38,6,27,354,59,29,61,46,-39,10315,19,41,55,65,70
20150208 07:10,355,37,4,28,355,46,29,61,46,-39,10315,19,41,55,65,70
20150208 07:11,357,32,3,28,359,51,29,61,46,-39,10316,20,41,55,65,70
20150208 07:12,1,36,3,29,2,53,30,61,46,-38,10316,20,41,54,65,70
20150208 07:13,8,40,3,31,14,60,30,61,46,-38,10316,21,41,54,65,70
20150208 07:14,19,36,5,32,24,41,30,61,46,-38,10316,21,41,54,65,70
20150208 07:15,23,27,6,32,21,32,30,61,46,-38,10316,22,41,54,65,70
20150208 07:16,20,25,7,32,18,52,30,62,47,-36,10316,22,41,54,65,70
20150208 07:17,16,31,8,34,14,46,30,62,47,-36,10317,23,41,54,65,70
20150208 07:18,10,31,9,33,5,38,30,61,46,-38,10317,23,41,54,65,70
20150208 07:19,9,34,10,33,12,58,30,62,47,-36,10317,24,41,54,65,70
20150208 07:20,19,35,14,33,26,42,30,61,46,-38,10317,24,41,54,64,70
20150208 07:21,19,29,15,32,11,43,30,62,47,-36,10317,24,41,54,64,70
20150208 07:22,15,28,16,31,19,43,30,62,47,-36,10318,25,41,54,64,70
20150208 07:23,11,24,15,29,1,28,30,62,47,-36,10318,25,41,54,64,70
20150208 07:24,2,27,13,29,3,48,30,62,47,-36,10318,26,41,54,64,70
20150208 07:25,5,40,11,32,6,52,31,62,47,-35,10318,27,41,54,64,70
20150208 07:26,8,39,11,32,10,43,31,62,47,-35,10319,27,41,54,64,70
20150208 07:27,17,35,12,32,24,55,31,62,47,-35,10319,28,41,54,64,70
20150208 07:28,13,39,11,34,2,62,31,62,47,-35,10319,28,41,54,64,70
20150208 07:29,358,35,9,33,353,44,31,62,47,-35,10319,29,41,54,64,70
20150208 07:30,5,26,8,32,16,32,31,63,48,-33,10319,29,41,54,64,70
20150208 07:31,20,29,10,33,25,56,31,63,48,-33,10319,29,41,54,64,70
20150208 07:32,24,42,10,35,24,60,31,62,47,-35,10320,29,41,54,64,70
20150208 07:33,19,41,12,36,15,40,31,62,47,-35,10320,29,41,53,64,70
20150208 07:34,14,31,13,36,13,36,31,62,47,-35,10320,30,41,53,64,70
20150208 07:35,13,27,14,33,14,32,31,63,48,-33,10320,30,41,53,64,70
20150208 07:36,15,25,14,33,15,41,31,63,48,-33,10320,31,41,53,64,70
20150208 07:37,356,31,10,33,339,49,31,63,48,-33,10320,31,41,53,64,70
20150208 07:38,1,31,12,31,25,49,31,63,48,-33,10320,31,41,53,64,70
20150208 07:39,22,32,15,32,18,54,31,63,48,-33,10320,32,41,53,64,70
20150208 07:40,22,36,16,33,26,55,31,63,48,-33,10320,32,41,53,64,70
20150208 07:41,19,40,14,34,12,57,31,62,47,-35,10320,33,41,53,64,70
20150208 07:42,24,41,15,33,36,63,31,62,47,-35,10320,33,41,53,64,70
20150208 07:43,21,39,14,34,5,60,31,62,47,-35,10320,33,41,53,64,70
20150208 07:44,4,38,13,34,3,46,31,62,47,-35,10320,34,41,53,64,70
20150208 07:45,3,39,12,36,4,63,31,61,47,-37,10320,35,42,53,64,70
20150208 07:46,2,45,11,38,0,69,30,61,46,-38,10320,36,42,53,64,70
20150208 07:47,6,50,14,40,12,67,30,61,46,-38,10320,37,42,53,64,70
20150208 07:48,5,53,11,43,359,76,30,60,45,-40,10321,35,42,53,64,70
20150208 07:49,357,47,9,43,355,69,30,60,45,-40,10321,33,42,53,64,70
20150208 07:50,355,35,6,43,354,44,30,60,45,-40,10321,32,42,53,64,70
20150208 07:51,0,40,5,43,6,71,30,59,45,-42,10321,31,42,53,64,70
20150208 07:52,0,44,1,43,354,51,29,59,44,-43,10322,29,42,53,64,70
20150208 07:53,354,35,0,42,354,49,29,59,44,-43,10322,28,42,53,64,70
20150208 07:54,1,38,0,43,7,62,29,59,44,-43,10322,27,42,53,64,70
20150208 07:55,9,43,1,43,10,63,29,59,44,-43,10322,26,42,53,64,70
20150208 07:56,4,40,1,42,357,50,28,59,44,-44,10323,26,42,53,64,70
20150208 07:57,355,41,359,41,353,73,28,59,44,-44,10323,25,42,53,63,70
20150208 07:58,351,46,358,41,349,71,28,58,43,-46,10323,25,42,53,63,70
20150208 07:59,358,43,359,40,8,59,28,58,43,-46,10323,24,42,53,63,70
20150208 08:00,4,43,0,42,1,66,28,58,43,-46,10324,25,42,53,63,70
20150208 08:01,357,40,358,41,352,54,28,58,43,-46,10324,29,42,53,63,70
20150208 08:02,355,38,359,41,358,63,28,58,43,-46,10324,30,42,53,63,70
20150208 08:03,353,45,358,42,349,63,28,58,43,-46,10324,32,42,53,63,70
20150208 08:04,354,43,357,42,358,62,28,58,43,-46,10324,38,42,53,63,70
20150208 08:05,351,38,355,42,344,51,28,58,43,-46,10324,43,42,53,63,69
20150208 08:06,350,42,355,42,356,65,29,58,44,-45,10325,47,42,53,63,69
20150208 08:07,8,35,357,40,19,34,29,58,44,-45,10325,50,42,53,63,69
20150208 08:08,15,26,359,38,10,35,29,58,44,-45,10325,54,42,53,63,69
20150208 08:09,9,22,359,36,8,26,30,58,44,-45,10325,57,42,53,63,69
20150208 08:10,2,21,359,34,357,54,30,58,44,-45,10326,60,42,53,63,69
20150208 08:11,356,30,359,34,355,52,31,57,43,-46,10326,62,42,52,63,69
20150208 08:12,6,30,1,32,17,36,31,57,43,-46,10326,64,42,53,63,69
20150208 08:13,18,25,4,30,19,31,32,57,44,-45,10326,67,42,53,63,69
20150208 08:14,13,30,5,30,8,56,32,57,44,-45,10326,70,42,53,63,69
20150208 08:15,1,35,6,29,354,68,33,56,43,-46,10327,70,42,53,63,69
20150208 08:16,2,39,8,29,10,55,33,56,43,-46,10327,70,42,52,63,69
20150208 08:17,11,42,7,31,12,61,32,55,42,-50,10327,66,42,52,63,69
20150208 08:18,12,43,7,33,12,63,32,55,42,-50,10327,64,42,52,63,69
20150208 08:19,8,44,7,35,5,68,32,55,42,-50,10328,68,43,52,63,69
20150208 08:20,12,45,9,38,19,63,32,54,41,-52,10327,65,43,52,63,69
20150208 08:21,15,50,11,39,10,81,32,54,41,-52,10327,66,43,52,63,69
20150208 08:22,7,48,9,41,4,59,32,54,41,-52,10327,64,43,52,63,69
20150208 08:23,12,38,9,42,19,44,32,55,42,-50,10328,69,43,52,63,69
20150208 08:24,13,37,9,43,7,56,32,55,42,-50,10328,72,44,52,63,69
20150208 08:25,19,45,13,44,31,67,32,55,42,-50,10328,71,44,52,63,69
20150208 08:26,21,44,13,43,11,53,33,55,43,-49,10328,75,44,52,63,69
20150208 08:27,22,47,15,45,34,74,33,55,43,-49,10328,76,44,52,63,69
20150208 08:28,17,47,14,44,359,56,33,55,43,-49,10328,77,44,52,63,69
20150208 08:29,358,42,13,45,357,65,33,55,43,-49,10328,78,44,52,63,69
20150208 08:30,6,42,13,43,14,61,33,55,43,-49,10329,79,45,52,63,69
20150208 08:31,17,38,13,42,19,62,33,55,43,-49,10329,81,45,52,63,69
20150208 08:32,10,37,13,41,2,48,34,55,43,-48,10329,84,45,52,63,69
20150208 08:33,8,38,13,42,15,61,34,55,43,-48,10329,86,45,52,63,69
20150208 08:34,9,40,12,42,3,53,34,55,43,-48,10329,88,45,52,63,69
20150208 08:35,7,42,10,42,10,73,34,55,43,-48,10328,89,46,52,63,69
20150208 08:36,16,38,12,41,23,49,34,55,43,-48,10329,90,46,52,63,69
20150208 08:37,12,42,8,41,1,88,34,55,43,-48,10329,92,46,52,63,69
20150208 08:38,10,41,10,40,19,56,34,55,43,-48,10329,91,46,52,63,69
20150208 08:39,8,35,10,39,357,64,35,56,44,-44,10329,94,47,52,63,69
20150208 08:40,2,38,10,39,7,57,35,55,43,-47,10329,95,47,52,63,69
20150208 08:41,9,42,9,40,11,65,35,54,42,-49,10330,96,47,52,62,69
20150208 08:42,3,49,8,41,355,76,35,54,42,-49,10330,97,47,52,62,69
20150208 08:43,359,47,7,42,3,68,35,55,43,-47,10330,99,48,52,62,69
20150208 08:44,357,51,6,44,351,65,35,54,42,-49,10331,101,48,53,62,69
20150208 08:45,351,46,4,43,351,46,35,54,42,-49,10331,102,48,52,62,69
20150208 08:46,0,36,2,43,8,57,35,54,42,-49,10331,104,48,53,62,69
20150208 08:47,13,42,4,43,17,65,36,54,43,-48,10331,105,49,53,62,69
20150208 08:48,17,47,4,44,16,62,36,53,42,-51,10331,104,49,53,62,69
20150208 08:49,16,49,6,45,17,61,36,53,42,-51,10331,104,49,53,62,69
20150208 08:50,1,51,3,47,344,74,36,53,42,-51,10332,105,50,53,62,69
20150208 08:51,344,53,1,47,344,74,35,52,41,-54,10331,105,50,53,62,69
20150208 08:52,354,48,1,47,3,65,35,52,41,-54,10332,104,50,53,62,69
20150208 08:53,12,35,3,45,21,48,36,53,42,-51,10332,107,50,53,62,69
20150208 08:54,27,33,7,43,32,66,37,53,42,-50,10332,112,51,53,62,69
20150208 08:55,26,37,10,43,19,62,37,52,41,-52,10332,113,51,53,62,69
20150208 08:56,21,40,12,44,23,70,37,51,41,-55,10332,114,51,53,62,69
20150208 08:57,13,48,10,44,3,77,37,49,39,-60,10332,114,52,53,62,69
20150208 08:58,11,46,11,44,19,64,37,49,39,-60,10332,114,52,53,62,69
20150208 08:59,24,45,12,44,30,77,37,49,39,-60,10332,116,52,53,62,69
20150208 09:00,27,52,16,44,25,83,37,49,39,-60,10332,114,53,53,62,69
20150208 09:01,22,52,19,44,19,63,37,49,39,-60,10332,113,53,53,62,69
20150208 09:02,20,48,21,44,21,70,37,49,39,-60,10332,115,53,53,62,69
20150208 09:03,18,47,21,46,15,63,37,49,39,-60,10332,116,54,53,62,68
20150208 09:04,8,45,17,46,0,67,37,48,38,-63,10332,117,54,53,62,68
20150208 09:05,1,35,16,45,1,37,37,48,38,-63,10332,119,54,53,62,69
20150208 09:06,357,30,13,44,354,41,38,49,39,-59,10332,122,54,54,62,68
20150208 09:07,358,45,13,45,1,84,38,49,39,-59,10332,123,55,54,62,68
20150208 09:08,7,49,12,45,12,60,38,48,38,-62,10332,124,55,54,62,68
20150208 09:09,13,44,10,44,13,77,38,48,38,-62,10332,125,56,54,62,68
20150208 09:10,11,44,9,43,9,70,39,48,39,-61,10333,124,56,54,62,68
20150208 09:11,10,46,8,43,11,69,38,48,38,-62,10333,126,56,54,62,68
20150208 09:12,8,50,6,43,5,68,38,47,38,-65,10333,125,56,54,62,68
20150208 09:13,357,40,4,42,349,49,38,48,38,-62,10332,128,57,54,62,68
20150208 09:14,4,33,5,41,19,44,38,48,38,-62,10332,128,57,54,62,68
20150208 09:15,10,30,6,41,2,50,38,48,38,-62,10333,131,57,54,62,68
20150208 09:16,3,33,7,42,4,55,38,49,39,-59,10332,132,58,54,62,68
20150208 09:17,10,34,8,39,16,44,39,49,40,-58,10332,132,58,54,62,68
20150208 09:18,16,29,8,38,16,38,40,49,40,-57,10332,136,58,54,62,68
20150208 09:19,12,32,8,36,8,48,41,49,40,-57,10332,139,59,55,62,68
20150208 09:20,3,37,7,36,359,49,40,48,39,-60,10333,139,59,55,62,68
20150208 09:21,14,38,9,35,29,77,40,47,38,-63,10333,140,60,55,62,68
20150208 09:22,27,49,11,36,26,84,40,47,38,-63,10333,134,60,55,62,68
20150208 09:23,30,49,15,37,34,55,40,47,38,-63,10333,121,60,55,62,68
20150208 09:24,25,43,15,38,17,66,40,47,38,-63,10333,111,61,55,62,68
20150208 09:25,13,53,16,41,10,81,39,47,38,-64,10334,108,61,55,62,68
20150208 09:26,0,59,15,43,350,77,39,47,38,-64,10334,111,61,55,62,68
20150208 09:27,358,52,14,45,7,67,38,47,38,-65,10334,117,62,55,62,68
20150208 09:28,357,47,11,47,346,68,39,48,39,-61,10333,123,62,55,62,68
20150208 09:29,5,41,12,47,24,55,39,48,39,-61,10333,127,62,56,62,68
20150208 09:30,24,37,15,47,25,52,40,48,39,-60,10333,133,63,56,62,68
20150208 09:31,17,42,13,48,10,67,40,47,38,-63,10334,135,63,56,62,68
20150208 09:32,8,55,11,48,6,82,40,47,38,-63,10334,135,63,56,62,68
20150208 09:33,8,55,9,49,10,75,39,46,37,-67,10334,134,63,56,62,68
20150208 09:34,5,50,7,49,359,72,39,47,38,-64,10334,136,64,56,62,68
20150208 09:35,6,51,7,48,13,69,39,47,38,-64,10334,138,64,56,62,68
20150208 09:36,14,48,10,47,15,63,40,47,38,-63,10334,140,64,56,62,68
20150208 09:37,8,47,9,47,0,64,40,47,38,-63,10334,142,64,57,62,68
20150208 09:38,0,50,10,48,0,78,40,47,38,-63,10334,143,65,57,62,68
20150208 09:39,348,60,6,51,337,74,40,47,38,-63,10334,144,65,57,62,68
20150208 09:40,340,55,1,52,343,61,40,47,38,-63,10334,142,65,57,62,68
20150208 09:41,352,40,1,50,2,48,40,47,38,-63,10334,142,66,57,62,68
20150208 09:42,11,35,2,48,20,57,41,48,39,-59,10334,146,66,57,62,68
20150208 09:43,16,40,2,48,13,73,41,48,39,-59,10334,150,66,57,62,68
20150208 09:44,13,52,4,48,12,80,42,47,39,-61,10335,149,67,57,62,68
20150208 09:45,0,50,1,47,348,62,41,46,38,-65,10334,146,67,58,62,68
20150208 09:46,352,44,359,47,356,70,41,46,38,-65,10334,147,67,58,62,68
20150208 09:47,352,42,358,47,348,51,41,47,38,-62,10334,149,68,58,62,68
20150208 09:48,359,33,359,44,11,63,42,47,39,-61,10334,152,68,58,62,68
20150208 09:49,15,34,3,42,19,68,42,46,38,-64,10334,154,68,58,62,68
20150208 09:50,14,38,6,41,10,54,43,46,38,-63,10335,156,69,58,62,68
20150208 09:51,12,36,7,41,14,55,43,46,38,-63,10334,158,69,58,62,68
20150208 09:52,19,42,8,42,25,67,43,46,38,-63,10334,158,69,58,62,68
20150208 09:53,18,45,7,42,10,57,43,46,38,-63,10334,157,70,59,62,68
20150208 09:54,11,37,7,39,11,45,44,46,38,-62,10334,159,70,59,62,68
20150208 09:55,3,32,8,38,354,45,44,46,38,-62,10334,162,70,59,62,68
20150208 09:56,3,35,9,37,12,52,45,47,40,-58,10335,165,71,59,62,68
20150208 09:57,7,38,11,37,3,51,45,47,40,-58,10334,166,71,59,62,68
20150208 09:58,6,44,11,39,9,65,45,46,39,-61,10334,165,72,59,62,68
20150208 09:59,15,45,11,39,22,54,45,46,39,-61,10335,165,72,59,62,68
20150208 10:00,26,42,13,40,31,57,45,45,38,-64,10334,166,72,60,63,68
20150208 10:01,22,41,13,40,12,52,46,45,38,-63,10334,168,73,60,63,68
20150208 10:02,7,39,11,39,2,63,47,45,38,-62,10335,169,73,60,63,68
20150208 10:03,14,50,12,41,25,70,48,44,38,-64,10335,169,74,60,63,68
20150208 10:04,20,62,13,45,16,87,47,42,36,-71,10335,169,74,60,63,68
20150208 10:05,18,57,15,46,20,65,45,41,35,-76,10335,165,75,60,63,68
20150208 10:06,13,53,15,48,6,81,45,43,36,-70,10336,168,75,60,63,68
20150208 10:07,3,55,14,50,0,90,45,43,36,-70,10336,168,75,60,63,68
20150208 10:08,1,41,14,48,2,50,45,44,37,-67,10336,170,76,61,63,68
20150208 10:09,6,32,12,47,10,48,45,44,37,-67,10336,173,76,61,63,68
20150208 10:10,7,34,10,46,4,62,46,44,37,-66,10336,176,77,61,63,68
20150208 10:11,6,37,9,46,9,69,46,44,37,-66,10336,177,77,61,63,68
20150208 10:12,4,42,9,47,359,63,46,43,36,-69,10336,178,78,61,63,68
20150208 10:13,1,40,7,44,4,52,47,43,37,-68,10336,177,78,61,63,68
20150208 10:14,359,38,5,42,355,54,48,44,38,-64,10336,177,78,62,63,68
20150208 10:15,355,40,2,41,355,56,48,43,37,-67,10336,177,79,62,63,68
20150208 10:16,15,38,5,39,35,53,48,43,37,-67,10336,179,79,62,63,68
20150208 10:17,37,44,9,39,38,70,49,43,37,-66,10336,178,80,62,63,68
20150208 10:18,34,55,12,42,30,86,48,43,37,-67,10336,174,80,62,63,68
20150208 10:19,36,55,15,43,41,72,48,43,37,-67,10336,172,81,63,63,68
20150208 10:20,39,45,18,44,37,59,48,43,37,-67,10336,170,81,63,63,68
20150208 10:21,37,41,21,44,37,67,47,44,38,-65,10336,172,81,63,63,68
20150208 10:22,34,50,25,45,31,80,48,44,38,-64,10336,175,82,63,63,68
20150208 10:23,31,52,27,47,30,66,47,44,38,-65,10336,174,82,63,63,68
20150208 10:24,39,50,33,48,49,73,46,43,36,-69,10336,173,83,63,63,68
20150208 10:25,46,50,37,49,42,71,46,44,37,-66,10336,171,83,64,63,68
20150208 10:26,45,41,38,48,49,51,47,45,38,-62,10336,173,83,64,63,68
20150208 10:27,44,33,38,46,38,50,47,45,38,-62,10336,178,84,64,64,68
20150208 10:28,39,40,39,45,39,72,48,45,39,-61,10336,182,84,64,64,68
20150208 10:29,40,46,39,44,41,62,48,45,39,-61,10336,181,85,64,64,68
20150208 10:30,36,45,39,45,32,62,48,46,40,-58,10336,182,85,64,64,68
20150208 10:31,32,44,38,45,31,60,48,44,38,-64,10336,183,85,65,64,68
20150208 10:32,29,35,38,42,27,43,47,44,38,-65,10336,184,86,65,64,68
20150208 10:33,26,25,37,39,25,37,48,46,40,-58,10336,187,86,65,64,68
20150208 10:34,15,30,33,38,6,56,49,46,40,-57,10336,191,86,65,64,68
20150208 10:35,12,45,31,38,18,62,49,45,39,-60,10337,190,87,65,64,68
20150208 10:36,5,43,25,39,352,50,49,44,38,-63,10337,188,87,66,64,68
20150208 10:37,343,36,19,39,334,55,50,44,38,-62,10337,189,88,66,64,68
20150208 10:38,343,36,14,38,351,64,50,44,38,-62,10337,190,88,66,64,68
20150208 10:39,0,37,11,37,10,52,51,43,38,-64,10337,190,88,66,64,68
20150208 10:40,19,38,10,37,27,56,51,44,39,-61,10337,192,89,66,64,68
20150208 10:41,28,40,10,37,29,61,52,44,39,-61,10337,194,89,67,64,68
20150208 10:42,35,41,12,38,42,58,52,44,39,-61,10337,194,90,67,64,68
20150208 10:43,40,40,13,40,39,51,51,44,39,-61,10337,193,90,67,64,68
20150208 10:44,40,43,17,40,41,79,51,44,39,-61,10337,193,90,67,64,68
20150208 10:45,21,56,15,42,1,82,51,43,38,-64,10337,190,91,67,64,68
20150208 10:46,354,56,14,43,348,70,50,43,37,-65,10337,187,91,68,65,68
20150208 10:47,346,55,15,46,343,81,49,42,36,-69,10337,188,92,68,65,68
20150208 10:48,344,60,15,48,344,88,49,42,36,-69,10337,188,92,68,65,68
20150208 10:49,349,51,13,48,354,62,49,42,36,-69,10337,189,93,68,65,68
20150208 10:50,358,43,10,49,1,53,49,42,36,-69,10337,192,93,68,65,68
20150208 10:51,349,48,5,50,338,77,50,42,37,-68,10337,196,93,69,65,68
20150208 10:52,345,54,0,51,352,85,49,42,36,-69,10337,195,94,69,65,68
20150208 10:53,358,51,356,52,3,67,49,41,35,-72,10337,193,94,69,65,68
20150208 10:54,356,46,351,52,349,69,50,42,37,-68,10337,194,95,69,65,68
20150208 10:55,356,43,352,50,4,57,50,42,37,-68,10337,196,95,69,65,68
20150208 10:56,355,32,351,47,347,42,52,43,38,-64,10337,199,95,70,65,68
20150208 10:57,357,38,354,46,7,76,53,43,38,-63,10338,200,96,70,65,68
20150208 10:58,12,50,357,45,18,66,52,41,36,-70,10338,198,96,70,65,68
20150208 10:59,18,47,0,45,18,65,51,42,37,-68,10338,192,96,70,65,68
20150208 11:00,17,40,1,45,15,68,51,43,38,-64,10338,188,97,70,65,68
20150208 11:01,28,42,7,44,40,69,51,43,38,-64,10337,192,97,71,66,68
20150208 11:02,34,36,11,41,26,46,51,44,39,-61,10337,196,97,71,66,68
20150208 11:03,16,27,11,39,5,46,52,44,39,-61,10337,204,98,71,66,68
20150208 11:04,21,34,16,38,37,68,52,43,38,-64,10337,208,98,71,66,68
20150208 11:05,25,46,17,40,14,65,52,43,38,-64,10337,206,98,72,66,68
20150208 11:06,19,49,20,42,24,58,51,41,36,-71,10337,204,99,72,66,68
20150208 11:07,21,46,21,41,18,62,51,41,36,-71,10337,205,99,72,66,68
20150208 11:08,17,50,21,42,15,73,51,41,36,-71,10337,205,99,72,66,68
20150208 11:09,14,52,21,43,14,79,50,41,36,-72,10337,204,100,72,66,68
20150208 11:10,25,49,23,43,36,60,50,41,36,-72,10337,205,100,73,66,68
20150208 11:11,28,44,21,43,21,65,51,41,36,-71,10337,205,101,73,66,68
20150208 11:12,29,43,22,45,36,60,51,41,36,-71,10336,207,101,73,66,68
20150208 11:13,43,39,26,45,50,55,51,41,36,-71,10336,205,101,73,66,68
20150208 11:14,51,39,28,46,52,65,52,42,37,-67,10336,205,102,73,66,68
20150208 11:15,50,37,31,44,47,60,52,42,37,-67,10336,205,102,74,67,68
20150208 11:16,35,29,31,42,22,39,53,42,37,-66,10336,208,102,74,67,68
20150208 11:17,15,31,30,41,6,48,53,42,37,-66,10336,214,103,74,67,68
20150208 11:18,22,30,32,38,38,53,54,42,38,-65,10336,218,103,74,67,68
20150208 11:19,27,38,33,38,18,65,55,43,39,-61,10336,220,104,74,67,68
20150208 11:20,20,50,31,38,23,63,55,41,37,-67,10336,218,104,75,67,68
20150208 11:21,24,48,32,38,25,57,55,41,37,-67,10337,216,104,75,67,68
20150208 11:22,26,48,31,39,27,63,54,40,36,-71,10336,216,105,75,67,68
20150208 11:23,30,53,29,41,33,80,53,40,36,-72,10336,212,105,75,67,68
20150208 11:24,34,57,27,43,34,88,53,40,36,-72,10336,208,106,76,67,68
20150208 11:25,36,56,26,45,38,68,53,41,36,-69,10336,207,106,76,67,68
20150208 11:26,29,49,26,47,19,59,53,41,36,-69,10336,207,106,76,68,68
20150208 11:27,8,49,25,49,357,62,54,41,37,-68,10336,208,107,76,68,68
20150208 11:28,349,53,20,52,341,73,54,41,37,-68,10336,206,107,76,68,68
20150208 11:29,337,54,15,52,333,65,54,40,36,-71,10336,205,108,77,68,69
20150208 11:30,336,53,11,52,340,72,53,40,36,-72,10336,206,108,77,68,68
20150208 11:31,345,47,7,52,351,51,53,40,36,-72,10336,209,108,77,68,69
20150208 11:32,351,36,3,50,350,44,53,41,36,-69,10336,216,109,77,68,68
20150208 11:33,358,30,1,47,5,49,55,42,38,-64,10335,220,109,77,68,69
20150208 11:34,6,32,358,45,6,48,56,42,38,-63,10335,224,109,78,68,69
20150208 11:35,7,37,355,43,8,49,57,41,38,-65,10335,225,110,78,68,69
20150208 11:36,18,35,356,42,28,49,55,40,36,-70,10335,224,110,78,68,69
20150208 11:37,28,39,359,42,29,59,56,41,37,-66,10335,227,110,78,69,69
20150208 11:38,28,50,4,41,28,72,55,42,38,-64,10335,223,111,79,69,69
20150208 11:39,20,46,8,40,13,61,55,42,38,-64,10335,222,111,79,69,69
20150208 11:40,11,41,11,39,9,56,55,42,38,-64,10334,225,111,79,69,69
20150208 11:41,7,38,12,38,5,43,55,42,38,-64,10334,226,111,79,69,69
20150208 11:42,359,36,12,39,353,54,56,42,38,-63,10334,224,112,80,69,69
20150208 11:43,0,36,13,40,7,54,55,41,37,-67,10334,225,112,80,69,69
20150208 11:44,19,32,15,39,32,48,54,41,37,-68,10334,228,113,80,69,69
20150208 11:45,34,44,18,41,37,72,54,42,38,-65,10333,226,113,80,69,69
20150208 11:46,46,59,21,44,55,74,54,42,38,-65,10333,218,113,80,69,69
20150208 11:47,50,55,22,44,44,68,53,42,37,-66,10333,213,114,81,69,69
20150208 11:48,37,46,23,43,31,56,54,41,37,-68,10333,213,114,81,70,69
20150208 11:49,24,50,23,45,18,83,54,40,36,-71,10333,218,115,81,70,69
20150208 11:50,20,56,25,46,23,71,54,40,36,-71,10333,220,115,81,70,69
20150208 11:51,21,55,26,48,19,72,55,40,36,-70,10333,218,115,82,70,69
20150208 11:52,8,54,26,49,357,73,54,39,35,-74,10333,200,116,82,70,69
20150208 11:53,352,50,24,51,346,70,53,38,34,-79,10333,194,116,82,70,69
20150208 11:54,347,55,20,54,347,68,52,38,34,-80,10334,200,116,82,70,69
20150208 11:55,352,52,16,53,357,53,53,38,34,-79,10333,205,117,82,70,69
20150208 11:56,346,49,8,52,335,65,53,38,34,-79,10334,211,117,83,70,69
20150208 11:57,342,55,2,52,349,80,54,39,35,-74,10334,215,117,83,70,69
20150208 11:58,5,49,1,53,21,60,54,39,35,-74,10334,216,117,83,71,69
20150208 11:59,24,47,2,52,28,69,55,40,36,-70,10334,219,118,83,71,69
20150208 12:00,28,52,3,52,28,70,55,40,36,-70,10334,216,118,84,71,69
20150208 12:01,32,40,4,49,36,49,53,40,36,-72,10333,218,118,84,71,69
20150208 12:02,26,29,6,47,15,44,53,41,36,-69,10333,223,118,84,71,69
20150208 12:03,356,29,5,45,337,34,54,42,38,-65,10333,229,118,84,71,69
20150208 12:04,337,25,4,41,337,31,54,41,37,-68,10332,234,119,84,71,69
20150208 12:05,348,17,5,38,4,24,54,42,38,-65,10332,238,119,85,71,70
20150208 12:06,12,19,9,35,17,39,55,42,38,-64,10332,243,119,85,71,70
20150208 12:07,6,31,10,33,354,54,55,41,37,-67,10333,245,119,85,72,70
20150208 12:08,348,41,6,33,341,57,57,42,38,-62,10333,239,120,85,72,70
20150208 12:09,355,42,4,32,8,50,57,40,37,-68,10333,220,120,86,72,70
20150208 12:10,19,41,4,31,31,59,57,40,37,-68,10333,211,120,86,72,70
20150208 12:11,19,44,1,33,7,62,56,39,35,-73,10333,213,121,86,72,70
20150208 12:12,357,47,358,35,348,70,55,40,36,-70,10333,217,121,86,72,70
20150208 12:13,6,47,3,36,25,71,55,40,36,-70,10332,220,122,86,72,70
20150208 12:14,23,40,8,38,20,55,55,40,36,-70,10332,220,122,87,72,70
20150208 12:15,33,45,12,42,45,81,56,41,37,-66,10332,219,122,87,72,70
20150208 12:16,44,50,14,44,44,61,55,41,37,-67,10332,217,122,87,72,70
20150208 12:17,46,47,20,45,49,67,55,41,37,-67,10332,216,123,87,73,70
20150208 12:18,45,51,26,46,41,66,55,41,37,-67,10332,213,123,88,73,70
20150208 12:19,26,50,26,47,10,64,56,42,38,-63,10332,215,123,88,73,70
20150208 12:20,10,41,24,46,10,48,56,40,36,-69,10332,220,123,88,73,70
20150208 12:21,13,45,25,47,15,80,56,41,37,-66,10332,222,124,88,73,70
20150208 12:22,25,58,29,48,34,82,55,40,36,-70,10332,219,124,88,73,70
20150208 12:23,36,60,31,49,37,88,56,41,37,-66,10331,217,124,89,73,70
20150208 12:24,30,58,31,51,23,73,55,40,36,-70,10332,212,124,89,73,70
20150208 12:25,18,43,27,49,12,52,55,40,36,-70,10331,209,125,89,74,70
20150208 12:26,358,34,22,48,345,57,56,41,37,-66,10331,214,125,89,74,70
20150208 12:27,338,48,14,49,330,70,55,40,36,-70,10331,218,125,89,74,70
20150208 12:28,342,52,9,48,354,65,54,39,35,-74,10331,219,125,90,74,70
20150208 12:29,349,44,7,48,345,59,55,40,36,-70,10330,221,125,90,74,70
20150208 12:30,359,45,7,49,12,59,54,39,35,-74,10330,221,125,90,74,71
20150208 12:31,13,43,7,48,14,48,55,39,35,-74,10330,223,126,90,74,71
20150208 12:32,19,43,6,46,24,58,55,39,35,-74,10330,226,126,90,74,71
20150208 12:33,29,49,6,45,35,63,56,40,36,-69,10330,228,126,91,74,71
20150208 12:34,27,43,5,43,20,48,56,40,36,-69,10330,229,126,91,75,71
20150208 12:35,31,37,8,44,42,52,57,40,37,-68,10329,231,126,91,75,71
20150208 12:36,28,34,11,43,13,47,57,40,37,-68,10329,235,127,91,75,71
20150208 12:37,18,22,16,39,25,28,56,39,35,-73,10329,240,127,91,75,71
20150208 12:38,11,21,17,37,1,42,57,41,38,-65,10329,247,127,92,75,71
20150208 12:39,6,30,20,36,11,43,58,40,37,-68,10328,249,127,92,75,71
20150208 12:40,22,42,22,37,32,83,59,40,37,-67,10328,246,128,92,75,71
20150208 12:41,16,53,20,38,1,87,59,39,36,-70,10329,228,128,92,75,71
20150208 12:42,0,47,18,37,0,61,59,38,35,-73,10329,220,128,92,76,71
20150208 12:43,2,45,15,37,4,66,59,39,36,-70,10329,221,128,93,76,71
20150208 12:44,6,47,14,38,9,59,58,38,35,-74,10328,219,129,93,76,71
20150208 12:45,6,46,10,39,4,65,58,38,35,-74,10329,220,129,93,76,71
20150208 12:46,357,44,8,40,349,49,57,38,35,-75,10328,222,129,93,76,71
20150208 12:47,351,35,4,42,353,50,58,39,36,-71,10328,226,130,93,76,71
20150208 12:48,346,32,2,42,340,51,59,39,36,-70,10329,231,130,94,76,71
20150208 12:49,353,30,2,42,6,40,57,37,34,-79,10328,234,130,94,76,71
20150208 12:50,1,23,358,39,355,38,56,38,35,-76,10328,240,130,94,76,72
20150208 12:51,354,17,357,35,353,18,56,38,35,-76,10328,245,131,94,77,72
20150208 12:52,339,19,354,33,325,31,58,41,38,-64,10328,249,131,94,77,72
20150208 12:53,348,29,355,31,11,49,60,41,38,-63,10328,247,131,95,77,72
20150208 12:54,5,41,354,32,0,61,60,39,36,-69,10328,244,131,95,77,72
20150208 12:55,352,42,352,31,343,49,58,37,34,-78,10327,242,131,95,77,72
20150208 12:56,350,39,352,31,357,66,59,38,35,-73,10327,239,132,95,77,72
20150208 12:57,354,47,352,33,351,73,60,40,37,-66,10328,236,132,95,77,72
20150208 12:58,343,48,352,34,336,65,59,38,35,-73,10328,224,132,96,77,72
20150208 12:59,345,50,351,37,355,77,57,38,35,-75,10327,212,133,96,77,72
20150208 13:00,18,49,355,39,39,61,56,38,35,-76,10327,207,133,96,78,72
20150208 13:01,39,43,359,42,39,65,56,39,35,-73,10327,212,133,96,78,72
20150208 13:02,31,48,5,45,23,66,57,40,37,-68,10327,217,134,96,78,72
20150208 13:03,27,53,7,47,31,65,58,40,37,-68,10327,220,134,97,78,72
20150208 13:04,35,56,11,48,38,77,58,40,37,-68,10327,221,134,97,78,72
20150208 13:05,35,53,16,49,33,63,58,40,37,-68,10326,219,134,97,78,72
20150208 13:06,35,51,21,51,36,73,57,40,37,-68,10326,216,134,97,78,72
20150208 13:07,43,51,27,50,50,55,57,40,37,-68,10326,196,134,97,78,72
20150208 13:08,49,46,34,50,49,68,55,40,36,-70,10326,180,134,97,78,72
20150208 13:09,45,47,38,50,41,73,55,41,37,-67,10326,188,135,98,79,73
20150208 13:10,41,54,38,51,40,74,56,41,37,-66,10326,199,135,98,79,73
20150208 13:11,26,51,35,51,11,68,56,40,36,-69,10326,195,135,98,79,73
20150208 13:12,3,47,33,51,355,68,57,41,38,-65,10326,200,135,98,79,73
20150208 13:13,11,44,32,49,26,56,57,40,37,-68,10326,194,135,98,79,73
20150208 13:14,19,49,30,50,13,76,56,39,35,-73,10327,177,135,99,79,73
20150208 13:15,24,53,30,49,35,67,54,39,35,-74,10327,167,135,99,79,73
20150208 13:16,21,37,27,47,5,43,54,40,36,-71,10326,176,135,99,80,73
20150208 13:17,14,31,24,46,22,53,54,41,37,-68,10326,190,135,99,80,73
20150208 13:18,16,36,20,45,11,52,55,41,37,-67,10326,199,134,99,80,73
20150208 13:19,16,33,18,43,22,36,55,39,35,-74,10326,205,134,100,80,73
20150208 13:20,14,33,15,40,7,61,55,40,36,-70,10326,212,134,100,80,73
20150208 13:21,6,43,14,41,6,61,56,41,37,-66,10326,216,134,100,80,73
20150208 13:22,347,47,12,41,328,70,57,40,37,-68,10326,218,134,100,80,73
20150208 13:23,338,46,8,41,348,74,58,40,37,-68,10326,217,134,100,80,73
20150208 13:24,352,49,6,41,356,81,59,40,37,-67,10325,214,134,100,80,73
20150208 13:25,359,48,3,40,2,67,59,38,35,-73,10326,215,134,101,81,73
20150208 13:26,355,45,1,42,348,63,59,37,34,-77,10325,215,134,101,81,74
20150208 13:27,354,45,359,43,359,62,59,36,33,-80,10325,215,134,101,81,74
20150208 13:28,2,42,358,43,5,60,59,36,33,-80,10325,215,134,101,81,74
20150208 13:29,8,35,357,44,11,52,57,36,33,-82,10325,216,134,101,81,74
20150208 13:30,16,29,359,42,22,47,57,37,34,-79,10325,217,134,101,81,74
20150208 13:31,7,38,357,43,353,71,58,37,34,-78,10325,210,134,102,81,74
20150208 13:32,0,51,1,43,7,67,58,36,33,-81,10325,202,134,102,81,74
20150208 13:33,4,54,2,44,2,66,57,35,32,-86,10326,202,134,102,82,74
20150208 13:34,354,45,2,42,347,50,56,35,32,-87,10325,203,134,102,82,74
20150208 13:35,353,31,1,41,359,38,56,36,33,-83,10325,207,135,102,82,74
20150208 13:36,4,32,3,40,8,56,57,36,33,-82,10325,212,135,102,82,74
20150208 13:37,12,38,5,39,17,54,56,35,32,-87,10325,214,135,102,82,74
20150208 13:38,17,34,6,38,16,46,57,36,33,-82,10325,215,135,102,82,74
20150208 13:39,19,32,7,38,23,48,58,36,33,-81,10325,217,135,103,82,74
20150208 13:40,17,44,6,41,12,75,58,36,33,-81,10325,217,135,103,82,74
20150208 13:41,1,57,6,42,350,77,59,36,33,-80,10326,213,135,103,83,74
20150208 13:42,358,58,6,43,5,71,59,36,33,-80,10325,211,135,103,83,74
20150208 13:43,358,51,5,42,350,61,59,36,33,-80,10325,212,135,103,83,75
20150208 13:44,353,55,6,45,357,83,59,36,33,-80,10325,210,135,103,83,75
20150208 13:45,353,54,5,46,349,70,57,35,32,-86,10325,207,135,103,83,75
20150208 13:46,348,49,3,48,347,83,57,35,32,-86,10325,207,135,103,83,75
20150208 13:47,351,44,0,48,356,46,57,36,33,-82,10325,205,135,104,83,75
20150208 13:48,357,35,359,48,358,53,58,36,33,-81,10325,207,135,104,83,75
20150208 13:49,9,32,358,48,19,34,59,38,35,-73,10325,211,135,104,83,75
20150208 13:50,31,29,1,45,43,44,59,36,33,-80,10325,214,136,104,84,75
20150208 13:51,43,31,6,43,43,49,59,36,33,-80,10324,215,136,104,84,75
20150208 13:52,34,26,8,39,18,45,59,35,32,-84,10324,211,136,104,84,75
20150208 13:53,22,20,11,36,25,31,59,35,32,-84,10323,214,136,104,84,75
20150208 13:54,350,37,8,35,324,77,61,37,35,-75,10324,218,136,104,84,75
20150208 13:55,333,53,8,36,342,63,61,34,32,-86,10325,218,136,105,84,75
20150208 13:56,343,43,7,34,344,50,61,34,32,-86,10325,218,136,105,84,75
20150208 13:57,339,36,5,34,335,49,62,35,33,-81,10325,217,136,105,84,75
20150208 13:58,346,41,5,35,356,64,60,33,31,-91,10325,217,136,105,84,76
20150208 13:59,346,43,0,37,336,63,60,33,31,-91,10325,216,136,105,85,76
20150208 14:00,340,48,354,39,345,73,60,34,32,-87,10325,214,136,105,85,76
20150208 14:01,345,51,349,41,346,65,60,34,32,-87,10325,214,136,105,85,76
20150208 14:02,348,49,346,44,351,81,60,35,33,-83,10325,214,137,105,85,76
20150208 14:03,353,53,343,47,354,73,60,34,32,-87,10325,211,137,105,85,76
20150208 14:04,355,52,347,47,356,59,59,33,31,-91,10325,210,137,106,85,76
20150208 14:05,353,45,347,46,350,57,59,35,32,-84,10325,209,137,106,85,76
20150208 14:06,355,43,349,47,0,55,59,33,31,-91,10324,207,137,106,85,76
20150208 14:07,354,43,350,47,347,69,58,33,30,-92,10324,207,137,106,85,76
20150208 14:08,348,42,350,47,350,52,59,34,32,-88,10324,205,137,106,85,76
20150208 14:09,356,36,352,46,2,43,60,35,33,-83,10324,208,137,106,86,76
20150208 14:10,352,42,352,46,343,73,61,35,33,-82,10324,210,137,106,86,76
20150208 14:11,346,49,352,46,349,70,60,34,32,-87,10325,192,137,106,86,76
20150208 14:12,357,42,354,44,5,51,59,34,32,-88,10324,180,137,106,86,76
20150208 14:13,353,36,352,42,341,46,58,34,31,-88,10324,188,137,107,86,76
20150208 14:14,344,35,351,41,348,48,57,35,32,-86,10324,195,137,107,86,77
20150208 14:15,350,39,352,41,353,53,58,35,32,-85,10323,199,137,107,86,77
20150208 14:16,345,44,349,41,337,61,60,36,34,-79,10324,202,137,107,86,77
20150208 14:17,338,39,349,40,338,50,60,35,33,-83,10324,202,137,107,86,77
20150208 14:18,345,29,349,38,352,39,60,35,33,-83,10324,207,137,107,87,77
20150208 14:19,4,32,350,39,16,52,60,35,33,-83,10323,211,137,107,87,77
20150208 14:20,356,38,349,38,334,53,60,34,32,-87,10323,211,137,107,87,77
20150208 14:21,344,32,350,36,354,42,60,35,33,-83,10323,212,137,107,87,77
20150208 14:22,341,31,346,35,329,50,60,35,33,-83,10323,216,137,107,87,77
20150208 14:23,333,34,346,35,337,42,60,35,33,-83,10322,218,137,108,87,77
20150208 14:24,351,34,347,35,5,43,61,36,34,-78,10322,217,137,108,87,77
20150208 14:25,341,42,344,36,320,69,62,36,34,-78,10322,214,137,108,87,77
20150208 14:26,321,45,343,35,322,46,62,35,33,-81,10322,212,137,108,87,77
20150208 14:27,334,40,343,36,346,59,63,35,33,-80,10323,209,137,108,87,77
20150208 14:28,344,42,342,38,342,61,63,35,33,-80,10323,207,137,108,88,77
20150208 14:29,349,47,340,39,356,64,62,34,32,-85,10323,205,137,108,88,78
20150208 14:30,353,44,342,39,349,51,62,34,32,-85,10323,202,137,108,88,78
20150208 14:31,356,34,343,39,3,48,63,36,34,-77,10323,204,137,108,88,78
20150208 14:32,17,44,349,42,30,71,64,35,34,-79,10323,205,137,108,88,78
20150208 14:33,30,53,354,43,30,65,62,34,32,-85,10323,199,137,108,88,78
20150208 14:34,31,45,357,44,31,57,61,35,33,-82,10323,197,137,109,88,78
20150208 14:35,20,33,2,42,9,43,61,35,33,-82,10323,198,137,109,88,78
20150208 14:36,7,26,6,40,5,33,61,36,34,-78,10323,201,137,109,88,78
20150208 14:37,12,25,10,38,20,34,61,35,33,-82,10323,197,137,109,88,78
20150208 14:38,355,33,9,38,333,66,61,36,34,-78,10323,186,137,109,88,78
20150208 14:39,343,41,9,37,354,48,61,36,34,-78,10323,188,137,109,89,78
20150208 14:40,350,35,8,37,344,57,61,35,33,-82,10323,194,137,109,89,78
20150208 14:41,332,36,4,38,321,54,61,33,31,-90,10323,197,137,109,89,78
20150208 14:42,328,42,358,36,335,71,61,32,30,-94,10323,199,137,109,89,78
20150208 14:43,341,49,354,37,347,72,62,32,30,-93,10324,199,137,109,89,78
20150208 14:44,349,50,350,37,350,58,62,33,31,-89,10324,197,137,109,89,79
20150208 14:45,355,45,349,39,359,55,61,34,32,-86,10324,195,137,109,89,79
20150208 14:46,356,37,348,40,353,42,60,34,32,-87,10323,196,137,110,89,79
20150208 14:47,343,26,343,40,331,37,62,35,33,-81,10323,198,137,110,89,79
20150208 14:48,327,36,342,40,322,68,63,33,31,-88,10323,199,137,110,89,79
20150208 14:49,325,46,339,41,327,59,62,32,30,-93,10322,195,137,110,89,79
20150208 14:50,324,41,337,41,321,61,62,32,30,-93,10323,195,137,110,90,79
20150208 14:51,328,35,338,41,335,46,62,32,30,-93,10323,193,137,110,90,79
20150208 14:52,327,41,336,41,320,69,62,32,30,-93,10323,193,137,110,90,79
20150208 14:53,321,56,334,42,322,77,62,32,30,-93,10324,192,137,110,90,79
20150208 14:54,324,55,331,42,326,66,61,32,30,-94,10324,186,137,110,90,79
20150208 14:55,327,46,328,42,327,66,61,33,31,-90,10324,186,137,110,90,79
20150208 14:56,324,44,325,43,320,55,61,32,30,-94,10325,185,137,110,90,79
20150208 14:57,319,46,324,46,319,63,60,32,30,-94,10324,186,137,110,90,79
20150208 14:58,318,46,323,45,317,53,59,32,30,-95,10324,186,136,110,90,79
20150208 14:59,320,45,323,46,322,58,59,33,31,-91,10324,183,136,110,90,80
20150208 15:00,323,48,323,47,325,72,59,33,31,-91,10325,183,136,111,90,80
20150208 15:01,325,52,322,49,326,69,59,33,31,-91,10325,179,136,111,91,80
20150208 15:02,338,52,325,49,350,72,59,33,31,-91,10325,176,136,111,91,80
20150208 15:03,355,52,329,48,359,71,58,32,29,-96,10325,174,136,111,91,80
20150208 15:04,358,49,332,48,358,62,58,33,30,-92,10325,173,136,111,91,80
20150208 15:05,350,44,334,48,343,57,59,33,31,-91,10325,173,136,111,91,80
20150208 15:06,352,34,338,46,2,30,58,33,30,-92,10325,174,136,111,91,80
20150208 15:07,0,27,342,44,359,41,60,35,33,-83,10325,175,135,111,91,80
20150208 15:08,359,25,347,42,0,27,60,33,31,-91,10325,176,135,111,91,80
20150208 15:09,13,29,353,41,25,56,60,34,32,-87,10325,177,135,111,91,80
20150208 15:10,20,38,358,40,15,53,59,34,32,-88,10325,174,135,111,91,80
20150208 15:11,28,36,5,38,41,53,59,34,32,-88,10324,174,135,111,91,80
20150208 15:12,37,43,9,38,34,62,58,35,32,-85,10324,171,135,111,91,80
20150208 15:13,35,50,13,37,35,81,58,35,32,-85,10324,167,134,111,92,80
20150208 15:14,7,52,12,38,341,67,59,36,33,-80,10325,166,134,111,92,80
20150208 15:15,339,45,11,38,336,62,58,34,31,-88,10324,168,134,111,92,81
20150208 15:16,329,41,7,40,322,63,58,34,31,-88,10324,171,134,111,92,81
20150208 15:17,326,47,4,42,329,69,58,34,31,-88,10325,171,134,111,92,81
20150208 15:18,332,44,1,44,335,61,58,35,32,-85,10325,170,134,111,92,81
20150208 15:19,331,44,355,45,326,60,59,35,32,-84,10325,169,133,111,92,81
20150208 15:20,325,49,349,46,324,68,58,34,31,-88,10325,168,133,112,92,81
20150208 15:21,330,46,343,47,336,54,57,34,31,-89,10325,166,133,112,92,81
20150208 15:22,338,37,338,45,340,40,58,35,32,-85,10325,164,133,112,92,81
20150208 15:23,338,33,333,43,336,57,59,36,33,-80,10325,166,133,112,92,81
20150208 15:24,329,41,331,43,322,65,59,36,33,-80,10325,165,132,112,92,81
20150208 15:25,328,42,330,43,334,56,59,36,33,-80,10325,163,132,112,92,81
20150208 15:26,333,33,331,41,331,46,58,35,32,-85,10324,167,132,112,93,81
20150208 15:27,334,31,332,39,337,46,58,35,32,-85,10324,169,132,112,93,81
20150208 15:28,335,27,332,37,333,29,58,36,33,-81,10325,170,132,112,93,81
20150208 15:29,325,22,331,35,317,32,58,36,33,-81,10324,170,132,112,93,81
20150208 15:30,321,26,331,33,325,46,58,35,32,-85,10324,168,131,112,93,81
20150208 15:31,322,36,329,33,319,65,58,35,32,-85,10324,167,131,112,93,81
20150208 15:32,323,39,328,33,327,53,58,35,32,-85,10324,164,131,112,93,82
20150208 15:33,347,40,331,34,6,64,58,34,31,-88,10325,165,131,112,93,82
20150208 15:34,9,53,336,36,13,73,57,34,31,-89,10325,161,131,112,93,82
20150208 15:35,358,54,337,37,344,63,57,34,31,-89,10325,155,131,112,93,82
20150208 15:36,344,46,338,38,344,59,57,34,31,-89,10325,154,130,112,93,82
20150208 15:37,345,45,339,39,347,66,57,33,30,-93,10325,155,130,112,93,82
20150208 15:38,352,45,342,42,357,66,58,33,30,-92,10325,157,130,112,93,82
20150208 15:39,359,43,346,43,2,52,57,33,30,-93,10325,156,130,112,93,82
20150208 15:40,358,39,350,44,355,59,58,33,30,-92,10325,154,130,112,94,82
20150208 15:41,353,36,353,43,351,50,58,33,30,-92,10325,153,130,112,94,82
20150208 15:42,352,37,355,44,353,52,58,32,29,-96,10325,153,129,112,94,82
20150208 15:43,357,39,355,43,0,53,58,33,30,-92,10326,153,129,112,94,82
20150208 15:44,11,34,355,40,22,41,58,34,31,-88,10325,152,129,112,94,82
20150208 15:45,20,34,359,39,18,66,58,36,33,-81,10326,153,129,112,94,82
20150208 15:46,24,43,3,40,30,73,57,35,32,-86,10326,149,129,112,94,82
20150208 15:47,25,41,7,39,21,53,56,35,32,-87,10325,144,128,112,94,82
20150208 15:48,28,37,11,38,36,57,56,36,33,-83,10325,143,128,112,94,82
20150208 15:49,31,42,13,38,27,60,56,36,33,-83,10325,140,128,112,94,83
20150208 15:50,25,40,16,38,23,51,55,35,32,-87,10325,138,128,112,94,83
20150208 15:51,9,30,17,37,355,36,55,36,32,-84,10325,140,127,112,94,83
20150208 15:52,359,29,18,37,3,43,55,36,32,-84,10325,144,127,112,94,83
20150208 15:53,10,29,19,35,18,32,55,36,32,-84,10325,144,127,112,94,83
20150208 15:54,16,26,19,35,14,52,56,36,33,-83,10325,146,127,112,94,83
20150208 15:55,13,33,18,35,12,73,56,36,33,-83,10325,147,127,112,94,83
20150208 15:56,19,43,17,35,25,71,56,36,33,-83,10326,145,126,111,94,83
20150208 15:57,24,43,18,35,24,49,56,35,32,-87,10326,142,126,111,95,83
20150208 15:58,25,40,17,36,27,59,56,36,33,-83,10326,141,126,111,95,83
20150208 15:59,25,41,16,35,23,62,56,35,32,-87,10326,138,126,111,95,83
20150208 16:00,31,48,18,37,39,68,55,35,32,-87,10326,137,125,111,95,83
20150208 16:01,31,55,21,40,22,65,55,34,31,-91,10326,133,125,111,95,83
20150208 16:02,16,47,21,41,11,49,54,34,30,-92,10326,133,125,111,95,83
20150208 16:03,9,40,20,42,7,56,54,34,30,-92,10326,133,125,111,95,83
20150208 16:04,5,37,19,43,4,43,54,34,30,-92,10326,133,124,111,95,83
20150208 16:05,0,30,18,42,356,34,54,35,31,-88,10326,133,124,111,95,83
20150208 16:06,5,28,17,40,13,35,54,35,31,-88,10326,135,124,111,95,84
20150208 16:07,14,35,16,40,16,62,54,36,32,-85,10326,134,124,111,95,84
20150208 16:08,10,46,14,41,5,64,54,35,31,-88,10326,131,123,111,95,84
20150208 16:09,358,41,10,40,350,49,53,35,31,-89,10326,127,123,111,95,84
20150208 16:10,352,34,6,38,353,55,53,35,31,-89,10326,127,123,111,95,84
20150208 16:11,351,31,2,36,349,32,54,36,32,-85,10326,128,123,111,95,84
20150208 16:12,348,30,0,35,347,41,54,36,32,-85,10326,128,122,111,95,84
20150208 16:13,345,31,358,34,343,41,54,35,31,-88,10326,126,122,111,95,84
20150208 16:14,0,27,359,33,16,34,54,36,32,-85,10326,125,122,111,95,84
20150208 16:15,10,19,359,32,3,25,55,36,32,-84,10326,126,122,111,95,84
20150208 16:16,358,18,357,31,353,44,55,36,32,-84,10326,128,121,111,95,84
20150208 16:17,347,28,354,30,342,42,55,34,31,-91,10326,127,121,111,95,84
20150208 16:18,352,33,354,28,4,58,55,34,31,-91,10326,124,121,111,95,84
20150208 16:19,13,39,357,30,21,59,55,35,32,-87,10327,122,121,111,96,84
20150208 16:20,10,39,358,29,358,49,54,36,32,-85,10327,119,120,111,96,84
20150208 16:21,355,35,358,30,353,53,54,36,32,-85,10327,118,120,110,96,84
20150208 16:22,352,36,358,30,350,42,53,36,32,-86,10327,116,120,110,96,84
20150208 16:23,356,42,0,33,1,62,54,36,32,-85,10328,114,120,110,96,84
20150208 16:24,359,41,358,33,357,48,53,36,32,-86,10328,111,119,110,96,84
20150208 16:25,1,36,358,36,4,57,53,36,32,-86,10328,111,119,110,96,84
20150208 16:26,9,39,0,38,15,51,53,36,32,-86,10328,111,119,110,96,85
20150208 16:27,5,46,2,40,355,74,52,36,32,-86,10328,111,119,110,96,85
20150208 16:28,2,51,2,41,9,79,52,36,32,-86,10328,108,118,110,96,85
20150208 16:29,17,45,3,41,25,62,51,36,32,-87,10328,105,118,110,96,85
20150208 16:30,13,38,3,41,1,52,51,37,32,-84,10328,104,118,110,96,85
20150208 16:31,8,31,5,40,14,35,51,37,32,-84,10328,104,117,110,96,85
20150208 16:32,9,27,6,39,4,43,51,37,32,-84,10328,105,117,110,96,85
20150208 16:33,9,33,8,38,14,63,51,37,32,-84,10328,104,117,110,96,85
20150208 16:34,12,35,9,38,9,49,50,37,32,-85,10328,102,116,110,96,85
20150208 16:35,11,31,10,37,13,43,50,37,32,-85,10328,100,116,109,96,85
20150208 16:36,9,32,9,37,6,50,50,38,33,-81,10329,100,116,109,96,85
20150208 16:37,8,37,11,36,11,51,50,36,31,-88,10329,98,115,109,96,85
20150208 16:38,1,36,9,34,350,41,50,36,31,-88,10329,96,115,109,96,85
20150208 16:39,353,25,6,32,357,28,50,36,31,-88,10329,94,115,109,96,85
20150208 16:40,9,22,8,30,21,33,50,37,32,-85,10328,94,114,109,96,85
20150208 16:41,16,33,8,32,12,67,50,36,31,-88,10329,94,114,109,96,85
20150208 16:42,12,41,9,33,12,52,49,35,30,-93,10329,92,114,109,96,85
20150208 16:43,19,45,10,34,26,71,49,35,30,-93,10329,89,114,109,96,85
20150208 16:44,27,41,12,34,29,43,48,34,29,-97,10329,87,113,109,96,85
20150208 16:45,20,33,11,35,10,55,48,35,30,-94,10329,87,113,109,96,85
20150208 16:46,6,42,11,36,2,69,48,35,30,-94,10329,86,113,109,96,85
20150208 16:47,4,43,11,36,6,60,47,35,30,-95,10329,84,112,108,96,86
20150208 16:48,5,43,12,38,3,66,47,35,30,-95,10329,82,112,108,96,86
20150208 16:49,3,47,12,40,3,62,47,35,30,-95,10329,79,112,108,96,86
20150208 16:50,8,47,12,43,14,69,46,35,30,-95,10330,75,111,108,96,86
20150208 16:51,23,48,14,43,31,75,46,36,31,-92,10330,72,111,108,96,86
20150208 16:52,29,41,15,43,27,65,46,37,31,-88,10330,72,110,108,96,86
20150208 16:53,28,38,15,42,28,62,46,37,31,-88,10330,73,110,108,96,86
20150208 16:54,23,40,14,43,17,54,46,38,32,-85,10331,73,110,108,96,86
20150208 16:55,18,43,15,44,20,63,45,37,31,-89,10331,73,109,108,96,86
20150208 16:56,23,40,18,42,27,49,45,37,31,-89,10330,71,109,108,96,86
20150208 16:57,24,38,19,43,21,62,45,37,31,-89,10330,69,109,107,96,86
20150208 16:58,13,39,19,42,4,47,45,37,31,-89,10330,66,108,107,96,86
20150208 16:59,19,34,22,40,35,43,44,37,31,-90,10330,63,108,107,96,86
20150208 17:00,26,31,23,38,17,43,44,38,32,-87,10330,62,107,107,96,86
20150208 17:01,21,31,22,37,26,48,44,38,32,-87,10331,62,107,107,96,86
20150208 17:02,19,34,21,37,11,49,44,37,31,-90,10331,62,107,107,97,86
20150208 17:03,8,32,18,35,5,45,44,37,31,-90,10331,61,106,107,96,86
20150208 17:04,6,33,17,35,7,49,44,37,31,-90,10331,61,106,107,96,86
20150208 17:05,12,35,17,34,17,43,43,37,31,-91,10331,59,105,106,96,86
20150208 17:06,16,35,16,34,14,57,43,37,31,-91,10331,58,105,106,96,86
20150208 17:07,14,41,15,34,14,61,43,37,31,-91,10331,56,105,106,96,86
20150208 17:08,12,42,16,35,10,60,43,37,31,-91,10331,54,104,106,96,86
20150208 17:09,18,37,15,35,26,47,42,37,31,-92,10331,53,104,106,97,86
20150208 17:10,19,32,14,35,11,41,42,37,31,-92,10331,52,104,106,97,86
20150208 17:11,15,31,13,35,20,47,42,37,31,-92,10331,51,103,106,96,86
20150208 17:12,19,34,14,35,18,41,41,37,30,-93,10331,50,103,106,96,87
20150208 17:13,21,31,16,35,25,44,41,37,30,-93,10331,50,103,105,96,86
20150208 17:14,21,25,17,33,18,37,41,37,30,-93,10331,49,102,105,96,87
20150208 17:15,24,23,19,32,31,36,41,38,31,-89,10331,49,102,105,96,87
20150208 17:16,20,27,18,32,9,42,40,38,31,-90,10331,48,101,105,96,87
20150208 17:17,15,27,19,30,21,37,40,37,30,-94,10331,47,101,105,96,87
20150208 17:18,23,21,20,27,25,25,40,38,31,-90,10331,46,101,105,96,87
20150208 17:19,19,22,19,27,14,37,40,38,31,-90,10331,46,100,105,96,87
20150208 17:20,9,23,18,26,3,30,40,37,30,-94,10331,45,100,105,96,87
20150208 17:21,358,17,16,24,352,24,40,37,30,-94,10331,44,99,104,96,87
20150208 17:22,1,18,15,23,9,34,39,38,31,-91,10331,44,99,104,96,87
20150208 17:23,15,28,14,23,21,43,39,38,31,-91,10331,43,99,104,96,87
20150208 17:24,21,32,15,24,22,45,39,38,31,-91,10331,42,98,104,96,87
20150208 17:25,28,34,15,26,34,63,38,37,30,-96,10331,41,98,104,96,87
20150208 17:26,25,41,16,27,16,60,38,37,30,-96,10331,40,97,104,96,87
20150208 17:27,22,41,16,29,27,54,38,36,29,-99,10331,39,97,103,96,87
20150208 17:28,24,34,16,30,21,42,38,37,30,-96,10332,38,97,103,96,87
20150208 17:29,25,40,17,32,29,61,38,37,30,-96,10332,37,96,103,96,87
20150208 17:30,28,45,20,34,27,52,37,36,29,-100,10332,36,96,103,96,87
20150208 17:31,23,40,22,37,18,57,37,37,29,-96,10332,36,96,103,96,87
20150208 17:32,25,38,25,38,32,56,37,37,29,-96,10332,35,95,103,96,87
20150208 17:33,23,32,24,38,14,45,37,37,29,-96,10332,35,95,102,96,87
20150208 17:34,19,30,24,38,24,46,37,37,29,-96,10332,34,94,102,96,87
20150208 17:35,14,31,21,37,5,43,36,37,29,-97,10332,34,94,102,96,87
20150208 17:36,11,24,21,34,17,29,36,37,29,-97,10332,33,94,102,96,87
20150208 17:37,10,21,19,33,4,34,36,38,30,-94,10332,33,93,102,96,87
20150208 17:38,3,24,17,32,3,35,36,38,30,-94,10332,32,93,102,96,87
20150208 17:39,14,26,17,30,25,32,36,37,29,-97,10333,32,93,102,96,87
20150208 17:40,18,29,15,29,10,47,35,38,30,-95,10333,31,92,101,96,87
20150208 17:41,11,29,15,28,12,39,35,38,30,-95,10332,31,92,101,96,87
20150208 17:42,16,24,13,26,20,36,35,38,30,-95,10333,30,91,101,96,87
20150208 17:43,21,22,14,26,21,39,35,39,31,-92,10333,30,91,101,96,87
20150208 17:44,22,28,14,26,23,45,35,39,31,-92,10333,29,91,101,96,87
20150208 17:45,19,29,15,25,16,34,34,38,30,-96,10332,29,90,100,96,87
20150208 17:46,12,22,14,26,8,32,34,38,30,-96,10332,29,90,100,96,87
20150208 17:47,16,22,16,26,23,32,34,39,30,-92,10332,28,90,100,96,87
20150208 17:48,10,31,16,27,357,49,34,39,30,-92,10332,28,89,100,96,88
20150208 17:49,358,30,13,26,358,40,34,39,30,-92,10332,27,89,100,96,88
20150208 17:50,6,25,13,26,13,37,34,39,30,-92,10332,27,89,100,96,88
20150208 17:51,2,27,11,26,351,35,34,39,30,-92,10332,27,88,99,96,88
20150208 17:52,358,25,10,26,5,34,33,39,30,-93,10332,26,88,99,96,88
20150208 17:53,8,25,9,26,11,34,33,40,31,-90,10332,26,88,99,96,88
20150208 17:54,2,27,6,26,354,39,33,39,30,-93,10332,26,87,99,96,88
20150208 17:55,8,27,6,26,22,37,33,39,30,-93,10332,25,87,99,96,88
20150208 17:56,25,30,8,28,28,41,33,39,30,-93,10332,25,86,98,96,88
20150208 17:57,29,35,9,29,29,45,33,40,31,-90,10332,25,86,98,96,88
20150208 17:58,22,31,11,28,14,36,33,40,31,-90,10332,24,86,98,95,88
20150208 17:59,16,25,12,28,17,30,33,40,31,-90,10332,24,86,98,95,88
20150208 18:00,21,26,14,28,25,37,32,40,31,-91,10332,24,85,98,95,88
20150208 18:01,22,28,16,28,19,39,32,41,31,-88,10332,23,85,98,95,88
20150208 18:02,15,26,17,28,10,35,32,41,31,-88,10332,23,85,97,95,88
20150208 18:03,18,21,19,27,27,37,32,40,31,-91,10332,23,84,97,95,88
20150208 18:04,25,24,22,28,24,37,32,41,31,-88,10332,23,84,97,95,88
20150208 18:05,17,24,20,27,10,22,32,41,31,-88,10332,22,84,97,95,88
20150208 18:06,12,19,19,25,14,29,31,41,31,-89,10332,22,83,97,95,88
20150208 18:07,11,31,17,26,9,62,31,41,31,-89,10332,22,83,96,95,88
20150208 18:08,25,37,20,27,41,42,31,41,31,-89,10332,22,83,96,95,88
20150208 18:09,31,29,20,27,21,34,31,42,32,-86,10332,22,82,96,95,88
20150208 18:10,35,27,22,27,49,37,31,43,33,-83,10332,21,82,96,95,88
20150208 18:11,44,27,24,27,40,39,30,44,33,-81,10333,21,82,96,95,88
20150208 18:12,41,28,28,27,41,42,30,45,34,-78,10333,21,81,95,95,88
20150208 18:13,36,28,28,28,30,37,30,45,34,-78,10333,20,81,95,95,88
20150208 18:14,29,26,28,28,27,35,29,45,34,-79,10333,20,81,95,95,88
20150208 18:15,24,25,29,28,20,34,29,45,34,-79,10333,20,81,95,95,88
20150208 18:16,24,26,31,29,29,39,29,45,34,-79,10332,19,80,95,95,88
20150208 18:17,31,34,33,29,33,62,28,46,34,-77,10332,19,80,95,95,88
20150208 18:18,32,36,32,29,31,56,28,45,34,-80,10332,19,80,94,94,88
20150208 18:19,29,30,33,29,28,39,28,46,34,-77,10332,19,79,94,94,88
20150208 18:20,26,36,30,31,25,55,28,46,34,-77,10332,18,79,94,94,88
20150208 18:21,27,37,29,31,28,45,28,46,34,-77,10332,18,79,94,94,88
20150208 18:22,26,26,28,30,24,28,27,46,34,-78,10332,18,78,94,94,88
20150208 18:23,34,26,29,31,43,58,27,46,34,-78,10332,17,78,94,94,88
20150208 18:24,42,30,30,31,41,50,27,46,34,-78,10332,17,78,93,94,88
20150208 18:25,38,34,32,32,34,52,27,46,34,-78,10332,17,78,93,94,88
20150208 18:26,35,31,32,32,35,31,27,46,34,-78,10333,17,77,93,94,88
20150208 18:27,38,34,33,32,40,65,26,46,34,-79,10333,17,77,93,94,88
20150208 18:28,39,41,34,33,37,50,26,46,34,-79,10333,16,77,93,94,88
20150208 18:29,44,37,36,34,52,50,26,46,34,-79,10332,16,76,92,94,88
20150208 18:30,44,36,37,33,37,46,26,46,34,-79,10333,16,76,92,94,88
20150208 18:31,37,34,38,33,38,50,26,47,35,-76,10333,16,76,92,94,88
20150208 18:32,38,31,40,34,39,46,26,47,35,-76,10333,16,76,92,94,88
20150208 18:33,40,29,39,33,42,46,25,47,34,-77,10333,15,75,92,94,88
20150208 18:34,37,29,39,33,32,45,25,47,34,-77,10333,15,75,91,94,88
20150208 18:35,33,34,39,33,35,55,25,48,35,-74,10333,15,75,91,93,88
20150208 18:36,36,37,39,35,38,57,25,47,34,-77,10333,15,75,91,93,88
20150208 18:37,35,31,38,33,32,35,25,47,34,-77,10333,15,74,91,93,88
20150208 18:38,32,25,38,32,32,36,25,47,34,-77,10333,15,74,91,93,88
20150208 18:39,28,23,35,30,23,41,24,48,35,-75,10333,14,74,91,93,88
20150208 18:40,30,27,35,30,37,41,24,48,35,-75,10333,14,74,90,93,88
20150208 18:41,33,33,34,30,29,47,24,48,35,-75,10333,14,73,90,93,88
20150208 18:42,38,30,35,30,48,37,24,48,35,-75,10333,13,73,90,93,88
20150208 18:43,48,30,35,30,47,51,24,48,35,-75,10334,13,73,90,93,88
20150208 18:44,49,31,37,30,50,48,23,49,35,-73,10334,13,73,90,93,88
20150208 18:45,55,31,40,30,60,42,23,50,36,-70,10334,13,72,89,93,88
20150208 18:46,54,29,41,29,49,43,23,51,37,-68,10334,13,72,89,93,88
20150208 18:47,44,31,41,30,39,56,22,51,36,-69,10334,12,72,89,93,88
20150208 18:48,46,31,44,30,54,46,22,52,37,-66,10334,12,72,89,93,88
20150208 18:49,47,32,45,31,40,47,22,52,37,-66,10334,12,71,89,92,88
20150208 18:50,40,33,46,31,41,41,22,53,38,-64,10334,12,71,89,92,88
20150208 18:51,42,30,47,30,44,48,21,53,38,-65,10334,12,71,88,92,88
20150208 18:52,39,32,46,31,34,51,21,53,38,-65,10334,12,71,88,92,88
20150208 18:53,38,32,45,31,42,37,21,53,38,-65,10334,11,70,88,92,88
20150208 18:54,46,29,45,31,50,61,21,54,38,-62,10334,11,70,88,92,88
20150208 18:55,50,30,44,31,50,50,20,54,38,-63,10334,11,70,88,92,88
20150208 18:56,54,26,45,30,58,38,20,54,38,-63,10334,11,70,88,92,88
20150208 18:57,53,25,46,30,49,41,20,54,38,-63,10334,11,69,87,92,88
20150208 18:58,48,35,46,31,48,58,20,54,38,-63,10335,10,69,87,92,88
20150208 18:59,46,40,46,32,45,53,20,53,37,-66,10335,10,69,87,92,88
20150208 19:00,49,35,47,32,54,48,19,54,38,-64,10334,10,69,87,92,88
20150208 19:01,51,37,48,33,48,56,19,54,38,-64,10334,10,69,87,92,88
20150208 19:02,50,38,50,33,52,44,19,54,38,-64,10334,10,68,87,92,88
20150208 19:03,53,36,51,34,54,64,19,54,38,-64,10334,10,68,86,91,88
20150208 19:04,55,41,51,35,56,74,19,54,38,-64,10334,9,68,86,91,88
20150208 19:05,55,38,52,35,54,56,18,54,38,-65,10334,9,68,86,91,88
20150208 19:06,53,37,51,37,53,54,18,54,38,-65,10334,9,67,86,91,88
20150208 19:07,51,37,51,38,49,52,18,54,38,-65,10334,9,67,86,91,88
20150208 19:08,40,40,50,38,32,72,17,54,37,-66,10334,9,67,85,91,88
20150208 19:09,39,39,50,37,47,54,17,54,37,-66,10334,8,67,85,91,88
20150208 19:10,47,37,49,39,47,56,17,54,37,-66,10334,8,67,85,91,88
20150208 19:11,51,40,50,38,54,51,17,54,37,-66,10334,8,66,85,91,88
20150208 19:12,52,28,50,37,49,28,17,54,37,-66,10334,8,66,85,91,88
20150208 19:13,50,25,49,36,50,46,16,55,38,-65,10334,8,66,85,91,88
20150208 19:14,47,38,48,36,43,57,16,54,37,-67,10335,7,66,85,91,88
20150208 19:15,45,36,47,35,47,40,16,54,37,-67,10335,7,66,84,91,88
20150208 19:16,46,30,46,34,45,47,16,54,37,-67,10335,7,65,84,91,88
20150208 19:17,43,35,46,35,41,49,16,54,37,-67,10335,7,65,84,90,88
20150208 19:18,46,37,47,34,50,49,16,54,37,-67,10335,7,65,84,90,88
20150208 19:19,51,34,48,34,52,50,15,55,37,-66,10335,6,65,84,90,88
20150208 19:20,48,37,48,34,44,55,15,54,37,-68,10335,6,64,83,90,88
20150208 19:21,48,39,47,34,52,55,15,54,37,-68,10335,6,64,83,90,88
20150208 19:22,50,37,47,36,49,51,15,54,37,-68,10335,6,64,83,90,88
20150208 19:23,47,36,47,36,45,51,15,54,37,-68,10335,6,64,83,90,88
20150208 19:24,46,30,47,34,46,47,15,54,37,-68,10335,5,64,83,90,88
20150208 19:25,51,28,48,34,56,54,15,55,37,-66,10335,5,64,83,90,88
20150208 19:26,52,38,48,36,48,56,14,55,37,-66,10335,5,63,83,90,87
20150208 19:27,51,36,50,34,54,45,14,55,37,-66,10335,5,63,82,90,88
20150208 19:28,54,35,50,35,53,59,14,55,37,-66,10335,5,63,82,90,87
20150208 19:29,50,38,49,35,46,59,14,55,37,-66,10335,5,63,82,89,87
20150208 19:30,50,36,50,35,53,56,14,55,37,-66,10335,5,62,82,89,87
20150208 19:31,52,35,50,34,51,50,14,55,37,-66,10335,5,62,82,89,87
20150208 19:32,50,32,50,34,49,50,14,55,37,-66,10335,4,62,82,89,87
20150208 19:33,47,29,50,33,45,40,13,55,37,-67,10335,4,62,81,89,87
20150208 19:34,44,34,50,35,43,66,13,55,37,-67,10335,4,62,81,89,87
20150208 19:35,48,43,50,36,53,57,13,55,37,-67,10335,4,62,81,89,87
20150208 19:36,50,47,50,37,48,64,13,54,36,-70,10335,4,61,81,89,87
20150208 19:37,46,43,49,38,44,56,13,54,36,-70,10335,4,61,81,89,87
20150208 19:38,48,37,48,37,52,59,13,54,36,-70,10335,3,61,81,89,87
20150208 19:39,46,42,48,38,40,67,13,54,36,-70,10335,3,61,81,89,87
20150208 19:40,44,43,47,39,48,74,13,54,36,-70,10335,3,61,80,89,87
20150208 19:41,48,41,47,40,48,65,13,54,36,-70,10335,3,60,80,89,87
20150208 19:42,46,43,46,41,44,56,13,54,36,-70,10335,3,60,80,88,87
20150208 19:43,46,39,47,42,48,56,13,54,36,-70,10335,3,60,80,88,87
20150208 19:44,50,36,48,41,53,52,12,54,36,-71,10336,2,60,80,88,87
20150208 19:45,52,34,48,40,51,42,12,54,36,-71,10336,2,60,80,88,87
20150208 19:46,47,40,47,40,44,61,12,54,36,-71,10336,2,59,79,88,87
20150208 19:47,46,46,48,41,47,62,12,54,36,-71,10336,2,59,79,88,87
20150208 19:48,50,41,48,41,52,46,12,54,36,-71,10336,2,59,79,88,87
20150208 19:49,54,33,49,39,55,41,12,54,36,-71,10336,2,59,79,88,87
20150208 19:50,45,38,48,40,36,61,12,54,36,-71,10336,2,59,79,88,87
20150208 19:51,41,36,48,38,46,44,11,54,36,-72,10336,1,58,79,88,87
20150208 19:52,48,31,48,37,51,53,11,55,36,-69,10336,1,58,79,88,87
20150208 19:53,48,33,48,37,44,50,11,55,36,-69,10336,1,58,78,88,87
20150208 19:54,43,29,47,36,41,42,11,55,36,-69,10336,1,58,78,87,87
20150208 19:55,43,27,46,35,46,44,11,55,36,-69,10336,0,58,78,87,87
20150208 19:56,45,29,46,34,43,45,11,56,37,-67,10337,0,58,78,87,87
20150208 19:57,51,30,47,32,60,38,11,55,36,-69,10337,0,57,78,87,87
20150208 19:58,56,32,47,32,53,51,10,55,36,-70,10337,0,57,78,87,87
20150208 19:59,55,33,48,32,56,46,10,56,37,-68,10337,-1,57,78,87,87
20150208 20:00,54,33,49,31,52,48,10,56,37,-68,10336,-1,57,77,87,87
