time_now,wd_avg_2mins,ws_avg_2mins,wd_avg_10mins,ws_avg_10mins,wd_maxsp_this_min,ws_maxsp_this_min,air_temp_by_box,relative_humidity,water_vapor_pressure,dew_temp,station_pressure,ground_temp_pt,ground_tem_5cm,ground_tem_10cm,ground_tem_15cm,ground_tem_20cm
20150202 20:01,5,12,4,15,4,18,47,80,68,15,10327,42,54,62,68,70
20150202 20:02,359,14,3,16,354,22,47,80,68,15,10327,41,54,62,68,70
20150202 20:03,350,15,1,16,347,18,47,80,68,15,10327,41,54,62,68,70
20150202 20:04,348,17,359,16,348,24,47,80,68,15,10327,41,54,62,68,70
20150202 20:05,0,17,0,16,12,20,47,80,68,15,10327,41,54,62,68,70
20150202 20:06,12,18,2,15,11,23,47,80,68,15,10327,41,53,62,68,70
20150202 20:07,14,18,4,15,18,19,47,80,68,15,10327,40,53,62,68,70
20150202 20:08,13,12,4,15,8,18,47,80,68,15,10327,40,53,61,68,70
20150202 20:09,3,15,3,15,358,22,47,80,68,15,10327,40,53,61,68,70
20150202 20:10,357,17,2,16,356,21,47,80,68,15,10327,40,53,61,68,70
20150202 20:11,358,14,1,16,359,16,47,81,69,17,10328,40,53,61,68,70
20150202 20:12,7,13,3,15,15,17,47,81,69,17,10328,40,53,61,68,70
20150202 20:13,7,12,4,15,359,16,47,81,69,17,10328,40,53,61,68,70
20150202 20:14,355,15,5,15,352,26,47,81,69,17,10329,40,53,61,68,70
20150202 20:15,1,16,4,15,9,20,47,81,69,17,10329,39,53,61,68,70
20150202 20:16,3,13,3,14,358,28,47,82,70,19,10329,39,53,61,68,70
20150202 20:17,0,15,2,15,3,24,47,82,70,19,10329,39,53,61,67,70
20150202 20:18,2,15,1,15,1,17,47,82,70,19,10329,39,53,61,68,70
20150202 20:19,1,14,1,14,2,19,46,82,70,18,10329,39,53,61,67,70
20150202 20:20,4,13,2,14,6,17,46,82,70,18,10329,39,53,61,67,70
20150202 20:21,1,12,2,14,356,16,46,82,70,18,10329,39,53,61,67,70
20150202 20:22,2,9,2,13,9,9,46,82,70,18,10329,40,53,61,67,70
20150202 20:23,352,7,359,13,335,18,46,82,70,18,10329,39,53,61,67,70
20150202 20:24,336,9,358,12,336,15,46,83,70,20,10329,39,53,61,67,70
20150202 20:25,352,9,357,11,7,11,46,83,70,20,10328,39,53,61,67,70
20150202 20:26,355,6,356,10,344,12,46,83,70,20,10328,39,53,61,67,70
20150202 20:27,355,2,356,9,6,0,46,83,70,20,10329,39,53,61,67,70
20150202 20:28,2,0,355,7,349,0,46,83,70,20,10329,40,53,61,67,70
20150202 20:29,358,0,355,6,2,0,46,83,70,20,10330,40,53,61,67,70
20150202 20:30,350,0,352,5,337,0,46,83,70,20,10330,40,53,61,67,70
20150202 20:31,338,0,350,4,339,0,46,83,70,20,10330,40,52,61,67,70
20150202 20:32,353,2,350,4,9,10,46,83,70,20,10330,40,52,61,67,70
20150202 20:33,4,8,353,4,359,17,45,84,71,20,10330,40,52,61,67,70
20150202 20:34,3,13,356,4,6,16,45,84,71,20,10330,40,52,61,67,70
20150202 20:35,1,12,355,4,356,18,46,83,70,20,10329,39,52,60,67,70
20150202 20:36,344,9,354,5,332,10,46,83,70,20,10329,39,52,60,67,70
20150202 20:37,336,6,351,5,340,7,46,83,70,20,10329,40,52,60,67,70
20150202 20:38,351,3,352,5,2,4,45,84,71,20,10329,40,52,60,67,70
20150202 20:39,2,4,352,6,1,7,45,84,71,20,10329,40,52,60,67,70
20150202 20:40,19,7,358,7,38,17,45,84,71,20,10329,40,52,60,67,70
20150202 20:41,21,7,1,7,4,10,45,84,71,20,10329,40,52,60,67,70
20150202 20:42,0,5,359,7,355,12,45,84,71,20,10328,40,52,60,67,70
20150202 20:43,353,5,358,7,351,12,45,84,71,20,10328,40,52,60,67,70
20150202 20:44,6,4,0,5,24,7,45,84,71,20,10328,40,52,60,67,70
20150202 20:45,44,3,6,5,59,6,45,84,71,20,10327,40,52,60,67,70
20150202 20:46,48,4,13,5,36,6,45,85,72,22,10327,40,52,60,67,70
20150202 20:47,33,6,18,5,31,11,45,84,71,20,10327,40,52,60,67,70
20150202 20:48,36,8,22,6,41,10,45,84,71,20,10327,40,52,60,67,70
20150202 20:49,37,7,25,6,33,11,45,84,71,20,10327,40,52,60,67,70
20150202 20:50,35,8,25,6,37,10,45,84,71,20,10326,40,52,60,67,70
20150202 20:51,36,9,28,6,34,11,45,84,71,20,10327,40,52,60,67,70
20150202 20:52,30,8,31,7,26,11,45,84,71,20,10326,40,52,60,67,70
20150202 20:53,23,7,34,7,20,10,45,84,71,20,10326,40,52,60,67,70
20150202 20:54,21,9,34,8,22,13,44,84,70,19,10325,40,52,60,67,70
20150202 20:55,19,10,30,8,16,11,44,85,71,21,10325,41,52,60,67,70
20150202 20:56,10,8,26,8,3,10,44,85,71,21,10326,41,52,60,67,70
20150202 20:57,1,7,23,8,359,7,44,85,71,21,10327,41,52,60,67,70
20150202 20:58,346,5,17,8,332,7,44,85,71,21,10327,41,52,60,67,70
20150202 20:59,335,6,11,8,339,9,44,85,71,21,10327,41,52,60,67,70
20150202 21:00,333,8,4,8,327,13,44,85,71,21,10327,41,52,60,67,70
20150202 21:01,331,11,358,8,336,13,44,85,71,21,10328,40,52,60,67,70
20150202 21:02,333,11,352,8,330,17,44,85,71,21,10328,40,52,60,67,70
20150202 21:03,329,10,347,8,328,11,44,85,71,21,10328,40,52,60,67,70
20150202 21:04,325,8,341,8,321,9,44,85,71,21,10328,40,52,60,67,70
20150202 21:05,323,8,336,8,326,10,44,85,71,21,10328,40,52,60,67,70
20150202 21:06,330,9,333,8,334,10,44,85,71,21,10328,40,52,60,66,70
20150202 21:07,330,10,330,9,327,11,44,86,72,23,10328,40,52,59,66,70
20150202 21:08,329,9,330,9,332,9,44,86,72,23,10328,40,52,59,66,70
20150202 21:09,333,9,330,9,334,11,44,86,72,23,10328,40,52,59,66,70
20150202 21:10,336,11,331,10,338,15,44,86,72,23,10328,40,52,59,66,70
20150202 21:11,331,11,329,10,324,11,44,86,72,23,10329,40,52,59,66,70
20150202 21:12,330,10,330,10,336,15,44,86,72,23,10329,40,52,59,66,70
20150202 21:13,323,9,328,9,311,10,44,86,72,23,10329,40,52,59,66,70
20150202 21:14,309,6,327,9,307,8,44,86,72,23,10329,40,52,59,66,70
20150202 21:15,317,5,327,9,326,7,44,86,72,23,10329,40,52,59,66,70
20150202 21:16,331,3,327,8,336,3,44,87,73,24,10328,41,52,59,66,70
20150202 21:17,344,3,330,7,351,5,44,87,73,24,10328,41,52,59,66,70
20150202 21:18,357,3,333,7,4,4,44,87,73,24,10327,41,52,59,66,70
20150202 21:19,6,3,336,6,9,6,44,87,73,24,10327,41,52,59,66,70
20150202 21:20,6,6,339,6,2,10,44,87,73,24,10327,41,52,59,66,70
20150202 21:21,2,10,342,6,1,15,44,87,73,24,10326,41,52,59,66,70
20150202 21:22,357,13,344,6,353,14,44,87,73,24,10327,40,52,59,66,69
20150202 21:23,340,12,346,7,327,16,44,87,73,24,10327,40,52,59,66,70
20150202 21:24,335,11,349,7,343,15,44,87,73,24,10328,40,51,59,66,70
20150202 21:25,338,11,350,8,333,11,44,87,73,24,10328,40,51,59,66,70
20150202 21:26,329,10,349,9,325,13,44,87,73,24,10328,40,51,59,66,69
20150202 21:27,327,11,347,9,329,15,44,87,73,24,10328,40,51,59,66,69
20150202 21:28,325,12,342,10,320,14,44,87,73,24,10329,40,51,59,66,69
20150202 21:29,322,9,338,10,324,10,44,87,73,24,10329,40,51,59,66,69
20150202 21:30,328,8,335,11,332,13,44,87,73,24,10329,40,51,59,66,69
20150202 21:31,326,9,331,10,321,11,44,87,73,24,10329,40,51,59,66,69
20150202 21:32,325,9,328,10,329,12,44,87,73,24,10328,40,51,59,66,69
20150202 21:33,323,8,327,10,317,7,44,87,73,24,10328,40,51,59,66,69
20150202 21:34,321,6,326,9,326,7,44,87,73,24,10328,40,51,59,66,69
20150202 21:35,338,6,327,9,351,13,44,87,73,24,10327,41,51,59,66,69
20150202 21:36,4,6,332,8,16,10,44,87,73,24,10326,41,51,59,66,69
20150202 21:37,21,6,338,8,27,7,44,87,73,24,10325,41,51,59,66,69
20150202 21:38,25,6,344,7,23,10,44,87,73,24,10324,41,51,59,66,69
20150202 21:39,25,7,351,7,26,9,43,87,72,23,10324,41,51,59,66,69
20150202 21:40,22,5,356,7,18,9,43,87,72,23,10325,41,51,59,66,69
20150202 21:41,357,5,357,6,336,7,43,87,72,23,10325,41,51,59,66,69
20150202 21:42,331,5,357,6,326,6,43,87,72,23,10326,41,51,59,66,69
20150202 21:43,339,6,1,6,354,11,43,87,72,23,10326,41,51,59,66,69
20150202 21:44,341,7,1,6,329,8,44,87,73,24,10326,41,51,59,66,69
20150202 21:45,329,5,359,6,330,9,44,87,73,24,10326,41,51,59,66,69
20150202 21:46,333,6,354,6,335,11,44,87,73,24,10326,41,51,59,66,69
20150202 21:47,330,8,348,6,324,14,44,87,73,24,10326,41,51,59,66,69
20150202 21:48,328,9,342,6,332,12,44,87,73,24,10326,41,51,59,66,69
20150202 21:49,327,10,336,7,321,12,44,87,73,24,10327,41,51,59,66,69
20150202 21:50,322,10,331,7,324,13,44,87,73,24,10328,41,51,58,66,69
20150202 21:51,324,11,330,8,325,15,44,88,74,26,10328,41,51,58,66,69
20150202 21:52,323,11,329,9,321,15,44,88,74,26,10329,41,51,58,66,69
20150202 21:53,323,12,327,9,325,14,44,88,74,26,10328,41,51,58,66,69
20150202 21:54,330,12,327,10,335,16,44,88,74,26,10328,41,51,58,65,69
20150202 21:55,343,12,329,11,352,14,44,88,74,26,10327,41,51,58,65,69
20150202 21:56,0,10,333,11,9,12,44,87,73,24,10327,41,51,58,66,69
20150202 21:57,5,9,336,11,1,13,44,87,73,24,10326,41,51,58,65,69
20150202 21:58,3,10,340,11,5,17,44,87,73,24,10326,41,51,58,65,69
20150202 21:59,4,13,344,11,3,17,44,87,73,24,10325,41,51,58,65,69
20150202 22:00,354,12,346,11,345,11,44,86,72,23,10326,41,51,58,65,69
20150202 22:01,343,9,348,11,341,13,44,86,72,23,10326,41,51,58,65,69
20150202 22:02,340,10,349,11,338,15,44,86,72,23,10326,41,51,58,65,69
20150202 22:03,339,12,351,11,340,15,44,86,72,23,10326,41,51,58,65,69
20150202 22:04,338,12,351,11,336,15,44,86,72,23,10326,41,51,58,65,69
20150202 22:05,335,11,349,11,334,15,44,86,72,23,10326,41,51,58,65,69
20150202 22:06,335,9,346,11,335,12,44,86,72,23,10326,41,51,58,65,69
20150202 22:07,332,6,343,10,329,6,44,86,72,23,10326,41,51,58,65,69
20150202 22:08,322,3,338,9,315,4,44,86,72,23,10326,41,51,58,65,69
20150202 22:09,314,4,333,8,314,7,44,86,72,23,10326,41,51,58,65,69
20150202 22:10,321,8,331,9,328,16,44,86,72,23,10326,41,51,58,65,69
20150202 22:11,329,11,330,9,329,14,44,86,72,23,10326,41,51,58,65,69
20150202 22:12,331,10,329,9,334,13,44,85,71,21,10326,41,51,58,65,69
20150202 22:13,330,11,328,8,326,13,44,85,71,21,10325,41,51,58,65,69
20150202 22:14,334,10,329,8,342,11,45,85,72,22,10325,41,51,58,65,69
20150202 22:15,342,11,329,8,342,16,45,85,72,22,10325,41,51,58,65,69
20150202 22:16,340,11,330,9,337,11,45,85,72,22,10325,41,51,58,65,69
20150202 22:17,335,8,330,9,334,11,45,85,72,22,10325,41,51,58,65,69
20150202 22:18,329,7,331,9,325,10,45,85,72,22,10325,41,51,58,65,69
20150202 22:19,334,6,334,9,342,8,45,85,72,22,10325,41,51,58,65,69
20150202 22:20,334,6,334,9,325,11,45,85,72,22,10325,41,51,58,65,69
20150202 22:21,325,6,333,8,324,9,45,85,72,22,10325,41,51,58,65,69
20150202 22:22,331,7,334,8,338,9,45,85,72,22,10325,41,51,58,65,69
20150202 22:23,342,7,336,8,347,8,45,85,72,22,10324,41,51,58,65,69
20150202 22:24,346,7,336,8,345,8,45,85,72,22,10324,41,51,58,65,69
20150202 22:25,340,7,335,7,335,8,45,85,72,22,10324,41,51,58,65,69
20150202 22:26,337,8,335,7,338,12,45,85,72,22,10325,41,51,58,65,69
20150202 22:27,339,10,336,7,339,14,45,85,72,22,10325,41,51,58,65,69
20150202 22:28,337,12,337,8,335,13,45,85,72,22,10325,41,51,58,65,69
20150202 22:29,343,10,338,8,351,12,45,85,72,22,10325,41,51,58,65,69
20150202 22:30,351,8,340,8,351,11,45,85,72,22,10325,41,51,58,65,69
20150202 22:31,357,6,344,8,4,6,45,85,72,22,10324,41,51,58,65,69
20150202 22:32,12,5,348,8,19,8,45,85,72,22,10324,41,51,58,65,69
20150202 22:33,14,8,350,8,8,12,45,85,72,22,10324,41,51,58,65,69
20150202 22:34,3,9,352,8,357,11,45,85,72,22,10324,41,51,58,65,69
20150202 22:35,4,8,355,8,10,10,45,85,72,22,10324,41,51,58,65,69
20150202 22:36,12,7,359,8,13,8,45,84,71,20,10324,41,51,58,65,69
20150202 22:37,16,6,3,7,19,7,45,85,72,22,10324,41,51,58,65,69
20150202 22:38,13,4,6,7,7,7,45,85,72,22,10323,41,51,58,65,69
20150202 22:39,14,3,9,6,22,4,45,85,72,22,10323,41,51,58,65,69
20150202 22:40,19,4,12,6,17,8,45,85,72,22,10323,41,51,58,65,69
20150202 22:41,19,5,13,6,21,5,45,85,72,22,10323,41,51,58,65,69
20150202 22:42,22,4,14,6,22,6,45,85,72,22,10324,41,51,58,65,69
20150202 22:43,13,4,13,5,3,7,45,85,72,22,10324,41,51,58,65,69
20150202 22:44,358,3,13,4,353,3,45,85,72,22,10324,41,51,58,65,69
20150202 22:45,342,1,9,4,331,3,45,85,72,22,10324,41,51,58,65,69
20150202 22:46,343,3,7,4,354,11,45,85,72,22,10324,41,51,58,65,69
20150202 22:47,5,6,7,4,15,12,45,85,72,22,10323,41,51,58,65,69
20150202 22:48,2,5,5,4,350,6,45,84,71,20,10323,41,51,58,65,69
20150202 22:49,350,4,2,4,350,9,45,84,71,20,10324,41,50,58,65,69
20150202 22:50,341,7,357,4,331,10,45,84,71,20,10324,41,50,57,65,69
20150202 22:51,335,7,353,5,339,9,45,84,71,20,10324,41,50,57,65,69
20150202 22:52,340,7,349,5,341,9,45,84,71,20,10325,41,50,57,65,69
20150202 22:53,335,7,345,5,329,9,45,84,71,20,10325,41,50,57,65,69
20150202 22:54,332,9,343,6,335,14,45,84,71,20,10325,41,50,57,65,69
20150202 22:55,338,11,344,7,341,14,45,85,72,22,10324,41,50,57,65,69
20150202 22:56,334,10,342,8,327,13,45,85,72,22,10324,41,50,57,65,69
20150202 22:57,334,8,338,8,342,11,45,85,72,22,10324,41,50,57,65,69
20150202 22:58,347,6,339,8,352,8,45,85,72,22,10324,41,50,57,65,69
20150202 22:59,346,6,338,8,340,11,45,85,72,22,10324,41,50,57,64,69
20150202 23:00,347,9,340,8,355,14,45,84,71,20,10324,41,50,57,64,69
20150202 23:01,346,8,340,8,337,10,45,85,72,22,10324,41,50,57,64,69
20150202 23:02,335,9,339,9,333,16,45,85,72,22,10324,41,50,57,64,69
20150202 23:03,331,10,339,9,329,12,45,85,72,22,10324,41,50,57,64,69
20150202 23:04,316,6,336,8,303,5,45,85,72,22,10324,41,50,57,64,69
20150202 23:05,302,3,332,7,301,4,45,85,72,22,10324,41,50,57,64,69
20150202 23:06,306,3,331,7,312,4,45,85,72,22,10324,41,50,57,64,69
20150202 23:07,311,1,327,6,310,4,45,85,72,22,10324,41,50,57,64,69
20150202 23:08,319,1,325,5,329,4,45,85,72,22,10324,41,50,57,64,68
20150202 23:09,337,4,325,5,345,8,45,85,72,22,10323,41,50,57,64,68
20150202 23:10,343,5,324,5,341,8,45,85,72,22,10323,41,50,57,64,68
20150202 23:11,335,2,323,4,329,1,45,85,72,22,10323,41,50,57,64,68
20150202 23:12,344,1,326,3,358,8,45,85,72,22,10322,41,50,57,64,68
20150202 23:13,352,3,327,3,346,6,45,85,72,22,10322,41,50,57,64,68
20150202 23:14,348,5,332,3,350,8,45,85,72,22,10322,41,50,57,64,68
20150202 23:15,353,6,338,3,356,7,45,85,72,22,10322,41,50,57,64,68
20150202 23:16,353,4,342,3,351,4,45,85,72,22,10322,41,50,57,64,68
20150202 23:17,348,4,345,4,346,8,45,85,72,22,10322,41,50,57,64,68
20150202 23:18,341,6,346,4,336,11,45,85,72,22,10323,41,50,57,64,68
20150202 23:19,330,8,344,5,324,10,45,85,72,22,10323,41,50,57,64,68
20150202 23:20,316,9,341,5,309,15,45,85,72,22,10323,40,50,57,64,68
20150202 23:21,303,10,338,6,298,15,44,85,71,21,10323,40,50,57,64,68
20150202 23:22,299,10,332,7,300,14,44,86,72,23,10323,40,50,57,64,68
20150202 23:23,302,9,327,7,304,9,44,86,72,23,10323,40,50,57,64,68
20150202 23:24,314,7,325,7,324,12,44,86,72,23,10323,40,50,57,64,68
20150202 23:25,317,6,320,7,311,7,44,86,72,23,10323,40,50,57,64,68
20150202 23:26,323,5,319,8,334,7,44,86,72,23,10322,40,50,57,64,68
20150202 23:27,345,5,319,7,356,7,44,86,72,23,10322,40,50,57,64,68
20150202 23:28,340,5,318,7,323,12,44,85,71,21,10322,40,50,57,64,68
20150202 23:29,350,6,323,7,17,11,44,85,71,21,10322,40,50,57,64,68
20150202 23:30,6,5,328,6,356,5,44,85,71,21,10322,40,50,57,64,68
20150202 23:31,353,6,333,6,351,10,44,85,71,21,10322,40,50,57,64,68
20150202 23:32,353,7,339,6,354,7,44,85,71,21,10321,40,50,57,64,68
20150202 23:33,2,6,346,6,10,9,44,84,70,19,10320,40,50,57,64,68
20150202 23:34,14,6,351,6,19,9,44,84,70,19,10320,40,50,57,64,68
20150202 23:35,14,6,357,6,10,9,44,84,70,19,10320,40,50,57,64,68
20150202 23:36,351,4,357,5,331,4,44,84,70,19,10321,40,50,57,64,68
20150202 23:37,327,4,354,6,323,7,44,84,70,19,10321,40,50,57,64,68
20150202 23:38,323,6,354,6,323,10,44,84,70,19,10322,40,50,57,64,68
20150202 23:39,328,8,349,6,333,10,44,85,71,21,10322,40,50,57,64,68
20150202 23:40,333,8,347,7,333,11,44,85,71,21,10322,40,50,57,64,68
20150202 23:41,333,7,345,6,333,9,44,85,71,21,10322,40,50,57,64,68
20150202 23:42,332,7,342,7,330,11,44,85,71,21,10322,40,50,57,64,68
20150202 23:43,332,8,338,7,333,12,44,85,71,21,10321,40,50,57,64,68
20150202 23:44,330,8,333,7,328,9,44,85,71,21,10322,40,50,57,64,68
20150202 23:45,324,8,329,7,320,10,44,85,71,21,10321,40,50,57,64,68
20150202 23:46,324,9,328,8,327,13,44,85,71,21,10321,40,50,57,64,68
20150202 23:47,332,9,330,8,337,12,44,85,71,21,10321,40,50,57,64,68
20150202 23:48,337,7,331,8,337,10,44,85,71,21,10322,40,50,57,64,68
20150202 23:49,341,6,332,8,346,8,44,85,71,21,10322,40,50,57,64,68
20150202 23:50,341,7,333,8,336,9,44,85,71,21,10321,40,50,57,64,68
20150202 23:51,338,8,334,8,341,11,44,85,71,21,10321,40,50,57,64,68
20150202 23:52,343,9,335,8,344,10,44,85,71,21,10320,40,50,57,64,68
20150202 23:53,347,8,337,8,350,11,44,85,71,21,10320,40,50,57,64,68
20150202 23:54,341,5,337,7,331,6,44,85,71,21,10320,39,50,57,64,68
20150202 23:55,327,6,337,7,323,13,44,85,71,21,10320,40,50,57,64,68
20150202 23:56,325,9,337,7,327,11,44,85,71,21,10321,39,50,57,64,68
20150202 23:57,321,9,335,7,315,10,44,85,71,21,10321,39,50,57,64,68
20150202 23:58,323,9,334,8,330,12,44,85,71,21,10320,39,50,57,64,68
20150202 23:59,334,8,334,8,338,13,44,85,71,21,10320,39,50,57,64,68
20150202 00:00,337,9,334,8,337,12,44,85,71,21,10320,39,50,57,64,68
20150202 00:01,341,9,334,8,345,10,44,85,71,21,10320,39,50,57,64,68
20150202 00:02,334,8,332,8,323,10,44,85,71,21,10319,39,50,57,64,68
20150202 00:03,350,4,334,7,18,5,44,85,71,21,10318,39,50,57,64,68
20150202 00:04,20,4,339,8,21,8,44,85,71,21,10318,40,50,57,64,68
20150202 00:05,15,7,344,8,9,9,44,85,71,21,10318,40,50,57,64,68
20150202 00:06,10,8,349,8,11,10,44,85,71,21,10318,40,50,56,64,68
20150202 00:07,4,6,353,7,357,7,44,84,70,19,10318,40,50,56,64,68
20150202 00:08,352,6,355,7,348,9,44,84,70,19,10318,40,50,56,64,68
20150202 00:09,348,4,356,6,349,5,44,84,70,19,10318,40,50,56,64,68
20150202 00:10,355,4,358,6,0,11,44,84,70,19,10318,40,50,56,64,68
20150202 00:11,356,7,359,6,351,13,44,85,71,21,10319,40,50,56,64,68
20150202 00:12,355,10,2,7,0,15,44,85,71,21,10319,39,49,56,64,68
20150202 00:13,350,10,359,7,341,14,44,84,70,19,10319,39,49,56,64,68
20150202 00:14,339,9,354,7,337,17,44,84,70,19,10319,39,50,56,64,68
20150202 00:15,337,13,351,8,338,18,45,84,71,20,10319,39,49,56,64,68
20150202 00:16,337,13,348,8,335,14,45,84,71,20,10320,39,49,56,64,68
20150202 00:17,337,11,346,9,338,19,45,84,71,20,10320,39,49,56,64,68
20150202 00:18,327,10,342,9,315,14,45,84,71,20,10319,39,49,56,64,68
20150202 00:19,330,5,342,9,345,6,45,84,71,20,10319,39,49,56,64,68
20150202 00:20,340,5,340,9,335,7,45,84,71,20,10319,39,49,56,64,68
20150202 00:21,345,5,340,9,355,7,45,84,71,20,10319,39,49,56,64,68
20150202 00:22,350,4,338,8,344,5,45,84,71,20,10319,39,49,56,63,68
20150202 00:23,340,6,338,8,336,12,45,84,71,20,10319,39,49,56,63,68
20150202 00:24,339,9,338,8,343,10,45,84,71,20,10320,39,49,56,63,68
20150202 00:25,341,8,339,7,339,9,45,84,71,20,10320,39,49,56,63,68
20150202 00:26,322,7,336,7,305,7,45,84,71,20,10321,39,49,56,63,68
20150202 00:27,308,8,333,7,312,15,45,84,71,20,10321,39,49,56,63,68
20150202 00:28,319,10,334,7,327,11,45,84,71,20,10321,39,49,56,63,68
20150202 00:29,326,9,332,7,324,13,45,84,71,20,10320,39,49,56,63,68
20150202 00:30,328,10,332,8,332,14,45,84,71,20,10320,39,49,56,63,68
20150202 00:31,332,10,330,8,333,15,45,84,71,20,10321,39,49,56,63,68
20150202 00:32,326,12,327,10,319,18,44,84,70,19,10321,39,49,56,63,68
20150202 00:33,325,14,327,10,332,18,44,84,70,19,10321,39,49,56,63,68
20150202 00:34,317,10,323,10,303,10,44,84,70,19,10321,39,49,56,63,68
20150202 00:35,312,6,321,10,322,8,44,84,70,19,10322,39,49,56,63,68
20150202 00:36,319,6,322,10,315,7,44,84,70,19,10322,38,49,56,63,68
20150202 00:37,313,5,322,9,311,8,44,84,70,19,10322,38,49,56,63,68
20150202 00:38,323,4,323,8,336,6,44,85,71,21,10321,39,49,56,63,68
20150202 00:39,339,4,325,8,343,7,44,85,71,21,10321,39,49,56,63,68
20150202 00:40,336,6,324,8,330,11,44,85,71,21,10322,39,49,56,63,68
20150202 00:41,320,9,322,8,311,13,44,85,71,21,10322,39,49,56,63,68
20150202 00:42,306,9,320,7,302,10,44,85,71,21,10322,39,49,56,63,68
20150202 00:43,302,10,317,7,302,13,44,85,71,21,10322,39,49,56,63,68
20150202 00:44,305,11,318,7,307,14,44,85,71,21,10322,39,49,56,63,68
20150202 00:45,315,9,318,7,323,11,44,86,72,23,10321,39,49,56,63,68
20150202 00:46,322,8,318,8,320,12,44,86,72,23,10321,39,49,56,63,68
20150202 00:47,318,8,319,8,315,10,44,86,72,23,10321,39,49,56,63,68
20150202 00:48,318,8,317,8,321,11,44,87,73,24,10322,39,49,56,63,68
20150202 00:49,309,9,313,9,297,11,44,87,73,24,10321,39,49,56,63,68
20150202 00:50,298,7,310,9,299,11,44,87,73,24,10321,39,49,56,63,68
20150202 00:51,305,4,310,8,311,6,43,87,72,23,10320,39,49,56,63,68
20150202 00:52,326,1,313,7,340,2,43,87,72,23,10320,39,49,56,63,68
20150202 00:53,341,0,318,6,343,2,43,87,72,23,10320,39,49,56,63,68
20150202 00:54,315,2,316,5,286,6,43,87,72,23,10321,39,49,56,63,68
20150202 00:55,290,6,312,5,293,13,43,87,72,23,10321,39,49,56,63,68
20150202 00:56,295,9,310,5,296,11,43,87,72,23,10321,39,49,56,63,68
20150202 00:57,308,8,310,5,319,10,43,87,72,23,10321,39,49,56,63,68
20150202 00:58,318,6,310,5,317,7,43,87,72,23,10321,39,49,56,63,68
20150202 00:59,314,7,311,5,311,10,43,87,72,23,10322,39,49,56,63,68
20150202 01:00,309,9,312,5,307,13,43,88,73,25,10322,39,49,56,63,68
20150202 01:01,311,11,313,6,314,13,43,88,73,25,10322,39,49,56,63,68
20150202 01:02,325,10,312,7,336,13,43,88,73,25,10322,39,49,56,63,68
20150202 01:03,336,9,311,8,336,11,43,88,73,25,10322,39,49,56,63,68
20150202 01:04,340,8,317,9,345,9,43,88,73,25,10322,39,49,56,63,68
20150202 01:05,341,7,322,8,337,11,43,88,73,25,10322,39,49,56,63,68
20150202 01:06,339,6,326,8,340,10,43,88,73,25,10322,39,49,56,63,68
20150202 01:07,334,8,327,8,328,17,43,88,73,25,10322,39,49,56,63,68
20150202 01:08,336,12,330,9,343,16,43,87,72,23,10322,39,49,56,63,67
20150202 01:09,332,11,331,9,321,12,43,87,72,23,10322,39,49,56,63,67
20150202 01:10,323,7,333,9,325,10,43,87,72,23,10322,39,49,56,63,67
20150202 01:11,329,5,335,8,334,8,43,87,72,23,10322,39,49,56,63,67
20150202 01:12,337,7,335,8,340,14,43,87,72,23,10322,39,49,56,63,67
20150202 01:13,332,8,334,8,325,10,43,87,72,23,10321,39,49,56,63,67
20150202 01:14,327,10,332,8,330,17,43,87,72,23,10321,39,49,56,63,68
20150202 01:15,335,11,333,9,340,13,43,86,71,22,10321,39,49,56,63,67
20150202 01:16,345,10,334,9,350,11,43,86,71,22,10321,39,49,56,63,67
20150202 01:17,346,8,335,9,343,12,43,86,71,22,10321,39,49,56,63,67
20150202 01:18,340,10,334,8,336,15,43,86,71,22,10321,38,49,56,63,67
20150202 01:19,338,12,336,9,339,14,43,86,71,22,10321,39,49,56,63,67
20150202 01:20,329,11,336,9,319,12,43,86,71,22,10321,39,49,56,63,67
20150202 01:21,321,10,335,10,323,12,43,86,71,22,10321,39,49,56,63,67
20150202 01:22,306,8,330,9,289,8,43,86,71,22,10321,39,49,56,63,67
20150202 01:23,294,6,327,9,298,8,43,86,71,22,10321,39,49,56,63,67
20150202 01:24,293,7,323,9,288,9,43,86,71,22,10321,39,49,56,63,67
20150202 01:25,288,8,317,9,289,10,43,86,71,22,10321,39,49,56,63,67
20150202 01:26,293,8,312,9,297,9,43,86,71,22,10321,39,49,56,63,67
20150202 01:27,295,7,307,8,293,8,43,86,71,22,10321,39,49,56,63,67
20150202 01:28,298,6,304,8,303,7,43,86,71,22,10321,39,49,56,63,67
20150202 01:29,307,5,301,7,311,6,43,86,71,22,10320,39,49,55,63,67
20150202 01:30,316,4,301,6,321,4,43,86,71,22,10320,39,49,55,63,67
20150202 01:31,317,3,300,6,314,5,43,87,72,23,10321,39,49,55,63,67
20150202 01:32,296,4,299,6,278,6,43,87,72,23,10321,39,49,55,63,67
20150202 01:33,275,5,297,6,273,7,43,87,72,23,10321,39,49,55,63,67
20150202 01:34,274,6,295,6,274,7,43,88,73,25,10320,39,49,55,63,67
20150202 01:35,272,7,293,5,269,8,43,88,73,25,10320,39,48,55,63,67
20150202 01:36,270,7,290,5,270,8,43,89,74,26,10320,39,48,55,63,67
20150202 01:37,273,7,289,5,276,9,43,89,74,26,10321,39,49,55,63,67
20150202 01:38,277,8,286,6,278,9,43,89,74,26,10321,39,48,55,63,67
20150202 01:39,278,8,283,6,278,10,43,90,75,28,10322,39,48,55,63,67
20150202 01:40,280,9,279,7,282,12,42,90,74,27,10322,39,48,55,63,67
20150202 01:41,283,11,276,8,284,13,42,90,74,27,10322,39,48,55,63,67
20150202 01:42,281,11,276,8,278,13,42,91,75,29,10322,39,48,55,63,67
20150202 01:43,280,11,277,9,282,13,42,91,75,29,10322,39,48,55,63,67
20150202 01:44,282,11,278,9,282,14,42,91,75,29,10322,39,49,55,63,67
20150202 01:45,287,9,280,9,293,11,42,92,76,30,10322,39,48,55,63,67
20150202 01:46,289,7,282,9,285,10,42,92,76,30,10322,39,48,55,63,67
20150202 01:47,286,7,283,9,288,9,42,92,76,30,10322,39,48,55,63,67
20150202 01:48,287,9,284,10,287,14,42,92,76,30,10322,39,48,55,63,67
20150202 01:49,285,9,284,10,283,10,42,92,76,30,10322,39,48,55,63,67
20150202 01:50,281,8,284,9,278,12,42,92,76,30,10322,39,48,55,63,67
20150202 01:51,283,8,284,9,287,12,42,92,76,30,10322,39,48,55,63,67
20150202 01:52,288,9,285,9,288,13,42,93,77,32,10322,39,48,55,63,67
20150202 01:53,285,10,285,9,281,13,42,93,77,32,10322,39,48,55,63,67
20150202 01:54,283,10,286,9,285,12,42,93,77,32,10322,39,48,55,63,67
20150202 01:55,283,9,284,9,282,12,42,93,77,32,10322,39,48,55,63,67
20150202 01:56,282,7,284,9,282,8,42,93,77,32,10321,39,48,55,63,67
20150202 01:57,281,7,283,9,280,10,42,93,77,32,10321,39,48,55,62,67
20150202 01:58,278,6,282,8,275,7,42,93,77,32,10321,39,48,55,62,67
20150202 01:59,275,6,281,8,275,8,42,93,77,32,10321,39,48,55,63,67
20150202 02:00,277,7,281,8,279,9,42,93,77,32,10321,39,48,55,63,67
20150202 02:01,276,8,280,8,274,9,42,93,77,32,10321,39,48,55,62,67
20150202 02:02,272,8,278,8,270,11,42,93,77,32,10322,39,48,55,62,67
20150202 02:03,274,10,278,8,278,14,42,93,77,32,10322,39,48,55,62,67
20150202 02:04,280,12,278,8,283,14,42,94,77,33,10322,39,48,55,62,67
20150202 02:05,280,11,277,9,278,13,41,94,77,32,10322,39,48,55,62,67
20150202 02:06,277,10,277,9,276,12,41,94,77,32,10322,39,48,55,62,67
20150202 02:07,276,10,277,9,277,12,41,94,77,32,10322,39,48,55,62,67
20150202 02:08,277,9,277,9,277,10,41,94,77,32,10321,39,48,55,62,67
20150202 02:09,278,7,277,9,280,8,41,94,77,32,10321,39,48,55,62,67
20150202 02:10,286,7,279,9,293,11,41,94,77,32,10321,39,48,55,62,67
20150202 02:11,286,7,279,9,279,10,41,94,77,32,10321,39,48,55,62,67
20150202 02:12,286,7,281,9,293,8,41,94,77,32,10320,39,48,55,62,67
20150202 02:13,294,5,283,8,295,5,41,94,77,32,10319,39,48,55,62,67
20150202 02:14,300,4,285,7,306,8,41,94,77,32,10319,39,48,55,62,67
20150202 02:15,297,5,286,7,288,7,41,94,77,32,10319,39,48,55,62,67
20150202 02:16,290,5,288,6,292,8,41,94,77,32,10320,39,48,55,62,67
20150202 02:17,292,7,289,6,292,9,41,94,77,32,10320,39,48,55,62,67
20150202 02:18,293,6,291,6,293,8,41,94,77,32,10320,39,48,55,62,67
20150202 02:19,294,4,293,6,295,8,41,94,77,32,10320,39,48,55,62,67
20150202 02:20,291,5,292,5,288,11,41,94,77,32,10319,39,48,55,62,67
20150202 02:21,286,6,293,5,284,10,41,94,77,32,10319,39,48,55,62,67
20150202 02:22,284,8,292,6,285,11,41,94,77,32,10319,39,48,55,62,67
20150202 02:23,282,8,290,6,279,11,41,94,77,32,10319,39,48,55,62,67
20150202 02:24,278,7,287,6,277,9,41,94,77,32,10319,39,48,55,62,67
20150202 02:25,279,8,287,7,280,13,41,94,77,32,10319,39,48,55,62,67
20150202 02:26,280,8,285,7,281,10,41,94,77,32,10319,39,48,55,62,67
20150202 02:27,279,8,284,7,277,13,41,94,77,32,10319,39,48,55,62,67
20150202 02:28,277,10,282,8,278,13,41,95,78,34,10319,39,48,55,62,67
20150202 02:29,283,10,282,8,288,13,41,95,78,34,10319,39,48,55,62,67
20150202 02:30,295,11,283,9,302,15,41,95,78,34,10319,39,48,55,62,67
20150202 02:31,300,11,285,9,299,11,41,95,78,34,10319,39,48,55,62,67
20150202 02:32,301,11,286,9,302,15,41,95,78,34,10318,39,48,55,62,67
20150202 02:33,306,11,289,10,310,11,41,95,78,34,10318,39,48,55,62,67
20150202 02:34,314,7,294,9,319,7,41,95,78,34,10317,39,48,55,62,67
20150202 02:35,317,5,297,9,315,6,41,95,78,34,10317,39,48,55,62,67
20150202 02:36,315,5,300,9,314,9,41,95,78,34,10317,39,48,55,62,67
20150202 02:37,299,5,301,8,283,9,41,95,78,34,10317,39,48,55,62,67
20150202 02:38,291,6,303,8,299,10,41,95,78,34,10317,39,48,55,62,67
20150202 02:39,295,6,303,8,290,9,41,95,78,34,10317,39,48,55,62,67
20150202 02:40,292,8,303,7,294,11,41,95,78,34,10318,39,48,55,62,67
20150202 02:41,292,9,302,7,290,12,41,95,78,34,10317,39,48,55,62,67
20150202 02:42,297,8,302,7,304,11,41,95,78,34,10317,39,48,55,62,67
20150202 02:43,310,8,302,7,315,10,41,95,78,34,10317,39,48,55,62,67
20150202 02:44,304,6,300,7,294,6,41,95,78,34,10317,40,48,55,62,67
20150202 02:45,301,5,299,7,307,6,41,95,78,34,10317,40,48,55,62,67
20150202 02:46,302,6,297,7,298,12,41,95,78,34,10317,40,48,55,62,67
20150202 02:47,299,9,299,7,300,14,41,95,78,34,10317,40,48,55,62,67
20150202 02:48,297,10,298,8,293,14,41,95,78,34,10317,40,48,55,62,67
20150202 02:49,292,8,299,8,292,9,41,95,78,34,10316,39,48,55,62,67
20150202 02:50,293,7,299,7,295,11,41,95,78,34,10316,40,48,55,62,67
20150202 02:51,294,10,299,8,293,19,41,95,78,34,10317,40,48,55,62,67
20150202 02:52,302,12,300,8,311,18,41,95,78,34,10316,40,48,55,62,67
20150202 02:53,309,10,299,8,308,11,41,95,78,34,10316,40,48,55,62,67
20150202 02:54,302,9,299,9,297,13,41,95,78,34,10317,40,48,55,62,67
20150202 02:55,294,9,298,9,292,15,41,95,78,34,10317,39,48,55,62,67
20150202 02:56,292,10,297,9,291,14,41,95,78,34,10317,40,48,55,62,67
20150202 02:57,293,11,297,10,294,16,41,95,78,34,10317,39,48,55,62,67
20150202 02:58,293,11,297,10,293,15,41,95,78,34,10317,39,48,55,62,67
20150202 02:59,295,9,297,10,298,11,41,95,78,34,10317,40,48,55,62,67
20150202 03:00,299,9,298,10,300,13,41,95,78,34,10317,40,48,55,62,67
20150202 03:01,301,11,299,10,302,16,41,95,78,34,10317,40,48,55,62,67
20150202 03:02,297,11,297,10,293,13,41,95,78,34,10317,40,48,55,62,67
20150202 03:03,296,12,296,11,298,17,41,94,77,32,10316,40,48,55,62,67
20150202 03:04,294,12,295,11,290,14,41,94,77,32,10316,40,48,55,62,67
20150202 03:05,301,11,297,11,312,17,41,94,77,32,10316,40,48,55,62,67
20150202 03:06,306,13,298,11,299,18,41,94,77,32,10316,40,48,55,62,67
20150202 03:07,310,13,301,11,321,13,41,94,77,32,10316,40,48,55,62,67
20150202 03:08,327,8,305,11,334,12,41,94,77,32,10315,40,48,55,62,67
20150202 03:09,320,6,305,11,307,11,41,94,77,32,10315,40,48,55,62,67
20150202 03:10,309,8,307,11,312,15,41,94,77,32,10315,40,48,55,62,67
20150202 03:11,312,10,308,10,312,16,41,94,77,32,10315,40,48,55,62,67
20150202 03:12,311,10,309,10,309,14,41,94,77,32,10315,40,48,55,62,67
20150202 03:13,311,10,311,10,313,16,41,94,77,32,10315,40,48,55,62,67
20150202 03:14,312,9,313,10,311,11,41,94,77,32,10315,40,48,55,62,67
20150202 03:15,313,8,313,10,315,11,41,94,77,32,10315,40,48,55,62,67
20150202 03:16,315,10,315,9,315,17,41,94,77,32,10315,40,48,55,62,67
20150202 03:17,310,12,313,10,305,16,41,94,77,32,10315,40,48,55,62,67
20150202 03:18,307,9,311,10,309,9,41,94,77,32,10315,40,48,55,62,67
20150202 03:19,303,9,310,10,297,15,41,94,77,32,10315,40,48,55,62,67
20150202 03:20,297,13,308,11,297,17,41,94,77,32,10315,40,48,54,62,67
20150202 03:21,300,14,307,11,302,18,41,94,77,32,10315,40,48,55,62,67
20150202 03:22,306,14,307,11,309,17,41,94,77,32,10315,40,48,55,62,67
20150202 03:23,310,14,307,11,310,17,41,94,77,32,10315,40,48,55,62,67
20150202 03:24,306,13,306,12,303,13,41,94,77,32,10315,40,48,55,62,67
20150202 03:25,304,12,305,12,305,17,41,94,77,32,10315,40,48,55,62,67
20150202 03:26,303,13,304,12,301,16,41,94,77,32,10315,40,48,54,62,67
20150202 03:27,302,14,304,13,303,19,42,94,77,33,10315,40,48,55,62,67
20150202 03:28,307,13,304,13,310,18,41,94,77,32,10315,40,48,55,62,67
20150202 03:29,303,12,304,13,296,16,41,94,77,32,10315,40,48,54,62,67
20150202 03:30,301,13,304,13,305,17,42,94,77,33,10315,40,48,54,62,67
20150202 03:31,310,14,306,13,315,16,41,94,77,32,10314,40,48,54,62,67
20150202 03:32,310,12,305,13,305,16,42,94,77,33,10314,40,48,54,62,67
20150202 03:33,308,12,305,13,312,14,42,94,77,33,10314,39,48,54,62,67
20150202 03:34,312,11,307,13,313,12,42,94,77,33,10314,40,48,54,62,66
20150202 03:35,327,10,310,12,341,13,42,94,77,33,10313,40,48,54,62,67
20150202 03:36,334,9,313,12,327,11,42,94,77,33,10313,40,48,54,62,67
20150202 03:37,317,7,313,11,308,9,42,94,77,33,10313,40,48,54,62,67
20150202 03:38,312,9,314,11,315,14,42,94,77,33,10313,40,48,54,62,66
20150202 03:39,308,11,314,11,301,14,42,94,77,33,10313,40,48,54,62,66
20150202 03:40,308,10,315,10,316,12,42,94,77,33,10313,40,48,54,62,66
20150202 03:41,308,8,314,9,301,7,42,94,77,33,10313,40,48,54,62,66
20150202 03:42,302,6,314,9,303,14,41,94,77,32,10313,40,48,54,62,66
20150202 03:43,304,10,313,9,306,15,41,94,77,32,10314,40,48,54,62,66
20150202 03:44,303,13,312,9,301,17,41,94,77,32,10314,40,48,54,62,66
20150202 03:45,303,13,308,10,305,17,41,94,77,32,10313,39,48,54,62,66
20150202 03:46,312,12,307,10,318,14,41,94,77,32,10313,39,48,54,62,66
20150202 03:47,321,10,309,10,325,11,41,94,77,32,10313,39,48,54,62,66
20150202 03:48,322,9,309,10,318,10,41,94,77,32,10313,39,48,54,62,66
20150202 03:49,323,7,312,9,329,6,41,94,77,32,10313,39,48,54,62,66
20150202 03:50,325,6,313,9,321,12,41,94,77,32,10313,39,48,54,62,66
20150202 03:51,323,9,315,10,325,15,41,94,77,32,10313,39,48,54,62,66
20150202 03:52,322,10,317,10,319,11,41,94,77,32,10313,39,48,54,62,66
20150202 03:53,318,9,318,9,317,11,41,94,77,32,10313,39,48,54,62,66
20150202 03:54,313,8,319,9,308,9,41,94,77,32,10313,39,48,54,62,66
20150202 03:55,307,6,319,8,306,7,41,94,77,32,10313,39,48,54,62,66
20150202 03:56,308,7,318,8,310,10,41,94,77,32,10313,39,48,54,62,66
20150202 03:57,309,8,316,8,308,10,41,94,77,32,10313,39,48,54,62,66
20150202 03:58,308,8,315,8,308,10,41,94,77,32,10313,39,48,54,62,66
20150202 03:59,312,8,314,8,315,9,41,94,77,32,10313,39,48,54,62,66
20150202 04:00,320,7,314,8,324,10,41,94,77,32,10312,39,48,54,62,66
20150202 04:01,323,9,314,8,321,15,41,94,77,32,10312,39,48,54,61,66
20150202 04:02,327,9,315,8,332,12,41,94,77,32,10312,39,48,54,62,66
20150202 04:03,329,9,316,8,327,10,41,94,77,32,10312,39,48,54,61,66
20150202 04:04,326,9,318,8,326,11,41,94,77,32,10312,39,48,54,62,66
20150202 04:05,318,11,318,9,310,15,41,94,77,32,10312,39,48,54,61,66
20150202 04:06,314,11,319,9,318,14,41,94,77,32,10312,39,48,54,61,66
20150202 04:07,319,8,320,9,319,10,41,94,77,32,10312,39,48,54,61,66
20150202 04:08,318,8,321,9,318,14,41,94,77,32,10312,39,48,54,61,66
20150202 04:09,319,11,321,10,319,13,41,94,77,32,10312,39,48,54,61,66
20150202 04:10,319,12,321,10,318,15,42,94,77,33,10312,39,48,54,61,66
20150202 04:11,312,11,319,10,306,13,42,94,77,33,10312,39,48,54,61,66
20150202 04:12,315,11,318,10,322,15,42,94,77,33,10313,39,48,54,61,66
20150202 04:13,320,13,317,11,317,18,42,94,77,33,10313,39,48,54,61,66
20150202 04:14,314,13,316,11,310,16,42,94,77,33,10313,39,48,54,61,66
20150202 04:15,312,12,316,11,314,14,42,94,77,33,10313,39,48,54,61,66
20150202 04:16,314,12,316,11,314,13,42,94,77,33,10313,39,48,54,61,66
20150202 04:17,310,10,314,12,306,13,42,94,77,33,10313,39,48,54,61,66
20150202 04:18,315,8,315,11,324,9,42,94,77,33,10313,39,48,54,61,66
20150202 04:19,322,9,315,11,320,16,42,94,77,33,10313,39,48,54,61,66
20150202 04:20,332,10,318,11,344,12,42,94,77,33,10312,39,48,54,61,66
20150202 04:21,334,7,319,10,323,7,42,94,77,33,10312,39,48,54,61,66
20150202 04:22,330,3,321,9,336,6,42,94,77,33,10311,40,48,54,61,66
20150202 04:23,331,5,322,9,327,9,42,94,77,33,10311,40,48,54,61,66
20150202 04:24,328,6,324,8,328,10,42,94,77,33,10311,40,48,54,61,66
20150202 04:25,315,4,322,7,301,5,42,94,77,33,10310,40,48,54,61,66
20150202 04:26,300,2,321,6,299,5,42,94,77,33,10310,40,48,54,61,66
20150202 04:27,296,3,320,6,294,6,42,94,77,33,10310,39,48,54,61,66
20150202 04:28,300,4,318,5,305,4,42,94,77,33,10310,40,48,54,61,66
20150202 04:29,313,4,318,4,320,6,42,94,77,33,10311,40,48,54,61,66
20150202 04:30,319,5,315,4,318,9,42,94,77,33,10311,40,48,54,61,66
20150202 04:31,323,6,316,4,327,9,42,94,77,33,10311,40,48,54,61,66
20150202 04:32,313,5,312,4,300,5,42,94,77,33,10311,40,48,54,61,66
20150202 04:33,305,5,310,4,311,8,42,94,77,33,10311,40,48,54,61,66
20150202 04:34,311,9,309,5,311,14,42,94,77,33,10311,40,48,54,61,66
20150202 04:35,314,10,310,6,317,13,42,94,77,33,10311,40,48,54,61,66
20150202 04:36,316,9,312,6,315,11,42,94,77,33,10311,40,48,54,61,66
20150202 04:37,315,9,314,7,315,11,42,94,77,33,10311,40,48,54,61,66
20150202 04:38,314,9,315,7,313,16,42,94,77,33,10312,40,48,54,61,66
20150202 04:39,314,9,314,8,315,13,42,94,77,33,10312,40,48,54,61,66
20150202 04:40,312,9,313,8,309,12,42,94,77,33,10312,40,48,54,61,66
20150202 04:41,310,9,312,8,311,15,42,94,77,33,10312,40,48,54,61,66
20150202 04:42,301,11,311,9,292,14,42,94,77,33,10312,40,48,54,61,66
20150202 04:43,290,12,309,10,288,15,42,94,77,33,10313,40,48,54,61,66
20150202 04:44,284,11,306,10,281,12,42,94,77,33,10313,40,48,54,61,66
20150202 04:45,286,10,303,10,291,12,42,94,77,33,10313,40,48,54,61,66
20150202 04:46,290,10,300,10,289,12,42,94,77,33,10313,40,48,54,61,66
20150202 04:47,288,10,298,10,287,16,42,94,77,33,10313,40,48,54,61,66
20150202 04:48,292,10,296,10,297,16,42,94,77,33,10313,40,48,54,61,66
20150202 04:49,296,9,294,10,295,14,42,94,77,33,10313,40,48,54,61,66
20150202 04:50,298,10,293,11,302,14,42,94,77,33,10314,40,48,54,61,66
20150202 04:51,298,12,292,11,294,17,42,94,77,33,10314,40,48,54,61,66
20150202 04:52,295,12,292,11,297,16,42,94,77,33,10314,40,48,54,61,66
20150202 04:53,297,11,293,11,297,14,42,94,77,33,10314,40,48,54,61,66
20150202 04:54,298,12,295,11,299,16,42,94,77,33,10314,40,48,54,61,66
20150202 04:55,296,13,295,11,293,15,42,94,77,33,10314,40,48,54,61,66
20150202 04:56,297,13,296,12,301,19,42,94,77,33,10314,40,48,54,61,66
20150202 04:57,302,13,298,12,304,16,42,94,77,33,10313,40,48,54,61,66
20150202 04:58,298,11,297,12,291,13,42,94,77,33,10313,40,48,54,61,66
20150202 04:59,299,9,298,12,306,11,42,94,77,33,10313,40,48,54,61,66
20150202 05:00,309,9,299,12,313,13,42,94,77,33,10313,40,48,54,61,66
20150202 05:01,316,6,302,11,319,7,42,94,77,33,10313,40,48,54,61,66
20150202 05:02,332,1,307,9,345,2,42,94,77,33,10313,40,48,54,61,66
20150202 05:03,340,2,310,9,335,7,42,94,77,33,10313,40,48,54,61,66
20150202 05:04,335,7,314,8,334,17,42,94,77,33,10313,40,48,54,61,66
20150202 05:05,328,11,317,8,322,17,42,94,77,33,10313,40,48,54,61,66
20150202 05:06,320,14,319,9,318,17,42,94,77,33,10313,40,48,54,61,66
20150202 05:07,316,13,320,9,314,18,42,94,77,33,10313,40,48,54,61,66
20150202 05:08,311,14,321,9,309,18,42,94,77,33,10313,40,48,54,61,66
20150202 05:09,305,13,321,9,301,13,42,94,77,33,10313,40,48,54,61,66
20150202 05:10,308,10,321,9,314,12,42,94,77,33,10313,40,48,54,61,66
20150202 05:11,317,10,321,10,320,13,42,94,77,33,10313,40,48,54,61,66
20150202 05:12,321,9,319,11,322,12,42,94,77,33,10312,40,48,54,61,66
20150202 05:13,318,8,317,11,314,11,42,94,77,33,10312,40,48,54,61,66
20150202 05:14,318,8,316,11,322,14,42,94,77,33,10312,40,48,54,61,66
20150202 05:15,318,10,315,11,314,16,42,94,77,33,10313,40,48,54,61,66
20150202 05:16,317,10,315,10,320,13,42,93,77,32,10313,40,48,54,61,66
20150202 05:17,316,9,315,10,312,15,42,93,77,32,10313,40,48,54,61,66
20150202 05:18,312,10,315,10,311,12,42,93,77,32,10313,40,48,54,61,66
20150202 05:19,317,10,317,9,324,14,42,93,77,32,10313,40,48,54,61,66
20150202 05:20,325,10,319,9,327,11,42,93,77,32,10313,40,48,54,61,66
20150202 05:21,325,9,319,9,324,11,42,93,77,32,10313,40,48,54,61,66
20150202 05:22,323,8,319,9,321,11,42,93,77,32,10313,40,48,54,61,66
20150202 05:23,322,8,320,9,324,9,42,93,77,32,10314,40,48,54,61,66
20150202 05:24,321,7,320,9,319,11,42,93,77,32,10314,40,48,54,61,66
20150202 05:25,325,8,321,9,331,15,42,93,77,32,10313,40,48,54,61,66
20150202 05:26,330,11,322,9,329,17,42,93,77,32,10313,40,48,54,61,66
20150202 05:27,331,13,324,10,334,16,42,93,77,32,10313,40,48,54,61,66
20150202 05:28,330,13,326,10,326,16,42,93,77,32,10313,40,48,54,61,66
20150202 05:29,325,11,326,10,325,13,42,93,77,32,10313,40,48,54,61,66
20150202 05:30,331,9,327,10,337,12,42,93,77,32,10313,40,48,54,61,66
20150202 05:31,333,9,328,10,330,12,42,93,77,32,10313,40,48,54,61,66
20150202 05:32,325,11,327,10,319,15,42,93,77,32,10314,40,48,54,61,66
20150202 05:33,321,12,327,11,322,17,42,93,77,32,10314,40,48,54,61,66
20150202 05:34,326,14,328,12,330,18,42,93,77,32,10314,40,48,54,61,66
20150202 05:35,329,12,328,12,328,14,43,93,77,33,10315,40,48,54,61,66
20150202 05:36,330,11,328,12,333,16,43,93,77,33,10315,40,48,54,61,66
20150202 05:37,336,12,329,11,338,14,43,93,77,33,10315,40,48,54,61,66
20150202 05:38,329,9,328,11,320,13,43,93,77,33,10315,40,48,54,61,66
20150202 05:39,320,6,328,10,319,9,43,93,77,33,10315,40,48,54,61,66
20150202 05:40,317,8,325,10,315,15,43,93,77,33,10315,40,48,54,61,66
20150202 05:41,322,10,325,11,329,13,43,93,77,33,10316,40,48,54,61,66
20150202 05:42,328,11,326,11,326,17,43,93,77,33,10316,40,48,54,61,66
20150202 05:43,323,9,326,10,319,11,43,93,77,33,10316,40,48,54,61,66
20150202 05:44,326,7,326,9,332,10,43,93,77,33,10316,40,48,54,61,66
20150202 05:45,322,8,324,9,312,14,43,93,77,33,10316,40,48,54,61,66
20150202 05:46,315,11,323,9,319,18,43,93,77,33,10316,40,48,54,61,66
20150202 05:47,323,12,322,9,326,16,43,93,77,33,10316,40,48,54,61,66
20150202 05:48,323,12,322,10,319,17,43,93,77,33,10316,40,48,54,61,66
20150202 05:49,328,11,323,10,336,13,43,93,77,33,10316,40,48,54,61,66
20150202 05:50,329,9,324,10,322,10,43,93,77,33,10316,40,48,54,61,66
20150202 05:51,329,9,325,10,336,15,43,93,77,33,10316,40,48,54,61,66
20150202 05:52,333,12,325,10,329,18,43,92,76,31,10316,40,48,54,61,66
20150202 05:53,335,11,327,10,342,13,43,92,76,31,10317,40,48,54,61,66
20150202 05:54,335,9,327,11,329,12,43,92,76,31,10317,40,48,54,61,66
20150202 05:55,325,9,328,11,321,14,43,92,76,31,10317,40,48,54,61,66
20150202 05:56,322,9,328,10,322,12,43,92,76,31,10316,40,48,54,61,66
20150202 05:57,321,10,328,10,320,13,43,92,76,31,10316,40,48,54,61,66
20150202 05:58,326,10,329,10,331,13,43,92,76,31,10316,40,48,54,61,66
20150202 05:59,328,8,328,10,324,11,43,92,76,31,10316,40,48,54,61,66
20150202 06:00,324,10,328,10,323,15,43,92,76,31,10316,40,48,54,61,66
20150202 06:01,324,10,326,10,324,10,43,92,76,31,10317,40,48,54,61,66
20150202 06:02,318,6,325,9,312,7,43,92,76,31,10317,40,48,54,61,66
20150202 06:03,318,6,323,9,325,12,43,92,76,31,10317,40,48,54,61,66
20150202 06:04,325,7,323,8,325,9,43,92,76,31,10317,40,48,54,61,66
20150202 06:05,323,7,323,8,320,9,43,92,76,31,10317,40,48,54,61,66
20150202 06:06,315,6,321,8,310,9,43,92,76,31,10317,40,48,54,61,66
20150202 06:07,315,6,322,7,321,7,43,92,76,31,10317,40,48,54,61,66
20150202 06:08,320,5,320,7,318,6,43,92,76,31,10317,40,48,54,61,66
20150202 06:09,312,3,318,6,306,3,43,92,76,31,10317,40,48,54,61,66
20150202 06:10,310,2,318,5,314,6,43,92,76,31,10317,40,48,54,61,66
20150202 06:11,300,3,314,5,286,7,43,92,76,31,10317,40,48,54,61,66
20150202 06:12,288,5,312,5,290,7,43,92,76,31,10317,40,48,54,61,66
20150202 06:13,297,6,309,5,304,8,43,92,76,31,10317,40,48,54,61,66
20150202 06:14,308,6,308,5,312,7,43,92,76,31,10317,40,48,54,61,66
20150202 06:15,309,5,307,5,306,6,43,92,76,31,10317,40,48,54,61,66
20150202 06:16,306,5,306,4,305,7,43,92,76,31,10317,40,48,54,61,66
20150202 06:17,305,6,305,5,305,9,43,92,76,31,10318,40,48,54,61,66
20150202 06:18,307,6,304,5,309,7,43,92,76,31,10318,40,48,54,61,66
20150202 06:19,318,5,306,5,327,7,43,92,76,31,10318,40,48,54,61,66
20150202 06:20,322,6,306,6,317,8,43,92,76,31,10318,40,48,54,61,66
20150202 06:21,314,7,308,6,310,9,43,92,76,31,10318,40,48,54,61,66
20150202 06:22,310,6,310,6,309,7,43,92,76,31,10317,40,48,54,61,66
20150202 06:23,316,6,312,6,322,11,43,92,76,31,10317,40,48,54,61,66
20150202 06:24,346,6,317,6,10,11,43,92,76,31,10317,40,48,54,61,66
20150202 06:25,359,6,322,6,347,11,43,92,76,31,10317,41,48,54,61,66
20150202 06:26,354,5,327,6,1,6,43,92,76,31,10317,41,48,54,61,66
20150202 06:27,1,4,333,6,2,7,43,92,76,31,10317,40,48,54,61,66
20150202 06:28,355,4,337,6,348,7,43,92,76,31,10317,41,48,54,61,66
20150202 06:29,354,5,341,6,0,10,43,92,76,31,10317,41,48,54,61,66
20150202 06:30,3,8,346,6,5,12,43,92,76,31,10317,41,48,54,61,66
20150202 06:31,359,8,350,6,352,9,43,92,76,31,10317,41,48,54,61,66
20150202 06:32,359,8,355,6,5,12,43,92,76,31,10317,41,48,54,61,66
20150202 06:33,2,10,359,6,359,12,43,92,76,31,10317,41,48,54,61,66
20150202 06:34,357,10,357,7,355,12,43,92,76,31,10317,41,48,54,61,66
20150202 06:35,356,10,358,7,357,11,43,92,76,31,10317,41,48,54,61,66
20150202 06:36,6,8,0,8,15,10,43,92,76,31,10317,41,48,54,61,66
20150202 06:37,7,8,359,8,358,10,44,92,77,32,10317,41,48,54,61,66
20150202 06:38,357,8,0,8,356,10,44,92,77,32,10317,41,48,54,61,66
20150202 06:39,3,8,1,9,10,9,44,91,76,31,10317,41,48,54,61,66
20150202 06:40,2,7,0,8,354,8,44,91,76,31,10317,41,48,54,61,66
20150202 06:41,356,9,1,9,358,14,44,91,76,31,10317,41,48,54,61,66
20150202 06:42,4,11,1,9,10,13,44,91,76,31,10317,41,48,54,61,66
20150202 06:43,9,8,2,9,7,10,44,91,76,31,10318,41,48,54,61,66
20150202 06:44,8,6,3,8,8,8,44,91,76,31,10318,41,48,54,61,66
20150202 06:45,354,6,2,8,341,8,44,91,76,31,10318,41,48,54,61,65
20150202 06:46,351,11,0,9,2,20,44,91,76,31,10318,41,48,54,61,65
20150202 06:47,1,15,1,9,0,19,44,90,75,29,10318,41,48,54,61,65
20150202 06:48,9,12,3,10,18,12,44,90,75,29,10318,41,48,54,61,66
20150202 06:49,9,9,2,9,0,9,44,90,75,29,10318,41,48,54,61,66
20150202 06:50,10,6,4,9,20,8,44,90,75,29,10318,41,48,54,61,66
20150202 06:51,19,8,6,9,17,16,44,90,75,29,10318,41,48,54,61,65
20150202 06:52,358,11,3,9,339,20,44,90,75,29,10318,41,48,54,61,66
20150202 06:53,345,11,2,10,351,15,44,89,74,27,10318,41,48,54,61,65
20150202 06:54,2,12,2,11,13,19,44,89,74,27,10318,41,48,54,61,66
20150202 06:55,8,13,4,11,3,20,44,89,74,27,10318,41,48,54,61,65
20150202 06:56,354,12,3,11,344,19,44,89,74,27,10318,41,48,54,61,65
20150202 06:57,353,12,3,11,2,16,45,89,75,28,10318,41,48,54,61,65
20150202 06:58,4,13,1,11,5,18,45,89,75,28,10318,41,48,54,61,65
20150202 06:59,9,13,3,11,13,16,45,89,75,28,10318,41,48,54,61,65
20150202 07:00,9,13,1,12,6,17,45,89,75,28,10318,41,48,54,61,65
20150202 07:01,358,12,359,12,351,13,45,88,74,27,10318,41,48,54,61,65
20150202 07:02,2,11,2,12,14,15,45,88,74,27,10318,41,48,54,61,65
20150202 07:03,11,10,4,12,8,10,45,88,74,27,10319,41,48,54,61,65
20150202 07:04,17,8,5,11,26,13,45,88,74,27,10318,41,48,54,61,65
20150202 07:05,14,8,5,11,1,11,45,88,74,27,10319,41,48,54,61,65
20150202 07:06,6,7,8,10,12,12,45,88,74,27,10319,41,48,54,61,65
20150202 07:07,7,8,8,10,3,13,45,88,74,27,10319,42,48,54,61,65
20150202 07:08,7,8,8,10,10,13,45,88,74,27,10319,42,48,54,60,65
20150202 07:09,10,8,8,9,11,12,45,88,74,27,10319,42,48,54,61,65
20150202 07:10,15,9,9,9,18,15,45,88,74,27,10319,42,48,54,61,65
20150202 07:11,22,12,13,9,26,18,45,88,74,27,10319,42,48,54,61,65
20150202 07:12,26,13,14,9,26,15,45,88,74,27,10319,42,48,54,61,65
20150202 07:13,5,9,12,9,342,10,45,88,74,27,10320,42,48,54,61,65
20150202 07:14,4,6,11,9,24,10,45,88,74,27,10320,42,48,54,61,65
20150202 07:15,18,6,13,9,12,8,45,88,74,27,10320,42,48,54,60,65
20150202 07:16,354,6,9,9,337,11,45,87,73,25,10320,42,48,54,61,65
20150202 07:17,355,8,10,9,12,14,45,88,74,27,10320,42,48,53,60,65
20150202 07:18,11,11,10,9,10,15,45,88,74,27,10320,42,48,54,60,65
20150202 07:19,17,15,11,10,24,27,45,88,74,27,10320,42,48,53,60,65
20150202 07:20,28,18,13,11,32,22,45,87,73,25,10320,43,48,54,61,65
20150202 07:21,29,17,13,11,27,19,46,87,74,26,10320,43,48,54,60,65
20150202 07:22,24,16,12,12,22,24,46,87,74,26,10321,43,48,54,60,65
20150202 07:23,18,16,16,13,14,20,46,87,74,26,10321,43,48,54,60,65
20150202 07:24,11,14,14,13,9,17,46,87,74,26,10321,43,48,54,60,65
20150202 07:25,22,13,16,14,35,23,46,87,74,26,10321,43,48,54,60,65
20150202 07:26,30,14,21,15,26,17,46,87,74,26,10321,43,48,54,61,65
20150202 07:27,27,14,23,15,29,17,46,87,74,26,10321,43,48,54,60,65
20150202 07:28,29,15,25,15,29,21,46,87,74,26,10321,43,48,53,60,65
20150202 07:29,30,12,25,14,31,16,46,87,74,26,10321,43,48,54,60,65
20150202 07:30,31,11,25,14,32,23,46,87,74,26,10321,44,48,53,60,65
20150202 07:31,34,16,26,14,36,22,46,87,74,26,10321,44,48,54,61,65
20150202 07:32,31,16,27,14,25,20,46,87,74,26,10321,44,48,54,60,65
20150202 07:33,35,11,30,13,43,16,46,87,74,26,10321,44,48,53,60,65
20150202 07:34,34,14,31,14,25,22,46,87,74,26,10321,44,48,54,60,65
20150202 07:35,19,19,29,14,13,26,46,86,73,25,10321,44,48,53,60,65
20150202 07:36,19,15,29,14,25,13,47,86,73,26,10321,44,48,54,60,65
20150202 07:37,31,11,30,14,36,14,47,86,73,26,10321,44,48,54,60,65
20150202 07:38,28,10,29,13,20,14,47,86,73,26,10321,44,48,54,60,65
20150202 07:39,17,14,27,14,14,22,47,86,73,26,10321,44,48,54,60,65
20150202 07:40,27,17,28,14,40,26,47,86,73,26,10321,45,48,54,60,65
20150202 07:41,35,18,27,14,30,23,47,86,73,26,10321,45,48,53,60,65
20150202 07:42,38,18,29,15,46,27,47,86,73,26,10321,45,48,53,60,65
20150202 07:43,37,19,28,16,28,25,47,86,73,26,10321,45,48,54,60,65
20150202 07:44,28,18,28,16,28,24,47,86,73,26,10321,45,48,54,60,65
20150202 07:45,35,14,31,15,41,18,47,86,73,26,10321,45,48,53,60,65
20150202 07:46,34,11,31,15,27,12,47,86,73,26,10321,45,48,54,60,65
20150202 07:47,28,11,30,15,29,17,47,86,73,26,10322,45,48,54,60,65
20150202 07:48,29,15,31,16,29,24,47,86,73,26,10322,45,48,54,60,65
20150202 07:49,35,16,34,16,41,22,47,85,73,24,10322,45,48,54,60,65
20150202 07:50,38,12,33,15,36,16,47,85,73,24,10323,45,48,54,60,65
20150202 07:51,40,12,35,14,44,21,47,85,73,24,10323,45,48,54,60,65
20150202 07:52,39,13,34,14,34,18,47,85,73,24,10323,46,48,54,60,65
20150202 07:53,38,13,35,13,42,18,47,85,73,24,10323,46,48,54,60,65
20150202 07:54,43,16,37,13,45,26,47,85,73,24,10323,46,49,54,60,65
20150202 07:55,44,18,37,14,44,25,48,85,73,25,10323,46,49,54,60,65
20150202 07:56,43,18,39,15,43,28,48,85,73,25,10323,46,49,54,60,65
20150202 07:57,38,14,39,15,32,14,48,85,73,25,10323,46,49,54,60,65
20150202 07:58,34,9,40,14,36,13,48,85,73,25,10322,46,49,54,60,65
20150202 07:59,39,7,40,13,42,10,48,85,73,25,10322,46,49,54,60,65
20150202 08:00,34,8,39,13,27,19,48,85,73,25,10322,47,49,54,60,65
20150202 08:01,27,16,37,14,27,24,48,85,73,25,10322,47,49,54,60,65
20150202 08:02,20,19,35,14,13,20,48,85,73,25,10322,47,49,54,60,65
20150202 08:03,20,15,34,14,28,18,48,85,73,25,10322,47,49,54,60,65
20150202 08:04,42,9,35,13,57,11,48,85,73,25,10322,47,49,54,60,65
20150202 08:05,42,6,33,12,27,14,48,86,74,27,10323,47,49,54,60,65
20150202 08:06,33,9,33,11,38,13,48,86,74,27,10323,47,49,54,60,65
20150202 08:07,41,9,34,11,43,13,48,86,74,27,10323,48,49,54,60,65
20150202 08:08,47,10,35,11,50,15,48,86,74,27,10322,48,49,54,60,65
20150202 08:09,47,12,35,12,44,18,48,86,74,27,10322,48,49,54,60,65
20150202 08:10,46,13,37,12,47,18,48,85,73,25,10322,48,49,54,60,65
20150202 08:11,47,14,39,11,47,23,48,85,73,25,10322,49,49,54,60,65
20150202 08:12,48,17,43,12,49,26,48,85,73,25,10322,49,49,54,60,65
20150202 08:13,46,19,45,12,43,25,48,85,73,25,10322,49,49,54,60,65
20150202 08:14,55,19,46,13,68,26,48,85,73,25,10322,49,49,54,60,65
20150202 08:15,63,18,49,14,58,24,48,84,72,23,10322,49,49,54,60,65
20150202 08:16,52,15,49,15,46,18,48,84,72,23,10323,49,49,54,60,65
20150202 08:17,36,13,48,15,26,19,48,84,72,23,10323,50,49,54,60,65
20150202 08:18,39,13,48,15,54,16,48,84,72,23,10323,50,49,54,60,65
20150202 08:19,50,12,49,15,47,15,48,84,72,23,10323,50,49,54,60,65
20150202 08:20,45,11,48,15,42,15,49,85,74,26,10322,51,50,54,60,65
20150202 08:21,37,13,47,15,33,22,49,85,74,26,10322,51,50,54,60,65
20150202 08:22,41,16,47,15,50,23,49,85,74,26,10322,51,50,54,60,65
20150202 08:23,49,16,47,15,48,23,49,85,74,26,10322,52,50,54,60,65
20150202 08:24,48,16,45,14,47,17,49,85,74,26,10322,52,50,54,60,65
20150202 08:25,45,12,44,13,42,15,49,84,73,24,10323,52,50,54,60,65
20150202 08:26,40,11,43,13,38,19,49,84,73,24,10323,52,50,54,60,65
20150202 08:27,32,13,43,13,26,17,49,84,73,24,10323,53,50,54,60,65
20150202 08:28,47,12,44,13,68,18,49,85,74,26,10323,53,50,54,60,65
20150202 08:29,60,10,45,13,53,15,49,85,74,26,10323,53,50,54,60,65
20150202 08:30,55,12,46,13,57,19,49,85,74,26,10323,54,50,54,60,65
20150202 08:31,49,18,47,14,40,32,49,84,73,24,10322,54,50,54,60,65
20150202 08:32,43,20,47,14,47,26,49,84,73,24,10322,54,50,54,60,65
20150202 08:33,53,16,48,14,60,26,49,84,73,24,10322,54,50,54,60,65
20150202 08:34,56,15,48,14,52,25,50,84,73,25,10322,55,51,54,60,65
20150202 08:35,49,18,49,15,46,27,50,84,73,25,10322,55,51,54,60,65
20150202 08:36,42,19,49,16,38,23,50,84,73,25,10322,55,51,54,60,65
20150202 08:37,43,20,51,17,48,33,50,84,73,25,10322,56,51,54,60,65
20150202 08:38,46,21,48,18,44,27,50,84,73,25,10322,56,51,54,60,65
20150202 08:39,45,19,48,18,47,33,50,84,73,25,10322,57,51,54,60,65
20150202 08:40,44,19,46,19,42,30,50,84,73,25,10322,57,51,54,60,65
20150202 08:41,42,22,47,19,42,34,50,84,73,25,10322,58,51,54,60,65
20150202 08:42,46,20,47,19,49,26,50,83,72,24,10322,58,51,54,60,65
20150202 08:43,46,17,45,19,42,27,50,84,73,25,10323,58,51,54,60,65
20150202 08:44,55,17,46,20,67,22,50,84,73,25,10323,59,51,54,60,65
20150202 08:45,64,16,48,19,61,21,51,84,74,26,10323,59,52,54,60,65
20150202 08:46,65,19,51,20,69,31,51,84,74,26,10323,60,52,54,60,65
20150202 08:47,65,19,52,19,61,24,51,84,74,26,10324,60,52,54,60,65
20150202 08:48,57,15,53,18,54,25,51,84,74,26,10324,60,52,54,60,65
20150202 08:49,46,15,53,18,39,20,51,84,74,26,10324,61,52,54,60,65
20150202 08:50,39,19,52,18,40,46,51,84,74,26,10324,61,52,54,60,65
20150202 08:51,40,30,52,19,40,43,51,84,74,26,10324,61,52,54,60,65
20150202 08:52,38,29,51,20,37,36,51,83,73,25,10325,60,52,54,60,65
20150202 08:53,39,27,51,21,42,36,51,83,73,25,10325,60,53,54,60,65
20150202 08:54,42,26,48,22,41,34,51,83,73,25,10325,60,53,54,60,65
20150202 08:55,40,25,46,23,39,39,51,83,73,25,10325,60,53,54,60,65
20150202 08:56,44,29,44,24,49,40,51,83,73,25,10325,61,53,54,60,65
20150202 08:57,46,29,42,25,43,36,51,83,73,25,10325,61,53,54,60,65
20150202 08:58,46,24,42,25,49,30,52,83,73,26,10325,61,53,54,60,65
20150202 08:59,56,20,44,26,62,28,52,83,73,26,10325,61,53,54,60,65
20150202 09:00,56,19,45,25,50,25,52,83,73,26,10326,62,53,54,60,65
20150202 09:01,41,19,44,24,33,28,52,83,73,26,10326,62,54,54,60,65
20150202 09:02,42,23,46,24,52,43,52,83,73,26,10326,62,54,55,60,65
20150202 09:03,50,26,47,24,49,40,52,83,73,26,10326,61,54,55,60,65
20150202 09:04,46,30,47,25,43,43,52,82,72,24,10326,61,54,55,60,65
20150202 09:05,45,27,48,25,47,35,52,82,72,24,10327,61,54,55,60,65
20150202 09:06,48,24,48,24,49,38,52,82,72,24,10327,61,54,55,60,65
20150202 09:07,51,26,49,24,53,32,52,82,72,24,10327,61,54,55,60,65
20150202 09:08,44,24,47,24,34,30,52,82,72,24,10327,61,54,55,60,65
20150202 09:09,44,22,46,24,54,31,52,82,72,24,10327,62,54,55,60,65
20150202 09:10,52,23,47,25,51,34,52,82,72,24,10327,62,55,55,60,65
20150202 09:11,51,24,48,25,52,30,52,82,72,24,10327,62,55,55,60,65
20150202 09:12,54,22,49,25,55,32,52,81,72,22,10326,63,55,55,60,65
20150202 09:13,56,22,50,24,58,33,52,82,72,24,10326,64,55,55,60,65
20150202 09:14,55,25,51,24,53,36,52,81,72,22,10326,64,55,55,60,65
20150202 09:15,52,26,51,24,52,37,52,81,72,22,10326,64,55,55,60,65
20150202 09:16,56,26,52,24,60,32,53,81,72,23,10326,64,55,55,60,65
20150202 09:17,52,25,51,24,45,35,53,81,72,23,10326,64,55,55,60,65
20150202 09:18,49,27,53,25,53,33,53,81,72,23,10326,65,55,55,60,65
20150202 09:19,57,24,54,25,61,31,53,80,71,21,10326,65,55,55,60,65
20150202 09:20,63,20,55,24,64,22,53,80,71,21,10326,65,56,55,60,65
20150202 09:21,64,20,57,24,65,28,53,81,72,23,10326,66,56,55,60,65
20150202 09:22,57,19,56,23,49,22,53,81,72,23,10326,67,56,55,60,65
20150202 09:23,50,15,55,22,51,21,53,81,72,23,10327,68,56,55,60,65
20150202 09:24,47,15,54,21,43,27,54,81,73,24,10327,69,56,55,60,65
20150202 09:25,39,18,53,20,35,27,54,81,73,24,10327,70,56,55,60,65
20150202 09:26,41,16,51,19,46,19,54,81,73,24,10327,71,56,56,60,65
20150202 09:27,42,20,50,19,38,40,54,81,73,24,10327,72,56,56,60,65
20150202 09:28,42,24,50,19,46,27,54,80,72,22,10326,72,56,56,60,65
20150202 09:29,40,23,47,19,34,29,54,80,72,22,10326,73,57,56,60,65
20150202 09:30,31,23,43,20,27,28,54,80,72,22,10326,73,57,56,61,65
20150202 09:31,35,28,41,21,43,42,54,80,72,22,10326,74,57,56,61,65
20150202 09:32,41,29,40,22,39,33,54,80,72,22,10326,74,57,56,61,65
20150202 09:33,39,26,39,23,39,32,55,79,71,22,10326,74,57,56,61,65
20150202 09:34,37,26,38,24,34,31,55,79,71,22,10326,75,57,56,61,65
20150202 09:35,28,27,37,25,21,39,55,79,71,22,10326,75,58,56,61,65
20150202 09:36,29,30,36,27,37,39,55,79,71,22,10326,75,58,56,61,65
20150202 09:37,37,25,36,26,38,27,55,80,72,23,10326,75,58,56,61,65
20150202 09:38,39,19,35,25,39,25,55,80,72,23,10325,75,58,56,61,65
20150202 09:39,42,18,36,25,44,29,55,80,72,23,10325,76,58,56,61,65
20150202 09:40,43,21,38,25,41,37,55,80,72,23,10325,75,59,56,61,65
20150202 09:41,41,26,37,24,41,42,56,80,73,24,10325,75,59,56,61,65
20150202 09:42,41,28,38,25,41,37,56,80,73,24,10325,75,59,56,61,65
20150202 09:43,39,28,37,25,36,38,56,79,72,23,10325,75,59,56,61,65
20150202 09:44,32,27,37,25,27,37,56,79,72,23,10325,75,59,56,61,65
20150202 09:45,40,30,40,25,53,42,56,80,73,24,10325,76,60,56,61,65
20150202 09:46,51,27,41,24,48,32,56,79,72,23,10325,76,60,57,61,65
20150202 09:47,46,23,41,25,44,34,56,79,72,23,10325,76,60,57,61,65
20150202 09:48,44,24,42,25,45,33,56,79,72,23,10325,76,60,57,61,65
20150202 09:49,48,25,43,26,52,37,56,80,73,24,10325,77,60,57,61,65
20150202 09:50,48,25,43,26,45,32,56,80,73,24,10325,76,60,57,61,65
20150202 09:51,49,24,44,26,52,37,56,80,73,24,10325,76,61,57,61,65
20150202 09:52,53,28,46,26,54,41,56,80,73,24,10325,76,61,57,61,65
20150202 09:53,49,30,47,27,45,38,56,79,72,23,10325,76,61,57,61,65
20150202 09:54,50,28,49,27,55,38,56,79,72,23,10326,76,61,57,61,65
20150202 09:55,57,26,50,26,60,36,56,79,72,23,10326,76,61,57,61,65
20150202 09:56,52,23,49,26,43,37,56,79,72,23,10326,77,61,57,61,65
20150202 09:57,46,25,50,26,50,39,56,80,73,24,10326,78,62,57,61,65
20150202 09:58,49,25,50,26,48,30,56,79,72,23,10326,79,62,57,61,65
20150202 09:59,44,22,49,25,40,36,57,79,72,23,10326,80,62,57,61,65
20150202 10:00,43,27,49,26,47,37,57,79,72,23,10325,81,62,58,61,65
20150202 10:01,43,27,48,26,40,33,57,79,72,23,10325,81,62,58,61,65
20150202 10:02,41,22,47,25,43,24,57,79,72,23,10326,82,62,58,61,65
20150202 10:03,39,24,46,25,35,36,57,79,72,23,10326,83,62,58,61,65
20150202 10:04,42,24,45,24,49,30,57,79,72,23,10326,83,63,58,61,65
20150202 10:05,41,23,43,24,32,34,58,79,73,24,10326,84,63,58,61,65
20150202 10:06,34,25,42,25,35,35,58,79,73,24,10326,85,63,58,61,65
20150202 10:07,35,25,40,25,34,31,58,79,73,24,10326,85,63,58,61,65
20150202 10:08,38,25,40,25,41,31,58,79,73,24,10326,86,63,58,61,65
20150202 10:09,41,26,40,25,42,38,58,79,73,24,10326,86,64,58,61,65
20150202 10:10,40,31,39,26,39,39,58,78,72,23,10326,86,64,58,61,65
20150202 10:11,42,28,39,26,45,30,58,78,72,23,10326,86,64,58,61,65
20150202 10:12,51,24,41,26,57,39,59,78,72,24,10326,86,64,58,61,65
20150202 10:13,57,27,43,26,57,35,59,78,72,24,10326,86,64,58,61,65
20150202 10:14,52,27,43,26,48,34,58,78,72,23,10326,85,65,59,61,65
20150202 10:15,44,22,44,26,41,28,58,78,72,23,10326,84,65,59,61,65
20150202 10:16,44,16,45,25,47,22,59,78,72,24,10326,84,65,59,61,65
20150202 10:17,53,15,48,24,59,22,59,78,72,24,10326,85,65,59,61,65
20150202 10:18,54,17,48,23,49,24,59,79,73,25,10326,86,65,59,61,65
20150202 10:19,48,19,49,22,46,31,59,79,73,25,10326,86,66,59,61,65
20150202 10:20,52,25,51,22,58,41,59,78,72,24,10326,86,66,59,61,65
20150202 10:21,56,29,52,22,53,39,59,78,72,24,10326,85,66,59,61,65
20150202 10:22,46,29,50,23,38,42,59,78,72,24,10326,84,66,59,61,65
20150202 10:23,45,32,49,23,52,43,60,78,73,25,10327,85,66,59,61,65
20150202 10:24,55,30,50,23,58,31,59,78,72,24,10327,83,66,59,61,65
20150202 10:25,57,24,52,24,56,29,59,78,72,24,10327,83,67,59,61,65
20150202 10:26,58,23,53,25,59,29,60,78,73,25,10327,83,67,60,61,65
20150202 10:27,56,24,52,26,54,34,60,79,74,26,10327,83,67,60,61,65
20150202 10:28,49,30,52,28,44,46,60,78,73,25,10327,83,67,60,62,65
20150202 10:29,49,30,53,28,55,40,60,78,73,25,10327,83,67,60,62,65
20150202 10:30,57,22,53,27,59,24,60,78,73,25,10327,83,67,60,62,65
20150202 10:31,60,21,54,26,61,35,60,78,73,25,10327,84,67,60,62,65
20150202 10:32,61,23,56,26,61,31,60,78,73,25,10327,85,68,60,62,65
20150202 10:33,64,24,58,25,68,33,60,78,73,25,10327,85,68,60,62,65
20150202 10:34,62,26,57,25,57,39,60,78,73,25,10327,84,68,60,62,65
20150202 10:35,48,32,56,26,40,42,60,78,73,25,10327,83,68,60,62,65
20150202 10:36,45,31,55,27,50,34,60,78,73,25,10327,84,68,60,62,65
20150202 10:37,57,26,56,27,64,38,60,78,73,25,10327,84,68,60,62,65
20150202 10:38,59,24,57,25,55,31,60,78,73,25,10326,84,68,61,62,65
20150202 10:39,58,21,58,25,62,31,60,78,73,25,10326,84,68,61,62,65
20150202 10:40,56,19,57,25,49,28,61,78,73,26,10326,84,68,61,62,65
20150202 10:41,46,19,55,24,44,33,61,78,73,26,10326,85,69,61,62,65
20150202 10:42,44,22,53,24,45,37,61,77,72,24,10326,85,69,61,62,65
20150202 10:43,49,22,52,24,53,27,61,78,73,26,10326,86,69,61,62,65
20150202 10:44,54,18,52,23,55,25,61,78,73,26,10326,86,69,61,62,65
20150202 10:45,47,16,51,21,38,23,61,78,73,26,10326,86,69,61,62,65
20150202 10:46,28,22,49,21,19,43,61,78,73,26,10326,87,69,61,62,65
20150202 10:47,22,34,44,22,24,45,61,77,72,24,10325,87,69,61,62,65
20150202 10:48,30,35,43,23,36,36,61,76,72,22,10325,87,69,61,62,65
20150202 10:49,31,25,39,23,26,33,61,76,72,22,10325,88,69,62,62,65
20150202 10:50,28,24,37,24,30,36,61,76,72,22,10325,89,70,62,62,65
20150202 10:51,35,26,37,25,40,44,61,76,72,22,10324,89,70,62,62,65
20150202 10:52,34,28,35,25,28,41,61,76,72,22,10324,89,70,62,62,65
20150202 10:53,34,27,34,26,40,29,61,76,72,22,10324,90,70,62,62,65
20150202 10:54,40,25,32,27,41,42,62,76,72,23,10324,92,70,62,62,65
20150202 10:55,45,24,33,27,49,32,62,76,72,23,10324,93,70,62,62,65
20150202 10:56,50,20,36,26,50,34,62,77,73,25,10324,93,70,62,62,65
20150202 10:57,53,22,39,25,55,37,62,76,72,23,10324,94,70,62,62,65
20150202 10:58,53,27,41,25,52,39,62,75,71,21,10324,95,71,62,62,65
20150202 10:59,54,28,44,25,57,45,62,75,71,21,10324,95,71,62,62,65
20150202 11:00,48,29,45,26,40,40,62,75,71,21,10324,94,71,62,63,65
20150202 11:01,38,30,45,26,36,37,62,75,71,21,10324,94,71,63,63,65
20150202 11:02,41,29,46,26,45,39,62,75,71,21,10323,95,71,63,63,65
20150202 11:03,45,29,47,26,44,37,62,75,71,21,10323,96,71,63,63,65
20150202 11:04,50,26,49,26,57,37,63,76,73,24,10323,96,72,63,63,65
20150202 11:05,58,24,50,27,59,34,63,75,72,22,10323,97,72,63,63,65
20150202 11:06,50,23,49,27,40,29,63,75,72,22,10322,97,72,63,63,65
20150202 11:07,48,23,49,27,56,34,63,76,73,24,10322,98,72,63,63,65
20150202 11:08,56,23,49,26,56,30,63,76,73,24,10322,97,72,63,63,65
20150202 11:09,53,25,48,26,50,37,63,76,73,24,10322,97,72,63,63,65
20150202 11:10,46,27,48,26,41,34,63,76,73,24,10322,97,73,63,63,65
20150202 11:11,37,25,48,25,32,31,63,76,73,24,10322,97,73,63,63,65
20150202 11:12,24,22,45,24,17,27,63,76,73,24,10322,97,73,63,63,65
20150202 11:13,27,20,45,23,37,31,64,76,73,25,10321,98,73,63,63,65
20150202 11:14,41,16,43,22,46,21,64,77,74,27,10321,100,74,64,63,65
20150202 11:15,43,20,42,22,40,38,64,77,74,27,10321,100,74,64,63,66
20150202 11:16,32,31,40,24,24,45,64,76,73,25,10321,100,74,64,63,65
20150202 11:17,40,29,40,24,57,37,65,76,74,26,10321,99,74,64,63,66
20150202 11:18,46,21,38,24,34,30,65,77,74,28,10321,100,74,64,63,66
20150202 11:19,43,26,38,24,51,42,65,76,74,26,10321,100,75,64,63,66
20150202 11:20,46,30,38,24,42,37,65,75,73,24,10321,100,75,64,63,66
20150202 11:21,43,28,39,24,44,32,65,75,73,24,10321,100,75,64,63,66
20150202 11:22,41,25,41,25,37,28,65,75,73,24,10321,100,75,64,63,66
20150202 11:23,36,21,41,25,35,26,65,75,73,24,10321,100,75,64,63,66
20150202 11:24,32,18,39,25,30,28,65,76,74,26,10321,101,76,65,63,66
20150202 11:25,33,21,39,25,35,31,65,76,74,26,10321,102,76,65,63,66
20150202 11:26,39,28,41,25,43,41,65,76,74,26,10321,101,76,65,64,66
20150202 11:27,40,32,39,26,37,38,65,76,74,26,10320,100,76,65,64,66
20150202 11:28,38,28,39,26,38,33,65,76,74,26,10320,100,76,65,64,66
20150202 11:29,40,23,38,25,42,30,65,76,74,26,10320,100,76,65,64,66
20150202 11:30,44,22,39,24,47,27,65,75,73,24,10320,101,77,65,64,66
20150202 11:31,39,19,37,23,31,26,65,76,74,26,10320,101,77,65,64,66
20150202 11:32,39,19,39,23,48,30,65,76,74,26,10319,102,77,65,64,66
20150202 11:33,40,24,38,24,32,35,65,76,74,26,10320,101,77,65,64,66
20150202 11:34,35,30,39,25,38,42,65,75,73,24,10320,102,77,66,64,66
20150202 11:35,35,28,39,25,33,32,65,75,73,24,10320,102,77,66,64,66
20150202 11:36,31,25,37,25,29,33,65,75,73,24,10319,103,78,66,64,66
20150202 11:37,28,22,36,23,26,30,65,75,73,24,10319,103,78,66,64,66
20150202 11:38,30,24,36,24,33,36,66,76,74,27,10319,104,78,66,64,66
20150202 11:39,29,28,34,24,25,35,66,75,73,25,10319,104,78,66,64,66
20150202 11:40,16,22,30,24,6,27,65,75,73,24,10318,103,78,66,64,66
20150202 11:41,29,18,32,24,54,25,65,75,73,24,10318,106,78,66,64,66
20150202 11:42,47,18,32,24,41,23,66,75,73,25,10318,106,79,66,64,66
20150202 11:43,45,19,33,23,49,30,66,76,74,27,10318,106,79,66,64,66
20150202 11:44,49,21,35,22,49,31,66,76,74,27,10318,105,79,67,64,66
20150202 11:45,48,20,36,21,47,25,66,76,74,27,10318,105,79,67,64,66
20150202 11:46,45,18,37,20,42,29,66,76,74,27,10318,106,79,67,64,66
20150202 11:47,42,18,39,21,41,26,67,76,75,28,10317,106,79,67,64,66
20150202 11:48,47,18,41,19,53,27,67,76,75,28,10317,106,80,67,64,66
20150202 11:49,33,20,40,19,15,29,67,75,74,26,10317,107,80,67,64,66
20150202 11:50,18,20,41,19,21,22,67,75,74,26,10317,108,80,67,65,66
20150202 11:51,16,18,37,19,10,23,67,75,74,26,10317,111,80,67,65,66
20150202 11:52,21,20,36,19,33,29,67,74,73,24,10317,111,80,67,65,66
20150202 11:53,37,24,35,20,41,36,67,75,74,26,10317,110,81,67,65,66
20150202 11:54,37,25,34,20,33,31,67,75,74,26,10317,108,81,68,65,66
20150202 11:55,29,19,31,20,25,22,67,75,74,26,10317,107,81,68,65,66
20150202 11:56,17,13,28,19,8,12,67,75,74,26,10317,107,81,68,65,66
20150202 11:57,17,14,26,19,26,33,67,75,74,26,10317,108,81,68,65,66
20150202 11:58,31,21,25,20,36,28,67,75,74,26,10317,106,82,68,65,66
20150202 11:59,35,23,27,20,34,28,67,75,74,26,10317,104,82,68,65,66
20150202 12:00,29,21,27,20,24,29,67,75,74,26,10317,103,82,68,65,66
20150202 12:01,19,17,27,20,13,19,67,75,74,26,10317,103,82,68,65,66
20150202 12:02,27,19,28,20,40,30,67,75,74,26,10317,103,82,68,65,66
20150202 12:03,38,25,28,20,36,31,67,75,74,26,10317,102,82,68,65,66
20150202 12:04,35,25,28,20,34,30,67,74,73,24,10316,100,83,69,65,66
20150202 12:05,42,22,30,20,49,29,67,75,74,26,10316,99,83,69,65,66
20150202 12:06,48,19,34,21,47,25,67,75,74,26,10316,99,83,69,65,66
20150202 12:07,48,13,36,20,48,16,67,75,74,26,10316,99,83,69,65,66
20150202 12:08,51,13,38,19,54,22,67,75,74,26,10316,99,83,69,65,66
20150202 12:09,42,18,38,19,30,35,67,75,74,26,10316,99,83,69,65,66
20150202 12:10,29,23,38,20,28,33,67,75,74,26,10316,98,83,69,66,66
20150202 12:11,28,28,39,21,29,35,67,75,74,26,10316,99,83,69,66,66
20150202 12:12,37,26,40,21,45,32,67,75,74,26,10316,99,83,69,66,66
20150202 12:13,52,22,42,21,58,31,68,75,74,27,10316,99,83,69,66,66
20150202 12:14,61,20,45,20,65,24,67,75,74,26,10316,99,83,70,66,66
20150202 12:15,68,21,47,21,70,31,67,75,74,26,10315,100,83,70,66,66
20150202 12:16,69,22,50,21,69,26,67,76,75,28,10315,99,83,70,66,66
20150202 12:17,54,19,49,22,39,25,67,76,75,28,10315,99,83,70,66,67
20150202 12:18,35,19,46,22,32,22,67,75,74,26,10315,99,83,70,66,67
20150202 12:19,37,18,48,22,42,22,67,75,74,26,10315,100,83,70,66,67
20150202 12:20,39,15,49,20,37,15,67,75,74,26,10315,100,83,70,66,67
20150202 12:21,24,9,47,18,12,10,67,76,75,28,10315,100,83,70,66,67
20150202 12:22,9,9,43,17,7,14,68,76,75,29,10315,100,83,70,66,67
20150202 12:23,12,11,39,16,17,17,68,76,75,29,10315,100,83,71,66,67
20150202 12:24,35,13,38,16,52,18,68,76,75,29,10314,100,83,71,66,67
20150202 12:25,51,15,36,15,50,21,68,76,75,29,10314,100,83,71,66,67
20150202 12:26,59,14,36,14,67,17,68,76,75,29,10314,99,83,71,66,67
20150202 12:27,67,16,38,14,67,21,68,76,75,29,10314,97,83,71,66,67
20150202 12:28,45,16,37,14,22,21,68,76,75,29,10314,97,84,71,66,67
20150202 12:29,35,12,38,13,47,15,68,76,75,29,10314,97,84,71,66,67
20150202 12:30,52,12,40,13,57,16,69,76,76,30,10313,97,84,71,67,67
20150202 12:31,62,13,46,13,67,18,69,76,76,30,10313,97,84,71,67,67
20150202 12:32,71,16,52,14,75,32,69,75,75,28,10313,97,84,71,67,67
20150202 12:33,75,23,58,16,76,31,68,75,74,27,10313,96,84,71,67,67
20150202 12:34,70,23,60,16,65,26,68,75,74,27,10313,95,84,71,67,67
20150202 12:35,67,20,62,17,70,24,68,74,73,25,10313,95,84,72,67,67
20150202 12:36,70,20,62,17,71,25,68,75,74,27,10312,95,84,72,67,67
20150202 12:37,71,19,63,17,72,22,68,75,74,27,10312,95,84,72,67,67
20150202 12:38,64,16,66,17,56,18,68,75,74,27,10312,95,84,72,67,67
20150202 12:39,54,13,66,18,51,19,68,75,74,27,10312,96,84,72,67,67
20150202 12:40,42,14,64,18,34,29,68,75,74,27,10311,97,84,72,67,67
20150202 12:41,34,21,61,19,35,34,68,76,75,29,10311,98,84,72,67,67
20150202 12:42,37,22,57,19,39,22,68,75,74,27,10311,97,84,72,67,67
20150202 12:43,35,17,53,18,32,27,68,75,74,27,10311,97,84,72,67,67
20150202 12:44,32,21,49,19,32,29,68,75,74,27,10310,97,84,72,67,67
20150202 12:45,31,24,45,19,29,32,68,74,73,25,10310,98,84,72,67,67
20150202 12:46,27,20,40,19,25,19,68,74,73,25,10310,99,84,72,67,67
20150202 12:47,43,14,39,18,61,19,68,74,73,25,10310,100,84,72,68,67
20150202 12:48,67,16,41,19,72,27,68,75,74,27,10310,101,84,72,68,67
20150202 12:49,68,20,42,20,63,28,68,75,74,27,10310,100,84,73,68,67
20150202 12:50,62,18,45,19,61,19,68,75,74,27,10309,100,84,73,68,67
20150202 12:51,61,16,47,18,60,23,68,74,73,25,10309,100,84,73,68,67
20150202 12:52,44,18,46,19,28,29,69,75,75,28,10309,101,84,73,68,67
20150202 12:53,25,20,45,19,22,26,69,75,75,28,10309,102,84,73,68,67
20150202 12:54,23,20,45,18,25,25,69,74,74,26,10309,102,84,73,68,67
20150202 12:55,49,20,49,18,72,28,69,75,75,28,10309,102,84,73,68,67
20150202 12:56,54,20,50,19,35,24,69,75,75,28,10310,99,84,73,68,67
20150202 12:57,43,21,49,20,50,34,69,75,75,28,10310,99,84,73,68,67
20150202 12:58,48,24,46,20,46,32,69,75,75,28,10310,98,84,73,68,68
20150202 12:59,50,23,45,20,54,30,69,75,75,28,10309,98,84,73,68,68
20150202 13:00,47,22,43,21,40,38,69,75,75,28,10309,98,84,73,68,68
20150202 13:01,46,21,42,21,51,34,69,75,75,28,10309,97,84,73,68,68
20150202 13:02,57,23,46,22,62,41,69,76,76,30,10309,97,84,73,68,68
20150202 13:03,64,26,50,22,66,30,69,75,75,28,10308,97,84,73,68,68
20150202 13:04,67,26,54,23,67,36,69,75,75,28,10308,96,84,73,68,68
20150202 13:05,68,28,54,24,70,37,69,75,75,28,10308,94,85,73,68,68
20150202 13:06,64,27,56,24,58,41,69,75,75,28,10308,93,85,74,68,68
20150202 13:07,58,25,57,25,57,35,68,75,74,27,10308,92,85,74,68,68
20150202 13:08,61,23,59,24,65,32,68,75,74,27,10308,92,85,74,69,68
20150202 13:09,67,24,60,25,68,34,68,75,74,27,10308,92,85,74,69,68
20150202 13:10,65,27,63,25,61,33,68,75,74,27,10308,91,85,74,69,68
20150202 13:11,62,25,64,26,62,30,68,75,74,27,10308,91,85,74,69,68
20150202 13:12,54,25,62,26,45,35,68,75,74,27,10308,91,85,74,69,68
20150202 13:13,49,24,61,25,53,29,68,75,74,27,10308,91,85,74,69,68
20150202 13:14,47,23,58,25,41,32,68,75,74,27,10308,91,84,74,69,68
20150202 13:15,41,20,55,24,42,23,68,75,74,27,10307,91,84,74,69,68
20150202 13:16,49,14,55,23,55,23,68,75,74,27,10307,92,84,74,69,68
20150202 13:17,47,16,53,22,38,33,68,76,75,29,10307,92,84,74,69,68
20150202 13:18,38,24,50,23,38,38,69,76,76,30,10307,91,84,74,69,68
20150202 13:19,37,26,47,22,36,29,68,75,74,27,10306,91,84,74,69,68
20150202 13:20,41,20,46,21,46,22,68,74,73,25,10306,90,84,74,69,68
20150202 13:21,51,18,45,21,55,26,68,75,74,27,10306,90,84,74,69,68
20150202 13:22,53,20,45,20,51,29,68,75,74,27,10306,89,84,74,69,68
20150202 13:23,55,18,46,20,59,25,68,75,74,27,10306,88,84,74,69,68
20150202 13:24,51,14,46,18,44,29,68,75,74,27,10306,88,84,74,69,68
20150202 13:25,50,18,48,19,55,32,68,75,74,27,10306,88,84,75,69,68
20150202 13:26,56,23,48,20,57,32,68,75,74,27,10306,87,84,75,69,68
20150202 13:27,63,24,51,21,68,38,68,75,74,27,10306,87,84,75,69,68
20150202 13:28,64,26,53,20,61,32,68,75,74,27,10306,86,84,75,70,68
20150202 13:29,59,22,55,20,56,26,68,75,74,27,10306,86,84,75,70,68
20150202 13:30,49,19,55,20,43,29,68,75,74,27,10306,86,84,75,70,68
20150202 13:31,50,20,55,20,56,26,68,75,74,27,10306,87,83,75,70,68
20150202 13:32,52,17,55,20,47,22,68,75,74,27,10306,87,83,75,70,68
20150202 13:33,35,21,51,21,24,33,68,75,74,27,10306,87,83,75,70,68
20150202 13:34,28,27,50,22,31,34,68,75,74,27,10306,87,83,75,70,68
20150202 13:35,33,23,48,22,35,25,67,75,74,26,10306,87,83,75,70,68
20150202 13:36,33,18,45,22,30,24,67,75,74,26,10306,87,83,75,70,69
20150202 13:37,45,19,44,21,60,33,68,76,75,29,10306,87,83,75,70,69
20150202 13:38,59,20,44,20,58,27,67,76,75,28,10306,85,83,75,70,69
20150202 13:39,48,19,42,21,38,27,67,76,75,28,10307,85,83,75,70,69
20150202 13:40,35,18,41,20,31,27,67,76,75,28,10307,85,83,75,70,69
20150202 13:41,30,16,38,20,30,25,67,76,75,28,10307,85,83,75,70,69
20150202 13:42,31,19,37,20,32,28,67,76,75,28,10307,86,83,75,70,69
20150202 13:43,29,28,37,21,26,41,67,75,74,26,10307,85,83,75,70,69
20150202 13:44,32,32,38,22,38,36,67,74,73,24,10306,85,83,75,70,69
20150202 13:45,37,31,38,23,35,42,67,74,73,24,10306,84,82,75,70,69
20150202 13:46,39,29,39,24,43,31,67,74,73,24,10306,83,82,75,70,69
20150202 13:47,43,25,37,24,43,31,67,74,73,24,10306,84,82,75,70,69
20150202 13:48,47,26,37,25,50,41,67,74,73,24,10306,84,82,75,70,69
20150202 13:49,48,26,37,26,47,44,67,74,73,24,10306,83,82,75,70,69
20150202 13:50,46,27,39,27,46,36,66,74,72,23,10306,83,82,75,71,69
20150202 13:51,43,25,40,27,40,31,66,73,71,21,10305,83,82,75,71,69
20150202 13:52,44,25,42,28,48,37,66,74,72,23,10305,83,82,75,71,69
20150202 13:53,54,25,45,26,60,30,66,74,72,23,10305,83,82,75,71,69
20150202 13:54,56,21,46,26,52,29,66,74,72,23,10305,83,82,75,71,69
20150202 13:55,53,24,48,25,53,38,66,74,72,23,10305,83,82,75,71,69
20150202 13:56,56,27,50,25,58,36,66,74,72,23,10305,83,82,75,71,69
20150202 13:57,53,25,50,25,48,39,66,74,72,23,10305,82,81,75,71,69
20150202 13:58,52,19,51,24,56,20,66,74,72,23,10305,81,81,75,71,69
20150202 13:59,53,18,51,23,51,29,66,75,73,25,10305,82,81,75,71,69
20150202 14:00,51,21,52,23,51,26,66,75,73,25,10304,82,81,75,71,69
20150202 14:01,48,25,52,24,46,41,67,75,74,26,10304,82,81,75,71,69
20150202 14:02,42,27,51,23,39,29,66,74,72,23,10305,82,81,75,71,69
20150202 14:03,50,21,52,23,61,23,66,74,72,23,10305,82,81,75,71,69
20150202 14:04,69,20,54,23,76,36,66,74,72,23,10305,83,81,76,71,69
20150202 14:05,69,21,55,22,61,32,66,75,73,25,10305,82,81,75,71,69
20150202 14:06,63,17,55,21,65,22,66,74,72,23,10305,82,81,76,71,69
20150202 14:07,69,17,58,21,73,32,67,75,74,26,10305,82,81,75,71,69
20150202 14:08,67,22,58,21,61,32,67,75,74,26,10306,83,81,75,71,69
20150202 14:09,67,23,61,22,74,29,67,74,73,24,10306,83,81,75,71,70
20150202 14:10,70,22,62,22,66,30,67,74,73,24,10306,83,81,75,71,70
20150202 14:11,59,24,63,21,51,32,67,74,73,24,10306,83,80,75,71,70
20150202 14:12,44,27,63,22,37,34,67,74,73,24,10306,83,80,76,71,70
20150202 14:13,44,21,62,21,51,26,67,74,73,24,10306,83,80,76,71,70
20150202 14:14,62,16,61,21,72,24,67,74,73,24,10306,83,80,75,71,70
20150202 14:15,60,24,60,22,49,39,67,74,73,24,10306,83,80,75,71,70
20150202 14:16,53,26,59,23,56,31,67,73,72,22,10306,83,80,76,72,70
20150202 14:17,48,22,56,23,40,28,67,73,72,22,10306,83,80,76,72,70
20150202 14:18,36,22,53,23,32,27,67,73,72,22,10306,83,80,76,72,70
20150202 14:19,35,21,49,23,38,28,67,73,72,22,10306,83,80,75,72,70
20150202 14:20,43,23,47,23,49,35,67,73,72,22,10306,83,80,75,72,70
20150202 14:21,44,26,46,23,39,36,67,73,72,22,10305,83,80,75,72,70
20150202 14:22,42,28,47,23,46,34,67,72,71,20,10305,83,80,75,72,70
20150202 14:23,45,29,46,24,44,37,67,72,71,20,10305,82,80,75,72,70
20150202 14:24,43,25,43,25,42,33,67,72,71,20,10305,82,80,75,72,70
20150202 14:25,40,18,42,23,37,21,67,72,71,20,10305,82,80,75,72,70
20150202 14:26,44,18,42,23,51,25,67,73,72,22,10305,83,80,75,72,70
20150202 14:27,44,23,41,23,36,31,67,72,71,20,10304,83,80,75,72,70
20150202 14:28,40,23,43,23,44,29,67,72,71,20,10304,84,80,75,72,70
20150202 14:29,52,20,45,23,59,29,67,72,71,20,10304,84,80,75,72,70
20150202 14:30,55,24,45,23,51,33,67,73,72,22,10303,83,80,75,72,70
20150202 14:31,50,25,46,23,49,29,67,72,71,20,10303,83,80,75,72,70
20150202 14:32,55,21,47,22,61,29,67,72,71,20,10303,83,80,75,72,70
20150202 14:33,53,22,48,22,46,32,67,72,71,20,10303,83,80,75,72,70
20150202 14:34,36,22,46,22,26,26,67,72,71,20,10302,83,80,75,72,70
20150202 14:35,34,16,47,21,42,29,67,72,71,20,10302,83,80,75,72,70
20150202 14:36,35,15,44,21,28,23,67,73,72,22,10302,84,80,75,72,70
20150202 14:37,32,23,44,21,36,34,67,73,72,22,10302,84,80,75,72,70
20150202 14:38,37,27,44,22,38,33,67,72,71,20,10302,84,80,75,72,70
20150202 14:39,36,21,41,21,34,22,67,72,71,20,10302,85,79,75,72,70
20150202 14:40,48,16,42,20,61,21,67,73,72,22,10302,86,79,75,72,70
20150202 14:41,42,19,40,20,25,28,67,72,71,20,10302,87,79,75,72,70
20150202 14:42,30,21,37,20,35,26,67,72,71,20,10302,88,79,75,72,70
20150202 14:43,34,21,36,20,33,27,67,72,71,20,10302,89,79,75,72,70
20150202 14:44,35,19,37,20,38,25,67,72,71,20,10302,90,79,75,72,70
20150202 14:45,35,21,36,21,31,31,68,72,71,21,10302,90,79,75,72,70
20150202 14:46,31,25,36,22,31,33,68,72,71,21,10302,90,79,75,72,70
20150202 14:47,35,25,36,21,38,30,68,71,70,19,10302,90,80,75,72,70
20150202 14:48,33,18,35,20,27,19,68,71,70,19,10302,90,80,75,72,71
20150202 14:49,45,9,38,19,62,17,68,72,71,21,10302,91,80,75,72,71
20150202 14:50,54,13,37,19,46,25,68,72,71,21,10302,93,80,75,72,71
20150202 14:51,47,20,39,19,48,29,69,72,72,22,10302,94,80,75,72,71
20150202 14:52,48,24,40,20,48,41,69,71,71,20,10301,94,80,75,72,71
20150202 14:53,42,25,40,20,36,30,69,70,70,18,10301,94,80,75,72,71
20150202 14:54,38,18,41,20,40,31,69,71,71,20,10301,95,80,75,72,71
20150202 14:55,44,20,42,19,49,32,69,71,71,20,10301,96,80,75,72,71
20150202 14:56,48,24,44,20,47,36,69,71,71,20,10301,96,80,75,73,71
20150202 14:57,44,27,44,20,41,34,69,71,71,20,10300,96,80,75,73,71
20150202 14:58,42,27,46,21,43,35,69,70,70,18,10300,97,80,75,73,71
20150202 14:59,37,27,43,23,32,35,69,70,70,18,10301,97,80,75,73,71
20150202 15:00,36,23,42,23,40,33,70,70,70,19,10301,98,80,75,73,71
20150202 15:01,47,21,43,24,53,30,70,70,70,19,10301,98,81,75,73,71
20150202 15:02,51,23,43,23,50,37,70,70,70,19,10301,98,81,75,73,71
20150202 15:03,58,21,46,23,67,24,70,69,69,17,10301,97,81,75,73,71
20150202 15:04,55,16,46,23,43,25,70,69,69,17,10301,97,81,75,73,71
20150202 15:05,46,18,46,23,49,26,70,70,70,19,10301,97,81,75,73,71
20150202 15:06,54,18,48,22,59,27,70,68,68,15,10301,97,81,75,73,71
20150202 15:07,55,20,49,21,51,34,70,69,69,17,10300,97,81,75,73,71
20150202 15:08,44,26,48,21,38,37,70,70,70,19,10300,96,81,75,73,71
20150202 15:09,44,25,50,21,50,27,70,69,69,17,10300,95,82,75,73,71
20150202 15:10,59,25,53,22,68,37,70,69,69,17,10300,94,82,75,73,71
20150202 15:11,58,31,52,23,49,42,70,70,70,19,10300,94,82,75,73,71
20150202 15:12,50,32,53,23,52,42,70,69,69,17,10300,92,82,75,73,71
20150202 15:13,56,29,52,24,60,39,70,69,69,17,10300,92,82,76,73,71
20150202 15:14,55,26,52,25,49,37,70,70,70,19,10300,92,82,75,73,71
20150202 15:15,52,21,53,25,54,21,70,70,70,19,10300,91,82,76,73,71
20150202 15:16,55,18,53,25,57,27,70,70,70,19,10299,91,82,76,73,71
20150202 15:17,55,24,53,26,53,39,70,70,70,19,10299,90,82,76,73,71
20150202 15:18,55,22,55,25,58,20,70,70,70,19,10298,90,82,76,73,71
20150202 15:19,62,18,57,24,66,33,70,70,70,19,10298,90,82,76,73,71
20150202 15:20,61,23,55,24,57,36,70,70,70,19,10298,89,83,76,73,71
20150202 15:21,60,28,57,24,62,37,70,70,70,19,10298,89,83,76,73,71
20150202 15:22,55,29,56,23,48,33,70,69,69,17,10298,88,83,76,73,71
20150202 15:23,53,24,56,23,58,30,69,69,69,16,10298,87,83,76,73,71
20150202 15:24,53,22,56,23,49,31,69,69,69,16,10298,86,83,76,73,71
20150202 15:25,52,21,56,23,55,33,69,69,69,16,10298,86,83,76,73,71
20150202 15:26,53,16,56,22,50,19,69,70,70,18,10298,86,83,76,73,71
20150202 15:27,49,15,55,21,49,22,70,70,70,19,10298,86,83,76,73,71
20150202 15:28,48,23,54,22,48,41,70,70,70,19,10299,86,83,76,73,71
20150202 15:29,43,27,51,23,38,37,69,70,70,18,10299,85,83,76,73,71
20150202 15:30,39,29,50,24,40,38,69,69,69,16,10298,86,82,76,73,71
20150202 15:31,45,30,49,23,51,35,69,69,69,16,10298,87,82,76,73,71
20150202 15:32,53,28,49,23,55,37,70,70,70,19,10298,89,82,76,73,71
20150202 15:33,50,29,48,24,45,40,70,70,70,19,10298,90,82,76,73,71
20150202 15:34,50,28,49,25,55,43,70,70,70,19,10298,91,82,76,73,71
20150202 15:35,49,27,48,26,44,50,70,70,70,19,10298,92,82,76,73,72
20150202 15:36,41,27,46,27,38,30,70,69,69,17,10298,93,82,76,73,72
20150202 15:37,50,24,47,27,61,32,70,69,69,17,10299,94,82,76,73,72
20150202 15:38,60,25,48,27,58,38,70,69,69,17,10299,94,82,76,73,72
20150202 15:39,61,21,51,26,63,22,70,69,69,17,10299,94,82,76,73,72
20150202 15:40,62,18,53,25,60,27,71,70,71,20,10300,94,82,76,73,72
20150202 15:41,56,19,53,24,52,29,71,69,70,18,10300,93,82,76,73,72
20150202 15:42,61,16,55,23,71,18,71,69,70,18,10300,93,82,76,73,72
20150202 15:43,63,16,56,21,55,23,71,70,71,20,10301,92,82,76,73,72
20150202 15:44,65,19,58,21,76,31,71,69,70,18,10301,91,82,76,73,72
20150202 15:45,74,25,61,21,72,34,71,69,70,18,10301,90,82,76,73,72
20150202 15:46,65,23,63,20,58,25,71,69,70,18,10302,87,82,76,73,72
20150202 15:47,61,21,63,20,63,29,70,69,69,17,10302,87,82,76,73,72
20150202 15:48,64,22,63,20,64,26,70,69,69,17,10302,86,82,76,73,72
20150202 15:49,63,21,63,20,62,30,70,69,69,17,10302,85,82,76,73,72
20150202 15:50,68,20,65,20,74,25,70,69,69,17,10302,84,82,76,73,72
20150202 15:51,75,22,67,21,77,47,70,70,70,19,10302,84,82,76,73,72
20150202 15:52,72,31,67,23,67,45,70,70,70,19,10302,83,82,77,74,72
20150202 15:53,72,33,69,24,76,38,70,70,70,19,10302,82,82,76,73,72
20150202 15:54,75,29,69,25,74,35,70,70,70,19,10302,82,82,77,74,72
20150202 15:55,71,25,68,24,68,35,70,71,71,21,10301,82,82,77,74,72
20150202 15:56,61,24,68,25,54,35,70,71,71,21,10301,82,82,77,74,72
20150202 15:57,59,22,68,25,64,26,70,70,70,19,10301,82,82,77,74,72
20150202 15:58,65,22,68,25,65,36,70,70,70,19,10301,82,82,77,74,72
20150202 15:59,67,22,69,25,68,27,70,71,71,21,10301,82,82,77,74,72
20150202 16:00,70,20,68,25,71,26,70,71,71,21,10301,81,82,77,74,72
20150202 16:01,72,21,68,25,72,35,70,71,71,21,10301,81,82,77,74,72
20150202 16:02,78,26,70,24,83,37,70,71,71,21,10300,81,82,77,74,72
20150202 16:03,85,29,71,24,87,30,70,71,71,21,10300,80,82,77,74,72
20150202 16:04,79,22,70,23,72,27,70,70,70,19,10300,80,82,77,74,72
20150202 16:05,68,17,70,22,65,27,70,71,71,21,10300,80,82,77,74,72
20150202 16:06,64,19,71,22,63,33,70,71,71,21,10299,80,81,77,74,72
20150202 16:07,63,22,71,22,63,30,70,71,71,21,10299,79,81,77,74,72
20150202 16:08,63,20,71,22,63,26,70,71,71,21,10299,79,81,77,74,72
20150202 16:09,60,19,70,22,57,25,70,71,71,21,10299,79,81,77,74,72
20150202 16:10,60,18,69,21,63,26,70,71,71,21,10298,80,81,77,74,72
20150202 16:11,61,17,68,21,60,25,70,71,71,21,10298,81,81,77,74,72
20150202 16:12,56,22,65,20,53,43,70,71,71,21,10298,81,81,77,74,72
20150202 16:13,53,26,61,20,53,33,70,71,71,21,10298,81,81,77,74,72
20150202 16:14,53,24,59,21,53,34,70,70,70,19,10299,80,81,77,74,72
20150202 16:15,51,25,58,22,50,31,69,70,70,18,10298,80,81,77,74,72
20150202 16:16,57,23,58,21,64,28,69,70,70,18,10298,80,81,77,74,72
20150202 16:17,59,23,57,22,54,38,69,70,70,18,10298,81,80,77,74,72
20150202 16:18,55,28,56,23,57,40,69,70,70,18,10298,80,80,77,74,72
20150202 16:19,62,31,57,24,68,43,69,70,70,18,10297,79,80,77,74,72
20150202 16:20,66,29,58,25,64,35,69,70,70,18,10297,78,80,77,74,72
20150202 16:21,64,22,58,26,64,24,69,71,71,20,10297,78,80,77,74,72
20150202 16:22,67,23,60,25,71,32,69,71,71,20,10297,79,80,77,74,72
20150202 16:23,74,26,62,26,77,39,69,70,70,18,10297,79,80,77,74,72
20150202 16:24,77,26,65,26,78,36,69,71,71,20,10297,78,80,77,74,72
20150202 16:25,74,28,67,26,71,37,69,70,70,18,10298,77,80,77,74,72
20150202 16:26,68,26,67,26,65,34,69,70,70,18,10299,77,80,77,74,72
20150202 16:27,63,25,68,26,62,38,69,70,70,18,10300,77,80,77,74,72
20150202 16:28,65,24,69,26,68,32,69,70,70,18,10300,76,80,77,74,72
20150202 16:29,61,24,67,25,53,31,69,70,70,18,10300,76,80,77,74,72
20150202 16:30,55,24,67,25,57,29,69,69,69,16,10300,75,79,77,74,73
20150202 16:31,67,17,68,24,77,19,69,70,70,18,10300,75,79,77,74,73
20150202 16:32,77,17,69,23,78,25,69,70,70,18,10299,75,79,77,74,73
20150202 16:33,76,21,68,23,73,34,69,70,70,18,10299,74,79,77,74,73
20150202 16:34,73,24,68,23,73,30,69,70,70,18,10299,74,79,77,74,73
20150202 16:35,71,23,68,22,69,28,69,70,70,18,10300,74,79,77,74,73
20150202 16:36,69,21,68,22,69,30,69,70,70,18,10300,73,79,77,74,73
20150202 16:37,65,19,68,21,61,21,69,70,70,18,10301,72,79,77,74,73
20150202 16:38,59,18,67,20,57,30,68,70,69,17,10302,72,79,77,74,73
20150202 16:39,54,18,67,20,52,24,68,70,69,17,10302,71,79,77,74,73
20150202 16:40,59,20,67,20,65,34,68,70,69,17,10302,71,78,77,74,73
20150202 16:41,66,25,66,21,67,33,68,70,69,17,10302,70,78,77,74,73
20150202 16:42,63,23,64,21,58,26,68,70,69,17,10302,70,78,77,74,73
20150202 16:43,60,19,63,21,61,23,68,70,69,17,10302,70,78,77,74,73
20150202 16:44,61,18,62,20,60,22,68,70,69,17,10303,70,78,77,74,73
20150202 16:45,62,16,61,19,63,18,68,70,69,17,10303,70,78,77,74,73
20150202 16:46,63,13,61,18,62,14,68,70,69,17,10303,69,78,77,75,73
20150202 16:47,71,15,62,19,79,27,68,71,70,19,10302,69,78,77,75,73
20150202 16:48,79,21,64,19,78,29,68,71,70,19,10302,69,77,77,75,73
20150202 16:49,78,23,67,20,77,30,68,70,69,17,10302,69,77,77,75,73
20150202 16:50,70,21,67,19,62,25,68,71,70,19,10302,68,77,77,75,73
20150202 16:51,61,19,66,18,60,25,68,71,70,19,10302,68,77,77,75,73
20150202 16:52,61,18,66,18,62,28,68,71,70,19,10302,68,77,76,75,73
20150202 16:53,61,21,66,19,60,34,68,71,70,19,10302,67,77,76,75,73
20150202 16:54,55,21,65,19,49,29,68,71,70,19,10302,67,77,76,75,73
20150202 16:55,54,17,65,19,59,23,68,71,70,19,10302,67,77,76,75,73
20150202 16:56,58,21,64,21,57,36,68,71,70,19,10302,67,76,76,75,73
20150202 16:57,52,28,61,22,47,35,68,70,69,17,10303,67,76,76,75,73
20150202 16:58,49,22,58,21,51,24,68,70,69,17,10303,66,76,76,75,73
20150202 16:59,56,16,57,20,62,25,67,71,70,18,10303,66,76,76,75,73
20150202 17:00,56,15,56,20,49,18,67,71,70,18,10304,66,76,76,75,73
20150202 17:01,42,15,53,19,36,28,67,71,70,18,10304,66,76,76,75,73
20150202 17:02,46,18,53,19,55,31,67,71,70,18,10303,66,76,76,75,73
20150202 17:03,58,19,53,19,60,26,67,70,69,16,10303,66,75,76,75,73
20150202 17:04,59,17,53,19,58,25,67,70,69,16,10303,66,75,76,75,73
20150202 17:05,64,19,55,19,70,23,67,71,70,18,10303,66,75,76,75,73
20150202 17:06,68,18,56,18,67,22,67,71,70,18,10303,65,75,76,75,73
20150202 17:07,61,17,56,17,56,23,67,71,70,18,10303,65,75,76,75,73
20150202 17:08,57,18,57,17,58,25,67,71,70,18,10303,65,75,76,75,73
20150202 17:09,63,16,58,17,68,20,67,71,70,18,10303,65,75,76,75,73
20150202 17:10,70,16,60,17,73,26,67,71,70,18,10303,64,74,76,75,73
20150202 17:11,69,19,63,18,64,27,67,71,70,18,10303,64,74,76,75,73
20150202 17:12,68,19,65,18,72,22,67,71,70,18,10302,64,74,76,75,73
20150202 17:13,69,17,65,18,66,22,67,71,70,18,10302,64,74,76,75,73
20150202 17:14,69,18,67,18,73,22,67,72,71,20,10302,64,74,76,75,73
20150202 17:15,77,18,68,18,82,23,67,72,71,20,10302,64,74,76,75,73
20150202 17:16,76,17,68,18,70,21,67,72,71,20,10302,64,74,76,75,73
20150202 17:17,72,18,70,18,74,25,67,72,71,20,10302,64,74,76,75,73
20150202 17:18,71,19,71,18,68,24,67,72,71,20,10302,63,73,76,75,73
20150202 17:19,65,19,70,18,62,27,67,72,71,20,10303,63,73,76,75,73
20150202 17:20,66,20,70,18,71,25,67,72,71,20,10303,63,73,76,75,73
20150202 17:21,68,18,70,18,66,22,67,72,71,20,10303,63,73,75,75,73
20150202 17:22,66,16,70,18,65,21,66,72,70,19,10304,62,73,75,75,73
20150202 17:23,66,18,70,18,68,27,66,73,71,21,10304,62,73,75,75,73
20150202 17:24,69,20,70,18,70,30,66,73,71,21,10304,62,73,75,75,73
20150202 17:25,70,21,69,19,71,32,66,73,71,21,10303,62,73,75,75,73
20150202 17:26,72,22,69,19,73,27,66,73,71,21,10303,62,73,75,75,73
20150202 17:27,72,22,69,20,72,32,66,73,71,21,10303,62,72,75,75,73
20150202 17:28,70,25,69,21,68,36,66,73,71,21,10303,61,72,75,75,73
20150202 17:29,67,24,69,21,66,34,66,73,71,21,10303,61,72,75,75,73
20150202 17:30,67,24,69,21,68,36,66,73,71,21,10303,61,72,75,75,73
20150202 17:31,65,24,68,22,63,35,66,73,71,21,10303,61,72,75,75,74
20150202 17:32,58,23,67,23,53,35,66,73,71,21,10303,61,72,75,75,73
20150202 17:33,54,24,66,23,56,34,66,73,71,21,10304,60,72,75,75,73
20150202 17:34,57,24,65,24,57,30,66,73,71,21,10304,60,72,75,75,74
20150202 17:35,59,27,64,24,62,42,66,73,71,21,10304,60,71,75,75,74
20150202 17:36,65,29,63,25,67,37,66,73,71,21,10304,60,71,75,75,74
20150202 17:37,64,23,62,25,62,27,66,73,71,21,10304,60,71,75,75,74
20150202 17:38,59,19,61,24,56,30,65,73,71,20,10304,60,71,75,75,74
20150202 17:39,60,19,61,23,63,24,65,73,71,20,10304,59,71,75,75,74
20150202 17:40,60,18,60,22,57,28,65,73,71,20,10304,59,71,75,75,74
20150202 17:41,55,18,58,22,52,30,65,73,71,20,10304,59,71,74,75,74
20150202 17:42,56,22,59,22,61,34,65,73,71,20,10304,59,71,74,75,74
20150202 17:43,58,24,59,22,55,29,65,73,71,20,10304,59,70,74,75,74
20150202 17:44,57,22,59,22,59,31,65,73,71,20,10303,59,70,74,75,74
20150202 17:45,57,22,59,21,55,36,65,74,72,22,10303,59,70,74,75,74
20150202 17:46,57,22,58,21,59,28,65,73,71,20,10303,59,70,74,75,74
20150202 17:47,63,21,58,21,67,32,65,74,72,22,10303,59,70,74,75,74
20150202 17:48,66,22,59,21,65,30,65,74,72,22,10303,59,70,74,75,74
20150202 17:49,64,19,59,21,63,26,65,74,72,22,10303,58,70,74,75,74
20150202 17:50,67,20,61,22,71,33,65,74,72,22,10303,58,70,74,75,74
20150202 17:51,72,23,63,22,72,29,65,74,72,22,10303,58,69,74,75,74
20150202 17:52,72,19,64,21,71,23,65,74,72,22,10303,58,69,74,75,74
20150202 17:53,70,19,65,21,70,36,65,75,73,24,10304,58,69,74,75,74
20150202 17:54,69,26,66,22,68,39,65,75,73,24,10304,58,69,74,75,74
20150202 17:55,68,25,67,22,68,35,65,75,73,24,10303,58,69,74,75,74
20150202 17:56,70,21,69,22,71,30,65,75,73,24,10303,58,69,74,75,74
20150202 17:57,70,23,69,22,69,29,64,75,72,23,10303,58,69,74,75,74
20150202 17:58,69,26,69,22,70,33,64,75,72,23,10303,58,69,74,75,74
20150202 17:59,70,24,70,23,70,28,64,74,71,21,10303,58,69,73,75,74
20150202 18:00,70,21,70,22,70,27,64,74,71,21,10304,57,69,73,75,74
20150202 18:01,71,22,70,23,72,34,64,74,71,21,10304,57,68,73,75,74
20150202 18:02,72,21,70,23,72,25,64,74,71,21,10304,57,68,73,75,74
20150202 18:03,72,17,70,22,71,26,64,75,72,23,10304,57,68,73,75,74
20150202 18:04,68,18,70,21,64,30,64,75,72,23,10304,57,68,73,75,74
20150202 18:05,65,25,70,22,66,47,64,75,72,23,10305,57,68,73,75,74
20150202 18:06,64,27,69,22,62,34,64,75,72,23,10305,57,68,73,75,74
20150202 18:07,66,23,69,22,69,33,64,75,72,23,10305,57,68,73,75,74
20150202 18:08,65,22,68,22,61,30,64,75,72,23,10305,57,68,73,75,74
20150202 18:09,59,24,66,22,57,31,64,75,72,23,10305,57,68,73,75,74
20150202 18:10,56,25,65,23,54,37,64,75,72,23,10306,57,68,73,75,74
20150202 18:11,56,27,63,23,58,46,64,75,72,23,10305,57,68,73,75,74
20150202 18:12,63,28,63,24,68,36,64,75,72,23,10305,57,67,73,75,74
20150202 18:13,63,31,62,26,58,46,64,75,72,23,10305,57,67,73,75,74
20150202 18:14,58,35,61,27,58,45,64,75,72,23,10305,56,67,73,75,74
20150202 18:15,58,34,60,28,57,45,64,75,72,23,10306,56,67,73,75,74
20150202 18:16,61,34,60,29,65,42,64,75,72,23,10306,56,67,73,75,74
20150202 18:17,61,32,59,30,57,38,64,75,72,23,10306,56,67,73,75,74
20150202 18:18,61,30,60,30,64,41,64,75,72,23,10306,56,67,72,75,74
20150202 18:19,62,30,60,31,60,43,64,75,72,23,10306,56,67,72,75,74
20150202 18:20,55,24,60,30,51,25,64,76,73,25,10306,56,67,72,74,74
20150202 18:21,56,20,60,30,61,38,64,76,73,25,10306,56,67,72,74,74
20150202 18:22,61,28,59,30,61,46,63,76,73,24,10306,56,67,72,74,74
20150202 18:23,59,34,59,30,58,43,63,76,73,24,10307,56,66,72,74,74
20150202 18:24,57,27,59,29,56,36,63,76,73,24,10307,56,66,72,74,74
20150202 18:25,60,23,60,28,64,37,63,76,73,24,10307,55,66,72,74,74
20150202 18:26,62,27,59,27,61,38,63,76,73,24,10307,55,66,72,74,74
20150202 18:27,56,27,59,27,51,32,63,76,73,24,10307,55,66,72,74,74
20150202 18:28,52,21,58,26,52,35,63,76,73,24,10307,55,66,72,74,74
20150202 18:29,54,20,57,25,56,29,63,77,73,26,10308,55,66,72,74,74
20150202 18:30,54,22,57,25,53,33,63,77,73,26,10308,55,66,72,74,74
20150202 18:31,52,21,56,25,51,32,63,77,73,26,10308,55,66,72,74,74
20150202 18:32,56,21,56,24,61,38,63,77,73,26,10308,55,66,72,74,74
20150202 18:33,59,21,56,23,58,33,63,77,73,26,10308,55,66,72,74,74
20150202 18:34,61,20,57,22,65,26,62,77,73,25,10307,55,66,72,74,74
20150202 18:35,69,22,58,22,73,37,62,77,73,25,10307,55,65,72,74,74
20150202 18:36,71,23,59,22,69,33,62,77,73,25,10307,55,65,71,74,74
20150202 18:37,67,22,60,21,64,34,62,77,73,25,10307,55,65,71,74,74
20150202 18:38,66,25,62,22,69,37,62,78,74,27,10307,55,65,71,74,74
20150202 18:39,64,29,62,23,59,48,62,77,73,25,10307,55,65,71,74,74
20150202 18:40,60,30,63,24,61,40,62,77,73,25,10307,55,65,71,74,74
20150202 18:41,60,33,64,26,60,48,62,77,73,25,10307,54,65,71,74,74
20150202 18:42,63,32,64,26,65,40,62,77,73,25,10307,54,65,71,74,74
20150202 18:43,64,27,65,27,62,33,62,77,73,25,10307,54,65,71,74,74
20150202 18:44,63,26,65,27,64,37,62,77,73,25,10307,54,65,71,74,74
20150202 18:45,63,26,63,27,62,31,61,77,72,24,10308,54,65,71,74,74
20150202 18:46,60,22,62,27,58,29,61,77,72,24,10308,54,65,71,74,74
20150202 18:47,52,22,61,27,46,32,61,77,72,24,10308,54,65,71,74,74
20150202 18:48,55,23,60,27,63,29,61,77,72,24,10308,54,64,71,74,74
20150202 18:49,60,25,60,27,58,40,61,77,72,24,10309,54,64,71,74,74
20150202 18:50,60,28,60,26,62,37,61,77,72,24,10309,54,64,71,74,74
20150202 18:51,63,25,60,25,64,31,61,77,72,24,10309,54,64,71,74,74
20150202 18:52,64,22,60,24,64,31,61,77,72,24,10309,54,64,71,74,74
20150202 18:53,62,21,60,24,60,30,61,77,72,24,10310,54,64,71,74,74
20150202 18:54,60,24,60,24,60,40,61,77,72,24,10310,54,64,71,74,74
20150202 18:55,62,25,60,24,63,39,61,77,72,24,10310,54,64,70,74,74
20150202 18:56,61,22,60,24,59,24,61,77,72,24,10311,54,64,70,74,74
20150202 18:57,61,23,62,24,62,30,61,77,72,24,10311,54,64,70,74,74
20150202 18:58,64,25,62,24,66,28,61,77,72,24,10311,53,64,70,74,74
20150202 18:59,63,22,62,23,60,27,61,77,72,24,10311,53,64,70,74,74
20150202 19:00,55,22,61,23,51,31,61,77,72,24,10311,53,64,70,74,74
20150202 19:01,52,25,60,23,53,40,61,77,72,24,10311,53,64,70,74,74
20150202 19:02,58,27,60,24,64,31,61,77,72,24,10311,53,63,70,74,74
20150202 19:03,56,21,59,23,48,26,60,77,72,23,10311,53,63,70,74,74
20150202 19:04,47,19,57,23,46,31,60,77,72,23,10311,53,63,70,74,74
20150202 19:05,47,21,56,23,49,25,60,78,73,25,10311,53,63,70,74,74
20150202 19:06,49,20,55,22,50,25,60,78,73,25,10312,53,63,70,74,74
20150202 19:07,49,21,53,22,48,32,60,78,73,25,10312,53,63,70,74,74
20150202 19:08,49,23,52,22,50,34,60,77,72,23,10312,53,63,70,74,74
20150202 19:09,50,22,51,22,51,32,60,77,72,23,10312,53,63,70,74,74
20150202 19:10,57,21,52,22,63,32,60,77,72,23,10312,53,63,70,74,74
20150202 19:11,59,25,52,22,56,46,60,77,72,23,10312,53,63,70,74,74
20150202 19:12,56,30,52,23,57,44,60,77,72,23,10311,53,63,70,74,74
20150202 19:13,60,29,53,23,64,39,60,77,72,23,10311,53,63,70,74,74
20150202 19:14,66,27,56,24,69,39,60,77,72,23,10310,53,63,70,74,74
20150202 19:15,72,27,58,25,76,46,60,77,72,23,10310,52,63,69,73,74
20150202 19:16,72,31,60,26,69,45,60,77,72,23,10309,52,63,69,73,74
20150202 19:17,71,31,63,27,74,33,60,77,72,23,10309,52,63,69,73,74
20150202 19:18,73,23,65,26,71,32,59,77,71,22,10309,52,63,69,73,74
20150202 19:19,71,23,67,27,70,35,59,78,72,24,10309,52,62,69,73,74
20150202 19:20,65,25,67,27,61,36,59,78,72,24,10309,51,62,69,73,74
20150202 19:21,63,27,68,27,65,40,59,78,72,24,10309,51,62,69,73,74
20150202 19:22,63,25,68,26,60,34,59,78,72,24,10309,51,62,69,73,74
20150202 19:23,58,23,67,26,56,30,59,78,72,24,10309,51,62,69,73,74
20150202 19:24,58,24,66,26,59,38,59,78,72,24,10309,51,62,69,73,74
20150202 19:25,59,25,64,25,59,33,59,78,72,24,10309,51,62,69,73,74
20150202 19:26,58,27,63,25,58,39,59,78,72,24,10310,51,62,69,73,74
20150202 19:27,52,26,61,24,46,32,59,78,72,24,10310,51,62,69,73,74
20150202 19:28,49,25,59,25,52,40,59,78,72,24,10310,51,62,69,73,74
20150202 19:29,49,25,56,25,47,31,59,78,72,24,10310,51,62,69,73,74
20150202 19:30,47,24,55,25,47,35,59,78,72,24,10311,51,62,69,73,74
20150202 19:31,49,28,54,25,51,41,58,78,72,23,10311,51,62,69,73,74
20150202 19:32,49,30,52,26,46,38,59,78,72,24,10311,51,62,69,73,74
20150202 19:33,46,25,51,26,46,35,58,78,72,23,10311,51,62,69,73,74
20150202 19:34,44,27,49,26,43,40,58,78,72,23,10311,51,61,69,73,74
20150202 19:35,44,26,48,26,45,24,58,78,72,23,10311,51,61,69,73,74
20150202 19:36,51,17,48,24,57,20,58,78,72,23,10311,51,61,68,73,74
20150202 19:37,53,17,48,24,50,32,58,78,72,23,10312,51,61,68,73,74
20150202 19:38,49,21,48,24,48,30,58,78,72,23,10312,51,61,68,73,74
20150202 19:39,50,24,48,24,52,42,58,78,72,23,10312,51,61,68,73,74
20150202 19:40,55,25,49,24,57,33,58,78,72,23,10312,51,61,68,73,74
20150202 19:41,50,27,49,24,42,38,58,78,72,23,10312,51,61,68,73,74
20150202 19:42,50,27,50,23,58,39,58,78,72,23,10312,51,61,68,73,74
20150202 19:43,58,18,51,22,58,19,58,78,72,23,10312,51,61,68,73,74
20150202 19:44,60,16,53,21,62,24,58,78,72,23,10312,51,61,68,73,74
20150202 19:45,63,17,55,21,64,21,58,78,72,23,10312,51,61,68,73,74
20150202 19:46,62,17,55,21,60,24,58,78,72,23,10313,51,61,68,73,74
20150202 19:47,57,16,56,20,54,21,58,78,72,23,10313,51,61,68,73,74
20150202 19:48,58,11,57,19,63,9,58,78,72,23,10313,51,61,68,73,74
20150202 19:49,66,11,59,18,70,17,58,79,73,24,10313,51,61,68,73,74
20150202 19:50,72,12,61,16,75,13,58,79,73,24,10313,51,61,68,73,74
20150202 19:51,69,11,63,15,64,21,58,79,73,24,10313,51,60,68,73,74
20150202 19:52,62,16,63,14,60,25,58,79,73,24,10313,51,60,68,73,74
20150202 19:53,58,19,63,15,56,26,58,79,73,24,10312,51,60,68,73,74
20150202 19:54,53,18,62,15,50,22,58,79,73,24,10312,51,60,68,73,74
20150202 19:55,54,19,61,15,57,26,58,79,73,24,10312,51,60,68,73,74
20150202 19:56,50,22,59,16,42,30,58,79,73,24,10313,51,60,68,73,74
20150202 19:57,48,24,59,17,54,41,58,79,73,24,10313,51,60,68,73,74
20150202 19:58,50,26,57,19,45,39,58,78,72,23,10314,51,60,67,73,74
20150202 19:59,52,28,56,20,58,37,58,78,72,23,10315,51,60,67,73,74
20150202 20:00,59,29,55,22,61,37,58,78,72,23,10315,51,60,67,73,74
