time_now,wd_avg_2mins,ws_avg_2mins,wd_avg_10mins,ws_avg_10mins,wd_maxsp_this_min,ws_maxsp_this_min,air_temp_by_box,relative_humidity,water_vapor_pressure,dew_temp,station_pressure,ground_temp_pt,ground_tem_5cm,ground_tem_10cm,ground_tem_15cm,ground_tem_20cm
20160204 20:01,80,10,77,10,79,12,1,84,52,-23,10302,-7,30,53,60,60
20160204 20:02,77,10,77,10,76,11,0,85,52,-22,10302,-7,30,53,60,60
20160204 20:03,76,10,78,10,76,11,0,85,52,-22,10303,-7,30,53,60,60
20160204 20:04,75,10,78,10,74,11,0,85,52,-22,10303,-7,30,53,60,60
20160204 20:05,74,11,78,10,74,11,-1,85,52,-23,10303,-8,30,53,60,60
20160204 20:06,74,11,78,10,75,12,-1,85,52,-23,10303,-8,30,53,60,60
20160204 20:07,75,11,77,11,76,13,-1,85,52,-23,10302,-8,30,53,60,60
20160204 20:08,76,12,77,11,76,14,-2,86,52,-23,10302,-8,30,52,60,60
20160204 20:09,77,13,77,11,78,15,-2,86,52,-23,10302,-8,29,52,60,60
20160204 20:10,80,14,76,12,81,14,-2,87,52,-21,10301,-8,29,52,59,60
20160204 20:11,82,14,77,12,82,14,-2,87,52,-21,10301,-8,29,52,59,60
20160204 20:12,82,13,77,12,81,14,-2,87,52,-21,10302,-8,29,52,59,60
20160204 20:13,80,13,77,12,78,13,-3,87,52,-22,10302,-8,29,52,59,60
20160204 20:14,76,12,77,13,74,13,-3,87,52,-22,10302,-8,29,52,59,60
20160204 20:15,72,12,77,13,69,12,-3,87,52,-22,10302,-8,29,52,59,60
20160204 20:16,67,11,76,13,66,11,-4,88,52,-21,10302,-8,29,52,59,60
20160204 20:17,66,11,75,12,66,13,-4,88,52,-21,10302,-8,29,52,59,60
20160204 20:18,66,11,74,12,66,13,-4,88,52,-21,10301,-8,29,51,59,60
20160204 20:19,65,11,73,12,64,11,-5,88,52,-22,10301,-9,29,51,59,60
20160204 20:20,63,10,71,11,62,10,-5,88,52,-22,10301,-9,28,51,59,60
20160204 20:21,62,10,69,11,61,11,-5,88,52,-22,10302,-9,28,51,59,60
20160204 20:22,61,10,67,11,60,12,-6,87,51,-25,10302,-9,28,51,59,60
20160204 20:23,62,10,65,11,63,12,-6,87,51,-25,10302,-9,28,51,59,60
20160204 20:24,65,11,64,11,67,14,-6,87,51,-25,10302,-9,28,51,59,60
20160204 20:25,69,12,65,11,71,14,-7,88,51,-24,10302,-9,28,51,59,60
20160204 20:26,71,12,65,11,71,13,-7,88,51,-24,10302,-9,28,51,59,60
20160204 20:27,71,11,66,11,71,12,-7,88,51,-24,10302,-9,28,51,59,60
20160204 20:28,72,11,66,11,73,13,-7,89,52,-23,10302,-9,28,51,58,60
20160204 20:29,72,12,67,11,72,13,-7,89,52,-23,10302,-9,28,51,58,60
20160204 20:30,71,12,68,11,70,13,-7,90,52,-21,10303,-9,28,50,58,60
20160204 20:31,70,12,69,11,70,13,-6,90,53,-20,10303,-9,27,50,58,60
20160204 20:32,70,13,70,12,70,14,-6,90,53,-20,10303,-9,27,50,58,60
20160204 20:33,70,12,70,12,69,13,-6,90,53,-20,10303,-9,27,50,58,60
20160204 20:34,69,12,71,12,69,13,-6,90,53,-20,10302,-9,27,50,58,60
20160204 20:35,67,12,70,12,64,13,-6,91,53,-19,10302,-10,27,50,58,60
20160204 20:36,65,12,69,12,66,13,-6,91,53,-19,10302,-10,27,50,58,60
20160204 20:37,66,12,69,12,65,14,-7,91,53,-20,10302,-10,27,50,58,60
20160204 20:38,65,13,68,12,64,14,-7,91,53,-20,10302,-10,27,50,58,60
20160204 20:39,65,13,67,12,65,15,-7,91,53,-20,10301,-10,27,50,58,60
20160204 20:40,64,13,67,13,64,15,-7,91,53,-20,10301,-10,27,50,58,60
20160204 20:41,63,13,66,13,63,14,-7,91,53,-20,10301,-10,27,49,58,60
20160204 20:42,62,13,65,13,62,14,-7,91,53,-20,10301,-10,27,49,58,60
20160204 20:43,63,12,64,13,63,14,-7,91,53,-20,10301,-10,26,49,58,60
20160204 20:44,62,12,64,13,62,16,-7,91,53,-20,10301,-10,26,49,58,60
20160204 20:45,61,12,63,13,60,13,-7,91,53,-20,10301,-10,26,49,58,60
20160204 20:46,60,12,63,13,61,14,-7,91,53,-20,10301,-10,26,49,58,60
20160204 20:47,61,12,63,13,61,15,-7,91,53,-20,10301,-10,26,49,58,60
20160204 20:48,62,13,63,13,64,15,-7,92,53,-18,10300,-10,26,49,57,60
20160204 20:49,63,13,62,12,63,16,-7,92,53,-18,10300,-10,26,49,57,59
20160204 20:50,64,13,62,13,64,16,-7,92,53,-18,10300,-10,26,49,57,59
20160204 20:51,65,14,63,13,65,18,-6,92,54,-17,10300,-10,26,49,57,59
20160204 20:52,65,15,63,13,65,18,-6,92,54,-17,10300,-11,26,49,57,59
20160204 20:53,65,16,63,13,66,21,-6,92,54,-17,10300,-11,26,49,57,59
20160204 20:54,66,16,64,14,66,20,-6,92,54,-17,10300,-11,26,48,57,59
20160204 20:55,66,15,64,14,67,21,-6,92,54,-17,10300,-11,25,48,57,59
20160204 20:56,66,15,65,14,66,21,-5,92,54,-16,10300,-11,25,48,57,59
20160204 20:57,66,16,65,15,66,23,-5,92,54,-16,10300,-11,25,48,57,59
20160204 20:58,66,16,65,15,66,19,-5,92,54,-16,10300,-11,25,48,57,59
20160204 20:59,66,16,66,16,66,22,-5,92,54,-16,10300,-11,25,48,57,59
20160204 21:00,66,18,66,16,66,21,-5,92,54,-16,10300,-11,25,48,57,59
20160204 21:01,66,18,66,16,66,23,-5,92,54,-16,10299,-11,25,48,57,59
20160204 21:02,66,17,66,17,67,22,-4,92,55,-15,10299,-11,25,48,57,59
20160204 21:03,67,17,66,17,68,22,-4,92,55,-15,10300,-11,25,48,57,59
20160204 21:04,69,16,67,17,69,21,-4,92,55,-15,10300,-11,25,48,57,59
20160204 21:05,68,16,67,17,67,19,-3,92,55,-14,10300,-11,25,48,57,59
20160204 21:06,67,15,67,17,67,21,-3,92,55,-14,10300,-11,25,48,57,59
20160204 21:07,66,14,67,16,65,16,-3,92,55,-14,10300,-11,25,47,56,59
20160204 21:08,64,13,66,16,62,16,-3,92,55,-14,10300,-11,25,47,56,59
20160204 21:09,63,12,66,15,64,17,-3,92,55,-14,10300,-11,24,47,56,59
20160204 21:10,65,13,66,15,65,16,-3,91,54,-16,10301,-11,24,47,56,59
20160204 21:11,65,13,66,14,65,15,-3,91,54,-16,10301,-11,24,47,56,59
20160204 21:12,65,13,66,14,66,15,-3,91,54,-16,10301,-11,24,47,56,59
20160204 21:13,66,13,66,14,66,15,-2,91,55,-15,10301,-11,24,47,56,59
20160204 21:14,65,12,65,13,64,13,-2,91,55,-15,10301,-11,24,47,56,59
20160204 21:15,64,11,65,13,63,13,-2,91,55,-15,10302,-11,24,47,56,59
20160204 21:16,63,12,64,12,64,13,-2,91,55,-15,10302,-12,24,47,56,59
20160204 21:17,63,11,64,12,62,13,-2,91,55,-15,10302,-12,24,47,56,59
20160204 21:18,59,11,64,12,57,15,-3,91,54,-16,10302,-12,24,47,56,59
20160204 21:19,57,12,63,12,57,15,-3,91,54,-16,10302,-12,24,47,56,59
20160204 21:20,57,11,62,12,57,14,-3,91,54,-16,10302,-12,24,46,56,59
20160204 21:21,57,11,61,12,58,13,-3,91,54,-16,10302,-12,24,46,56,59
20160204 21:22,60,11,61,11,63,12,-3,91,54,-16,10302,-12,23,46,56,59
20160204 21:23,62,10,61,11,61,12,-3,91,54,-16,10302,-12,23,46,56,59
20160204 21:24,61,10,60,11,61,13,-3,91,54,-16,10302,-12,23,46,56,59
20160204 21:25,61,10,60,11,61,11,-3,91,54,-16,10302,-12,23,46,56,59
20160204 21:26,60,9,60,10,59,11,-3,91,54,-16,10302,-12,23,46,56,59
20160204 21:27,61,9,60,10,63,12,-3,91,54,-16,10301,-12,23,46,56,59
20160204 21:28,64,9,60,10,65,11,-3,91,54,-16,10301,-12,23,46,55,59
20160204 21:29,66,10,61,10,67,12,-3,91,54,-16,10301,-12,23,46,55,59
20160204 21:30,67,10,62,10,67,13,-2,91,55,-15,10301,-13,23,46,55,59
20160204 21:31,66,11,63,10,66,14,-2,91,55,-15,10302,-13,23,46,55,59
20160204 21:32,65,10,63,10,64,11,-2,91,55,-15,10302,-13,23,46,55,59
20160204 21:33,65,9,64,10,67,11,-2,91,55,-15,10302,-13,23,46,55,59
20160204 21:34,67,8,65,9,68,10,-2,91,55,-15,10302,-13,23,45,55,59
20160204 21:35,70,8,66,9,73,9,-3,91,54,-16,10302,-13,23,45,55,58
20160204 21:36,74,8,68,9,76,9,-3,91,54,-16,10302,-13,23,45,55,59
20160204 21:37,76,7,69,9,77,8,-3,91,54,-16,10302,-13,22,45,55,58
20160204 21:38,77,7,70,9,77,7,-3,91,54,-16,10302,-13,22,45,55,58
20160204 21:39,75,6,71,8,73,8,-3,91,54,-16,10302,-13,22,45,55,58
20160204 21:40,74,7,72,8,74,9,-3,91,54,-16,10302,-13,22,45,55,58
20160204 21:41,73,8,72,8,71,9,-4,91,54,-17,10302,-13,22,45,55,58
20160204 21:42,70,9,73,8,69,9,-4,91,54,-17,10303,-13,22,45,55,58
20160204 21:43,68,8,73,8,68,8,-5,91,54,-18,10303,-13,22,45,55,58
20160204 21:44,67,7,72,8,66,8,-5,91,54,-18,10304,-14,22,45,55,58
20160204 21:45,66,7,72,8,65,7,-6,91,53,-19,10304,-14,22,45,55,58
20160204 21:46,65,6,70,7,65,7,-6,91,53,-19,10304,-14,22,45,55,58
20160204 21:47,64,6,69,7,64,7,-6,91,53,-19,10304,-14,22,45,55,58
20160204 21:48,67,6,68,7,69,8,-6,91,53,-19,10304,-14,22,45,55,58
20160204 21:49,70,7,68,8,72,8,-7,91,53,-20,10304,-14,22,45,54,58
20160204 21:50,71,7,68,7,71,8,-7,91,53,-20,10304,-14,22,45,54,58
20160204 21:51,72,7,68,7,72,7,-8,91,52,-21,10304,-14,22,44,54,58
20160204 21:52,73,7,69,7,75,7,-8,91,52,-21,10304,-14,22,44,54,58
20160204 21:53,74,7,69,7,73,7,-8,92,53,-19,10304,-14,21,44,54,58
20160204 21:54,71,7,70,7,70,7,-8,92,53,-19,10304,-14,21,44,54,58
20160204 21:55,67,6,70,7,64,6,-9,92,53,-20,10304,-14,21,44,54,58
20160204 21:56,63,5,69,7,61,6,-9,92,53,-20,10304,-14,21,44,54,58
20160204 21:57,60,5,69,7,59,5,-10,91,52,-23,10305,-14,21,44,54,58
20160204 21:58,59,5,68,6,59,5,-10,92,52,-21,10305,-14,21,44,54,58
20160204 21:59,57,5,66,6,56,7,-10,92,52,-21,10306,-14,21,44,54,58
20160204 22:00,56,6,64,6,55,7,-10,92,52,-21,10306,-15,21,44,54,58
20160204 22:01,57,5,63,6,58,5,-10,92,52,-21,10306,-15,21,44,54,58
20160204 22:02,58,4,61,5,58,6,-10,92,52,-21,10306,-15,21,44,54,58
20160204 22:03,57,5,60,5,56,6,-10,93,53,-20,10306,-15,21,44,54,58
20160204 22:04,59,5,59,5,62,7,-11,93,52,-21,10306,-15,21,44,54,58
20160204 22:05,65,6,59,5,68,8,-11,93,52,-21,10306,-15,21,43,54,58
20160204 22:06,69,8,60,6,70,10,-11,93,52,-21,10306,-15,21,43,54,58
20160204 22:07,69,10,61,6,68,11,-11,93,52,-21,10305,-15,21,43,54,58
20160204 22:08,65,10,61,7,63,11,-11,93,52,-21,10305,-15,21,43,54,58
20160204 22:09,62,9,62,7,61,10,-11,93,52,-21,10305,-15,20,43,53,58
20160204 22:10,60,9,62,7,59,10,-11,93,52,-21,10305,-15,20,43,54,58
20160204 22:11,59,9,62,8,60,10,-12,93,52,-22,10305,-15,20,43,53,58
20160204 22:12,60,10,63,8,60,11,-12,93,52,-22,10305,-15,20,43,53,58
20160204 22:13,59,10,63,9,59,12,-12,93,52,-22,10305,-15,20,43,53,58
20160204 22:14,59,11,63,10,59,13,-12,94,53,-20,10304,-16,20,43,53,58
20160204 22:15,59,12,62,10,60,13,-12,94,53,-20,10304,-16,20,43,53,58
20160204 22:16,60,12,61,11,61,14,-12,94,53,-20,10304,-16,20,43,53,58
20160204 22:17,60,13,60,11,58,16,-12,94,53,-20,10303,-16,20,43,53,58
20160204 22:18,57,13,59,11,56,16,-12,94,53,-20,10303,-16,20,43,53,58
20160204 22:19,56,13,59,12,56,16,-12,94,53,-20,10303,-16,20,43,53,57
20160204 22:20,54,14,58,12,53,18,-12,94,53,-20,10303,-16,20,43,53,57
20160204 22:21,54,14,58,13,56,15,-11,94,53,-19,10303,-16,20,43,53,57
20160204 22:22,55,13,57,13,54,16,-11,94,53,-19,10304,-16,20,43,53,57
20160204 22:23,55,13,57,13,55,17,-11,94,53,-19,10304,-16,20,42,53,57
20160204 22:24,56,12,57,13,57,16,-11,94,53,-19,10304,-16,20,42,53,57
20160204 22:25,56,11,56,13,55,14,-10,94,53,-18,10304,-16,20,42,53,57
20160204 22:26,56,11,56,13,56,14,-10,94,53,-18,10304,-16,20,42,53,57
20160204 22:27,56,11,55,13,56,13,-9,95,54,-16,10304,-16,20,42,53,57
20160204 22:28,56,11,55,12,56,13,-9,95,54,-16,10304,-16,19,42,53,57
20160204 22:29,57,10,56,12,57,12,-9,95,54,-16,10304,-16,19,42,53,57
20160204 22:30,57,10,56,12,56,12,-9,95,54,-16,10305,-16,19,42,53,57
20160204 22:31,55,11,56,11,54,14,-9,95,54,-16,10305,-17,19,42,53,57
20160204 22:32,53,13,55,11,51,16,-9,94,54,-17,10305,-17,19,42,53,57
20160204 22:33,51,15,55,12,51,17,-9,94,54,-17,10305,-17,19,42,53,57
20160204 22:34,51,16,54,12,51,17,-9,94,54,-17,10305,-17,19,42,52,57
20160204 22:35,52,15,54,12,53,16,-9,94,54,-17,10305,-17,19,42,52,57
20160204 22:36,54,13,54,12,55,16,-9,94,54,-17,10305,-17,19,42,52,57
20160204 22:37,54,12,54,13,54,16,-9,94,54,-17,10305,-17,19,42,52,57
20160204 22:38,55,12,54,13,55,15,-9,94,54,-17,10305,-17,19,42,52,57
20160204 22:39,55,12,53,13,54,19,-9,94,54,-17,10305,-17,19,41,52,57
20160204 22:40,54,13,53,13,54,16,-9,94,54,-17,10305,-17,19,41,52,57
20160204 22:41,54,13,53,13,55,14,-9,94,54,-17,10305,-17,19,41,52,57
20160204 22:42,56,12,54,13,56,16,-9,94,54,-17,10305,-17,19,41,52,57
20160204 22:43,57,12,55,13,58,14,-9,94,54,-17,10305,-17,19,41,52,57
20160204 22:44,60,11,56,12,62,14,-9,94,54,-17,10305,-17,19,41,52,57
20160204 22:45,63,12,57,12,64,14,-9,94,54,-17,10305,-17,19,41,52,57
20160204 22:46,64,12,58,12,65,15,-8,94,54,-16,10305,-17,18,41,52,57
20160204 22:47,64,13,59,12,64,14,-8,94,54,-16,10305,-17,18,41,52,57
20160204 22:48,64,12,60,12,65,15,-8,94,54,-16,10305,-18,18,41,52,57
20160204 22:49,65,11,61,12,64,13,-8,94,54,-16,10305,-18,18,41,52,57
20160204 22:50,63,11,62,12,62,12,-8,94,54,-16,10305,-18,18,41,52,57
20160204 22:51,61,11,62,12,60,13,-8,94,54,-16,10306,-18,18,41,52,57
20160204 22:52,60,10,62,11,59,12,-8,94,54,-16,10306,-18,18,41,52,57
20160204 22:53,60,10,63,11,60,12,-8,94,54,-16,10305,-18,18,41,52,57
20160204 22:54,60,10,62,11,60,12,-9,94,54,-17,10305,-18,18,41,52,57
20160204 22:55,60,10,62,11,60,11,-8,94,54,-16,10305,-18,18,41,52,57
20160204 22:56,60,10,61,11,60,11,-9,94,54,-17,10305,-18,18,41,52,57
20160204 22:57,59,10,61,10,59,11,-9,94,54,-17,10304,-18,18,41,51,57
20160204 22:58,59,11,60,10,60,12,-9,94,54,-17,10304,-18,18,40,51,57
20160204 22:59,60,11,60,10,60,12,-9,94,54,-17,10304,-18,18,40,51,56
20160204 23:00,60,11,60,10,59,13,-9,94,54,-17,10304,-18,18,40,51,56
20160204 23:01,59,11,60,10,59,13,-9,94,54,-17,10304,-18,18,40,51,56
20160204 23:02,59,11,60,11,59,12,-9,94,54,-17,10304,-18,18,40,51,56
20160204 23:03,60,11,60,11,60,12,-9,94,54,-17,10304,-18,18,40,51,56
20160204 23:04,60,11,60,11,60,13,-9,94,54,-17,10304,-18,18,40,51,56
20160204 23:05,59,11,60,11,59,15,-9,94,54,-17,10303,-18,18,40,51,56
20160204 23:06,59,11,59,11,59,14,-9,94,54,-17,10303,-18,17,40,51,56
20160204 23:07,58,11,59,11,57,15,-9,94,54,-17,10303,-19,17,40,51,56
20160204 23:08,58,11,59,11,58,12,-9,94,54,-17,10303,-19,17,40,51,56
20160204 23:09,58,10,59,11,57,13,-9,94,54,-17,10303,-19,17,40,51,56
20160204 23:10,56,11,58,11,55,15,-9,94,54,-17,10303,-19,17,40,51,56
20160204 23:11,54,13,58,11,54,16,-10,94,53,-18,10303,-19,17,40,51,56
20160204 23:12,53,14,57,12,53,17,-10,94,53,-18,10303,-19,17,40,51,56
20160204 23:13,52,14,56,12,52,18,-10,94,53,-18,10303,-19,17,40,51,56
20160204 23:14,52,15,56,12,52,18,-10,94,53,-18,10303,-19,17,40,51,56
20160204 23:15,52,15,55,13,52,17,-9,95,54,-16,10303,-19,17,40,51,56
20160204 23:16,52,14,54,13,53,20,-9,95,54,-16,10302,-19,17,40,51,56
20160204 23:17,54,13,54,13,56,16,-9,95,54,-16,10302,-19,17,39,51,56
20160204 23:18,56,13,54,14,55,19,-9,95,54,-16,10302,-19,17,39,51,56
20160204 23:19,55,14,54,14,55,17,-9,95,54,-16,10302,-19,17,39,51,56
20160204 23:20,55,14,54,14,55,19,-9,95,54,-16,10302,-19,17,39,51,56
20160204 23:21,56,13,54,14,58,14,-9,95,54,-16,10302,-19,17,39,51,56
20160204 23:22,57,12,54,14,56,18,-9,95,54,-16,10302,-19,17,39,50,56
20160204 23:23,55,12,54,13,53,16,-9,95,54,-16,10302,-20,17,39,50,56
20160204 23:24,53,12,55,13,53,16,-9,95,54,-16,10302,-20,17,39,50,56
20160204 23:25,54,12,55,13,54,15,-9,95,54,-16,10301,-20,17,39,50,56
20160204 23:26,53,12,55,13,53,18,-9,95,54,-16,10301,-20,17,39,50,56
20160204 23:27,53,12,55,13,54,17,-9,95,54,-16,10301,-20,16,39,50,56
20160204 23:28,55,12,55,13,56,14,-9,95,54,-16,10301,-20,16,39,50,56
20160204 23:29,56,11,55,12,56,12,-9,95,54,-16,10302,-20,16,39,50,56
20160204 23:30,57,10,55,12,58,14,-8,95,55,-15,10302,-20,16,39,50,56
20160204 23:31,58,9,55,11,58,12,-8,95,55,-15,10302,-20,16,39,50,56
20160204 23:32,58,9,55,11,58,13,-8,95,55,-15,10302,-20,16,39,50,56
20160204 23:33,60,9,56,11,62,10,-8,95,55,-15,10302,-20,16,39,50,56
20160204 23:34,63,9,57,11,63,11,-8,95,55,-15,10302,-20,16,39,50,56
20160204 23:35,65,9,58,10,66,10,-8,95,55,-15,10302,-20,16,39,50,56
20160204 23:36,66,9,60,10,67,12,-7,95,55,-14,10302,-20,16,39,50,56
20160204 23:37,67,9,61,10,67,10,-7,95,55,-14,10302,-20,16,39,50,56
20160204 23:38,65,8,62,9,63,10,-7,95,55,-14,10302,-20,16,38,50,56
20160204 23:39,63,8,62,9,62,9,-8,95,55,-15,10302,-20,16,38,50,55
20160204 23:40,61,8,63,9,60,8,-8,95,55,-15,10302,-20,16,38,50,56
20160204 23:41,61,8,63,9,62,9,-8,95,55,-15,10302,-20,16,38,50,55
20160204 23:42,62,8,63,9,61,9,-8,95,55,-15,10301,-21,16,38,50,55
20160204 23:43,61,9,63,9,62,11,-8,95,55,-15,10301,-21,16,38,50,55
20160204 23:44,60,10,63,9,59,11,-8,95,55,-15,10301,-21,16,38,50,55
20160204 23:45,59,9,62,9,59,11,-9,95,54,-16,10301,-21,16,38,50,55
20160204 23:46,58,9,61,9,58,11,-9,95,54,-16,10301,-21,16,38,50,55
20160204 23:47,58,9,61,9,59,10,-9,95,54,-16,10302,-21,16,38,50,55
20160204 23:48,59,9,60,9,58,10,-9,95,54,-16,10302,-21,16,38,50,55
20160204 23:49,58,9,60,9,59,10,-9,95,54,-16,10301,-21,15,38,49,55
20160204 23:50,59,9,60,9,60,11,-9,95,54,-16,10301,-21,15,38,49,55
20160204 23:51,60,10,60,9,61,12,-9,95,54,-16,10301,-21,15,38,49,55
20160204 23:52,61,11,60,9,61,12,-10,95,54,-17,10301,-21,15,38,49,55
20160204 23:53,61,11,60,10,62,13,-10,95,54,-17,10301,-21,15,38,49,55
20160204 23:54,60,11,60,10,59,12,-10,95,54,-17,10300,-21,15,38,49,55
20160204 23:55,58,11,59,10,57,13,-11,94,53,-19,10300,-21,15,38,49,55
20160204 23:56,56,11,59,10,55,13,-11,94,53,-19,10300,-22,15,38,49,55
20160204 23:57,54,12,58,11,52,16,-11,94,53,-19,10300,-22,15,38,49,55
20160204 23:58,50,14,58,11,49,16,-11,94,53,-19,10300,-22,15,38,49,55
20160204 23:59,48,15,56,12,48,18,-11,95,54,-18,10300,-22,15,37,49,55
20160204 00:00,47,16,55,12,46,18,-11,95,54,-18,10299,-22,15,37,49,55
20160204 00:01,47,16,54,13,49,19,-11,95,54,-18,10299,-22,15,37,49,55
20160204 00:02,48,16,52,14,48,19,-11,95,54,-18,10299,-22,15,37,49,55
20160204 00:03,48,17,51,14,49,19,-11,95,54,-18,10299,-22,15,37,49,55
20160204 00:04,48,17,50,15,48,18,-11,95,54,-18,10299,-22,15,37,49,55
20160204 00:05,48,16,49,15,48,18,-11,95,54,-18,10299,-22,15,37,49,55
20160204 00:06,48,16,48,16,47,20,-11,95,54,-18,10299,-22,15,37,49,55
20160204 00:07,48,15,48,16,49,15,-11,95,54,-18,10299,-22,15,37,49,55
20160204 00:08,49,14,48,16,49,17,-11,95,54,-18,10299,-22,15,37,49,55
20160204 00:09,49,15,48,16,49,17,-11,95,54,-18,10299,-22,15,37,49,55
20160204 00:10,48,15,48,16,47,18,-11,95,54,-18,10299,-22,15,37,49,55
20160204 00:11,48,16,48,16,49,19,-11,95,54,-18,10299,-22,15,37,49,55
20160204 00:12,49,17,48,16,49,19,-11,95,54,-18,10299,-22,14,37,49,55
20160204 00:13,49,17,48,16,49,18,-11,95,54,-18,10299,-23,14,37,48,55
20160204 00:14,49,16,48,16,48,18,-11,95,54,-18,10298,-23,14,37,48,55
20160204 00:15,50,15,49,16,52,16,-11,95,54,-18,10298,-23,14,37,48,55
20160204 00:16,51,14,49,15,51,14,-11,95,54,-18,10298,-23,14,37,48,55
20160204 00:17,51,13,49,15,51,14,-10,95,54,-17,10298,-23,14,37,48,55
20160204 00:18,51,12,50,15,51,15,-10,95,54,-17,10298,-23,14,37,48,55
20160204 00:19,51,12,50,14,51,14,-10,95,54,-17,10298,-23,14,37,48,55
20160204 00:20,51,12,50,14,51,14,-10,95,54,-17,10298,-23,14,37,48,55
20160204 00:21,51,12,50,14,51,14,-10,95,54,-17,10298,-23,14,36,48,54
20160204 00:22,51,12,51,13,52,15,-10,95,54,-17,10298,-23,14,36,48,54
20160204 00:23,52,12,51,13,52,14,-10,95,54,-17,10298,-23,14,36,48,54
20160204 00:24,52,12,51,12,52,14,-11,95,54,-18,10298,-23,14,36,48,54
20160204 00:25,51,12,51,12,49,13,-11,95,54,-18,10298,-23,14,36,48,54
20160204 00:26,48,12,51,12,47,14,-11,95,54,-18,10298,-23,14,36,48,54
20160204 00:27,47,12,50,12,46,12,-11,95,54,-18,10299,-23,14,36,48,54
20160204 00:28,46,11,50,12,46,12,-12,95,53,-19,10299,-23,14,36,48,54
20160204 00:29,45,11,49,12,45,12,-12,95,53,-19,10298,-23,14,36,48,54
20160204 00:30,44,12,48,12,44,14,-13,95,53,-20,10298,-23,14,36,48,54
20160204 00:31,44,12,48,12,44,14,-13,95,53,-20,10298,-23,14,36,48,54
20160204 00:32,45,13,47,12,46,14,-13,95,53,-20,10298,-23,14,36,48,54
20160204 00:33,47,14,47,12,47,16,-13,95,53,-20,10298,-23,14,36,48,54
20160204 00:34,47,15,46,13,47,17,-14,95,52,-21,10298,-24,14,36,48,54
20160204 00:35,47,15,46,13,48,17,-13,95,53,-20,10297,-24,14,36,48,54
20160204 00:36,48,16,46,13,49,17,-13,95,53,-20,10297,-24,14,36,48,54
20160204 00:37,49,16,47,14,49,18,-14,95,52,-21,10297,-24,13,36,48,54
20160204 00:38,49,16,47,14,49,17,-14,95,52,-21,10297,-24,13,36,48,54
20160204 00:39,49,16,47,15,48,18,-14,95,52,-21,10297,-24,13,36,48,54
20160204 00:40,49,15,48,15,49,15,-13,95,53,-20,10297,-24,13,36,48,54
20160204 00:41,49,14,48,15,49,15,-13,95,53,-20,10297,-24,13,36,47,54
20160204 00:42,50,13,49,15,50,13,-13,95,53,-20,10298,-24,13,36,48,54
20160204 00:43,51,12,49,15,51,13,-13,95,53,-20,10298,-24,13,36,47,54
20160204 00:44,51,12,49,14,52,14,-13,95,53,-20,10298,-24,13,36,47,54
20160204 00:45,52,12,50,14,51,13,-14,95,52,-21,10298,-24,13,35,47,54
20160204 00:46,51,12,50,13,50,14,-14,95,52,-21,10298,-24,13,35,47,54
20160204 00:47,51,12,50,13,52,13,-14,95,52,-21,10298,-24,13,35,47,54
20160204 00:48,53,10,50,12,53,11,-14,95,52,-21,10298,-24,13,35,47,54
20160204 00:49,53,9,51,12,54,10,-14,95,52,-21,10298,-24,13,35,47,54
20160204 00:50,55,8,52,11,56,9,-15,95,52,-22,10298,-24,13,35,47,54
20160204 00:51,54,8,52,10,52,9,-15,95,52,-22,10298,-24,13,35,47,54
20160204 00:52,52,8,52,10,52,9,-16,95,52,-23,10298,-25,13,35,47,54
20160204 00:53,52,8,52,10,53,9,-16,95,52,-23,10298,-25,13,35,47,54
20160204 00:54,55,7,53,9,57,8,-16,95,52,-23,10297,-25,13,35,47,54
20160204 00:55,57,6,53,9,56,7,-16,95,52,-23,10297,-25,13,35,47,54
20160204 00:56,57,6,54,8,57,8,-16,95,52,-23,10297,-25,13,35,47,54
20160204 00:57,55,7,54,8,53,11,-17,95,51,-24,10297,-25,13,35,47,54
20160204 00:58,53,9,54,8,53,11,-17,95,51,-24,10297,-25,13,35,47,54
20160204 00:59,53,9,54,8,53,10,-18,95,51,-25,10297,-25,13,35,47,54
20160204 01:00,54,8,54,8,54,9,-18,95,51,-25,10298,-25,13,35,47,54
20160204 01:01,56,6,55,7,58,8,-18,95,51,-25,10298,-25,13,35,47,54
20160204 01:02,59,4,55,7,59,5,-18,95,51,-25,10298,-25,12,35,47,53
20160204 01:03,61,3,56,6,62,3,-18,95,51,-25,10298,-25,12,35,47,53
20160204 01:04,62,3,57,6,62,3,-18,95,51,-25,10298,-25,12,35,47,53
20160204 01:05,61,3,57,6,59,5,-19,95,50,-26,10298,-25,12,35,47,53
20160204 01:06,53,5,56,6,48,7,-19,95,50,-26,10299,-26,12,35,47,53
20160204 01:07,45,6,55,5,42,7,-19,95,50,-26,10298,-26,12,35,47,53
20160204 01:08,40,6,54,5,38,7,-19,95,50,-26,10298,-26,12,35,47,53
20160204 01:09,39,6,52,5,40,7,-19,95,50,-26,10298,-26,12,34,47,53
20160204 01:10,41,6,51,5,42,7,-19,95,50,-26,10298,-26,12,34,47,53
20160204 01:11,45,6,50,5,48,8,-20,95,50,-27,10298,-26,12,34,47,53
20160204 01:12,54,4,50,5,60,4,-20,95,50,-27,10298,-26,12,34,46,53
20160204 01:13,64,2,51,5,68,3,-20,95,50,-27,10298,-26,12,34,46,53
20160204 01:14,81,1,54,4,94,0,-19,96,51,-25,10299,-26,12,34,46,53
20160204 01:15,105,0,59,4,116,0,-19,96,51,-25,10299,-26,12,34,46,53
20160204 01:16,134,0,67,3,152,0,-19,96,51,-25,10299,-26,12,34,46,53
20160204 01:17,147,0,77,3,141,0,-20,96,51,-26,10299,-26,12,34,46,53
20160204 01:18,121,0,85,2,102,0,-21,96,50,-27,10299,-26,12,34,46,53
20160204 01:19,98,0,91,2,95,0,-21,96,50,-27,10299,-26,12,34,46,53
20160204 01:20,101,0,98,1,107,0,-21,96,50,-27,10299,-26,12,34,46,53
20160204 01:21,116,0,106,0,126,0,-21,96,50,-27,10299,-27,12,34,46,53
20160204 01:22,137,0,115,0,148,1,-21,96,50,-27,10299,-27,12,34,46,53
20160204 01:23,145,0,122,0,141,0,-21,96,50,-27,10299,-27,12,34,46,53
20160204 01:24,141,0,127,0,140,0,-21,96,50,-27,10299,-27,12,34,46,53
20160204 01:25,139,0,129,0,138,0,-21,96,50,-27,10298,-27,12,34,46,53
20160204 01:26,133,0,127,0,129,0,-22,96,50,-28,10298,-27,12,34,46,53
20160204 01:27,122,0,124,0,115,0,-22,96,50,-28,10298,-27,11,34,46,53
20160204 01:28,116,0,126,0,117,0,-23,96,50,-28,10297,-27,11,34,46,53
20160204 01:29,119,0,128,0,121,0,-23,96,50,-28,10297,-27,11,34,46,53
20160204 01:30,122,0,130,0,123,0,-23,96,50,-28,10297,-27,11,34,46,53
20160204 01:31,114,0,128,0,105,0,-23,96,50,-28,10297,-27,11,34,46,53
20160204 01:32,100,0,122,0,95,0,-23,96,50,-28,10297,-27,11,34,46,53
20160204 01:33,90,0,117,0,85,0,-23,96,50,-28,10297,-27,11,34,46,53
20160204 01:34,82,0,111,0,79,0,-24,96,49,-29,10297,-27,11,34,46,53
20160204 01:35,79,1,105,0,79,3,-24,96,49,-29,10296,-27,11,33,46,53
20160204 01:36,76,3,99,1,73,3,-24,96,49,-29,10296,-27,11,33,46,53
20160204 01:37,71,3,94,1,68,3,-24,96,49,-29,10297,-28,11,33,46,53
20160204 01:38,64,3,89,1,60,4,-24,96,49,-29,10297,-28,11,33,46,53
20160204 01:39,57,4,82,2,54,6,-24,96,49,-29,10297,-28,11,33,46,53
20160204 01:40,51,5,75,2,48,6,-25,96,49,-30,10297,-28,11,33,46,53
20160204 01:41,47,5,69,3,46,6,-25,96,49,-30,10297,-28,11,33,45,53
20160204 01:42,46,6,64,3,46,7,-25,96,49,-30,10297,-28,11,33,46,53
20160204 01:43,46,6,60,4,46,8,-26,96,48,-31,10296,-28,11,33,45,53
20160204 01:44,47,7,57,5,49,9,-26,96,48,-31,10296,-28,11,33,45,53
20160204 01:45,50,9,54,5,51,11,-26,96,48,-31,10296,-28,11,33,45,52
20160204 01:46,51,10,52,6,51,12,-27,96,48,-32,10295,-28,11,33,45,52
20160204 01:47,51,11,50,7,51,13,-27,96,48,-32,10295,-28,11,33,45,52
20160204 01:48,50,11,49,8,49,12,-27,96,48,-32,10295,-28,11,33,45,52
20160204 01:49,48,12,49,9,48,12,-27,96,48,-32,10295,-28,11,33,45,52
20160204 01:50,50,10,49,9,52,11,-27,96,48,-32,10295,-28,11,33,45,52
20160204 01:51,54,7,50,9,57,7,-27,96,48,-32,10295,-28,11,33,45,52
20160204 01:52,62,5,52,9,67,5,-27,96,48,-32,10296,-28,11,33,45,52
20160204 01:53,70,5,55,9,73,5,-27,96,48,-32,10296,-28,10,33,45,52
20160204 01:54,75,5,58,8,77,5,-27,96,48,-32,10296,-29,10,33,45,52
20160204 01:55,81,5,61,8,85,5,-27,96,48,-32,10296,-29,10,33,45,52
20160204 01:56,91,4,65,7,96,5,-27,96,48,-32,10296,-29,10,33,45,52
20160204 01:57,99,5,70,7,102,6,-27,96,48,-32,10296,-29,10,33,45,52
20160204 01:58,106,5,77,6,110,6,-28,96,48,-33,10296,-29,10,33,45,52
20160204 01:59,117,5,84,5,124,5,-28,96,48,-33,10296,-29,10,33,45,52
20160204 02:00,129,4,92,5,134,4,-29,96,47,-34,10296,-29,10,33,45,52
20160204 02:01,135,4,100,5,136,4,-29,96,47,-34,10296,-29,10,33,45,52
20160204 02:02,132,3,107,4,128,3,-29,96,47,-34,10296,-29,10,32,45,52
20160204 02:03,126,1,112,4,123,1,-29,96,47,-34,10296,-29,10,32,45,52
20160204 02:04,114,0,114,3,104,0,-29,96,47,-34,10296,-29,10,32,45,52
20160204 02:05,90,0,114,3,77,1,-29,96,47,-34,10296,-29,10,32,45,52
20160204 02:06,70,0,111,3,63,0,-28,96,48,-33,10296,-29,10,32,45,52
20160204 02:07,59,1,106,2,54,5,-28,96,48,-33,10295,-29,10,32,45,52
20160204 02:08,53,3,100,2,52,6,-29,96,47,-34,10295,-29,10,32,45,52
20160204 02:09,54,4,93,2,56,5,-29,96,47,-34,10295,-29,10,32,45,52
20160204 02:10,56,3,84,2,56,4,-29,96,47,-34,10295,-29,10,32,45,52
20160204 02:11,59,3,76,2,62,4,-29,96,47,-34,10295,-29,10,32,45,52
20160204 02:12,64,2,70,2,65,2,-29,96,47,-34,10296,-29,10,32,45,52
20160204 02:13,69,1,66,2,73,2,-29,96,47,-34,10296,-29,10,32,45,52
20160204 02:14,73,0,63,2,73,0,-29,96,47,-34,10296,-29,10,32,44,52
20160204 02:15,60,0,60,2,47,0,-29,96,47,-34,10297,-30,10,32,45,52
20160204 02:16,47,0,58,2,47,0,-29,96,47,-34,10297,-30,10,32,44,52
20160204 02:17,46,1,58,2,45,4,-29,96,47,-34,10296,-30,10,32,44,52
20160204 02:18,44,3,57,2,42,6,-29,96,47,-34,10296,-30,10,32,44,52
20160204 02:19,45,6,56,2,48,8,-30,96,47,-35,10296,-30,10,32,44,52
20160204 02:20,50,7,55,3,52,8,-30,96,47,-35,10295,-30,10,32,44,52
20160204 02:21,52,8,54,3,53,10,-30,96,47,-35,10295,-30,9,32,44,52
20160204 02:22,51,11,53,4,49,15,-30,96,47,-35,10295,-30,9,32,44,52
20160204 02:23,48,14,50,6,48,16,-30,96,47,-35,10295,-30,9,32,44,52
20160204 02:24,47,15,48,7,46,16,-30,96,47,-35,10295,-30,9,32,44,52
20160204 02:25,46,15,48,9,46,18,-30,96,47,-35,10295,-30,9,32,44,52
20160204 02:26,45,15,47,10,44,16,-30,96,47,-35,10296,-30,9,32,44,52
20160204 02:27,43,15,47,12,43,17,-31,96,47,-36,10296,-30,9,32,44,52
20160204 02:28,42,17,47,13,41,18,-31,96,47,-36,10295,-30,9,32,44,51
20160204 02:29,42,18,46,14,43,21,-31,96,47,-36,10295,-30,9,31,44,51
20160204 02:30,42,19,45,15,42,21,-31,96,47,-36,10294,-30,9,31,44,51
20160204 02:31,43,19,45,16,44,21,-30,96,47,-35,10294,-30,9,31,44,51
20160204 02:32,45,19,44,17,47,22,-29,96,47,-34,10294,-30,9,31,44,51
20160204 02:33,47,18,44,17,47,20,-29,97,48,-33,10294,-30,9,31,44,51
20160204 02:34,46,17,44,17,45,20,-28,97,48,-32,10294,-30,9,31,44,51
20160204 02:35,44,16,44,17,43,21,-27,97,49,-31,10294,-30,9,31,44,51
20160204 02:36,42,17,44,18,41,21,-26,97,49,-30,10294,-30,9,31,44,51
20160204 02:37,40,16,43,18,39,19,-26,97,49,-30,10294,-30,9,31,44,51
20160204 02:38,40,16,43,17,41,20,-25,97,49,-29,10294,-31,9,31,44,51
20160204 02:39,42,15,43,17,43,20,-24,97,50,-28,10294,-31,9,31,44,51
20160204 02:40,44,14,44,17,45,18,-23,97,50,-27,10293,-31,9,31,44,51
20160204 02:41,44,15,43,16,43,21,-23,97,50,-27,10293,-31,9,31,44,51
20160204 02:42,45,16,43,16,46,18,-22,97,50,-26,10294,-31,9,31,44,51
20160204 02:43,46,14,43,15,45,18,-21,97,51,-25,10294,-31,9,31,44,51
20160204 02:44,46,14,43,15,47,20,-21,97,51,-25,10294,-31,9,31,44,51
20160204 02:45,48,14,44,15,49,17,-20,97,51,-24,10294,-31,9,31,43,51
20160204 02:46,50,14,45,15,50,17,-19,97,52,-23,10293,-31,9,31,44,51
20160204 02:47,51,14,46,15,52,18,-19,97,52,-23,10293,-31,9,31,43,51
20160204 02:48,53,15,47,15,54,19,-18,97,52,-22,10293,-31,9,31,43,51
20160204 02:49,53,15,48,15,52,20,-18,97,52,-22,10293,-31,9,31,43,51
20160204 02:50,51,15,49,15,51,17,-18,97,52,-22,10293,-31,9,31,43,51
20160204 02:51,52,15,50,15,52,18,-18,97,52,-22,10293,-31,8,31,43,51
20160204 02:52,53,14,51,15,55,16,-18,97,52,-22,10293,-31,8,31,43,51
20160204 02:53,56,12,52,14,57,16,-18,97,52,-22,10292,-31,8,31,43,51
20160204 02:54,58,11,53,14,59,12,-18,97,52,-22,10292,-31,8,31,43,51
20160204 02:55,60,11,54,14,62,13,-18,97,52,-22,10292,-31,8,31,43,51
20160204 02:56,64,11,56,13,67,12,-17,97,52,-21,10292,-31,8,31,43,51
20160204 02:57,69,11,58,13,72,11,-16,97,53,-20,10293,-31,8,31,43,51
20160204 02:58,72,9,60,12,73,10,-16,97,53,-20,10293,-31,8,30,43,51
20160204 02:59,74,9,62,12,74,9,-15,97,53,-19,10293,-31,8,31,43,51
20160204 03:00,76,8,65,11,77,10,-15,97,53,-19,10292,-31,8,30,43,51
20160204 03:01,76,9,67,10,74,11,-15,97,53,-19,10292,-31,8,30,43,51
20160204 03:02,73,11,69,10,73,12,-16,97,53,-20,10293,-31,8,30,43,51
20160204 03:03,72,11,70,10,71,13,-16,97,53,-20,10293,-31,8,30,43,51
20160204 03:04,71,11,71,10,71,12,-16,97,53,-20,10293,-31,8,30,43,51
20160204 03:05,70,11,72,10,70,12,-16,97,53,-20,10293,-31,8,30,43,51
20160204 03:06,71,11,73,10,72,12,-16,97,53,-20,10293,-31,8,30,43,51
20160204 03:07,75,11,73,10,77,12,-16,97,53,-20,10293,-31,8,30,43,51
20160204 03:08,81,10,74,10,84,10,-16,97,53,-20,10293,-31,8,30,43,51
20160204 03:09,85,9,75,10,85,9,-16,97,53,-20,10293,-31,8,30,43,51
20160204 03:10,84,9,76,10,83,11,-16,97,53,-20,10293,-31,8,30,43,51
20160204 03:11,82,10,77,10,80,12,-16,97,53,-20,10293,-31,8,30,43,51
20160204 03:12,78,11,77,10,77,12,-17,97,52,-21,10292,-31,8,30,43,51
20160204 03:13,76,11,77,10,75,12,-17,97,52,-21,10292,-31,8,30,43,50
20160204 03:14,75,11,78,10,76,11,-17,97,52,-21,10292,-31,8,30,43,50
20160204 03:15,76,9,78,10,75,10,-17,97,52,-21,10292,-31,8,30,43,50
20160204 03:16,73,8,78,10,71,9,-17,97,52,-21,10292,-31,8,30,43,50
20160204 03:17,72,8,78,10,73,8,-18,97,52,-22,10292,-31,8,30,43,50
20160204 03:18,73,7,77,9,74,8,-18,97,52,-22,10292,-31,8,30,43,50
20160204 03:19,77,7,76,9,79,7,-19,97,52,-23,10293,-31,8,30,43,50
20160204 03:20,81,7,76,9,83,7,-19,97,52,-23,10293,-31,8,30,43,50
20160204 03:21,83,7,76,8,82,8,-19,97,52,-23,10293,-32,8,30,42,50
20160204 03:22,83,7,77,8,83,8,-19,97,52,-23,10293,-32,8,30,42,50
20160204 03:23,84,7,78,8,84,7,-19,97,52,-23,10293,-32,8,30,42,50
20160204 03:24,82,6,78,7,80,7,-19,97,52,-23,10293,-31,7,30,42,50
20160204 03:25,79,6,79,7,78,6,-19,97,52,-23,10293,-32,7,30,42,50
20160204 03:26,75,5,79,7,73,6,-20,97,51,-24,10293,-32,7,30,42,50
20160204 03:27,75,4,79,6,78,5,-20,97,51,-24,10293,-32,7,30,42,50
20160204 03:28,83,3,81,6,88,3,-21,97,51,-25,10293,-32,7,30,42,50
20160204 03:29,98,2,84,5,108,1,-21,97,51,-25,10294,-32,7,30,42,50
20160204 03:30,134,0,90,5,159,0,-22,97,50,-26,10294,-32,7,29,42,50
20160204 03:31,171,0,98,4,182,0,-22,97,50,-26,10295,-32,7,29,42,50
20160204 03:32,187,0,108,3,191,0,-22,97,50,-26,10295,-32,7,29,42,50
20160204 03:33,189,0,119,3,187,0,-22,97,50,-26,10295,-32,7,29,42,50
20160204 03:34,179,0,131,2,170,0,-22,97,50,-26,10295,-32,7,29,42,50
20160204 03:35,123,0,132,1,80,4,-22,97,50,-26,10294,-32,7,29,42,50
20160204 03:36,73,3,131,1,65,5,-23,97,50,-27,10293,-32,7,29,42,50
20160204 03:37,64,5,130,2,64,8,-23,97,50,-27,10292,-32,7,29,42,50
20160204 03:38,62,7,127,2,59,10,-23,97,50,-27,10292,-32,7,29,42,50
20160204 03:39,58,10,121,3,56,16,-23,97,50,-27,10291,-32,7,29,42,50
20160204 03:40,53,14,103,5,50,20,-24,97,50,-28,10291,-32,7,29,42,50
20160204 03:41,48,18,85,7,46,24,-24,97,50,-28,10290,-32,7,29,42,50
20160204 03:42,45,20,72,9,43,24,-24,97,50,-28,10290,-32,7,29,42,50
20160204 03:43,44,21,62,11,44,26,-24,97,50,-28,10289,-32,7,29,42,50
20160204 03:44,45,20,55,13,46,25,-24,97,50,-28,10288,-32,7,29,42,50
20160204 03:45,44,19,52,15,43,24,-24,97,50,-28,10288,-32,7,29,42,50
20160204 03:46,40,18,49,16,37,24,-23,97,50,-27,10288,-32,7,29,42,50
20160204 03:47,40,16,47,17,43,21,-22,97,50,-26,10289,-32,7,29,42,50
20160204 03:48,44,17,45,18,45,23,-21,97,51,-25,10288,-32,7,29,42,50
20160204 03:49,46,17,44,18,47,19,-20,97,51,-24,10288,-31,7,29,42,50
20160204 03:50,48,18,44,19,50,23,-20,97,51,-24,10288,-31,7,29,42,50
20160204 03:51,50,20,45,19,50,26,-19,97,52,-23,10287,-31,7,29,42,50
20160204 03:52,51,20,46,19,51,27,-18,97,52,-22,10287,-31,7,29,42,50
20160204 03:53,53,20,47,18,55,27,-18,97,52,-22,10287,-31,7,29,42,50
20160204 03:54,55,17,48,18,56,20,-17,97,52,-21,10287,-30,7,29,42,50
20160204 03:55,57,15,49,18,58,20,-17,97,52,-21,10287,-30,7,29,42,50
20160204 03:56,58,15,51,17,58,20,-16,97,53,-20,10286,-30,6,29,41,50
20160204 03:57,57,15,53,17,56,18,-16,97,53,-20,10286,-29,7,29,41,50
20160204 03:58,54,15,53,17,53,20,-16,97,53,-20,10286,-29,7,29,41,50
20160204 03:59,53,15,54,17,53,20,-16,97,53,-20,10286,-28,6,29,41,50
20160204 04:00,51,15,54,17,49,20,-15,97,53,-19,10286,-28,6,29,41,49
20160204 04:01,47,16,53,16,45,20,-15,97,53,-19,10285,-27,6,28,41,49
20160204 04:02,46,16,53,16,47,19,-15,97,53,-19,10285,-27,6,28,41,49
20160204 04:03,46,15,52,15,45,20,-14,97,53,-18,10285,-27,6,28,41,49
20160204 04:04,45,17,51,16,45,24,-14,97,53,-18,10284,-26,6,28,41,49
20160204 04:05,45,17,50,16,45,27,-13,97,54,-17,10285,-26,6,28,41,49
20160204 04:06,42,19,48,16,39,29,-13,97,54,-17,10285,-25,6,28,41,49
20160204 04:07,37,19,46,17,34,21,-12,97,54,-16,10286,-25,6,28,41,49
20160204 04:08,31,13,43,16,27,17,-11,97,55,-15,10287,-24,6,28,41,49
20160204 04:09,36,11,42,16,45,16,-11,97,55,-15,10288,-24,6,28,41,49
20160204 04:10,43,10,41,15,41,11,-11,97,55,-15,10288,-24,6,28,41,49
20160204 04:11,45,10,42,15,49,17,-10,97,55,-14,10287,-23,6,28,41,49
20160204 04:12,47,15,42,15,45,23,-10,97,55,-14,10287,-23,6,28,41,49
20160204 04:13,46,16,42,15,47,19,-10,97,55,-14,10286,-23,6,28,41,49
20160204 04:14,44,16,41,15,41,23,-9,97,55,-13,10287,-22,6,28,41,49
20160204 04:15,43,16,41,15,46,19,-9,97,55,-13,10287,-22,6,28,41,49
20160204 04:16,42,15,41,14,39,24,-8,97,56,-12,10287,-21,6,28,41,49
20160204 04:17,39,16,42,14,39,22,-8,97,56,-12,10287,-21,6,28,41,49
20160204 04:18,41,18,44,15,44,23,-8,97,56,-12,10286,-21,6,28,41,49
20160204 04:19,48,17,44,15,53,22,-7,97,56,-11,10286,-20,6,28,41,49
20160204 04:20,51,17,45,16,49,23,-7,97,56,-11,10286,-20,6,28,41,49
20160204 04:21,50,17,45,17,51,23,-6,97,57,-10,10286,-20,6,28,41,49
20160204 04:22,49,17,46,17,46,25,-6,97,57,-10,10286,-19,6,28,41,49
20160204 04:23,46,18,45,17,45,23,-5,97,57,-9,10286,-19,6,28,41,49
20160204 04:24,46,15,46,16,46,20,-5,97,57,-9,10286,-18,6,28,41,49
20160204 04:25,47,15,46,16,48,24,-4,97,58,-8,10286,-18,6,28,41,49
20160204 04:26,46,15,47,16,45,20,-4,97,58,-8,10286,-18,6,28,41,49
20160204 04:27,46,17,47,16,46,25,-4,97,58,-8,10286,-17,6,28,41,49
20160204 04:28,47,16,48,16,48,17,-4,97,58,-8,10286,-17,6,28,41,49
20160204 04:29,51,14,48,16,54,19,-4,97,58,-8,10286,-17,6,28,41,49
20160204 04:30,50,13,47,15,46,19,-3,97,58,-7,10286,-17,6,28,41,49
20160204 04:31,49,14,48,15,52,18,-3,97,58,-7,10286,-17,6,28,41,49
20160204 04:32,53,14,48,15,54,19,-3,97,58,-7,10286,-16,6,28,41,49
20160204 04:33,55,14,50,15,57,18,-3,97,58,-7,10286,-16,6,28,41,49
20160204 04:34,54,15,50,15,52,19,-2,97,58,-6,10286,-16,6,28,40,49
20160204 04:35,52,14,50,14,51,14,-2,97,58,-6,10286,-16,6,27,41,49
20160204 04:36,50,13,51,14,48,17,-2,96,58,-8,10286,-16,6,27,40,49
20160204 04:37,48,16,51,14,48,20,-2,96,58,-8,10286,-16,6,27,40,49
20160204 04:38,49,16,51,15,50,22,-2,96,58,-8,10286,-16,6,27,40,49
20160204 04:39,53,17,51,15,55,23,-2,96,58,-8,10286,-16,6,27,40,49
20160204 04:40,53,19,52,16,50,29,-1,96,58,-7,10286,-15,6,27,40,49
20160204 04:41,50,18,52,16,51,20,-1,96,58,-7,10286,-15,6,27,40,49
20160204 04:42,56,13,52,16,60,18,-1,96,58,-7,10286,-15,6,27,40,49
20160204 04:43,58,13,52,16,55,18,-1,96,58,-7,10287,-15,6,27,40,49
20160204 04:44,55,13,52,15,56,14,-1,96,58,-7,10287,-15,6,27,40,48
20160204 04:45,61,12,54,15,66,16,0,96,59,-6,10287,-15,6,27,40,49
20160204 04:46,64,13,55,15,62,18,0,96,59,-6,10287,-14,6,27,40,48
20160204 04:47,65,15,57,15,68,22,0,96,59,-6,10287,-14,6,27,40,48
20160204 04:48,67,15,59,15,66,18,0,96,59,-6,10288,-14,6,27,40,48
20160204 04:49,64,13,60,14,62,15,0,96,59,-6,10288,-14,6,27,40,48
20160204 04:50,64,13,61,14,66,17,0,96,59,-6,10288,-14,6,27,40,48
20160204 04:51,62,13,62,13,58,18,0,96,59,-6,10289,-13,6,27,40,48
20160204 04:52,58,12,62,13,58,16,0,96,59,-6,10289,-13,6,27,40,48
20160204 04:53,58,11,62,13,58,16,0,96,59,-6,10289,-13,6,27,40,48
20160204 04:54,59,11,62,13,60,14,0,96,59,-6,10290,-13,6,27,40,48
20160204 04:55,61,11,62,13,62,15,0,96,59,-6,10290,-13,6,27,40,48
20160204 04:56,62,12,62,13,61,14,0,96,59,-6,10290,-13,6,27,40,48
20160204 04:57,63,11,62,12,65,13,0,96,59,-6,10290,-13,6,27,40,48
20160204 04:58,68,11,62,12,71,14,0,95,58,-7,10290,-13,6,27,40,48
20160204 04:59,67,13,62,12,63,21,0,95,58,-7,10290,-13,6,27,40,48
20160204 05:00,64,16,62,13,65,21,0,95,58,-7,10289,-13,6,27,40,48
20160204 05:01,64,17,62,13,62,24,0,95,58,-7,10289,-13,6,27,40,48
20160204 05:02,61,17,63,14,61,23,0,95,58,-7,10289,-13,6,27,40,48
20160204 05:03,62,18,63,14,63,25,-1,95,58,-8,10289,-12,6,27,40,48
20160204 05:04,61,17,63,15,59,23,-1,95,58,-8,10290,-12,6,27,40,48
20160204 05:05,61,16,63,15,63,21,-1,95,58,-8,10290,-12,6,27,40,48
20160204 05:06,65,13,64,15,66,15,-1,95,58,-8,10291,-12,6,27,40,48
20160204 05:07,68,12,64,15,70,15,-1,95,58,-8,10291,-12,6,27,40,48
20160204 05:08,68,12,64,15,66,15,-1,95,58,-8,10292,-12,6,27,40,48
20160204 05:09,66,11,64,15,65,12,-1,95,58,-8,10292,-12,6,27,40,48
20160204 05:10,68,10,65,14,71,12,-1,95,58,-8,10292,-12,6,27,40,48
20160204 05:11,67,9,65,13,64,11,-1,95,58,-8,10292,-12,6,27,40,48
20160204 05:12,64,9,65,12,64,12,-1,95,58,-8,10292,-12,6,27,40,48
20160204 05:13,61,11,65,12,59,17,-1,95,58,-8,10292,-12,6,27,40,48
20160204 05:14,59,12,65,11,60,16,-2,95,57,-9,10291,-12,6,27,39,48
20160204 05:15,59,13,64,11,59,18,-2,95,57,-9,10291,-11,6,27,39,48
20160204 05:16,59,15,64,12,59,22,-2,95,57,-9,10291,-11,6,27,39,48
20160204 05:17,60,17,63,12,61,24,-2,95,57,-9,10290,-11,6,26,39,48
20160204 05:18,60,18,62,13,59,23,-2,95,57,-9,10290,-11,6,27,39,48
20160204 05:19,59,20,61,14,59,26,-1,95,58,-8,10290,-11,6,26,39,48
20160204 05:20,60,19,60,15,61,26,-1,95,58,-8,10290,-11,6,26,39,48
20160204 05:21,60,18,60,16,59,23,-1,95,58,-8,10290,-11,6,26,39,48
20160204 05:22,60,17,60,17,61,24,-1,95,58,-8,10290,-10,6,26,39,48
20160204 05:23,62,16,60,17,63,19,-1,95,58,-8,10291,-10,6,26,39,48
20160204 05:24,62,15,60,17,60,19,-1,95,58,-8,10291,-10,6,26,39,48
20160204 05:25,62,13,60,17,63,14,-1,95,58,-8,10291,-10,6,26,39,48
20160204 05:26,62,12,61,16,61,14,-1,95,58,-8,10291,-10,6,26,39,48
20160204 05:27,61,13,61,16,61,21,-1,95,58,-8,10291,-10,6,26,39,48
20160204 05:28,60,15,61,16,60,21,-1,95,58,-8,10291,-10,6,26,39,48
20160204 05:29,58,16,60,15,55,23,-1,95,58,-8,10291,-10,6,26,39,48
20160204 05:30,56,16,60,15,57,26,-1,95,58,-8,10291,-10,6,26,39,48
20160204 05:31,58,16,60,15,58,20,0,95,58,-7,10291,-10,6,26,39,48
20160204 05:32,57,15,60,15,57,22,0,95,58,-7,10291,-10,6,26,39,48
20160204 05:33,58,14,59,14,59,20,0,95,58,-7,10291,-10,6,26,39,48
20160204 05:34,60,14,59,14,61,17,0,95,58,-7,10291,-10,6,26,39,48
20160204 05:35,60,15,59,15,59,20,0,95,58,-7,10291,-9,6,26,39,48
20160204 05:36,57,14,58,15,56,17,0,95,58,-7,10291,-9,6,26,39,47
20160204 05:37,55,12,58,15,55,17,0,95,58,-7,10291,-9,6,26,39,47
20160204 05:38,56,13,57,14,56,16,0,95,58,-7,10291,-9,6,26,39,47
20160204 05:39,54,12,57,14,51,16,0,95,58,-7,10291,-9,6,26,39,47
20160204 05:40,53,13,57,14,55,22,0,95,58,-7,10291,-9,6,26,39,47
20160204 05:41,53,15,56,14,52,20,0,95,58,-7,10291,-9,6,26,39,47
20160204 05:42,53,17,56,14,54,22,1,95,58,-6,10290,-9,6,26,39,47
20160204 05:43,51,19,55,15,49,28,1,95,58,-6,10290,-9,6,26,39,47
20160204 05:44,50,19,54,15,52,28,1,95,58,-6,10290,-8,6,26,39,47
20160204 05:45,52,18,53,15,51,26,1,95,58,-6,10290,-8,6,26,39,47
20160204 05:46,51,19,52,16,50,26,1,95,58,-6,10290,-8,6,26,39,47
20160204 05:47,52,17,52,16,53,20,1,95,58,-6,10291,-8,6,26,39,47
20160204 05:48,57,11,53,16,61,14,1,95,58,-6,10291,-8,6,26,39,47
20160204 05:49,53,12,52,16,45,21,1,95,58,-6,10292,-8,6,26,39,47
20160204 05:50,45,15,51,16,45,19,1,95,58,-6,10292,-8,6,26,39,47
20160204 05:51,43,11,50,16,41,10,2,95,59,-5,10292,-8,6,26,39,47
20160204 05:52,51,10,51,15,60,16,2,94,58,-6,10292,-8,6,26,39,47
20160204 05:53,50,12,50,14,41,16,2,94,58,-6,10292,-8,6,26,39,47
20160204 05:54,45,13,50,14,49,18,2,94,58,-6,10292,-7,6,26,39,47
20160204 05:55,49,14,49,13,50,18,2,94,58,-6,10292,-7,6,26,39,47
20160204 05:56,50,14,50,13,51,18,2,94,58,-6,10292,-7,6,26,39,47
20160204 05:57,52,12,50,12,54,17,2,94,58,-6,10292,-7,6,26,39,47
20160204 05:58,54,12,49,13,54,17,2,94,58,-6,10292,-7,6,26,39,47
20160204 05:59,53,12,50,12,53,14,2,94,58,-6,10293,-7,6,26,38,47
20160204 06:00,54,12,51,12,55,16,3,94,59,-6,10293,-7,6,26,38,47
20160204 06:01,55,13,52,13,56,21,3,94,59,-6,10292,-7,6,26,38,47
20160204 06:02,53,15,51,13,51,20,3,94,59,-6,10292,-7,6,26,38,47
20160204 06:03,52,15,53,13,53,20,3,94,59,-6,10292,-7,6,26,38,47
20160204 06:04,54,15,53,13,56,21,3,94,59,-6,10292,-7,6,26,38,47
20160204 06:05,56,17,54,14,56,22,3,94,59,-6,10292,-7,6,26,38,47
20160204 06:06,56,16,54,14,55,18,3,94,59,-6,10291,-7,6,26,38,47
20160204 06:07,57,15,55,14,58,21,3,94,59,-6,10291,-7,6,26,38,47
20160204 06:08,57,17,55,15,56,25,3,94,59,-6,10291,-7,6,26,38,47
20160204 06:09,57,19,56,16,59,25,4,94,59,-5,10290,-7,6,26,38,47
20160204 06:10,58,18,56,16,57,21,4,94,59,-5,10290,-7,6,26,38,47
20160204 06:11,57,18,56,17,57,25,4,94,59,-5,10290,-6,6,26,38,47
20160204 06:12,59,18,57,17,61,27,4,94,59,-5,10290,-6,6,26,38,47
20160204 06:13,60,17,57,17,59,20,4,94,59,-5,10290,-6,6,26,38,47
20160204 06:14,61,15,58,17,63,21,4,94,59,-5,10290,-6,6,26,38,47
20160204 06:15,62,15,59,17,62,20,4,94,59,-5,10289,-6,6,26,38,47
20160204 06:16,61,16,59,17,60,21,4,94,59,-5,10289,-6,6,26,38,47
20160204 06:17,62,16,60,17,64,18,4,94,59,-5,10289,-6,6,26,38,47
20160204 06:18,61,16,60,17,58,21,4,94,59,-5,10289,-6,6,26,38,47
20160204 06:19,62,16,61,16,66,17,4,94,59,-5,10289,-6,6,25,38,47
20160204 06:20,66,15,62,16,67,18,4,94,59,-5,10289,-6,6,26,38,47
20160204 06:21,69,13,63,15,72,15,4,94,59,-5,10289,-6,6,25,38,47
20160204 06:22,72,10,64,14,72,12,4,94,59,-5,10289,-6,6,25,38,47
20160204 06:23,69,11,65,14,67,15,4,94,59,-5,10289,-6,6,25,38,47
20160204 06:24,68,11,66,14,69,13,4,94,59,-5,10290,-6,6,25,38,47
20160204 06:25,69,9,66,13,69,11,4,94,59,-5,10290,-6,6,25,38,46
20160204 06:26,71,8,68,12,74,13,4,94,59,-5,10290,-6,6,25,38,47
20160204 06:27,64,8,67,11,55,11,4,94,59,-5,10291,-6,6,25,38,46
20160204 06:28,55,8,67,10,55,11,4,94,59,-5,10291,-6,6,25,38,46
20160204 06:29,54,9,65,10,54,14,4,94,59,-5,10291,-6,6,25,38,47
20160204 06:30,58,8,65,9,62,13,4,94,59,-5,10291,-6,6,25,38,46
20160204 06:31,58,8,63,9,53,11,4,94,59,-5,10291,-6,6,25,38,46
20160204 06:32,52,9,61,9,50,13,4,94,59,-5,10291,-6,6,25,38,46
20160204 06:33,48,12,59,9,47,16,4,94,59,-5,10291,-6,6,25,38,46
20160204 06:34,46,11,56,9,45,13,4,94,59,-5,10292,-6,6,25,38,46
20160204 06:35,44,10,54,9,43,12,4,94,59,-5,10292,-6,6,25,38,46
20160204 06:36,42,9,51,9,42,15,4,94,59,-5,10292,-6,6,25,38,46
20160204 06:37,41,10,49,10,40,15,4,94,59,-5,10292,-6,6,25,38,46
20160204 06:38,40,12,48,10,40,18,4,94,59,-5,10291,-6,6,25,38,46
20160204 06:39,45,13,47,10,51,18,4,94,59,-5,10291,-5,6,25,38,46
20160204 06:40,49,15,46,11,47,19,4,94,59,-5,10291,-5,6,25,38,46
20160204 06:41,48,17,45,12,49,26,4,94,59,-5,10291,-5,6,25,38,46
20160204 06:42,44,16,44,13,39,21,5,94,60,-4,10292,-5,6,25,38,46
20160204 06:43,44,15,44,13,49,23,5,94,60,-4,10292,-5,6,25,38,46
20160204 06:44,47,13,45,13,46,18,5,94,60,-4,10292,-5,6,25,38,46
20160204 06:45,43,12,44,13,41,17,5,94,60,-4,10293,-5,6,25,38,46
20160204 06:46,45,10,45,13,50,13,5,94,60,-4,10293,-5,6,25,38,46
20160204 06:47,44,9,45,13,38,14,5,94,60,-4,10293,-5,6,25,38,46
20160204 06:48,41,10,46,13,45,14,5,94,60,-4,10294,-5,6,25,38,46
20160204 06:49,46,11,45,13,47,20,5,94,60,-4,10294,-5,6,25,38,46
20160204 06:50,44,10,45,12,41,13,5,94,60,-4,10294,-5,6,25,38,46
20160204 06:51,45,8,45,11,50,13,6,94,60,-3,10294,-5,6,25,38,46
20160204 06:52,49,9,46,10,49,14,6,94,60,-3,10294,-5,6,25,38,46
20160204 06:53,51,9,46,10,53,12,6,94,60,-3,10294,-5,6,25,37,46
20160204 06:54,55,8,47,9,57,18,6,94,60,-3,10295,-5,6,25,38,46
20160204 06:55,50,10,47,9,43,15,6,94,60,-3,10295,-5,6,25,37,46
20160204 06:56,43,10,46,9,42,15,6,94,60,-3,10295,-5,6,25,37,46
20160204 06:57,47,9,48,9,52,10,6,93,59,-4,10295,-4,6,25,37,46
20160204 06:58,50,8,48,9,47,10,7,93,60,-3,10296,-4,6,25,37,46
20160204 06:59,53,7,49,8,59,7,7,93,60,-3,10296,-4,6,25,37,46
20160204 07:00,58,5,51,8,56,8,7,93,60,-3,10297,-4,6,25,37,46
20160204 07:01,57,4,52,8,57,7,7,93,60,-3,10297,-4,6,25,37,46
20160204 07:02,57,6,52,7,57,11,7,93,60,-3,10297,-4,6,25,37,46
20160204 07:03,61,7,54,7,65,9,7,93,60,-3,10297,-4,6,25,37,46
20160204 07:04,70,6,55,7,76,8,7,93,60,-3,10297,-4,6,25,37,46
20160204 07:05,78,7,59,7,79,10,7,93,60,-3,10297,-4,6,25,37,46
20160204 07:06,78,7,62,6,76,7,8,93,60,-2,10297,-4,6,25,37,46
20160204 07:07,79,7,65,6,81,9,8,93,60,-2,10297,-4,6,25,37,46
20160204 07:08,78,8,68,6,75,10,8,93,60,-2,10297,-4,6,25,37,46
20160204 07:09,73,8,69,7,72,12,8,93,60,-2,10298,-4,6,25,37,46
20160204 07:10,68,6,70,7,64,7,8,93,60,-2,10298,-4,6,25,37,46
20160204 07:11,59,5,70,7,53,8,8,93,60,-2,10298,-4,6,25,37,46
20160204 07:12,55,6,70,7,56,9,8,93,60,-2,10298,-4,6,25,37,46
20160204 07:13,54,7,68,7,51,10,8,93,60,-2,10298,-3,6,25,37,46
20160204 07:14,49,8,65,7,46,9,8,93,60,-2,10299,-3,6,25,37,46
20160204 07:15,48,7,62,7,51,10,8,93,60,-2,10299,-3,6,25,37,46
20160204 07:16,49,5,60,6,48,5,8,93,60,-2,10299,-3,6,25,37,46
20160204 07:17,48,3,56,6,48,5,8,93,60,-2,10299,-3,6,25,37,46
20160204 07:18,50,4,54,5,53,5,8,93,60,-2,10299,-3,6,25,37,46
20160204 07:19,52,4,52,5,52,6,8,93,60,-2,10299,-3,6,25,37,46
20160204 07:20,54,5,51,5,57,7,8,93,60,-2,10299,-3,6,25,37,46
20160204 07:21,56,5,52,5,55,8,8,93,60,-2,10299,-3,6,25,37,46
20160204 07:22,54,5,51,5,53,7,8,93,60,-2,10299,-3,6,25,37,46
20160204 07:23,51,7,51,5,49,10,8,93,60,-2,10298,-3,6,25,37,46
20160204 07:24,53,8,52,5,57,12,8,93,60,-2,10298,-2,6,25,37,46
20160204 07:25,54,9,52,6,52,11,8,93,60,-2,10298,-2,6,25,37,45
20160204 07:26,52,9,53,6,52,12,8,93,60,-2,10298,-2,6,25,37,45
20160204 07:27,53,9,53,7,54,10,8,93,60,-2,10298,-2,6,25,37,46
20160204 07:28,53,9,53,7,51,11,8,93,60,-2,10298,-2,6,25,37,45
20160204 07:29,52,9,53,8,54,15,8,93,60,-2,10298,-2,6,25,37,45
20160204 07:30,53,9,53,8,53,12,9,93,61,-1,10298,-2,6,25,37,46
20160204 07:31,50,9,52,9,47,13,9,93,61,-1,10298,-1,6,25,37,45
20160204 07:32,53,11,53,9,59,15,9,93,61,-1,10298,-1,6,25,37,45
20160204 07:33,57,10,53,10,55,15,9,93,61,-1,10298,-1,6,25,37,45
20160204 07:34,55,13,53,10,54,19,9,93,61,-1,10297,-1,6,25,37,45
20160204 07:35,56,13,54,10,58,15,9,93,61,-1,10297,-1,6,25,37,45
20160204 07:36,59,12,55,11,61,15,10,93,61,0,10297,-1,6,25,37,45
20160204 07:37,60,13,55,11,59,19,10,93,61,0,10297,-1,6,25,37,45
20160204 07:38,59,13,56,12,59,17,10,93,61,0,10297,-1,6,25,37,45
20160204 07:39,62,13,57,12,66,19,10,93,61,0,10297,-1,6,25,37,45
20160204 07:40,64,14,58,12,61,17,10,93,61,0,10297,-1,6,25,37,45
20160204 07:41,61,14,59,13,60,17,11,93,61,1,10297,-1,6,25,37,45
20160204 07:42,63,12,60,13,65,16,11,93,61,1,10297,-1,6,25,37,45
20160204 07:43,62,11,60,13,59,17,11,93,61,1,10297,-1,6,25,37,45
20160204 07:44,64,12,62,13,68,18,11,93,61,1,10297,-1,6,25,37,45
20160204 07:45,67,14,62,13,67,21,11,93,61,1,10297,-1,7,25,37,45
20160204 07:46,67,14,63,13,68,19,11,93,61,1,10297,-1,6,25,37,45
20160204 07:47,68,15,64,13,67,20,11,93,61,1,10297,-1,7,25,37,45
20160204 07:48,67,14,65,13,66,14,11,93,61,1,10297,0,6,25,37,45
20160204 07:49,65,14,65,13,64,18,12,93,62,2,10297,0,7,25,37,45
20160204 07:50,64,15,65,13,63,18,12,93,62,2,10297,0,7,25,37,45
20160204 07:51,62,16,65,14,61,22,12,93,62,2,10297,0,7,24,37,45
20160204 07:52,64,18,65,15,67,24,12,92,61,0,10297,0,7,25,37,45
20160204 07:53,66,17,66,15,65,22,12,92,61,0,10297,0,7,24,37,45
20160204 07:54,65,16,65,15,65,21,12,92,61,0,10297,0,7,25,37,45
20160204 07:55,66,15,65,15,67,20,12,92,61,0,10297,0,7,25,37,45
20160204 07:56,68,15,65,16,69,19,13,92,62,1,10297,0,7,24,37,45
20160204 07:57,68,15,65,15,67,19,13,92,62,1,10297,0,7,25,37,45
20160204 07:58,65,13,65,15,63,16,13,92,62,1,10297,0,7,24,37,45
20160204 07:59,64,14,65,15,66,21,13,92,62,1,10297,0,7,24,37,45
20160204 08:00,63,15,65,15,60,18,13,92,62,1,10297,0,7,24,37,45
20160204 08:01,62,15,65,15,65,22,13,92,62,1,10297,0,6,24,36,45
20160204 08:02,67,14,66,15,69,21,13,92,62,1,10297,0,7,24,36,45
20160204 08:03,67,14,66,14,66,17,14,92,62,2,10297,0,7,24,36,45
20160204 08:04,68,14,66,14,71,18,14,92,62,2,10297,0,7,24,36,45
20160204 08:05,71,13,67,14,72,17,14,92,62,2,10297,0,7,24,36,45
20160204 08:06,70,12,67,14,67,19,14,92,62,2,10297,0,7,24,36,45
20160204 08:07,71,14,67,14,75,18,14,92,62,2,10297,0,7,24,36,45
20160204 08:08,71,13,68,14,67,18,14,92,62,2,10298,0,7,24,36,45
20160204 08:09,70,12,68,13,72,14,14,92,62,2,10298,0,7,24,36,45
20160204 08:10,68,12,69,13,64,15,14,92,62,2,10298,0,7,24,36,45
20160204 08:11,68,13,70,13,72,18,15,92,63,3,10298,0,7,24,36,45
20160204 08:12,69,13,69,13,65,17,15,92,63,3,10298,1,7,24,36,45
20160204 08:13,66,12,69,13,67,16,15,92,63,3,10298,1,7,24,36,45
20160204 08:14,65,12,68,13,64,18,15,92,63,3,10298,1,7,24,36,45
20160204 08:15,66,12,68,13,68,15,15,92,63,3,10298,1,7,24,36,45
20160204 08:16,67,12,68,13,67,17,15,92,63,3,10298,1,7,24,36,45
20160204 08:17,71,15,68,13,75,18,15,92,63,3,10298,1,7,24,36,45
20160204 08:18,74,16,69,13,74,21,16,92,63,4,10298,2,7,24,36,45
20160204 08:19,70,16,68,14,66,20,16,92,63,4,10298,2,7,24,36,45
20160204 08:20,71,16,69,14,75,19,16,92,63,4,10298,3,7,24,36,45
20160204 08:21,70,15,68,14,64,21,16,92,63,4,10298,3,7,24,36,45
20160204 08:22,68,17,69,15,72,25,16,92,63,4,10299,4,7,24,36,45
20160204 08:23,71,16,69,15,70,19,17,92,64,5,10299,5,7,24,36,45
20160204 08:24,70,16,70,15,69,21,17,92,64,5,10299,5,7,24,36,45
20160204 08:25,69,16,70,16,69,19,17,91,63,4,10299,6,7,24,36,45
20160204 08:26,65,17,70,16,62,22,17,91,63,4,10299,6,7,24,36,45
20160204 08:27,66,17,69,16,70,22,18,91,63,5,10299,6,7,24,36,45
20160204 08:28,69,16,69,16,68,18,18,91,63,5,10300,6,7,24,36,45
20160204 08:29,68,15,69,16,67,17,18,91,63,5,10300,6,7,24,36,45
20160204 08:30,63,13,67,16,60,18,18,91,63,5,10300,6,7,24,36,45
20160204 08:31,64,12,68,15,68,15,19,91,64,6,10300,6,7,24,36,45
20160204 08:32,67,12,67,15,65,16,19,91,64,6,10300,6,7,24,36,45
20160204 08:33,70,13,67,15,75,19,19,91,64,6,10299,5,7,24,36,45
20160204 08:34,70,14,67,14,66,17,19,91,64,6,10299,5,7,24,36,45
20160204 08:35,67,14,67,14,68,19,19,91,64,6,10299,5,7,24,36,45
20160204 08:36,68,15,68,14,69,20,20,91,64,7,10299,5,7,24,36,44
20160204 08:37,70,17,68,14,72,26,20,91,64,7,10299,5,7,24,36,44
20160204 08:38,71,14,68,14,70,16,20,91,64,7,10300,5,7,24,36,44
20160204 08:39,65,13,67,14,59,20,20,91,64,7,10300,6,7,24,36,44
20160204 08:40,63,15,68,14,66,20,20,91,64,7,10300,6,7,24,36,44
20160204 08:41,59,14,66,14,52,19,21,91,65,8,10300,6,7,24,36,44
20160204 08:42,56,12,66,14,59,14,21,91,65,8,10300,6,7,24,36,44
20160204 08:43,57,10,64,14,56,12,21,91,65,8,10300,6,7,24,36,44
20160204 08:44,56,7,63,13,56,9,21,91,65,8,10300,6,7,24,36,44
20160204 08:45,55,7,61,12,55,14,21,91,65,8,10300,7,7,24,36,44
20160204 08:46,48,9,59,12,41,11,22,91,65,9,10300,7,7,24,36,44
20160204 08:47,46,9,57,11,51,16,22,91,65,9,10300,7,7,24,36,44
20160204 08:48,48,10,54,11,46,13,22,91,65,9,10300,8,7,24,36,44
20160204 08:49,39,12,52,11,33,18,22,91,65,9,10300,8,7,24,36,44
20160204 08:50,38,13,49,10,43,17,23,90,65,8,10300,9,7,24,36,44
20160204 08:51,46,12,49,10,49,21,23,90,65,8,10300,9,7,24,36,44
20160204 08:52,45,13,47,11,42,24,23,90,65,8,10300,10,7,24,36,44
20160204 08:53,45,17,47,12,49,25,24,90,65,9,10299,11,7,24,36,44
20160204 08:54,49,18,46,13,49,20,24,90,65,9,10299,11,7,24,36,44
20160204 08:55,48,13,45,13,47,13,24,90,65,9,10299,12,7,24,36,44
20160204 08:56,52,10,47,13,57,15,25,90,66,10,10299,13,7,24,36,44
20160204 08:57,59,14,48,14,61,21,25,90,66,10,10299,13,7,24,36,44
20160204 08:58,61,18,49,15,61,25,25,90,66,10,10299,15,7,24,36,44
20160204 08:59,57,16,51,15,53,25,25,90,66,10,10299,16,7,24,36,44
20160204 09:00,57,13,53,15,60,27,26,90,66,11,10299,17,7,24,36,44
20160204 09:01,62,17,54,16,64,32,26,90,66,11,10299,18,7,24,36,44
20160204 09:02,65,21,57,16,65,30,27,90,67,12,10298,19,7,24,36,44
20160204 09:03,68,22,59,17,70,29,27,90,67,12,10298,19,7,24,36,44
20160204 09:04,61,20,59,17,51,24,27,89,66,11,10298,20,7,24,36,44
20160204 09:05,58,17,61,17,64,25,28,89,66,12,10299,20,7,24,36,44
20160204 09:06,65,16,61,18,65,22,28,89,66,12,10299,21,7,24,36,44
20160204 09:07,63,16,62,18,62,23,28,89,66,12,10300,22,7,24,36,44
20160204 09:08,63,16,62,17,64,22,28,89,66,12,10300,24,7,24,36,44
20160204 09:09,61,18,62,18,58,28,29,89,67,13,10300,25,7,24,36,44
20160204 09:10,61,23,63,19,64,33,29,89,67,13,10300,26,7,24,36,44
20160204 09:11,64,21,63,19,65,21,29,89,67,13,10299,27,7,24,36,44
20160204 09:12,59,15,62,18,53,22,30,89,67,14,10299,27,7,24,36,44
20160204 09:13,58,13,61,17,62,15,30,89,67,14,10299,27,7,24,36,44
20160204 09:14,63,18,62,18,65,38,30,89,67,14,10299,27,7,24,36,44
20160204 09:15,61,23,62,18,57,32,30,88,67,12,10299,27,7,24,36,44
20160204 09:16,58,24,61,19,58,39,31,88,67,13,10299,28,7,24,36,44
20160204 09:17,63,27,62,20,69,38,31,88,67,13,10299,28,7,24,36,44
20160204 09:18,68,24,62,21,66,29,31,88,67,13,10299,29,7,24,36,44
20160204 09:19,66,20,62,21,65,27,31,88,67,13,10300,29,7,24,35,44
20160204 09:20,62,21,62,20,58,27,31,88,67,13,10300,29,7,24,36,44
20160204 09:21,61,22,62,21,64,34,31,88,67,13,10300,29,7,24,36,44
20160204 09:22,58,25,62,22,53,34,32,87,67,12,10300,29,7,24,36,44
20160204 09:23,54,23,61,23,56,31,32,87,67,12,10300,29,7,24,35,44
20160204 09:24,59,19,61,23,61,24,32,87,67,12,10301,29,7,24,35,44
20160204 09:25,59,21,61,23,56,29,32,87,67,12,10301,29,7,24,35,44
20160204 09:26,62,21,62,22,68,23,32,87,67,12,10301,30,7,24,35,44
20160204 09:27,66,19,61,21,64,24,33,87,67,13,10301,30,7,24,35,44
20160204 09:28,64,18,61,21,64,24,33,87,67,13,10301,30,7,24,35,44
20160204 09:29,64,19,61,21,63,29,33,87,67,13,10301,31,7,24,35,44
20160204 09:30,67,22,62,21,70,29,33,87,67,13,10301,32,7,24,35,44
20160204 09:31,68,23,62,21,66,31,34,87,68,14,10300,32,7,24,35,44
20160204 09:32,66,22,64,21,67,25,34,87,68,14,10300,32,7,24,35,44
20160204 09:33,72,20,66,20,77,27,34,87,68,14,10300,33,7,24,35,44
20160204 09:34,70,16,66,20,64,20,34,87,68,14,10300,34,7,24,35,44
20160204 09:35,66,15,67,19,69,22,35,87,68,15,10300,34,7,24,35,44
20160204 09:36,67,21,67,20,65,36,35,87,68,15,10300,35,7,24,35,44
20160204 09:37,65,24,67,20,66,27,35,87,68,15,10299,36,7,24,35,44
20160204 09:38,66,22,67,21,67,32,36,87,69,16,10299,37,7,24,35,44
20160204 09:39,67,20,68,20,67,26,36,87,69,16,10299,38,7,24,35,44
20160204 09:40,70,20,68,20,73,26,36,86,68,15,10299,39,7,24,35,44
20160204 09:41,78,18,70,19,83,21,36,86,68,15,10298,40,7,24,35,44
20160204 09:42,81,20,71,20,78,29,37,87,69,17,10298,41,7,24,35,44
20160204 09:43,79,23,71,20,80,30,37,87,69,17,10298,43,7,24,35,44
20160204 09:44,79,24,73,21,79,31,37,86,68,16,10298,44,7,24,35,44
20160204 09:45,82,22,74,22,86,23,38,86,69,17,10297,45,8,24,35,44
20160204 09:46,81,20,76,21,76,32,38,86,69,17,10297,46,7,24,35,44
20160204 09:47,75,22,76,21,74,25,38,86,69,17,10297,47,8,24,35,44
20160204 09:48,76,23,77,21,78,32,38,86,69,17,10298,48,8,24,35,44
20160204 09:49,81,24,79,22,83,26,39,86,69,18,10298,48,8,24,35,44
20160204 09:50,83,22,80,22,83,32,39,86,69,18,10298,49,8,24,35,44
20160204 09:51,78,18,79,22,72,27,39,86,69,18,10298,50,8,24,35,44
20160204 09:52,69,19,78,22,66,28,40,86,70,19,10298,51,8,24,35,44
20160204 09:53,71,26,77,22,76,36,40,85,69,17,10298,52,8,24,35,44
20160204 09:54,77,25,77,22,77,32,40,85,69,17,10298,52,8,24,35,44
20160204 09:55,77,21,76,22,77,26,40,85,69,17,10298,52,8,24,35,44
20160204 09:56,73,20,76,22,69,31,40,85,69,17,10298,53,8,24,35,43
20160204 09:57,73,22,76,22,77,34,41,85,70,18,10298,53,9,24,35,43
20160204 09:58,79,23,76,22,81,31,41,85,70,18,10298,53,9,24,35,43
20160204 09:59,76,23,75,22,72,31,41,84,69,16,10297,54,9,24,35,43
20160204 10:00,68,26,73,23,64,37,41,84,69,16,10297,54,9,24,35,43
20160204 10:01,66,27,73,24,67,32,41,84,69,16,10297,54,10,24,35,43
20160204 10:02,72,26,74,24,77,35,41,84,69,16,10297,54,10,24,35,43
20160204 10:03,74,27,73,24,72,37,41,84,69,16,10298,54,10,24,35,43
20160204 10:04,74,30,73,25,76,44,41,84,69,16,10298,54,11,24,35,43
20160204 10:05,73,33,72,26,69,38,41,84,69,16,10298,53,12,24,35,43
20160204 10:06,71,29,73,27,73,33,41,84,69,16,10298,53,12,24,35,43
20160204 10:07,74,28,73,28,75,42,41,84,69,16,10299,52,12,24,35,43
20160204 10:08,75,25,72,27,76,31,41,84,69,16,10299,52,13,24,35,43
20160204 10:09,75,18,72,27,74,22,41,84,69,16,10299,51,14,24,35,43
20160204 10:10,71,18,73,26,68,25,41,84,69,16,10300,51,14,24,35,43
20160204 10:11,66,20,73,25,65,30,41,84,69,16,10300,50,15,24,35,43
20160204 10:12,64,22,71,25,63,32,41,84,69,16,10300,50,15,24,35,43
20160204 10:13,62,21,70,24,60,26,41,84,69,16,10300,50,16,24,35,43
20160204 10:14,63,18,69,22,66,24,41,83,68,15,10300,50,16,24,35,43
20160204 10:15,68,16,69,21,70,21,41,83,68,15,10300,50,17,24,35,43
20160204 10:16,69,14,69,19,69,24,41,84,69,16,10300,51,17,24,35,43
20160204 10:17,73,19,69,19,77,32,41,84,69,16,10300,51,18,24,35,43
20160204 10:18,77,23,69,19,77,31,41,84,69,16,10300,51,18,24,35,43
20160204 10:19,78,20,69,19,79,26,41,83,68,15,10301,51,19,24,35,43
20160204 10:20,69,19,68,19,58,25,41,83,68,15,10301,52,19,24,35,43
20160204 10:21,62,18,68,19,65,24,41,83,68,15,10301,52,20,24,35,43
20160204 10:22,65,19,69,19,66,26,41,83,68,15,10301,52,20,24,35,43
20160204 10:23,64,19,69,19,62,24,42,83,68,16,10301,52,21,24,35,43
20160204 10:24,67,22,69,19,71,29,42,83,68,16,10300,52,21,24,35,43
20160204 10:25,63,20,68,19,56,24,42,83,68,16,10300,51,21,25,35,43
20160204 10:26,63,13,68,19,71,16,42,83,68,16,10301,52,22,25,35,43
20160204 10:27,66,12,67,18,61,16,42,83,68,16,10301,52,22,25,35,43
20160204 10:28,64,15,65,18,66,20,42,83,68,16,10301,52,23,25,35,43
20160204 10:29,66,16,64,17,65,20,42,83,68,16,10301,52,23,25,35,43
20160204 10:30,58,14,63,17,50,19,42,83,68,16,10302,52,23,25,35,43
20160204 10:31,56,16,63,17,62,25,42,83,68,16,10302,52,24,25,35,43
20160204 10:32,52,17,61,16,41,18,42,83,68,16,10302,51,24,25,35,43
20160204 10:33,40,13,58,15,40,17,42,83,68,16,10303,51,24,25,35,43
20160204 10:34,40,12,55,14,40,19,42,83,68,16,10303,51,25,25,35,43
20160204 10:35,43,14,54,14,45,23,43,83,69,17,10303,50,25,25,35,43
20160204 10:36,45,17,51,15,45,24,43,83,69,17,10303,50,25,25,35,43
20160204 10:37,53,17,52,15,62,21,43,82,68,15,10303,50,25,25,35,43
20160204 10:38,62,19,51,16,62,29,43,82,68,15,10303,49,26,25,35,43
20160204 10:39,55,21,49,16,48,25,43,82,68,15,10303,49,26,26,35,43
20160204 10:40,40,16,48,16,31,25,43,82,68,15,10302,48,26,26,35,43
20160204 10:41,37,16,46,16,44,30,43,82,68,15,10302,48,26,26,35,43
20160204 10:42,39,18,45,16,34,29,43,82,68,15,10302,48,27,26,35,43
20160204 10:43,40,18,46,17,45,25,43,82,68,15,10302,48,27,26,35,43
20160204 10:44,33,18,44,18,22,23,43,82,68,15,10302,48,27,26,35,43
20160204 10:45,26,19,42,18,29,25,43,82,68,15,10302,48,28,26,35,43
20160204 10:46,24,16,40,18,20,24,43,82,68,15,10302,49,28,26,35,43
20160204 10:47,20,19,36,19,21,30,43,82,68,15,10302,49,28,26,35,43
20160204 10:48,21,23,31,18,21,27,43,82,68,15,10302,49,28,26,35,43
20160204 10:49,22,17,29,18,24,17,43,82,68,15,10301,49,28,26,35,43
20160204 10:50,35,15,31,18,46,22,43,82,68,15,10301,50,28,27,35,43
20160204 10:51,42,18,30,18,38,25,43,82,68,15,10301,50,29,27,35,43
20160204 10:52,41,19,31,18,45,25,43,82,68,15,10301,51,29,27,35,43
20160204 10:53,47,14,31,17,49,13,43,82,68,15,10300,51,29,27,35,43
20160204 10:54,46,12,34,17,43,19,43,82,68,15,10300,52,29,27,35,43
20160204 10:55,47,17,36,17,51,25,43,82,68,15,10300,53,29,27,35,43
20160204 10:56,47,20,38,18,43,28,43,82,68,15,10299,54,30,27,35,43
20160204 10:57,35,23,39,18,28,29,43,82,68,15,10299,55,30,27,35,43
20160204 10:58,33,22,41,18,39,26,43,82,68,15,10299,55,30,27,35,43
20160204 10:59,40,18,42,18,40,24,44,82,69,16,10299,56,30,27,35,43
20160204 11:00,36,14,41,18,32,19,44,82,69,16,10299,57,30,27,35,43
20160204 11:01,34,17,41,18,37,25,44,82,69,16,10298,57,30,28,35,43
20160204 11:02,41,21,41,18,45,28,44,82,69,16,10298,58,31,28,35,43
20160204 11:03,43,21,40,19,41,28,44,82,69,16,10298,58,31,28,35,43
20160204 11:04,38,18,39,19,35,22,44,82,69,16,10298,59,31,28,35,43
20160204 11:05,33,13,37,18,31,14,44,82,69,16,10297,60,31,28,35,43
20160204 11:06,37,12,37,18,43,20,44,82,69,16,10297,60,31,28,35,43
20160204 11:07,48,14,40,16,54,20,44,82,69,16,10297,61,31,28,35,43
20160204 11:08,60,13,42,16,65,20,45,82,69,17,10296,62,32,28,35,43
20160204 11:09,63,19,44,17,61,34,45,82,69,17,10296,63,32,28,35,43
20160204 11:10,58,24,47,18,54,34,45,82,69,17,10296,64,32,28,35,43
20160204 11:11,50,22,47,18,46,24,45,81,68,15,10296,64,32,29,35,43
20160204 11:12,45,21,47,18,43,35,45,81,68,15,10296,65,33,29,36,43
20160204 11:13,46,25,48,18,48,32,45,81,68,15,10295,65,33,29,36,43
20160204 11:14,47,22,49,19,46,32,45,81,68,15,10295,66,33,29,36,43
20160204 11:15,36,19,49,20,27,26,45,81,68,15,10295,67,33,29,36,43
20160204 11:16,36,16,49,19,45,19,46,81,69,16,10295,67,33,29,36,43
20160204 11:17,55,15,50,20,64,22,46,81,69,16,10295,68,34,29,36,43
20160204 11:18,66,15,50,20,68,18,46,81,69,16,10295,69,34,29,36,43
20160204 11:19,68,15,51,19,69,23,46,81,69,16,10295,70,34,29,36,43
20160204 11:20,54,13,49,18,39,15,46,80,68,15,10295,70,34,29,36,43
20160204 11:21,32,11,47,17,25,19,46,80,68,15,10295,71,35,29,36,43
20160204 11:22,36,13,48,16,47,23,47,81,69,17,10295,71,35,29,36,43
20160204 11:23,45,13,47,15,42,18,47,81,69,17,10295,72,35,30,36,43
20160204 11:24,55,16,49,15,67,23,47,81,69,17,10295,72,35,30,36,43
20160204 11:25,68,18,54,14,69,21,47,80,68,15,10295,72,36,30,36,43
20160204 11:26,66,16,56,15,64,20,47,80,68,15,10295,72,36,30,36,43
20160204 11:27,63,16,55,15,63,22,47,80,68,15,10295,72,36,30,36,43
20160204 11:28,58,16,54,15,53,21,47,79,67,14,10295,71,36,30,36,43
20160204 11:29,56,13,53,14,58,17,47,79,67,14,10295,71,37,30,36,43
20160204 11:30,49,9,53,14,39,10,47,79,67,14,10294,71,37,30,36,43
20160204 11:31,35,11,53,14,31,23,47,79,67,14,10294,71,37,30,36,43
20160204 11:32,34,18,52,15,36,25,47,79,67,14,10293,71,37,30,36,43
20160204 11:33,35,20,51,16,34,25,47,79,67,14,10293,71,38,30,36,43
20160204 11:34,43,15,50,15,52,13,48,79,68,15,10292,71,38,31,36,43
20160204 11:35,46,9,47,14,40,11,48,79,68,15,10292,72,38,31,36,43
20160204 11:36,37,7,44,13,33,13,48,79,68,15,10292,72,38,31,36,43
20160204 11:37,40,8,42,13,47,13,48,80,69,16,10292,73,39,31,36,43
20160204 11:38,50,11,42,12,54,22,48,80,69,16,10292,73,39,31,36,43
20160204 11:39,46,16,40,13,39,23,48,79,68,15,10292,73,39,31,36,43
20160204 11:40,34,18,39,14,29,22,48,79,68,15,10291,73,39,31,36,43
20160204 11:41,29,14,39,13,30,15,48,79,68,15,10291,73,39,31,36,43
20160204 11:42,31,12,39,13,33,15,48,79,68,15,10291,74,40,31,36,43
20160204 11:43,45,10,41,11,58,11,48,79,68,15,10291,74,40,31,36,43
20160204 11:44,63,10,43,12,69,19,48,79,68,15,10291,75,40,31,36,43
20160204 11:45,63,14,45,12,56,24,48,79,68,15,10291,75,40,32,36,43
20160204 11:46,44,15,45,13,33,19,48,79,68,15,10290,75,41,32,37,43
20160204 11:47,31,17,43,14,29,23,49,79,68,16,10290,75,41,32,37,43
20160204 11:48,34,19,41,15,39,23,49,79,68,16,10290,76,41,32,37,43
20160204 11:49,42,17,42,14,46,24,49,78,68,14,10289,76,41,32,37,43
20160204 11:50,42,16,43,14,39,23,49,78,68,14,10289,76,41,32,37,43
20160204 11:51,49,14,46,14,60,16,49,78,68,14,10289,76,42,32,37,43
20160204 11:52,53,10,47,14,45,15,49,79,68,16,10288,77,42,32,37,43
20160204 11:53,39,10,45,14,34,16,49,78,68,14,10288,78,42,32,37,43
20160204 11:54,34,11,42,14,35,17,49,78,68,14,10288,79,42,32,37,43
20160204 11:55,40,12,40,14,45,20,49,78,68,14,10287,79,42,33,37,43
20160204 11:56,43,14,41,14,40,20,49,78,68,14,10287,80,43,33,37,43
20160204 11:57,35,13,41,13,30,13,49,78,68,14,10287,80,43,33,37,43
20160204 11:58,36,10,42,12,42,13,49,78,68,14,10286,81,43,33,37,43
20160204 11:59,40,14,41,13,39,21,50,78,68,15,10287,82,43,33,37,43
20160204 12:00,36,15,40,12,33,17,50,78,68,15,10287,82,44,33,37,43
20160204 12:01,35,15,38,13,36,24,50,78,68,15,10287,82,44,33,37,43
20160204 12:02,53,16,40,13,70,20,50,78,68,15,10287,82,44,33,37,43
20160204 12:03,74,16,45,14,78,21,50,78,68,15,10286,82,44,33,37,43
20160204 12:04,73,17,48,14,68,22,50,78,68,15,10286,82,44,34,37,43
20160204 12:05,68,14,50,14,67,15,50,77,67,13,10286,82,45,34,37,43
20160204 12:06,64,11,52,14,61,13,50,77,67,13,10285,83,45,34,37,43
20160204 12:07,60,8,55,13,59,13,50,77,67,13,10285,84,45,34,37,43
20160204 12:08,60,8,57,13,62,12,50,77,67,13,10285,85,45,34,37,43
20160204 12:09,62,12,60,13,62,20,50,77,67,13,10285,86,46,34,37,43
20160204 12:10,52,17,61,14,42,25,50,77,67,13,10285,85,46,34,37,43
20160204 12:11,55,16,64,13,68,18,50,77,67,13,10284,85,46,34,37,43
20160204 12:12,55,12,61,13,41,17,50,77,67,13,10284,85,46,34,37,43
20160204 12:13,45,12,58,13,49,18,51,77,68,14,10284,86,46,34,38,43
20160204 12:14,53,15,57,13,57,19,51,77,68,14,10284,86,47,34,38,43
20160204 12:15,68,17,58,13,79,22,51,77,68,14,10284,86,47,35,38,43
20160204 12:16,82,18,60,14,84,21,51,77,68,14,10283,86,47,35,38,43
20160204 12:17,69,16,60,15,53,21,51,76,67,12,10283,87,47,35,38,43
20160204 12:18,40,12,56,15,27,12,51,76,67,12,10283,87,48,35,38,43
20160204 12:19,34,8,54,14,42,12,51,77,68,14,10283,88,48,35,38,43
20160204 12:20,58,10,57,13,72,15,51,77,68,14,10283,89,48,35,38,43
20160204 12:21,59,13,55,13,45,19,52,77,68,15,10283,89,48,35,38,43
20160204 12:22,53,12,57,13,62,18,52,77,68,15,10283,89,48,35,38,43
20160204 12:23,56,12,57,13,50,16,52,77,68,15,10282,89,49,35,38,43
20160204 12:24,53,13,57,13,57,20,53,77,69,16,10282,89,49,36,38,43
20160204 12:25,54,13,54,12,51,19,53,77,69,16,10281,90,49,36,38,43
20160204 12:26,62,12,53,12,73,15,53,76,68,14,10281,90,49,36,38,43
20160204 12:27,67,11,54,12,60,14,53,76,68,14,10281,91,49,36,38,43
20160204 12:28,65,11,58,12,70,12,53,76,68,14,10280,92,50,36,38,43
20160204 12:29,52,9,57,12,32,14,53,76,68,14,10280,92,50,36,38,43
20160204 12:30,25,11,52,12,19,18,53,76,68,14,10280,93,50,36,38,43
20160204 12:31,24,16,50,13,28,24,53,76,68,14,10280,92,50,36,38,43
20160204 12:32,21,17,46,13,15,20,53,77,69,16,10280,91,51,36,38,43
20160204 12:33,27,13,45,13,40,18,53,76,68,14,10280,91,51,36,38,43
20160204 12:34,34,11,42,12,29,17,53,76,68,14,10280,91,51,37,38,43
20160204 12:35,21,14,38,13,13,23,53,76,68,14,10280,91,51,37,39,43
20160204 12:36,20,18,33,14,26,24,54,77,69,17,10280,91,51,37,39,43
20160204 12:37,19,19,28,14,13,24,53,76,68,14,10279,90,52,37,39,43
20160204 12:38,13,20,23,15,13,23,53,75,67,12,10279,89,52,37,39,43
20160204 12:39,10,18,20,16,7,21,53,75,67,12,10279,88,52,37,39,43
20160204 12:40,8,19,19,17,8,25,53,75,67,12,10279,88,52,37,39,43
20160204 12:41,13,21,18,17,19,23,53,75,67,12,10279,87,53,37,39,43
20160204 12:42,21,20,19,17,23,22,53,74,66,10,10279,87,53,37,39,43
20160204 12:43,21,19,17,18,19,24,53,74,66,10,10279,86,53,38,39,43
20160204 12:44,14,19,15,19,9,21,53,74,66,10,10279,85,53,38,39,43
20160204 12:45,11,15,15,19,13,16,53,74,66,10,10279,84,53,38,39,43
20160204 12:46,18,12,15,18,23,16,53,74,66,10,10279,84,53,38,39,43
20160204 12:47,25,13,16,18,27,17,53,74,66,10,10279,84,54,38,39,44
20160204 12:48,22,14,16,17,16,15,53,74,66,10,10279,84,54,38,39,43
20160204 12:49,9,12,16,16,2,13,53,74,66,10,10279,83,54,38,39,44
20160204 12:50,16,11,18,15,29,24,53,74,66,10,10279,83,54,38,39,44
20160204 12:51,39,15,21,15,49,24,53,74,66,10,10279,83,54,38,39,44
20160204 12:52,45,19,23,15,41,24,53,74,66,10,10279,81,54,38,39,44
20160204 12:53,47,14,26,14,52,15,53,74,66,10,10279,81,54,39,39,44
20160204 12:54,54,11,31,13,55,14,53,74,66,10,10279,80,55,39,39,44
20160204 12:55,54,9,35,13,53,13,53,74,66,10,10279,80,55,39,39,44
20160204 12:56,23,6,32,12,350,8,53,74,66,10,10279,80,55,39,40,44
20160204 12:57,356,3,29,11,2,8,53,75,67,12,10279,81,55,39,40,44
20160204 12:58,16,6,30,11,28,13,54,75,67,13,10279,81,55,39,40,44
20160204 12:59,31,9,34,10,35,10,54,75,67,13,10278,81,55,39,40,44
20160204 13:00,51,10,38,10,67,17,54,74,66,11,10278,81,55,39,40,44
20160204 13:01,64,11,39,10,61,17,54,74,66,11,10278,81,55,39,40,44
20160204 13:02,71,12,43,9,80,17,54,74,66,11,10278,81,55,40,40,44
20160204 13:03,71,12,44,9,63,15,54,73,65,10,10277,81,55,40,40,44
20160204 13:04,73,14,47,10,82,19,54,73,65,10,10277,81,55,40,40,44
20160204 13:05,80,15,50,10,79,16,53,73,65,9,10277,81,55,40,40,44
20160204 13:06,81,13,59,11,83,14,54,73,65,10,10277,81,55,40,40,44
20160204 13:07,87,12,67,12,92,16,53,73,65,9,10277,81,55,40,40,44
20160204 13:08,84,11,72,12,76,16,53,73,65,9,10277,81,55,40,40,44
20160204 13:09,81,9,77,12,87,11,53,73,65,9,10277,82,55,40,40,44
20160204 13:10,80,8,78,11,73,13,54,74,66,11,10277,82,56,40,40,44
20160204 13:11,67,12,78,12,61,18,54,74,66,11,10276,82,56,40,40,44
20160204 13:12,61,14,76,12,61,16,54,74,66,11,10276,82,56,41,40,44
20160204 13:13,65,11,76,12,69,15,54,74,66,11,10276,83,56,41,40,44
20160204 13:14,73,13,76,12,77,18,54,74,66,11,10276,83,56,41,41,44
20160204 13:15,80,15,76,12,82,17,54,74,66,11,10276,83,56,41,41,44
20160204 13:16,84,13,77,12,87,13,54,73,65,10,10275,83,56,41,41,44
20160204 13:17,90,10,77,11,94,13,54,72,65,8,10275,83,56,41,41,44
20160204 13:18,87,9,77,11,81,13,54,72,65,8,10275,84,56,41,41,44
20160204 13:19,87,9,78,11,93,12,54,72,65,8,10275,85,56,41,41,44
20160204 13:20,87,8,79,11,81,11,54,73,65,10,10275,86,56,41,41,44
20160204 13:21,78,8,80,11,74,11,54,73,65,10,10274,87,56,41,41,44
20160204 13:22,84,8,83,10,93,8,54,73,65,10,10274,88,56,42,41,44
20160204 13:23,79,6,83,10,64,7,55,73,66,11,10274,89,56,42,41,44
20160204 13:24,40,4,77,8,12,6,55,73,66,11,10274,90,56,42,41,44
20160204 13:25,10,6,71,8,8,11,55,73,66,11,10274,91,56,42,41,44
20160204 13:26,15,9,64,7,23,12,55,73,66,11,10274,91,57,42,41,44
20160204 13:27,25,9,56,8,27,13,56,73,66,11,10274,92,57,42,41,44
20160204 13:28,33,13,51,8,39,22,56,73,66,11,10274,92,57,42,41,44
20160204 13:29,48,13,48,9,58,13,56,73,66,11,10274,92,57,42,41,44
20160204 13:30,47,10,43,9,36,13,56,73,66,11,10273,92,57,42,41,44
20160204 13:31,57,10,43,9,78,12,56,73,66,11,10273,93,57,42,41,44
20160204 13:32,72,10,41,9,66,14,56,74,67,13,10273,93,57,42,41,44
20160204 13:33,51,8,38,9,36,14,56,73,66,11,10273,93,57,43,42,44
20160204 13:34,33,6,40,10,31,10,57,73,67,12,10273,94,57,43,42,44
20160204 13:35,38,12,44,11,44,25,57,73,67,12,10273,94,58,43,42,44
20160204 13:36,41,18,45,12,39,25,57,72,66,11,10273,94,58,43,42,44
20160204 13:37,45,15,48,12,52,17,57,71,65,9,10273,93,58,43,42,44
20160204 13:38,56,12,50,11,60,19,57,71,65,9,10272,93,58,43,42,45
20160204 13:39,54,13,49,12,47,18,57,71,65,9,10272,93,58,43,42,45
20160204 13:40,56,12,52,12,66,14,57,71,65,9,10271,93,58,43,42,45
20160204 13:41,74,11,52,12,82,13,57,71,65,9,10271,93,58,43,42,45
20160204 13:42,84,9,54,12,86,12,57,71,65,9,10271,94,59,43,42,45
20160204 13:43,90,9,60,12,95,16,57,71,65,9,10271,95,59,43,42,45
20160204 13:44,78,9,63,12,64,15,57,71,65,9,10271,96,59,43,42,45
20160204 13:45,50,6,63,11,36,7,57,71,65,9,10271,97,59,44,42,45
20160204 13:46,27,4,61,9,18,14,57,71,65,9,10270,97,59,44,42,45
20160204 13:47,8,9,56,10,359,18,58,71,65,10,10270,98,59,44,42,45
20160204 13:48,0,13,50,9,1,15,58,71,65,10,10270,97,60,44,42,45
20160204 13:49,4,10,46,9,8,13,58,71,65,10,10270,98,60,44,42,45
20160204 13:50,33,9,45,9,58,13,58,71,65,10,10270,98,60,44,42,45
20160204 13:51,58,10,42,9,58,15,59,72,67,12,10270,99,60,44,43,45
20160204 13:52,54,12,38,10,49,19,58,71,65,10,10270,98,60,44,43,45
20160204 13:53,53,10,35,9,60,12,58,70,65,8,10269,98,60,44,43,45
20160204 13:54,77,10,37,10,87,16,59,70,65,9,10269,98,60,44,43,45
20160204 13:55,75,12,40,10,64,16,59,71,66,11,10269,98,61,44,43,45
20160204 13:56,63,10,45,11,63,15,59,70,65,9,10269,98,61,44,43,45
20160204 13:57,69,6,53,10,75,7,59,70,65,9,10269,98,61,44,43,45
20160204 13:58,78,8,61,10,81,18,59,70,65,9,10269,99,61,45,43,45
20160204 13:59,85,10,68,10,88,11,59,70,65,9,10269,99,61,45,43,45
20160204 14:00,95,11,73,10,102,18,59,69,64,7,10269,98,61,45,43,45
20160204 14:01,111,11,79,10,120,12,59,68,63,5,10269,98,61,45,43,45
20160204 14:02,110,11,84,10,100,16,59,68,63,5,10269,99,62,45,43,45
20160204 14:03,108,14,90,11,116,15,59,68,63,5,10269,98,62,45,43,45
20160204 14:04,111,14,92,11,106,18,58,67,62,2,10268,98,62,45,43,45
20160204 14:05,94,12,93,11,82,12,59,68,63,5,10268,98,62,45,43,45
20160204 14:06,83,11,95,11,85,14,59,70,65,9,10268,98,62,45,43,45
20160204 14:07,79,10,95,12,72,11,59,69,64,7,10268,99,62,45,43,45
20160204 14:08,86,8,97,11,100,12,59,68,63,5,10267,99,63,45,43,45
20160204 14:09,87,11,96,12,74,21,60,68,64,5,10267,99,63,46,43,45
20160204 14:10,75,14,93,12,75,19,60,68,64,5,10267,100,63,46,44,45
20160204 14:11,78,16,89,13,81,21,59,67,62,2,10267,100,63,46,44,45
20160204 14:12,81,16,87,13,81,19,59,67,62,2,10267,99,63,46,44,45
20160204 14:13,84,11,84,12,87,11,59,67,62,2,10267,99,63,46,44,45
20160204 14:14,72,7,80,12,58,9,59,67,62,2,10267,99,63,46,44,45
20160204 14:15,46,10,75,12,35,16,59,67,62,2,10267,100,63,46,44,46
20160204 14:16,32,12,70,12,30,14,59,66,61,0,10266,100,64,46,44,46
20160204 14:17,57,11,71,12,86,13,59,66,61,0,10266,100,64,46,44,46
20160204 14:18,88,10,70,12,91,11,59,66,61,0,10266,100,64,46,44,46
20160204 14:19,87,11,71,12,83,16,59,67,62,2,10266,101,64,46,44,46
20160204 14:20,58,11,67,11,31,13,59,67,62,2,10266,101,64,46,44,46
20160204 14:21,25,7,60,10,19,7,59,66,61,0,10266,101,64,47,44,46
20160204 14:22,48,5,60,9,78,10,60,67,63,3,10265,101,64,47,44,46
20160204 14:23,75,9,59,9,73,21,60,67,63,3,10265,101,64,47,44,46
20160204 14:24,74,14,60,10,75,20,60,68,64,5,10265,101,65,47,44,46
20160204 14:25,63,14,62,10,51,16,60,67,63,3,10265,100,65,47,44,46
20160204 14:26,59,13,66,11,66,22,60,67,63,3,10265,100,65,47,44,46
20160204 14:27,59,16,62,11,51,20,60,67,63,3,10265,99,65,47,44,46
20160204 14:28,58,15,60,12,65,19,60,66,62,1,10265,98,65,47,45,46
20160204 14:29,73,15,59,12,80,21,60,66,62,1,10264,97,65,47,45,46
20160204 14:30,79,14,64,12,79,15,60,66,62,1,10264,97,65,47,45,46
20160204 14:31,63,12,66,13,46,14,60,67,63,3,10264,97,65,47,45,46
20160204 14:32,42,10,62,13,38,11,60,67,63,3,10264,96,66,48,45,46
20160204 14:33,35,9,58,13,31,13,60,66,62,1,10264,97,66,48,45,46
20160204 14:34,49,8,58,12,69,11,60,66,62,1,10264,97,66,48,45,46
20160204 14:35,94,5,64,11,117,7,60,66,62,1,10264,97,66,48,45,46
20160204 14:36,89,3,62,10,48,8,60,65,61,-1,10264,98,66,48,45,46
20160204 14:37,118,3,69,9,185,7,60,65,61,-1,10264,98,66,48,45,46
20160204 14:38,177,2,74,8,99,7,60,66,62,1,10264,98,66,48,45,46
20160204 14:39,26,3,67,7,21,6,60,66,62,1,10264,98,66,48,45,46
20160204 14:40,12,7,57,6,3,16,60,66,62,1,10264,97,66,48,45,46
20160204 14:41,31,9,60,6,64,15,60,66,62,1,10264,97,66,48,45,46
20160204 14:42,50,9,60,6,37,12,60,66,62,1,10264,96,66,48,45,46
20160204 14:43,37,9,60,6,37,12,60,66,62,1,10264,96,67,48,45,46
20160204 14:44,61,7,63,6,84,8,61,66,62,2,10264,95,67,49,45,46
20160204 14:45,82,7,58,6,80,11,61,66,62,2,10264,95,67,49,45,46
20160204 14:46,87,8,64,7,92,14,61,66,62,2,10264,95,67,49,46,46
20160204 14:47,91,10,62,7,90,14,61,66,62,2,10264,96,67,49,46,46
20160204 14:48,100,10,62,8,109,12,61,67,63,4,10264,95,67,49,46,46
20160204 14:49,124,6,74,8,138,5,61,67,63,4,10264,95,67,49,46,46
20160204 14:50,140,3,87,7,142,5,61,67,63,4,10264,96,67,49,46,46
20160204 14:51,146,3,96,7,150,5,60,66,62,1,10264,96,67,49,46,47
20160204 14:52,130,4,104,7,109,9,60,66,62,1,10264,96,67,49,46,47
20160204 14:53,101,5,108,6,92,9,60,66,62,1,10264,97,67,49,46,47
20160204 14:54,95,7,110,7,98,12,61,66,62,2,10264,97,67,49,46,47
20160204 14:55,93,10,110,7,88,12,61,67,63,4,10263,97,67,49,46,47
20160204 14:56,81,9,109,7,74,10,61,67,63,4,10264,98,67,50,46,47
20160204 14:57,65,9,105,7,55,12,61,67,63,4,10264,98,67,50,46,47
20160204 14:58,51,8,99,7,47,9,61,66,62,2,10263,98,67,50,46,47
20160204 14:59,65,9,93,7,82,14,61,66,62,2,10263,98,67,50,46,47
20160204 15:00,77,12,86,8,71,16,61,66,62,2,10263,98,67,50,46,47
20160204 15:01,68,14,78,10,65,19,61,66,62,2,10262,98,68,50,46,47
20160204 15:02,74,14,75,10,82,18,61,67,63,4,10262,98,68,50,46,47
20160204 15:03,70,9,72,10,58,10,61,67,63,4,10262,99,68,50,46,47
20160204 15:04,57,7,68,10,56,12,61,66,62,2,10262,100,68,50,46,47
20160204 15:05,70,13,67,11,81,20,61,67,63,4,10262,100,68,50,47,47
20160204 15:06,95,16,70,12,109,19,61,67,63,4,10262,100,68,50,47,47
20160204 15:07,105,14,75,12,100,16,61,67,63,4,10262,100,68,50,47,47
20160204 15:08,99,11,80,12,98,12,61,67,63,4,10262,100,68,50,47,47
20160204 15:09,97,11,82,12,96,14,61,66,62,2,10262,100,68,51,47,47
20160204 15:10,92,14,83,13,89,19,61,66,62,2,10262,101,68,51,47,47
20160204 15:11,85,16,85,13,80,22,61,68,64,6,10262,101,68,51,47,47
20160204 15:12,70,13,83,13,59,15,61,67,63,4,10262,101,68,51,47,47
20160204 15:13,62,13,83,13,64,21,62,67,63,5,10262,101,68,51,47,47
20160204 15:14,62,13,84,14,59,18,61,67,63,4,10262,100,68,51,47,47
20160204 15:15,58,13,81,13,56,17,61,67,63,4,10262,99,69,51,47,47
20160204 15:16,55,12,75,13,54,13,61,67,63,4,10262,99,69,51,47,47
20160204 15:17,54,8,71,12,54,11,61,67,63,4,10262,100,69,51,47,47
20160204 15:18,69,6,70,12,86,10,61,67,63,4,10262,100,69,51,47,47
20160204 15:19,90,10,69,12,94,21,61,66,62,2,10262,100,69,51,47,47
20160204 15:20,93,14,70,12,92,15,62,67,63,5,10262,100,69,51,47,47
20160204 15:21,92,10,71,11,91,10,62,67,63,5,10262,100,69,52,47,47
20160204 15:22,92,8,74,11,94,10,62,67,63,5,10262,101,69,52,47,47
20160204 15:23,80,8,75,10,66,10,62,67,63,5,10262,100,69,52,47,47
20160204 15:24,70,6,76,9,74,8,62,67,63,5,10262,100,69,52,48,48
20160204 15:25,107,6,84,9,145,15,62,66,63,3,10262,100,69,52,48,48
20160204 15:26,131,10,91,9,117,17,62,67,63,5,10262,100,69,52,48,48
20160204 15:27,112,12,96,9,107,14,62,67,63,5,10262,100,70,52,48,48
20160204 15:28,109,13,99,10,110,19,62,67,63,5,10262,100,70,52,48,48
20160204 15:29,96,15,97,10,82,19,62,66,63,3,10262,99,70,52,48,48
20160204 15:30,73,15,95,10,64,16,62,67,63,5,10262,98,70,52,48,48
20160204 15:31,63,12,91,11,61,13,62,66,63,3,10262,97,70,52,48,48
20160204 15:32,59,9,87,11,56,11,62,66,63,3,10262,97,70,52,48,48
20160204 15:33,80,9,92,11,103,11,62,66,63,3,10263,96,70,52,48,48
20160204 15:34,99,7,94,11,95,10,62,66,63,3,10263,95,70,52,48,48
20160204 15:35,70,3,84,11,45,5,61,65,61,0,10262,95,70,52,48,48
20160204 15:36,46,2,77,10,46,5,61,66,62,2,10262,94,70,53,48,48
20160204 15:37,39,1,69,8,32,0,61,66,62,2,10262,94,70,53,48,48
20160204 15:38,24,0,60,7,16,0,61,66,62,2,10262,93,70,53,48,48
20160204 15:39,13,0,53,5,11,0,61,66,62,2,10262,93,70,53,48,48
20160204 15:40,60,5,57,5,118,15,61,66,62,2,10262,92,70,53,48,48
20160204 15:41,118,10,63,5,118,11,61,66,62,2,10262,91,70,53,48,48
20160204 15:42,114,11,70,5,110,13,61,65,61,0,10262,91,70,53,49,48
20160204 15:43,112,12,71,5,115,14,61,65,61,0,10263,90,70,53,49,48
20160204 15:44,113,11,73,6,111,12,61,66,62,2,10263,89,70,53,49,48
20160204 15:45,113,8,82,6,115,10,61,66,62,2,10263,89,70,53,49,48
20160204 15:46,105,4,88,6,92,5,61,66,62,2,10263,88,70,53,49,48
20160204 15:47,59,0,88,6,36,0,61,67,63,4,10264,88,70,53,49,48
20160204 15:48,11,0,88,6,346,0,61,67,63,4,10264,88,70,53,49,48
20160204 15:49,13,2,91,6,50,12,61,67,63,4,10264,87,70,53,49,48
20160204 15:50,62,7,85,6,71,12,61,67,63,4,10264,87,70,53,49,48
20160204 15:51,71,12,79,7,72,16,61,67,63,4,10264,86,70,54,49,48
20160204 15:52,71,13,74,7,69,14,61,67,63,4,10264,85,70,54,49,48
20160204 15:53,73,11,70,7,77,14,61,67,63,4,10264,84,70,54,49,49
20160204 15:54,84,11,68,7,90,13,61,66,62,2,10264,83,70,54,49,49
20160204 15:55,84,12,64,8,77,17,61,66,62,2,10264,82,70,54,49,49
20160204 15:56,66,12,60,9,55,12,60,67,63,3,10264,82,70,54,49,49
20160204 15:57,64,10,64,10,74,14,60,67,63,3,10263,81,70,54,49,49
20160204 15:58,77,12,72,11,81,18,60,67,63,3,10263,81,70,54,49,49
20160204 15:59,89,13,76,12,97,17,60,68,64,5,10264,80,70,54,49,49
20160204 16:00,98,14,79,12,99,21,60,68,64,5,10264,80,70,54,49,49
20160204 16:01,86,15,79,13,74,21,60,67,63,3,10264,79,70,54,50,49
20160204 16:02,66,10,78,12,58,10,60,68,64,5,10264,79,70,54,50,49
20160204 16:03,57,7,76,12,56,12,60,68,64,5,10264,78,70,54,50,49
20160204 16:04,48,6,71,11,39,7,60,67,63,3,10263,78,69,54,50,49
20160204 16:05,59,2,77,10,144,0,60,67,63,3,10263,78,69,54,50,49
20160204 16:06,94,0,79,9,76,2,60,68,64,5,10263,78,69,55,50,49
20160204 16:07,80,3,80,8,83,9,60,68,64,5,10263,78,69,55,50,49
20160204 16:08,77,6,79,8,71,12,60,68,64,5,10263,77,69,55,50,49
20160204 16:09,69,8,75,7,67,12,60,68,64,5,10262,77,69,55,50,49
20160204 16:10,63,7,71,6,58,9,60,67,63,3,10262,76,69,55,50,49
20160204 16:11,64,10,70,6,69,16,60,67,63,3,10262,76,69,55,50,49
20160204 16:12,69,10,72,6,69,9,60,67,63,3,10262,76,69,55,50,49
20160204 16:13,63,7,72,6,57,10,60,67,63,3,10261,76,68,55,50,49
20160204 16:14,56,7,73,6,54,8,60,67,63,3,10261,75,68,55,50,49
20160204 16:15,58,6,67,7,62,8,60,66,62,1,10261,75,68,55,50,49
20160204 16:16,66,7,66,8,69,9,60,66,62,1,10261,76,68,55,50,49
20160204 16:17,69,9,65,8,69,16,60,67,63,3,10261,76,68,55,50,49
20160204 16:18,68,11,64,8,67,15,60,67,63,3,10261,75,68,55,50,49
20160204 16:19,65,10,64,8,63,12,60,66,62,1,10261,74,68,55,50,49
20160204 16:20,65,7,65,8,66,9,60,67,63,3,10261,74,68,55,50,49
20160204 16:21,70,7,65,8,74,11,60,67,63,3,10262,73,68,55,51,49
20160204 16:22,71,8,65,8,69,12,60,68,64,5,10262,73,68,55,51,49
20160204 16:23,67,11,66,9,65,17,60,68,64,5,10262,72,67,55,51,49
20160204 16:24,65,13,67,9,65,17,60,67,63,3,10262,72,67,55,51,50
20160204 16:25,64,13,67,10,64,15,59,67,62,2,10261,71,67,55,51,50
20160204 16:26,63,11,66,10,62,14,59,67,62,2,10261,71,67,55,51,50
20160204 16:27,64,10,66,10,65,11,59,67,62,2,10261,70,67,56,51,50
20160204 16:28,68,9,66,10,71,14,59,68,63,5,10261,70,67,56,51,50
20160204 16:29,68,9,67,10,65,11,59,69,64,7,10261,69,67,55,51,50
20160204 16:30,69,9,67,10,73,12,59,69,64,7,10261,69,67,56,51,50
20160204 16:31,81,10,69,11,88,13,59,69,64,7,10261,69,67,56,51,50
20160204 16:32,86,11,70,11,84,16,59,69,64,7,10260,69,67,56,51,50
20160204 16:33,84,12,72,11,85,16,59,69,64,7,10260,68,66,56,51,50
20160204 16:34,91,11,75,10,98,10,59,69,64,7,10260,68,66,56,51,50
20160204 16:35,101,9,79,10,104,11,59,69,64,7,10260,68,66,56,51,50
20160204 16:36,95,10,82,10,86,22,59,68,63,5,10260,67,66,56,51,50
20160204 16:37,90,14,85,11,94,21,59,69,64,7,10260,67,66,56,51,50
20160204 16:38,92,15,87,11,91,15,59,69,64,7,10260,66,66,56,51,50
20160204 16:39,93,14,90,12,94,20,59,69,64,7,10260,66,66,56,51,50
20160204 16:40,94,15,92,12,93,16,59,69,64,7,10260,65,66,56,51,50
20160204 16:41,89,12,91,12,86,13,58,68,63,4,10260,65,65,56,51,50
20160204 16:42,83,12,91,12,80,16,58,69,64,6,10260,64,65,56,52,50
20160204 16:43,84,13,91,12,88,16,58,69,64,6,10260,64,65,56,52,50
20160204 16:44,84,12,89,13,79,13,58,69,64,6,10261,63,65,56,52,50
20160204 16:45,80,11,87,13,80,16,58,69,64,6,10261,63,65,56,52,50
20160204 16:46,75,12,86,13,70,17,58,69,64,6,10261,63,65,56,52,50
20160204 16:47,72,14,84,13,75,19,58,69,64,6,10260,62,65,56,52,50
20160204 16:48,76,15,82,13,77,18,58,69,64,6,10260,62,65,56,52,50
20160204 16:49,77,13,80,13,77,14,58,70,65,8,10260,62,64,56,52,50
20160204 16:50,77,13,79,13,77,16,58,69,64,6,10260,62,64,56,52,50
20160204 16:51,80,16,79,13,83,20,58,69,64,6,10260,62,64,56,52,50
20160204 16:52,80,18,78,14,77,22,58,69,64,6,10260,61,64,56,52,50
20160204 16:53,68,17,75,14,59,19,58,69,64,6,10261,61,64,56,52,50
20160204 16:54,61,14,74,14,62,17,58,69,64,6,10261,61,64,56,52,51
20160204 16:55,64,12,72,14,66,20,57,69,63,5,10261,60,64,56,52,51
20160204 16:56,68,12,72,14,69,18,57,69,63,5,10261,60,64,56,52,51
20160204 16:57,71,12,72,14,73,16,57,69,63,5,10261,60,63,56,52,51
20160204 16:58,77,13,72,14,81,18,57,69,63,5,10261,59,63,56,52,51
20160204 16:59,79,14,72,14,76,16,57,69,63,5,10262,59,63,56,52,51
20160204 17:00,76,14,72,14,76,20,57,69,63,5,10261,59,63,56,52,51
20160204 17:01,74,15,71,14,72,16,57,69,63,5,10261,58,63,56,52,51
20160204 17:02,77,13,72,13,82,14,57,69,63,5,10261,58,63,56,52,51
20160204 17:03,81,13,74,13,81,18,57,69,63,5,10261,58,63,56,52,51
20160204 17:04,85,14,76,13,89,15,57,69,63,5,10261,57,62,56,52,51
20160204 17:05,90,12,79,13,92,14,57,69,63,5,10261,57,62,56,52,51
20160204 17:06,91,10,81,13,91,11,57,69,63,5,10261,57,62,56,52,51
20160204 17:07,83,10,81,13,74,16,57,69,63,5,10261,57,62,56,53,51
20160204 17:08,77,12,81,13,79,14,57,70,64,7,10261,57,62,56,53,51
20160204 17:09,81,11,82,12,83,13,57,70,64,7,10262,56,62,56,53,51
20160204 17:10,88,9,84,12,92,10,57,70,64,7,10262,56,62,56,53,51
20160204 17:11,93,7,86,11,93,9,56,70,64,6,10262,56,62,56,53,51
20160204 17:12,93,7,87,10,93,9,56,70,64,6,10261,56,61,56,53,51
20160204 17:13,96,9,89,10,100,16,56,71,65,8,10261,55,61,56,53,51
20160204 17:14,108,10,91,10,116,16,56,71,65,8,10261,55,61,56,53,51
20160204 17:15,107,10,92,10,97,12,56,71,65,8,10261,55,61,56,53,51
20160204 17:16,95,11,92,10,93,15,56,71,65,8,10261,54,61,56,53,51
20160204 17:17,97,13,95,10,102,16,56,72,65,10,10261,54,61,56,53,51
20160204 17:18,105,11,98,10,108,13,56,72,65,10,10261,54,61,56,53,51
20160204 17:19,106,10,100,10,104,14,56,72,65,10,10261,53,61,56,53,51
20160204 17:20,106,11,101,10,107,14,56,72,65,10,10261,53,60,56,53,51
20160204 17:21,106,11,102,11,105,15,55,72,65,9,10261,52,60,56,53,51
20160204 17:22,103,12,103,11,102,14,55,72,65,9,10262,52,60,56,53,51
20160204 17:23,98,11,103,11,94,13,55,72,65,9,10262,52,60,56,53,51
20160204 17:24,94,10,101,11,95,13,55,72,65,9,10262,51,60,56,53,51
20160204 17:25,99,12,101,11,103,18,55,73,66,11,10261,51,60,56,53,51
20160204 17:26,101,14,102,11,100,16,55,73,66,11,10261,51,60,56,53,51
20160204 17:27,98,11,101,11,96,10,55,73,66,11,10261,51,59,56,53,52
20160204 17:28,99,8,101,11,102,10,55,73,66,11,10261,50,59,56,53,52
20160204 17:29,103,7,101,10,104,10,54,73,65,10,10261,50,59,56,53,52
20160204 17:30,107,9,101,10,110,16,54,73,65,10,10261,50,59,56,53,52
20160204 17:31,108,11,101,10,105,14,54,73,65,10,10261,49,59,56,53,52
20160204 17:32,106,9,102,10,108,11,54,73,65,10,10261,49,59,56,53,52
20160204 17:33,101,9,102,10,93,14,54,73,65,10,10262,49,59,56,53,52
20160204 17:34,103,9,103,10,113,10,54,73,65,10,10262,49,59,56,53,52
20160204 17:35,111,8,104,9,108,10,54,73,65,10,10262,48,58,56,53,52
20160204 17:36,112,9,106,9,117,13,54,73,65,10,10262,48,58,56,53,52
20160204 17:37,116,8,108,9,116,9,54,73,65,10,10263,48,58,56,53,52
20160204 17:38,116,7,109,9,116,10,54,74,66,11,10263,48,58,56,53,52
20160204 17:39,110,7,109,9,105,10,53,74,66,10,10263,48,58,56,53,52
20160204 17:40,99,7,107,8,92,9,53,74,66,10,10263,48,58,56,53,52
20160204 17:41,83,5,104,8,74,6,53,74,66,10,10263,47,58,56,53,52
20160204 17:42,78,4,102,7,83,7,53,74,66,10,10264,47,57,56,53,52
20160204 17:43,80,4,100,7,77,5,53,74,66,10,10264,47,57,56,54,52
20160204 17:44,77,5,96,6,76,8,53,74,66,10,10264,47,57,56,54,52
20160204 17:45,77,5,93,6,77,6,53,74,66,10,10264,47,57,56,54,52
20160204 17:46,72,4,88,5,66,4,53,74,66,10,10264,47,57,56,54,52
20160204 17:47,63,2,82,5,60,2,53,73,65,9,10265,46,57,56,54,52
20160204 17:48,59,0,77,4,58,1,53,73,65,9,10265,46,57,56,54,52
20160204 17:49,62,2,73,4,65,4,53,73,65,9,10265,46,57,56,54,52
20160204 17:50,66,4,70,3,67,6,52,73,65,8,10264,46,56,56,54,52
20160204 17:51,69,5,70,4,70,7,52,73,65,8,10264,46,56,56,54,52
20160204 17:52,71,7,69,4,72,9,52,73,65,8,10264,46,56,56,54,52
20160204 17:53,74,8,69,4,76,9,52,74,65,10,10264,46,56,56,54,52
20160204 17:54,77,8,69,5,78,9,52,74,65,10,10264,46,56,56,54,52
20160204 17:55,80,7,69,5,83,7,52,74,65,10,10265,45,56,56,54,52
20160204 17:56,86,6,72,5,89,6,52,75,66,11,10265,45,56,56,54,52
20160204 17:57,91,5,75,5,92,6,51,75,66,10,10266,45,56,56,54,52
20160204 17:58,92,4,78,6,93,5,51,75,66,10,10266,45,55,56,54,52
20160204 17:59,92,2,81,6,92,3,51,75,66,10,10266,45,55,56,54,52
20160204 18:00,87,2,83,5,81,3,51,76,67,12,10266,45,55,56,54,52
20160204 18:01,80,2,83,5,78,3,51,76,67,12,10266,44,55,56,54,52
20160204 18:02,78,1,84,4,77,2,51,77,68,14,10266,44,55,56,54,52
20160204 18:03,77,0,84,3,77,0,50,77,67,13,10266,44,55,56,54,52
20160204 18:04,78,0,84,3,79,0,50,76,66,11,10266,44,55,55,54,52
20160204 18:05,77,0,83,2,74,0,50,76,66,11,10267,44,55,55,54,53
20160204 18:06,66,0,80,2,59,0,50,76,66,11,10267,44,55,55,54,53
20160204 18:07,56,0,76,1,53,0,50,77,67,13,10267,44,55,55,54,53
20160204 18:08,53,0,72,1,54,0,49,77,67,12,10268,44,54,55,54,53
20160204 18:09,52,0,68,1,49,0,49,78,68,14,10268,44,54,55,54,53
20160204 18:10,46,0,64,0,43,0,49,78,68,14,10268,44,54,55,54,53
20160204 18:11,36,0,60,0,30,0,49,78,68,14,10269,44,54,55,54,53
20160204 18:12,17,0,53,0,3,0,48,78,67,13,10269,43,54,55,54,53
20160204 18:13,353,1,44,0,343,3,48,79,68,15,10270,43,54,55,54,53
20160204 18:14,342,2,34,0,342,4,48,79,68,15,10271,43,54,55,54,53
20160204 18:15,344,3,25,1,345,5,48,79,68,15,10271,43,54,55,54,53
20160204 18:16,348,4,17,1,351,4,48,80,69,16,10272,43,54,55,54,53
20160204 18:17,357,4,12,2,3,4,47,80,68,15,10272,43,54,55,54,53
20160204 18:18,6,4,7,2,8,4,47,81,69,17,10271,43,53,55,54,53
20160204 18:19,11,4,4,2,14,4,47,81,69,17,10271,43,53,55,54,53
20160204 18:20,14,3,1,3,13,4,47,81,69,17,10271,43,53,55,54,53
20160204 18:21,10,3,359,3,7,4,47,81,69,17,10271,43,53,55,54,53
20160204 18:22,0,3,358,3,354,3,47,81,69,17,10271,43,53,55,54,53
20160204 18:23,355,3,359,3,356,4,47,81,69,17,10271,43,53,55,54,53
20160204 18:24,351,4,0,3,345,4,47,81,69,17,10271,43,53,55,54,53
20160204 18:25,344,4,0,3,344,5,46,82,70,18,10272,43,53,55,54,53
20160204 18:26,345,5,359,4,347,6,46,82,70,18,10272,43,53,55,54,53
20160204 18:27,346,5,357,4,345,7,46,81,69,16,10272,42,53,55,54,53
20160204 18:28,344,7,355,4,342,8,46,81,69,16,10273,42,53,55,54,53
20160204 18:29,344,7,352,4,345,8,46,81,69,16,10273,42,52,55,54,53
20160204 18:30,346,7,349,5,347,8,46,81,69,16,10273,42,52,55,54,53
20160204 18:31,347,6,347,5,346,6,46,82,70,18,10273,42,52,55,54,53
20160204 18:32,343,5,346,5,340,6,46,82,70,18,10273,42,52,55,54,53
20160204 18:33,340,5,344,5,339,5,45,83,70,19,10273,42,52,55,54,53
20160204 18:34,338,4,343,5,337,6,45,83,70,19,10273,42,52,55,54,53
20160204 18:35,339,4,343,6,341,6,45,83,70,19,10273,42,52,55,54,53
20160204 18:36,345,5,343,6,350,7,45,83,70,19,10273,42,52,55,54,53
20160204 18:37,352,5,344,5,355,7,45,82,69,17,10273,42,52,55,54,53
20160204 18:38,354,5,345,5,353,7,45,82,69,17,10273,42,52,55,54,53
20160204 18:39,357,5,347,5,0,6,45,82,69,17,10273,42,52,55,54,53
20160204 18:40,1,3,348,4,2,4,45,82,69,17,10273,41,52,55,54,53
20160204 18:41,4,1,350,4,6,0,45,82,69,17,10273,41,52,54,54,53
20160204 18:42,12,0,354,3,19,0,44,82,69,16,10273,41,51,54,54,53
20160204 18:43,11,0,357,3,4,0,44,82,69,16,10274,41,51,54,54,53
20160204 18:44,7,0,0,3,9,0,44,82,69,16,10274,41,51,54,54,53
20160204 18:45,13,0,3,2,16,0,44,81,68,14,10274,41,51,54,54,53
20160204 18:46,18,0,6,2,20,0,44,81,68,14,10274,41,51,54,54,53
20160204 18:47,19,0,9,1,18,2,44,81,68,14,10273,41,51,54,54,53
20160204 18:48,16,2,11,1,15,4,44,81,68,14,10274,41,51,54,54,53
20160204 18:49,11,3,12,1,7,4,44,81,68,14,10274,40,51,54,54,53
20160204 18:50,4,3,12,1,1,4,44,81,68,14,10275,40,51,54,54,53
20160204 18:51,358,4,10,1,354,4,44,81,68,14,10275,40,51,54,54,53
20160204 18:52,352,4,8,2,351,4,44,81,68,14,10275,40,51,54,54,54
20160204 18:53,346,3,5,2,341,4,44,82,69,16,10276,40,51,54,54,54
20160204 18:54,340,3,2,2,339,5,43,82,68,15,10276,40,51,54,54,54
20160204 18:55,336,4,358,3,332,5,43,82,68,15,10277,40,51,54,54,54
20160204 18:56,329,5,352,3,325,6,43,82,68,15,10277,40,50,54,54,54
20160204 18:57,326,5,347,4,326,6,43,82,68,15,10277,40,50,54,54,54
20160204 18:58,327,5,342,4,329,5,43,83,69,17,10277,40,50,54,54,54
20160204 18:59,330,4,339,4,331,5,43,83,69,17,10276,40,50,54,54,54
20160204 19:00,329,4,336,4,328,4,43,83,69,17,10276,40,50,54,54,54
20160204 19:01,328,2,333,4,328,3,43,83,69,17,10276,40,50,54,54,54
20160204 19:02,324,0,330,3,320,0,43,83,69,17,10276,40,50,54,54,54
20160204 19:03,315,0,327,3,311,0,42,83,68,16,10276,40,50,54,54,54
20160204 19:04,310,0,324,3,309,0,42,83,68,16,10275,40,50,54,54,54
20160204 19:05,309,0,322,2,309,0,42,83,68,16,10275,40,50,54,54,54
20160204 19:06,309,0,320,2,309,0,42,83,68,16,10275,40,50,54,54,54
20160204 19:07,307,0,318,1,305,0,42,83,68,16,10275,40,50,54,54,54
20160204 19:08,304,0,315,1,304,0,42,83,68,16,10275,40,50,54,54,54
20160204 19:09,303,0,313,0,303,0,42,83,68,16,10276,40,50,54,54,54
20160204 19:10,259,0,305,0,205,0,42,83,68,16,10276,40,50,54,54,54
20160204 19:11,185,0,296,0,168,0,42,83,68,16,10276,40,49,54,54,54
20160204 19:12,160,0,285,0,152,0,42,84,69,17,10276,40,49,54,54,54
20160204 19:13,151,0,269,0,149,0,42,84,69,17,10276,40,49,54,54,54
20160204 19:14,147,0,241,0,145,0,42,84,69,17,10276,40,49,54,54,54
20160204 19:15,136,0,202,0,127,4,42,84,69,17,10276,40,49,54,54,54
20160204 19:16,120,3,171,1,113,7,42,84,69,17,10276,40,49,53,54,54
20160204 19:17,108,7,152,2,102,12,42,85,70,19,10276,40,49,53,54,54
20160204 19:18,93,12,140,3,85,16,42,85,70,19,10276,40,49,53,54,54
20160204 19:19,69,15,130,5,53,25,42,85,70,19,10276,40,49,53,54,54
20160204 19:20,54,18,116,7,55,24,43,85,71,20,10276,40,49,53,54,54
20160204 19:21,61,19,105,8,68,24,43,84,70,18,10276,39,49,53,54,54
20160204 19:22,68,18,96,10,69,22,44,83,69,18,10276,39,49,53,54,54
20160204 19:23,65,16,87,12,61,20,44,83,69,18,10276,39,49,53,54,54
20160204 19:24,61,14,79,13,61,20,44,83,69,18,10275,39,49,53,54,54
20160204 19:25,63,14,73,14,66,20,44,82,69,16,10275,39,49,53,54,54
20160204 19:26,64,14,68,15,63,20,45,82,69,17,10275,39,49,53,54,54
20160204 19:27,62,17,64,16,62,28,45,82,69,17,10275,39,49,53,54,54
20160204 19:28,63,19,62,17,64,24,45,82,69,17,10276,39,49,53,54,54
20160204 19:29,65,19,64,17,67,23,45,82,69,17,10276,39,49,53,54,54
20160204 19:30,66,19,64,17,64,23,46,82,70,18,10275,39,49,53,54,54
20160204 19:31,64,17,64,17,63,20,46,81,69,16,10275,39,48,53,54,54
20160204 19:32,65,15,64,16,66,20,46,81,69,16,10275,39,48,53,54,54
20160204 19:33,65,15,64,17,63,20,46,81,69,16,10275,39,48,53,54,54
20160204 19:34,63,16,64,17,63,22,46,81,69,16,10275,39,48,53,54,54
20160204 19:35,64,16,64,17,65,20,46,81,69,16,10275,38,48,53,54,54
20160204 19:36,63,16,64,17,61,19,46,81,69,16,10275,38,48,53,54,54
20160204 19:37,65,16,64,17,68,24,46,81,69,16,10275,38,48,53,54,54
20160204 19:38,64,17,64,17,60,20,46,81,69,16,10275,38,48,53,54,54
20160204 19:39,59,17,63,16,58,23,46,81,69,16,10275,38,48,53,54,54
20160204 19:40,56,16,62,16,54,23,46,81,69,16,10275,37,48,53,54,54
20160204 19:41,56,17,62,16,58,27,46,81,69,16,10275,37,48,53,54,54
20160204 19:42,57,19,61,17,57,24,46,81,69,16,10274,37,48,53,54,54
20160204 19:43,60,17,61,17,63,19,46,81,69,16,10274,37,48,53,54,54
20160204 19:44,60,14,60,16,58,24,46,81,69,16,10275,37,48,53,54,54
20160204 19:45,60,14,60,16,61,21,46,81,69,16,10275,36,48,53,54,54
20160204 19:46,65,14,60,16,68,18,46,81,69,16,10276,36,48,53,54,54
20160204 19:47,73,13,61,15,77,16,46,81,69,16,10276,36,48,53,54,54
20160204 19:48,70,13,62,15,64,18,46,81,69,16,10275,36,48,53,54,54
20160204 19:49,69,13,63,15,74,17,46,81,69,16,10275,36,48,53,54,54
20160204 19:50,74,13,65,15,75,17,46,81,69,16,10275,36,47,53,54,54
20160204 19:51,73,12,67,14,71,14,46,81,69,16,10275,36,47,53,54,54
20160204 19:52,72,11,68,13,72,14,46,81,69,16,10275,36,47,53,54,54
20160204 19:53,68,11,68,13,64,17,45,81,68,15,10275,35,47,52,54,54
20160204 19:54,60,12,68,13,55,19,45,81,68,15,10276,35,47,52,54,54
20160204 19:55,57,11,68,12,59,15,45,82,69,17,10276,35,47,52,54,54
20160204 19:56,60,10,67,12,61,10,45,82,69,17,10277,35,47,52,54,54
20160204 19:57,65,8,66,11,68,10,45,82,69,17,10277,35,47,52,54,54
20160204 19:58,63,8,66,11,58,9,45,82,69,17,10277,35,47,52,54,54
20160204 19:59,58,8,64,10,59,14,45,82,69,17,10277,35,47,52,54,54
20160204 20:00,62,10,63,10,66,15,45,82,69,17,10277,35,47,52,54,54
