time_now,wd_avg_2mins,ws_avg_2mins,wd_avg_10mins,ws_avg_10mins,wd_maxsp_this_min,ws_maxsp_this_min,air_temp_by_box,relative_humidity,water_vapor_pressure,dew_temp,station_pressure,ground_temp_pt,ground_tem_5cm,ground_tem_10cm,ground_tem_15cm,ground_tem_20cm
20160221 20:01,55,21,59,23,57,26,52,48,42,-49,10292,31,80,101,105,102
20160221 20:02,57,21,59,23,57,24,52,48,42,-49,10292,30,80,101,105,102
20160221 20:03,59,19,59,22,61,22,52,48,42,-49,10292,30,80,101,105,103
20160221 20:04,63,19,59,21,65,25,51,49,43,-47,10292,30,80,101,105,102
20160221 20:05,65,20,59,21,66,29,51,49,43,-47,10292,29,80,101,105,102
20160221 20:06,67,19,60,21,69,25,51,49,43,-47,10292,29,80,101,105,102
20160221 20:07,70,17,61,20,72,23,51,50,44,-45,10292,28,79,101,105,102
20160221 20:08,76,18,64,20,80,25,50,50,44,-46,10292,28,79,100,105,102
20160221 20:09,82,18,66,19,84,23,50,51,44,-43,10291,28,79,100,105,102
20160221 20:10,83,18,69,19,82,24,49,51,44,-44,10291,27,79,100,105,102
20160221 20:11,86,19,73,19,90,23,49,52,45,-41,10291,27,79,100,105,102
20160221 20:12,93,19,76,19,96,23,48,52,45,-42,10291,26,78,100,105,102
20160221 20:13,100,18,81,19,104,23,48,53,46,-40,10292,26,78,100,105,102
20160221 20:14,103,17,85,18,103,21,47,54,46,-38,10292,25,78,100,104,102
20160221 20:15,106,16,89,18,109,20,47,55,47,-36,10292,25,78,100,104,102
20160221 20:16,110,19,93,18,111,28,47,55,47,-36,10291,24,78,99,104,102
20160221 20:17,112,23,97,19,113,28,46,56,47,-34,10291,24,78,99,104,102
20160221 20:18,113,22,101,19,113,29,46,57,48,-32,10291,24,77,99,104,102
20160221 20:19,112,22,103,19,112,28,46,58,49,-29,10292,24,77,99,104,102
20160221 20:20,109,24,106,20,106,32,45,59,50,-28,10292,24,77,99,104,102
20160221 20:21,103,23,107,20,100,26,45,59,50,-28,10292,24,77,99,104,102
20160221 20:22,99,22,107,21,97,27,45,60,51,-26,10291,24,77,99,104,102
20160221 20:23,96,24,106,21,94,32,44,60,50,-27,10291,24,77,99,104,102
20160221 20:24,92,26,105,23,90,35,44,60,50,-27,10291,24,76,98,104,102
20160221 20:25,88,25,102,23,85,30,44,60,50,-27,10291,24,76,98,104,102
20160221 20:26,82,23,99,23,78,28,44,60,50,-27,10291,23,76,98,104,102
20160221 20:27,79,23,95,23,80,36,44,60,50,-27,10291,23,76,98,104,102
20160221 20:28,79,27,92,24,78,39,44,60,50,-27,10291,23,76,98,104,102
20160221 20:29,76,28,88,25,74,30,44,60,50,-27,10291,23,75,98,104,102
20160221 20:30,71,25,84,25,69,28,44,60,50,-27,10291,23,75,98,103,102
20160221 20:31,70,24,82,25,71,33,44,60,50,-27,10291,24,75,98,103,102
20160221 20:32,70,24,79,25,69,29,44,60,50,-27,10291,24,75,98,103,102
20160221 20:33,68,25,76,25,67,33,43,60,50,-28,10291,24,75,97,103,102
20160221 20:34,69,26,74,25,72,38,43,60,50,-28,10291,23,75,97,103,102
20160221 20:35,71,27,73,26,71,42,43,60,50,-28,10290,23,74,97,103,102
20160221 20:36,71,27,72,26,71,38,43,60,50,-28,10290,23,74,97,103,102
20160221 20:37,72,29,72,27,74,42,43,59,49,-30,10290,24,74,97,103,102
20160221 20:38,71,32,71,27,68,46,43,58,48,-32,10289,24,74,97,103,102
20160221 20:39,65,32,70,28,63,43,43,57,47,-35,10289,25,74,97,103,102
20160221 20:40,63,28,69,28,63,38,44,55,46,-38,10290,25,74,97,103,102
20160221 20:41,67,30,69,29,72,46,44,55,46,-38,10290,24,74,97,103,102
20160221 20:42,66,32,68,29,60,38,45,53,45,-42,10290,25,73,96,103,102
20160221 20:43,61,33,68,30,62,45,45,52,44,-45,10290,25,73,96,103,102
20160221 20:44,64,31,67,30,65,33,45,51,43,-48,10290,25,73,96,103,102
20160221 20:45,64,29,66,31,62,42,45,51,43,-48,10290,25,73,96,102,102
20160221 20:46,62,32,65,31,62,51,45,50,42,-50,10290,25,73,96,102,102
20160221 20:47,65,34,64,32,67,48,46,49,42,-52,10290,25,73,96,102,102
20160221 20:48,69,32,65,31,71,42,46,49,42,-52,10290,25,72,96,102,102
20160221 20:49,73,27,66,31,74,34,46,49,42,-52,10291,25,72,96,102,102
20160221 20:50,72,24,66,30,69,43,46,49,42,-52,10291,25,72,96,102,102
20160221 20:51,71,24,66,30,73,39,46,48,41,-55,10291,25,72,95,102,101
20160221 20:52,69,25,67,29,65,31,46,48,41,-55,10291,24,72,95,102,101
20160221 20:53,64,23,67,28,63,30,46,48,41,-55,10291,24,72,95,102,101
20160221 20:54,63,23,67,27,63,30,45,48,40,-56,10291,23,72,95,102,101
20160221 20:55,66,24,68,27,69,33,45,48,40,-56,10291,23,72,95,102,101
20160221 20:56,69,26,68,26,70,39,45,48,40,-56,10291,23,71,95,102,101
20160221 20:57,69,25,68,25,67,32,45,47,40,-58,10291,23,71,95,102,101
20160221 20:58,69,24,68,24,70,33,45,47,40,-58,10292,22,71,95,102,101
20160221 20:59,71,24,68,24,72,31,45,47,40,-58,10292,22,71,94,102,101
20160221 21:00,74,24,69,24,76,31,45,47,40,-58,10291,22,71,94,102,101
20160221 21:01,75,24,69,24,74,36,44,47,39,-59,10291,21,71,94,102,101
20160221 21:02,76,22,70,24,78,28,44,47,39,-59,10292,21,71,94,101,101
20160221 21:03,74,20,71,23,70,24,44,47,39,-59,10292,21,70,94,101,101
20160221 21:04,73,21,72,23,77,28,44,46,38,-62,10292,21,70,94,101,101
20160221 21:05,77,21,73,23,78,25,44,46,38,-62,10292,21,70,94,101,101
20160221 21:06,77,20,74,22,77,30,44,46,38,-62,10292,20,70,94,101,101
20160221 21:07,83,23,76,22,88,29,43,46,38,-63,10292,20,70,94,101,101
20160221 21:08,86,22,77,22,85,23,43,46,38,-63,10292,19,70,93,101,101
20160221 21:09,87,21,79,22,89,24,43,46,38,-63,10292,19,70,93,101,101
20160221 21:10,92,21,81,21,96,25,43,47,39,-60,10292,18,70,93,101,101
20160221 21:11,98,19,84,21,100,22,42,47,39,-61,10292,18,69,93,101,101
20160221 21:12,99,18,86,20,98,22,42,48,40,-58,10293,17,69,93,101,101
20160221 21:13,95,20,88,21,93,30,42,49,40,-56,10292,17,69,93,101,101
20160221 21:14,89,22,89,21,84,28,41,50,41,-54,10292,17,69,93,101,101
20160221 21:15,84,21,89,21,84,27,41,51,42,-51,10292,17,69,93,101,101
20160221 21:16,83,23,90,21,82,33,41,51,42,-51,10292,17,69,93,100,101
20160221 21:17,79,25,89,21,76,30,40,52,42,-50,10291,17,68,93,100,101
20160221 21:18,75,24,88,21,75,31,40,53,43,-47,10292,17,68,92,100,101
20160221 21:19,73,22,86,21,71,27,40,54,44,-45,10292,16,68,92,100,101
20160221 21:20,70,21,83,22,70,27,40,54,44,-45,10292,16,68,92,100,101
20160221 21:21,68,20,80,22,67,28,39,55,44,-43,10293,16,68,92,100,101
20160221 21:22,67,19,77,22,68,24,39,55,44,-43,10293,16,68,92,100,101
20160221 21:23,70,19,75,22,73,22,39,56,45,-41,10293,15,68,92,100,101
20160221 21:24,72,19,74,21,72,26,39,56,45,-41,10293,15,67,92,100,101
20160221 21:25,70,17,72,21,67,23,38,57,46,-39,10293,15,67,92,100,101
20160221 21:26,68,17,71,20,68,23,38,57,46,-39,10293,15,67,92,100,101
20160221 21:27,67,18,70,19,65,23,38,58,46,-37,10293,14,67,92,100,100
20160221 21:28,67,18,69,19,68,27,38,58,46,-37,10293,14,67,91,100,100
20160221 21:29,72,17,69,18,77,20,37,58,46,-38,10293,14,67,91,100,100
20160221 21:30,75,17,70,18,74,24,37,59,47,-36,10294,14,67,91,100,100
20160221 21:31,76,17,71,17,77,19,37,59,47,-36,10294,14,66,91,99,100
20160221 21:32,78,15,72,17,78,20,37,59,47,-36,10294,13,66,91,99,100
20160221 21:33,80,15,73,17,82,19,36,59,47,-37,10295,13,66,91,99,100
20160221 21:34,81,14,74,16,80,20,36,59,47,-37,10296,13,66,91,99,100
20160221 21:35,85,13,76,16,89,16,36,59,47,-37,10296,13,66,91,99,100
20160221 21:36,88,13,78,15,86,15,36,59,47,-37,10297,12,66,91,99,100
20160221 21:37,90,14,80,15,94,17,36,60,47,-34,10297,12,66,90,99,100
20160221 21:38,96,14,83,15,97,17,35,60,47,-35,10297,12,65,90,99,100
20160221 21:39,103,14,87,14,109,16,35,60,47,-35,10297,11,65,90,99,100
20160221 21:40,114,13,91,14,119,16,35,60,47,-35,10298,11,65,90,99,100
20160221 21:41,121,13,96,14,124,14,35,61,48,-33,10298,11,65,90,99,100
20160221 21:42,124,14,100,14,123,18,35,61,48,-33,10298,10,65,90,99,100
20160221 21:43,127,16,105,14,131,18,35,61,48,-33,10298,10,65,90,99,100
20160221 21:44,132,16,111,14,134,19,35,61,48,-33,10298,10,64,90,99,100
20160221 21:45,133,17,115,14,132,20,35,61,48,-33,10298,9,64,90,99,100
20160221 21:46,134,16,120,15,136,17,35,61,48,-33,10298,9,64,89,99,100
20160221 21:47,137,15,124,15,139,15,35,62,49,-31,10298,9,64,89,98,100
20160221 21:48,139,12,129,14,140,13,34,62,48,-32,10299,8,64,89,98,100
20160221 21:49,137,12,131,14,135,14,34,62,48,-32,10299,8,64,89,98,100
20160221 21:50,131,12,132,14,127,15,34,63,49,-30,10299,8,64,89,98,100
20160221 21:51,123,13,132,14,118,19,33,63,49,-31,10299,7,63,89,98,100
20160221 21:52,111,15,130,14,104,19,33,63,49,-31,10299,7,63,89,98,100
20160221 21:53,103,16,127,14,102,19,33,62,48,-33,10299,7,63,89,98,100
20160221 21:54,100,15,123,14,99,17,33,62,48,-33,10299,7,63,89,98,100
20160221 21:55,95,15,119,14,91,19,33,62,48,-33,10300,7,63,89,98,100
20160221 21:56,88,15,114,14,85,18,32,62,48,-34,10300,7,63,89,98,100
20160221 21:57,80,13,107,13,74,13,32,62,48,-34,10300,7,62,88,98,100
20160221 21:58,73,11,101,13,72,13,32,63,48,-32,10300,6,62,88,98,99
20160221 21:59,71,11,94,13,71,14,31,63,48,-33,10300,6,62,88,98,99
20160221 22:00,70,12,89,14,70,15,31,63,48,-33,10300,6,62,88,98,99
20160221 22:01,69,12,84,13,69,14,31,63,48,-33,10300,6,62,88,98,99
20160221 22:02,68,12,80,13,67,14,31,63,48,-33,10300,5,62,88,97,99
20160221 22:03,66,12,76,13,66,13,30,64,48,-31,10299,5,62,88,97,99
20160221 22:04,64,11,73,12,62,12,30,64,48,-31,10299,5,61,88,97,99
20160221 22:05,64,9,70,12,65,10,29,64,48,-32,10299,5,61,88,97,99
20160221 22:06,67,10,69,11,69,15,29,65,49,-30,10299,5,61,87,97,99
20160221 22:07,71,12,68,11,72,16,29,65,49,-30,10299,4,61,87,97,99
20160221 22:08,73,14,68,12,73,17,29,65,49,-30,10299,4,61,87,97,99
20160221 22:09,74,15,69,12,74,17,28,65,49,-31,10298,4,61,87,97,99
20160221 22:10,77,16,70,13,79,19,28,65,49,-31,10298,4,61,87,97,99
20160221 22:11,77,16,70,13,74,19,28,65,49,-31,10298,3,60,87,97,99
20160221 22:12,75,17,71,14,75,23,28,65,49,-31,10297,3,60,87,97,99
20160221 22:13,75,19,72,14,74,21,27,65,48,-32,10297,3,60,87,97,99
20160221 22:14,74,20,73,15,73,24,27,66,49,-30,10297,3,60,87,97,99
20160221 22:15,72,20,73,16,72,25,27,66,49,-30,10296,3,60,87,97,99
20160221 22:16,71,20,74,18,70,25,27,66,49,-30,10296,3,60,86,97,99
20160221 22:17,69,21,73,18,68,25,27,66,49,-30,10296,3,59,86,96,99
20160221 22:18,66,20,72,19,64,23,27,66,49,-30,10296,3,59,86,96,99
20160221 22:19,62,18,71,19,60,21,27,66,49,-30,10297,3,59,86,96,99
20160221 22:20,59,19,69,19,59,22,27,66,49,-30,10297,3,59,86,96,99
20160221 22:21,58,17,67,19,57,25,27,66,49,-30,10297,3,59,86,96,99
20160221 22:22,56,16,65,19,55,25,27,66,49,-30,10297,4,59,86,96,99
20160221 22:23,53,16,63,19,51,25,27,66,49,-30,10297,4,59,86,96,99
20160221 22:24,50,17,60,18,49,25,27,66,49,-30,10297,4,58,86,96,99
20160221 22:25,49,17,58,18,48,20,27,66,49,-30,10297,4,58,86,96,99
20160221 22:26,49,20,56,18,49,29,27,66,49,-30,10297,5,58,85,96,99
20160221 22:27,48,22,54,18,47,31,28,66,49,-29,10298,5,58,85,96,99
20160221 22:28,49,21,52,18,50,29,28,66,49,-29,10298,6,58,85,96,98
20160221 22:29,49,22,51,19,48,39,29,66,50,-28,10299,6,58,85,96,98
20160221 22:30,51,22,51,19,54,34,29,65,49,-30,10299,7,58,85,96,98
20160221 22:31,51,21,50,20,48,34,29,65,49,-30,10299,7,57,85,96,98
20160221 22:32,48,20,49,20,48,23,30,65,49,-29,10299,7,57,85,95,98
20160221 22:33,49,19,49,20,49,30,30,65,49,-29,10299,8,57,85,95,98
20160221 22:34,50,19,49,20,50,32,30,65,49,-29,10299,8,57,85,95,98
20160221 22:35,51,20,49,21,51,27,30,65,49,-29,10299,8,57,85,95,98
20160221 22:36,50,22,49,21,49,36,31,65,50,-28,10299,8,57,84,95,98
20160221 22:37,49,22,50,21,50,26,31,65,50,-28,10298,8,57,84,95,98
20160221 22:38,51,23,50,21,53,32,31,65,50,-28,10298,9,57,84,95,98
20160221 22:39,51,25,50,21,50,31,32,65,50,-27,10298,9,57,84,95,98
20160221 22:40,50,24,50,22,49,30,32,65,50,-27,10298,9,56,84,95,98
20160221 22:41,52,22,50,22,55,32,32,65,50,-27,10298,9,56,84,95,98
20160221 22:42,52,22,50,22,49,31,32,65,50,-27,10297,9,56,84,95,98
20160221 22:43,48,21,50,22,48,25,32,65,50,-27,10297,9,56,84,95,98
20160221 22:44,51,20,51,22,54,33,32,65,50,-27,10297,9,56,84,95,98
20160221 22:45,53,19,51,22,51,25,33,65,50,-26,10297,9,56,84,95,98
20160221 22:46,51,20,51,22,51,29,33,65,50,-26,10297,9,56,83,95,98
20160221 22:47,54,22,52,22,57,35,33,65,50,-26,10297,10,56,83,95,98
20160221 22:48,56,23,52,22,55,34,33,65,50,-26,10297,10,56,83,94,98
20160221 22:49,53,23,52,22,50,34,33,65,50,-26,10297,10,56,83,94,98
20160221 22:50,52,23,52,21,54,30,33,65,50,-26,10297,10,56,83,94,98
20160221 22:51,54,21,52,21,54,24,34,65,51,-25,10297,10,55,83,94,98
20160221 22:52,55,22,53,22,56,40,34,65,51,-25,10296,10,55,83,94,98
20160221 22:53,56,22,54,22,56,27,34,65,51,-25,10296,10,55,83,94,98
20160221 22:54,58,21,54,22,60,30,34,65,51,-25,10296,10,55,83,94,97
20160221 22:55,59,23,55,22,58,31,34,65,51,-25,10296,10,55,82,94,97
20160221 22:56,58,21,56,22,58,30,34,65,51,-25,10296,10,55,82,94,97
20160221 22:57,61,21,57,22,65,27,34,65,51,-25,10296,10,55,82,94,97
20160221 22:58,66,23,58,22,66,30,34,65,51,-25,10296,10,55,82,94,97
20160221 22:59,64,22,59,22,62,29,34,65,51,-25,10296,10,55,82,94,97
20160221 23:00,65,20,60,21,68,23,34,65,51,-25,10296,9,55,82,94,97
20160221 23:01,68,16,62,21,67,24,34,65,51,-25,10296,9,55,82,94,97
20160221 23:02,72,14,64,20,78,19,34,65,51,-25,10296,9,55,82,94,97
20160221 23:03,78,12,66,19,78,17,34,66,51,-23,10296,8,55,82,93,97
20160221 23:04,87,8,69,17,95,8,33,66,51,-24,10296,7,55,82,93,97
20160221 23:05,96,5,73,15,97,7,33,66,51,-24,10296,7,55,82,93,97
20160221 23:06,112,5,80,14,127,9,33,66,51,-24,10297,6,54,81,93,97
20160221 23:07,129,7,86,12,132,10,32,66,51,-25,10297,5,54,81,93,97
20160221 23:08,127,8,92,11,121,13,32,67,51,-23,10297,5,54,81,93,97
20160221 23:09,118,9,98,10,114,11,32,67,51,-23,10297,4,54,81,93,97
20160221 23:10,114,8,102,9,113,8,31,67,51,-24,10297,4,54,81,93,97
20160221 23:11,111,7,107,8,110,10,31,67,51,-24,10297,3,54,81,93,97
20160221 23:12,104,9,109,8,99,12,31,67,51,-24,10297,3,54,81,93,97
20160221 23:13,99,9,111,7,100,11,31,67,51,-24,10297,2,54,81,93,97
20160221 23:14,100,9,111,8,101,10,31,68,52,-22,10297,2,54,81,93,97
20160221 23:15,102,9,112,8,104,10,30,68,52,-23,10297,1,54,81,93,97
20160221 23:16,102,9,109,9,101,10,30,68,52,-23,10296,1,54,81,93,97
20160221 23:17,100,8,106,9,100,8,30,68,52,-23,10296,1,54,81,93,97
20160221 23:18,104,7,105,8,109,7,30,69,52,-21,10297,0,53,80,92,97
20160221 23:19,116,6,106,8,123,6,29,69,52,-22,10297,0,53,80,92,97
20160221 23:20,138,6,110,8,153,8,28,69,52,-23,10297,-1,53,80,92,96
20160221 23:21,161,8,115,8,168,13,28,70,52,-21,10298,-1,53,80,92,97
20160221 23:22,174,12,123,8,180,16,27,70,52,-22,10298,-2,53,80,92,96
20160221 23:23,187,16,132,9,195,21,26,71,52,-21,10298,-2,53,80,92,96
20160221 23:24,195,18,142,10,194,25,26,71,52,-21,10299,-1,53,80,92,96
20160221 23:25,196,21,153,12,198,26,26,71,52,-21,10299,-1,53,80,92,96
20160221 23:26,200,21,164,13,202,24,26,71,52,-21,10299,-1,53,80,92,96
20160221 23:27,200,21,174,14,199,25,26,71,52,-21,10299,0,52,80,92,96
20160221 23:28,196,19,181,15,193,21,26,71,52,-21,10299,0,52,80,92,96
20160221 23:29,190,14,187,16,187,13,26,71,52,-21,10299,0,52,80,92,96
20160221 23:30,180,9,189,16,173,10,26,71,52,-21,10298,0,52,79,92,96
20160221 23:31,178,5,190,15,182,6,25,71,52,-22,10298,0,52,79,92,96
20160221 23:32,196,2,195,14,223,0,25,71,52,-22,10298,-1,52,79,92,96
20160221 23:33,119,0,188,12,84,1,24,71,52,-23,10298,-1,52,79,92,96
20160221 23:34,61,1,183,10,39,5,24,71,52,-23,10298,-1,52,79,91,96
20160221 23:35,30,4,176,9,21,8,24,72,52,-21,10298,-2,51,79,91,96
20160221 23:36,28,6,157,7,35,8,23,72,52,-22,10298,-2,51,79,91,96
20160221 23:37,46,5,122,6,57,6,23,73,53,-20,10299,-2,51,79,91,96
20160221 23:38,64,2,94,4,72,2,22,74,53,-19,10299,-3,51,79,91,96
20160221 23:39,70,0,76,3,68,0,22,74,53,-19,10299,-3,51,79,91,96
20160221 23:40,102,0,75,2,136,1,21,74,53,-20,10299,-3,51,79,91,96
20160221 23:41,151,2,75,2,164,5,20,75,53,-20,10299,-4,51,79,91,96
20160221 23:42,166,4,79,3,168,5,20,75,53,-20,10299,-4,51,78,91,96
20160221 23:43,171,5,89,3,174,6,20,75,53,-20,10298,-4,50,78,91,96
20160221 23:44,174,7,108,4,174,9,20,75,53,-20,10298,-4,50,78,91,96
20160221 23:45,169,8,126,4,165,10,20,76,54,-18,10298,-5,50,78,91,96
20160221 23:46,160,8,138,4,155,8,19,76,53,-19,10298,-5,50,78,91,96
20160221 23:47,143,7,144,4,132,7,18,76,53,-20,10298,-5,50,78,91,95
20160221 23:48,116,6,146,5,101,6,18,75,52,-22,10298,-6,50,78,91,95
20160221 23:49,102,8,148,6,104,11,17,76,52,-21,10297,-6,50,78,91,95
20160221 23:50,104,10,145,7,104,13,17,77,53,-19,10297,-6,50,78,90,95
20160221 23:51,102,12,138,8,100,13,16,77,53,-20,10297,-6,50,78,90,95
20160221 23:52,104,11,131,8,108,11,16,78,53,-18,10297,-7,49,78,90,95
20160221 23:53,113,10,125,9,118,12,16,79,54,-16,10297,-7,49,78,90,95
20160221 23:54,127,8,122,9,136,8,15,79,54,-17,10298,-7,49,77,90,95
20160221 23:55,152,6,122,8,167,7,14,79,53,-18,10298,-8,49,77,90,95
20160221 23:56,176,7,124,8,184,8,14,79,53,-18,10298,-8,49,77,90,95
20160221 23:57,180,8,129,9,177,11,14,79,53,-18,10298,-8,49,77,90,95
20160221 23:58,176,9,137,9,174,11,14,79,53,-18,10298,-8,49,77,90,95
20160221 23:59,171,10,144,9,168,11,13,79,53,-19,10298,-8,49,77,90,95
20160221 00:00,161,10,149,9,155,12,13,79,53,-19,10298,-8,48,77,90,95
20160221 00:01,147,9,153,9,139,9,12,79,53,-20,10298,-8,48,77,90,95
20160221 00:02,136,7,155,8,132,7,12,79,53,-20,10299,-9,48,77,90,95
20160221 00:03,133,4,157,7,134,6,12,80,53,-19,10299,-9,48,77,90,95
20160221 00:04,136,3,157,7,138,3,12,80,53,-19,10299,-9,48,77,90,95
20160221 00:05,142,1,155,6,147,1,12,80,53,-19,10299,-9,48,77,90,95
20160221 00:06,160,0,154,6,173,0,11,80,53,-20,10299,-9,48,76,89,95
20160221 00:07,188,0,156,5,202,0,11,80,53,-20,10299,-9,47,76,89,95
20160221 00:08,205,0,159,4,207,3,10,80,53,-21,10300,-10,47,76,89,95
20160221 00:09,207,3,163,3,207,6,10,81,53,-19,10300,-10,47,76,89,95
20160221 00:10,204,6,168,3,201,7,10,82,54,-17,10300,-10,47,76,89,95
20160221 00:11,203,8,175,3,205,11,9,82,53,-18,10300,-10,47,76,89,95
20160221 00:12,203,11,182,4,200,15,9,83,54,-17,10300,-10,47,76,89,94
20160221 00:13,201,13,189,5,202,15,9,83,54,-17,10300,-10,47,76,89,94
20160221 00:14,202,12,195,6,202,13,10,84,55,-14,10300,-10,47,76,89,94
20160221 00:15,202,11,200,7,201,11,10,83,54,-16,10300,-10,46,76,89,94
20160221 00:16,202,8,203,8,203,8,9,83,54,-17,10300,-10,46,76,89,94
20160221 00:17,203,6,203,8,203,6,9,83,54,-17,10301,-10,46,76,89,94
20160221 00:18,198,4,202,8,193,4,9,83,54,-17,10301,-11,46,75,89,94
20160221 00:19,193,3,200,8,193,4,9,83,54,-17,10301,-11,46,75,89,94
20160221 00:20,195,4,200,8,198,6,8,83,54,-18,10301,-11,46,75,89,94
20160221 00:21,201,5,200,7,203,7,8,83,54,-18,10301,-11,46,75,89,94
20160221 00:22,207,7,201,7,212,10,8,83,54,-18,10301,-11,46,75,89,94
20160221 00:23,213,9,202,7,214,12,7,83,53,-19,10301,-11,45,75,88,94
20160221 00:24,211,11,203,7,209,12,7,84,54,-17,10301,-11,45,75,88,94
20160221 00:25,202,12,202,7,196,14,7,84,54,-17,10300,-12,45,75,88,94
20160221 00:26,192,12,201,8,189,14,6,84,54,-18,10300,-12,45,75,88,94
20160221 00:27,187,10,199,8,185,13,6,84,54,-18,10299,-12,45,75,88,94
20160221 00:28,179,8,197,9,173,12,6,84,54,-18,10299,-12,45,75,88,94
20160221 00:29,166,7,194,9,160,7,5,84,53,-19,10299,-12,45,74,88,94
20160221 00:30,159,5,190,9,158,6,5,84,53,-19,10299,-12,45,74,88,94
20160221 00:31,155,3,185,8,152,3,5,85,54,-17,10299,-12,45,74,88,94
20160221 00:32,147,1,178,8,142,2,5,85,54,-17,10298,-13,44,74,88,94
20160221 00:33,129,1,168,7,115,3,5,85,54,-17,10298,-13,44,74,88,94
20160221 00:34,124,1,160,5,133,1,4,85,53,-18,10298,-13,44,74,88,94
20160221 00:35,146,0,157,4,159,0,4,85,53,-18,10298,-13,44,74,88,94
20160221 00:36,146,0,151,3,132,0,4,85,53,-18,10298,-13,44,74,88,94
20160221 00:37,144,1,148,2,155,4,3,86,54,-18,10298,-13,44,74,88,93
20160221 00:38,170,1,149,1,186,1,3,86,54,-18,10298,-13,44,74,88,93
20160221 00:39,186,1,152,1,187,5,3,86,54,-18,10299,-13,44,74,87,93
20160221 00:40,185,4,154,1,183,8,2,86,53,-19,10299,-13,43,74,87,93
20160221 00:41,191,5,159,2,198,6,2,86,53,-19,10299,-13,43,73,87,93
20160221 00:42,201,5,166,2,204,6,2,86,53,-19,10299,-14,43,73,87,93
20160221 00:43,208,5,175,3,211,8,2,87,54,-17,10299,-14,43,73,87,93
20160221 00:44,209,7,183,3,207,9,2,87,54,-17,10299,-14,43,73,87,93
20160221 00:45,204,8,187,4,202,9,2,87,54,-17,10299,-14,43,73,87,93
20160221 00:46,201,7,194,5,200,8,1,87,54,-18,10299,-14,43,73,87,93
20160221 00:47,198,6,197,5,196,6,1,87,54,-18,10299,-14,43,73,87,93
20160221 00:48,193,6,198,6,190,9,1,88,54,-16,10300,-14,42,73,87,93
20160221 00:49,188,7,198,6,185,9,1,88,54,-16,10300,-14,42,73,87,93
20160221 00:50,184,7,198,6,183,7,1,88,54,-16,10300,-15,42,73,87,93
20160221 00:51,180,6,196,6,177,7,0,88,54,-17,10300,-15,42,73,87,93
20160221 00:52,174,6,192,7,171,9,0,88,54,-17,10300,-15,42,73,87,93
20160221 00:53,167,6,187,7,163,7,0,88,54,-17,10300,-15,42,72,87,93
20160221 00:54,159,5,182,6,155,6,0,88,54,-17,10300,-15,42,72,87,93
20160221 00:55,146,4,176,6,137,5,0,88,54,-17,10300,-15,42,72,86,93
20160221 00:56,137,3,170,6,138,3,0,88,54,-17,10300,-15,42,72,86,93
20160221 00:57,136,2,163,5,134,3,0,89,54,-16,10300,-15,41,72,86,93
20160221 00:58,140,0,159,5,146,0,-1,89,54,-17,10301,-16,41,72,86,93
20160221 00:59,151,0,156,4,156,0,-1,89,54,-17,10301,-16,41,72,86,93
20160221 01:00,181,0,159,3,218,0,-1,89,54,-17,10301,-16,41,72,86,93
20160221 01:01,280,0,159,3,318,0,-1,88,53,-18,10301,-16,41,72,86,93
20160221 01:02,325,0,158,2,333,0,-1,88,53,-18,10301,-16,41,72,86,93
20160221 01:03,323,0,164,1,312,0,-1,88,53,-18,10301,-16,41,72,86,92
20160221 01:04,305,0,190,1,299,0,-2,89,54,-18,10301,-16,41,72,86,92
20160221 01:05,295,0,247,0,291,0,-2,89,54,-18,10301,-16,41,71,86,92
20160221 01:06,282,0,269,0,272,0,-2,89,54,-18,10301,-16,41,71,86,92
20160221 01:07,287,0,283,0,302,0,-2,89,54,-18,10302,-16,40,71,86,92
20160221 01:08,290,0,288,0,278,0,-2,90,54,-16,10302,-16,40,71,86,92
20160221 01:09,262,0,288,0,247,0,-1,90,55,-15,10302,-16,40,71,86,92
20160221 01:10,220,0,288,0,192,2,-1,90,55,-15,10302,-16,40,71,86,92
20160221 01:11,174,1,277,0,156,3,-1,91,55,-14,10301,-16,40,71,86,92
20160221 01:12,161,2,260,0,166,5,-2,91,55,-15,10301,-16,40,71,85,92
20160221 01:13,168,2,241,0,170,2,-1,91,55,-14,10301,-17,40,71,85,92
20160221 01:14,179,0,225,0,189,0,-2,91,55,-15,10301,-17,40,71,85,92
20160221 01:15,204,0,216,0,218,0,-2,91,55,-15,10302,-17,40,71,85,92
20160221 01:16,221,0,211,0,223,0,-2,91,55,-15,10302,-17,39,70,85,92
20160221 01:17,236,0,208,0,248,0,-2,91,55,-15,10302,-17,39,70,85,92
20160221 01:18,252,0,207,0,257,0,-2,91,55,-15,10302,-17,39,70,85,92
20160221 01:19,262,0,208,0,268,0,-1,91,55,-14,10302,-17,39,70,85,92
20160221 01:20,271,0,217,0,275,0,-1,91,55,-14,10301,-17,39,70,85,92
20160221 01:21,284,0,232,0,293,0,-2,91,55,-15,10301,-17,39,70,85,92
20160221 01:22,260,0,237,0,218,0,-2,91,55,-15,10300,-17,39,70,85,92
20160221 01:23,185,0,236,0,157,0,-2,91,55,-15,10299,-17,39,70,85,92
20160221 01:24,155,0,234,0,152,0,-3,91,54,-16,10299,-17,39,70,85,92
20160221 01:25,150,0,228,0,149,0,-3,91,54,-16,10300,-17,39,70,85,92
20160221 01:26,144,0,218,0,139,1,-3,91,54,-16,10300,-17,38,70,85,92
20160221 01:27,139,0,201,0,140,0,-3,91,54,-16,10300,-17,38,70,85,91
20160221 01:28,142,0,183,0,144,0,-3,91,54,-16,10300,-17,38,70,84,91
20160221 01:29,132,0,165,0,119,0,-3,91,54,-16,10299,-17,38,69,84,91
20160221 01:30,109,0,149,0,100,0,-3,91,54,-16,10299,-17,38,69,84,91
20160221 01:31,97,0,140,0,94,0,-3,91,54,-16,10299,-17,38,69,84,91
20160221 01:32,85,0,128,0,76,0,-4,91,54,-17,10299,-17,38,69,84,91
20160221 01:33,72,1,119,0,68,4,-4,91,54,-17,10299,-17,38,69,84,91
20160221 01:34,70,4,110,1,72,6,-4,91,54,-17,10299,-17,38,69,84,91
20160221 01:35,76,5,103,1,81,6,-3,91,54,-16,10299,-17,38,69,84,91
20160221 01:36,83,5,97,2,86,5,-3,92,55,-14,10299,-18,37,69,84,91
20160221 01:37,87,4,92,2,89,4,-3,92,55,-14,10299,-18,37,69,84,91
20160221 01:38,89,3,87,2,89,4,-3,92,55,-14,10299,-18,37,69,84,91
20160221 01:39,94,2,85,2,98,3,-3,92,55,-14,10299,-18,37,69,84,91
20160221 01:40,110,3,87,3,123,6,-3,92,55,-14,10300,-17,37,69,84,91
20160221 01:41,121,3,90,3,118,5,-3,92,55,-14,10300,-18,37,68,84,91
20160221 01:42,133,1,97,3,148,1,-2,92,55,-13,10300,-18,37,68,84,91
20160221 01:43,157,0,106,3,165,0,-2,92,55,-13,10299,-18,37,68,84,91
20160221 01:44,168,0,116,2,170,0,-2,92,55,-13,10299,-17,37,68,84,91
20160221 01:45,173,0,126,2,176,0,-2,92,55,-13,10299,-18,37,68,83,91
20160221 01:46,176,0,135,1,176,0,-2,92,55,-13,10299,-18,37,68,83,91
20160221 01:47,171,0,144,1,167,0,-3,92,55,-14,10300,-18,36,68,83,91
20160221 01:48,163,0,151,1,160,0,-3,92,55,-14,10300,-18,36,68,83,91
20160221 01:49,170,0,159,1,181,0,-3,92,55,-14,10300,-18,36,68,83,91
20160221 01:50,193,0,167,0,204,0,-3,92,55,-14,10300,-18,36,68,83,91
20160221 01:51,215,0,177,0,225,0,-3,92,55,-14,10300,-18,36,68,83,91
20160221 01:52,226,0,184,0,226,0,-3,92,55,-14,10300,-18,36,68,83,90
20160221 01:53,216,2,189,0,205,6,-2,93,56,-12,10299,-18,36,67,83,90
20160221 01:54,199,5,191,1,194,7,-1,93,56,-11,10299,-18,36,67,83,90
20160221 01:55,193,6,193,2,192,8,-1,93,56,-11,10299,-18,36,67,83,90
20160221 01:56,191,6,194,2,190,6,-1,93,56,-11,10299,-18,36,67,83,90
20160221 01:57,192,5,197,3,193,5,-1,93,56,-11,10299,-18,36,67,83,90
20160221 01:58,191,3,200,3,188,4,-2,92,55,-13,10299,-18,36,67,83,90
20160221 01:59,172,2,197,3,155,3,-2,92,55,-13,10299,-18,36,67,83,90
20160221 02:00,148,2,191,3,141,4,-2,92,55,-13,10298,-18,35,67,83,90
20160221 02:01,132,3,182,4,123,3,-2,92,55,-13,10298,-18,35,67,83,90
20160221 02:02,117,3,170,4,111,4,-2,93,56,-12,10298,-18,35,67,82,90
20160221 02:03,109,3,160,4,106,4,-2,93,56,-12,10298,-18,35,67,82,90
20160221 02:04,106,3,150,4,106,4,-2,93,56,-12,10297,-18,35,67,82,90
20160221 02:05,110,4,142,3,115,4,-2,93,56,-12,10297,-18,35,66,82,90
20160221 02:06,116,3,134,3,118,4,-2,93,56,-12,10297,-18,35,66,82,90
20160221 02:07,115,3,126,3,112,4,-2,93,56,-12,10297,-18,35,66,82,90
20160221 02:08,113,4,120,3,113,4,-2,93,56,-12,10297,-18,35,66,82,90
20160221 02:09,109,4,115,4,105,6,-1,93,56,-11,10297,-18,35,66,82,90
20160221 02:10,110,6,112,4,114,7,-1,93,56,-11,10296,-19,35,66,82,90
20160221 02:11,117,7,112,4,121,7,-1,93,56,-11,10296,-18,35,66,82,90
20160221 02:12,121,7,113,5,121,7,-1,94,57,-9,10296,-19,35,66,82,90
20160221 02:13,119,6,114,5,117,6,-1,94,57,-9,10296,-18,34,66,82,90
20160221 02:14,112,5,114,5,106,5,-1,94,57,-9,10297,-18,34,66,82,90
20160221 02:15,104,4,113,5,101,4,-1,94,57,-9,10297,-18,34,66,82,90
20160221 02:16,97,4,110,5,92,4,-2,93,56,-12,10297,-19,34,66,82,89
20160221 02:17,90,4,108,5,88,6,-2,93,56,-12,10297,-19,34,66,82,89
20160221 02:18,89,5,105,5,89,7,-2,94,57,-10,10297,-19,34,66,81,89
20160221 02:19,92,4,104,5,95,4,-2,94,57,-10,10297,-19,34,66,81,89
20160221 02:20,102,2,104,4,109,2,-2,94,57,-10,10297,-19,34,65,81,89
20160221 02:21,102,1,101,4,94,1,-2,94,57,-10,10297,-19,34,65,81,89
20160221 02:22,86,1,97,3,78,6,-2,94,57,-10,10297,-19,34,65,81,89
20160221 02:23,79,3,93,3,80,6,-2,94,57,-10,10297,-19,34,65,81,89
20160221 02:24,85,4,91,3,89,4,-1,94,57,-9,10297,-19,34,65,81,89
20160221 02:25,90,5,90,3,90,7,-1,94,57,-9,10297,-19,34,65,81,89
20160221 02:26,98,6,92,4,106,7,-1,94,57,-9,10297,-19,33,65,81,89
20160221 02:27,100,6,92,4,93,7,-1,94,57,-9,10296,-19,33,65,81,89
20160221 02:28,82,7,91,4,71,9,-2,94,57,-10,10296,-19,33,65,81,89
20160221 02:29,71,7,88,4,70,7,-2,94,57,-10,10296,-19,33,65,81,89
20160221 02:30,72,6,84,5,74,8,-2,94,57,-10,10296,-19,33,65,81,89
20160221 02:31,75,6,83,6,77,6,-2,94,57,-10,10296,-19,33,65,81,89
20160221 02:32,77,5,83,6,77,6,-2,94,57,-10,10296,-19,33,65,81,89
20160221 02:33,77,5,82,6,77,6,-2,94,57,-10,10296,-19,33,64,81,89
20160221 02:34,75,4,81,6,73,4,-2,94,57,-10,10296,-19,33,64,81,89
20160221 02:35,73,2,79,5,72,2,-2,94,57,-10,10296,-19,33,64,80,89
20160221 02:36,69,1,75,5,66,2,-2,94,57,-10,10297,-19,33,64,80,89
20160221 02:37,70,1,73,4,74,0,-2,94,57,-10,10297,-19,33,64,80,89
20160221 02:38,76,2,74,4,79,6,-2,94,57,-10,10298,-19,33,64,80,89
20160221 02:39,82,4,75,4,85,5,-2,94,57,-10,10297,-20,33,64,80,89
20160221 02:40,92,5,78,4,99,6,-2,94,57,-10,10297,-20,33,64,80,89
20160221 02:41,102,6,81,4,105,7,-1,94,57,-9,10297,-20,32,64,80,88
20160221 02:42,105,7,83,4,105,8,-1,94,57,-9,10297,-20,32,64,80,88
20160221 02:43,103,7,86,4,101,8,-2,94,57,-10,10297,-20,32,64,80,88
20160221 02:44,98,7,88,5,96,8,-2,94,57,-10,10297,-20,32,64,80,88
20160221 02:45,96,7,91,5,95,9,-2,94,57,-10,10298,-20,32,64,80,88
20160221 02:46,94,7,93,6,93,7,-2,94,57,-10,10297,-20,32,64,80,88
20160221 02:47,95,7,96,6,98,8,-2,94,57,-10,10297,-20,32,63,80,88
20160221 02:48,98,8,97,7,97,8,-1,95,58,-8,10297,-20,32,63,80,88
20160221 02:49,100,7,99,7,102,8,-1,95,58,-8,10297,-20,32,63,80,88
20160221 02:50,96,7,98,7,90,10,-1,95,58,-8,10297,-20,32,63,80,88
20160221 02:51,80,9,95,8,70,12,-1,95,58,-8,10297,-20,32,63,80,88
20160221 02:52,69,11,91,8,67,12,-1,95,58,-8,10297,-20,32,63,79,88
20160221 02:53,75,10,89,8,83,10,-1,95,58,-8,10297,-20,32,63,79,88
20160221 02:54,88,8,89,8,92,7,-1,95,58,-8,10297,-20,32,63,79,88
20160221 02:55,86,7,87,8,81,9,-1,95,58,-8,10298,-20,32,63,79,88
20160221 02:56,76,7,85,8,71,7,-1,95,58,-8,10298,-20,31,63,79,88
20160221 02:57,69,7,82,8,67,7,-1,95,58,-8,10298,-20,31,63,79,88
20160221 02:58,66,7,79,8,64,8,-2,95,57,-9,10298,-20,31,63,79,88
20160221 02:59,63,7,75,8,61,8,-2,95,57,-9,10298,-20,31,63,79,88
20160221 03:00,57,7,71,8,53,8,-1,95,58,-8,10298,-20,31,63,79,88
20160221 03:01,51,8,69,8,49,9,-1,95,58,-8,10298,-21,31,62,79,88
20160221 03:02,53,8,68,8,57,9,0,95,58,-7,10297,-21,31,62,79,88
20160221 03:03,60,7,66,7,64,8,0,95,58,-7,10297,-21,31,62,79,88
20160221 03:04,67,7,64,7,70,8,0,95,58,-7,10296,-21,31,62,79,88
20160221 03:05,75,8,64,7,80,9,1,95,58,-6,10296,-21,31,62,79,87
20160221 03:06,78,10,64,8,76,14,2,95,59,-5,10296,-21,31,62,79,87
20160221 03:07,75,12,65,8,74,14,2,95,59,-5,10295,-21,31,62,79,87
20160221 03:08,78,10,67,9,82,12,2,95,59,-5,10296,-21,31,62,79,87
20160221 03:09,78,11,68,9,73,14,2,96,59,-4,10296,-21,31,62,78,87
20160221 03:10,77,10,71,9,81,10,2,96,59,-4,10296,-21,30,62,78,87
20160221 03:11,75,9,73,9,70,14,3,96,60,-3,10296,-21,30,62,78,87
20160221 03:12,68,11,74,10,66,13,3,96,60,-3,10295,-21,30,62,78,87
20160221 03:13,65,10,74,10,64,12,3,95,59,-4,10295,-21,30,62,78,87
20160221 03:14,68,11,74,11,72,13,3,95,59,-4,10295,-21,30,62,78,87
20160221 03:15,73,12,73,11,74,13,3,95,59,-4,10295,-21,30,62,78,87
20160221 03:16,77,13,74,11,80,16,4,95,60,-3,10294,-21,30,61,78,87
20160221 03:17,87,13,76,11,94,13,4,95,60,-3,10293,-21,30,61,78,87
20160221 03:18,97,13,77,12,100,14,5,95,60,-2,10293,-21,30,61,78,87
20160221 03:19,99,12,80,12,98,13,5,95,60,-2,10293,-21,30,61,78,87
20160221 03:20,97,11,81,12,95,12,5,95,60,-2,10293,-21,30,61,78,87
20160221 03:21,93,11,83,12,91,12,5,95,60,-2,10292,-21,30,61,78,87
20160221 03:22,88,11,85,12,85,13,4,95,60,-3,10292,-21,30,61,78,87
20160221 03:23,80,11,86,12,74,14,4,95,60,-3,10292,-21,30,61,78,87
20160221 03:24,73,13,86,12,73,15,4,95,60,-3,10292,-21,30,61,78,87
20160221 03:25,72,13,86,12,71,14,4,95,60,-3,10292,-21,30,61,78,87
20160221 03:26,72,13,86,12,74,14,4,95,60,-3,10292,-22,30,61,78,87
20160221 03:27,75,12,84,12,76,13,4,95,60,-3,10291,-22,29,61,78,87
20160221 03:28,78,12,82,12,81,13,4,95,60,-3,10291,-22,29,61,77,87
20160221 03:29,87,11,81,12,93,13,4,95,60,-3,10291,-22,29,61,77,87
20160221 03:30,94,10,81,12,94,11,5,95,60,-2,10291,-22,29,61,77,86
20160221 03:31,97,10,82,12,100,11,5,95,60,-2,10290,-22,29,61,77,86
20160221 03:32,99,9,83,12,98,9,5,95,60,-2,10290,-22,29,60,77,86
20160221 03:33,97,8,86,11,95,8,5,95,60,-2,10290,-22,29,60,77,86
20160221 03:34,92,8,87,11,89,9,5,95,60,-2,10290,-22,29,60,77,86
20160221 03:35,86,9,88,10,83,10,5,95,60,-2,10290,-22,29,60,77,86
20160221 03:36,83,9,89,10,82,10,5,95,60,-2,10289,-22,29,60,77,86
20160221 03:37,79,9,89,10,76,11,5,95,60,-2,10289,-22,29,60,77,86
20160221 03:38,74,10,88,9,71,11,5,95,60,-2,10289,-22,29,60,77,86
20160221 03:39,69,10,86,9,67,11,5,95,60,-2,10289,-22,29,60,77,86
20160221 03:40,64,9,82,9,61,10,4,95,60,-3,10289,-22,29,60,77,86
20160221 03:41,60,8,78,9,58,10,5,95,60,-2,10289,-23,29,60,77,86
20160221 03:42,57,9,74,9,56,11,5,95,60,-2,10289,-22,28,60,77,86
20160221 03:43,56,11,70,9,56,15,5,95,60,-2,10289,-22,28,60,77,86
20160221 03:44,57,11,67,10,57,13,5,95,60,-2,10289,-22,28,60,77,86
20160221 03:45,57,11,64,10,57,13,5,95,60,-2,10288,-22,28,60,76,86
20160221 03:46,57,10,62,10,58,11,5,95,60,-2,10288,-22,28,60,76,86
20160221 03:47,58,9,60,10,58,11,4,95,60,-3,10288,-23,28,59,76,86
20160221 03:48,59,9,59,10,59,10,4,95,60,-3,10288,-23,28,59,76,86
20160221 03:49,61,8,58,9,64,8,4,95,60,-3,10288,-23,28,59,76,86
20160221 03:50,66,8,59,9,67,11,4,95,60,-3,10287,-23,28,59,76,86
20160221 03:51,66,8,60,9,64,10,4,95,60,-3,10287,-23,28,59,76,86
20160221 03:52,63,7,60,9,62,9,5,95,60,-2,10287,-23,28,59,76,86
20160221 03:53,63,8,61,9,63,10,5,95,60,-2,10287,-23,28,59,76,86
20160221 03:54,64,8,62,9,65,10,5,95,60,-2,10287,-23,28,59,76,85
20160221 03:55,65,9,63,8,65,11,5,95,60,-2,10286,-23,28,59,76,85
20160221 03:56,65,9,63,8,65,12,5,95,60,-2,10286,-23,28,59,76,85
20160221 03:57,65,10,64,9,65,12,5,95,60,-2,10285,-23,28,59,76,85
20160221 03:58,64,11,64,9,64,12,5,95,60,-2,10285,-23,27,59,76,85
20160221 03:59,66,11,65,9,68,14,5,95,60,-2,10285,-23,27,59,76,85
20160221 04:00,69,11,65,10,69,13,5,95,60,-2,10284,-23,27,59,76,85
20160221 04:01,68,10,65,10,68,11,5,95,60,-2,10284,-23,27,59,76,85
20160221 04:02,69,10,66,10,69,13,5,95,60,-2,10284,-23,27,59,76,85
20160221 04:03,68,11,66,10,67,13,5,95,60,-2,10284,-23,27,58,76,85
20160221 04:04,65,11,66,11,64,13,5,95,60,-2,10284,-23,27,58,76,85
20160221 04:05,63,10,66,11,63,13,5,95,60,-2,10284,-23,27,58,75,85
20160221 04:06,65,10,66,11,67,13,5,95,60,-2,10283,-23,27,58,75,85
20160221 04:07,67,10,67,11,67,11,5,95,60,-2,10283,-23,27,58,75,85
20160221 04:08,65,8,67,10,64,9,4,95,60,-3,10283,-23,27,58,75,85
20160221 04:09,63,8,66,10,62,13,4,95,60,-3,10283,-23,27,58,75,85
20160221 04:10,61,9,65,10,60,13,4,95,60,-3,10283,-23,27,58,75,85
20160221 04:11,59,10,64,10,58,11,4,95,60,-3,10283,-23,27,58,75,85
20160221 04:12,59,9,63,9,61,11,4,95,60,-3,10284,-23,27,58,75,85
20160221 04:13,61,8,63,9,61,10,4,95,60,-3,10284,-23,27,58,75,85
20160221 04:14,60,8,62,9,59,10,4,95,60,-3,10284,-23,27,58,75,85
20160221 04:15,55,9,61,9,52,11,4,95,60,-3,10284,-23,26,58,75,85
20160221 04:16,51,10,59,9,50,11,4,95,60,-3,10284,-24,26,58,75,85
20160221 04:17,52,10,58,9,54,11,4,95,60,-3,10284,-24,26,58,75,85
20160221 04:18,55,10,57,9,56,12,4,95,60,-3,10284,-24,26,58,75,84
20160221 04:19,53,9,56,9,50,11,3,95,59,-4,10284,-24,26,58,75,84
20160221 04:20,52,9,56,9,55,11,4,95,60,-3,10284,-24,26,57,75,84
20160221 04:21,55,9,55,9,55,12,4,95,60,-3,10284,-24,26,57,75,84
20160221 04:22,58,8,55,9,61,10,4,95,60,-3,10284,-24,26,57,75,84
20160221 04:23,61,7,55,9,62,10,4,95,60,-3,10284,-24,26,57,75,84
20160221 04:24,66,8,56,9,70,12,4,96,60,-2,10284,-24,26,57,74,84
20160221 04:25,72,8,59,9,74,8,4,96,60,-2,10284,-24,26,57,74,84
20160221 04:26,72,6,61,8,70,8,5,96,61,-1,10284,-24,26,57,74,84
20160221 04:27,67,6,62,8,64,7,5,96,61,-1,10284,-24,26,57,74,84
20160221 04:28,60,7,62,8,56,10,5,96,61,-1,10285,-24,26,57,74,84
20160221 04:29,54,9,62,8,53,13,5,96,61,-1,10285,-24,26,57,74,84
20160221 04:30,50,11,61,8,46,14,5,96,61,-1,10285,-25,26,57,74,84
20160221 04:31,45,11,60,8,43,13,5,96,61,-1,10285,-25,26,57,74,84
20160221 04:32,45,12,59,9,48,15,5,96,61,-1,10285,-25,25,57,74,84
20160221 04:33,49,12,57,9,50,14,5,95,60,-2,10285,-25,25,57,74,84
20160221 04:34,51,12,56,9,53,14,4,95,60,-3,10285,-25,25,57,74,84
20160221 04:35,51,13,53,10,50,16,4,95,60,-3,10286,-25,25,57,74,84
20160221 04:36,51,14,51,11,52,18,4,95,60,-3,10286,-25,25,57,74,84
20160221 04:37,51,14,50,12,50,17,4,95,60,-3,10286,-25,25,57,74,84
20160221 04:38,51,14,50,12,53,17,5,95,60,-2,10286,-25,25,56,74,84
20160221 04:39,53,14,50,13,53,16,4,96,60,-2,10286,-25,25,56,74,84
20160221 04:40,50,14,50,13,47,18,4,95,60,-3,10286,-25,25,56,74,84
20160221 04:41,48,13,51,13,50,14,4,95,60,-3,10286,-25,25,56,74,84
20160221 04:42,52,11,51,13,55,12,4,96,60,-2,10285,-25,25,56,74,84
20160221 04:43,55,9,52,13,55,13,4,96,60,-2,10285,-25,25,56,74,84
20160221 04:44,54,8,52,12,53,11,4,96,60,-2,10285,-25,25,56,73,83
20160221 04:45,51,9,52,12,50,13,4,96,60,-2,10285,-25,25,56,73,83
20160221 04:46,50,10,52,12,49,12,4,96,60,-2,10285,-25,25,56,73,83
20160221 04:47,48,11,51,11,46,15,4,96,60,-2,10284,-25,25,56,73,83
20160221 04:48,47,13,51,11,48,16,4,96,60,-2,10284,-25,25,56,73,83
20160221 04:49,51,13,51,11,55,17,4,96,60,-2,10283,-25,24,56,73,83
20160221 04:50,55,12,52,11,56,14,4,96,60,-2,10283,-25,24,56,73,83
20160221 04:51,57,10,53,11,58,13,4,96,60,-2,10282,-25,24,56,73,83
20160221 04:52,59,8,53,11,60,10,4,96,60,-2,10282,-25,24,56,73,83
20160221 04:53,60,9,54,11,60,13,4,96,60,-2,10282,-25,24,56,73,83
20160221 04:54,56,11,53,11,51,13,4,96,60,-2,10283,-25,24,56,73,83
20160221 04:55,48,11,53,11,44,12,4,96,60,-2,10283,-25,24,55,73,83
20160221 04:56,42,12,52,11,40,16,4,96,60,-2,10284,-25,24,55,73,83
20160221 04:57,40,14,51,12,41,16,4,96,60,-2,10284,-26,24,55,73,83
20160221 04:58,40,15,50,12,39,16,3,95,59,-4,10284,-26,24,55,73,83
20160221 04:59,37,13,48,12,34,15,3,95,59,-4,10285,-26,24,55,73,83
20160221 05:00,35,12,46,11,36,13,3,95,59,-4,10286,-26,24,55,73,83
20160221 05:01,38,9,44,11,39,10,3,95,59,-4,10286,-26,24,55,73,83
20160221 05:02,37,10,42,12,35,14,3,96,60,-3,10286,-26,24,55,73,83
20160221 05:03,36,12,40,12,37,14,3,96,60,-3,10286,-26,24,55,72,83
20160221 05:04,38,12,38,12,40,16,3,96,60,-3,10286,-26,24,55,72,83
20160221 05:05,40,14,38,13,40,18,4,96,60,-2,10286,-26,24,55,72,83
20160221 05:06,38,15,38,13,36,15,4,96,60,-2,10286,-26,23,55,72,83
20160221 05:07,37,14,37,12,38,16,4,96,60,-2,10285,-26,23,55,72,83
20160221 05:08,39,14,38,13,40,16,4,96,60,-2,10285,-26,23,55,72,83
20160221 05:09,41,15,38,13,43,18,4,96,60,-2,10285,-26,23,55,72,83
20160221 05:10,41,12,39,13,39,14,5,96,61,-1,10286,-27,23,55,72,82
20160221 05:11,39,12,39,13,39,15,5,96,61,-1,10286,-27,23,55,72,82
20160221 05:12,41,13,40,13,44,15,5,96,61,-1,10286,-27,23,54,72,82
20160221 05:13,42,13,40,13,40,14,5,96,61,-1,10287,-27,23,54,72,82
20160221 05:14,41,12,40,13,43,14,5,96,61,-1,10286,-27,23,54,72,82
20160221 05:15,49,11,42,13,56,14,5,96,61,-1,10286,-27,23,54,72,82
20160221 05:16,58,9,44,12,61,9,6,96,61,0,10286,-27,23,54,72,82
20160221 05:17,62,8,47,12,64,10,6,96,61,0,10286,-27,23,54,72,82
20160221 05:18,61,8,49,11,59,10,6,96,61,0,10286,-27,23,54,72,82
20160221 05:19,58,6,50,10,58,7,6,96,61,0,10287,-27,23,54,72,82
20160221 05:20,55,6,52,10,51,10,6,96,61,0,10287,-27,23,54,72,82
20160221 05:21,47,9,52,10,43,13,6,96,61,0,10287,-27,23,54,72,82
20160221 05:22,49,9,53,9,55,12,6,96,61,0,10287,-27,22,54,72,82
20160221 05:23,54,7,54,8,53,8,6,96,61,0,10287,-27,23,54,72,82
20160221 05:24,49,7,54,8,44,12,6,96,61,0,10287,-27,22,54,71,82
20160221 05:25,40,9,52,8,35,11,6,96,61,0,10288,-27,22,54,71,82
20160221 05:26,37,8,50,8,38,9,6,96,61,0,10289,-28,22,54,71,82
20160221 05:27,42,6,48,8,46,8,6,96,61,0,10289,-28,22,54,71,82
20160221 05:28,46,5,47,7,45,5,6,96,61,0,10290,-28,22,54,71,82
20160221 05:29,47,4,46,7,49,5,6,96,61,0,10291,-28,22,54,71,82
20160221 05:30,53,4,47,7,57,6,6,96,61,0,10291,-28,22,53,71,82
20160221 05:31,52,5,47,6,47,5,6,96,61,0,10291,-28,22,53,71,82
20160221 05:32,48,6,46,6,49,9,5,95,60,-2,10290,-28,22,53,71,82
20160221 05:33,51,8,46,7,52,11,4,95,60,-3,10290,-28,22,53,71,82
20160221 05:34,52,10,47,7,51,12,4,95,60,-3,10289,-28,22,53,71,82
20160221 05:35,50,11,48,7,48,12,3,95,59,-4,10289,-28,22,53,71,81
20160221 05:36,47,10,49,7,46,11,3,95,59,-4,10290,-28,22,53,71,81
20160221 05:37,47,10,49,8,48,11,3,95,59,-4,10290,-29,22,53,71,81
20160221 05:38,50,9,50,8,52,10,2,95,59,-5,10291,-29,22,53,71,81
20160221 05:39,52,9,50,9,51,12,2,95,59,-5,10290,-29,22,53,71,81
20160221 05:40,52,10,50,9,52,13,2,95,59,-5,10289,-29,22,53,71,81
20160221 05:41,54,11,50,10,56,13,2,95,59,-5,10289,-29,21,53,71,81
20160221 05:42,54,11,51,10,51,13,2,95,59,-5,10289,-29,21,53,71,81
20160221 05:43,51,12,51,11,51,13,2,95,59,-5,10289,-29,21,53,71,81
20160221 05:44,52,11,51,11,53,12,3,95,59,-4,10290,-29,21,53,71,81
20160221 05:45,52,11,51,11,52,12,3,95,59,-4,10290,-29,21,53,70,81
20160221 05:46,55,9,52,10,58,9,3,96,60,-3,10289,-29,21,53,70,81
20160221 05:47,59,8,53,10,59,10,3,96,60,-3,10289,-29,21,53,70,81
20160221 05:48,60,9,54,10,61,10,3,96,60,-3,10288,-29,21,53,70,81
20160221 05:49,63,10,56,10,65,13,3,96,60,-3,10288,-29,21,52,70,81
20160221 05:50,68,11,58,10,70,12,3,96,60,-3,10289,-29,21,52,70,81
20160221 05:51,71,11,59,10,71,12,3,96,60,-3,10289,-29,21,52,70,81
20160221 05:52,70,10,61,10,68,10,4,96,60,-2,10289,-30,21,52,70,81
20160221 05:53,67,9,62,10,66,10,4,96,60,-2,10289,-30,21,52,70,81
20160221 05:54,63,7,63,9,59,7,3,96,60,-3,10290,-30,21,52,70,81
20160221 05:55,57,7,63,9,55,10,3,96,60,-3,10290,-30,21,52,70,81
20160221 05:56,55,8,63,9,55,11,3,96,60,-3,10289,-30,21,52,70,81
20160221 05:57,57,9,63,9,58,12,3,96,60,-3,10289,-30,21,52,70,81
20160221 05:58,58,8,63,9,59,10,3,96,60,-3,10288,-30,20,52,70,81
20160221 05:59,59,9,62,9,59,12,3,96,60,-3,10288,-30,20,52,70,81
20160221 06:00,57,10,60,9,55,12,3,96,60,-3,10288,-30,20,52,70,81
20160221 06:01,56,9,59,9,56,11,3,96,60,-3,10288,-30,20,52,70,80
20160221 06:02,56,8,58,8,56,10,3,96,60,-3,10288,-30,20,52,70,81
20160221 06:03,54,10,56,9,51,14,3,96,60,-3,10288,-30,20,52,70,80
20160221 06:04,51,12,56,9,51,15,3,96,60,-3,10288,-30,20,52,70,80
20160221 06:05,53,13,56,10,55,17,3,96,60,-3,10288,-30,20,52,70,80
20160221 06:06,55,14,56,10,55,16,3,96,60,-3,10288,-30,20,52,70,80
20160221 06:07,55,12,55,10,56,12,2,96,59,-4,10288,-30,20,52,69,80
20160221 06:08,54,11,55,11,53,14,2,96,59,-4,10288,-30,20,51,69,80
20160221 06:09,49,12,53,11,45,15,2,96,59,-4,10288,-30,20,51,69,80
20160221 06:10,46,12,53,11,47,13,2,96,59,-4,10288,-30,20,51,69,80
20160221 06:11,49,11,52,12,51,13,2,96,59,-4,10289,-30,20,51,69,80
20160221 06:12,52,10,52,12,53,10,2,96,59,-4,10289,-30,20,51,69,80
20160221 06:13,54,9,52,11,55,10,2,96,59,-4,10288,-30,20,51,69,80
20160221 06:14,57,8,53,11,59,9,2,96,59,-4,10288,-30,20,51,69,80
20160221 06:15,59,7,53,10,59,9,2,96,59,-4,10288,-30,19,51,69,80
20160221 06:16,58,7,54,10,57,9,2,96,59,-4,10289,-30,19,51,69,80
20160221 06:17,57,9,54,10,56,11,2,96,59,-4,10289,-30,19,51,69,80
20160221 06:18,53,11,53,10,50,14,2,96,59,-4,10290,-30,19,51,69,80
20160221 06:19,47,13,53,10,44,14,2,96,59,-4,10290,-30,19,51,69,80
20160221 06:20,42,13,53,10,41,15,2,96,59,-4,10289,-30,19,51,69,80
20160221 06:21,44,14,52,10,47,15,1,96,59,-5,10289,-31,19,51,69,80
20160221 06:22,49,13,52,11,51,14,1,96,59,-5,10290,-31,19,51,69,80
20160221 06:23,50,12,51,11,50,14,1,96,59,-5,10290,-31,19,51,69,80
20160221 06:24,50,12,51,11,51,14,1,96,59,-5,10290,-31,19,51,69,80
20160221 06:25,50,13,50,12,49,15,1,96,59,-5,10290,-31,19,51,69,80
20160221 06:26,48,13,49,12,46,15,1,96,59,-5,10290,-31,19,51,69,80
20160221 06:27,47,13,48,13,48,15,1,96,59,-5,10290,-31,19,50,68,80
20160221 06:28,47,14,47,13,47,16,1,96,59,-5,10290,-31,19,50,68,80
20160221 06:29,47,14,48,13,47,16,1,96,59,-5,10290,-30,19,50,68,79
20160221 06:30,45,14,48,13,43,15,1,96,59,-5,10290,-30,19,50,68,79
20160221 06:31,43,14,48,13,44,16,1,96,59,-5,10291,-30,19,50,68,79
20160221 06:32,42,14,47,13,41,17,1,96,59,-5,10291,-30,18,50,68,79
20160221 06:33,42,15,46,14,43,17,1,96,59,-5,10291,-30,18,50,68,79
20160221 06:34,44,16,45,14,44,18,1,96,59,-5,10291,-30,18,50,68,79
20160221 06:35,44,16,45,14,44,17,1,96,59,-5,10291,-30,18,50,68,79
20160221 06:36,44,16,44,15,44,19,1,96,59,-5,10292,-30,18,50,68,79
20160221 06:37,44,16,44,15,44,18,1,96,59,-5,10292,-29,18,50,68,79
20160221 06:38,46,16,44,15,47,18,1,96,59,-5,10292,-29,18,50,68,79
20160221 06:39,47,15,44,15,47,15,1,96,59,-5,10292,-29,18,50,68,79
20160221 06:40,48,13,45,15,49,15,1,96,59,-5,10292,-28,18,50,68,79
20160221 06:41,50,14,45,15,51,17,2,96,59,-4,10292,-28,18,50,68,79
20160221 06:42,51,15,46,15,51,15,2,97,60,-2,10292,-28,18,50,68,79
20160221 06:43,49,14,47,15,48,16,2,97,60,-2,10292,-27,18,50,68,79
20160221 06:44,47,14,47,15,46,16,2,97,60,-2,10292,-27,18,50,68,79
20160221 06:45,46,14,47,15,45,16,2,97,60,-2,10292,-26,18,50,68,79
20160221 06:46,45,14,47,14,45,15,3,97,61,-1,10292,-26,18,49,68,79
20160221 06:47,45,13,47,14,45,14,3,97,61,-1,10293,-25,18,49,68,79
20160221 06:48,45,12,47,13,46,14,3,97,61,-1,10293,-25,18,49,68,79
20160221 06:49,46,12,47,13,46,14,4,97,61,0,10293,-24,18,49,68,79
20160221 06:50,45,12,47,13,43,14,4,97,61,0,10293,-24,18,49,68,79
20160221 06:51,41,12,45,13,39,14,4,97,61,0,10293,-23,18,49,67,79
20160221 06:52,37,12,44,13,35,14,4,97,61,0,10294,-23,18,49,67,79
20160221 06:53,35,12,42,12,34,13,4,97,61,0,10294,-22,18,49,67,79
20160221 06:54,33,12,41,12,31,15,5,97,61,1,10294,-21,18,49,67,79
20160221 06:55,34,13,40,12,36,14,5,97,61,1,10294,-21,18,49,67,79
20160221 06:56,38,13,39,12,39,14,5,97,61,1,10294,-20,18,49,67,79
20160221 06:57,41,11,39,12,43,13,5,97,61,1,10293,-20,18,49,67,78
20160221 06:58,43,10,39,12,43,13,5,97,61,1,10293,-19,18,49,67,78
20160221 06:59,45,12,39,12,48,15,6,97,62,2,10293,-18,18,49,67,78
20160221 07:00,48,14,39,12,47,17,6,97,62,2,10293,-18,18,49,67,78
20160221 07:01,49,13,41,12,50,16,6,96,61,0,10293,-17,18,49,67,78
20160221 07:02,55,9,43,12,61,9,6,96,61,0,10293,-16,18,49,67,78
20160221 07:03,58,7,45,11,56,8,7,96,62,1,10293,-15,18,49,67,78
20160221 07:04,54,6,47,11,52,7,7,97,62,3,10293,-15,18,49,67,78
20160221 07:05,51,6,49,10,50,7,8,97,63,4,10294,-14,18,49,67,78
20160221 07:06,53,6,51,9,56,7,8,96,62,2,10294,-13,18,49,67,78
20160221 07:07,55,6,52,9,55,7,8,96,62,2,10294,-12,18,48,67,78
20160221 07:08,54,7,53,9,53,9,9,96,63,3,10294,-11,18,48,67,78
20160221 07:09,52,8,53,8,50,11,9,96,63,3,10294,-10,18,48,67,78
20160221 07:10,50,10,53,8,49,14,9,96,63,3,10294,-9,18,48,67,78
20160221 07:11,50,10,53,8,50,13,9,96,63,3,10294,-8,18,48,67,78
20160221 07:12,45,12,51,8,41,16,9,96,63,3,10294,-7,18,48,67,78
20160221 07:13,39,13,49,9,38,15,9,96,63,3,10294,-7,18,48,66,78
20160221 07:14,38,13,48,10,39,16,10,96,63,4,10294,-5,18,48,66,78
20160221 07:15,37,14,47,11,34,17,10,96,63,4,10295,-4,18,48,66,78
20160221 07:16,36,14,45,11,38,16,10,96,63,4,10295,-3,18,48,66,78
20160221 07:17,39,14,43,12,41,15,11,96,63,5,10296,-2,18,48,66,78
20160221 07:18,41,12,42,12,41,15,11,96,63,5,10296,0,18,48,66,78
20160221 07:19,42,12,41,13,42,16,12,96,64,6,10296,1,19,48,66,78
20160221 07:20,40,13,40,13,39,16,12,96,64,6,10296,2,19,48,66,78
20160221 07:21,41,11,40,13,42,13,12,96,64,6,10296,4,19,48,66,78
20160221 07:22,45,9,40,12,47,10,13,96,64,7,10296,5,19,48,66,78
20160221 07:23,50,9,41,12,52,12,14,96,65,8,10296,7,19,48,66,77
20160221 07:24,51,9,43,12,50,12,14,96,65,8,10296,8,19,48,66,77
20160221 07:25,47,9,44,11,44,12,15,96,65,9,10296,10,19,48,66,77
20160221 07:26,49,10,45,11,53,15,16,96,66,10,10295,11,19,48,66,77
20160221 07:27,50,11,46,11,48,16,17,96,66,11,10295,13,19,48,66,77
20160221 07:28,47,12,46,11,47,18,17,96,66,11,10295,15,20,48,66,77
20160221 07:29,51,11,48,10,55,15,18,96,67,12,10295,16,20,48,66,77
20160221 07:30,56,10,49,10,57,13,18,96,67,12,10296,19,20,47,66,77
20160221 07:31,56,10,51,10,54,14,19,96,67,13,10296,21,20,47,66,77
20160221 07:32,56,9,52,10,59,11,19,96,67,13,10296,23,20,47,66,77
20160221 07:33,60,6,53,9,61,6,20,96,68,14,10297,26,20,47,66,77
20160221 07:34,62,5,54,9,63,11,21,96,68,15,10298,28,21,47,66,77
20160221 07:35,61,7,56,9,59,11,22,95,68,15,10299,31,21,47,65,77
20160221 07:36,55,7,56,9,52,11,22,95,68,15,10299,34,21,47,65,77
20160221 07:37,58,5,57,8,65,6,23,95,68,16,10299,37,21,47,65,77
20160221 07:38,63,5,59,7,62,12,24,95,69,17,10299,39,22,47,65,77
20160221 07:39,62,8,60,7,63,12,25,95,69,18,10298,42,22,47,65,77
20160221 07:40,67,11,61,7,71,14,26,95,70,19,10299,44,22,47,65,77
20160221 07:41,72,11,63,7,73,13,26,94,69,17,10299,46,22,47,65,77
20160221 07:42,79,11,65,8,85,13,28,94,70,19,10300,48,23,47,65,77
20160221 07:43,84,10,68,8,83,12,29,93,70,19,10300,50,23,47,65,77
20160221 07:44,92,9,71,8,101,10,29,93,70,19,10300,52,23,47,65,77
20160221 07:45,95,7,74,8,88,8,29,93,70,19,10301,54,24,47,65,77
20160221 07:46,91,6,79,8,95,11,30,92,70,18,10301,55,24,47,65,77
20160221 07:47,88,8,80,9,82,10,31,92,70,19,10300,57,24,47,65,77
20160221 07:48,81,8,82,9,79,10,31,92,70,19,10300,59,25,47,65,77
20160221 07:49,77,8,83,9,74,11,31,92,70,19,10301,62,25,47,65,77
20160221 07:50,74,10,83,9,74,14,32,92,71,20,10302,64,25,47,65,77
20160221 07:51,73,12,83,9,72,13,33,92,71,21,10302,67,26,47,65,76
20160221 07:52,74,11,82,9,77,14,34,91,71,21,10302,69,26,47,65,76
20160221 07:53,84,11,83,9,91,14,34,91,71,21,10302,69,27,47,65,76
20160221 07:54,88,11,82,9,84,14,35,91,71,22,10302,71,27,47,65,76
20160221 07:55,87,11,82,10,89,14,36,91,72,23,10303,76,27,47,65,76
20160221 07:56,89,11,81,10,89,12,37,91,72,24,10303,80,28,47,65,76
20160221 07:57,82,9,80,10,76,12,37,91,72,24,10303,81,28,47,65,76
20160221 07:58,78,10,81,11,80,15,38,90,72,23,10304,81,29,47,65,76
20160221 07:59,76,10,80,11,73,12,39,90,73,24,10304,83,29,47,65,76
20160221 08:00,78,10,81,11,83,15,40,90,73,25,10304,82,30,47,64,76
20160221 08:01,81,11,82,10,79,14,41,90,74,26,10304,80,30,47,65,76
20160221 08:02,82,10,83,10,84,12,41,89,73,25,10305,77,31,47,64,76
20160221 08:03,83,10,82,10,81,15,41,89,73,25,10305,75,31,47,64,76
20160221 08:04,78,11,81,10,75,15,42,88,73,24,10305,72,32,47,64,76
20160221 08:05,72,9,79,10,68,10,42,88,73,24,10306,71,32,47,64,76
20160221 08:06,72,8,78,10,76,12,42,88,73,24,10306,69,33,47,64,76
20160221 08:07,80,10,78,10,84,13,43,87,72,23,10306,69,33,47,64,76
20160221 08:08,78,8,77,10,71,10,43,87,72,23,10306,71,34,47,64,76
20160221 08:09,82,7,79,9,93,13,44,87,73,24,10306,77,34,47,64,76
20160221 08:10,88,10,79,10,84,14,45,87,73,25,10306,83,35,47,64,76
20160221 08:11,82,12,79,10,79,15,46,87,74,26,10306,86,35,47,64,76
20160221 08:12,82,11,80,10,85,15,46,86,73,25,10306,85,36,47,64,76
20160221 08:13,101,9,83,9,117,15,47,86,73,26,10306,84,36,47,64,76
20160221 08:14,116,10,87,9,116,15,48,86,74,27,10306,86,36,48,64,76
20160221 08:15,105,12,90,10,94,16,50,85,74,27,10306,88,37,48,64,76
20160221 08:16,104,11,94,10,113,16,50,84,73,25,10306,89,37,48,64,76
20160221 08:17,112,13,96,10,111,22,51,83,73,25,10308,90,38,48,64,76
20160221 08:18,116,15,101,11,121,22,52,82,72,24,10309,91,38,48,64,76
20160221 08:19,132,14,106,12,142,17,53,80,71,21,10310,94,39,48,64,75
20160221 08:20,151,14,114,12,160,19,54,79,71,21,10311,96,39,48,64,75
20160221 08:21,165,16,122,13,169,25,56,79,72,23,10312,100,39,48,64,75
20160221 08:22,162,24,130,15,155,41,58,78,72,23,10312,103,40,48,64,75
20160221 08:23,157,29,134,17,160,34,60,74,69,17,10311,103,40,48,64,75
20160221 08:24,159,29,139,19,159,44,62,72,68,15,10311,104,41,48,64,75
20160221 08:25,156,30,145,20,153,37,63,71,68,14,10310,106,41,48,64,75
20160221 08:26,154,28,149,22,154,33,64,70,67,13,10311,108,41,48,64,75
20160221 08:27,152,29,152,24,149,40,65,70,68,14,10310,109,42,48,64,75
20160221 08:28,154,32,156,25,159,39,66,70,68,15,10310,105,42,48,64,75
20160221 08:29,156,28,157,26,153,33,66,69,67,13,10310,106,43,48,64,75
20160221 08:30,155,25,157,28,156,32,67,68,67,12,10311,108,43,49,64,75
20160221 08:31,157,26,156,28,158,37,68,70,69,17,10312,112,44,49,64,75
20160221 08:32,159,29,156,28,159,45,69,69,69,16,10312,113,44,49,64,75
20160221 08:33,163,37,157,30,166,54,69,68,68,14,10313,110,45,49,64,75
20160221 08:34,162,38,156,30,158,44,69,67,67,12,10313,107,45,49,64,75
20160221 08:35,158,34,157,31,157,46,69,67,67,12,10313,107,46,49,64,75
20160221 08:36,158,34,157,32,159,44,70,67,67,13,10314,111,46,49,64,75
20160221 08:37,159,32,158,31,159,38,70,67,67,13,10314,115,47,49,64,75
20160221 08:38,162,29,159,31,166,36,70,67,67,13,10314,115,47,49,64,75
20160221 08:39,160,28,159,31,154,31,70,67,67,13,10315,116,47,49,64,75
20160221 08:40,151,26,158,31,147,38,71,67,68,14,10315,122,48,49,64,75
20160221 08:41,151,25,158,31,155,49,72,68,69,17,10315,128,48,50,64,75
20160221 08:42,160,31,159,32,164,49,73,68,69,18,10316,133,49,50,64,75
20160221 08:43,166,35,159,31,167,41,74,67,69,17,10316,138,49,50,63,75
20160221 08:44,165,34,159,31,162,48,75,66,68,16,10316,140,50,50,63,75
20160221 08:45,163,34,160,31,164,40,75,65,67,14,10317,139,50,50,64,75
20160221 08:46,158,33,159,31,153,46,75,65,67,14,10317,135,51,50,63,75
20160221 08:47,153,33,159,31,153,43,74,64,66,10,10317,131,51,50,64,75
20160221 08:48,159,34,158,32,165,43,74,65,67,13,10317,128,52,50,64,75
20160221 08:49,163,31,159,32,161,37,74,65,67,13,10317,126,52,50,63,75
20160221 08:50,164,33,161,33,168,49,74,65,67,13,10316,123,53,51,63,75
20160221 08:51,166,37,162,34,163,46,74,65,67,13,10315,122,53,51,63,75
20160221 08:52,164,34,162,34,164,41,73,64,65,9,10315,121,54,51,63,74
20160221 08:53,165,34,162,34,166,45,73,65,66,12,10314,124,54,51,64,74
20160221 08:54,162,34,162,34,159,40,74,65,67,13,10314,126,55,51,63,74
20160221 08:55,155,31,160,34,151,43,74,65,67,13,10314,129,55,51,64,74
20160221 08:56,150,28,160,33,149,37,74,65,67,13,10314,132,56,51,63,74
20160221 08:57,151,24,160,32,152,34,75,66,68,16,10314,134,56,51,64,74
20160221 08:58,153,25,159,31,154,40,76,66,69,17,10313,137,57,52,64,74
20160221 08:59,156,28,159,31,159,40,77,65,68,15,10313,142,57,52,64,74
20160221 09:00,157,31,157,31,155,42,77,66,69,18,10313,140,58,52,63,74
20160221 09:01,156,33,157,30,157,41,76,64,67,12,10313,138,58,52,64,74
20160221 09:02,163,35,157,31,170,45,76,64,67,12,10313,136,58,52,64,74
20160221 09:03,170,32,157,30,169,34,75,64,66,11,10314,135,59,52,64,74
20160221 09:04,163,26,157,29,157,28,76,65,68,14,10314,136,59,52,64,74
20160221 09:05,161,24,159,28,166,32,76,65,68,14,10314,138,60,52,64,74
20160221 09:06,161,24,159,28,156,34,76,66,69,17,10315,140,60,53,64,74
20160221 09:07,155,31,160,30,153,47,77,66,69,18,10315,143,61,53,64,74
20160221 09:08,153,38,159,31,153,45,77,66,69,18,10315,149,61,53,64,74
20160221 09:09,153,37,159,32,152,48,77,65,68,15,10315,154,61,53,64,74
20160221 09:10,152,41,158,33,152,52,77,64,67,13,10315,157,62,53,64,74
20160221 09:11,152,40,158,33,152,45,77,64,67,13,10314,159,62,53,64,74
20160221 09:12,150,36,156,33,147,46,77,65,68,15,10314,161,63,53,64,74
20160221 09:13,150,37,154,34,153,46,77,64,67,13,10313,158,63,54,64,74
20160221 09:14,155,38,154,36,157,49,77,64,67,13,10313,159,64,54,64,74
20160221 09:15,154,39,153,37,152,50,77,65,68,15,10314,162,64,54,64,74
20160221 09:16,153,41,153,39,154,51,77,64,67,13,10313,158,65,54,64,74
20160221 09:17,151,40,152,39,148,49,76,64,67,12,10313,151,65,54,64,74
20160221 09:18,147,40,151,39,147,48,76,64,67,12,10312,148,65,54,64,74
20160221 09:19,150,42,152,40,154,51,76,65,68,14,10312,146,66,54,64,74
20160221 09:20,160,40,153,39,166,48,76,63,66,10,10311,145,67,55,64,74
20160221 09:21,163,35,154,39,159,47,76,63,66,10,10311,148,67,55,64,74
20160221 09:22,157,38,154,39,154,50,76,64,67,12,10311,153,68,55,64,74
20160221 09:23,152,37,154,39,150,41,76,64,67,12,10310,156,68,55,64,74
20160221 09:24,148,33,153,38,145,44,77,64,67,13,10310,157,69,55,64,74
20160221 09:25,146,31,152,37,147,44,77,65,68,15,10310,160,69,55,64,74
20160221 09:26,138,35,150,37,129,52,77,65,68,15,10311,165,69,56,64,74
20160221 09:27,136,38,149,37,143,45,77,64,67,13,10311,167,70,56,64,74
20160221 09:28,149,38,150,37,154,47,79,65,69,17,10311,171,70,56,64,74
20160221 09:29,149,43,149,37,144,57,79,64,68,15,10311,175,71,56,64,74
20160221 09:30,140,45,146,38,136,54,79,63,67,13,10311,178,71,56,64,74
20160221 09:31,139,42,145,38,143,47,80,64,69,16,10311,181,72,56,64,74
20160221 09:32,142,40,143,38,141,51,80,64,69,16,10311,183,72,57,64,74
20160221 09:33,138,40,142,39,135,52,80,63,68,14,10311,186,72,57,64,74
20160221 09:34,137,40,141,40,139,54,81,63,68,15,10311,187,73,57,64,74
20160221 09:35,143,41,141,41,147,57,81,61,66,10,10310,185,73,57,64,74
20160221 09:36,152,42,144,41,156,58,81,61,66,10,10310,179,74,57,64,74
20160221 09:37,159,43,146,42,162,60,81,61,66,10,10309,175,74,57,64,74
20160221 09:38,164,43,147,42,166,52,82,61,66,11,10309,177,75,58,64,74
20160221 09:39,163,39,148,41,160,54,83,61,67,12,10309,181,75,58,64,74
20160221 09:40,162,39,151,41,165,47,83,61,67,12,10309,185,76,58,64,74
20160221 09:41,156,40,152,41,148,55,83,61,67,12,10309,189,77,58,64,74
20160221 09:42,151,39,153,41,154,48,83,60,66,10,10309,192,77,58,65,74
20160221 09:43,160,35,156,40,166,43,83,60,66,10,10309,196,78,58,65,74
20160221 09:44,168,35,160,39,171,41,84,60,66,11,10309,198,78,59,65,74
20160221 09:45,166,32,161,38,161,34,85,61,68,14,10309,201,79,59,65,74
20160221 09:46,160,32,161,37,160,48,86,62,69,17,10309,204,79,59,65,74
20160221 09:47,152,38,159,37,143,52,85,60,67,12,10309,206,80,59,65,74
20160221 09:48,149,38,158,36,154,50,85,60,67,12,10309,208,80,59,65,73
20160221 09:49,155,37,158,36,155,48,86,61,68,15,10310,209,81,59,65,74
20160221 09:50,156,38,157,36,157,52,87,60,67,14,10311,211,81,60,65,73
20160221 09:51,157,37,158,35,156,47,87,59,66,11,10310,212,82,60,65,73
20160221 09:52,161,39,159,36,166,62,88,59,67,12,10310,214,82,60,65,73
20160221 09:53,165,47,159,38,163,63,87,57,64,7,10310,212,83,60,65,73
20160221 09:54,160,51,157,39,157,65,86,57,64,6,10311,210,84,60,65,73
20160221 09:55,156,47,157,41,156,52,85,57,63,5,10311,210,84,61,65,73
20160221 09:56,155,44,156,42,154,60,85,58,64,7,10311,213,85,61,65,73
20160221 09:57,159,45,158,42,163,56,86,59,66,10,10311,217,85,61,65,73
20160221 09:58,162,41,159,43,161,54,86,58,65,8,10312,218,86,61,65,73
20160221 09:59,156,41,158,43,150,56,87,59,66,11,10312,218,87,61,65,73
20160221 10:00,155,41,159,43,159,59,87,59,66,11,10312,217,87,61,65,73
20160221 10:01,154,40,158,44,149,59,87,59,66,11,10312,218,88,62,65,73
20160221 10:02,148,44,156,44,148,55,87,58,65,9,10313,222,88,62,66,73
20160221 10:03,154,43,156,43,159,52,86,58,65,8,10314,224,89,62,66,73
20160221 10:04,160,39,156,42,161,51,87,59,66,11,10314,227,90,62,66,73
20160221 10:05,162,38,157,41,164,57,88,58,66,10,10314,229,90,62,66,73
20160221 10:06,164,41,158,41,164,60,88,56,63,5,10314,231,91,63,66,73
20160221 10:07,156,46,156,42,148,58,88,56,63,5,10313,230,91,63,66,73
20160221 10:08,148,49,155,43,148,64,88,57,65,8,10313,230,92,63,66,73
20160221 10:09,149,47,155,43,150,54,88,57,65,8,10312,229,93,63,66,73
20160221 10:10,147,46,153,44,144,61,87,57,64,7,10312,224,93,63,66,73
20160221 10:11,146,44,153,44,148,50,88,58,66,10,10311,228,94,64,66,73
20160221 10:12,146,42,153,43,144,55,89,58,66,11,10312,228,94,64,66,73
20160221 10:13,151,40,153,43,159,51,88,57,65,8,10312,226,95,64,66,73
20160221 10:14,159,39,153,43,158,55,88,58,66,10,10312,224,96,64,66,73
20160221 10:15,165,40,153,43,171,52,88,58,66,10,10312,220,96,65,66,73
20160221 10:16,171,40,154,43,171,59,88,57,65,8,10313,216,97,65,66,74
20160221 10:17,171,43,156,43,170,53,88,57,65,8,10313,216,97,65,67,74
20160221 10:18,165,43,157,42,160,52,88,57,65,8,10312,223,98,65,67,73
20160221 10:19,152,37,157,41,145,45,89,58,66,11,10312,232,98,65,67,74
20160221 10:20,150,32,158,39,155,46,90,59,68,14,10311,236,99,66,67,74
20160221 10:21,153,36,158,39,151,57,91,58,67,13,10311,235,99,66,67,73
20160221 10:22,145,43,158,40,139,58,91,56,65,8,10312,235,100,66,67,73
20160221 10:23,151,45,158,40,162,61,90,56,64,7,10311,232,100,66,67,74
20160221 10:24,161,40,158,40,160,45,89,56,64,6,10311,227,101,67,67,74
20160221 10:25,157,38,157,40,155,54,89,57,65,9,10311,223,101,67,67,74
20160221 10:26,156,38,156,39,158,51,89,58,66,11,10310,218,102,67,67,74
20160221 10:27,159,37,155,39,161,45,89,57,65,9,10310,216,102,67,67,74
20160221 10:28,152,40,153,39,144,51,89,57,65,9,10310,220,103,67,67,74
20160221 10:29,144,43,153,40,144,50,89,58,66,11,10309,226,103,68,67,74
20160221 10:30,147,45,152,42,150,58,88,58,66,10,10309,231,104,68,67,74
20160221 10:31,151,47,153,42,152,61,88,58,66,10,10309,234,104,68,68,74
20160221 10:32,148,46,153,42,144,57,89,57,65,9,10309,231,105,68,68,74
20160221 10:33,143,44,151,42,141,51,88,57,65,8,10309,226,105,69,68,74
20160221 10:34,136,41,148,42,131,54,88,57,65,8,10309,220,106,69,68,74
20160221 10:35,138,35,147,41,144,39,88,58,66,10,10309,217,106,69,68,74
20160221 10:36,140,34,145,41,135,47,88,58,66,10,10309,216,106,69,68,74
20160221 10:37,136,35,142,41,138,42,87,58,65,9,10309,212,107,70,68,74
20160221 10:38,142,34,142,40,145,52,86,58,65,8,10309,206,107,70,68,74
20160221 10:39,145,45,143,41,145,66,86,58,65,8,10309,199,108,70,68,74
20160221 10:40,140,49,141,41,135,58,84,58,64,6,10309,193,108,70,68,74
20160221 10:41,132,45,139,41,128,64,84,58,64,6,10309,189,108,71,68,74
20160221 10:42,132,42,138,40,135,42,84,58,64,6,10309,187,109,71,68,74
20160221 10:43,136,34,137,39,136,50,84,58,64,6,10309,188,109,71,69,74
20160221 10:44,128,33,136,38,120,50,85,60,67,12,10309,197,109,71,69,74
20160221 10:45,127,36,135,39,133,44,86,60,67,13,10309,208,109,72,69,74
20160221 10:46,136,36,136,39,140,47,86,60,67,13,10309,215,110,72,69,74
20160221 10:47,141,39,136,40,141,54,86,58,65,8,10309,219,110,72,69,74
20160221 10:48,140,44,135,41,138,56,86,57,64,6,10309,220,110,72,69,74
20160221 10:49,132,42,133,39,126,54,85,57,63,5,10309,216,110,72,69,74
20160221 10:50,132,37,134,38,139,44,86,59,66,10,10308,219,110,73,69,74
20160221 10:51,140,35,135,37,141,52,88,60,68,15,10309,229,110,73,69,74
20160221 10:52,141,39,136,38,141,55,87,58,65,9,10309,231,111,73,69,74
20160221 10:53,147,38,137,38,154,55,87,60,67,14,10309,229,111,73,69,74
20160221 10:54,157,38,141,39,160,51,87,58,65,9,10309,225,111,74,70,74
20160221 10:55,156,38,143,39,152,50,87,57,64,7,10309,225,111,74,70,74
20160221 10:56,148,40,144,39,144,52,88,57,65,8,10309,227,111,74,70,74
20160221 10:57,146,38,144,38,148,39,87,56,63,4,10309,227,112,74,70,74
20160221 10:58,156,35,147,38,163,45,87,57,64,7,10309,225,112,75,70,74
20160221 10:59,162,35,150,37,161,42,87,56,63,4,10308,223,112,75,70,74
20160221 11:00,155,32,151,37,149,39,87,57,64,7,10309,222,113,75,70,74
20160221 11:01,145,29,151,36,140,31,88,58,66,10,10309,220,113,75,70,74
20160221 11:02,140,30,151,35,139,45,88,57,65,8,10309,217,113,75,70,74
20160221 11:03,144,35,150,35,149,43,87,57,64,7,10308,215,114,76,70,74
20160221 11:04,146,32,149,34,144,42,87,58,65,9,10308,214,114,76,71,74
20160221 11:05,144,30,148,33,143,37,87,58,65,9,10307,215,114,76,71,74
20160221 11:06,146,34,148,33,149,59,88,58,66,10,10308,214,115,76,71,74
20160221 11:07,141,45,147,35,133,61,88,55,62,3,10308,212,115,77,71,74
20160221 11:08,138,44,145,35,144,47,87,55,62,2,10309,210,115,77,71,74
20160221 11:09,141,36,143,35,138,45,87,55,62,2,10309,212,115,77,71,74
20160221 11:10,145,33,143,35,152,43,88,56,63,5,10310,214,115,77,71,74
20160221 11:11,149,34,144,36,147,41,88,55,62,3,10310,217,116,77,71,74
20160221 11:12,138,33,143,36,130,40,88,56,63,5,10309,217,116,78,71,74
20160221 11:13,126,32,140,35,123,40,88,57,65,8,10309,214,116,78,72,75
20160221 11:14,129,29,140,35,136,41,88,57,65,8,10308,212,116,78,72,75
20160221 11:15,131,33,138,36,125,56,88,56,63,5,10308,210,117,78,72,75
20160221 11:16,129,41,136,36,133,59,88,55,62,3,10307,209,117,78,72,75
20160221 11:17,134,42,136,35,134,46,87,54,61,-1,10307,209,117,79,72,75
20160221 11:18,143,39,137,35,152,46,88,55,62,3,10308,211,117,79,72,75
20160221 11:19,148,38,138,36,145,46,88,55,62,3,10308,215,117,79,72,75
20160221 11:20,150,40,138,36,155,53,89,55,63,4,10308,219,118,79,72,75
20160221 11:21,154,38,139,37,154,42,88,53,60,-2,10308,219,118,80,72,75
20160221 11:22,151,38,141,37,148,50,88,54,61,0,10307,218,118,80,72,75
20160221 11:23,145,40,142,38,142,46,87,55,62,2,10307,214,118,80,73,75
20160221 11:24,144,38,143,39,146,48,87,55,62,2,10307,213,118,80,73,75
20160221 11:25,148,37,146,39,151,44,87,54,61,-1,10306,212,118,80,73,75
20160221 11:26,146,38,147,39,141,49,87,55,62,2,10306,208,119,81,73,75
20160221 11:27,144,38,148,38,146,46,87,56,63,4,10306,207,119,81,73,75
20160221 11:28,148,34,148,38,149,40,87,55,62,2,10305,206,119,81,73,75
20160221 11:29,145,33,147,37,140,44,88,56,63,5,10305,203,119,81,73,75
20160221 11:30,135,33,145,36,130,41,88,57,65,8,10305,202,119,81,73,75
20160221 11:31,124,30,141,36,118,32,88,57,65,8,10305,205,119,82,74,75
20160221 11:32,116,27,138,34,115,36,89,58,66,11,10305,208,120,82,74,75
20160221 11:33,119,27,136,33,123,30,89,57,65,9,10305,210,120,82,74,75
20160221 11:34,123,24,134,31,124,30,89,55,63,4,10305,213,120,82,74,75
20160221 11:35,118,30,130,32,112,51,90,57,65,9,10305,216,120,82,74,75
20160221 11:36,110,37,126,31,107,51,91,56,65,8,10305,219,120,83,74,75
20160221 11:37,112,38,123,32,116,53,92,55,64,6,10305,221,120,83,74,75
20160221 11:38,123,40,121,32,130,46,92,53,62,1,10305,221,120,83,74,75
20160221 11:39,126,36,120,32,122,42,92,52,60,-1,10305,224,120,83,74,76
20160221 11:40,122,30,119,32,122,39,92,53,62,1,10305,226,121,83,74,76
20160221 11:41,120,30,119,32,117,40,93,53,62,2,10305,229,121,83,75,76
20160221 11:42,126,33,121,33,134,47,94,52,61,0,10304,231,121,84,75,76
20160221 11:43,129,31,121,33,124,37,94,51,60,-2,10304,233,121,84,75,76
20160221 11:44,117,30,119,34,110,53,94,52,61,0,10304,236,121,84,75,76
20160221 11:45,115,40,120,35,119,56,94,51,60,-2,10303,237,121,84,75,76
20160221 11:46,121,40,122,34,122,38,94,49,58,-8,10303,238,122,84,75,76
20160221 11:47,124,32,123,33,126,37,94,49,58,-8,10303,241,122,85,75,76
20160221 11:48,116,31,120,32,105,36,93,51,60,-3,10303,244,122,85,75,76
20160221 11:49,109,36,119,33,112,48,94,52,61,0,10302,246,122,85,75,76
20160221 11:50,112,36,118,34,112,40,94,51,60,-2,10302,244,123,85,76,76
20160221 11:51,109,35,117,34,107,44,94,50,59,-5,10301,244,123,85,76,76
20160221 11:52,119,36,117,34,132,43,95,50,59,-4,10301,247,123,85,76,76
20160221 11:53,128,30,117,34,123,37,96,50,60,-3,10301,251,124,86,76,76
20160221 11:54,127,27,119,34,130,35,97,51,61,1,10301,254,124,86,76,76
20160221 11:55,127,29,119,32,123,39,96,48,57,-9,10301,255,124,86,76,76
20160221 11:56,131,30,121,32,139,36,96,50,60,-3,10301,258,125,86,76,76
20160221 11:57,128,32,120,32,118,44,97,52,63,3,10301,259,125,86,76,76
20160221 11:58,114,32,120,32,109,40,96,51,61,0,10301,259,125,87,77,76
20160221 11:59,104,30,119,31,100,43,97,52,63,3,10301,260,126,87,77,76
20160221 12:00,103,37,119,32,106,54,98,50,61,-1,10301,260,126,87,77,76
20160221 12:01,109,39,119,32,112,50,98,48,58,-7,10302,263,126,87,77,76
20160221 12:02,107,36,116,32,102,42,98,49,59,-4,10302,266,127,87,77,76
20160221 12:03,101,34,114,33,100,40,99,50,61,0,10302,271,127,87,77,77
20160221 12:04,109,31,113,33,119,36,99,50,61,0,10302,274,128,87,77,77
20160221 12:05,120,28,113,33,122,45,99,50,61,0,10302,276,128,88,77,77
20160221 12:06,117,29,110,33,113,46,100,49,60,-2,10302,278,128,88,77,77
20160221 12:07,123,30,112,33,134,36,100,48,59,-5,10301,281,129,88,78,77
20160221 12:08,136,27,114,32,137,40,100,49,60,-2,10301,282,129,88,78,77
20160221 12:09,133,24,117,31,128,31,100,50,61,1,10300,284,130,88,78,77
20160221 12:10,114,24,117,30,99,44,101,50,62,2,10300,284,130,89,78,77
20160221 12:11,109,28,117,29,120,40,101,49,61,-1,10300,284,131,89,78,77
20160221 12:12,119,28,119,28,118,38,102,51,63,5,10300,284,131,89,78,77
20160221 12:13,115,31,120,28,111,46,102,50,62,2,10300,283,132,89,78,77
20160221 12:14,113,33,120,28,115,40,101,49,61,-1,10301,280,132,89,78,77
20160221 12:15,118,31,120,29,123,40,102,51,63,5,10301,279,133,89,78,77
20160221 12:16,114,28,119,28,107,41,103,52,65,9,10301,279,133,90,78,77
20160221 12:17,108,28,117,28,109,38,104,52,66,10,10301,279,134,90,79,77
20160221 12:18,105,32,113,29,101,45,103,50,63,3,10301,276,134,90,79,77
20160221 12:19,98,29,110,29,95,33,102,48,60,-3,10300,274,135,90,79,77
20160221 12:20,99,28,110,30,103,45,103,49,61,1,10300,273,135,90,79,77
20160221 12:21,97,33,107,30,91,43,103,49,61,1,10299,272,136,91,79,77
20160221 12:22,102,36,107,32,112,54,103,48,60,-2,10299,267,136,91,79,78
20160221 12:23,114,39,107,32,116,50,104,49,62,2,10299,266,136,91,79,78
20160221 12:24,126,35,109,32,137,45,103,48,60,-2,10299,265,137,91,79,78
20160221 12:25,149,31,113,32,160,36,103,47,59,-5,10299,268,137,91,79,78
20160221 12:26,154,31,117,33,148,40,101,46,57,-10,10299,271,138,92,80,78
20160221 12:27,143,34,120,33,138,45,102,49,61,0,10298,273,138,92,80,78
20160221 12:28,129,37,122,34,120,44,102,50,62,2,10298,275,138,92,80,78
20160221 12:29,115,40,123,36,110,51,101,49,61,-1,10298,276,139,92,80,78
20160221 12:30,113,45,125,37,116,56,101,49,61,-1,10297,273,139,92,80,78
20160221 12:31,122,49,128,39,129,61,100,49,60,-2,10297,268,139,93,80,78
20160221 12:32,130,49,131,39,132,58,100,49,60,-2,10297,267,140,93,80,78
20160221 12:33,134,42,133,39,137,46,100,49,60,-2,10296,270,140,93,80,78
20160221 12:34,132,37,132,40,126,54,100,50,61,1,10296,272,140,93,80,78
20160221 12:35,120,38,127,41,114,48,100,50,61,1,10296,275,141,93,81,78
20160221 12:36,111,35,123,40,109,38,102,51,63,5,10295,274,141,94,81,78
20160221 12:37,115,37,121,41,121,60,102,50,62,2,10295,276,141,94,81,78
20160221 12:38,117,43,121,42,113,60,103,50,63,3,10296,276,141,94,81,78
20160221 12:39,111,42,121,42,110,53,102,50,62,2,10295,276,142,94,81,78
20160221 12:40,109,44,120,41,109,60,103,49,61,1,10295,277,142,94,81,78
20160221 12:41,118,42,120,40,127,51,103,49,61,1,10295,281,142,95,81,79
20160221 12:42,126,45,119,41,125,69,102,48,60,-3,10295,280,143,95,81,79
20160221 12:43,125,43,118,41,125,47,100,48,59,-5,10294,277,143,95,82,79
20160221 12:44,124,34,118,40,123,43,101,50,62,2,10294,279,143,95,82,79
20160221 12:45,127,39,119,41,131,57,103,50,63,3,10294,280,144,96,82,79
20160221 12:46,132,44,122,42,133,51,102,43,53,-18,10294,280,144,96,82,79
20160221 12:47,145,38,125,41,157,47,101,43,53,-19,10294,279,144,96,82,79
20160221 12:48,159,39,130,41,160,57,101,45,56,-13,10294,278,144,96,82,79
20160221 12:49,152,39,133,40,143,44,102,47,58,-6,10294,277,145,96,82,79
20160221 12:50,138,41,136,41,134,61,103,48,60,-2,10294,277,145,97,82,79
20160221 12:51,134,47,136,41,134,59,102,45,56,-12,10294,276,145,97,82,79
20160221 12:52,125,40,136,39,116,58,100,46,56,-11,10294,276,146,97,83,79
20160221 12:53,118,40,135,41,120,66,101,47,58,-7,10294,275,146,97,83,79
20160221 12:54,122,51,135,43,125,67,101,46,57,-10,10294,271,146,97,83,79
20160221 12:55,129,49,136,43,134,56,100,45,55,-14,10294,267,146,98,83,79
20160221 12:56,131,47,135,43,128,67,99,46,56,-12,10294,268,147,98,83,79
20160221 12:57,127,52,132,45,126,63,99,47,57,-9,10293,271,147,98,83,79
20160221 12:58,135,47,130,45,144,61,99,46,56,-12,10294,269,147,98,83,80
20160221 12:59,151,43,132,46,157,50,100,46,56,-11,10294,273,147,99,83,80
20160221 13:00,157,45,134,46,157,62,100,47,58,-8,10293,274,148,99,84,80
20160221 13:01,151,42,135,45,144,57,101,49,61,-1,10293,274,148,99,84,80
20160221 13:02,137,39,136,46,130,63,102,50,62,2,10293,275,148,99,84,80
20160221 13:03,130,38,137,45,129,54,103,49,61,1,10293,276,148,99,84,80
20160221 13:04,131,42,138,44,133,61,102,46,57,-9,10293,276,148,99,84,80
20160221 13:05,130,48,137,45,127,56,101,46,57,-10,10293,274,149,100,84,80
20160221 13:06,132,42,138,43,138,46,100,47,58,-8,10293,273,149,100,84,80
20160221 13:07,137,38,139,42,135,48,100,48,59,-5,10293,275,149,100,84,80
20160221 13:08,138,38,139,41,140,51,101,48,59,-4,10293,278,149,100,85,80
20160221 13:09,131,40,135,41,121,55,101,48,59,-4,10292,278,149,101,85,80
20160221 13:10,118,52,131,43,114,77,99,48,59,-6,10292,268,150,101,85,80
20160221 13:11,119,58,129,44,124,70,99,46,56,-12,10291,255,150,101,85,80
20160221 13:12,123,61,128,47,122,75,98,47,57,-10,10291,251,150,101,85,80
20160221 13:13,119,62,127,49,117,78,98,47,57,-10,10291,249,150,101,85,80
20160221 13:14,125,53,127,49,132,58,97,48,58,-8,10291,248,150,102,85,81
20160221 13:15,126,51,126,50,121,70,97,49,59,-5,10291,252,151,102,85,81
20160221 13:16,122,54,125,51,123,65,97,50,60,-2,10291,254,151,102,85,81
20160221 13:17,123,52,124,53,123,61,98,50,61,-1,10291,255,151,102,86,81
20160221 13:18,127,51,123,54,130,66,98,51,62,2,10291,258,151,102,86,81
20160221 13:19,129,48,124,54,129,60,99,50,61,0,10291,258,151,103,86,81
20160221 13:20,122,50,124,54,114,68,98,48,58,-7,10291,257,151,103,86,81
20160221 13:21,122,51,124,53,130,61,99,50,61,0,10291,255,151,103,86,81
20160221 13:22,129,47,125,51,128,58,99,51,62,2,10291,254,151,103,86,81
20160221 13:23,121,43,125,49,115,58,99,50,61,0,10291,255,151,103,86,81
20160221 13:24,118,45,123,49,120,64,99,50,61,0,10291,257,151,103,87,81
20160221 13:25,128,48,125,48,134,59,99,50,61,0,10291,254,151,104,87,81
20160221 13:26,132,47,125,48,129,66,98,51,62,2,10292,249,151,104,87,81
20160221 13:27,130,49,126,48,130,68,98,51,62,2,10292,245,151,104,87,81
20160221 13:28,125,43,125,47,119,49,97,51,61,1,10292,242,151,104,87,81
20160221 13:29,116,40,123,46,113,54,97,51,61,1,10292,239,152,104,87,82
20160221 13:30,113,45,123,46,113,60,97,51,61,1,10292,233,152,105,87,82
20160221 13:31,119,48,123,46,125,60,97,52,63,3,10292,229,152,105,87,82
20160221 13:32,123,54,122,47,121,83,97,50,60,-2,10291,226,152,105,87,82
20160221 13:33,125,56,123,48,129,68,96,50,60,-3,10291,222,152,105,88,82
20160221 13:34,133,45,125,47,137,52,95,50,59,-4,10290,222,152,105,88,82
20160221 13:35,133,41,125,47,130,55,95,52,62,1,10290,225,152,106,88,82
20160221 13:36,124,46,123,47,118,66,96,54,65,8,10290,225,152,106,88,82
20160221 13:37,116,55,122,48,115,84,96,52,62,2,10290,220,151,106,88,82
20160221 13:38,122,55,123,49,129,64,95,52,62,1,10290,213,151,106,88,82
20160221 13:39,130,44,125,49,131,62,95,52,62,1,10290,213,151,106,88,82
20160221 13:40,125,41,125,48,119,55,95,53,63,4,10289,216,151,106,88,82
20160221 13:41,122,45,125,48,125,55,96,54,65,8,10289,218,151,107,89,82
20160221 13:42,122,40,125,46,118,56,96,55,66,10,10288,217,151,107,89,82
20160221 13:43,124,42,125,45,130,77,95,55,65,9,10288,216,151,107,89,82
20160221 13:44,133,57,125,48,137,71,94,54,64,6,10287,215,151,107,89,82
20160221 13:45,133,55,125,48,130,63,94,53,62,3,10286,214,151,107,89,83
20160221 13:46,127,40,126,47,125,48,94,55,65,8,10286,214,150,107,89,83
20160221 13:47,129,36,128,44,133,49,95,54,64,7,10286,212,150,107,89,83
20160221 13:48,134,43,128,44,135,67,95,54,64,7,10286,212,150,108,90,83
20160221 13:49,136,47,129,45,137,63,95,54,64,7,10286,211,150,108,90,83
20160221 13:50,134,46,130,45,131,60,95,53,63,4,10286,209,150,108,90,83
20160221 13:51,131,46,131,45,130,62,95,52,62,1,10286,210,150,108,90,83
20160221 13:52,131,46,132,46,131,54,94,52,61,0,10285,209,150,108,90,83
20160221 13:53,123,43,130,45,114,51,94,53,62,3,10285,207,149,108,90,83
20160221 13:54,117,50,129,45,121,78,94,54,64,6,10285,206,149,109,90,83
20160221 13:55,123,54,128,45,125,66,93,52,61,0,10284,203,149,109,90,83
20160221 13:56,122,45,128,46,119,61,94,52,61,0,10284,203,149,109,91,83
20160221 13:57,122,46,127,47,124,67,93,53,62,2,10284,203,149,109,91,83
20160221 13:58,123,49,125,47,122,68,94,53,62,3,10285,202,149,109,91,83
20160221 13:59,127,48,125,48,131,76,93,52,61,0,10285,201,148,109,91,84
20160221 14:00,131,51,125,48,130,70,93,53,62,2,10285,200,148,109,91,84
20160221 14:01,130,52,125,49,130,73,92,53,62,1,10285,199,148,109,91,84
20160221 14:02,130,43,125,48,130,61,93,52,61,0,10285,200,148,110,91,84
20160221 14:03,134,47,127,50,138,70,93,52,61,0,10285,199,148,110,91,84
20160221 14:04,133,55,128,49,128,63,93,50,59,-6,10285,198,148,110,91,84
20160221 14:05,119,50,126,49,111,64,93,51,60,-3,10285,198,147,110,92,84
20160221 14:06,115,50,126,50,119,70,93,52,61,0,10285,198,147,110,92,84
20160221 14:07,121,50,126,49,124,66,92,52,60,-1,10285,196,147,110,92,84
20160221 14:08,124,40,127,48,125,43,92,52,60,-1,10285,195,147,110,92,84
20160221 14:09,120,42,125,48,115,78,93,54,63,5,10285,195,147,110,92,84
20160221 14:10,118,55,124,49,121,70,93,53,62,2,10285,192,147,110,92,84
20160221 14:11,120,54,123,49,118,56,92,53,62,1,10285,190,146,110,92,84
20160221 14:12,122,54,123,51,127,78,92,53,62,1,10285,190,146,111,92,84
20160221 14:13,128,55,122,50,129,69,91,51,59,-5,10285,188,146,111,93,85
20160221 14:14,130,50,122,50,132,54,92,51,59,-4,10284,189,146,111,93,85
20160221 14:15,129,45,124,50,126,57,92,53,62,1,10284,189,146,111,93,85
20160221 14:16,123,47,124,49,119,66,92,53,62,1,10284,187,146,111,93,85
20160221 14:17,117,47,123,49,116,57,92,53,62,1,10284,187,145,111,93,85
20160221 14:18,116,46,122,51,116,61,92,53,62,1,10284,184,145,111,93,85
20160221 14:19,117,52,122,51,117,67,92,52,60,-1,10284,184,145,111,93,85
20160221 14:20,122,52,123,50,126,65,92,52,60,-1,10284,183,145,111,93,85
20160221 14:21,130,45,124,49,134,54,91,52,60,-2,10284,182,145,111,93,85
20160221 14:22,132,42,125,48,130,49,91,54,62,3,10284,181,144,112,94,85
20160221 14:23,129,46,124,47,128,65,91,55,64,5,10284,181,144,112,94,85
20160221 14:24,130,53,124,48,132,71,91,54,62,3,10284,180,144,112,94,85
20160221 14:25,131,57,125,50,130,75,91,54,62,3,10285,179,144,112,94,85
20160221 14:26,129,59,126,51,127,77,90,53,61,-1,10285,176,144,112,94,85
20160221 14:27,129,54,127,51,130,68,90,52,60,-3,10284,176,143,112,94,86
20160221 14:28,129,52,128,52,128,67,90,51,59,-6,10284,176,143,112,94,86
20160221 14:29,127,50,129,51,127,58,90,52,60,-3,10284,177,143,112,94,86
20160221 14:30,131,47,130,51,136,64,90,52,60,-3,10284,176,143,112,94,86
20160221 14:31,132,45,129,51,127,52,90,52,60,-3,10284,176,143,112,94,86
20160221 14:32,127,41,129,51,126,54,91,54,62,3,10283,175,143,112,95,86
20160221 14:33,127,43,129,50,127,53,91,54,62,3,10283,176,142,112,95,86
20160221 14:34,130,41,129,48,132,45,90,53,61,-1,10282,175,142,112,95,86
20160221 14:35,131,40,129,47,130,62,91,55,64,5,10282,174,142,112,95,86
20160221 14:36,131,47,129,46,132,65,91,55,64,5,10282,174,142,112,95,86
20160221 14:37,127,44,129,44,122,57,91,54,62,3,10282,172,141,112,95,86
20160221 14:38,116,38,127,43,110,74,91,54,62,3,10282,171,141,113,95,86
20160221 14:39,113,50,126,44,116,79,91,55,64,5,10282,170,141,113,95,86
20160221 14:40,121,61,125,46,125,79,91,55,64,5,10282,165,141,113,95,87
20160221 14:41,125,54,124,46,124,76,90,54,62,2,10282,162,141,113,96,87
20160221 14:42,122,44,124,46,120,59,90,55,63,5,10282,161,140,113,96,87
20160221 14:43,124,39,124,45,127,48,90,55,63,5,10282,161,140,113,96,87
20160221 14:44,120,44,122,47,113,76,90,56,64,7,10281,159,140,113,96,87
20160221 14:45,114,52,120,48,115,64,90,55,63,5,10281,156,140,113,96,87
20160221 14:46,117,43,119,46,120,57,90,57,65,9,10281,155,140,113,96,87
20160221 14:47,113,45,118,48,107,69,90,57,65,9,10281,154,140,113,96,87
20160221 14:48,111,47,118,48,115,58,90,58,67,12,10280,152,139,113,96,87
20160221 14:49,112,41,118,46,110,59,89,57,65,9,10280,151,139,113,96,87
20160221 14:50,111,40,116,44,112,55,89,57,65,9,10281,151,139,113,96,87
20160221 14:51,113,42,115,44,115,59,89,57,65,9,10281,150,139,113,96,87
20160221 14:52,117,45,115,44,120,59,89,57,65,9,10281,149,138,113,97,87
20160221 14:53,121,45,115,45,122,57,89,58,66,11,10281,149,138,113,97,87
20160221 14:54,130,47,117,45,137,65,88,58,66,10,10282,149,138,113,97,88
20160221 14:55,127,39,117,43,117,38,88,58,66,10,10282,150,138,113,97,88
20160221 14:56,117,32,117,43,117,49,89,59,67,13,10282,151,137,113,97,88
20160221 14:57,118,37,118,41,119,51,89,60,68,16,10283,151,137,113,97,88
20160221 14:58,119,43,119,42,119,62,89,58,66,11,10283,149,137,113,97,88
20160221 14:59,119,57,120,44,119,77,89,56,64,6,10283,148,136,113,97,88
20160221 15:00,118,60,120,46,117,72,88,57,65,8,10283,146,136,113,97,88
20160221 15:01,120,53,121,46,122,74,88,58,66,10,10283,145,136,113,97,88
20160221 15:02,120,55,121,48,118,89,88,59,67,12,10283,143,136,113,97,88
20160221 15:03,120,53,121,48,122,78,88,58,66,10,10282,142,135,113,97,88
20160221 15:04,120,43,119,47,118,60,88,57,65,8,10282,142,135,113,98,88
20160221 15:05,117,41,119,48,117,60,88,58,66,10,10282,142,135,113,98,88
20160221 15:06,116,46,119,49,115,75,88,58,66,10,10283,142,135,113,98,88
20160221 15:07,117,54,119,52,119,81,88,57,65,8,10283,140,134,113,98,88
20160221 15:08,117,53,118,51,116,61,88,58,66,10,10283,139,134,113,98,89
20160221 15:09,114,44,118,49,111,56,88,59,67,12,10283,138,134,113,98,89
20160221 15:10,116,42,118,48,120,57,88,59,67,12,10284,137,134,113,98,89
20160221 15:11,116,43,117,47,111,63,88,59,67,12,10284,137,133,113,98,89
20160221 15:12,109,39,116,45,107,57,88,60,68,15,10284,137,133,113,98,89
20160221 15:13,108,39,114,44,109,73,88,60,68,15,10284,137,133,113,98,89
20160221 15:14,115,47,115,45,121,72,88,58,66,10,10284,135,133,113,98,89
20160221 15:15,114,38,114,43,107,36,88,58,66,10,10284,135,132,113,98,89
20160221 15:16,111,34,114,43,115,63,88,60,68,15,10284,135,132,113,98,89
20160221 15:17,119,46,114,42,122,67,88,60,68,15,10284,134,132,113,98,89
20160221 15:18,118,47,114,42,113,58,88,60,68,15,10284,135,132,113,98,89
20160221 15:19,111,46,113,42,110,65,88,60,68,15,10284,135,131,113,99,89
20160221 15:20,108,45,112,42,106,62,88,60,68,15,10284,136,131,113,99,89
20160221 15:21,113,49,113,44,120,72,88,60,68,15,10284,136,131,113,99,89
20160221 15:22,118,55,114,46,117,66,87,60,67,14,10283,135,131,113,99,89
20160221 15:23,110,48,113,45,102,48,87,60,67,14,10283,134,130,113,99,89
20160221 15:24,104,41,112,45,106,52,88,61,69,17,10283,135,130,113,99,90
20160221 15:25,102,45,111,47,99,60,88,61,69,17,10283,135,130,113,99,90
20160221 15:26,98,47,109,47,98,76,88,61,69,17,10283,135,130,113,99,90
20160221 15:27,101,49,107,47,104,69,88,60,68,15,10283,134,129,113,99,90
20160221 15:28,108,46,107,47,111,58,87,60,67,14,10284,133,129,113,99,90
20160221 15:29,112,42,108,47,113,73,88,61,69,17,10284,133,129,113,99,90
20160221 15:30,111,47,108,47,109,67,87,60,67,14,10284,132,129,113,99,90
20160221 15:31,109,42,107,45,109,54,87,59,66,11,10284,132,128,113,99,90
20160221 15:32,111,40,106,44,113,60,87,60,67,14,10284,132,128,113,99,90
20160221 15:33,105,42,106,44,97,59,87,60,67,14,10284,132,128,113,99,90
20160221 15:34,101,46,106,45,105,76,87,60,67,14,10284,131,128,113,99,90
20160221 15:35,108,55,107,46,110,73,87,59,66,11,10284,130,128,113,99,90
20160221 15:36,111,58,108,47,112,81,87,59,66,11,10284,127,127,113,100,90
20160221 15:37,111,51,109,46,110,67,87,59,66,11,10284,126,127,113,100,90
20160221 15:38,112,48,109,48,114,82,87,59,66,11,10285,126,127,113,100,90
20160221 15:39,118,58,110,49,121,84,87,58,65,9,10284,124,127,113,100,90
20160221 15:40,114,53,110,49,106,65,87,58,65,9,10284,123,127,113,100,91
20160221 15:41,110,49,110,51,113,70,87,58,65,9,10284,123,126,113,100,91
20160221 15:42,111,50,110,51,109,62,87,58,65,9,10284,121,126,113,100,91
20160221 15:43,106,42,110,51,103,52,87,58,65,9,10285,121,126,113,100,91
20160221 15:44,110,41,111,50,116,64,87,58,65,9,10285,121,126,113,100,91
20160221 15:45,114,38,111,48,111,48,87,58,65,9,10285,121,126,113,100,91
20160221 15:46,114,33,112,45,116,44,87,59,66,11,10285,121,125,113,100,91
20160221 15:47,110,32,111,44,103,45,87,59,66,11,10286,122,125,113,100,91
20160221 15:48,106,32,111,42,109,39,87,58,65,9,10286,123,125,113,100,91
20160221 15:49,113,39,110,40,117,82,87,59,66,11,10286,123,125,113,100,91
20160221 15:50,116,53,111,42,115,73,87,57,64,7,10286,121,124,113,100,91
20160221 15:51,117,55,112,41,119,64,87,57,64,7,10286,119,124,113,100,91
20160221 15:52,116,44,112,40,113,54,87,57,64,7,10286,118,124,112,100,91
20160221 15:53,109,38,112,41,105,62,87,58,65,9,10287,118,124,112,100,91
20160221 15:54,107,48,112,42,108,72,87,58,65,9,10287,117,124,112,100,91
20160221 15:55,112,50,112,43,117,64,87,58,65,9,10287,116,123,112,100,91
20160221 15:56,119,48,113,45,121,74,86,58,65,8,10287,116,123,112,100,91
20160221 15:57,116,45,113,46,110,50,86,58,65,8,10287,115,123,112,101,91
20160221 15:58,107,42,113,47,105,61,86,59,66,10,10286,115,123,112,101,92
20160221 15:59,105,45,112,47,105,72,86,59,66,10,10286,114,122,112,101,92
20160221 16:00,106,46,111,46,107,66,86,59,66,10,10286,113,122,112,101,92
20160221 16:01,110,53,110,46,113,66,86,59,66,10,10286,113,122,112,101,92
20160221 16:02,110,53,110,48,108,64,86,58,65,8,10286,113,122,112,101,92
20160221 16:03,110,50,110,49,111,70,86,58,65,8,10286,113,121,112,101,92
20160221 16:04,110,43,110,47,108,44,86,58,65,8,10286,113,121,112,101,92
20160221 16:05,112,46,110,48,117,78,86,59,66,10,10286,114,121,112,101,92
20160221 16:06,110,52,109,47,103,56,86,58,65,8,10285,114,121,112,101,92
20160221 16:07,106,44,109,48,109,57,86,58,65,8,10285,115,121,112,101,92
20160221 16:08,111,42,109,47,114,57,87,59,66,11,10286,116,120,112,101,92
20160221 16:09,113,36,110,46,113,42,87,59,66,11,10286,117,120,112,101,92
20160221 16:10,115,45,111,47,117,77,87,59,66,11,10286,118,120,112,101,92
20160221 16:11,113,53,111,46,109,62,87,58,65,9,10286,118,120,112,101,92
20160221 16:12,110,50,111,46,111,64,87,58,65,9,10286,119,120,112,101,92
20160221 16:13,115,50,112,46,119,67,87,58,65,9,10286,119,119,112,101,92
20160221 16:14,119,45,113,47,118,56,87,58,65,9,10286,120,119,112,101,92
20160221 16:15,117,39,113,44,115,69,87,58,65,9,10285,120,119,111,101,92
20160221 16:16,114,45,114,45,112,74,87,58,65,9,10285,120,119,111,101,92
20160221 16:17,112,42,114,44,112,40,87,58,65,9,10285,120,119,111,101,92
20160221 16:18,111,32,114,44,110,52,87,58,65,9,10285,120,118,111,101,93
20160221 16:19,113,41,114,45,115,57,87,58,65,9,10286,120,118,111,101,93
20160221 16:20,112,51,113,45,109,74,87,58,65,9,10286,119,118,111,101,93
20160221 16:21,111,57,113,46,114,73,87,57,64,7,10286,118,118,111,101,93
20160221 16:22,114,61,114,47,114,79,87,57,64,7,10286,118,118,111,101,93
20160221 16:23,115,59,113,48,115,69,87,57,64,7,10286,117,118,111,101,93
20160221 16:24,113,52,113,48,112,71,87,58,65,9,10286,116,118,111,101,93
20160221 16:25,111,46,112,49,109,65,87,58,65,9,10286,115,117,111,101,93
20160221 16:26,107,38,112,47,105,50,87,58,65,9,10287,115,117,111,101,93
20160221 16:27,113,41,112,49,120,71,87,59,66,11,10287,115,117,111,101,93
20160221 16:28,118,50,113,51,115,66,87,58,65,9,10287,115,117,111,101,93
20160221 16:29,114,50,113,51,113,77,87,57,64,7,10286,114,117,111,101,93
20160221 16:30,110,46,113,49,108,70,87,57,64,7,10286,113,117,111,101,93
20160221 16:31,113,50,113,49,118,69,87,57,64,7,10286,112,117,111,101,93
20160221 16:32,114,51,112,47,109,55,87,58,65,9,10285,111,116,111,101,93
20160221 16:33,112,53,112,48,115,87,87,58,65,9,10285,111,116,110,101,93
20160221 16:34,115,59,113,49,115,73,87,58,65,9,10285,110,116,110,101,93
20160221 16:35,113,50,113,49,111,72,86,58,65,8,10284,110,116,110,101,93
20160221 16:36,111,45,114,50,112,70,86,58,65,8,10284,110,116,110,102,93
20160221 16:37,113,52,113,51,114,74,86,58,65,8,10284,109,116,110,102,93
20160221 16:38,113,57,113,52,112,79,86,58,65,8,10284,109,116,110,102,93
20160221 16:39,116,52,113,52,119,67,86,58,65,8,10284,108,115,110,102,93
20160221 16:40,114,48,113,52,109,70,86,59,66,10,10284,107,115,110,102,93
20160221 16:41,107,46,112,51,105,65,86,59,66,10,10284,108,115,110,102,93
20160221 16:42,110,48,113,52,114,77,86,60,67,13,10284,108,115,110,102,94
20160221 16:43,113,56,112,51,112,80,86,60,67,13,10284,107,115,110,102,94
20160221 16:44,114,55,112,51,116,63,86,60,67,13,10284,106,115,110,102,94
20160221 16:45,117,55,113,52,119,77,86,60,67,13,10284,105,115,110,102,94
20160221 16:46,121,52,114,52,122,59,86,60,67,13,10284,105,114,110,102,94
20160221 16:47,120,44,115,51,118,54,85,60,67,12,10285,105,114,110,102,94
20160221 16:48,120,46,116,50,121,59,85,60,67,12,10285,105,114,110,102,94
20160221 16:49,119,46,115,50,118,57,85,60,67,12,10285,104,114,110,102,94
20160221 16:50,119,50,117,50,121,71,85,60,67,12,10286,104,114,110,102,94
20160221 16:51,118,63,118,53,114,90,85,60,67,12,10286,104,114,109,102,94
20160221 16:52,114,60,117,53,113,70,85,60,67,12,10286,103,113,109,102,94
20160221 16:53,112,52,117,52,112,65,85,60,67,12,10286,102,113,109,102,94
20160221 16:54,110,46,117,51,108,52,85,60,67,12,10286,102,113,109,102,94
20160221 16:55,109,37,116,49,111,50,85,60,67,12,10287,102,113,109,102,94
20160221 16:56,119,42,116,49,127,74,85,61,68,14,10287,102,113,109,102,94
20160221 16:57,127,49,117,50,126,63,85,60,67,12,10287,101,113,109,102,94
20160221 16:58,122,43,117,49,117,62,85,60,67,12,10287,101,112,109,102,94
20160221 16:59,119,41,117,49,121,54,85,61,68,14,10287,101,112,109,102,94
20160221 17:00,120,51,117,49,119,74,85,61,68,14,10286,101,112,109,102,94
20160221 17:01,120,59,117,48,120,77,85,60,67,12,10286,100,112,109,102,94
20160221 17:02,122,57,119,48,124,72,85,60,67,12,10286,99,112,109,102,94
20160221 17:03,128,52,121,48,132,63,85,61,68,14,10286,99,112,109,102,94
20160221 17:04,128,44,122,48,125,54,85,61,68,14,10287,99,111,109,102,94
20160221 17:05,119,40,122,48,114,55,85,61,68,14,10287,99,111,109,102,94
20160221 17:06,116,41,122,47,119,53,85,62,69,16,10286,99,111,109,102,94
20160221 17:07,123,43,122,47,128,80,84,62,68,15,10286,99,111,109,102,94
20160221 17:08,129,53,123,49,130,77,84,62,68,15,10285,98,111,108,102,94
20160221 17:09,127,51,124,49,124,59,84,62,68,15,10284,98,111,108,102,94
20160221 17:10,121,39,124,47,119,52,84,62,68,15,10284,98,110,108,102,94
20160221 17:11,124,39,124,45,129,58,84,62,68,15,10285,97,110,108,102,94
20160221 17:12,123,44,124,44,117,62,84,62,68,15,10285,97,110,108,102,94
20160221 17:13,118,47,122,44,119,76,84,62,68,15,10285,96,110,108,102,95
20160221 17:14,121,53,122,46,123,67,84,62,68,15,10285,96,110,108,102,95
20160221 17:15,127,58,124,48,130,77,84,62,68,15,10285,96,110,108,102,95
20160221 17:16,127,59,124,49,124,71,84,62,68,15,10285,95,109,108,102,95
20160221 17:17,121,46,123,48,119,51,84,62,68,15,10285,95,109,108,102,95
20160221 17:18,119,35,122,46,118,53,84,62,68,15,10284,95,109,108,102,95
20160221 17:19,124,37,123,45,129,62,84,63,69,18,10285,95,109,108,102,95
20160221 17:20,130,43,124,47,131,58,83,63,69,17,10285,94,109,108,102,95
20160221 17:21,130,42,124,46,128,51,83,63,69,17,10285,93,109,108,102,95
20160221 17:22,130,43,125,46,131,65,83,63,69,17,10286,92,108,108,102,95
20160221 17:23,132,53,127,47,132,70,83,63,69,17,10286,91,108,108,102,95
20160221 17:24,129,55,127,47,127,71,83,64,70,19,10286,91,108,108,102,95
20160221 17:25,127,48,127,45,127,67,83,64,70,19,10285,90,108,108,102,95
20160221 17:26,127,53,127,46,127,75,83,64,70,19,10285,90,108,107,102,95
20160221 17:27,124,45,127,45,120,44,83,64,70,19,10284,89,108,107,102,95
20160221 17:28,120,40,127,47,121,66,82,65,71,20,10284,89,107,107,102,95
20160221 17:29,121,47,127,47,121,66,82,64,70,18,10283,88,107,107,102,95
20160221 17:30,122,41,126,46,124,55,82,64,70,18,10283,88,107,107,102,95
20160221 17:31,120,35,125,46,115,62,82,65,71,20,10284,88,107,107,102,95
20160221 17:32,120,36,124,45,125,48,82,65,71,20,10285,88,107,107,102,95
20160221 17:33,127,47,124,45,128,70,82,66,72,22,10287,88,107,107,102,95
20160221 17:34,128,54,124,45,127,77,82,65,71,20,10289,88,106,107,102,95
20160221 17:35,133,46,125,44,138,56,82,65,71,20,10291,87,106,107,102,95
20160221 17:36,141,39,126,42,144,50,82,65,71,20,10293,87,106,107,102,95
20160221 17:37,142,43,128,43,140,62,82,65,71,20,10294,87,106,107,102,95
20160221 17:38,143,41,131,42,147,51,82,65,71,20,10295,87,106,107,102,95
20160221 17:39,143,39,133,42,139,48,82,65,71,20,10295,87,106,107,102,95
20160221 17:40,138,34,134,41,137,40,82,66,72,22,10295,87,105,107,102,95
20160221 17:41,138,32,136,41,138,44,82,66,72,22,10295,87,105,106,102,95
20160221 17:42,133,32,137,40,128,48,82,66,72,22,10295,87,105,106,102,95
20160221 17:43,126,36,136,39,124,59,82,66,72,22,10294,87,105,106,102,95
20160221 17:44,122,47,136,39,120,58,82,65,71,20,10294,86,105,106,102,95
20160221 17:45,122,50,134,40,124,69,82,64,70,18,10293,86,105,106,102,95
20160221 17:46,119,42,131,39,114,42,82,65,71,20,10293,86,104,106,102,95
20160221 17:47,117,41,129,40,121,73,82,65,71,20,10293,85,104,106,102,95
20160221 17:48,120,49,126,41,119,74,82,65,71,20,10294,85,104,106,102,95
20160221 17:49,116,46,124,41,113,52,82,64,70,18,10294,85,104,106,102,95
20160221 17:50,113,49,121,44,113,69,82,65,71,20,10294,85,104,106,102,95
20160221 17:51,119,58,120,46,125,68,82,64,70,18,10294,85,104,106,102,95
20160221 17:52,120,54,119,48,116,56,82,64,70,18,10293,84,103,106,102,95
20160221 17:53,120,47,119,48,123,62,82,65,71,20,10293,84,103,106,101,95
20160221 17:54,122,40,119,47,121,42,82,65,71,20,10293,84,103,106,101,95
20160221 17:55,121,35,119,45,121,55,82,65,71,20,10293,84,103,105,101,95
20160221 17:56,121,31,119,45,121,50,82,65,71,20,10294,84,103,105,101,95
20160221 17:57,119,29,119,43,117,60,82,65,71,20,10294,84,103,105,101,96
20160221 17:58,121,41,120,43,125,67,82,65,71,20,10294,83,103,105,101,95
20160221 17:59,120,47,120,43,115,53,82,64,70,18,10294,83,102,105,101,96
20160221 18:00,117,45,120,42,119,66,82,64,70,18,10294,83,102,105,101,96
20160221 18:01,122,49,120,41,124,69,82,64,70,18,10294,83,102,105,101,96
20160221 18:02,121,48,121,41,119,60,82,64,70,18,10294,83,102,105,101,96
20160221 18:03,117,48,120,42,116,76,82,64,70,18,10293,82,102,105,101,96
20160221 18:04,118,55,120,44,120,74,82,63,68,16,10294,82,102,105,101,96
20160221 18:05,121,53,120,45,121,63,82,63,68,16,10294,82,101,105,101,96
20160221 18:06,121,53,120,48,121,73,82,64,70,18,10294,82,101,105,101,96
20160221 18:07,122,57,120,51,123,68,82,64,70,18,10294,82,101,105,101,96
20160221 18:08,121,53,120,51,119,66,82,63,68,16,10294,82,101,105,101,96
20160221 18:09,123,46,121,51,126,55,82,63,68,16,10295,82,101,105,101,96
20160221 18:10,127,50,122,52,128,76,82,63,68,16,10295,82,101,105,101,96
20160221 18:11,126,57,122,52,123,83,82,63,68,16,10295,82,101,104,101,96
20160221 18:12,123,49,122,52,123,61,82,63,68,16,10295,81,100,104,101,96
20160221 18:13,122,34,123,50,122,42,82,63,68,16,10295,82,100,104,101,96
20160221 18:14,127,33,124,48,132,54,82,63,68,16,10296,81,100,104,101,96
20160221 18:15,132,40,125,47,133,53,82,63,68,16,10296,81,100,104,101,96
20160221 18:16,130,43,126,46,127,55,82,63,68,16,10297,81,100,104,101,96
20160221 18:17,125,44,126,44,123,81,82,63,68,16,10297,81,100,104,101,96
20160221 18:18,126,49,127,45,130,67,83,62,68,15,10297,81,100,104,101,96
20160221 18:19,125,52,126,46,120,63,83,62,68,15,10297,81,99,104,101,96
20160221 18:20,122,47,126,44,125,52,83,62,68,15,10297,81,99,104,101,96
20160221 18:21,126,40,126,42,128,52,83,62,68,15,10298,81,99,104,101,96
20160221 18:22,124,39,126,42,121,61,83,62,68,15,10298,81,99,104,101,96
20160221 18:23,124,41,127,43,127,54,83,62,68,15,10298,81,99,104,101,96
20160221 18:24,127,40,126,43,128,51,82,62,67,14,10298,81,99,104,101,96
20160221 18:25,128,41,126,43,128,58,83,62,68,15,10298,81,99,103,101,96
20160221 18:26,125,36,125,42,123,46,83,62,68,15,10298,81,99,103,101,96
20160221 18:27,127,32,126,41,132,53,82,62,67,14,10299,81,98,103,101,96
20160221 18:28,128,36,126,40,124,47,82,62,67,14,10299,81,98,103,101,96
20160221 18:29,127,39,127,39,130,55,82,62,67,14,10299,81,98,103,101,96
20160221 18:30,130,37,127,38,130,49,83,62,68,15,10299,80,98,103,101,96
20160221 18:31,124,34,126,37,118,46,82,62,67,14,10299,80,98,103,101,96
20160221 18:32,115,32,125,36,112,44,82,62,67,14,10299,80,98,103,101,96
20160221 18:33,122,40,126,37,131,65,82,62,67,14,10299,80,98,103,101,96
20160221 18:34,131,46,126,38,130,51,82,62,67,14,10299,80,98,103,101,96
20160221 18:35,126,44,125,38,122,56,82,62,67,14,10299,80,97,103,101,96
20160221 18:36,121,42,125,39,120,52,82,62,67,14,10298,80,97,103,101,96
20160221 18:37,122,39,124,39,124,55,82,62,67,14,10298,80,97,103,101,96
20160221 18:38,126,40,125,39,128,57,82,62,67,14,10298,80,97,103,101,96
20160221 18:39,127,43,124,40,127,59,82,62,67,14,10297,80,97,102,101,96
20160221 18:40,125,47,124,41,123,74,83,61,67,12,10297,80,97,102,101,96
20160221 18:41,122,48,124,43,122,65,83,61,67,12,10297,80,97,102,101,96
20160221 18:42,120,51,125,45,119,61,83,62,68,15,10297,80,97,102,101,96
20160221 18:43,117,53,123,45,115,72,83,61,67,12,10296,80,97,102,101,96
20160221 18:44,117,49,122,46,120,61,83,61,67,12,10296,80,97,102,101,96
20160221 18:45,120,44,122,46,121,62,83,61,67,12,10296,80,96,102,101,96
20160221 18:46,118,39,122,45,117,56,83,62,68,15,10295,80,96,102,101,96
20160221 18:47,116,37,121,45,116,60,82,62,67,14,10295,79,96,102,100,96
20160221 18:48,115,40,119,45,114,63,82,62,67,14,10295,79,96,102,101,96
20160221 18:49,117,47,119,46,121,67,82,62,67,14,10295,79,96,102,100,96
20160221 18:50,122,48,119,46,122,58,82,62,67,14,10295,79,96,102,100,96
20160221 18:51,118,45,118,45,114,58,82,62,67,14,10295,79,96,102,100,96
20160221 18:52,120,50,119,45,127,66,82,62,67,14,10295,79,96,102,100,96
20160221 18:53,127,50,120,45,127,60,82,62,67,14,10294,79,96,102,100,96
20160221 18:54,120,47,119,45,112,62,82,62,67,14,10294,79,95,101,100,96
20160221 18:55,116,50,119,46,120,69,82,62,67,14,10294,79,95,101,100,96
20160221 18:56,120,50,119,47,121,60,82,62,67,14,10293,79,95,101,100,96
20160221 18:57,119,44,119,47,117,57,82,62,67,14,10293,79,95,101,100,96
20160221 18:58,120,42,120,47,123,57,82,62,67,14,10293,79,95,101,100,96
20160221 18:59,123,46,121,47,122,63,82,62,67,14,10293,79,95,101,100,96
20160221 19:00,117,47,119,47,111,61,82,63,68,16,10293,79,95,101,100,96
20160221 19:01,114,46,120,47,116,71,82,63,68,16,10292,79,95,101,100,96
20160221 19:02,117,48,119,47,117,69,82,63,68,16,10292,79,95,101,100,96
20160221 19:03,121,51,118,47,124,71,82,63,68,16,10292,79,95,101,100,96
20160221 19:04,121,51,119,47,118,56,82,63,68,16,10292,79,95,101,100,96
20160221 19:05,117,48,119,47,117,62,82,63,68,16,10292,79,94,101,100,96
20160221 19:06,114,45,118,46,112,55,82,63,68,16,10292,79,94,101,100,96
20160221 19:07,117,38,118,46,122,57,82,63,68,16,10292,79,94,101,100,96
20160221 19:08,119,42,117,47,116,60,82,63,68,16,10292,79,94,101,100,96
20160221 19:09,116,49,117,47,117,62,82,63,68,16,10292,79,94,100,100,96
20160221 19:10,116,48,117,47,116,59,82,62,67,14,10293,79,94,100,100,96
20160221 19:11,119,52,118,48,123,67,82,63,68,16,10293,79,94,100,100,96
20160221 19:12,120,48,118,47,117,56,82,62,67,14,10293,79,94,100,100,96
20160221 19:13,118,43,118,46,119,68,82,63,68,16,10293,79,94,100,100,96
20160221 19:14,121,48,118,46,123,73,82,63,68,16,10293,79,94,100,100,96
20160221 19:15,121,49,118,46,119,68,82,63,68,16,10294,79,94,100,100,96
20160221 19:16,118,44,119,46,118,50,82,63,68,16,10294,79,93,100,100,96
20160221 19:17,119,43,119,47,121,61,82,64,70,18,10294,79,93,100,100,96
20160221 19:18,119,45,119,47,118,49,82,64,70,18,10294,79,93,100,100,96
20160221 19:19,120,45,120,47,123,59,82,64,70,18,10294,79,93,100,100,96
20160221 19:20,126,45,121,46,129,57,82,64,70,18,10294,79,93,100,100,96
20160221 19:21,128,42,121,45,126,65,82,64,70,18,10294,79,93,100,100,96
20160221 19:22,124,40,122,44,121,54,82,64,70,18,10294,79,93,100,100,96
20160221 19:23,124,42,122,44,127,61,82,64,70,18,10294,79,93,100,100,96
20160221 19:24,119,43,121,43,110,62,82,64,70,18,10294,79,93,100,100,96
20160221 19:25,114,43,121,43,118,58,82,64,70,18,10293,79,93,99,100,96
20160221 19:26,120,45,121,44,121,56,82,64,70,18,10293,79,93,99,100,96
20160221 19:27,123,46,122,44,125,63,82,64,70,18,10293,79,93,99,99,96
20160221 19:28,125,49,123,44,125,59,82,64,70,18,10293,79,93,99,99,96
20160221 19:29,123,46,122,44,120,67,82,64,70,18,10294,79,93,99,99,96
20160221 19:30,124,47,122,45,127,68,82,65,71,20,10294,79,92,99,99,96
20160221 19:31,124,49,122,45,122,63,82,65,71,20,10294,79,92,99,99,96
20160221 19:32,122,45,122,46,123,54,82,65,71,20,10294,79,92,99,99,96
20160221 19:33,123,39,121,45,122,53,82,65,71,20,10294,79,92,99,99,96
20160221 19:34,124,41,123,45,126,66,82,65,71,20,10294,79,92,99,99,96
20160221 19:35,122,48,123,46,117,71,82,64,70,18,10294,79,92,99,99,96
20160221 19:36,120,51,123,46,123,84,82,64,70,18,10294,79,92,99,99,96
20160221 19:37,123,58,123,48,123,90,82,64,70,18,10294,79,92,99,99,96
20160221 19:38,123,58,123,48,122,65,83,64,70,19,10294,79,92,99,99,96
20160221 19:39,120,46,122,48,119,54,82,65,71,20,10294,79,92,99,99,96
20160221 19:40,121,48,122,48,124,67,82,65,71,20,10294,79,92,99,99,96
20160221 19:41,122,47,122,48,121,52,82,65,71,20,10294,79,92,99,99,96
20160221 19:42,122,42,122,48,123,60,82,65,71,20,10294,79,92,98,99,96
20160221 19:43,121,45,122,49,119,62,82,65,71,20,10294,79,91,98,99,96
20160221 19:44,121,54,121,51,123,81,82,65,71,20,10294,79,91,98,99,96
20160221 19:45,122,59,122,51,121,68,82,65,71,20,10294,79,91,98,99,96
20160221 19:46,121,50,122,50,121,57,82,65,71,20,10294,79,91,98,99,96
20160221 19:47,118,37,121,47,116,44,82,65,71,20,10294,79,91,98,99,96
20160221 19:48,118,35,121,46,119,65,82,65,71,20,10295,79,91,98,99,96
20160221 19:49,118,35,121,45,118,48,82,66,72,22,10295,79,91,98,99,96
20160221 19:50,114,41,119,45,110,71,82,66,72,22,10295,79,91,98,99,96
20160221 19:51,116,45,119,44,122,48,82,65,71,20,10295,79,91,98,99,96
20160221 19:52,119,39,118,44,115,58,82,65,71,20,10295,79,91,98,99,96
20160221 19:53,119,41,119,44,123,64,82,65,71,20,10295,79,91,98,99,96
20160221 19:54,119,45,118,42,116,58,82,65,71,20,10295,79,91,98,99,96
20160221 19:55,115,47,118,41,115,72,82,65,71,20,10295,79,91,98,99,96
20160221 19:56,114,46,117,41,114,62,83,65,71,21,10295,79,91,98,99,96
20160221 19:57,111,43,116,42,109,61,82,65,71,20,10295,79,91,98,99,96
20160221 19:58,117,48,117,44,125,69,83,65,71,21,10295,79,91,98,99,96
20160221 19:59,123,43,117,44,121,48,83,65,71,21,10295,79,91,97,99,96
20160221 20:00,117,31,117,42,112,38,83,65,71,21,10295,79,91,98,99,96
