time_now,wd_avg_2mins,ws_avg_2mins,wd_avg_10mins,ws_avg_10mins,wd_maxsp_this_min,ws_maxsp_this_min,air_temp_by_box,relative_humidity,water_vapor_pressure,dew_temp,station_pressure,ground_temp_pt,ground_tem_5cm,ground_tem_10cm,ground_tem_15cm,ground_tem_20cm
20151205 20:01,265,8,250,8,266,9,47,70,60,-3,10295,29,66,87,98,104
20151205 20:02,266,8,253,8,266,9,47,71,61,-1,10295,30,66,87,98,104
20151205 20:03,265,8,255,8,264,9,46,71,60,-2,10295,30,65,87,98,104
20151205 20:04,264,9,257,8,263,9,46,71,60,-2,10294,30,65,87,98,104
20151205 20:05,262,8,259,8,261,9,45,73,61,1,10294,30,65,87,98,104
20151205 20:06,260,8,261,8,259,9,45,73,61,1,10294,30,65,87,98,104
20151205 20:07,257,8,261,8,255,9,44,74,62,2,10294,30,65,87,98,104
20151205 20:08,254,7,261,8,252,8,44,74,62,2,10293,31,65,87,98,104
20151205 20:09,251,6,260,8,251,7,44,74,62,2,10293,31,64,87,98,104
20151205 20:10,250,4,259,7,249,6,43,73,61,-1,10293,31,64,87,98,104
20151205 20:11,251,5,257,7,252,7,43,73,61,-1,10293,32,64,87,98,104
20151205 20:12,252,7,256,7,252,8,43,73,61,-1,10293,32,64,87,98,104
20151205 20:13,254,8,255,7,255,9,42,73,60,-2,10293,32,64,86,98,104
20151205 20:14,258,8,255,7,260,9,42,74,61,0,10293,32,64,86,98,104
20151205 20:15,265,8,255,7,269,9,41,74,61,-1,10294,33,64,86,98,104
20151205 20:16,275,8,258,7,281,9,41,75,61,1,10295,33,64,86,98,104
20151205 20:17,287,8,261,7,293,9,41,76,62,3,10295,33,63,86,98,104
20151205 20:18,294,8,266,7,295,9,41,77,63,4,10295,33,63,86,98,104
20151205 20:19,295,8,270,7,295,9,41,77,63,4,10295,33,63,86,97,104
20151205 20:20,299,7,275,8,302,8,41,77,63,4,10294,33,63,86,97,104
20151205 20:21,301,7,280,8,299,8,41,77,63,4,10294,33,63,86,97,104
20151205 20:22,297,7,285,8,296,8,40,77,63,3,10294,34,63,86,97,104
20151205 20:23,293,7,288,7,291,7,40,77,63,3,10294,34,63,86,97,104
20151205 20:24,287,7,290,7,283,8,40,78,63,5,10294,34,63,86,97,104
20151205 20:25,279,7,291,7,275,8,40,77,63,3,10294,34,63,86,97,104
20151205 20:26,271,8,290,7,268,9,41,77,63,4,10294,34,63,86,97,104
20151205 20:27,268,8,287,7,268,9,41,76,62,3,10294,34,63,85,97,104
20151205 20:28,268,8,285,7,268,8,41,76,62,3,10294,34,63,85,97,104
20151205 20:29,270,7,282,7,271,8,41,75,61,1,10294,35,62,85,97,104
20151205 20:30,272,8,279,7,272,9,41,74,61,-1,10294,35,62,85,97,104
20151205 20:31,271,8,276,8,269,10,41,73,60,-3,10294,35,62,85,97,104
20151205 20:32,268,9,273,8,266,10,41,72,59,-5,10294,35,62,85,97,104
20151205 20:33,265,9,270,8,263,10,41,71,58,-7,10294,35,62,85,97,104
20151205 20:34,260,8,268,8,258,9,41,71,58,-7,10294,35,62,85,97,104
20151205 20:35,257,8,266,8,256,10,41,71,58,-7,10295,35,62,85,97,104
20151205 20:36,258,8,265,8,259,9,41,71,58,-7,10295,36,62,85,97,104
20151205 20:37,256,8,264,8,254,8,41,71,58,-7,10295,36,62,85,97,104
20151205 20:38,254,7,262,8,253,8,41,71,58,-7,10295,36,62,85,97,104
20151205 20:39,254,8,260,8,255,9,41,72,59,-5,10295,36,62,85,97,104
20151205 20:40,255,9,259,8,255,10,42,73,60,-2,10295,36,62,85,97,104
20151205 20:41,256,10,258,8,257,12,42,73,60,-2,10295,36,62,85,97,104
20151205 20:42,257,10,257,9,257,11,42,74,61,0,10295,36,62,85,97,104
20151205 20:43,258,10,256,9,259,11,42,74,61,0,10295,36,62,84,97,104
20151205 20:44,259,10,256,9,260,11,42,74,61,0,10295,36,62,84,97,104
20151205 20:45,259,9,257,9,257,10,42,75,62,2,10295,36,62,84,97,104
20151205 20:46,256,9,256,9,256,10,42,76,63,4,10295,36,62,84,97,104
20151205 20:47,257,9,257,9,259,10,42,76,63,4,10295,36,62,84,97,104
20151205 20:48,260,10,258,10,261,12,42,76,63,4,10296,36,62,84,97,104
20151205 20:49,264,11,259,10,267,12,43,76,63,4,10296,36,62,84,96,104
20151205 20:50,268,11,260,10,268,12,43,76,63,4,10296,36,62,84,96,104
20151205 20:51,267,11,261,10,267,12,44,74,62,2,10296,36,62,84,96,104
20151205 20:52,266,11,262,10,265,11,44,74,62,2,10296,36,62,84,96,104
20151205 20:53,266,10,263,10,266,10,44,74,62,2,10296,36,62,84,96,104
20151205 20:54,266,8,263,10,265,9,44,73,61,0,10296,36,62,84,96,104
20151205 20:55,262,6,263,10,260,6,44,74,62,2,10296,36,62,84,96,104
20151205 20:56,254,4,263,9,248,5,44,74,62,2,10296,36,61,84,96,104
20151205 20:57,247,3,261,8,245,4,44,74,62,2,10296,36,61,84,96,104
20151205 20:58,248,4,260,8,251,5,44,73,61,0,10296,36,61,84,96,104
20151205 20:59,255,4,259,7,258,5,44,71,59,-4,10296,36,61,84,96,104
20151205 21:00,257,4,258,6,256,5,44,70,59,-6,10296,36,61,84,96,104
20151205 21:01,255,4,257,6,255,6,44,70,59,-6,10296,36,61,83,96,103
20151205 21:02,253,6,255,5,251,7,44,70,59,-6,10296,36,61,83,96,104
20151205 21:03,251,7,254,5,251,8,44,71,59,-4,10296,36,61,83,96,103
20151205 21:04,251,8,253,5,251,10,44,73,61,0,10295,36,61,83,96,103
20151205 21:05,251,9,252,5,251,10,45,72,61,-1,10295,36,61,83,96,103
20151205 21:06,250,10,252,6,250,11,45,72,61,-1,10295,36,61,83,96,103
20151205 21:07,250,11,252,7,251,12,45,71,60,-3,10295,36,61,83,96,103
20151205 21:08,250,11,252,8,250,12,45,71,60,-3,10295,37,61,83,96,103
20151205 21:09,250,12,252,9,250,13,45,72,61,-1,10296,37,61,83,96,103
20151205 21:10,250,12,251,9,250,13,45,73,61,1,10296,37,61,83,96,103
20151205 21:11,249,12,250,10,248,14,44,73,61,0,10296,37,61,83,96,103
20151205 21:12,244,10,249,10,240,12,44,72,60,-2,10295,37,61,83,96,103
20151205 21:13,235,8,247,10,230,9,44,72,60,-2,10295,37,61,83,96,103
20151205 21:14,224,7,244,10,218,8,44,71,59,-4,10294,38,61,83,96,103
20151205 21:15,219,7,241,10,220,9,44,71,59,-4,10294,38,61,83,96,103
20151205 21:16,225,9,239,10,231,11,44,72,60,-2,10295,38,61,83,96,103
20151205 21:17,233,11,237,10,236,13,44,73,61,0,10295,38,61,83,96,103
20151205 21:18,238,12,236,10,240,14,44,73,61,0,10295,38,61,83,95,103
20151205 21:19,241,13,235,10,241,14,44,73,61,0,10295,38,61,83,95,103
20151205 21:20,241,12,235,10,241,14,44,74,62,2,10294,38,61,82,95,103
20151205 21:21,241,11,234,10,242,13,44,73,61,0,10294,38,61,82,95,103
20151205 21:22,243,9,234,10,245,9,44,73,61,0,10294,39,61,82,95,103
20151205 21:23,245,9,236,10,245,11,44,73,61,0,10294,39,61,82,95,103
20151205 21:24,243,10,238,10,242,12,45,73,61,1,10295,39,61,82,95,103
20151205 21:25,241,10,240,11,240,12,45,73,61,1,10295,39,61,82,95,103
20151205 21:26,240,10,241,11,241,11,45,73,61,1,10295,39,61,82,95,103
20151205 21:27,243,9,242,10,245,11,45,74,62,3,10295,39,61,82,95,103
20151205 21:28,248,7,243,10,251,8,45,74,62,3,10295,39,61,82,95,103
20151205 21:29,253,4,245,9,256,4,45,73,61,1,10295,40,61,82,95,103
20151205 21:30,260,2,247,8,264,3,45,73,61,1,10296,40,61,82,95,103
20151205 21:31,262,3,249,7,261,5,45,73,61,1,10296,40,61,82,95,103
20151205 21:32,260,5,250,7,260,6,45,74,62,3,10296,40,61,82,95,103
20151205 21:33,261,6,252,6,262,7,45,75,63,5,10296,40,61,82,95,103
20151205 21:34,264,6,255,6,265,7,45,76,64,6,10296,40,61,82,95,103
20151205 21:35,264,7,257,6,263,8,45,76,64,6,10296,40,61,82,95,103
20151205 21:36,263,7,259,5,262,8,45,76,64,6,10296,40,61,82,95,103
20151205 21:37,261,7,260,5,260,9,45,75,63,5,10296,40,61,82,95,103
20151205 21:38,261,7,262,6,262,8,45,76,64,6,10296,41,61,82,95,103
20151205 21:39,266,7,263,6,271,8,45,77,65,8,10296,41,61,82,95,103
20151205 21:40,275,8,264,7,279,11,46,77,65,9,10296,41,61,82,95,103
20151205 21:41,287,9,268,7,295,11,46,77,65,9,10295,41,61,82,95,103
20151205 21:42,297,10,272,8,298,11,46,76,64,7,10295,41,61,82,95,103
20151205 21:43,297,10,275,8,296,12,46,76,64,7,10294,41,61,82,95,103
20151205 21:44,296,10,278,8,295,12,46,76,64,7,10294,41,61,82,95,103
20151205 21:45,296,11,282,9,297,13,46,76,64,7,10294,41,61,81,95,103
20151205 21:46,300,11,286,9,302,13,46,74,63,4,10294,41,61,81,95,103
20151205 21:47,305,11,290,10,307,12,47,73,62,3,10294,41,61,81,95,103
20151205 21:48,310,11,295,10,313,13,47,72,61,1,10294,41,61,81,95,103
20151205 21:49,314,11,300,11,315,13,47,72,61,1,10294,41,61,81,94,103
20151205 21:50,318,11,304,11,320,13,48,72,62,2,10295,41,61,81,94,103
20151205 21:51,317,11,306,11,314,13,48,71,61,0,10295,41,61,81,94,103
20151205 21:52,314,10,307,11,314,11,48,71,61,0,10296,41,61,81,94,103
20151205 21:53,307,10,308,11,301,12,49,70,61,-1,10296,41,61,81,94,103
20151205 21:54,298,10,308,11,296,11,49,71,61,1,10296,41,61,81,94,103
20151205 21:55,294,9,308,10,293,11,49,70,61,-1,10296,41,61,81,94,103
20151205 21:56,292,10,306,10,291,12,50,69,60,-2,10296,41,61,81,94,103
20151205 21:57,292,10,305,10,292,11,50,68,59,-4,10295,41,61,81,94,102
20151205 21:58,292,10,303,10,292,10,50,67,58,-6,10295,40,61,81,94,102
20151205 21:59,294,9,301,10,297,9,50,66,58,-8,10294,40,61,81,94,103
20151205 22:00,303,7,300,9,309,8,50,66,58,-8,10294,40,61,81,94,102
20151205 22:01,314,6,300,9,319,7,49,69,60,-3,10294,39,61,81,94,102
20151205 22:02,322,6,301,9,325,6,49,70,61,-1,10293,39,61,81,94,102
20151205 22:03,329,6,305,8,334,8,49,69,60,-3,10293,39,61,81,94,102
20151205 22:04,329,7,308,8,324,9,49,69,60,-3,10294,38,61,81,94,102
20151205 22:05,322,9,310,8,319,11,49,71,61,1,10294,37,61,81,94,102
20151205 22:06,316,10,312,8,312,12,49,73,63,5,10293,37,61,81,94,102
20151205 22:07,309,10,314,8,306,11,49,73,63,5,10293,36,61,81,94,102
20151205 22:08,303,10,314,8,300,12,49,71,61,1,10293,35,61,81,94,102
20151205 22:09,295,11,314,9,290,13,50,71,62,2,10293,34,61,81,94,102
20151205 22:10,288,12,312,9,287,13,50,69,60,-2,10293,34,61,81,94,102
20151205 22:11,285,12,308,10,284,13,50,67,58,-6,10293,33,61,81,94,102
20151205 22:12,284,12,304,10,283,14,50,66,58,-8,10293,32,61,81,94,102
20151205 22:13,283,12,299,11,284,13,50,66,58,-8,10293,32,61,81,94,102
20151205 22:14,284,11,295,11,284,12,50,66,58,-8,10293,31,61,81,94,102
20151205 22:15,285,11,292,11,287,12,50,67,58,-6,10293,30,61,81,94,102
20151205 22:16,289,11,290,12,291,13,49,67,58,-7,10293,29,61,81,94,102
20151205 22:17,291,11,288,12,291,12,49,68,59,-5,10293,29,61,81,94,102
20151205 22:18,292,10,287,11,294,10,48,69,59,-4,10292,28,61,80,94,102
20151205 22:19,297,9,288,11,300,9,48,69,59,-4,10292,28,60,80,94,102
20151205 22:20,304,8,291,11,308,8,48,70,60,-2,10291,27,60,80,94,102
20151205 22:21,311,7,294,10,315,7,47,71,61,-1,10291,26,60,80,94,102
20151205 22:22,315,7,297,9,315,8,47,72,61,1,10291,26,60,80,93,102
20151205 22:23,314,8,300,9,314,9,47,72,61,1,10291,25,60,80,93,102
20151205 22:24,316,8,303,9,318,8,46,72,61,0,10291,25,60,80,93,102
20151205 22:25,318,8,307,8,319,9,46,72,61,0,10291,24,60,80,93,102
20151205 22:26,318,8,309,8,317,8,45,72,61,-1,10291,24,60,80,93,102
20151205 22:27,317,8,312,8,318,10,45,73,61,1,10291,23,59,80,93,102
20151205 22:28,316,9,314,8,314,9,44,74,62,2,10291,23,59,80,93,102
20151205 22:29,314,9,315,8,314,10,43,75,62,3,10291,22,59,80,93,102
20151205 22:30,313,9,316,8,313,10,43,75,62,3,10291,22,59,80,93,102
20151205 22:31,316,9,316,8,319,10,42,76,63,4,10291,21,59,80,93,102
20151205 22:32,319,9,317,9,319,9,42,76,63,4,10291,21,59,80,93,102
20151205 22:33,320,9,317,9,320,9,41,76,62,3,10291,21,58,80,93,102
20151205 22:34,321,8,318,8,322,8,40,76,62,2,10291,21,58,80,93,102
20151205 22:35,320,7,317,8,317,7,40,77,63,3,10291,20,58,80,93,102
20151205 22:36,312,7,316,8,307,8,39,78,63,4,10292,20,58,80,93,102
20151205 22:37,307,8,315,8,307,9,39,78,63,4,10292,20,58,80,93,102
20151205 22:38,308,9,315,8,310,9,39,78,63,4,10292,19,58,80,93,102
20151205 22:39,312,9,315,8,315,9,38,78,63,3,10293,19,57,80,93,102
20151205 22:40,317,8,316,8,319,9,37,79,63,4,10293,19,57,80,93,102
20151205 22:41,323,7,316,8,327,8,37,79,63,4,10292,18,57,80,93,102
20151205 22:42,327,6,317,7,328,6,37,79,63,4,10292,18,57,80,93,102
20151205 22:43,330,6,318,7,333,7,36,79,62,3,10292,18,57,80,93,102
20151205 22:44,331,6,319,7,329,7,36,79,62,3,10293,18,57,80,93,102
20151205 22:45,330,7,321,7,331,7,36,79,62,3,10293,17,56,80,93,102
20151205 22:46,337,7,324,7,342,7,35,79,62,2,10293,17,56,80,93,102
20151205 22:47,341,7,328,7,341,7,35,79,62,2,10293,17,56,80,93,102
20151205 22:48,340,7,331,7,340,7,35,79,62,2,10293,16,56,79,93,102
20151205 22:49,339,7,333,7,338,7,34,79,62,1,10293,16,56,79,93,102
20151205 22:50,336,6,334,7,334,7,34,79,62,1,10293,16,56,79,93,102
20151205 22:51,330,5,334,6,327,5,33,80,62,2,10294,16,55,79,93,102
20151205 22:52,328,4,334,6,328,5,33,81,63,4,10294,15,55,79,93,102
20151205 22:53,326,4,333,6,324,5,32,82,63,4,10294,15,55,79,93,102
20151205 22:54,327,4,334,6,331,4,32,82,63,4,10294,15,55,79,93,102
20151205 22:55,337,4,335,5,342,5,32,82,63,4,10294,15,55,79,93,101
20151205 22:56,345,4,335,5,348,4,31,82,63,3,10293,14,55,79,93,101
20151205 22:57,351,3,337,5,355,3,31,82,63,3,10293,14,54,79,93,101
20151205 22:58,2,2,339,4,9,3,31,82,63,3,10293,14,54,79,93,101
20151205 22:59,15,2,344,4,21,3,30,83,63,4,10292,14,54,79,93,101
20151205 23:00,28,2,350,3,36,3,30,83,63,4,10292,14,54,79,93,101
20151205 23:01,47,1,358,3,57,1,30,83,63,4,10292,13,54,79,93,101
20151205 23:02,63,0,8,2,69,0,30,83,63,4,10292,13,54,79,92,101
20151205 23:03,74,0,20,2,79,0,29,83,62,3,10292,13,53,79,92,101
20151205 23:04,61,0,28,2,42,0,29,82,62,1,10292,13,53,79,92,101
20151205 23:05,65,0,38,1,88,0,28,83,62,2,10292,13,53,79,92,101
20151205 23:06,92,0,50,1,97,0,28,83,62,2,10292,13,53,79,92,101
20151205 23:07,99,0,60,1,101,0,28,83,62,2,10292,13,53,78,92,101
20151205 23:08,92,0,68,0,84,0,28,83,62,2,10292,13,53,78,92,101
20151205 23:09,93,0,76,0,103,0,27,83,62,1,10292,12,52,78,92,101
20151205 23:10,101,0,82,0,99,0,27,83,62,1,10292,12,52,78,92,101
20151205 23:11,98,0,86,0,96,0,27,84,62,3,10292,12,52,78,92,101
20151205 23:12,101,0,90,0,107,2,26,84,62,2,10292,12,52,78,92,101
20151205 23:13,106,1,93,0,105,3,26,84,62,2,10292,12,52,78,92,101
20151205 23:14,111,2,100,0,117,2,26,84,62,2,10293,12,52,78,92,101
20151205 23:15,124,2,104,1,132,2,25,84,61,1,10293,12,51,78,92,101
20151205 23:16,133,2,108,1,135,2,25,84,61,1,10293,12,51,78,92,101
20151205 23:17,135,2,111,1,136,3,25,84,61,1,10292,12,51,78,92,101
20151205 23:18,136,3,117,1,136,3,25,84,61,1,10292,11,51,78,92,101
20151205 23:19,132,2,119,2,128,3,24,85,62,1,10291,11,51,78,92,101
20151205 23:20,128,1,122,2,129,1,24,85,62,1,10291,11,51,78,92,101
20151205 23:21,136,0,127,2,143,0,24,85,62,1,10290,11,51,78,92,101
20151205 23:22,151,0,132,2,159,4,24,85,62,1,10290,11,50,78,92,101
20151205 23:23,158,3,137,2,158,6,24,85,62,1,10290,11,50,78,92,101
20151205 23:24,156,6,141,2,154,7,24,86,62,3,10291,11,50,77,92,101
20151205 23:25,154,7,143,3,155,8,23,86,62,2,10291,11,50,77,92,101
20151205 23:26,153,8,145,3,151,9,23,86,62,2,10292,11,50,77,92,101
20151205 23:27,152,8,147,4,153,8,23,86,62,2,10292,11,50,77,92,101
20151205 23:28,158,8,149,5,162,9,23,86,62,2,10292,11,50,77,92,101
20151205 23:29,170,8,154,5,177,9,23,87,63,4,10292,11,50,77,92,101
20151205 23:30,179,7,159,6,182,7,23,87,63,4,10292,10,49,77,92,101
20151205 23:31,181,7,163,6,181,8,23,87,63,4,10292,10,49,77,92,101
20151205 23:32,183,7,166,7,185,8,23,87,63,4,10291,10,49,77,92,101
20151205 23:33,186,4,169,7,187,4,23,87,63,4,10290,10,49,77,92,101
20151205 23:34,185,2,172,6,184,3,23,87,63,4,10290,10,49,77,92,101
20151205 23:35,184,1,175,6,184,2,23,87,63,4,10290,10,49,77,91,101
20151205 23:36,182,0,178,5,180,0,23,87,63,4,10290,10,49,77,91,101
20151205 23:37,173,0,179,4,166,0,23,87,63,4,10290,10,49,77,91,101
20151205 23:38,164,0,179,3,162,0,23,87,63,4,10290,9,49,76,91,101
20151205 23:39,159,0,177,3,157,0,23,87,63,4,10290,9,48,76,91,101
20151205 23:40,157,0,174,2,156,1,22,87,62,3,10290,9,48,76,91,101
20151205 23:41,161,3,173,2,166,8,22,88,63,4,10290,9,48,76,91,101
20151205 23:42,170,7,171,2,173,8,22,88,63,4,10290,9,48,76,91,101
20151205 23:43,178,7,171,2,183,8,22,88,63,4,10290,9,48,76,91,101
20151205 23:44,183,6,171,3,183,8,22,88,63,4,10290,9,48,76,91,101
20151205 23:45,177,6,170,3,171,7,22,88,63,4,10289,9,48,76,91,101
20151205 23:46,167,7,168,4,162,11,22,88,63,4,10288,9,48,76,91,101
20151205 23:47,158,9,167,5,154,10,22,88,63,4,10288,9,47,76,91,101
20151205 23:48,153,9,166,6,152,11,22,88,63,4,10287,8,47,76,91,101
20151205 23:49,153,9,165,7,154,10,22,88,63,4,10287,8,47,76,91,101
20151205 23:50,153,9,165,8,151,11,22,88,63,4,10287,8,47,76,91,101
20151205 23:51,154,9,164,8,157,9,21,88,63,3,10287,8,47,76,91,101
20151205 23:52,160,8,163,8,164,10,21,89,63,5,10287,8,47,76,91,100
20151205 23:53,166,8,161,8,167,9,21,89,63,5,10288,8,47,75,91,100
20151205 23:54,169,8,160,8,171,9,22,89,64,6,10288,8,47,75,91,100
20151205 23:55,168,8,160,9,166,9,22,89,64,6,10287,8,47,75,91,100
20151205 23:56,163,8,160,9,161,9,21,89,63,5,10287,7,47,75,91,100
20151205 23:57,158,8,160,8,154,9,21,90,64,6,10286,8,46,75,91,100
20151205 23:58,150,7,159,8,146,7,21,90,64,6,10286,7,46,75,91,100
20151205 23:59,143,5,158,7,141,5,21,90,64,6,10286,7,46,75,91,100
20151205 00:00,143,3,157,7,145,4,21,90,64,6,10286,7,46,75,91,100
20151205 00:01,145,4,156,6,144,5,21,90,64,6,10286,7,46,75,91,100
20151205 00:02,142,4,153,6,140,4,21,90,64,6,10285,7,46,75,91,100
20151205 00:03,142,3,151,5,143,3,20,90,63,5,10285,7,46,75,90,100
20151205 00:04,143,2,148,5,143,3,20,90,63,5,10285,7,46,75,90,100
20151205 00:05,146,1,147,4,150,2,20,89,63,4,10285,7,46,75,90,100
20151205 00:06,154,1,146,3,157,1,20,89,63,4,10284,7,46,75,90,100
20151205 00:07,160,0,147,3,162,0,20,89,63,4,10284,7,45,75,90,100
20151205 00:08,163,0,149,2,163,0,19,89,62,3,10284,7,45,74,90,100
20151205 00:09,167,0,152,2,171,0,19,89,62,3,10284,7,45,74,90,100
20151205 00:10,171,0,154,1,171,0,19,89,62,3,10283,7,45,74,90,100
20151205 00:11,167,0,156,1,163,0,19,89,62,3,10283,7,45,74,90,100
20151205 00:12,158,0,158,1,153,0,19,89,62,3,10283,6,45,74,90,100
20151205 00:13,150,0,158,0,148,0,19,90,63,4,10283,6,45,74,90,100
20151205 00:14,144,0,158,0,141,0,18,90,63,3,10283,6,45,74,90,100
20151205 00:15,138,0,156,0,134,0,18,90,63,3,10283,6,45,74,90,100
20151205 00:16,137,0,155,0,141,0,18,90,63,3,10284,6,45,74,90,100
20151205 00:17,149,0,154,0,158,0,18,90,63,3,10283,6,45,74,90,100
20151205 00:18,160,0,154,0,162,0,18,90,63,3,10283,6,44,74,90,100
20151205 00:19,167,0,154,0,172,4,18,91,63,5,10282,6,44,74,90,100
20151205 00:20,171,3,154,1,169,8,18,91,63,5,10282,6,44,74,90,100
20151205 00:21,166,7,154,1,164,8,18,91,63,5,10282,7,44,74,90,100
20151205 00:22,163,7,155,2,161,8,18,91,63,5,10282,7,44,74,90,100
20151205 00:23,162,6,156,3,162,6,18,91,63,5,10282,7,44,73,90,100
20151205 00:24,160,5,158,3,159,7,18,91,63,5,10283,7,44,73,90,100
20151205 00:25,161,5,161,4,163,5,17,91,63,4,10283,7,44,73,90,100
20151205 00:26,166,4,164,4,168,5,17,91,63,4,10283,7,44,73,90,100
20151205 00:27,176,3,166,4,183,3,17,91,63,4,10284,7,44,73,90,100
20151205 00:28,189,2,170,4,196,3,17,91,63,4,10284,7,44,73,89,100
20151205 00:29,203,1,173,4,211,2,17,91,63,4,10283,7,43,73,89,100
20151205 00:30,222,0,179,4,233,0,17,91,63,4,10283,7,43,73,89,100
20151205 00:31,233,0,186,3,232,0,17,92,64,5,10283,7,43,73,89,100
20151205 00:32,233,0,194,2,233,0,17,92,64,5,10283,7,43,73,89,100
20151205 00:33,237,0,202,2,241,0,17,92,64,5,10283,7,43,73,89,100
20151205 00:34,247,0,212,1,254,0,17,92,64,5,10283,7,43,73,89,99
20151205 00:35,263,0,223,1,273,0,17,92,64,5,10282,7,43,73,89,100
20151205 00:36,245,0,227,1,210,0,16,92,63,4,10281,7,43,73,89,100
20151205 00:37,190,0,226,0,175,0,17,92,64,5,10280,7,43,72,89,100
20151205 00:38,187,0,226,0,200,0,17,92,64,5,10280,7,43,72,89,99
20151205 00:39,248,0,234,0,291,0,17,93,64,7,10281,7,43,72,89,99
20151205 00:40,301,0,242,0,311,0,17,93,64,7,10281,7,43,72,89,99
20151205 00:41,319,0,251,0,327,0,17,93,64,7,10281,7,43,72,89,99
20151205 00:42,334,0,263,0,341,0,17,93,64,7,10281,7,43,72,89,99
20151205 00:43,341,0,277,0,342,0,17,93,64,7,10281,8,43,72,89,99
20151205 00:44,342,0,291,0,341,0,17,93,64,7,10281,8,42,72,89,99
20151205 00:45,337,0,302,0,332,0,17,93,64,7,10281,8,42,72,89,99
20151205 00:46,334,0,316,0,336,0,17,93,64,7,10282,8,42,72,89,99
20151205 00:47,338,0,324,0,339,0,17,93,64,7,10281,9,42,72,89,99
20151205 00:48,338,0,330,0,336,0,17,93,64,7,10281,9,42,72,89,99
20151205 00:49,334,0,334,0,332,0,17,93,64,7,10281,9,42,72,89,99
20151205 00:50,330,0,335,0,328,0,17,93,64,7,10281,9,42,72,89,99
20151205 00:51,327,0,335,0,326,0,17,93,64,7,10281,10,42,72,89,99
20151205 00:52,324,0,334,0,323,0,17,93,64,7,10281,10,42,71,89,99
20151205 00:53,322,0,332,0,322,0,17,94,65,8,10281,10,42,72,89,99
20151205 00:54,319,0,329,0,316,0,17,94,65,8,10282,10,42,71,88,99
20151205 00:55,312,0,327,0,308,0,17,94,65,8,10282,11,42,71,88,99
20151205 00:56,306,0,323,0,303,0,17,94,65,8,10282,11,42,71,88,99
20151205 00:57,298,0,319,0,293,0,17,94,65,8,10283,11,42,71,88,99
20151205 00:58,293,0,315,0,294,0,18,94,65,9,10283,11,42,71,88,99
20151205 00:59,295,0,311,0,295,0,18,94,65,9,10284,12,42,71,88,99
20151205 01:00,295,3,307,1,294,7,18,94,65,9,10284,12,42,71,88,99
20151205 01:01,297,6,305,1,300,7,18,94,65,9,10284,12,42,71,88,99
20151205 01:02,302,6,303,2,305,9,18,94,65,9,10284,12,42,71,88,99
20151205 01:03,307,8,302,3,310,10,18,94,65,9,10284,13,42,71,88,99
20151205 01:04,310,9,301,4,310,10,18,94,65,9,10284,13,42,71,88,99
20151205 01:05,311,9,302,5,312,10,18,94,65,9,10285,13,42,71,88,99
20151205 01:06,312,9,302,6,311,10,19,94,66,10,10285,13,42,71,88,99
20151205 01:07,308,10,304,7,306,11,19,94,66,10,10285,14,42,71,88,99
20151205 01:08,302,9,304,8,299,10,19,94,66,10,10286,14,42,71,88,99
20151205 01:09,296,7,304,8,292,8,19,94,66,10,10286,14,42,71,88,99
20151205 01:10,291,7,304,8,291,8,20,94,66,11,10286,15,42,70,88,99
20151205 01:11,286,7,302,8,281,7,20,94,66,11,10286,15,42,70,88,99
20151205 01:12,281,6,299,8,282,7,20,94,66,11,10285,15,42,70,88,99
20151205 01:13,282,6,297,8,282,6,21,94,67,12,10285,16,42,70,88,99
20151205 01:14,283,6,294,7,284,7,21,94,67,12,10285,16,42,70,88,99
20151205 01:15,284,6,291,7,284,7,21,94,67,12,10285,16,42,70,88,99
20151205 01:16,284,6,289,7,285,7,21,94,67,12,10285,16,42,70,88,99
20151205 01:17,287,6,287,6,290,8,21,93,66,11,10285,17,42,70,88,98
20151205 01:18,293,8,287,6,296,10,21,93,66,11,10286,17,42,70,87,98
20151205 01:19,297,9,287,7,298,10,22,93,67,12,10286,17,42,70,87,98
20151205 01:20,300,9,288,7,302,9,22,93,67,12,10286,18,42,70,87,98
20151205 01:21,301,7,290,7,301,8,22,93,67,12,10286,18,42,70,87,98
20151205 01:22,300,7,292,7,300,7,23,93,67,13,10287,18,42,70,87,98
20151205 01:23,300,6,294,7,301,7,23,93,67,13,10287,19,42,70,87,98
20151205 01:24,302,5,296,7,304,6,23,92,66,11,10287,19,42,70,87,98
20151205 01:25,305,5,298,7,305,7,23,92,66,11,10287,19,42,70,87,98
20151205 01:26,305,5,300,7,304,7,24,92,67,12,10287,20,42,70,87,98
20151205 01:27,304,5,302,6,304,6,24,92,67,12,10287,20,42,70,87,98
20151205 01:28,303,5,302,6,303,5,24,91,66,11,10287,20,42,70,87,98
20151205 01:29,303,4,303,6,304,5,25,91,67,12,10287,21,42,70,87,98
20151205 01:30,305,4,303,5,307,4,25,91,67,12,10286,21,42,69,87,98
20151205 01:31,306,3,304,5,305,3,25,90,66,10,10286,21,43,69,87,98
20151205 01:32,301,2,303,4,297,2,26,90,66,11,10285,21,43,69,87,98
20151205 01:33,290,2,302,4,282,4,26,90,66,11,10285,22,43,69,87,98
20151205 01:34,286,3,300,4,289,5,27,89,66,11,10286,22,43,69,87,98
20151205 01:35,288,5,298,4,286,6,27,89,66,11,10286,22,43,69,87,98
20151205 01:36,288,5,297,4,290,6,27,89,66,11,10286,23,43,69,87,98
20151205 01:37,291,5,296,4,292,5,27,88,65,9,10286,23,43,69,87,98
20151205 01:38,290,4,294,4,288,5,27,88,65,9,10285,23,43,69,87,98
20151205 01:39,283,2,291,3,278,1,27,88,65,9,10285,24,43,69,87,98
20151205 01:40,278,0,288,3,278,0,27,88,65,9,10285,24,43,69,87,98
20151205 01:41,278,0,286,3,279,0,27,89,66,11,10286,24,43,69,87,98
20151205 01:42,280,2,284,3,281,10,28,89,66,12,10287,24,43,69,86,98
20151205 01:43,283,7,285,4,286,11,28,89,66,12,10288,25,43,69,86,98
20151205 01:44,286,10,285,4,287,11,28,89,66,12,10288,25,43,69,86,98
20151205 01:45,287,9,285,5,287,9,29,88,66,11,10287,25,43,69,86,98
20151205 01:46,287,7,284,5,286,7,29,88,66,11,10286,25,44,69,86,98
20151205 01:47,285,5,283,5,284,5,29,88,66,11,10285,26,44,69,86,98
20151205 01:48,286,4,283,5,287,4,29,88,66,11,10284,26,44,69,86,98
20151205 01:49,290,4,285,5,292,5,29,89,67,13,10285,26,44,69,86,98
20151205 01:50,294,5,286,6,295,7,29,88,66,11,10285,26,44,69,86,98
20151205 01:51,294,6,288,6,292,7,29,88,66,11,10286,26,44,69,86,98
20151205 01:52,288,7,288,7,285,8,30,88,67,12,10285,26,44,69,86,98
20151205 01:53,282,7,287,6,280,8,30,88,67,12,10285,27,44,69,86,98
20151205 01:54,277,7,286,6,275,7,30,88,67,12,10284,27,44,69,86,98
20151205 01:55,271,6,284,6,266,6,31,88,67,13,10284,27,44,69,86,98
20151205 01:56,267,6,282,6,267,6,31,88,67,13,10284,27,44,69,86,97
20151205 01:57,263,5,280,6,259,6,31,88,67,13,10284,27,44,69,86,97
20151205 01:58,257,4,277,6,254,4,31,87,66,11,10283,28,44,69,86,97
20151205 01:59,245,3,271,6,235,3,31,87,66,11,10282,28,45,69,86,97
20151205 02:00,224,1,263,5,213,0,32,87,67,12,10281,28,45,69,86,97
20151205 02:01,205,0,254,4,198,0,32,88,68,14,10281,28,45,68,86,97
20151205 02:02,189,0,244,4,180,0,32,88,68,14,10281,28,45,69,86,97
20151205 02:03,181,1,234,3,182,4,32,88,68,14,10280,28,45,68,86,97
20151205 02:04,189,2,225,3,197,3,32,88,68,14,10281,28,45,68,86,97
20151205 02:05,211,4,221,3,226,5,32,88,68,14,10281,28,45,68,86,97
20151205 02:06,232,4,218,2,239,4,32,88,68,14,10281,28,45,68,86,97
20151205 02:07,242,4,217,2,246,5,32,88,68,14,10281,28,45,68,86,97
20151205 02:08,246,5,216,3,246,6,32,88,68,14,10282,29,45,68,86,97
20151205 02:09,247,6,218,3,248,8,32,88,68,14,10282,29,45,68,86,97
20151205 02:10,246,7,221,4,243,8,33,88,68,15,10282,29,45,68,85,97
20151205 02:11,247,7,227,4,251,7,33,88,68,15,10282,29,46,68,85,97
20151205 02:12,251,6,234,5,251,8,33,88,68,15,10282,29,46,68,85,97
20151205 02:13,252,7,240,5,253,8,33,88,68,15,10282,29,46,68,85,97
20151205 02:14,254,7,246,6,256,8,33,88,68,15,10283,29,46,68,85,97
20151205 02:15,262,6,250,6,268,7,33,88,68,15,10283,29,46,68,85,97
20151205 02:16,276,5,254,6,283,7,33,88,68,15,10283,29,46,68,85,97
20151205 02:17,283,6,258,6,284,9,33,88,68,15,10283,29,46,68,85,97
20151205 02:18,283,7,262,7,283,9,34,89,69,18,10283,29,46,68,85,97
20151205 02:19,280,9,265,7,277,10,34,89,69,18,10283,30,46,68,85,97
20151205 02:20,276,9,268,7,274,10,34,88,69,16,10283,30,46,68,85,97
20151205 02:21,276,9,271,7,279,10,34,88,69,16,10283,30,46,68,85,97
20151205 02:22,280,10,274,8,282,12,34,88,69,16,10283,30,46,68,85,97
20151205 02:23,283,10,277,8,283,11,34,88,69,16,10283,30,46,68,85,97
20151205 02:24,285,10,280,8,286,11,34,88,69,16,10284,31,46,68,85,97
20151205 02:25,288,10,282,9,290,11,34,88,69,16,10284,31,47,68,85,97
20151205 02:26,292,7,283,9,294,7,35,88,69,17,10284,31,47,68,85,97
20151205 02:27,296,6,285,9,299,8,35,88,69,17,10284,31,47,68,85,97
20151205 02:28,299,5,286,8,299,7,35,88,69,17,10283,32,47,68,85,97
20151205 02:29,298,4,288,8,297,4,35,87,68,15,10282,32,47,68,85,97
20151205 02:30,296,4,290,7,294,5,35,87,68,15,10282,32,47,68,85,97
20151205 02:31,291,6,291,7,288,8,35,87,68,15,10282,32,47,68,85,97
20151205 02:32,289,7,292,7,289,8,36,86,68,15,10282,33,47,68,85,97
20151205 02:33,289,8,292,7,289,9,36,86,68,15,10283,33,47,68,85,97
20151205 02:34,291,9,293,7,292,10,36,85,67,13,10283,33,47,68,85,97
20151205 02:35,292,9,293,7,292,10,36,85,67,13,10283,33,47,68,85,96
20151205 02:36,293,9,293,7,294,10,36,85,67,13,10283,33,47,68,85,96
20151205 02:37,295,7,293,7,296,9,36,84,66,12,10282,34,47,68,85,96
20151205 02:38,302,7,294,7,307,10,36,84,66,12,10282,34,47,68,85,96
20151205 02:39,308,9,295,8,310,11,36,84,66,12,10282,34,47,68,85,96
20151205 02:40,313,10,297,9,317,12,37,85,68,14,10282,34,48,68,85,96
20151205 02:41,319,12,301,9,321,14,37,85,68,14,10281,34,48,68,85,96
20151205 02:42,320,12,304,10,319,14,37,85,68,14,10281,35,48,68,85,96
20151205 02:43,319,12,307,10,320,14,38,85,68,15,10281,35,48,68,85,96
20151205 02:44,319,12,309,10,318,13,38,84,67,13,10282,35,48,68,85,96
20151205 02:45,314,12,311,11,311,14,38,84,67,13,10282,35,48,68,85,96
20151205 02:46,312,12,313,11,314,13,39,83,67,13,10282,35,48,68,84,96
20151205 02:47,315,11,315,11,316,11,39,83,67,13,10282,36,48,68,84,96
20151205 02:48,317,10,317,11,319,11,39,82,66,11,10282,36,48,68,84,96
20151205 02:49,318,9,317,11,318,10,40,81,66,10,10281,36,48,68,84,96
20151205 02:50,317,8,317,11,316,11,40,80,65,9,10281,36,48,68,84,96
20151205 02:51,314,8,316,11,313,9,40,80,65,9,10281,36,48,68,84,96
20151205 02:52,311,7,315,10,309,10,40,79,64,7,10282,36,48,68,84,96
20151205 02:53,307,7,314,9,304,8,41,79,65,8,10282,36,49,68,84,96
20151205 02:54,303,6,312,9,302,6,41,79,65,8,10282,37,49,68,84,96
20151205 02:55,304,6,312,8,306,9,41,78,64,6,10282,37,49,68,84,96
20151205 02:56,309,6,312,7,312,7,42,77,63,5,10282,37,49,68,84,96
20151205 02:57,313,4,311,7,315,6,42,76,63,4,10282,37,49,68,84,96
20151205 02:58,319,2,312,6,323,2,42,76,63,4,10282,37,49,68,84,96
20151205 02:59,333,0,314,5,344,0,42,76,63,4,10282,37,49,68,84,96
20151205 03:00,2,0,320,4,21,0,42,77,63,5,10281,37,49,68,84,96
20151205 03:01,43,0,327,4,67,0,42,78,64,7,10281,37,49,68,84,96
20151205 03:02,82,0,337,3,97,0,42,80,66,11,10281,38,49,68,84,96
20151205 03:03,92,0,353,2,87,0,42,80,66,11,10281,38,49,68,84,96
20151205 03:04,78,0,11,2,70,0,42,79,65,9,10281,38,49,68,84,96
20151205 03:05,59,0,26,1,48,0,42,79,65,9,10281,38,49,68,84,96
20151205 03:06,30,0,30,1,0,0,43,79,66,10,10281,38,50,68,84,96
20151205 03:07,298,0,32,0,266,0,43,78,65,8,10281,38,50,68,84,96
20151205 03:08,265,0,34,0,264,0,43,76,63,4,10280,38,50,68,84,96
20151205 03:09,264,0,33,0,264,1,44,75,63,4,10280,38,50,68,84,96
20151205 03:10,269,0,16,0,274,0,44,75,63,4,10279,38,50,68,84,96
20151205 03:11,275,0,324,0,275,0,44,76,64,5,10279,38,50,68,84,96
20151205 03:12,275,0,301,0,274,0,44,77,64,7,10278,38,50,68,84,96
20151205 03:13,272,0,290,0,270,0,43,78,65,8,10278,38,50,68,84,96
20151205 03:14,267,0,282,0,264,0,43,79,66,10,10278,38,50,68,84,96
20151205 03:15,265,0,275,0,265,0,43,79,66,10,10278,38,50,68,84,95
20151205 03:16,266,1,268,0,266,8,43,80,66,12,10278,38,50,68,84,95
20151205 03:17,265,6,268,1,265,9,43,81,67,13,10279,38,50,68,84,95
20151205 03:18,265,9,268,2,265,9,43,82,68,15,10279,38,50,68,84,95
20151205 03:19,263,9,268,3,261,9,43,82,68,15,10279,38,50,68,84,95
20151205 03:20,258,7,266,4,255,8,43,81,67,13,10278,38,51,68,84,95
20151205 03:21,251,5,263,4,247,5,43,81,67,13,10278,38,51,68,84,95
20151205 03:22,246,3,260,4,246,4,43,81,67,13,10278,38,51,68,84,95
20151205 03:23,244,1,258,4,242,0,43,81,67,13,10278,38,51,68,84,95
20151205 03:24,225,0,252,4,208,0,43,81,67,13,10278,38,51,68,84,95
20151205 03:25,184,0,244,4,160,0,43,80,66,12,10278,38,51,68,84,95
20151205 03:26,165,0,235,4,171,0,44,80,67,13,10278,38,51,68,84,95
20151205 03:27,175,0,225,3,179,0,44,79,66,11,10277,38,51,68,84,95
20151205 03:28,173,0,214,2,166,0,44,79,66,11,10277,38,51,68,84,95
20151205 03:29,163,0,203,1,159,1,44,78,65,9,10277,38,51,68,84,95
20151205 03:30,170,0,195,1,181,0,44,79,66,11,10277,38,51,68,84,95
20151205 03:31,182,0,188,0,184,0,44,79,66,11,10277,38,51,68,84,95
20151205 03:32,190,0,184,0,196,0,44,79,66,11,10277,38,51,68,84,95
20151205 03:33,205,0,182,0,214,0,44,80,67,13,10277,38,51,68,84,95
20151205 03:34,216,0,183,0,219,0,44,80,67,13,10277,38,51,68,84,95
20151205 03:35,222,0,189,0,224,0,44,80,67,13,10277,39,51,68,84,95
20151205 03:36,225,0,195,0,227,0,44,80,67,13,10277,39,51,68,84,95
20151205 03:37,227,0,200,0,228,0,44,80,67,13,10278,39,51,68,84,95
20151205 03:38,231,0,207,0,233,0,44,80,67,13,10278,39,52,68,84,95
20151205 03:39,251,0,217,0,269,0,44,80,67,13,10278,39,51,69,84,95
20151205 03:40,286,0,228,0,302,0,44,80,67,13,10278,39,52,69,83,95
20151205 03:41,313,0,240,0,324,0,44,81,68,14,10278,39,52,69,83,95
20151205 03:42,327,0,254,0,329,0,44,82,69,16,10278,39,52,69,83,95
20151205 03:43,344,0,268,0,0,0,43,82,68,15,10277,39,52,69,83,95
20151205 03:44,23,0,283,0,44,0,43,82,68,15,10277,39,52,69,83,95
20151205 03:45,60,0,302,0,76,0,44,83,69,18,10277,39,52,69,83,95
20151205 03:46,86,0,326,0,97,0,44,83,69,18,10277,39,52,69,83,95
20151205 03:47,106,0,357,0,114,0,44,83,69,18,10277,39,52,69,83,95
20151205 03:48,116,0,26,0,119,0,44,83,69,18,10277,39,52,69,83,95
20151205 03:49,122,0,52,0,126,0,44,84,70,19,10277,39,52,69,83,95
20151205 03:50,121,0,73,0,117,0,44,84,70,19,10277,40,52,69,83,95
20151205 03:51,106,0,84,0,94,0,44,84,70,19,10277,40,52,69,83,95
20151205 03:52,84,0,89,0,73,0,44,84,70,19,10277,40,52,69,83,95
20151205 03:53,70,0,93,0,67,0,44,84,70,19,10277,40,52,69,83,95
20151205 03:54,65,0,95,0,64,0,44,84,70,19,10277,40,52,69,83,95
20151205 03:55,62,0,93,0,59,0,44,84,70,19,10277,40,52,69,83,95
20151205 03:56,59,0,89,0,59,0,44,84,70,19,10277,40,52,69,83,95
20151205 03:57,58,0,83,0,57,2,44,85,71,21,10277,40,52,69,83,95
20151205 03:58,55,2,76,0,53,4,44,85,71,21,10277,40,52,69,83,95
20151205 03:59,53,4,69,1,54,6,44,85,71,21,10276,40,52,69,83,95
20151205 04:00,53,5,63,1,53,8,44,86,72,23,10276,40,52,69,83,95
20151205 04:01,49,7,58,2,44,9,44,86,72,23,10275,40,52,69,83,95
20151205 04:02,45,8,56,3,45,9,44,85,71,21,10275,41,52,69,83,95
20151205 04:03,43,8,53,4,40,8,44,85,71,21,10275,41,53,69,83,95
20151205 04:04,40,8,50,5,39,8,44,85,71,21,10275,41,53,69,83,95
20151205 04:05,38,8,48,6,37,8,44,85,71,21,10275,41,53,69,83,95
20151205 04:06,38,7,46,6,39,7,44,84,70,19,10275,41,53,69,83,95
20151205 04:07,42,7,45,7,45,8,44,84,70,19,10275,41,53,69,83,95
20151205 04:08,46,7,44,7,47,9,44,84,70,19,10275,41,53,69,83,95
20151205 04:09,50,7,44,7,53,9,44,84,70,19,10275,41,53,69,83,95
20151205 04:10,50,6,44,7,48,8,44,85,71,21,10276,42,53,69,83,94
20151205 04:11,47,5,44,7,47,6,44,85,71,21,10276,42,53,69,83,94
20151205 04:12,47,4,44,7,47,5,45,85,72,22,10276,42,53,69,83,94
20151205 04:13,49,3,45,6,51,4,45,85,72,22,10276,42,53,69,83,94
20151205 04:14,52,3,47,5,53,5,45,85,72,22,10276,42,53,69,83,94
20151205 04:15,57,3,49,5,61,4,45,84,71,20,10276,42,53,69,83,94
20151205 04:16,61,3,51,5,60,4,45,84,71,20,10276,42,53,69,83,94
20151205 04:17,62,3,53,4,64,4,45,84,71,20,10276,42,53,69,83,94
20151205 04:18,69,3,56,4,74,4,45,84,71,20,10276,42,53,69,83,94
20151205 04:19,77,4,58,4,80,5,45,84,71,20,10276,42,53,69,83,94
20151205 04:20,84,4,63,3,89,5,45,84,71,20,10275,42,53,69,83,94
20151205 04:21,90,5,67,3,92,6,45,84,71,20,10275,43,53,69,83,94
20151205 04:22,97,6,73,4,102,8,45,84,71,20,10274,43,53,69,83,94
20151205 04:23,103,8,78,4,104,9,45,85,72,22,10274,43,53,69,83,94
20151205 04:24,103,9,83,5,103,10,45,84,71,20,10274,43,53,69,83,94
20151205 04:25,101,9,87,6,99,10,45,84,71,20,10274,43,53,69,83,94
20151205 04:26,98,9,90,6,97,10,46,83,70,20,10274,43,54,69,83,94
20151205 04:27,93,9,93,7,89,11,46,82,70,18,10274,43,54,69,83,94
20151205 04:28,85,10,94,8,80,12,46,82,70,18,10274,43,54,69,83,94
20151205 04:29,78,10,93,8,75,12,46,83,70,20,10273,43,54,69,83,94
20151205 04:30,74,9,91,9,73,10,46,83,70,20,10273,43,54,69,83,94
20151205 04:31,70,7,89,9,68,8,46,84,71,21,10273,43,54,69,83,94
20151205 04:32,68,6,86,9,69,7,46,84,71,21,10272,43,54,69,83,94
20151205 04:33,71,6,83,8,73,8,46,84,71,21,10272,43,54,69,83,94
20151205 04:34,73,6,80,8,73,8,46,84,71,21,10273,43,54,69,83,94
20151205 04:35,77,6,78,8,80,7,46,84,71,21,10273,43,54,69,83,94
20151205 04:36,82,6,76,8,83,8,46,84,71,21,10273,43,54,69,83,94
20151205 04:37,85,6,76,7,87,8,46,84,71,21,10273,43,54,69,83,94
20151205 04:38,91,6,77,7,94,7,46,84,71,21,10274,43,54,69,83,94
20151205 04:39,96,6,80,7,98,8,46,84,71,21,10274,43,54,69,83,94
20151205 04:40,101,7,83,6,105,7,47,84,72,22,10275,43,54,69,83,94
20151205 04:41,120,6,89,6,136,6,47,84,72,22,10275,43,54,69,83,94
20151205 04:42,141,5,97,6,146,7,47,84,72,22,10276,43,54,69,83,94
20151205 04:43,145,5,104,6,145,6,47,83,71,21,10276,43,54,69,83,94
20151205 04:44,146,4,112,6,148,4,47,82,70,19,10276,43,54,69,83,94
20151205 04:45,149,3,119,5,151,3,47,82,70,19,10275,43,54,69,83,94
20151205 04:46,158,2,128,5,164,2,47,81,69,17,10275,43,54,69,83,94
20151205 04:47,163,2,135,4,162,3,48,81,70,18,10275,43,55,69,83,94
20151205 04:48,159,3,142,4,155,5,48,81,70,18,10275,43,55,69,83,94
20151205 04:49,149,4,146,4,144,6,48,81,70,18,10275,43,55,69,83,94
20151205 04:50,139,5,148,4,134,6,48,81,70,18,10274,43,55,69,83,94
20151205 04:51,131,5,148,4,128,6,48,81,70,18,10274,43,55,69,83,94
20151205 04:52,129,6,146,4,131,8,48,81,70,18,10274,43,55,69,83,94
20151205 04:53,131,7,145,4,131,8,48,82,70,20,10274,43,55,69,83,94
20151205 04:54,133,7,143,5,135,8,48,82,70,20,10273,43,55,69,83,94
20151205 04:55,135,6,142,5,136,7,48,83,71,22,10273,43,55,70,83,94
20151205 04:56,137,5,139,5,138,5,48,83,71,22,10273,43,55,70,83,94
20151205 04:57,138,4,137,5,137,4,48,83,71,22,10274,43,55,70,83,94
20151205 04:58,131,3,134,5,126,3,48,83,71,22,10274,43,55,70,83,94
20151205 04:59,124,2,132,5,122,2,48,83,71,22,10274,44,55,70,83,94
20151205 05:00,125,1,131,4,128,1,48,83,71,22,10274,44,55,70,83,94
20151205 05:01,136,0,133,4,144,0,48,83,71,22,10275,44,55,70,83,94
20151205 05:02,152,0,136,3,161,0,48,83,71,22,10276,44,55,70,83,94
20151205 05:03,162,0,139,2,163,0,48,83,71,22,10276,44,55,70,83,94
20151205 05:04,160,0,141,2,157,0,48,84,72,23,10276,44,55,70,83,94
20151205 05:05,154,0,143,1,151,0,48,84,72,23,10276,44,55,70,83,94
20151205 05:06,148,0,143,1,145,0,48,85,73,25,10276,44,55,70,83,94
20151205 05:07,144,0,144,0,142,0,48,85,73,25,10276,45,55,70,83,94
20151205 05:08,145,0,146,0,148,0,48,85,73,25,10276,45,55,70,83,94
20151205 05:09,151,1,149,0,154,5,49,85,74,26,10276,45,55,70,83,94
20151205 05:10,152,3,151,1,150,5,49,85,74,26,10276,45,55,70,83,94
20151205 05:11,150,4,152,1,150,6,49,85,74,26,10276,45,55,70,83,94
20151205 05:12,148,4,151,2,147,5,49,85,74,26,10275,45,55,70,83,94
20151205 05:13,143,4,148,2,140,5,49,85,74,26,10275,45,55,70,83,94
20151205 05:14,137,4,146,2,134,6,49,85,74,26,10275,45,55,70,83,94
20151205 05:15,133,5,144,3,131,6,49,85,74,26,10276,45,55,70,83,94
20151205 05:16,134,5,143,3,137,5,49,85,74,26,10276,46,55,70,83,94
20151205 05:17,141,4,144,4,145,6,49,85,74,26,10276,46,55,70,83,94
20151205 05:18,144,4,143,4,143,4,49,85,74,26,10276,46,56,70,83,94
20151205 05:19,144,3,142,4,144,3,49,85,74,26,10277,46,56,70,83,94
20151205 05:20,144,1,141,4,143,1,49,85,74,26,10277,46,56,70,83,94
20151205 05:21,136,0,139,3,130,0,49,85,74,26,10277,46,56,70,83,94
20151205 05:22,133,0,138,3,137,0,49,85,74,26,10276,46,56,70,83,94
20151205 05:23,138,0,138,2,139,0,49,85,74,26,10276,46,56,70,83,94
20151205 05:24,140,0,139,2,140,0,49,85,74,26,10276,46,56,70,83,94
20151205 05:25,139,0,140,1,137,0,49,86,74,28,10276,46,56,70,83,94
20151205 05:26,135,0,139,1,132,0,49,86,74,28,10276,47,56,70,83,94
20151205 05:27,130,0,137,1,129,0,49,87,75,29,10276,47,56,70,83,94
20151205 05:28,117,0,134,0,105,0,49,87,75,29,10276,47,56,70,83,94
20151205 05:29,82,0,127,0,58,0,50,86,75,29,10277,47,56,70,83,94
20151205 05:30,33,0,118,0,11,0,50,86,75,29,10277,47,56,70,83,94
20151205 05:31,9,0,108,0,8,0,50,86,75,29,10277,47,56,70,83,93
20151205 05:32,14,0,94,0,21,0,50,87,76,30,10277,47,56,70,83,93
20151205 05:33,30,0,79,0,39,0,50,87,76,30,10278,47,56,70,83,93
20151205 05:34,53,0,70,0,68,0,50,87,76,30,10278,47,56,70,83,93
20151205 05:35,80,0,65,0,91,0,50,87,76,30,10278,47,56,70,83,93
20151205 05:36,87,0,61,0,82,0,50,87,76,30,10278,47,56,70,83,93
20151205 05:37,79,0,56,0,75,0,50,86,75,29,10278,47,56,70,83,93
20151205 05:38,65,0,51,0,54,0,50,86,75,29,10278,47,56,70,83,93
20151205 05:39,51,0,50,0,48,0,50,86,75,29,10278,47,56,70,83,93
20151205 05:40,52,0,54,0,55,0,50,86,75,29,10278,47,57,70,83,93
20151205 05:41,61,0,60,0,67,0,50,86,75,29,10278,48,57,70,83,93
20151205 05:42,75,0,66,0,84,0,50,86,75,29,10278,48,57,70,83,93
20151205 05:43,81,0,70,0,78,0,50,86,75,29,10278,48,57,70,83,93
20151205 05:44,76,0,71,0,73,4,50,86,75,29,10278,48,57,70,83,93
20151205 05:45,71,3,69,1,69,5,50,86,75,29,10278,48,57,70,83,93
20151205 05:46,67,4,67,1,66,4,50,87,76,30,10278,48,57,70,83,93
20151205 05:47,62,1,65,1,58,1,50,87,76,30,10278,48,57,70,83,93
20151205 05:48,61,0,66,1,63,0,50,87,76,30,10279,48,57,70,83,93
20151205 05:49,71,0,69,1,79,0,50,87,76,30,10279,48,57,70,83,93
20151205 05:50,85,0,73,1,90,0,50,88,77,32,10279,48,57,70,83,93
20151205 05:51,94,0,76,1,98,0,50,88,77,32,10279,48,57,70,83,93
20151205 05:52,89,0,75,1,80,0,51,88,77,33,10279,48,57,70,83,93
20151205 05:53,64,0,72,1,47,0,51,87,76,31,10279,48,57,70,83,93
20151205 05:54,39,0,68,1,31,0,51,87,76,31,10279,48,57,70,83,93
20151205 05:55,27,0,64,0,24,0,51,88,77,33,10280,48,57,70,83,93
20151205 05:56,28,0,60,0,33,0,51,88,77,33,10280,48,57,70,83,93
20151205 05:57,36,0,58,0,38,0,51,88,77,33,10280,48,57,70,83,93
20151205 05:58,40,0,56,0,42,0,51,88,77,33,10279,48,57,70,83,93
20151205 05:59,44,0,52,0,46,0,51,89,78,34,10279,48,57,70,83,93
20151205 06:00,44,0,48,0,43,0,51,89,78,34,10279,48,57,70,83,93
20151205 06:01,40,0,42,0,37,0,51,89,78,34,10279,49,57,71,83,93
20151205 06:02,29,0,36,0,21,0,51,89,78,34,10280,49,57,70,83,93
20151205 06:03,20,0,33,0,19,0,51,89,78,34,10280,49,57,70,83,93
20151205 06:04,16,0,32,0,14,0,51,89,78,34,10280,49,58,71,83,93
20151205 06:05,14,1,31,0,14,2,51,90,79,36,10280,49,58,71,83,93
20151205 06:06,16,2,29,0,19,4,51,90,79,36,10280,49,58,71,83,93
20151205 06:07,23,3,28,1,27,4,51,90,79,36,10280,49,58,71,83,93
20151205 06:08,31,4,27,1,35,4,51,90,79,36,10280,49,58,71,83,93
20151205 06:09,33,3,26,1,31,4,51,90,79,36,10280,49,58,71,83,93
20151205 06:10,29,3,24,2,26,4,51,90,79,36,10280,49,58,71,83,93
20151205 06:11,23,4,23,2,20,5,51,90,79,36,10281,49,58,71,83,93
20151205 06:12,16,4,22,2,12,4,51,90,79,36,10281,49,58,71,83,93
20151205 06:13,14,3,21,3,17,3,51,90,79,36,10281,49,58,71,83,93
20151205 06:14,18,3,22,3,20,4,51,90,79,36,10281,49,58,71,83,93
20151205 06:15,18,3,22,3,16,3,51,90,79,36,10280,49,58,71,83,93
20151205 06:16,12,1,21,3,8,1,51,90,79,36,10280,49,58,71,83,93
20151205 06:17,11,0,20,3,13,0,51,90,79,36,10280,49,58,71,83,93
20151205 06:18,14,0,18,2,15,0,51,90,79,36,10280,49,58,71,83,93
20151205 06:19,19,0,17,2,22,0,51,90,79,36,10280,49,58,71,83,93
20151205 06:20,25,1,17,2,29,5,52,90,80,37,10280,49,58,71,83,93
20151205 06:21,32,3,19,2,35,6,52,90,80,37,10280,49,58,71,83,93
20151205 06:22,36,4,21,2,38,5,52,90,80,37,10280,49,58,71,83,93
20151205 06:23,39,2,24,2,41,3,52,90,80,37,10280,49,58,71,83,93
20151205 06:24,46,0,27,2,51,0,52,90,80,37,10281,49,58,71,83,93
20151205 06:25,61,0,32,1,71,0,52,89,79,35,10281,49,58,71,83,93
20151205 06:26,95,0,41,1,120,0,52,89,79,35,10281,49,58,71,83,93
20151205 06:27,119,0,52,1,118,0,52,89,79,35,10281,49,58,71,83,93
20151205 06:28,121,0,63,1,124,0,52,89,79,35,10281,50,58,71,83,93
20151205 06:29,131,0,75,1,138,0,52,89,79,35,10282,50,58,71,83,93
20151205 06:30,146,0,89,1,153,0,52,88,78,34,10282,50,59,71,83,93
20151205 06:31,163,0,104,1,174,0,52,88,78,34,10282,50,59,71,83,93
20151205 06:32,174,0,119,0,174,0,52,88,78,34,10282,50,59,71,83,93
20151205 06:33,174,0,132,0,173,0,52,88,78,34,10282,50,59,71,83,93
20151205 06:34,167,0,142,0,161,0,52,88,78,34,10282,50,59,71,83,93
20151205 06:35,157,0,149,0,152,0,52,89,79,35,10282,50,59,71,83,93
20151205 06:36,150,0,152,0,148,0,52,89,79,35,10282,50,59,71,83,93
20151205 06:37,150,0,155,0,151,0,52,89,79,35,10282,50,59,71,83,93
20151205 06:38,147,0,157,0,142,0,52,89,79,35,10282,50,59,71,83,93
20151205 06:39,135,0,156,0,128,0,52,88,78,34,10282,50,59,71,83,93
20151205 06:40,122,0,152,0,117,0,52,88,78,34,10282,50,59,71,83,93
20151205 06:41,118,0,147,0,119,0,52,88,78,34,10282,50,59,71,83,93
20151205 06:42,122,0,142,0,126,0,52,88,78,34,10282,51,59,71,83,93
20151205 06:43,127,0,137,0,128,0,52,88,78,34,10282,51,59,71,83,93
20151205 06:44,124,0,133,0,120,0,52,88,78,34,10282,51,59,71,83,93
20151205 06:45,124,0,131,0,127,0,52,88,78,34,10282,51,59,71,83,93
20151205 06:46,128,0,129,0,129,0,52,88,78,34,10282,51,59,71,83,93
20151205 06:47,130,0,127,0,131,0,52,88,78,34,10282,51,59,71,83,93
20151205 06:48,127,0,125,0,123,0,53,88,78,35,10282,51,59,71,83,93
20151205 06:49,119,0,124,0,116,0,53,88,78,35,10282,51,59,71,83,93
20151205 06:50,116,0,124,0,116,0,53,88,78,35,10282,51,59,71,83,93
20151205 06:51,102,0,121,0,88,0,53,88,78,35,10282,52,59,71,83,93
20151205 06:52,82,0,116,0,75,0,53,88,78,35,10282,52,59,71,83,93
20151205 06:53,74,0,110,0,73,0,53,89,79,36,10282,52,59,71,83,93
20151205 06:54,56,0,103,0,38,0,53,89,79,36,10282,52,59,71,83,93
20151205 06:55,34,0,93,0,29,0,53,89,79,36,10281,52,59,71,83,93
20151205 06:56,48,0,86,0,67,0,53,89,79,36,10281,52,59,71,83,93
20151205 06:57,81,0,82,0,95,0,53,89,79,36,10280,53,59,71,83,93
20151205 06:58,103,0,81,0,112,0,53,89,79,36,10280,53,59,71,83,93
20151205 06:59,117,0,82,0,122,0,53,89,79,36,10280,53,59,71,83,93
20151205 07:00,124,0,83,0,125,0,54,89,80,37,10280,53,60,71,83,93
20151205 07:01,122,0,86,0,118,0,54,89,80,37,10280,53,60,71,83,93
20151205 07:02,115,0,90,0,112,0,54,89,80,37,10280,53,60,71,83,93
20151205 07:03,108,0,94,0,104,0,54,88,79,36,10279,53,60,71,83,93
20151205 07:04,106,1,101,0,107,6,54,88,79,36,10279,53,60,71,83,93
20151205 07:05,106,4,107,1,105,6,54,88,79,36,10279,53,60,72,83,93
20151205 07:06,105,6,110,2,104,7,55,88,79,37,10279,54,60,72,83,93
20151205 07:07,107,7,112,2,111,8,55,89,80,38,10279,54,60,72,83,93
20151205 07:08,116,8,113,3,122,8,55,88,79,37,10279,54,60,72,83,93
20151205 07:09,125,8,113,4,127,9,55,88,79,37,10279,54,60,72,83,93
20151205 07:10,127,8,114,5,128,9,55,87,79,35,10280,54,60,72,83,93
20151205 07:11,130,8,115,5,133,8,55,87,79,35,10280,54,60,72,83,93
20151205 07:12,135,8,118,6,138,8,55,87,79,35,10280,54,60,72,83,93
20151205 07:13,138,7,121,7,139,8,56,86,78,34,10281,55,60,72,83,93
20151205 07:14,139,7,125,7,138,7,56,86,78,34,10281,55,60,72,83,93
20151205 07:15,135,6,127,7,132,6,56,86,78,34,10280,55,60,72,83,93
20151205 07:16,129,5,129,7,125,5,56,86,78,34,10280,55,60,72,83,93
20151205 07:17,121,4,130,7,116,4,56,86,78,34,10279,56,60,72,83,93
20151205 07:18,115,4,129,6,115,6,56,86,78,34,10279,56,61,72,83,93
20151205 07:19,118,4,129,6,121,5,56,85,77,33,10279,56,61,72,83,93
20151205 07:20,122,4,128,5,124,5,56,85,77,33,10279,57,61,72,83,93
20151205 07:21,124,3,127,5,123,4,56,85,77,33,10279,57,61,72,83,93
20151205 07:22,127,2,126,4,130,3,56,84,76,31,10279,57,61,72,83,93
20151205 07:23,131,2,126,4,132,2,56,84,76,31,10280,58,61,72,83,93
20151205 07:24,137,2,126,3,142,2,56,84,76,31,10281,58,61,72,83,93
20151205 07:25,148,1,128,3,154,0,56,84,76,31,10281,58,61,72,83,93
20151205 07:26,153,0,131,3,153,0,56,84,76,31,10281,58,61,72,83,93
20151205 07:27,150,0,134,2,148,0,56,84,76,31,10281,58,61,72,83,93
20151205 07:28,141,0,136,2,134,0,56,84,76,31,10280,58,61,72,83,93
20151205 07:29,128,0,136,1,121,0,56,84,76,31,10280,58,61,72,83,93
20151205 07:30,114,0,134,1,107,0,56,84,76,31,10280,58,61,72,83,93
20151205 07:31,106,0,133,1,104,0,57,85,78,34,10280,58,61,72,83,93
20151205 07:32,100,0,129,0,96,0,57,84,77,32,10280,59,61,72,83,93
20151205 07:33,93,0,125,0,90,0,57,84,77,32,10281,59,61,72,83,93
20151205 07:34,91,0,120,0,92,0,57,84,77,32,10281,59,62,72,83,93
20151205 07:35,87,0,112,0,81,0,57,83,76,30,10281,59,62,72,83,93
20151205 07:36,77,0,104,0,72,0,57,83,76,30,10282,59,62,72,83,93
20151205 07:37,63,0,95,0,54,0,57,83,76,30,10282,60,62,72,83,93
20151205 07:38,48,0,86,0,41,0,57,83,76,30,10283,60,62,72,83,93
20151205 07:39,39,0,78,0,37,0,57,83,76,30,10283,60,62,72,83,93
20151205 07:40,33,0,70,0,29,0,57,83,76,30,10283,60,62,72,83,93
20151205 07:41,36,0,63,0,42,0,58,82,76,30,10282,61,62,72,83,93
20151205 07:42,46,0,59,0,50,0,58,82,76,30,10282,61,62,72,83,93
20151205 07:43,51,0,55,0,52,0,58,81,75,28,10283,61,62,72,83,93
20151205 07:44,51,0,51,0,51,0,58,81,75,28,10283,62,62,72,83,93
20151205 07:45,43,0,46,0,35,0,58,81,75,28,10284,62,62,72,83,93
20151205 07:46,23,0,40,0,11,0,58,80,74,26,10284,62,63,72,83,93
20151205 07:47,354,0,33,0,338,0,58,80,74,26,10285,62,63,72,83,93
20151205 07:48,338,0,27,0,338,0,58,80,74,26,10286,62,63,72,83,93
20151205 07:49,339,0,21,0,340,0,58,80,74,26,10287,63,63,72,83,93
20151205 07:50,346,0,17,0,352,0,59,81,75,29,10287,63,63,72,83,93
20151205 07:51,358,0,13,0,5,0,59,81,75,29,10286,63,63,72,83,93
20151205 07:52,11,0,9,0,16,0,59,80,74,27,10285,63,63,72,83,93
20151205 07:53,25,0,8,0,34,0,59,81,75,29,10285,63,63,72,83,93
20151205 07:54,34,0,6,0,34,0,59,81,75,29,10284,63,63,73,83,93
20151205 07:55,35,0,6,0,37,0,59,81,75,29,10285,63,63,73,83,93
20151205 07:56,39,0,10,0,41,0,60,81,76,30,10285,64,63,73,83,93
20151205 07:57,43,0,17,0,46,0,60,82,77,32,10286,64,64,73,83,93
20151205 07:58,71,0,28,0,106,0,60,82,77,32,10286,64,64,73,83,93
20151205 07:59,129,0,40,0,146,0,61,82,77,33,10287,65,64,73,83,93
20151205 08:00,145,0,55,0,145,0,61,82,77,33,10287,65,64,73,83,93
20151205 08:01,130,0,69,0,116,0,61,82,77,33,10287,65,64,73,83,93
20151205 08:02,102,0,77,0,88,0,61,82,77,33,10286,66,64,73,83,93
20151205 08:03,86,0,84,0,84,0,61,82,77,33,10286,66,64,73,83,93
20151205 08:04,82,0,89,0,81,0,61,81,76,31,10286,66,64,73,83,93
20151205 08:05,74,0,92,0,68,0,61,81,76,31,10287,67,64,73,83,93
20151205 08:06,33,0,90,0,359,0,61,81,76,31,10287,67,64,73,83,93
20151205 08:07,340,0,89,0,323,0,62,82,78,34,10288,68,65,73,83,93
20151205 08:08,330,0,75,0,338,0,62,82,78,34,10288,68,65,73,83,93
20151205 08:09,348,0,54,0,358,0,62,83,79,35,10288,68,65,73,83,93
20151205 08:10,2,0,38,0,6,0,62,82,78,34,10288,69,65,73,83,93
20151205 08:11,10,0,27,0,15,0,62,82,78,34,10288,69,65,73,83,93
20151205 08:12,19,0,20,0,23,0,63,82,78,35,10288,70,65,73,83,93
20151205 08:13,17,0,13,0,12,0,63,81,77,33,10288,70,65,73,83,93
20151205 08:14,7,0,6,0,3,0,63,81,77,33,10288,70,65,73,83,93
20151205 08:15,348,0,357,0,333,0,63,81,77,33,10288,71,65,73,84,93
20151205 08:16,323,0,353,0,314,0,63,80,76,31,10288,71,66,73,83,93
20151205 08:17,299,0,350,0,285,0,63,80,76,31,10288,72,66,73,83,93
20151205 08:18,281,0,345,0,278,0,64,78,75,28,10288,72,66,73,84,93
20151205 08:19,278,0,336,0,278,0,64,77,74,27,10288,72,66,73,84,93
20151205 08:20,278,0,326,0,278,0,64,76,73,25,10288,72,66,73,84,93
20151205 08:21,281,0,315,0,285,0,64,75,72,23,10287,72,66,73,84,93
20151205 08:22,323,0,314,0,12,0,65,75,73,24,10287,72,66,73,84,93
20151205 08:23,40,0,315,0,63,0,65,75,73,24,10287,73,66,73,84,93
20151205 08:24,69,0,316,0,76,0,65,75,73,24,10287,73,67,73,84,93
20151205 08:25,74,0,324,0,72,0,65,74,72,22,10287,74,67,73,84,93
20151205 08:26,74,0,344,0,75,0,65,76,74,26,10286,74,67,73,84,93
20151205 08:27,74,0,18,0,74,0,65,77,74,28,10285,74,67,74,84,93
20151205 08:28,73,0,41,0,73,0,66,77,75,29,10285,74,67,74,84,93
20151205 08:29,74,0,55,0,75,0,66,77,75,29,10285,74,67,74,84,93
20151205 08:30,83,0,64,0,91,0,66,76,74,27,10285,75,67,74,84,93
20151205 08:31,96,0,72,0,101,0,67,74,73,24,10285,75,67,74,84,93
20151205 08:32,106,0,81,0,111,0,67,74,73,24,10285,75,68,74,84,93
20151205 08:33,102,0,84,0,93,0,67,74,73,24,10285,75,68,74,84,93
20151205 08:34,93,0,86,0,93,0,68,74,73,25,10285,76,68,74,84,93
20151205 08:35,92,0,88,0,91,0,68,75,74,27,10285,76,68,74,84,93
20151205 08:36,86,0,88,0,81,0,68,75,74,27,10285,76,68,74,84,93
20151205 08:37,82,0,89,0,83,0,68,75,74,27,10285,76,68,74,84,93
20151205 08:38,80,0,89,0,76,0,68,73,72,23,10284,76,68,74,84,93
20151205 08:39,73,3,89,1,71,10,68,73,72,23,10284,76,69,74,84,93
20151205 08:40,72,8,87,2,74,12,69,73,73,24,10284,76,69,74,84,93
20151205 08:41,74,10,85,2,74,10,69,72,72,22,10285,76,69,74,84,93
20151205 08:42,73,7,81,3,71,8,69,71,71,20,10285,76,69,74,84,93
20151205 08:43,71,6,78,4,71,6,69,70,70,18,10286,76,69,74,84,93
20151205 08:44,71,5,76,4,71,6,69,67,67,12,10286,76,69,74,84,93
20151205 08:45,74,5,75,5,77,6,69,65,65,8,10286,76,69,74,84,93
20151205 08:46,77,6,74,5,77,7,70,61,61,0,10286,76,69,74,84,93
20151205 08:47,81,6,75,6,85,7,70,59,59,-5,10286,76,70,74,84,93
20151205 08:48,90,5,76,6,94,6,70,58,58,-7,10287,76,70,74,84,93
20151205 08:49,99,5,80,6,104,7,70,59,59,-5,10287,76,70,74,84,93
20151205 08:50,105,6,83,6,106,7,70,60,60,-2,10287,76,70,75,84,93
20151205 08:51,112,5,87,5,118,5,70,61,61,0,10287,76,70,75,84,93
20151205 08:52,116,4,92,5,114,5,70,63,63,4,10288,76,70,75,84,93
20151205 08:53,120,4,97,5,127,5,71,64,65,8,10288,76,70,75,84,93
20151205 08:54,132,4,104,5,138,5,71,64,65,8,10289,76,70,75,84,93
20151205 08:55,145,4,111,5,151,5,71,65,66,10,10289,76,71,75,84,93
20151205 08:56,157,4,120,5,162,5,71,65,66,10,10289,76,71,75,84,93
20151205 08:57,162,4,127,4,162,5,72,66,67,13,10290,76,71,75,84,93
20151205 08:58,172,4,136,4,181,5,72,67,68,15,10291,76,71,75,84,93
20151205 08:59,183,4,144,4,184,5,72,67,68,15,10291,76,71,75,84,93
20151205 09:00,183,3,152,4,182,4,72,66,67,13,10292,77,71,75,84,93
20151205 09:01,190,3,160,4,198,5,72,66,67,13,10292,76,71,75,84,93
20151205 09:02,204,3,170,4,211,4,72,67,68,15,10293,76,71,75,84,93
20151205 09:03,208,3,177,4,204,4,73,66,67,14,10293,76,71,75,84,93
20151205 09:04,207,4,185,4,210,5,73,65,66,12,10294,76,71,75,84,93
20151205 09:05,210,4,191,4,210,5,73,65,66,12,10294,76,72,75,84,93
20151205 09:06,207,4,195,4,204,6,73,64,65,9,10294,76,72,75,84,93
20151205 09:07,207,5,199,4,210,6,73,65,66,12,10293,76,72,75,84,93
20151205 09:08,202,4,201,4,195,4,73,66,67,14,10293,76,72,75,84,93
20151205 09:09,193,3,202,4,191,4,73,67,68,16,10293,76,72,75,84,93
20151205 09:10,176,1,200,3,161,0,73,67,68,16,10293,76,72,76,84,93
20151205 09:11,174,0,199,3,188,0,73,67,68,16,10293,76,72,76,84,93
20151205 09:12,203,0,200,3,220,0,73,68,69,18,10293,76,72,76,84,93
20151205 09:13,244,0,205,2,263,0,73,69,71,20,10293,76,72,76,84,93
20151205 09:14,274,0,211,2,286,3,73,68,69,18,10293,76,72,76,84,93
20151205 09:15,316,3,217,2,344,7,73,67,68,16,10293,76,72,76,84,93
20151205 09:16,352,5,227,2,359,6,73,66,67,14,10293,75,72,76,84,93
20151205 09:17,359,6,244,2,359,9,73,68,69,18,10293,75,72,76,84,93
20151205 09:18,357,7,278,3,356,10,74,70,72,23,10294,75,72,76,84,93
20151205 09:19,352,8,308,3,347,10,74,69,71,21,10294,75,72,76,84,93
20151205 09:20,348,7,321,4,349,8,74,67,69,17,10294,75,73,76,84,93
20151205 09:21,351,7,331,5,354,9,74,68,70,19,10294,75,73,76,84,93
20151205 09:22,352,6,339,5,349,6,74,66,68,15,10295,75,73,76,84,93
20151205 09:23,355,5,347,6,1,8,74,63,65,8,10295,75,73,76,84,93
20151205 09:24,11,5,356,6,21,7,74,63,65,8,10294,75,73,76,84,93
20151205 09:25,38,3,2,6,54,5,74,64,66,10,10294,75,73,76,84,93
20151205 09:26,63,3,9,6,72,5,74,64,66,10,10293,75,73,76,84,93
20151205 09:27,80,5,17,6,87,6,74,62,64,6,10293,75,73,76,84,93
20151205 09:28,89,6,27,5,92,7,74,63,65,8,10292,76,73,76,85,93
20151205 09:29,97,6,40,5,102,7,74,64,66,10,10292,76,73,76,85,93
20151205 09:30,107,6,53,5,111,7,75,65,67,14,10292,76,73,76,85,93
20151205 09:31,108,7,66,5,105,8,75,65,67,14,10292,76,73,77,85,93
20151205 09:32,100,7,76,5,95,7,75,66,68,16,10292,76,73,77,85,93
20151205 09:33,88,6,83,5,80,7,75,67,69,18,10292,77,73,77,85,93
20151205 09:34,76,5,87,6,72,6,75,67,69,18,10291,77,73,77,85,93
20151205 09:35,76,6,90,6,80,7,75,67,69,18,10291,78,73,77,85,93
20151205 09:36,84,6,91,6,87,7,75,68,70,20,10292,78,73,77,85,93
20151205 09:37,94,5,92,6,100,8,75,67,69,18,10292,78,73,77,85,93
20151205 09:38,101,6,93,6,102,9,75,66,68,16,10292,79,73,77,85,93
20151205 09:39,104,7,94,6,106,7,75,66,68,16,10292,79,74,77,85,93
20151205 09:40,112,5,95,6,118,5,76,67,70,19,10292,79,74,77,85,93
20151205 09:41,141,3,99,5,166,4,76,67,70,19,10292,79,74,77,85,93
20151205 09:42,174,3,107,5,182,10,76,66,69,17,10292,80,74,77,85,93
20151205 09:43,183,9,117,6,184,18,76,65,68,14,10292,80,74,77,85,93
20151205 09:44,185,15,130,7,186,18,76,64,67,12,10292,80,74,77,85,93
20151205 09:45,177,16,140,8,168,18,76,62,65,8,10293,80,74,77,85,93
20151205 09:46,158,16,146,9,148,27,76,58,61,-1,10292,80,74,77,85,93
20151205 09:47,139,18,149,10,130,27,77,53,56,-13,10292,80,74,77,85,93
20151205 09:48,135,16,153,11,141,18,78,46,49,-31,10292,80,74,77,85,93
20151205 09:49,145,16,157,12,148,27,78,43,45,-40,10292,79,74,77,85,93
20151205 09:50,165,22,163,14,180,34,79,44,47,-36,10293,79,74,77,85,93
20151205 09:51,181,26,165,17,182,42,79,42,45,-42,10293,79,74,77,85,93
20151205 09:52,175,32,164,20,168,49,80,41,44,-44,10294,78,75,77,85,93
20151205 09:53,164,36,161,22,160,46,80,39,42,-51,10295,76,75,78,85,93
20151205 09:54,160,35,159,24,160,40,80,39,42,-51,10295,75,75,78,85,93
20151205 09:55,163,32,158,25,166,36,80,38,41,-54,10295,74,75,78,85,93
20151205 09:56,167,32,160,27,169,40,80,42,45,-41,10295,74,75,78,85,93
20151205 09:57,169,29,164,28,169,33,80,42,45,-41,10295,74,75,78,85,93
20151205 09:58,162,26,166,29,154,39,80,39,42,-51,10296,75,75,78,85,93
20151205 09:59,150,32,165,31,146,48,79,41,44,-45,10296,75,75,78,85,93
20151205 10:00,144,31,162,31,142,30,79,40,43,-49,10296,74,75,78,85,93
20151205 10:01,149,19,159,30,156,18,79,40,43,-49,10296,74,75,78,85,93
20151205 10:02,95,16,153,28,31,30,79,41,44,-45,10295,74,75,78,85,93
20151205 10:03,34,26,144,28,37,49,78,42,44,-43,10296,72,75,78,85,93
20151205 10:04,43,27,132,26,49,40,77,43,45,-41,10297,71,75,78,85,93
20151205 10:05,33,19,115,25,19,23,77,44,46,-38,10297,71,75,78,85,93
20151205 10:06,22,17,93,23,24,27,76,43,45,-42,10297,71,75,78,85,93
20151205 10:07,57,14,84,22,96,16,76,45,47,-36,10297,72,75,78,85,93
20151205 10:08,65,13,68,21,37,17,76,44,46,-39,10297,72,75,78,85,93
20151205 10:09,29,9,53,17,16,10,75,45,47,-37,10297,73,75,78,85,93
20151205 10:10,116,7,53,16,157,15,75,45,47,-37,10298,73,75,78,85,93
20151205 10:11,171,14,51,16,184,26,75,47,49,-31,10298,74,75,78,85,93
20151205 10:12,183,19,64,17,183,24,75,48,50,-28,10298,74,75,78,86,93
20151205 10:13,175,18,86,15,167,18,74,49,50,-26,10298,74,75,78,86,93
20151205 10:14,152,14,106,14,137,17,74,50,51,-23,10298,74,75,78,86,93
20151205 10:15,153,17,130,14,171,24,74,49,50,-26,10298,75,75,78,86,93
20151205 10:16,192,21,151,15,211,29,73,51,52,-22,10299,76,75,79,86,93
20151205 10:17,208,21,167,16,205,24,73,48,49,-30,10299,75,75,79,86,93
20151205 10:18,193,17,175,16,182,23,73,47,48,-33,10300,76,75,79,86,93
20151205 10:19,182,16,178,17,181,23,73,48,49,-30,10300,76,75,79,86,93
20151205 10:20,181,22,180,19,181,32,73,50,51,-24,10300,76,75,79,86,93
20151205 10:21,183,30,181,20,186,46,73,50,51,-24,10300,76,75,79,86,93
20151205 10:22,191,31,182,21,195,33,72,50,51,-25,10300,75,75,79,86,93
20151205 10:23,199,26,186,22,202,34,72,50,51,-25,10300,75,75,79,86,93
20151205 10:24,190,25,189,23,178,34,72,51,52,-23,10300,74,75,79,86,93
20151205 10:25,183,25,191,24,188,27,71,50,50,-26,10300,74,75,79,86,93
20151205 10:26,196,22,190,23,205,23,71,51,51,-23,10300,74,75,79,86,93
20151205 10:27,204,15,190,23,204,14,71,51,51,-23,10300,74,75,79,86,93
20151205 10:28,200,14,192,23,197,23,71,51,51,-23,10300,74,75,79,86,93
20151205 10:29,193,18,193,23,189,23,71,52,52,-21,10300,74,75,79,86,93
20151205 10:30,196,19,195,22,204,27,70,52,52,-22,10300,74,75,79,86,93
20151205 10:31,217,21,199,21,230,26,70,53,53,-19,10300,73,75,79,86,93
20151205 10:32,224,20,202,20,219,21,70,53,53,-19,10300,72,75,79,86,93
20151205 10:33,219,17,203,19,219,21,70,53,53,-19,10300,72,75,79,86,93
20151205 10:34,216,16,207,18,214,18,69,54,54,-18,10300,72,75,79,86,93
20151205 10:35,209,18,209,18,205,29,69,52,52,-23,10300,72,75,79,86,93
20151205 10:36,204,21,208,18,203,28,69,54,54,-18,10300,72,75,79,86,93
20151205 10:37,213,20,210,19,223,31,68,56,55,-14,10300,71,75,79,86,93
20151205 10:38,227,20,214,19,231,28,68,55,54,-16,10300,70,75,79,86,93
20151205 10:39,219,20,215,19,206,33,68,53,52,-21,10300,70,75,79,86,93
20151205 10:40,205,29,215,21,204,43,67,55,54,-17,10300,69,75,79,86,93
20151205 10:41,208,31,214,21,212,37,66,57,56,-13,10300,69,75,79,86,93
20151205 10:42,210,22,212,22,208,26,66,58,56,-11,10300,68,75,79,86,93
20151205 10:43,202,20,210,22,196,27,65,58,56,-12,10300,68,75,79,86,93
20151205 10:44,192,20,208,22,188,23,64,59,57,-10,10300,68,75,79,86,93
20151205 10:45,187,16,206,21,185,21,64,59,57,-10,10300,68,75,79,86,93
20151205 10:46,187,11,204,20,188,12,64,59,57,-10,10300,68,75,80,86,93
20151205 10:47,180,10,199,19,172,13,63,59,56,-11,10300,69,75,80,86,93
20151205 10:48,184,11,196,19,196,18,63,60,57,-9,10300,69,75,80,86,93
20151205 10:49,193,14,194,18,189,19,62,61,58,-8,10300,70,75,80,86,93
20151205 10:50,197,14,194,16,205,18,62,62,59,-5,10299,69,75,80,86,93
20151205 10:51,195,12,191,14,185,14,61,63,59,-4,10298,69,75,80,86,93
20151205 10:52,193,9,191,13,202,8,61,64,60,-2,10298,69,75,80,86,93
20151205 10:53,192,7,189,12,182,10,61,64,60,-2,10297,69,75,80,86,93
20151205 10:54,197,8,192,11,212,12,61,64,60,-2,10297,69,75,80,86,93
20151205 10:55,214,10,195,11,216,19,60,63,59,-5,10297,67,75,80,86,93
20151205 10:56,213,13,197,11,209,19,60,63,59,-5,10296,66,75,80,87,93
20151205 10:57,205,11,200,11,201,10,59,65,60,-2,10296,66,75,80,87,93
20151205 10:58,192,9,199,11,184,11,59,65,60,-2,10296,67,75,80,87,93
20151205 10:59,199,9,201,10,215,12,59,67,62,2,10295,67,75,80,87,93
20151205 11:00,204,9,200,10,194,10,59,68,63,5,10295,67,75,80,87,93
20151205 11:01,197,9,202,9,200,13,58,68,63,4,10294,67,75,80,87,93
20151205 11:02,202,10,202,10,204,11,58,67,62,2,10294,67,75,80,87,94
20151205 11:03,201,10,203,10,197,12,58,68,63,4,10294,67,75,80,87,94
20151205 11:04,196,9,202,10,195,13,58,68,63,4,10295,68,75,80,87,94
20151205 11:05,196,9,199,10,196,13,58,69,64,6,10294,69,74,80,87,94
20151205 11:06,202,11,199,9,208,14,58,69,64,6,10294,69,74,80,87,94
20151205 11:07,207,11,200,10,207,14,57,67,61,1,10294,69,74,80,87,94
20151205 11:08,210,10,203,10,213,12,57,67,61,1,10293,68,74,80,87,94
20151205 11:09,220,9,204,10,226,11,57,69,63,5,10293,68,74,80,87,94
20151205 11:10,234,7,209,9,243,8,57,69,63,5,10293,69,74,80,87,94
20151205 11:11,231,7,211,9,220,9,57,70,64,7,10294,69,74,80,87,94
20151205 11:12,224,8,213,9,229,10,57,71,65,9,10294,69,74,80,87,94
20151205 11:13,226,9,216,9,224,14,57,71,65,9,10295,69,74,80,87,94
20151205 11:14,229,9,220,9,235,10,56,72,65,10,10295,67,74,80,87,94
20151205 11:15,231,8,223,9,227,10,56,73,66,11,10295,68,74,80,87,94
20151205 11:16,234,6,227,8,241,9,56,74,67,13,10295,68,74,80,87,94
20151205 11:17,243,5,230,8,245,6,56,75,68,15,10295,69,74,80,87,94
20151205 11:18,239,5,232,7,232,8,56,75,68,15,10295,68,74,80,87,94
20151205 11:19,245,7,235,7,258,14,56,75,68,15,10294,67,74,80,87,94
20151205 11:20,258,8,237,7,257,11,56,73,66,11,10294,66,74,80,87,94
20151205 11:21,245,7,238,7,232,9,56,72,65,10,10294,69,74,80,87,94
20151205 11:22,244,6,241,7,255,6,56,73,66,11,10294,70,74,80,87,94
20151205 11:23,261,4,245,6,268,6,56,73,66,11,10294,71,74,80,87,94
20151205 11:24,260,6,247,6,252,11,56,76,69,17,10295,72,74,80,87,94
20151205 11:25,265,8,252,7,277,12,56,76,69,17,10295,71,74,80,87,94
20151205 11:26,274,8,255,7,270,9,56,76,69,17,10295,72,74,80,87,94
20151205 11:27,261,7,255,7,253,10,56,78,71,21,10295,73,74,80,87,94
20151205 11:28,248,7,257,7,244,9,55,77,70,18,10295,73,74,80,87,94
20151205 11:29,243,7,255,7,242,9,56,77,70,19,10294,74,74,80,87,94
20151205 11:30,245,6,254,7,249,9,56,78,71,21,10294,74,74,80,87,94
20151205 11:31,257,5,257,6,265,9,56,77,70,19,10293,75,74,80,87,94
20151205 11:32,249,3,255,6,232,4,56,76,69,17,10293,75,74,80,87,94
20151205 11:33,230,2,251,6,228,4,56,77,70,19,10293,76,74,80,87,94
20151205 11:34,228,3,249,6,228,8,56,78,71,21,10293,76,74,80,87,94
20151205 11:35,239,10,246,6,249,28,56,79,72,23,10293,77,74,80,87,94
20151205 11:36,255,16,245,7,261,28,55,78,70,20,10293,77,74,80,87,94
20151205 11:37,255,14,245,7,249,15,55,76,69,16,10293,77,74,80,87,94
20151205 11:38,255,13,246,8,260,18,55,77,70,18,10292,77,74,80,87,94
20151205 11:39,257,17,247,9,253,24,54,76,68,15,10292,76,74,80,87,94
20151205 11:40,249,18,247,11,244,18,54,74,66,11,10292,76,75,80,87,94
20151205 11:41,236,16,243,12,227,21,54,75,67,13,10291,77,75,80,87,94
20151205 11:42,223,14,242,13,218,14,53,74,66,10,10290,77,75,80,87,94
20151205 11:43,207,11,239,14,196,17,53,76,68,14,10289,78,75,80,87,94
20151205 11:44,187,15,234,15,178,23,53,75,67,12,10289,79,75,80,87,94
20151205 11:45,176,17,227,15,174,20,53,74,66,10,10289,79,75,80,87,94
20151205 11:46,171,16,217,15,167,23,53,75,67,12,10289,79,75,80,87,94
20151205 11:47,173,18,209,16,178,22,53,75,67,12,10289,79,75,81,87,94
20151205 11:48,172,17,199,16,165,18,53,73,65,9,10288,79,75,81,87,94
20151205 11:49,162,16,190,15,158,21,53,73,65,9,10288,79,75,81,87,94
20151205 11:50,159,16,181,15,159,18,53,72,64,7,10287,79,75,81,87,94
20151205 11:51,162,13,176,15,166,14,52,72,64,6,10287,79,76,81,88,94
20151205 11:52,165,10,171,15,165,13,52,72,64,6,10286,79,76,81,88,94
20151205 11:53,157,7,166,14,149,9,52,71,63,4,10286,79,76,81,88,94
20151205 11:54,161,8,165,13,173,11,52,73,65,8,10285,79,76,81,88,94
20151205 11:55,169,12,165,13,165,21,52,72,64,6,10284,77,76,81,88,94
20151205 11:56,160,15,163,13,156,19,52,73,65,8,10284,77,76,81,88,94
20151205 11:57,161,14,162,13,167,19,52,73,65,8,10284,77,76,81,88,94
20151205 11:58,175,10,164,12,183,11,51,73,64,7,10284,77,76,81,88,94
20151205 11:59,190,4,168,10,198,4,51,73,64,7,10284,77,76,81,88,94
20151205 12:00,164,4,165,9,132,10,51,73,64,7,10285,77,76,81,88,94
20151205 12:01,141,5,164,9,152,6,51,73,64,7,10285,77,76,81,88,94
20151205 12:02,150,7,162,9,149,16,50,73,64,6,10285,77,76,81,88,94
20151205 12:03,159,13,164,10,168,18,50,73,64,6,10285,77,76,81,88,94
20151205 12:04,164,15,163,10,161,17,50,75,65,9,10285,76,77,81,88,94
20151205 12:05,151,14,161,10,141,16,50,75,65,9,10284,77,77,81,88,94
20151205 12:06,141,12,159,10,141,13,49,74,64,7,10284,77,77,81,88,94
20151205 12:07,140,10,156,9,140,15,49,75,65,8,10284,77,77,81,88,94
20151205 12:08,144,11,153,10,149,15,49,75,65,8,10284,77,77,81,88,94
20151205 12:09,156,11,149,10,162,11,49,74,64,7,10285,77,77,81,88,94
20151205 12:10,169,8,154,11,175,11,49,74,64,7,10285,77,77,81,88,94
20151205 12:11,178,9,157,11,180,11,48,74,64,6,10286,76,77,81,88,94
20151205 12:12,188,10,161,11,196,14,48,74,64,6,10287,76,77,81,88,94
20151205 12:13,197,10,164,11,199,13,48,74,64,6,10288,76,77,81,88,94
20151205 12:14,191,10,167,10,183,12,48,74,64,6,10288,75,77,81,88,94
20151205 12:15,185,11,171,10,186,13,48,75,64,7,10288,75,77,81,88,94
20151205 12:16,179,11,174,10,173,11,47,74,63,5,10288,74,77,81,88,94
20151205 12:17,178,7,179,9,183,9,47,73,62,3,10288,73,77,81,88,94
20151205 12:18,162,4,178,9,142,6,47,73,62,3,10288,73,77,81,88,94
20151205 12:19,138,4,176,8,134,6,47,73,62,3,10288,73,77,81,88,94
20151205 12:20,119,2,169,7,105,2,47,73,62,3,10287,72,77,81,88,94
20151205 12:21,87,0,161,6,68,0,47,73,62,3,10287,71,77,81,88,94
20151205 12:22,41,1,150,6,16,4,47,73,62,3,10287,71,77,81,88,94
20151205 12:23,15,1,133,5,13,3,47,73,62,3,10287,71,77,81,88,94
20151205 12:24,13,0,110,4,14,0,47,73,62,3,10286,70,77,81,88,94
20151205 12:25,7,0,82,3,2,1,47,73,62,3,10286,70,77,81,88,94
20151205 12:26,11,1,60,2,19,4,47,73,62,3,10285,70,77,81,88,94
20151205 12:27,22,3,47,2,25,5,47,73,62,3,10284,70,77,81,88,94
20151205 12:28,24,4,37,2,23,4,46,73,62,2,10284,70,77,81,88,94
20151205 12:29,20,3,28,2,17,3,46,74,63,4,10284,70,77,81,88,94
20151205 12:30,26,2,23,2,36,3,46,74,63,4,10284,70,77,82,88,94
20151205 12:31,33,2,19,2,30,5,46,74,63,4,10283,70,77,82,88,94
20151205 12:32,29,4,21,2,29,8,46,74,63,4,10283,69,77,82,88,94
20151205 12:33,34,6,23,3,38,8,46,75,64,6,10283,69,77,82,88,94
20151205 12:34,32,6,25,4,27,7,46,77,65,9,10283,69,77,82,88,94
20151205 12:35,43,3,30,4,59,5,46,78,66,11,10284,69,77,82,88,94
20151205 12:36,66,2,35,4,73,5,46,79,67,13,10283,69,77,82,88,94
20151205 12:37,89,2,43,3,108,2,46,78,66,11,10283,69,77,82,88,94
20151205 12:38,104,1,51,3,101,0,46,79,67,13,10283,69,77,82,88,94
20151205 12:39,94,1,58,3,87,4,46,80,68,15,10283,70,77,82,88,94
20151205 12:40,70,2,60,3,53,6,46,80,68,15,10283,70,77,82,88,94
20151205 12:41,65,3,65,3,76,6,46,80,68,15,10283,70,77,82,88,95
20151205 12:42,84,5,72,3,92,8,46,80,68,15,10283,69,76,82,88,95
20151205 12:43,91,7,77,3,90,8,45,80,67,14,10283,70,76,82,88,95
20151205 12:44,85,7,82,3,81,8,45,80,67,14,10283,70,76,82,88,95
20151205 12:45,81,7,84,4,82,8,45,79,67,12,10283,70,76,82,88,95
20151205 12:46,75,7,84,4,68,9,45,79,67,12,10282,70,76,82,88,95
20151205 12:47,64,7,79,5,59,7,45,79,67,12,10282,70,76,82,88,95
20151205 12:48,61,6,75,6,62,8,45,79,67,12,10282,69,76,82,88,95
20151205 12:49,61,6,72,6,60,7,44,79,66,11,10282,69,76,82,88,95
20151205 12:50,59,5,73,6,58,7,44,79,66,11,10282,70,76,82,88,95
20151205 12:51,63,6,72,7,67,10,44,79,66,11,10281,69,76,82,88,95
20151205 12:52,58,8,67,7,48,11,44,79,66,11,10281,69,76,82,88,95
20151205 12:53,45,8,63,7,42,12,44,79,66,11,10281,69,76,82,88,95
20151205 12:54,40,10,58,7,39,14,44,80,67,13,10281,69,76,82,88,95
20151205 12:55,45,12,56,8,52,16,44,80,67,13,10281,69,76,82,88,95
20151205 12:56,53,10,54,8,54,13,44,80,67,13,10281,69,76,82,88,95
20151205 12:57,49,8,53,8,44,12,43,81,67,13,10281,69,76,82,88,95
20151205 12:58,48,8,51,8,51,12,43,82,68,15,10281,69,76,82,89,95
20151205 12:59,49,9,50,9,47,12,43,82,68,15,10281,69,76,82,89,95
20151205 13:00,50,8,50,9,53,10,43,82,68,15,10281,69,76,82,89,95
20151205 13:01,50,8,48,9,48,11,43,81,67,13,10281,69,76,82,89,95
20151205 13:02,55,7,49,9,61,8,43,81,67,13,10281,70,76,82,89,95
20151205 13:03,57,5,50,8,53,8,43,81,67,13,10281,69,76,82,89,95
20151205 13:04,59,4,53,8,65,6,43,81,67,13,10282,69,76,82,89,95
20151205 13:05,61,3,53,6,57,4,43,82,68,15,10282,69,76,82,89,95
20151205 13:06,46,2,51,6,35,4,43,82,68,15,10283,69,76,82,89,95
20151205 13:07,37,4,51,6,39,8,43,82,68,15,10283,69,76,82,89,95
20151205 13:08,36,6,49,5,34,7,43,82,68,15,10283,68,76,82,89,95
20151205 13:09,27,6,47,5,21,7,43,82,68,15,10283,68,76,82,89,95
20151205 13:10,21,5,43,5,21,6,43,81,67,13,10283,67,76,82,89,95
20151205 13:11,20,4,41,4,20,5,43,81,67,13,10283,67,76,82,89,95
20151205 13:12,26,3,38,4,32,4,43,81,67,13,10283,67,75,82,89,95
20151205 13:13,44,2,38,4,57,3,43,80,66,12,10283,67,75,82,89,95
20151205 13:14,73,1,40,4,88,3,43,81,67,13,10284,67,75,82,89,95
20151205 13:15,103,2,44,4,116,4,43,81,67,13,10284,67,75,82,89,95
20151205 13:16,125,3,53,4,134,4,43,82,68,15,10284,66,75,82,89,95
20151205 13:17,130,3,62,3,126,5,43,83,69,17,10285,66,75,82,89,95
20151205 13:18,127,4,74,3,128,5,43,83,69,17,10285,64,75,82,89,95
20151205 13:19,127,4,87,3,126,5,43,82,68,15,10285,65,75,82,89,95
20151205 13:20,121,4,97,3,115,5,43,82,68,15,10285,66,75,82,89,95
20151205 13:21,110,5,105,3,105,9,42,82,68,14,10285,66,75,82,89,95
20151205 13:22,104,7,110,3,103,8,42,83,68,16,10284,66,75,82,89,95
20151205 13:23,109,7,116,4,116,9,42,83,68,16,10284,66,75,82,89,95
20151205 13:24,113,7,118,5,111,8,42,83,68,16,10284,66,75,82,89,95
20151205 13:25,106,6,116,5,101,8,42,83,68,16,10284,66,75,82,89,95
20151205 13:26,100,5,113,5,100,5,42,83,68,16,10284,66,75,82,89,95
20151205 13:27,96,2,110,5,93,3,42,84,69,17,10284,66,75,82,89,95
20151205 13:28,103,1,108,5,114,4,42,83,68,16,10284,66,75,82,89,95
20151205 13:29,108,2,106,5,100,5,42,82,68,14,10284,66,75,82,89,95
20151205 13:30,101,2,104,5,102,3,42,82,68,14,10283,66,75,82,89,95
20151205 13:31,91,1,102,4,81,1,42,81,67,12,10283,65,75,82,89,95
20151205 13:32,79,0,99,3,74,0,42,81,67,12,10284,66,75,82,89,95
20151205 13:33,348,0,93,2,317,0,42,81,67,12,10284,66,74,82,89,95
20151205 13:34,337,0,83,2,8,0,42,82,68,14,10284,66,74,82,89,95
20151205 13:35,79,1,87,1,136,6,42,83,68,16,10284,66,74,82,89,95
20151205 13:36,126,4,89,2,119,7,42,83,68,16,10284,66,74,82,89,95
20151205 13:37,129,6,95,2,138,6,42,83,68,16,10284,65,74,82,89,95
20151205 13:38,145,5,100,2,152,6,42,83,68,16,10284,66,74,82,89,95
20151205 13:39,157,5,109,3,162,7,41,82,67,13,10284,65,74,82,89,95
20151205 13:40,166,5,119,3,169,6,41,82,67,13,10284,65,74,82,89,95
20151205 13:41,167,4,134,3,165,5,41,82,67,13,10284,64,74,82,89,95
20151205 13:42,157,4,145,4,149,7,41,83,68,15,10284,64,74,82,89,95
20151205 13:43,130,6,140,4,112,9,41,83,68,15,10284,65,74,82,89,95
20151205 13:44,109,6,141,5,106,7,41,84,69,16,10284,65,74,82,89,95
20151205 13:45,116,6,140,5,126,7,41,84,69,16,10285,65,74,82,89,95
20151205 13:46,124,4,140,5,122,4,41,85,70,18,10285,64,74,82,89,95
20151205 13:47,104,1,135,4,85,0,41,85,70,18,10285,64,74,82,89,95
20151205 13:48,88,0,129,4,90,0,41,86,70,20,10285,65,74,82,89,95
20151205 13:49,109,0,125,3,127,0,41,86,70,20,10285,65,74,82,89,95
20151205 13:50,141,0,124,3,154,0,41,86,70,20,10285,65,73,82,89,95
20151205 13:51,167,0,125,3,180,2,42,86,71,21,10285,65,73,82,89,95
20151205 13:52,169,2,125,2,157,3,42,86,71,21,10285,65,73,82,89,95
20151205 13:53,160,2,131,2,162,3,41,85,70,18,10285,65,73,82,89,95
20151205 13:54,162,1,137,1,162,0,41,85,70,18,10285,65,73,82,89,95
20151205 13:55,177,0,144,1,192,0,41,85,70,18,10286,66,73,82,89,95
20151205 13:56,201,0,153,1,210,0,41,85,70,18,10286,66,73,82,89,95
20151205 13:57,211,0,166,1,212,0,41,85,70,18,10286,66,73,82,89,95
20151205 13:58,210,0,177,1,209,0,41,85,70,18,10286,66,73,82,89,95
20151205 13:59,206,0,184,1,203,0,41,85,70,18,10286,66,73,82,89,95
20151205 14:00,180,0,185,1,158,0,41,85,70,18,10286,66,73,82,89,95
20151205 14:01,190,0,189,1,227,0,41,84,69,16,10286,66,73,82,89,95
20151205 14:02,268,0,199,0,320,0,41,84,69,16,10286,66,73,82,89,95
20151205 14:03,349,0,206,0,10,0,42,84,69,17,10286,66,73,82,89,95
20151205 14:04,5,0,221,0,1,0,42,84,69,17,10286,66,73,82,89,95
20151205 14:05,25,0,229,0,48,0,42,84,69,17,10285,66,73,82,89,95
20151205 14:06,60,1,226,0,71,4,42,84,69,17,10285,66,73,82,89,95
20151205 14:07,78,3,66,1,84,5,42,84,69,17,10285,66,73,82,89,95
20151205 14:08,84,4,60,1,83,5,42,85,70,19,10285,66,73,82,89,95
20151205 14:09,77,3,55,1,71,4,41,86,70,20,10285,66,73,82,89,95
20151205 14:10,72,2,49,2,74,3,41,85,70,18,10286,66,73,82,89,95
20151205 14:11,82,1,53,2,91,1,41,85,70,18,10286,66,73,82,89,95
20151205 14:12,94,1,65,2,97,4,41,85,70,18,10286,65,73,82,89,95
20151205 14:13,79,2,70,2,62,4,41,85,70,18,10286,64,73,82,89,95
20151205 14:14,61,3,74,2,60,4,41,85,70,18,10285,65,73,82,89,95
20151205 14:15,60,4,75,3,59,5,41,85,70,18,10285,65,73,82,89,95
20151205 14:16,66,5,75,3,74,6,41,85,70,18,10285,65,73,82,89,95
20151205 14:17,80,4,76,3,86,5,41,85,70,18,10285,65,73,82,89,95
20151205 14:18,94,1,78,3,102,2,41,85,70,18,10286,65,73,82,89,95
20151205 14:19,108,0,82,2,115,0,41,86,70,20,10286,65,73,82,89,95
20151205 14:20,100,0,83,2,85,0,41,86,70,20,10286,65,73,82,89,95
20151205 14:21,96,0,85,2,107,0,41,86,70,20,10286,65,73,82,89,95
20151205 14:22,120,0,88,2,134,0,41,86,70,20,10287,65,73,82,89,95
20151205 14:23,149,0,97,2,162,0,41,86,70,20,10287,65,73,82,89,95
20151205 14:24,158,1,107,1,153,4,41,86,70,20,10287,65,73,82,89,95
20151205 14:25,140,3,114,1,125,11,41,86,70,20,10287,65,73,82,89,95
20151205 14:26,108,9,116,2,91,16,41,86,70,20,10287,64,73,82,89,95
20151205 14:27,81,11,114,3,71,12,41,86,70,20,10287,64,73,82,89,95
20151205 14:28,59,10,109,4,47,16,41,86,70,20,10287,64,73,82,89,95
20151205 14:29,47,12,102,5,48,15,41,87,71,21,10287,63,73,82,89,95
20151205 14:30,42,11,97,6,36,13,41,86,70,20,10287,63,73,82,89,95
20151205 14:31,42,7,90,7,48,8,40,86,70,19,10287,62,73,82,89,95
20151205 14:32,62,5,82,7,75,9,40,86,70,19,10287,62,73,82,89,95
20151205 14:33,75,6,75,8,75,9,40,86,70,19,10286,62,72,82,89,95
20151205 14:34,74,7,68,8,73,11,40,87,71,20,10286,62,72,82,89,95
20151205 14:35,79,8,65,9,84,9,40,87,71,20,10287,62,72,82,89,95
20151205 14:36,84,6,64,8,83,7,40,87,71,20,10286,61,72,82,89,95
20151205 14:37,75,6,64,8,68,9,40,88,72,22,10286,61,72,82,89,95
20151205 14:38,64,8,65,8,60,13,40,88,72,22,10286,61,72,82,89,95
20151205 14:39,53,9,65,7,45,10,40,88,72,22,10286,61,72,82,89,95
20151205 14:40,32,8,63,7,19,15,40,88,72,22,10286,60,72,82,89,95
20151205 14:41,23,7,61,7,28,8,40,88,72,22,10286,60,72,82,89,95
20151205 14:42,24,5,56,7,19,7,40,87,71,20,10286,60,72,82,89,95
20151205 14:43,37,2,54,7,56,5,40,87,71,20,10286,60,72,82,89,96
20151205 14:44,50,4,51,6,44,11,39,87,70,19,10285,60,72,82,89,95
20151205 14:45,61,9,50,7,77,13,39,87,70,19,10285,60,72,82,89,96
20151205 14:46,80,12,50,7,83,16,39,88,71,21,10285,59,72,82,89,96
20151205 14:47,84,13,52,8,85,18,39,88,71,21,10285,59,72,82,89,96
20151205 14:48,84,15,54,9,82,18,39,88,71,21,10285,59,72,82,89,95
20151205 14:49,83,16,58,10,84,18,38,89,71,22,10285,59,72,82,89,96
20151205 14:50,83,14,65,10,83,15,38,89,71,22,10285,59,71,82,89,96
20151205 14:51,90,13,72,11,97,17,38,89,71,22,10285,59,71,81,89,96
20151205 14:52,97,14,79,12,97,17,38,89,71,22,10285,59,71,81,89,96
20151205 14:53,91,13,82,13,86,16,38,90,72,23,10285,58,71,81,89,96
20151205 14:54,75,13,84,13,65,19,38,90,72,23,10285,58,71,81,89,95
20151205 14:55,69,14,84,14,73,17,38,90,72,23,10285,58,71,81,89,96
20151205 14:56,76,13,83,14,79,18,37,90,72,22,10285,58,71,81,89,96
20151205 14:57,75,13,82,14,72,21,37,90,72,22,10285,58,71,81,89,96
20151205 14:58,75,14,81,13,77,15,37,90,72,22,10285,57,71,81,89,96
20151205 14:59,75,13,80,13,72,18,37,90,72,22,10285,57,71,81,89,96
20151205 15:00,80,15,81,14,89,24,37,90,72,22,10285,57,71,81,89,96
20151205 15:01,89,19,80,14,89,26,37,90,72,22,10284,56,70,81,89,96
20151205 15:02,81,16,77,14,73,19,36,90,71,21,10284,56,70,81,89,96
20151205 15:03,74,16,76,15,75,22,36,90,71,21,10284,56,70,81,89,96
20151205 15:04,75,17,77,15,74,18,36,90,71,21,10284,56,70,81,89,96
20151205 15:05,71,15,77,15,67,17,36,91,72,23,10284,56,70,81,89,96
20151205 15:06,67,13,75,15,67,19,36,90,71,21,10284,55,70,81,89,96
20151205 15:07,69,12,75,15,71,17,36,91,72,23,10284,54,70,81,89,96
20151205 15:08,68,13,74,15,64,23,35,91,71,22,10284,54,70,81,89,96
20151205 15:09,63,14,73,15,61,20,35,91,71,22,10285,54,70,81,89,96
20151205 15:10,61,16,70,15,61,23,35,91,71,22,10285,54,69,81,89,96
20151205 15:11,55,18,66,15,50,22,35,91,71,22,10284,54,69,81,89,96
20151205 15:12,54,16,65,15,59,20,35,91,71,22,10284,53,69,81,89,96
20151205 15:13,60,16,64,15,61,25,34,91,71,21,10284,52,69,81,89,96
20151205 15:14,58,19,62,15,55,30,34,91,71,21,10284,52,69,81,89,96
20151205 15:15,54,19,60,16,53,23,34,91,71,21,10283,52,69,81,89,96
20151205 15:16,49,15,58,16,46,18,34,91,71,21,10284,53,69,81,89,96
20151205 15:17,57,15,58,16,68,25,34,91,71,21,10284,53,69,81,89,96
20151205 15:18,67,17,58,17,67,23,34,92,72,22,10284,52,68,81,89,96
20151205 15:19,69,19,59,17,72,30,34,92,72,22,10284,52,68,81,89,96
20151205 15:20,64,20,59,17,55,25,33,92,71,21,10284,51,68,81,89,96
20151205 15:21,55,18,59,17,54,21,33,92,71,21,10285,52,68,81,89,96
20151205 15:22,53,19,58,18,52,26,33,91,70,20,10285,52,68,81,89,96
20151205 15:23,44,22,56,19,37,26,33,91,70,20,10286,52,68,81,89,96
20151205 15:24,40,23,55,19,44,27,33,91,70,20,10286,52,68,81,89,96
20151205 15:25,44,23,54,19,45,27,33,91,70,20,10287,52,68,81,89,96
20151205 15:26,43,20,53,20,41,24,33,91,70,20,10287,51,67,81,89,96
20151205 15:27,39,15,50,19,37,17,32,91,70,19,10287,50,67,81,89,96
20151205 15:28,33,13,47,19,29,19,32,91,70,19,10287,51,67,81,89,96
20151205 15:29,30,15,42,18,31,19,32,92,71,20,10287,51,67,81,89,96
20151205 15:30,41,16,42,18,50,23,32,92,71,20,10288,51,67,80,89,96
20151205 15:31,50,13,42,17,49,12,32,92,71,20,10288,51,67,80,89,96
20151205 15:32,48,10,41,16,47,15,32,92,71,20,10288,51,67,80,89,96
20151205 15:33,43,11,41,15,39,18,32,92,71,20,10288,51,67,80,89,96
20151205 15:34,41,15,41,15,44,22,32,92,71,20,10288,51,67,80,89,96
20151205 15:35,42,16,41,14,40,17,32,92,71,20,10288,50,67,80,89,96
20151205 15:36,48,15,42,14,56,21,32,92,71,20,10287,50,67,80,89,96
20151205 15:37,54,17,44,15,51,29,32,92,71,20,10287,50,66,80,89,96
20151205 15:38,54,19,46,15,57,25,32,92,71,20,10287,50,66,80,89,96
20151205 15:39,60,17,49,15,62,20,32,92,71,20,10287,50,66,80,89,96
20151205 15:40,52,16,49,15,43,24,32,92,71,20,10287,49,66,80,89,96
20151205 15:41,41,17,48,16,39,27,32,92,71,20,10287,49,66,80,89,96
20151205 15:42,36,19,46,17,32,26,31,92,70,19,10287,49,66,80,89,96
20151205 15:43,36,19,46,17,40,20,31,92,70,19,10287,48,66,80,89,96
20151205 15:44,42,16,46,17,45,22,31,92,70,19,10287,49,66,80,89,96
20151205 15:45,43,13,47,17,42,21,31,92,70,19,10287,49,66,80,89,96
20151205 15:46,41,11,45,16,39,22,31,93,71,21,10287,49,65,80,89,96
20151205 15:47,37,13,43,16,35,24,31,93,71,21,10287,49,65,80,89,96
20151205 15:48,40,18,42,16,44,32,31,93,71,21,10287,49,65,80,89,96
20151205 15:49,42,22,40,17,40,31,31,93,71,21,10286,49,65,80,89,96
20151205 15:50,38,24,39,18,37,26,31,93,71,21,10286,49,65,80,89,96
20151205 15:51,40,21,40,18,44,25,31,92,70,19,10286,49,65,80,89,96
20151205 15:52,49,17,42,17,54,24,31,93,71,21,10286,48,65,80,89,96
20151205 15:53,47,16,42,17,40,20,31,93,71,21,10285,48,65,80,89,96
20151205 15:54,44,16,42,17,47,22,31,93,71,21,10285,48,65,80,89,96
20151205 15:55,46,17,42,18,45,28,30,93,70,20,10285,48,64,79,89,96
20151205 15:56,46,19,43,19,46,27,30,93,70,20,10285,48,64,80,89,96
20151205 15:57,47,16,45,18,49,17,30,93,70,20,10285,48,64,79,89,96
20151205 15:58,50,14,45,18,51,23,30,93,70,20,10286,48,64,79,89,96
20151205 15:59,48,16,46,17,45,24,30,93,70,20,10286,48,64,79,89,96
20151205 16:00,42,15,46,16,38,24,30,93,70,20,10286,48,64,79,89,96
20151205 16:01,35,17,45,16,32,26,30,93,70,20,10286,48,64,79,89,96
20151205 16:02,29,18,42,16,27,20,30,93,70,20,10286,48,64,79,89,96
20151205 16:03,26,14,41,16,25,16,30,94,71,21,10285,48,64,79,89,96
20151205 16:04,24,11,38,15,23,15,30,94,71,21,10285,48,64,79,89,96
20151205 16:05,27,11,37,15,32,15,30,94,71,21,10285,48,63,79,89,96
20151205 16:06,31,12,35,14,31,17,30,94,71,21,10285,48,63,79,89,96
20151205 16:07,34,14,34,14,36,23,30,94,71,21,10284,48,63,79,89,96
20151205 16:08,36,19,32,15,36,29,30,94,71,21,10285,48,63,79,89,96
20151205 16:09,32,21,31,15,28,29,30,94,71,21,10285,47,63,79,89,96
20151205 16:10,25,16,29,15,22,19,30,94,71,21,10285,47,63,79,89,96
20151205 16:11,16,11,27,14,10,13,30,94,71,21,10285,47,63,79,89,96
20151205 16:12,15,11,26,14,20,16,30,94,71,21,10285,47,63,79,89,96
20151205 16:13,20,13,26,14,21,20,30,94,71,21,10285,47,63,79,89,96
20151205 16:14,5,12,23,14,349,14,30,94,71,21,10285,47,63,79,89,96
20151205 16:15,356,12,20,14,3,19,30,94,71,21,10285,47,62,79,89,96
20151205 16:16,7,14,18,14,10,17,30,94,71,21,10285,47,62,78,89,96
20151205 16:17,6,15,14,14,2,20,30,94,71,21,10285,47,62,78,89,96
20151205 16:18,6,15,12,13,10,19,30,94,71,21,10285,47,62,78,89,96
20151205 16:19,16,16,11,13,22,22,30,94,71,21,10286,47,62,78,89,96
20151205 16:20,17,16,10,14,11,19,30,94,71,21,10286,47,62,78,88,96
20151205 16:21,5,15,9,14,359,22,30,94,71,21,10286,47,62,78,88,96
20151205 16:22,10,12,9,14,21,13,30,94,71,21,10286,47,62,78,88,96
20151205 16:23,22,12,9,14,23,21,30,94,71,21,10286,47,62,78,88,96
20151205 16:24,15,14,11,14,6,21,30,94,71,21,10286,47,62,78,88,96
20151205 16:25,17,15,13,15,27,22,30,94,71,21,10286,47,62,78,88,96
20151205 16:26,27,17,15,15,26,27,30,94,71,21,10286,47,62,78,88,96
20151205 16:27,26,21,17,16,25,27,30,94,71,21,10286,47,62,78,88,96
20151205 16:28,25,24,18,17,24,28,30,94,71,21,10287,46,61,78,88,96
20151205 16:29,23,21,18,17,22,25,30,94,71,21,10287,46,61,78,88,96
20151205 16:30,25,20,20,18,27,25,30,94,71,21,10287,46,61,78,88,96
20151205 16:31,26,19,23,18,25,21,30,94,71,21,10287,46,61,78,88,96
20151205 16:32,26,17,23,19,26,20,30,94,71,21,10287,46,61,78,88,96
20151205 16:33,22,16,23,19,17,18,30,94,71,21,10287,46,61,78,88,96
20151205 16:34,14,15,23,19,11,17,30,94,71,21,10288,46,61,77,88,96
20151205 16:35,3,19,20,19,356,31,30,94,71,21,10288,46,61,77,88,95
20151205 16:36,359,21,18,20,2,30,30,94,71,21,10288,46,61,77,88,95
20151205 16:37,3,17,16,19,5,28,30,94,71,21,10288,45,61,77,88,95
20151205 16:38,8,20,14,19,11,29,30,94,71,21,10288,45,61,77,88,95
20151205 16:39,15,22,14,19,18,26,30,94,71,21,10288,45,61,77,88,95
20151205 16:40,16,19,12,19,13,29,30,94,71,21,10288,45,61,77,88,95
20151205 16:41,10,19,10,19,6,28,30,94,71,21,10288,45,61,77,88,95
20151205 16:42,5,19,8,19,3,25,30,94,71,21,10288,45,61,77,88,95
20151205 16:43,5,19,7,19,6,26,30,94,71,21,10287,45,60,77,88,95
20151205 16:44,9,21,7,20,12,28,30,94,71,21,10288,45,60,77,88,95
20151205 16:45,11,20,9,20,10,23,30,94,71,21,10288,44,60,77,88,95
20151205 16:46,8,17,9,19,7,27,31,94,72,22,10288,44,60,77,88,95
20151205 16:47,4,18,9,20,2,27,31,94,72,22,10288,44,60,77,88,95
20151205 16:48,359,19,7,19,355,29,31,94,72,22,10288,44,60,77,88,95
20151205 16:49,4,21,7,20,12,32,31,94,72,22,10289,44,60,77,88,95
20151205 16:50,8,19,6,19,4,22,31,94,72,22,10289,44,60,77,88,95
20151205 16:51,10,17,7,19,16,24,31,94,72,22,10289,44,60,77,88,95
20151205 16:52,17,17,8,19,18,22,31,94,72,22,10289,44,60,77,88,95
20151205 16:53,14,18,9,19,10,25,31,94,72,22,10289,44,60,77,88,95
20151205 16:54,6,18,8,18,3,20,31,94,72,22,10289,44,60,76,88,95
20151205 16:55,9,14,8,18,15,13,31,95,72,24,10289,44,59,76,88,95
20151205 16:56,20,11,10,17,25,16,31,95,72,24,10289,44,59,76,88,95
20151205 16:57,27,10,13,16,29,12,31,95,72,24,10289,45,59,76,87,95
20151205 16:58,27,11,16,15,26,16,31,95,72,24,10289,45,59,76,87,95
20151205 16:59,28,11,18,14,30,16,31,95,72,24,10289,45,59,76,87,95
20151205 17:00,29,12,20,14,27,17,31,95,72,24,10289,45,59,76,87,95
20151205 17:01,29,14,21,14,31,17,31,95,72,24,10289,45,59,76,87,95
20151205 17:02,30,15,23,13,29,25,31,95,72,24,10289,45,59,76,87,95
20151205 17:03,27,16,24,13,24,21,31,95,72,24,10289,45,59,76,87,95
20151205 17:04,27,19,27,14,31,28,31,95,72,24,10288,45,59,76,87,95
20151205 17:05,32,22,29,15,33,28,31,95,72,24,10288,44,59,76,87,95
20151205 17:06,25,20,28,15,18,19,31,95,72,24,10288,44,59,76,87,95
20151205 17:07,25,19,28,17,32,25,31,95,72,24,10288,44,59,76,87,95
20151205 17:08,35,20,29,17,39,25,31,95,72,24,10288,44,59,76,87,95
20151205 17:09,42,17,31,18,46,23,31,95,72,24,10288,44,59,76,87,95
20151205 17:10,43,19,32,19,41,30,31,95,72,24,10288,44,58,76,87,95
20151205 17:11,41,22,34,19,42,30,31,95,72,24,10289,44,58,76,87,95
20151205 17:12,35,21,33,20,27,23,31,95,72,24,10289,44,58,76,87,95
20151205 17:13,22,19,33,20,18,24,31,95,72,24,10289,44,58,76,87,95
20151205 17:14,21,21,32,20,25,32,31,95,72,24,10289,44,58,75,87,95
20151205 17:15,33,21,33,20,41,22,31,95,72,24,10289,43,58,75,87,95
20151205 17:16,37,15,34,19,33,17,31,95,72,24,10289,44,58,75,87,95
20151205 17:17,32,9,34,18,32,11,32,95,73,25,10289,44,58,75,87,95
20151205 17:18,24,10,32,17,16,20,32,95,73,25,10289,44,58,75,87,95
20151205 17:19,17,16,29,18,18,24,32,95,73,25,10289,44,58,75,87,95
20151205 17:20,16,18,27,17,14,24,32,95,73,25,10289,44,58,75,87,95
20151205 17:21,16,14,24,16,18,16,32,95,73,25,10289,44,58,75,87,95
20151205 17:22,20,12,24,15,22,16,32,95,73,25,10289,44,58,75,87,95
20151205 17:23,31,12,26,15,41,15,32,95,73,25,10290,44,58,75,87,95
20151205 17:24,33,11,26,13,25,13,32,95,73,25,10290,44,58,75,87,95
20151205 17:25,35,13,26,13,46,29,32,95,73,25,10290,44,58,75,87,95
20151205 17:26,32,12,25,13,18,11,32,95,73,25,10290,44,58,75,87,95
20151205 17:27,17,10,23,13,17,18,32,95,73,25,10290,43,58,75,87,95
20151205 17:28,28,12,26,13,38,14,32,95,73,25,10290,44,58,75,86,95
20151205 17:29,37,13,27,13,35,25,32,95,73,25,10290,44,58,75,87,95
20151205 17:30,26,16,28,13,18,28,32,95,73,25,10290,44,57,75,86,95
20151205 17:31,33,13,31,12,50,17,32,95,73,25,10290,43,57,75,86,95
20151205 17:32,44,12,33,13,39,17,32,95,73,25,10290,44,57,75,86,95
20151205 17:33,43,14,33,12,47,16,32,95,73,25,10290,44,57,75,86,95
20151205 17:34,48,10,36,12,49,12,32,95,73,25,10289,44,57,75,86,95
20151205 17:35,52,8,37,11,54,14,32,95,73,25,10289,44,57,74,86,95
20151205 17:36,46,9,39,12,38,12,32,95,73,25,10289,43,57,74,86,95
20151205 17:37,40,9,41,11,42,12,32,95,73,25,10289,44,57,74,86,94
20151205 17:38,48,7,43,11,54,8,33,95,74,26,10289,44,57,74,86,94
20151205 17:39,53,5,44,10,53,9,33,95,74,26,10289,44,57,74,86,94
20151205 17:40,54,4,48,8,55,14,33,95,74,26,10290,44,57,74,86,94
20151205 17:41,54,7,48,9,52,15,33,96,74,27,10289,44,57,74,86,94
20151205 17:42,43,10,48,8,34,17,33,96,74,27,10289,44,57,74,86,94
20151205 17:43,43,12,48,8,51,18,33,96,74,27,10289,44,57,74,86,94
20151205 17:44,52,13,49,9,53,14,33,96,74,27,10289,44,57,74,86,94
20151205 17:45,49,11,48,9,46,19,33,96,74,27,10289,44,57,74,86,94
20151205 17:46,45,15,48,10,44,24,33,96,74,27,10290,44,57,74,86,94
20151205 17:47,45,17,49,10,46,22,33,96,74,27,10290,44,57,74,86,94
20151205 17:48,47,13,48,11,49,14,33,96,74,27,10291,44,57,74,86,94
20151205 17:49,54,10,49,11,59,13,33,96,74,27,10291,44,57,74,86,94
20151205 17:50,48,13,47,13,36,20,33,96,74,27,10291,44,57,74,86,94
20151205 17:51,45,14,47,13,54,15,33,96,74,27,10291,44,57,74,86,94
20151205 17:52,49,12,48,13,43,16,33,96,74,27,10291,44,57,74,86,94
20151205 17:53,46,12,48,13,49,17,33,96,74,27,10292,44,57,74,86,94
20151205 17:54,47,9,47,12,45,10,33,96,74,27,10292,44,57,74,86,94
20151205 17:55,46,8,47,12,47,15,33,96,74,27,10292,44,57,74,86,94
20151205 17:56,35,11,45,12,24,19,33,96,74,27,10293,44,57,74,86,94
20151205 17:57,28,14,44,12,33,20,33,96,74,27,10293,44,57,73,86,94
20151205 17:58,42,14,44,12,50,19,33,96,74,27,10293,44,57,74,86,94
20151205 17:59,51,14,43,12,52,19,33,96,74,27,10292,44,57,73,86,94
20151205 18:00,46,15,44,12,40,22,33,96,74,27,10292,44,57,73,86,94
20151205 18:01,37,16,42,13,34,19,34,96,75,28,10293,44,57,73,85,94
20151205 18:02,41,14,42,13,48,18,34,96,75,28,10293,44,57,73,85,94
20151205 18:03,48,13,42,13,47,17,34,96,75,28,10293,44,57,73,85,94
20151205 18:04,48,13,42,14,49,18,34,96,75,28,10293,44,56,73,85,94
20151205 18:05,47,12,42,14,44,14,34,96,75,28,10293,44,56,73,85,94
20151205 18:06,50,11,45,14,55,15,34,96,75,28,10293,44,56,73,85,94
20151205 18:07,52,10,47,13,50,11,34,96,75,28,10293,44,56,73,85,94
20151205 18:08,50,6,47,12,50,7,34,96,75,28,10293,44,56,73,85,94
20151205 18:09,42,5,45,11,34,9,34,96,75,28,10293,44,56,73,85,94
20151205 18:10,35,8,45,11,36,13,34,96,75,28,10292,44,56,73,85,94
20151205 18:11,34,10,44,10,31,13,34,96,75,28,10292,44,56,73,85,94
20151205 18:12,42,10,45,10,53,11,34,96,75,28,10292,44,56,73,85,94
20151205 18:13,48,9,44,10,42,13,34,96,75,28,10291,44,56,73,85,94
20151205 18:14,38,9,43,9,34,13,34,96,75,28,10291,45,56,73,85,94
20151205 18:15,26,12,40,9,19,19,34,96,75,28,10291,45,56,73,85,94
20151205 18:16,19,15,37,10,19,19,34,96,75,28,10291,45,56,73,85,94
20151205 18:17,20,13,34,10,20,13,34,96,75,28,10291,45,56,73,85,94
20151205 18:18,18,10,30,11,17,11,34,96,75,28,10291,45,56,73,85,94
20151205 18:19,21,8,29,11,24,10,34,96,75,28,10291,45,56,73,85,94
20151205 18:20,32,8,30,11,39,11,34,96,75,28,10292,45,56,73,85,94
20151205 18:21,41,8,31,10,44,10,34,96,75,28,10292,45,56,73,85,94
20151205 18:22,51,6,32,10,58,9,35,96,75,29,10292,45,56,73,85,94
20151205 18:23,46,6,31,10,34,10,35,96,75,29,10293,45,56,73,85,94
20151205 18:24,36,8,31,10,39,13,35,96,75,29,10293,45,56,73,85,94
20151205 18:25,44,8,34,9,49,8,35,96,75,29,10293,45,56,73,85,93
20151205 18:26,51,7,38,8,52,13,35,96,75,29,10294,45,56,73,85,93
20151205 18:27,40,7,38,8,27,10,35,96,75,29,10294,45,56,72,85,93
20151205 18:28,33,6,40,7,39,10,35,96,75,29,10295,45,56,72,85,93
20151205 18:29,52,6,44,7,64,10,35,96,75,29,10295,45,56,72,85,93
20151205 18:30,48,7,44,7,32,13,35,96,75,29,10295,45,56,72,85,93
20151205 18:31,34,11,43,8,36,16,35,96,75,29,10295,45,56,72,85,93
20151205 18:32,40,12,42,8,44,14,35,96,75,29,10295,45,56,72,85,93
20151205 18:33,39,10,42,8,34,14,35,96,75,29,10295,45,56,72,85,93
20151205 18:34,35,9,41,8,37,12,35,96,75,29,10295,45,56,72,85,93
20151205 18:35,28,7,38,8,19,6,35,96,75,29,10296,45,56,72,85,93
20151205 18:36,16,5,34,8,12,8,35,96,75,29,10296,45,56,72,85,93
20151205 18:37,25,7,35,8,37,10,36,96,76,30,10296,45,56,72,84,93
20151205 18:38,23,7,32,8,9,7,36,96,76,30,10297,45,56,72,84,93
20151205 18:39,3,5,26,8,355,6,36,96,76,30,10297,45,56,72,84,93
20151205 18:40,2,5,23,7,9,7,36,96,76,30,10297,45,56,72,84,93
20151205 18:41,13,6,21,7,18,8,36,96,76,30,10297,45,56,72,84,93
20151205 18:42,21,4,19,6,24,5,36,96,76,30,10297,45,56,72,84,93
20151205 18:43,23,1,18,5,23,1,36,96,76,30,10297,45,56,72,84,93
20151205 18:44,23,3,17,5,24,10,36,96,76,30,10297,45,56,72,84,93
20151205 18:45,13,7,15,5,3,10,36,96,76,30,10298,46,56,72,84,93
20151205 18:46,1,7,14,5,359,8,36,96,76,30,10298,46,56,72,84,93
20151205 18:47,1,7,11,5,2,10,36,96,76,30,10298,46,56,72,84,93
20151205 18:48,1,6,10,5,359,6,36,96,76,30,10298,46,56,72,84,93
20151205 18:49,356,7,9,5,352,17,36,96,76,30,10298,46,56,72,84,93
20151205 18:50,350,10,7,6,349,15,36,96,76,30,10298,46,56,72,84,93
20151205 18:51,4,12,7,7,19,17,36,96,76,30,10298,45,56,72,84,93
20151205 18:52,19,12,7,8,18,13,36,96,76,30,10299,45,56,72,84,93
20151205 18:53,21,10,7,9,24,12,36,96,76,30,10299,45,56,72,84,93
20151205 18:54,17,12,6,9,11,24,36,96,76,30,10299,45,56,72,84,93
20151205 18:55,19,13,8,10,27,16,36,96,76,30,10299,45,56,72,84,93
20151205 18:56,23,11,10,10,18,12,36,96,76,30,10299,45,56,72,84,93
20151205 18:57,4,9,9,10,348,10,36,96,76,30,10300,45,56,72,84,93
20151205 18:58,354,6,9,10,359,7,36,96,76,30,10300,45,56,72,84,93
20151205 18:59,349,6,7,10,339,8,36,96,76,30,10300,46,56,72,84,93
20151205 19:00,341,5,7,9,342,6,37,96,76,31,10301,46,56,72,84,93
20151205 19:01,344,6,3,9,347,14,37,96,76,31,10301,46,56,72,84,93
20151205 19:02,352,8,1,8,357,15,37,96,76,31,10301,46,56,72,84,93
20151205 19:03,4,8,0,8,11,14,37,96,76,31,10301,46,56,72,84,93
20151205 19:04,23,9,2,8,35,14,37,96,76,31,10302,46,56,72,84,93
20151205 19:05,31,8,2,7,28,10,37,96,76,31,10302,46,56,72,84,93
20151205 19:06,18,7,1,7,9,12,37,96,76,31,10302,46,56,72,84,93
20151205 19:07,0,8,2,7,351,13,37,96,76,31,10302,46,56,72,84,93
20151205 19:08,13,8,6,7,38,9,37,96,76,31,10301,46,56,72,84,93
20151205 19:09,25,7,9,8,13,11,37,96,76,31,10301,46,56,72,84,93
20151205 19:10,19,8,13,8,24,9,37,96,76,31,10301,46,56,72,84,93
20151205 19:11,30,8,18,8,36,11,37,96,76,31,10300,46,56,72,84,93
20151205 19:12,31,13,21,9,26,21,37,95,76,30,10300,46,56,72,84,93
20151205 19:13,27,16,23,9,27,18,37,95,76,30,10300,46,56,72,84,93
20151205 19:14,19,13,20,10,11,15,37,95,76,30,10300,46,56,72,84,93
20151205 19:15,13,12,19,10,15,15,37,95,76,30,10300,46,56,72,84,93
20151205 19:16,17,15,20,11,20,26,37,95,76,30,10300,46,56,72,84,93
20151205 19:17,17,17,22,12,14,20,37,95,76,30,10300,46,56,71,84,93
20151205 19:18,17,17,20,13,19,21,37,95,76,30,10300,46,56,71,84,93
20151205 19:19,21,17,21,14,22,22,37,95,76,30,10300,46,56,71,84,92
20151205 19:20,24,16,21,15,25,23,37,95,76,30,10300,46,56,71,84,93
20151205 19:21,18,17,19,16,11,22,38,95,76,31,10300,46,56,71,84,93
20151205 19:22,15,15,18,15,19,15,38,95,76,31,10300,46,56,71,84,92
20151205 19:23,17,14,17,15,16,18,38,95,76,31,10300,46,56,71,83,92
20151205 19:24,18,15,18,16,21,19,38,95,76,31,10300,46,56,71,83,92
20151205 19:25,24,16,20,16,28,24,38,95,76,31,10300,46,56,71,83,92
20151205 19:26,23,18,19,16,19,24,38,95,76,31,10300,46,56,71,83,92
20151205 19:27,20,14,20,16,21,16,38,95,76,31,10300,46,56,71,83,92
20151205 19:28,32,10,22,15,42,14,38,95,76,31,10300,46,56,71,83,92
20151205 19:29,35,10,23,14,27,22,38,95,76,31,10300,46,56,71,83,92
20151205 19:30,23,13,22,14,19,20,38,95,76,31,10301,46,56,71,83,92
20151205 19:31,33,12,26,13,48,13,38,95,76,31,10301,45,56,71,83,92
20151205 19:32,27,10,25,13,6,22,38,95,76,31,10301,45,56,71,83,92
20151205 19:33,5,14,24,13,5,22,38,95,76,31,10301,45,56,71,83,92
20151205 19:34,15,14,24,13,26,19,38,95,76,31,10301,45,56,71,83,92
20151205 19:35,20,11,23,12,13,15,38,94,75,29,10302,45,56,71,83,92
20151205 19:36,15,8,22,11,18,9,38,94,75,29,10302,45,56,71,83,92
20151205 19:37,11,8,21,11,4,15,38,94,75,29,10302,46,56,71,83,92
20151205 19:38,10,7,18,11,16,8,38,94,75,29,10303,46,56,71,83,92
20151205 19:39,1,6,14,10,345,8,38,95,76,31,10303,46,56,71,83,92
20151205 19:40,347,9,11,10,350,21,39,95,77,32,10304,46,56,71,83,92
20151205 19:41,352,15,6,11,354,23,39,95,77,32,10304,46,56,71,83,92
20151205 19:42,7,15,7,11,22,17,39,95,77,32,10304,46,56,71,83,92
20151205 19:43,48,8,14,10,82,8,39,95,77,32,10304,46,56,71,83,92
20151205 19:44,32,4,10,9,349,7,39,95,77,32,10305,46,56,71,83,92
20151205 19:45,13,7,12,9,35,15,39,95,77,32,10306,46,56,71,83,92
20151205 19:46,33,10,14,9,32,15,39,95,77,32,10306,46,56,71,83,92
20151205 19:47,28,17,16,11,24,39,39,95,77,32,10306,46,56,71,83,92
20151205 19:48,22,21,16,12,21,23,39,94,76,30,10306,46,56,71,83,92
20151205 19:49,15,16,19,12,10,18,39,94,76,30,10306,46,56,71,83,92
20151205 19:50,12,17,21,13,13,27,39,94,76,30,10306,46,56,71,83,92
20151205 19:51,12,17,23,13,12,22,40,94,76,31,10306,46,56,71,83,92
20151205 19:52,359,12,19,13,343,15,40,94,76,31,10306,46,56,71,83,92
20151205 19:53,353,16,12,14,1,28,40,94,76,31,10306,46,56,71,83,92
20151205 19:54,18,19,17,16,35,22,40,94,76,31,10306,46,56,71,83,92
20151205 19:55,26,16,15,16,17,19,40,94,76,31,10306,46,56,71,83,92
20151205 19:56,12,16,12,17,7,23,40,94,76,31,10306,46,56,71,83,92
20151205 19:57,354,19,8,17,340,41,40,94,76,31,10306,46,56,71,83,92
20151205 19:58,356,19,7,17,13,32,40,94,76,31,10306,46,56,71,83,92
20151205 19:59,28,16,10,17,42,20,40,94,76,31,10306,46,56,71,83,92
20151205 20:00,30,16,11,16,18,24,40,94,76,31,10306,46,56,71,83,92
