time_now,wd_avg_2mins,ws_avg_2mins,wd_avg_10mins,ws_avg_10mins,wd_maxsp_this_min,ws_maxsp_this_min,air_temp_by_box,relative_humidity,water_vapor_pressure,dew_temp,station_pressure,ground_temp_pt,ground_tem_5cm,ground_tem_10cm,ground_tem_15cm,ground_tem_20cm
20150114 20:01,61,34,57,33,59,51,76,97,101,72,10267,72,75,79,83,85
20150114 20:02,56,38,57,33,54,58,76,97,101,72,10267,72,75,79,83,85
20150114 20:03,54,38,56,34,54,50,76,97,101,72,10267,72,75,79,83,85
20150114 20:04,55,41,56,36,55,63,76,97,101,72,10267,72,75,79,83,85
20150114 20:05,52,37,55,36,50,49,77,97,102,73,10267,72,75,79,83,85
20150114 20:06,53,28,55,36,57,41,77,97,102,73,10267,72,75,79,83,85
20150114 20:07,53,27,55,35,48,42,77,97,102,73,10267,72,75,79,83,85
20150114 20:08,50,31,55,34,51,56,77,97,102,73,10267,72,75,79,83,85
20150114 20:09,53,35,54,34,55,51,77,97,102,73,10267,72,75,79,83,85
20150114 20:10,52,35,53,35,50,58,77,97,102,73,10267,72,75,79,83,85
20150114 20:11,50,32,52,34,50,41,77,97,102,73,10267,72,75,79,83,85
20150114 20:12,52,27,52,33,54,41,77,97,102,73,10267,72,75,79,83,85
20150114 20:13,53,34,52,33,52,58,77,97,102,73,10267,73,75,79,83,85
20150114 20:14,52,34,52,31,51,49,77,97,102,73,10267,73,75,79,83,85
20150114 20:15,53,34,52,32,54,57,77,97,102,73,10267,72,75,79,83,85
20150114 20:16,57,40,52,34,60,53,77,97,102,73,10267,72,75,79,83,85
20150114 20:17,56,40,53,35,52,54,77,97,102,73,10267,73,75,79,83,85
20150114 20:18,58,38,54,35,63,47,77,97,102,73,10267,73,75,79,83,85
20150114 20:19,59,35,54,35,55,43,78,97,103,74,10267,73,75,79,83,85
20150114 20:20,54,35,54,35,54,48,78,97,103,74,10267,73,75,79,83,85
20150114 20:21,56,36,55,36,59,46,78,97,103,74,10267,73,75,79,83,85
20150114 20:22,58,39,56,37,57,65,78,97,103,74,10267,73,75,79,83,85
20150114 20:23,58,42,56,37,59,50,78,97,103,74,10267,73,76,79,83,85
20150114 20:24,59,40,57,38,58,53,78,97,103,74,10267,73,76,79,83,85
20150114 20:25,58,39,57,38,57,50,78,97,103,74,10266,73,76,79,83,85
20150114 20:26,55,40,57,38,54,64,78,97,103,74,10266,73,76,79,83,85
20150114 20:27,57,42,58,39,61,58,78,97,103,74,10265,73,76,79,83,85
20150114 20:28,59,40,57,39,57,55,78,97,103,74,10266,73,76,79,83,85
20150114 20:29,55,38,57,39,53,57,78,97,103,74,10265,73,76,79,83,85
20150114 20:30,57,36,58,39,61,43,78,97,103,74,10265,73,76,79,83,85
20150114 20:31,58,34,57,39,55,49,78,97,103,74,10265,73,76,79,83,85
20150114 20:32,61,34,58,38,67,46,78,97,103,74,10264,73,76,79,83,85
20150114 20:33,63,40,58,39,59,61,78,97,103,74,10264,73,76,79,83,85
20150114 20:34,62,42,59,38,65,50,79,97,103,75,10265,73,76,79,83,85
20150114 20:35,62,41,59,39,60,65,79,97,103,75,10265,73,76,79,83,85
20150114 20:36,61,37,60,38,63,40,79,97,103,75,10265,73,76,79,83,85
20150114 20:37,61,33,60,37,60,52,79,97,103,75,10265,74,76,79,83,85
20150114 20:38,59,37,60,37,58,51,79,97,103,75,10265,74,76,79,83,85
20150114 20:39,60,36,61,37,61,46,79,97,103,75,10265,74,76,79,83,85
20150114 20:40,61,33,61,37,61,57,79,97,103,75,10265,74,76,79,83,85
20150114 20:41,61,32,61,36,61,49,79,97,103,75,10265,74,76,79,83,85
20150114 20:42,62,37,61,37,62,61,79,97,103,75,10265,74,76,79,83,85
20150114 20:43,57,36,60,36,52,43,79,97,103,75,10265,74,76,79,83,85
20150114 20:44,58,34,60,36,65,59,79,97,103,75,10265,74,76,79,83,85
20150114 20:45,60,38,60,35,55,54,79,97,103,75,10265,74,76,79,83,85
20150114 20:46,54,38,59,36,53,53,79,97,103,75,10265,74,76,79,83,85
20150114 20:47,52,36,58,36,51,50,79,97,103,75,10265,74,76,78,83,85
20150114 20:48,52,36,57,36,53,50,79,97,103,75,10265,74,76,79,83,85
20150114 20:49,53,40,57,36,53,58,79,97,103,75,10265,74,76,79,83,85
20150114 20:50,51,37,55,36,49,51,80,97,104,76,10265,74,76,79,83,85
20150114 20:51,54,36,55,37,59,58,80,97,104,76,10264,74,76,79,83,85
20150114 20:52,56,44,54,38,54,59,80,97,104,76,10264,75,76,78,83,85
20150114 20:53,51,36,54,37,48,42,80,97,104,76,10264,75,76,78,83,85
20150114 20:54,51,36,53,38,54,62,80,97,104,76,10264,74,76,78,83,85
20150114 20:55,52,43,52,38,50,62,80,97,104,76,10264,74,76,79,83,85
20150114 20:56,47,40,52,38,44,66,80,97,104,76,10264,75,76,78,83,85
20150114 20:57,46,40,51,39,48,60,80,97,104,76,10264,75,76,79,83,85
20150114 20:58,50,35,51,38,52,45,80,97,104,76,10264,75,76,79,83,85
20150114 20:59,56,36,52,38,61,59,80,97,104,76,10263,75,76,78,83,85
20150114 21:00,58,39,53,39,56,57,80,97,104,76,10263,75,76,78,83,85
20150114 21:01,54,35,52,38,53,52,80,97,104,76,10264,75,76,79,83,85
20150114 21:02,54,33,52,36,55,52,80,97,104,76,10264,75,76,78,83,85
20150114 21:03,52,37,52,38,50,64,80,97,104,76,10264,75,76,78,83,84
20150114 21:04,48,42,51,38,46,70,80,97,104,76,10264,75,76,79,83,84
20150114 21:05,47,34,51,36,49,36,81,97,105,77,10264,75,76,78,83,84
20150114 21:06,47,30,51,36,45,58,80,97,104,76,10264,75,76,78,83,85
20150114 21:07,43,34,51,35,41,47,81,97,105,77,10264,75,76,78,83,84
20150114 21:08,40,40,49,37,39,77,81,97,105,77,10264,75,76,78,83,84
20150114 21:09,40,46,47,37,40,74,81,97,105,77,10264,75,76,78,83,84
20150114 21:10,42,44,46,38,44,64,81,97,105,77,10264,75,76,78,83,84
20150114 21:11,45,39,45,38,46,68,81,97,105,77,10264,75,76,78,82,84
20150114 21:12,42,40,44,40,38,64,81,97,105,77,10264,75,76,78,82,84
20150114 21:13,41,41,43,39,45,50,81,97,105,77,10264,76,76,78,82,84
20150114 21:14,44,36,43,38,44,54,81,97,105,77,10264,76,76,78,82,84
20150114 21:15,44,33,43,39,43,48,81,97,105,77,10264,76,76,79,82,84
20150114 21:16,45,38,43,40,47,63,81,97,105,77,10264,76,76,79,82,84
20150114 21:17,43,44,43,41,40,61,81,97,105,77,10264,76,76,79,82,84
20150114 21:18,39,42,43,40,39,53,81,97,105,77,10264,76,76,79,82,84
20150114 21:19,38,41,42,40,36,55,81,97,105,77,10264,76,76,78,82,84
20150114 21:20,41,43,42,40,46,69,81,97,105,77,10263,76,76,79,82,84
20150114 21:21,42,43,42,40,38,54,81,97,105,77,10263,76,77,78,82,84
20150114 21:22,39,41,42,40,40,59,81,97,105,77,10263,76,77,79,82,84
20150114 21:23,42,39,42,40,44,66,81,97,105,77,10263,76,77,78,82,84
20150114 21:24,42,39,41,41,40,65,82,97,105,78,10263,76,77,78,82,84
20150114 21:25,38,43,41,42,37,58,82,97,105,78,10263,76,77,78,82,84
20150114 21:26,38,47,40,42,39,71,82,97,105,78,10263,76,77,78,82,84
20150114 21:27,39,46,40,42,39,59,82,97,105,78,10262,76,77,79,82,84
20150114 21:28,42,41,40,42,44,53,82,97,105,78,10262,76,77,78,82,84
20150114 21:29,45,48,41,44,45,71,82,97,105,78,10262,76,77,79,82,84
20150114 21:30,45,52,41,44,44,63,82,97,105,78,10261,76,77,79,82,84
20150114 21:31,44,54,42,46,43,84,82,97,105,78,10261,76,77,79,82,84
20150114 21:32,42,56,42,47,41,70,82,97,105,78,10260,76,77,79,82,84
20150114 21:33,43,50,42,48,45,76,82,97,105,78,10260,76,77,79,82,84
20150114 21:34,44,54,42,50,42,83,82,97,105,78,10259,76,77,79,82,84
20150114 21:35,43,46,43,49,45,55,82,97,105,78,10259,76,77,79,82,84
20150114 21:36,45,44,43,49,46,73,82,97,105,78,10259,76,77,79,82,84
20150114 21:37,49,48,45,49,51,49,82,97,105,78,10259,76,77,79,82,84
20150114 21:38,50,43,45,50,50,56,82,97,105,78,10260,76,77,79,82,84
20150114 21:39,48,41,45,48,46,67,82,97,105,78,10260,76,77,79,82,84
20150114 21:40,45,38,45,47,44,63,82,97,105,78,10260,76,77,79,82,84
20150114 21:41,44,37,45,45,44,54,82,97,105,78,10259,76,77,79,82,84
20150114 21:42,44,44,46,45,44,89,82,97,105,78,10259,76,77,79,82,84
20150114 21:43,44,47,46,44,45,60,82,97,105,78,10259,76,77,79,82,84
20150114 21:44,46,38,46,42,47,44,82,97,105,78,10259,76,77,79,82,84
20150114 21:45,46,40,46,43,45,60,82,97,105,78,10259,76,77,79,82,84
20150114 21:46,46,43,46,41,47,69,82,97,105,78,10259,76,77,79,82,84
20150114 21:47,47,47,46,43,47,75,82,97,105,78,10259,76,77,79,82,84
20150114 21:48,48,47,46,42,50,71,82,97,105,78,10259,76,77,79,82,84
20150114 21:49,50,36,46,42,51,52,82,97,105,78,10260,76,77,79,82,84
20150114 21:50,49,36,47,42,47,61,82,97,105,78,10260,76,77,79,82,84
20150114 21:51,53,41,48,43,58,58,82,97,105,78,10261,76,77,79,82,84
20150114 21:52,58,44,49,42,58,60,83,97,106,79,10261,76,77,79,82,84
20150114 21:53,55,39,50,41,52,56,83,97,106,79,10261,77,77,79,82,84
20150114 21:54,56,39,51,42,59,63,83,97,106,79,10262,77,77,79,82,84
20150114 21:55,55,39,52,41,50,51,83,97,106,79,10262,77,77,79,82,84
20150114 21:56,54,32,53,40,58,45,83,97,106,79,10262,77,77,79,82,84
20150114 21:57,56,34,54,38,55,48,83,97,106,79,10263,77,77,79,82,84
20150114 21:58,55,33,54,37,54,45,83,97,106,79,10263,77,77,79,82,84
20150114 21:59,55,30,55,37,56,49,83,97,106,79,10263,77,77,79,82,84
20150114 22:00,53,32,55,36,50,58,83,97,106,79,10262,77,77,79,82,84
20150114 22:01,51,35,54,35,52,63,83,97,106,79,10262,77,77,79,82,84
20150114 22:02,52,37,54,35,52,62,83,97,106,79,10262,77,77,79,82,84
20150114 22:03,49,37,53,35,47,57,83,97,106,79,10262,77,77,79,82,84
20150114 22:04,54,32,53,33,60,48,83,97,106,79,10262,77,77,79,82,84
20150114 22:05,63,34,55,34,66,54,83,97,106,79,10261,77,77,79,82,84
20150114 22:06,63,34,55,34,59,42,83,97,106,79,10261,77,77,79,82,84
20150114 22:07,53,34,54,34,46,51,83,97,106,79,10260,77,77,79,82,84
20150114 22:08,51,34,54,34,56,41,83,97,106,79,10260,77,77,79,82,84
20150114 22:09,59,36,55,35,63,59,83,97,106,79,10260,77,77,79,82,84
20150114 22:10,60,40,56,35,56,48,83,97,106,79,10260,77,77,79,82,84
20150114 22:11,56,37,56,36,55,47,83,97,106,79,10260,77,77,79,82,84
20150114 22:12,58,36,57,35,61,52,83,97,106,79,10260,77,77,79,82,84
20150114 22:13,61,36,58,35,62,61,83,97,106,79,10260,77,77,79,82,84
20150114 22:14,60,33,58,35,58,55,83,97,106,79,10260,77,77,79,82,84
20150114 22:15,58,42,57,37,58,70,83,97,106,79,10259,77,78,79,82,84
20150114 22:16,57,45,57,37,56,57,83,97,106,79,10260,77,77,79,82,84
20150114 22:17,57,36,58,37,59,64,83,97,106,79,10260,77,78,79,82,84
20150114 22:18,59,39,59,38,59,63,83,97,106,79,10260,77,78,79,82,84
20150114 22:19,58,38,58,38,58,43,83,97,106,79,10260,77,78,79,82,84
20150114 22:20,56,39,58,38,54,59,83,97,106,79,10259,77,78,79,82,84
20150114 22:21,55,46,58,39,55,61,83,97,106,79,10259,77,78,79,82,84
20150114 22:22,53,43,57,40,52,56,83,97,106,79,10259,77,78,79,82,84
20150114 22:23,52,42,56,41,53,79,83,97,106,79,10259,77,78,79,82,84
20150114 22:24,56,39,56,41,60,51,83,97,106,79,10259,77,78,79,82,84
20150114 22:25,56,35,56,39,52,65,83,97,106,79,10259,77,78,79,82,84
20150114 22:26,54,34,56,39,57,48,83,97,106,79,10259,77,78,79,82,84
20150114 22:27,55,29,55,38,53,50,83,97,106,79,10259,77,78,79,82,84
20150114 22:28,53,30,55,37,52,44,83,97,106,79,10259,77,78,79,82,84
20150114 22:29,55,30,55,36,58,49,83,97,106,79,10259,77,78,79,82,84
20150114 22:30,58,31,55,35,58,50,83,97,106,79,10259,77,78,79,82,84
20150114 22:31,57,35,55,34,56,51,84,97,107,80,10260,77,78,79,82,84
20150114 22:32,56,37,55,34,55,46,84,97,107,80,10260,77,78,79,82,84
20150114 22:33,59,35,56,33,63,47,84,97,107,80,10260,77,78,79,82,84
20150114 22:34,61,32,56,33,59,43,84,97,107,80,10260,78,78,79,82,84
20150114 22:35,58,32,57,32,58,48,84,97,107,80,10260,78,78,79,82,84
20150114 22:36,59,34,57,33,61,45,84,97,107,80,10259,78,78,79,82,84
20150114 22:37,58,33,58,33,56,53,84,97,107,80,10259,78,78,79,82,84
20150114 22:38,57,32,58,33,58,48,84,97,107,80,10259,78,78,79,82,84
20150114 22:39,60,32,59,34,62,47,84,97,107,80,10259,78,78,79,82,84
20150114 22:40,61,39,59,35,61,67,84,97,107,80,10258,78,78,79,82,84
20150114 22:41,62,48,60,36,63,65,84,97,107,80,10258,78,78,79,82,84
20150114 22:42,60,50,60,37,58,66,85,97,108,81,10258,78,78,79,82,84
20150114 22:43,59,44,60,38,60,51,85,97,108,81,10257,78,78,79,82,84
20150114 22:44,60,39,60,39,59,57,85,97,108,81,10257,78,78,79,82,84
20150114 22:45,60,36,60,39,61,50,85,97,108,81,10257,78,78,79,82,84
20150114 22:46,60,41,60,40,59,61,85,97,108,81,10256,78,78,79,82,84
20150114 22:47,61,44,60,41,63,53,85,97,108,81,10256,78,78,79,82,84
20150114 22:48,59,36,60,41,55,44,85,97,108,81,10255,78,78,79,82,84
20150114 22:49,55,38,59,42,54,71,85,97,108,81,10255,78,78,79,82,84
20150114 22:50,57,40,59,41,60,54,85,97,108,81,10255,78,78,79,82,84
20150114 22:51,60,37,59,40,60,56,85,97,108,81,10256,78,78,79,82,84
20150114 22:52,59,33,59,38,58,34,85,97,108,81,10256,78,78,79,82,84
20150114 22:53,57,30,58,37,55,46,85,97,108,81,10256,78,78,79,82,84
20150114 22:54,54,35,58,37,53,52,85,97,108,81,10256,78,78,79,82,84
20150114 22:55,55,32,57,36,57,48,85,97,108,81,10256,78,78,79,82,84
20150114 22:56,57,26,57,34,57,49,85,97,108,81,10256,78,78,79,82,84
20150114 22:57,55,29,56,33,54,51,85,97,108,81,10256,78,78,79,82,84
20150114 22:58,53,34,56,34,52,51,85,97,108,81,10255,78,78,79,82,84
20150114 22:59,50,32,56,32,49,49,85,97,108,81,10254,78,78,79,82,84
20150114 23:00,50,35,55,33,51,62,85,97,108,81,10254,78,78,79,82,84
20150114 23:01,47,44,53,33,42,63,85,97,108,81,10253,78,78,79,82,84
20150114 23:02,45,39,52,34,49,49,85,97,108,81,10252,78,78,79,82,84
20150114 23:03,45,26,50,33,40,30,85,97,108,81,10252,78,78,79,82,84
20150114 23:04,38,23,49,31,37,35,85,97,108,81,10252,78,78,79,82,84
20150114 23:05,42,26,48,32,47,48,85,97,108,81,10251,78,78,79,82,84
20150114 23:06,48,35,47,33,48,51,85,97,108,81,10251,78,78,79,82,84
20150114 23:07,47,40,46,34,46,60,85,97,108,81,10250,78,78,79,82,84
20150114 23:08,44,38,45,34,42,51,85,97,108,81,10250,78,78,79,82,84
20150114 23:09,46,38,45,35,50,56,85,97,108,81,10249,78,78,79,82,84
20150114 23:10,50,48,45,36,51,70,85,97,108,81,10249,78,78,79,82,84
20150114 23:11,46,45,45,35,40,66,85,97,108,81,10248,78,78,79,82,84
20150114 23:12,45,37,45,36,50,53,85,97,108,81,10248,78,78,79,82,84
20150114 23:13,52,40,47,38,54,56,85,97,108,81,10248,78,78,79,82,84
20150114 23:14,49,45,47,41,45,73,85,97,108,81,10247,79,78,79,82,84
20150114 23:15,47,46,48,42,49,64,85,97,108,81,10247,79,78,79,82,84
20150114 23:16,47,41,47,42,45,72,85,97,108,81,10247,79,78,79,82,84
20150114 23:17,47,39,48,42,49,55,85,97,108,81,10247,79,78,79,82,84
20150114 23:18,51,34,49,41,53,48,85,97,108,81,10247,79,78,79,82,84
20150114 23:19,50,43,48,42,47,87,85,97,108,81,10247,79,78,79,82,84
20150114 23:20,44,56,47,43,41,86,85,97,108,81,10247,79,79,79,82,84
20150114 23:21,43,44,48,42,45,49,85,97,108,81,10247,79,79,79,82,84
20150114 23:22,48,34,48,42,51,47,85,97,108,81,10247,79,79,79,82,84
20150114 23:23,51,35,48,41,51,51,85,97,108,81,10247,79,79,79,82,84
20150114 23:24,50,34,48,40,49,55,85,97,108,81,10247,79,79,79,82,84
20150114 23:25,53,32,49,39,58,57,85,97,108,81,10247,79,79,79,82,84
20150114 23:26,57,36,50,39,57,68,85,97,108,81,10247,79,79,79,82,84
20150114 23:27,53,40,50,39,50,52,85,97,108,81,10247,79,79,79,82,84
20150114 23:28,48,44,49,41,45,61,85,97,108,81,10247,79,79,79,82,84
20150114 23:29,49,44,50,39,53,63,85,97,108,81,10247,79,79,79,82,84
20150114 23:30,53,35,51,36,53,40,85,97,108,81,10247,79,79,79,82,84
20150114 23:31,53,33,52,37,54,54,85,97,108,81,10247,79,79,79,82,84
20150114 23:32,50,32,52,36,47,37,85,97,108,81,10247,79,79,79,82,84
20150114 23:33,48,31,52,36,50,53,85,97,108,81,10247,79,79,79,82,84
20150114 23:34,51,30,52,35,52,35,85,97,108,81,10247,79,79,79,82,84
20150114 23:35,49,27,51,35,46,43,85,97,108,81,10246,78,79,79,82,84
20150114 23:36,45,29,50,34,45,43,85,97,108,81,10246,78,79,79,82,84
20150114 23:37,44,31,49,33,44,49,85,97,108,81,10245,78,79,79,82,84
20150114 23:38,45,34,49,32,46,50,85,97,108,81,10245,78,79,79,82,84
20150114 23:39,45,37,48,32,43,57,85,97,108,81,10245,78,79,79,82,84
20150114 23:40,41,41,47,33,39,63,85,97,108,81,10245,78,79,79,82,84
20150114 23:41,43,37,46,33,47,60,85,97,108,81,10245,78,79,79,82,84
20150114 23:42,43,35,45,34,39,54,85,97,108,81,10245,79,79,79,82,84
20150114 23:43,41,37,44,34,42,45,85,97,108,81,10245,78,79,79,82,84
20150114 23:44,45,42,44,36,47,65,85,97,108,81,10245,78,79,79,82,84
20150114 23:45,44,49,43,38,40,61,85,97,108,81,10245,78,79,79,82,84
20150114 23:46,38,46,42,39,36,58,85,97,108,81,10245,78,79,80,82,84
20150114 23:47,41,42,43,40,46,54,85,97,108,81,10244,78,79,80,82,84
20150114 23:48,44,36,42,40,41,53,85,97,108,81,10244,78,79,80,82,84
20150114 23:49,40,34,42,40,40,58,85,97,108,81,10244,78,79,80,82,84
20150114 23:50,40,39,42,39,41,53,85,97,108,81,10244,78,79,80,82,84
20150114 23:51,40,41,41,40,39,53,85,97,108,81,10244,78,79,80,82,84
20150114 23:52,40,39,41,40,42,70,85,97,108,81,10244,78,79,80,82,84
20150114 23:53,45,31,42,39,47,40,85,97,108,81,10243,78,79,80,82,84
20150114 23:54,42,30,41,38,37,45,85,97,108,81,10243,78,79,80,82,84
20150114 23:55,40,35,41,37,43,47,84,97,107,80,10243,78,79,80,82,84
20150114 23:56,44,38,42,36,44,72,84,97,107,80,10243,78,79,80,82,84
20150114 23:57,46,37,42,36,48,52,84,97,107,80,10242,78,79,80,82,84
20150114 23:58,45,34,42,36,42,57,84,97,107,80,10242,78,79,80,82,84
20150114 23:59,45,34,43,36,48,53,84,97,107,80,10242,78,79,80,82,84
20150114 00:00,46,38,43,36,44,73,84,97,107,80,10242,78,79,80,82,84
20150114 00:01,46,36,44,35,49,49,84,97,107,80,10242,78,79,80,82,84
20150114 00:02,49,37,45,36,49,65,84,97,107,80,10242,78,79,80,82,84
20150114 00:03,53,39,46,36,57,48,84,97,107,80,10242,78,79,80,82,84
20150114 00:04,56,37,48,37,55,55,84,97,107,80,10242,78,79,80,82,84
20150114 00:05,53,36,49,37,50,50,84,97,107,80,10242,78,79,80,82,84
20150114 00:06,53,37,50,37,57,63,84,97,107,80,10242,78,79,80,82,84
20150114 00:07,58,36,51,36,59,42,84,97,107,80,10242,78,79,80,82,84
20150114 00:08,54,39,52,38,50,65,84,97,107,80,10242,78,79,80,82,84
20150114 00:09,52,50,52,39,54,75,84,97,107,80,10242,78,79,80,82,84
20150114 00:10,56,43,54,39,58,49,84,97,107,80,10242,78,79,80,82,84
20150114 00:11,59,38,55,40,59,59,84,97,107,80,10242,78,79,80,82,84
20150114 00:12,57,43,55,40,54,65,85,97,108,81,10241,78,79,80,82,84
20150114 00:13,51,39,54,40,48,46,85,97,108,81,10241,78,79,80,82,84
20150114 00:14,49,37,54,40,50,65,85,97,108,81,10241,78,79,80,82,84
20150114 00:15,54,31,55,39,58,33,84,97,107,80,10241,78,79,80,82,84
20150114 00:16,55,33,54,39,52,65,84,97,107,80,10241,78,79,80,82,84
20150114 00:17,52,40,53,40,52,56,84,97,107,80,10241,78,79,80,82,84
20150114 00:18,54,34,54,38,57,53,84,97,107,80,10241,78,79,80,82,84
20150114 00:19,54,38,54,37,51,69,84,97,107,80,10241,78,79,80,82,84
20150114 00:20,53,49,54,39,55,74,84,97,107,80,10241,78,79,80,82,84
20150114 00:21,52,42,53,38,50,48,84,97,107,80,10241,78,79,80,82,84
20150114 00:22,49,32,52,37,49,59,84,97,107,80,10240,78,79,80,82,84
20150114 00:23,48,39,52,38,48,66,84,97,107,80,10240,78,79,80,82,84
20150114 00:24,46,45,52,39,44,58,84,97,107,80,10240,78,79,80,82,84
20150114 00:25,40,36,50,39,37,45,84,97,107,80,10240,78,79,80,82,84
20150114 00:26,41,33,49,39,45,49,84,97,107,80,10240,78,79,80,82,84
20150114 00:27,48,38,49,39,51,53,84,97,107,80,10239,78,79,80,82,84
20150114 00:28,49,34,48,39,47,51,84,97,107,80,10239,78,79,80,82,84
20150114 00:29,47,30,47,37,48,54,84,97,107,80,10240,78,79,80,82,84
20150114 00:30,53,27,48,34,58,32,84,97,107,80,10241,78,79,80,82,84
20150114 00:31,57,25,48,34,57,50,84,97,107,80,10241,78,79,80,82,84
20150114 00:32,54,30,49,34,52,49,84,97,107,80,10242,78,79,80,82,84
20150114 00:33,54,32,50,32,56,46,84,97,107,80,10241,78,79,80,82,84
20150114 00:34,51,31,50,31,46,39,84,97,107,80,10241,78,79,80,82,84
20150114 00:35,54,26,52,30,62,32,84,97,107,80,10241,78,79,80,82,84
20150114 00:36,55,25,52,29,48,40,84,97,107,80,10241,78,79,80,82,84
20150114 00:37,49,30,52,29,50,48,84,97,107,80,10241,78,79,80,82,84
20150114 00:38,48,31,52,29,45,41,84,97,107,80,10241,78,79,80,82,84
20150114 00:39,52,26,53,28,58,41,84,97,107,80,10241,78,79,80,82,84
20150114 00:40,54,23,52,28,49,47,84,97,107,80,10241,78,79,80,82,84
20150114 00:41,49,28,52,28,50,49,84,97,107,80,10240,78,79,80,82,84
20150114 00:42,51,32,52,29,52,44,84,97,107,80,10239,78,79,80,82,84
20150114 00:43,51,39,51,30,51,60,84,97,107,80,10239,78,79,80,82,84
20150114 00:44,48,43,51,31,45,61,84,97,107,80,10239,78,79,80,82,84
20150114 00:45,46,41,49,33,46,61,84,97,107,80,10239,78,79,80,82,84
20150114 00:46,47,41,49,34,48,60,84,97,107,80,10239,78,79,80,82,84
20150114 00:47,46,35,49,34,44,42,84,97,107,80,10239,78,79,80,82,84
20150114 00:48,47,35,49,35,50,48,84,97,107,80,10239,78,79,80,82,84
20150114 00:49,47,37,48,36,44,53,84,97,107,80,10238,78,79,80,82,84
20150114 00:50,45,35,48,37,46,58,84,97,107,80,10237,78,79,80,82,84
20150114 00:51,43,34,47,37,40,43,84,97,107,80,10237,78,79,80,82,84
20150114 00:52,42,27,46,36,44,51,83,97,106,79,10236,78,79,80,82,84
20150114 00:53,45,26,45,35,46,46,83,97,106,79,10236,78,79,80,82,84
20150114 00:54,43,35,45,35,40,60,83,97,106,79,10237,78,79,80,82,84
20150114 00:55,46,45,45,35,51,62,84,97,107,80,10237,78,79,80,82,84
20150114 00:56,52,40,46,35,53,46,84,97,107,80,10237,78,79,80,82,84
20150114 00:57,49,30,46,34,44,38,84,97,107,80,10237,78,79,80,82,84
20150114 00:58,42,29,45,33,41,41,84,97,107,80,10237,78,79,80,82,84
20150114 00:59,43,35,45,34,44,70,84,97,107,80,10237,78,79,80,82,84
20150114 01:00,46,42,45,34,48,69,84,97,107,80,10237,78,79,80,82,84
20150114 01:01,46,38,45,35,44,47,84,97,107,80,10237,78,79,80,82,84
20150114 01:02,43,41,45,37,43,64,84,97,107,80,10237,78,79,80,82,84
20150114 01:03,44,39,45,37,45,42,84,97,107,80,10237,78,79,80,82,84
20150114 01:04,48,29,46,36,52,54,84,97,107,80,10237,78,79,80,82,84
20150114 01:05,50,37,46,36,47,63,84,97,107,80,10237,78,79,80,82,84
20150114 01:06,46,35,45,35,45,40,84,97,107,80,10237,78,79,80,82,84
20150114 01:07,48,33,46,36,50,65,84,97,107,80,10236,78,79,80,82,84
20150114 01:08,42,32,45,36,33,40,84,97,107,80,10236,78,79,80,82,84
20150114 01:09,37,27,45,35,42,42,84,97,107,80,10236,78,79,80,82,84
20150114 01:10,46,30,45,33,51,42,84,97,107,80,10236,78,79,80,82,84
20150114 01:11,52,29,46,33,53,48,84,97,107,80,10236,78,79,80,82,84
20150114 01:12,49,29,46,31,45,44,84,97,107,80,10236,78,79,80,82,84
20150114 01:13,47,30,47,31,49,44,84,97,107,80,10236,78,79,80,82,84
20150114 01:14,47,33,46,32,46,47,84,97,107,80,10236,78,79,80,82,84
20150114 01:15,48,30,46,30,50,46,84,97,107,80,10236,78,79,80,82,84
20150114 01:16,44,27,46,30,38,47,84,97,107,80,10236,78,79,80,82,84
20150114 01:17,43,28,45,29,47,44,84,97,107,80,10236,78,79,80,82,84
20150114 01:18,44,30,46,30,42,53,85,97,108,81,10236,78,79,80,82,84
20150114 01:19,43,34,47,30,44,54,85,97,108,81,10236,79,79,80,82,84
20150114 01:20,40,35,45,31,37,42,85,97,108,81,10236,79,79,80,82,84
20150114 01:21,38,31,44,31,39,37,85,97,108,81,10236,79,79,80,82,84
20150114 01:22,36,29,43,31,34,44,85,97,108,81,10236,79,79,80,82,84
20150114 01:23,34,30,41,31,33,35,85,97,108,81,10236,79,79,80,82,84
20150114 01:24,32,22,39,29,31,25,85,97,108,81,10237,79,79,80,82,84
20150114 01:25,36,18,38,28,40,33,85,97,108,81,10237,79,79,80,82,84
20150114 01:26,43,18,39,27,46,24,85,97,108,81,10237,79,79,80,82,84
20150114 01:27,46,17,39,26,46,26,85,97,108,81,10237,79,79,80,82,84
20150114 01:28,38,27,38,26,29,54,85,97,108,81,10237,79,79,80,82,84
20150114 01:29,40,28,39,25,51,31,85,97,108,81,10237,79,79,80,82,84
20150114 01:30,51,19,40,23,51,22,85,97,108,81,10237,79,79,80,82,84
20150114 01:31,52,20,41,23,53,28,85,97,108,81,10237,79,79,80,82,84
20150114 01:32,52,22,43,22,51,32,85,97,108,81,10236,79,79,80,82,84
20150114 01:33,56,24,46,21,61,43,85,97,108,81,10236,80,79,80,82,84
20150114 01:34,55,27,48,23,49,34,86,97,108,82,10236,80,79,80,82,84
20150114 01:35,57,28,50,23,64,56,86,97,108,82,10236,80,79,80,82,84
20150114 01:36,57,29,51,25,50,43,86,97,108,82,10236,80,79,80,82,84
20150114 01:37,52,26,51,25,55,34,86,97,108,82,10236,80,79,80,82,84
20150114 01:38,58,23,54,24,60,33,86,97,108,82,10236,80,79,80,82,84
20150114 01:39,55,22,54,24,50,31,86,97,108,82,10236,80,79,80,82,84
20150114 01:40,53,23,55,25,56,37,86,97,108,82,10236,80,79,80,82,84
20150114 01:41,59,27,56,25,62,50,86,97,108,82,10236,80,79,80,82,84
20150114 01:42,55,28,55,26,48,38,86,97,108,82,10235,80,79,80,82,84
20150114 01:43,48,26,54,26,48,41,86,97,108,82,10235,80,80,80,82,84
20150114 01:44,44,23,53,25,39,28,86,97,108,82,10235,80,79,80,82,84
20150114 01:45,46,19,52,24,53,27,86,97,108,82,10235,80,79,80,82,84
20150114 01:46,57,26,53,24,60,42,86,97,108,82,10235,80,80,80,82,84
20150114 01:47,49,28,52,24,39,35,86,97,108,82,10234,80,80,80,82,84
20150114 01:48,37,30,49,26,36,54,86,97,108,82,10234,80,80,80,82,84
20150114 01:49,41,42,49,28,46,64,87,97,109,83,10234,81,80,80,82,84
20150114 01:50,44,45,47,30,42,59,87,97,109,83,10235,81,80,80,82,84
20150114 01:51,36,40,44,31,30,52,87,97,109,83,10235,81,80,80,82,84
20150114 01:52,34,35,43,32,38,44,87,97,109,83,10235,81,80,80,82,84
20150114 01:53,36,33,42,32,34,43,87,97,109,83,10235,81,80,80,83,84
20150114 01:54,29,31,40,34,23,44,87,97,109,83,10235,81,80,80,82,84
20150114 01:55,29,28,38,34,34,37,87,97,109,83,10235,81,80,80,82,84
20150114 01:56,37,31,36,35,39,50,87,97,109,83,10235,81,80,80,82,84
20150114 01:57,37,33,36,35,34,50,87,97,109,83,10235,81,80,80,82,84
20150114 01:58,35,32,36,35,35,53,87,97,109,83,10235,81,80,80,82,84
20150114 01:59,35,33,34,33,35,41,87,97,109,83,10236,81,80,80,82,84
20150114 02:00,32,33,33,32,30,50,87,97,109,83,10236,81,80,80,83,84
20150114 02:01,27,34,33,32,25,48,87,97,109,83,10236,81,80,80,82,84
20150114 02:02,34,33,33,32,44,48,87,97,109,83,10236,81,80,80,83,84
20150114 02:03,40,35,34,33,36,50,87,97,109,83,10236,81,80,80,82,84
20150114 02:04,37,34,35,32,38,38,87,97,109,83,10237,81,80,80,82,84
20150114 02:05,37,26,35,32,36,35,87,97,109,83,10237,81,80,80,83,84
20150114 02:06,34,24,35,31,32,37,87,97,109,83,10237,81,80,80,82,84
20150114 02:07,38,25,36,31,44,39,87,97,109,83,10238,81,80,80,83,84
20150114 02:08,41,23,36,29,37,27,86,97,108,82,10238,81,80,80,83,84
20150114 02:09,43,25,37,29,48,38,86,97,108,82,10238,81,80,80,83,84
20150114 02:10,43,32,38,29,38,48,86,97,108,82,10237,81,80,80,83,84
20150114 02:11,40,37,40,30,43,49,86,97,108,82,10237,81,80,80,83,84
20150114 02:12,43,37,39,30,43,45,86,97,108,82,10236,81,80,80,83,84
20150114 02:13,44,37,41,30,46,55,86,97,108,82,10236,81,80,80,82,84
20150114 02:14,42,38,41,31,39,54,86,97,108,82,10235,81,80,80,83,84
20150114 02:15,35,36,40,32,31,53,86,97,108,82,10235,81,80,80,83,84
20150114 02:16,37,36,41,33,44,50,86,97,108,82,10234,81,80,80,83,84
20150114 02:17,44,34,41,34,43,49,86,97,108,82,10234,81,80,80,83,84
20150114 02:18,41,38,42,36,40,54,86,97,108,82,10234,81,80,80,83,84
20150114 02:19,42,40,41,37,45,64,86,97,108,82,10234,81,80,80,83,84
20150114 02:20,44,39,42,38,44,51,86,97,108,82,10234,81,80,80,83,84
20150114 02:21,47,37,43,37,51,43,86,97,108,82,10234,81,80,80,83,84
20150114 02:22,51,30,43,36,51,45,86,97,108,82,10234,80,80,80,83,84
20150114 02:23,53,30,44,36,55,49,86,97,108,82,10233,80,80,80,83,84
20150114 02:24,54,33,46,35,53,46,86,97,108,82,10233,80,80,80,83,84
20150114 02:25,56,36,48,36,58,52,86,97,108,82,10232,80,80,80,83,84
20150114 02:26,55,37,49,35,52,65,85,97,108,81,10232,80,80,80,83,84
20150114 02:27,55,37,51,36,58,62,85,97,108,81,10232,80,80,80,83,84
20150114 02:28,58,45,53,37,59,68,85,97,108,81,10232,80,80,80,83,84
20150114 02:29,60,40,54,36,62,39,85,97,108,81,10231,80,80,80,83,84
20150114 02:30,56,31,55,35,49,44,85,97,108,81,10231,80,80,80,83,84
20150114 02:31,50,34,55,35,51,64,85,97,108,81,10230,80,80,80,82,84
20150114 02:32,50,44,54,38,48,73,85,97,108,81,10229,80,80,80,83,84
20150114 02:33,48,45,54,38,47,52,85,97,108,81,10229,80,80,80,83,84
20150114 02:34,45,40,53,39,43,63,85,97,108,81,10229,80,80,81,83,84
20150114 02:35,44,38,51,39,45,55,85,97,108,81,10230,80,80,80,83,84
20150114 02:36,45,37,51,39,44,60,85,97,108,81,10230,80,80,80,83,84
20150114 02:37,48,38,50,39,53,52,85,97,108,81,10230,80,81,81,83,84
20150114 02:38,55,37,50,38,57,60,85,97,108,81,10230,80,80,81,83,84
20150114 02:39,53,37,49,38,49,52,85,97,108,81,10230,80,81,81,83,84
20150114 02:40,43,31,47,38,37,39,85,97,108,81,10230,80,81,81,83,84
20150114 02:41,40,28,46,37,42,46,85,97,108,81,10230,80,80,80,83,84
20150114 02:42,38,36,45,36,34,64,85,97,108,81,10230,80,81,81,83,84
20150114 02:43,37,45,44,37,39,62,85,97,108,81,10230,80,80,81,83,84
20150114 02:44,36,47,43,38,33,67,85,97,108,81,10229,80,81,81,83,84
20150114 02:45,35,47,42,39,37,67,85,96,106,79,10228,80,80,81,83,84
20150114 02:46,38,44,42,39,39,56,84,96,106,78,10227,79,80,81,83,84
20150114 02:47,37,47,40,41,35,71,84,96,106,78,10227,79,80,81,83,84
20150114 02:48,40,48,39,41,45,63,84,96,106,78,10227,79,80,81,83,84
20150114 02:49,42,37,38,41,39,47,84,96,106,78,10227,79,80,81,83,84
20150114 02:50,41,31,38,41,42,63,84,96,106,78,10227,79,81,81,83,84
20150114 02:51,37,47,38,45,33,82,84,96,106,78,10227,79,81,81,83,84
20150114 02:52,37,55,38,45,42,73,84,96,106,78,10227,79,80,81,83,84
20150114 02:53,45,50,39,46,49,73,84,96,106,78,10227,79,80,81,83,84
20150114 02:54,50,44,41,45,50,55,84,96,106,78,10227,79,81,81,83,84
20150114 02:55,47,39,42,44,44,65,84,96,106,78,10227,79,80,81,83,84
20150114 02:56,42,47,42,45,40,64,84,96,106,78,10228,79,80,81,83,84
20150114 02:57,41,45,43,44,42,54,83,96,105,77,10228,78,80,81,83,84
20150114 02:58,39,37,42,43,36,53,83,96,105,77,10228,78,80,81,83,84
20150114 02:59,34,33,41,43,31,57,83,96,105,77,10229,78,80,81,83,84
20150114 03:00,23,32,38,43,15,51,83,96,105,77,10229,78,80,81,83,84
20150114 03:01,18,42,37,42,21,65,83,96,105,77,10228,78,80,81,83,84
20150114 03:02,21,47,35,41,21,59,83,96,105,77,10229,78,80,81,83,84
20150114 03:03,22,45,32,41,22,82,83,96,105,77,10229,78,80,81,83,84
20150114 03:04,25,41,30,41,29,58,83,96,105,77,10228,78,80,81,83,84
20150114 03:05,26,37,28,40,24,50,83,96,105,77,10229,78,80,81,83,84
20150114 03:06,22,42,26,40,19,77,83,95,104,75,10229,78,80,81,83,84
20150114 03:07,23,51,24,42,27,76,83,95,104,75,10229,78,80,81,83,84
20150114 03:08,28,53,24,43,29,77,83,95,104,75,10229,78,80,81,83,84
20150114 03:09,24,45,23,44,19,65,83,95,104,75,10229,78,80,81,83,84
20150114 03:10,22,40,24,45,25,69,83,95,104,75,10229,78,80,81,83,84
20150114 03:11,27,39,24,43,29,54,83,95,104,75,10228,78,80,81,83,84
20150114 03:12,26,33,25,42,23,47,83,95,104,75,10228,78,80,81,83,84
20150114 03:13,25,34,25,41,27,52,83,95,104,75,10227,78,80,81,83,84
20150114 03:14,22,39,24,42,17,49,82,95,103,74,10226,78,80,81,83,84
20150114 03:15,20,37,24,41,24,44,82,95,103,74,10226,78,80,81,83,84
20150114 03:16,25,38,25,41,26,68,82,95,103,74,10226,78,80,81,83,84
20150114 03:17,23,43,24,40,21,74,82,95,103,74,10227,78,80,81,83,84
20150114 03:18,26,44,24,39,31,61,82,95,103,74,10227,78,80,81,83,84
20150114 03:19,31,35,26,38,32,44,82,95,103,74,10227,78,80,81,83,84
20150114 03:20,35,35,27,38,38,72,82,95,103,74,10228,78,80,81,83,84
20150114 03:21,39,39,28,38,41,51,82,95,103,74,10228,78,80,81,83,84
20150114 03:22,31,42,28,40,22,61,82,95,103,74,10227,78,80,81,83,84
20150114 03:23,29,41,29,39,36,48,82,95,103,74,10227,78,80,81,83,84
20150114 03:24,35,32,31,38,34,41,82,95,103,74,10227,78,80,81,83,84
20150114 03:25,30,35,31,39,26,57,82,95,103,74,10228,78,80,81,83,84
20150114 03:26,30,43,32,39,34,55,82,95,103,74,10228,78,80,81,83,84
20150114 03:27,37,46,33,39,39,64,82,95,103,74,10228,77,80,81,83,84
20150114 03:28,39,38,34,38,39,42,82,95,103,74,10228,77,80,81,83,84
20150114 03:29,38,34,35,39,37,70,82,95,103,74,10229,77,80,81,83,84
20150114 03:30,38,44,35,40,38,71,82,95,103,74,10229,77,80,81,83,84
20150114 03:31,37,45,34,40,35,59,82,95,103,74,10228,77,80,81,83,84
20150114 03:32,37,40,36,39,38,77,82,95,103,74,10228,77,80,81,83,84
20150114 03:33,37,44,36,41,36,70,82,95,103,74,10228,77,80,81,83,84
20150114 03:34,44,47,37,42,51,64,82,95,103,74,10228,77,80,81,83,84
20150114 03:35,45,46,38,43,38,63,82,95,103,74,10228,77,80,81,83,84
20150114 03:36,37,45,39,43,35,67,81,95,103,73,10228,77,80,81,83,84
20150114 03:37,40,41,39,42,45,53,81,95,103,73,10228,77,80,81,83,84
20150114 03:38,42,35,39,42,39,46,81,95,103,73,10228,77,80,81,83,84
20150114 03:39,43,29,40,41,47,36,81,95,103,73,10228,77,80,81,83,84
20150114 03:40,45,30,41,39,42,57,81,95,103,73,10229,77,80,81,83,84
20150114 03:41,43,39,41,40,44,57,81,95,103,73,10228,77,80,81,83,84
20150114 03:42,46,41,42,39,48,47,81,95,103,73,10228,77,80,81,83,84
20150114 03:43,44,41,43,39,40,57,81,95,103,73,10228,77,80,81,83,84
20150114 03:44,37,41,41,38,33,63,81,95,103,73,10227,77,80,81,83,84
20150114 03:45,34,33,41,36,36,43,81,95,103,73,10227,77,80,81,83,84
20150114 03:46,34,37,41,37,33,54,81,95,103,73,10227,77,80,81,83,84
20150114 03:47,31,36,39,35,29,39,81,95,103,73,10226,77,80,81,83,84
20150114 03:48,25,34,37,36,21,63,81,95,103,73,10226,77,80,81,83,84
20150114 03:49,27,38,36,37,34,46,81,95,103,73,10226,77,80,81,83,84
20150114 03:50,38,38,36,38,41,63,81,95,103,73,10227,77,80,81,83,84
20150114 03:51,32,46,34,39,24,77,81,95,103,73,10227,77,80,81,83,84
20150114 03:52,25,50,32,40,26,69,81,95,103,73,10227,77,80,81,83,84
20150114 03:53,28,47,31,40,30,57,81,95,103,73,10227,77,80,81,83,84
20150114 03:54,30,41,30,40,29,50,81,95,103,73,10226,77,80,81,83,84
20150114 03:55,32,35,30,40,35,53,81,95,103,73,10226,77,80,81,83,84
20150114 03:56,27,35,29,40,19,49,81,95,103,73,10226,77,79,81,83,84
20150114 03:57,23,35,28,40,26,40,81,95,103,73,10226,77,80,81,83,84
20150114 03:58,25,33,29,39,24,51,81,95,103,73,10226,77,79,81,83,84
20150114 03:59,24,34,28,39,24,53,81,95,103,73,10226,77,80,81,83,84
20150114 04:00,28,36,27,39,33,60,81,95,103,73,10226,77,79,81,83,84
20150114 04:01,22,38,26,38,12,56,81,95,103,73,10226,77,79,81,83,84
20150114 04:02,21,36,26,36,31,53,81,95,103,73,10226,77,79,81,83,84
20150114 04:03,30,37,26,36,29,50,81,95,103,73,10226,77,79,81,83,84
20150114 04:04,21,37,25,36,12,54,81,95,103,73,10225,77,79,81,83,84
20150114 04:05,22,38,24,37,32,54,81,95,103,73,10225,77,79,81,83,84
20150114 04:06,34,41,26,37,36,71,81,95,103,73,10225,77,79,81,83,84
20150114 04:07,34,39,27,38,32,56,81,95,103,73,10225,77,79,81,83,84
20150114 04:08,31,38,27,38,30,54,81,95,103,73,10225,77,79,81,83,84
20150114 04:09,24,40,27,39,18,56,81,95,103,73,10224,77,79,81,83,84
20150114 04:10,19,37,25,38,19,51,81,95,103,73,10225,77,79,81,83,84
20150114 04:11,23,41,27,39,27,65,81,95,103,73,10225,77,79,81,83,84
20150114 04:12,21,41,25,39,15,55,81,95,103,73,10225,77,79,81,83,84
20150114 04:13,22,34,25,38,29,43,81,95,103,73,10225,77,79,81,83,84
20150114 04:14,19,28,25,37,8,31,81,95,103,73,10225,77,79,81,83,84
20150114 04:15,4,19,21,35,0,18,81,96,104,75,10226,77,79,81,83,84
20150114 04:16,3,20,18,33,6,37,81,96,104,75,10226,77,79,81,83,84
20150114 04:17,6,26,16,32,6,33,81,96,104,75,10226,77,79,81,83,84
20150114 04:18,8,24,14,30,10,31,81,96,104,75,10226,77,79,81,83,84
20150114 04:19,6,21,12,28,2,26,81,96,104,75,10226,77,79,81,83,84
20150114 04:20,4,24,11,28,6,39,81,96,104,75,10226,77,79,81,83,84
20150114 04:21,11,25,10,25,16,29,81,96,104,75,10226,77,79,81,83,84
20150114 04:22,6,26,8,24,356,43,81,96,104,75,10226,77,79,81,83,84
20150114 04:23,0,29,5,24,4,47,81,96,104,75,10226,77,79,81,83,84
20150114 04:24,11,25,6,24,18,28,81,96,104,75,10226,77,79,81,83,84
20150114 04:25,12,23,7,25,7,37,81,96,104,75,10226,77,79,81,83,84
20150114 04:26,357,28,5,26,348,50,81,96,104,75,10226,77,79,81,83,84
20150114 04:27,2,30,6,26,16,40,82,96,104,76,10226,77,79,81,83,84
20150114 04:28,12,29,6,27,9,47,82,96,104,76,10227,77,79,81,83,84
20150114 04:29,2,28,5,27,354,51,82,96,104,76,10227,77,79,81,83,84
20150114 04:30,353,26,4,27,351,32,82,96,104,76,10228,77,79,81,83,84
20150114 04:31,6,28,4,28,21,47,82,96,104,76,10229,77,79,81,83,84
20150114 04:32,3,30,3,28,344,35,82,96,104,76,10230,77,79,80,83,84
20150114 04:33,342,32,1,28,341,52,82,96,104,76,10230,77,79,81,83,84
20150114 04:34,348,32,359,29,355,46,82,96,104,76,10231,77,79,80,83,84
20150114 04:35,353,27,357,29,352,39,82,96,104,76,10231,77,79,81,83,84
20150114 04:36,348,32,357,30,344,55,82,96,104,76,10230,77,79,81,83,84
20150114 04:37,349,35,354,30,353,53,82,96,104,76,10230,77,79,80,83,84
20150114 04:38,3,34,355,31,12,55,82,96,104,76,10230,77,79,81,83,84
20150114 04:39,13,33,357,31,14,53,82,96,104,76,10229,77,79,81,83,84
20150114 04:40,15,30,359,32,16,38,82,96,104,76,10229,77,79,80,83,84
20150114 04:41,16,35,359,32,16,52,82,96,104,76,10228,77,79,80,83,84
20150114 04:42,18,36,2,33,19,49,82,96,104,76,10228,77,79,80,83,84
20150114 04:43,15,33,5,33,12,56,82,96,104,76,10228,77,79,80,83,84
20150114 04:44,10,32,7,33,8,41,83,96,105,77,10228,77,79,80,83,84
20150114 04:45,4,29,8,33,1,38,83,96,105,77,10229,77,79,80,83,84
20150114 04:46,7,25,11,31,14,30,83,96,105,77,10229,77,79,80,83,84
20150114 04:47,3,26,10,31,352,43,83,96,105,77,10229,77,79,80,83,84
20150114 04:48,3,28,11,30,13,36,83,96,105,77,10229,77,79,80,83,84
20150114 04:49,10,29,10,30,7,43,83,95,104,75,10229,77,79,80,83,84
20150114 04:50,3,30,8,30,0,39,83,95,104,75,10229,77,79,80,83,84
20150114 04:51,2,32,7,30,4,55,83,95,104,75,10230,77,79,80,83,84
20150114 04:52,2,33,5,29,0,43,83,95,104,75,10230,77,79,80,83,84
20150114 04:53,3,31,4,29,5,44,83,95,104,75,10230,77,79,80,83,84
20150114 04:54,6,27,4,29,6,44,83,95,104,75,10230,77,79,80,83,84
20150114 04:55,5,27,5,29,4,43,83,95,104,75,10230,77,79,80,83,84
20150114 04:56,8,27,4,29,12,31,83,95,104,75,10230,77,79,80,83,84
20150114 04:57,8,25,5,29,3,39,83,95,104,75,10231,77,79,80,83,84
20150114 04:58,354,27,3,29,345,38,83,95,104,75,10231,77,79,80,83,84
20150114 04:59,2,28,4,29,18,39,83,95,104,75,10231,77,79,80,83,84
20150114 05:00,15,34,5,30,12,51,83,95,104,75,10231,77,79,80,83,84
20150114 05:01,5,39,4,30,359,52,83,95,104,75,10231,77,79,80,83,84
20150114 05:02,356,39,4,31,353,58,83,95,104,75,10231,77,79,80,83,84
20150114 05:03,0,36,4,31,8,58,83,95,104,75,10231,77,79,80,83,84
20150114 05:04,10,33,5,32,11,56,83,95,104,75,10231,77,79,80,83,84
20150114 05:05,14,33,6,32,17,49,83,95,104,75,10231,77,79,80,83,84
20150114 05:06,12,30,5,33,7,35,83,95,104,75,10231,77,79,80,83,84
20150114 05:07,8,30,6,33,10,49,83,95,104,75,10231,77,79,80,83,84
20150114 05:08,3,29,7,33,355,32,83,95,104,75,10231,77,79,80,83,84
20150114 05:09,358,23,5,32,1,28,83,95,104,75,10231,77,79,80,83,84
20150114 05:10,357,25,3,31,352,47,82,95,103,74,10231,77,79,80,83,84
20150114 05:11,359,36,4,32,6,57,82,95,103,74,10232,77,79,80,83,84
20150114 05:12,7,41,6,32,8,64,82,95,103,74,10232,77,79,80,83,84
20150114 05:13,6,33,5,31,4,60,82,95,103,74,10232,77,79,80,83,84
20150114 05:14,0,35,4,32,356,69,82,95,103,74,10232,77,79,80,83,84
20150114 05:15,3,36,3,32,10,46,82,95,103,74,10232,77,79,80,83,84
20150114 05:16,12,32,4,32,15,43,82,95,103,74,10232,77,79,80,83,84
20150114 05:17,10,34,3,33,4,56,82,95,103,74,10232,77,79,80,83,84
20150114 05:18,3,41,4,35,1,66,82,95,103,74,10233,76,79,80,83,84
20150114 05:19,3,42,4,36,6,54,82,94,102,73,10233,76,79,80,83,84
20150114 05:20,5,36,5,37,4,49,82,94,102,73,10233,76,79,80,83,84
20150114 05:21,357,36,4,36,349,55,82,94,102,73,10233,76,79,80,83,84
20150114 05:22,358,37,4,36,6,54,82,94,102,73,10233,76,79,80,83,84
20150114 05:23,10,42,4,38,13,63,82,94,102,73,10233,76,79,80,83,84
20150114 05:24,8,46,5,38,4,66,82,94,102,73,10233,76,79,80,83,84
20150114 05:25,4,48,5,41,4,75,82,94,102,73,10233,76,79,80,83,84
20150114 05:26,6,49,4,42,9,61,82,94,102,73,10233,76,79,80,83,84
20150114 05:27,2,53,3,44,354,102,81,94,101,72,10233,76,79,80,83,84
20150114 05:28,6,58,5,45,18,80,81,94,101,72,10233,76,79,80,83,84
20150114 05:29,11,52,5,46,4,67,81,94,101,72,10233,76,79,80,83,84
20150114 05:30,10,43,6,47,15,63,81,94,101,72,10233,76,79,80,83,84
20150114 05:31,17,46,9,48,19,73,81,94,101,72,10234,75,79,80,83,84
20150114 05:32,17,49,9,49,14,65,81,94,101,72,10234,75,79,80,83,84
20150114 05:33,15,38,10,48,15,52,81,94,101,72,10234,75,79,80,83,84
20150114 05:34,14,27,11,45,13,33,81,94,101,72,10235,75,79,80,83,84
20150114 05:35,11,20,11,42,9,27,80,94,101,71,10236,75,79,80,83,84
20150114 05:36,8,18,11,39,7,50,80,94,101,71,10236,75,79,80,83,84
20150114 05:37,359,24,10,36,350,51,80,94,101,71,10236,75,79,80,83,84
20150114 05:38,358,26,9,33,6,43,80,94,101,71,10236,75,79,80,83,84
20150114 05:39,11,32,10,32,16,61,80,94,101,71,10237,75,79,80,83,84
20150114 05:40,5,36,8,31,354,43,80,94,101,71,10237,75,79,80,83,84
20150114 05:41,358,36,7,30,2,64,80,94,101,71,10237,75,79,80,83,84
20150114 05:42,2,39,5,29,1,67,80,94,101,71,10237,75,79,80,83,84
20150114 05:43,6,45,5,31,12,78,80,94,101,71,10238,75,79,80,83,84
20150114 05:44,7,50,4,34,3,65,80,94,101,71,10238,75,79,80,83,84
20150114 05:45,6,48,4,37,9,68,80,94,101,71,10239,75,79,80,83,84
20150114 05:46,4,47,3,39,358,75,80,94,101,71,10239,75,79,80,83,84
20150114 05:47,1,43,4,41,4,56,80,94,101,71,10240,75,79,80,83,84
20150114 05:48,356,36,3,41,349,37,80,94,101,71,10240,75,79,80,83,84
20150114 05:49,354,32,1,41,0,41,80,94,101,71,10241,75,79,80,83,84
20150114 05:50,0,33,2,41,0,46,80,94,101,71,10241,75,79,80,83,84
20150114 05:51,359,34,1,40,358,54,80,94,101,71,10241,75,79,80,83,84
20150114 05:52,355,43,1,42,353,65,80,94,101,71,10241,74,79,80,83,84
20150114 05:53,356,48,359,41,359,61,80,94,101,71,10240,74,79,80,83,84
20150114 05:54,355,40,358,40,352,57,80,94,101,71,10240,74,79,80,83,84
20150114 05:55,355,42,357,40,358,82,80,94,101,71,10240,74,78,80,83,84
20150114 05:56,351,48,356,40,345,82,80,93,100,69,10241,74,78,80,83,84
20150114 05:57,351,43,355,40,357,68,80,93,100,69,10241,74,78,80,83,84
20150114 05:58,2,45,357,42,7,80,79,93,99,68,10241,74,78,80,83,84
20150114 05:59,7,52,358,44,7,80,79,93,99,68,10242,74,78,80,83,84
20150114 06:00,4,46,358,45,2,59,79,93,99,68,10242,74,78,80,83,84
20150114 06:01,3,38,358,45,4,62,79,93,99,68,10241,74,78,80,83,84
20150114 06:02,3,37,359,43,2,63,79,93,99,68,10241,73,78,80,83,84
20150114 06:03,12,40,2,43,22,61,79,93,99,68,10241,73,78,80,83,84
20150114 06:04,14,39,3,43,6,56,79,93,99,68,10241,73,78,80,83,84
20150114 06:05,3,40,3,43,0,64,78,93,98,67,10241,73,78,80,83,84
20150114 06:06,5,37,6,41,10,39,78,93,98,67,10241,73,78,80,83,84
20150114 06:07,10,34,7,41,11,50,78,93,98,67,10240,73,78,80,83,84
20150114 06:08,6,36,6,39,1,43,78,93,98,67,10240,73,78,80,83,84
20150114 06:09,1,41,6,39,2,72,78,93,98,67,10241,73,78,80,83,84
20150114 06:10,9,35,7,37,16,34,78,93,98,67,10241,73,78,80,83,84
20150114 06:11,9,29,7,37,2,46,77,93,98,66,10241,73,78,80,83,84
20150114 06:12,8,34,8,37,14,56,77,93,98,66,10241,73,78,80,83,84
20150114 06:13,13,38,7,37,12,58,77,93,98,66,10242,73,78,80,83,84
20150114 06:14,5,40,7,37,359,51,77,93,98,66,10242,73,78,80,83,84
20150114 06:15,1,32,7,35,2,50,77,94,99,68,10242,73,78,80,83,84
20150114 06:16,4,26,6,35,6,48,77,94,99,68,10242,73,78,80,83,84
20150114 06:17,4,28,5,34,1,39,77,94,99,68,10242,73,78,80,83,84
20150114 06:18,0,29,5,33,359,39,77,94,99,68,10242,73,78,80,83,84
20150114 06:19,5,29,6,31,12,41,77,94,99,68,10242,73,78,80,83,84
20150114 06:20,2,30,4,32,351,44,77,94,99,68,10242,73,78,80,83,84
20150114 06:21,353,38,3,33,354,60,77,94,99,68,10241,73,78,80,83,84
20150114 06:22,355,48,1,35,357,70,77,94,99,68,10241,72,78,80,83,84
20150114 06:23,356,44,0,34,356,55,77,94,99,68,10241,72,78,80,83,84
20150114 06:24,1,39,0,35,6,58,77,94,99,68,10240,72,78,80,83,84
20150114 06:25,7,43,1,37,8,63,77,94,99,68,10240,72,78,80,83,84
20150114 06:26,6,41,1,37,4,45,76,94,98,67,10240,72,77,80,83,84
20150114 06:27,358,39,0,39,353,60,76,94,98,67,10241,72,77,80,83,84
20150114 06:28,349,41,359,40,345,51,76,94,98,67,10241,72,77,80,83,84
20150114 06:29,357,36,358,40,9,63,76,94,98,67,10242,72,77,80,83,84
20150114 06:30,9,41,0,42,10,66,76,94,98,67,10243,72,77,80,83,84
20150114 06:31,9,41,2,41,8,53,76,94,98,67,10243,72,77,80,83,84
20150114 06:32,354,39,0,40,341,72,76,94,98,67,10244,72,77,80,83,84
20150114 06:33,342,52,359,42,343,89,76,94,98,67,10244,72,77,80,83,84
20150114 06:34,354,48,359,42,5,50,76,93,97,65,10245,72,77,80,83,84
20150114 06:35,1,35,358,41,358,45,76,93,97,65,10245,72,77,80,83,84
20150114 06:36,357,33,357,40,357,44,76,93,97,65,10245,72,77,80,83,84
20150114 06:37,357,33,357,39,357,52,76,93,97,65,10245,72,77,80,83,84
20150114 06:38,1,35,359,39,5,51,76,93,97,65,10244,72,77,80,83,84
20150114 06:39,3,37,359,40,1,54,76,93,97,65,10244,71,77,80,83,84
20150114 06:40,6,34,359,38,11,49,76,93,97,65,10244,71,77,80,83,84
20150114 06:41,10,33,359,38,9,69,76,93,97,65,10244,71,77,80,83,84
20150114 06:42,11,35,2,37,14,54,76,93,97,65,10243,71,77,80,83,84
20150114 06:43,12,35,5,35,10,57,76,93,97,65,10243,71,77,80,83,84
20150114 06:44,8,33,5,34,5,46,76,93,97,65,10243,71,77,80,83,84
20150114 06:45,14,32,7,34,23,61,76,93,97,65,10243,71,77,80,83,84
20150114 06:46,19,31,9,34,16,35,75,93,96,64,10242,71,77,80,83,84
20150114 06:47,8,35,9,35,1,63,75,93,96,64,10242,71,77,80,83,84
20150114 06:48,6,36,10,34,11,43,75,93,96,64,10242,71,77,80,83,84
20150114 06:49,10,31,11,33,9,50,75,93,96,64,10242,71,77,80,83,84
20150114 06:50,8,35,11,34,8,51,75,93,96,64,10242,71,77,80,83,84
20150114 06:51,5,35,10,34,2,49,75,93,96,64,10243,71,77,80,83,84
20150114 06:52,4,32,9,33,5,48,75,93,96,64,10243,71,77,80,83,84
20150114 06:53,8,28,9,32,10,44,75,94,97,66,10243,71,77,80,83,84
20150114 06:54,10,22,9,31,9,39,75,94,97,66,10244,71,77,80,83,84
20150114 06:55,7,38,8,33,5,83,75,94,97,66,10244,71,77,80,83,84
20150114 06:56,358,49,5,35,350,59,75,94,97,66,10244,71,77,80,83,84
20150114 06:57,352,39,4,34,354,50,75,94,97,66,10244,71,77,80,83,84
20150114 06:58,358,37,4,35,3,47,75,94,97,66,10245,71,77,80,83,84
20150114 06:59,358,41,2,36,354,73,75,94,97,66,10245,71,76,79,83,84
20150114 07:00,353,45,0,37,351,61,75,94,97,66,10245,71,76,79,83,84
20150114 07:01,348,35,359,36,345,48,75,94,97,66,10244,71,76,79,83,84
20150114 07:02,345,29,357,36,345,44,75,94,97,66,10244,71,76,79,83,84
20150114 07:03,345,29,354,36,346,42,75,94,97,66,10244,71,76,79,83,84
20150114 07:04,352,31,353,38,358,54,75,94,97,66,10244,71,76,79,83,84
20150114 07:05,356,35,352,36,354,52,75,94,97,66,10244,71,76,79,83,84
20150114 07:06,356,31,353,35,358,54,75,94,97,66,10244,71,76,79,82,84
20150114 07:07,355,42,353,36,352,69,75,94,97,66,10244,71,76,79,83,84
20150114 07:08,349,52,351,38,346,67,75,94,97,66,10244,71,76,79,83,84
20150114 07:09,348,45,350,37,350,59,75,94,97,66,10244,71,76,79,83,84
20150114 07:10,350,47,350,38,351,69,75,94,97,66,10244,71,76,79,83,84
20150114 07:11,352,47,351,40,354,55,76,94,98,67,10244,71,76,79,83,84
20150114 07:12,352,44,352,41,351,63,76,94,98,67,10244,71,76,79,83,84
20150114 07:13,358,45,354,43,6,66,76,94,98,67,10244,71,76,79,82,84
20150114 07:14,7,40,355,43,8,64,76,94,98,67,10244,71,76,79,83,84
20150114 07:15,5,35,356,43,1,48,76,94,98,67,10244,71,76,79,82,84
20150114 07:16,359,32,356,43,357,59,76,94,98,67,10244,71,76,79,82,84
20150114 07:17,353,39,355,43,350,60,76,93,97,65,10244,71,76,79,83,84
20150114 07:18,2,38,358,40,13,41,76,93,97,65,10244,71,76,79,82,84
20150114 07:19,2,28,358,39,350,43,76,93,97,65,10244,71,76,79,82,84
20150114 07:20,0,28,0,37,10,57,76,93,97,65,10244,71,76,79,82,84
20150114 07:21,9,34,2,36,9,58,76,93,97,65,10244,71,76,79,82,84
20150114 07:22,5,45,2,37,0,68,76,93,97,65,10244,71,76,79,82,84
20150114 07:23,5,41,3,35,10,41,76,93,97,65,10244,71,76,79,82,84
20150114 07:24,9,32,3,35,8,48,76,93,97,65,10244,71,76,79,82,84
20150114 07:25,6,29,3,34,5,31,76,93,97,65,10244,71,76,79,82,84
20150114 07:26,2,33,3,35,358,64,76,93,97,65,10244,71,76,79,82,84
20150114 07:27,5,39,6,34,12,51,76,93,97,65,10244,71,76,79,82,84
20150114 07:28,13,31,6,34,14,45,76,93,97,65,10245,72,76,79,82,84
20150114 07:29,1,40,5,36,347,65,76,93,97,65,10245,72,76,79,82,84
20150114 07:30,355,45,5,37,2,56,76,93,97,65,10245,72,76,79,82,84
20150114 07:31,2,32,4,36,3,41,76,93,97,65,10245,72,76,79,82,84
20150114 07:32,3,24,4,33,3,35,76,93,97,65,10245,72,76,79,82,84
20150114 07:33,8,23,5,32,13,32,76,93,97,65,10246,72,76,79,82,84
20150114 07:34,10,25,4,32,6,36,76,93,97,65,10246,72,76,79,82,84
20150114 07:35,13,28,6,32,20,47,76,93,97,65,10246,72,76,79,82,84
20150114 07:36,8,31,6,31,356,43,76,93,97,65,10246,72,76,79,82,84
20150114 07:37,9,29,7,30,21,35,76,93,97,65,10245,72,76,79,82,84
20150114 07:38,14,22,6,29,6,30,76,93,97,65,10245,72,76,79,82,84
20150114 07:39,12,26,9,27,17,43,76,93,97,65,10245,72,76,79,82,84
20150114 07:40,15,28,10,26,12,37,76,93,97,65,10245,72,76,79,82,84
20150114 07:41,11,28,11,27,11,44,76,93,97,65,10245,72,76,79,82,84
20150114 07:42,12,27,12,27,14,39,76,93,97,65,10245,72,76,79,82,84
20150114 07:43,11,23,11,27,8,32,76,93,97,65,10245,72,76,79,82,84
20150114 07:44,12,21,12,26,16,34,76,94,98,67,10245,72,76,79,82,84
20150114 07:45,11,20,11,25,6,27,76,94,98,67,10245,72,76,79,82,84
20150114 07:46,13,22,13,24,20,29,76,94,98,67,10245,72,76,79,82,84
20150114 07:47,20,23,13,24,20,38,76,94,98,67,10245,72,76,79,82,84
20150114 07:48,17,23,14,24,15,33,76,94,98,67,10245,72,76,79,82,84
20150114 07:49,21,22,15,23,26,33,76,94,98,67,10245,72,76,79,82,84
20150114 07:50,14,22,14,23,1,34,76,94,98,67,10245,73,76,79,82,84
20150114 07:51,358,22,12,22,356,29,76,94,98,67,10246,73,76,79,82,84
20150114 07:52,6,25,13,23,17,45,76,94,98,67,10246,73,76,79,82,84
20150114 07:53,13,25,13,23,9,33,76,94,98,67,10246,73,76,79,82,84
20150114 07:54,5,25,11,23,2,38,76,94,98,67,10246,73,76,79,82,84
20150114 07:55,1,27,11,24,0,40,76,94,98,67,10246,73,76,79,82,84
20150114 07:56,354,28,7,25,349,38,76,94,98,67,10246,73,76,79,82,84
20150114 07:57,351,30,5,26,353,49,76,94,98,67,10246,73,76,79,82,84
20150114 07:58,356,38,3,28,0,57,76,94,98,67,10246,73,76,79,82,84
20150114 07:59,359,37,1,29,359,52,76,94,98,67,10247,73,76,79,82,84
20150114 08:00,359,38,0,31,0,58,76,94,98,67,10247,73,76,79,82,84
20150114 08:01,359,40,1,32,357,51,76,93,97,65,10247,73,76,79,82,84
20150114 08:02,357,37,358,33,356,54,76,93,97,65,10247,73,76,79,82,84
20150114 08:03,3,38,358,35,9,46,76,93,97,65,10247,73,76,79,82,84
20150114 08:04,5,38,358,36,0,48,76,93,97,65,10247,73,76,79,82,84
20150114 08:05,1,31,358,35,1,35,76,93,97,65,10247,73,76,79,82,84
20150114 08:06,359,29,359,36,358,47,76,93,97,65,10247,73,76,79,82,84
20150114 08:07,357,34,0,36,357,50,76,93,97,65,10247,73,76,79,82,84
20150114 08:08,357,33,359,35,358,39,76,93,97,65,10247,73,76,79,82,84
20150114 08:09,359,35,0,35,1,58,76,93,97,65,10247,73,76,79,82,84
20150114 08:10,0,37,0,35,0,50,76,93,97,65,10247,73,76,79,82,84
20150114 08:11,354,32,359,34,349,34,76,93,97,65,10247,74,76,79,82,84
20150114 08:12,350,27,358,33,351,37,76,93,97,65,10247,74,76,79,82,84
20150114 08:13,354,25,357,31,358,36,76,94,98,67,10248,74,76,79,82,84
20150114 08:14,11,21,0,29,24,35,76,94,98,67,10248,74,76,79,82,84
20150114 08:15,16,17,0,28,9,24,76,94,98,67,10248,74,76,79,82,84
20150114 08:16,17,18,3,27,25,37,76,94,98,67,10248,74,76,79,82,84
20150114 08:17,23,19,6,25,21,23,76,94,98,67,10249,75,76,79,82,84
20150114 08:18,25,18,9,24,29,23,76,94,98,67,10249,75,76,79,82,84
20150114 08:19,27,19,11,22,25,22,76,94,98,67,10249,75,76,78,82,84
20150114 08:20,22,19,13,21,19,26,76,94,98,67,10249,75,76,79,82,84
20150114 08:21,7,17,14,19,354,21,76,94,98,67,10249,75,76,78,82,84
20150114 08:22,17,14,18,18,40,22,76,94,98,67,10249,75,76,78,82,84
20150114 08:23,22,12,19,17,2,16,76,94,98,67,10250,75,76,78,82,84
20150114 08:24,2,10,17,16,1,16,76,94,98,67,10250,75,76,78,82,84
20150114 08:25,13,10,18,15,26,19,76,94,98,67,10250,75,76,78,82,84
20150114 08:26,1,11,13,15,336,16,76,94,98,67,10250,75,76,78,82,84
20150114 08:27,351,14,12,14,6,22,76,94,98,67,10251,75,76,78,82,84
20150114 08:28,10,17,10,14,14,28,76,94,98,67,10251,75,76,78,82,84
20150114 08:29,4,20,7,15,355,31,76,94,98,67,10252,75,76,78,82,84
20150114 08:30,354,20,5,15,353,24,76,94,98,67,10252,75,76,78,82,84
20150114 08:31,353,15,4,14,352,14,76,94,98,67,10252,75,76,78,82,84
20150114 08:32,2,12,2,14,12,19,76,94,98,67,10252,75,76,78,82,84
20150114 08:33,6,17,2,15,0,29,76,94,98,67,10253,75,76,78,82,84
20150114 08:34,354,20,0,16,349,34,76,95,99,69,10253,75,76,78,82,84
20150114 08:35,349,16,357,16,350,23,76,95,99,69,10252,75,76,78,82,84
20150114 08:36,355,14,359,17,0,18,76,95,99,69,10253,75,76,78,82,84
20150114 08:37,353,17,357,17,346,27,76,95,99,69,10253,75,77,79,82,84
20150114 08:38,339,22,353,18,333,32,77,95,100,70,10253,75,76,78,82,84
20150114 08:39,333,25,351,18,334,33,77,95,100,70,10252,75,77,78,82,84
20150114 08:40,341,24,350,18,348,33,77,95,100,70,10253,75,77,78,82,84
20150114 08:41,347,18,350,18,345,17,77,95,100,70,10253,75,77,78,82,84
20150114 08:42,348,13,348,18,351,16,77,95,100,70,10253,75,77,78,82,84
20150114 08:43,351,13,347,18,351,22,77,95,100,70,10253,75,77,78,82,84
20150114 08:44,351,15,347,17,351,22,77,95,100,70,10253,75,77,78,82,84
20150114 08:45,352,18,347,18,353,24,77,95,100,70,10253,75,77,78,82,84
20150114 08:46,0,18,348,18,6,25,77,95,100,70,10253,75,77,78,82,84
20150114 08:47,5,18,350,18,5,23,77,95,100,70,10253,75,77,78,82,84
20150114 08:48,14,18,355,17,23,27,77,95,100,70,10253,75,77,78,82,84
20150114 08:49,19,16,359,17,14,20,77,95,100,70,10253,76,77,78,82,84
20150114 08:50,12,14,1,16,9,16,77,95,100,70,10253,76,77,78,82,84
20150114 08:51,5,15,2,16,1,23,77,95,100,70,10252,76,77,78,82,84
20150114 08:52,8,23,5,18,14,37,77,95,100,70,10252,76,77,78,82,84
20150114 08:53,8,27,6,19,2,31,77,95,100,70,10252,76,77,78,82,84
20150114 08:54,8,22,8,19,14,32,77,95,100,70,10252,76,77,78,82,84
20150114 08:55,2,15,8,18,350,26,77,95,100,70,10252,76,77,78,82,84
20150114 08:56,350,19,6,19,350,32,77,95,100,70,10252,76,77,79,82,84
20150114 08:57,0,24,7,20,10,30,77,95,100,70,10252,76,77,79,82,84
20150114 08:58,3,17,4,19,356,17,77,95,100,70,10252,76,77,78,82,84
20150114 08:59,5,12,5,19,19,23,77,95,100,70,10252,77,77,78,82,84
20150114 09:00,6,14,3,19,358,26,77,95,100,70,10252,77,77,78,82,84
20150114 09:01,6,22,5,20,15,35,77,95,100,70,10252,77,77,79,82,84
20150114 09:02,19,30,6,20,23,41,77,95,100,70,10252,77,77,78,82,84
20150114 09:03,13,29,6,21,3,32,77,95,100,70,10253,77,77,79,82,84
20150114 09:04,5,24,5,21,8,27,77,95,100,70,10253,77,77,79,82,84
20150114 09:05,358,19,5,21,348,23,77,95,100,70,10253,78,77,78,82,84
20150114 09:06,356,18,6,21,3,23,77,95,100,70,10253,78,77,78,82,84
20150114 09:07,356,20,4,21,349,29,77,95,100,70,10253,78,77,79,82,84
20150114 09:08,342,22,2,22,336,28,77,95,100,70,10253,78,77,79,82,84
20150114 09:09,341,22,359,23,346,26,77,95,100,70,10253,79,77,79,82,84
20150114 09:10,340,20,356,23,334,25,77,95,100,70,10254,79,77,79,82,84
20150114 09:11,332,19,352,22,330,23,77,95,100,70,10254,80,77,79,82,84
20150114 09:12,332,17,347,20,334,24,77,95,100,70,10254,80,77,79,82,84
20150114 09:13,330,15,343,19,325,21,77,95,100,70,10254,80,77,79,82,84
20150114 09:14,335,18,341,19,345,30,77,95,100,70,10254,80,77,79,82,84
20150114 09:15,340,18,340,19,336,19,77,95,100,70,10254,80,77,79,82,84
20150114 09:16,338,16,337,19,340,23,77,95,100,70,10254,81,78,79,82,84
20150114 09:17,332,17,335,19,323,28,77,95,100,70,10254,81,78,79,82,84
20150114 09:18,327,19,334,18,331,27,77,95,100,70,10254,81,78,79,82,84
20150114 09:19,335,20,334,18,339,29,77,95,100,70,10254,81,78,79,82,84
20150114 09:20,334,22,333,19,329,35,77,95,100,70,10254,81,78,79,82,84
20150114 09:21,335,24,334,19,342,29,78,95,100,71,10253,81,78,79,82,84
20150114 09:22,348,27,336,21,354,41,78,95,100,71,10253,82,78,79,82,84
20150114 09:23,346,29,338,22,339,34,78,95,100,71,10253,82,78,79,82,84
20150114 09:24,339,23,337,21,339,31,78,95,100,71,10253,82,78,79,82,84
20150114 09:25,337,19,337,22,334,28,78,95,100,71,10253,82,78,79,82,84
20150114 09:26,331,22,336,22,328,33,78,95,100,71,10253,82,78,79,82,84
20150114 09:27,339,23,338,23,349,32,78,95,100,71,10253,82,78,79,82,84
20150114 09:28,349,19,340,22,348,22,78,95,100,71,10253,83,78,79,82,84
20150114 09:29,346,18,341,22,343,24,78,95,100,71,10254,83,79,79,82,84
20150114 09:30,338,18,341,22,333,25,78,95,100,71,10254,83,79,79,82,84
20150114 09:31,341,14,342,20,349,16,78,95,100,71,10254,83,79,79,82,84
20150114 09:32,343,16,340,20,337,28,78,95,100,71,10254,84,79,79,82,84
20150114 09:33,343,26,341,20,348,36,78,95,100,71,10254,84,79,79,82,84
20150114 09:34,341,27,340,20,334,40,78,95,100,71,10254,84,79,79,82,84
20150114 09:35,342,25,342,21,350,40,78,95,100,71,10254,84,79,79,82,84
20150114 09:36,347,24,344,21,344,28,78,95,100,71,10254,84,79,79,82,84
20150114 09:37,340,23,342,21,336,32,78,95,100,71,10254,85,79,79,82,84
20150114 09:38,335,26,341,22,335,36,78,95,100,71,10253,85,79,79,82,84
20150114 09:39,341,25,341,23,346,32,78,95,100,71,10253,85,79,79,82,84
20150114 09:40,346,21,342,23,345,31,78,95,100,71,10253,86,79,79,82,84
20150114 09:41,342,17,341,23,339,38,78,95,100,71,10253,86,80,79,82,84
20150114 09:42,341,23,342,24,343,43,78,95,100,71,10253,86,80,79,82,84
20150114 09:43,339,28,341,24,335,34,78,95,100,71,10253,86,80,79,82,84
20150114 09:44,340,23,342,23,346,31,78,95,100,71,10253,86,80,79,82,84
20150114 09:45,340,24,340,23,335,42,78,95,100,71,10253,86,80,79,82,84
20150114 09:46,333,25,339,24,331,31,78,95,100,71,10253,86,80,79,82,84
20150114 09:47,328,24,338,24,324,34,78,95,100,71,10253,87,80,79,82,84
20150114 09:48,328,25,338,23,333,31,78,95,100,71,10253,87,80,79,82,84
20150114 09:49,331,26,336,24,330,41,78,95,100,71,10253,87,80,79,82,84
20150114 09:50,329,31,334,25,329,46,78,95,100,71,10253,88,80,79,82,84
20150114 09:51,328,34,333,27,327,60,78,95,100,71,10252,88,80,79,82,84
20150114 09:52,338,33,334,27,349,43,79,95,101,71,10252,88,81,79,82,84
20150114 09:53,352,31,336,28,354,47,79,95,101,71,10252,88,81,79,82,84
20150114 09:54,350,30,336,29,346,40,79,95,101,71,10252,88,81,79,82,84
20150114 09:55,345,29,337,29,345,42,79,95,101,71,10252,88,81,79,82,84
20150114 09:56,343,28,338,29,342,37,79,95,101,71,10252,89,81,79,82,84
20150114 09:57,344,25,340,29,347,34,79,95,101,71,10252,89,81,79,82,84
20150114 09:58,336,26,339,30,324,35,79,95,101,71,10252,90,81,79,82,84
20150114 09:59,335,35,341,31,346,57,79,95,101,71,10252,90,81,79,82,84
20150114 10:00,336,35,341,31,326,38,79,95,101,71,10252,89,81,79,82,84
20150114 10:01,330,34,341,31,333,51,79,95,101,71,10252,90,82,79,82,84
20150114 10:02,336,33,340,31,338,37,79,95,101,71,10253,89,82,79,82,84
20150114 10:03,341,27,339,30,343,35,79,95,101,71,10253,89,82,79,82,84
20150114 10:04,343,29,339,30,343,35,79,95,101,71,10253,89,82,79,82,84
20150114 10:05,334,32,337,31,325,43,79,95,101,71,10253,89,82,79,82,84
20150114 10:06,333,32,337,31,341,41,79,95,101,71,10253,88,82,80,82,84
20150114 10:07,338,29,335,32,335,39,79,95,101,71,10253,88,82,80,82,84
20150114 10:08,338,30,337,32,340,42,79,95,101,71,10253,88,82,80,82,84
20150114 10:09,341,27,337,30,341,33,79,95,101,71,10253,88,82,80,82,84
20150114 10:10,343,18,338,28,344,17,79,95,101,71,10253,88,83,80,82,84
20150114 10:11,343,18,339,27,342,30,79,95,101,71,10253,87,83,80,82,84
20150114 10:12,332,20,338,26,322,23,79,95,101,71,10253,87,83,80,82,84
20150114 10:13,333,15,338,24,344,16,79,95,101,71,10253,87,83,80,82,84
20150114 10:14,345,10,338,22,347,18,79,95,101,71,10253,87,83,80,82,84
20150114 10:15,341,11,339,20,336,29,79,95,101,71,10253,87,83,80,82,84
20150114 10:16,341,16,340,19,346,27,79,95,101,71,10253,87,83,80,82,84
20150114 10:17,340,16,340,17,335,29,79,95,101,71,10253,87,83,80,82,84
20150114 10:18,342,15,341,16,348,25,79,95,101,71,10253,87,83,80,82,84
20150114 10:19,344,14,340,15,339,16,79,95,101,71,10253,86,83,80,82,84
20150114 10:20,342,12,340,15,344,21,79,95,101,71,10253,86,83,80,82,84
20150114 10:21,346,13,341,14,347,18,79,95,101,71,10253,86,83,80,82,84
20150114 10:22,342,15,342,14,337,27,79,95,101,71,10253,86,83,80,82,84
20150114 10:23,345,18,343,15,354,34,79,95,101,71,10253,86,83,80,82,84
20150114 10:24,348,20,343,16,342,31,79,95,101,71,10252,86,83,80,82,84
20150114 10:25,339,21,343,17,337,30,79,95,101,71,10252,86,83,80,82,84
20150114 10:26,338,22,342,17,339,29,79,95,101,71,10252,86,83,80,82,84
20150114 10:27,341,20,343,17,343,28,79,95,101,71,10252,86,83,80,82,84
20150114 10:28,338,19,341,18,333,27,79,95,101,71,10251,86,83,81,82,84
20150114 10:29,332,20,341,19,332,32,79,95,101,71,10251,86,83,81,82,84
20150114 10:30,334,26,340,20,336,38,79,95,101,71,10251,85,83,81,82,84
20150114 10:31,337,32,339,22,337,42,79,95,101,71,10251,85,84,81,82,84
20150114 10:32,334,27,338,23,329,33,79,95,101,71,10251,85,83,81,82,84
20150114 10:33,332,23,336,23,335,30,79,95,101,71,10251,85,84,81,82,84
20150114 10:34,332,28,335,25,329,43,79,95,101,71,10251,85,84,81,82,84
20150114 10:35,332,30,335,25,334,39,79,95,101,71,10251,85,84,81,82,84
20150114 10:36,334,26,334,25,334,39,79,95,101,71,10251,85,84,81,82,84
20150114 10:37,333,25,333,26,332,34,79,95,101,71,10251,85,84,81,82,84
20150114 10:38,327,26,332,27,321,34,79,95,101,71,10251,85,84,81,82,84
20150114 10:39,325,31,332,28,328,47,80,95,102,72,10251,85,84,81,82,84
20150114 10:40,329,29,331,27,330,35,80,95,102,72,10251,85,84,81,82,84
20150114 10:41,333,21,331,26,337,31,80,95,102,72,10252,85,84,81,82,84
20150114 10:42,337,25,332,27,336,35,80,95,102,72,10252,85,84,81,82,84
20150114 10:43,331,26,331,27,326,33,80,95,102,72,10252,85,84,81,82,84
20150114 10:44,325,20,330,25,325,24,80,95,102,72,10252,85,84,81,82,84
20150114 10:45,320,20,328,25,315,32,80,95,102,72,10252,85,84,81,82,84
20150114 10:46,313,19,326,24,311,26,80,95,102,72,10252,85,84,81,82,84
20150114 10:47,316,15,325,23,322,31,80,95,102,72,10252,85,84,81,82,84
20150114 10:48,326,19,326,22,330,32,80,95,102,72,10251,85,84,81,82,84
20150114 10:49,332,20,327,21,334,22,80,95,102,72,10251,85,84,81,82,84
20150114 10:50,331,20,326,20,328,25,80,95,102,72,10251,85,84,81,82,84
20150114 10:51,328,22,326,21,328,36,80,95,102,72,10251,85,84,81,82,84
20150114 10:52,327,29,325,21,326,46,80,95,102,72,10251,85,83,81,82,84
20150114 10:53,333,33,326,22,340,47,80,95,102,72,10251,84,84,81,82,84
20150114 10:54,339,27,327,23,338,35,80,95,102,72,10251,84,84,81,82,84
20150114 10:55,337,25,329,23,335,38,80,95,102,72,10251,84,84,81,82,84
20150114 10:56,335,29,332,25,336,38,80,95,102,72,10251,84,84,82,82,84
20150114 10:57,328,25,332,25,320,28,80,95,102,72,10251,85,84,82,82,84
20150114 10:58,329,20,332,25,338,29,80,95,102,72,10251,85,84,82,82,84
20150114 10:59,330,25,331,26,322,42,80,95,102,72,10251,85,84,82,82,84
20150114 11:00,323,34,331,28,323,48,80,95,102,72,10251,85,84,82,82,84
20150114 11:01,317,30,329,28,311,41,80,95,102,72,10250,85,84,82,82,84
20150114 11:02,313,23,328,27,315,32,80,95,102,72,10250,85,84,82,82,84
20150114 11:03,317,26,326,26,319,49,80,95,102,72,10250,85,84,82,82,84
20150114 11:04,320,28,324,27,320,36,80,95,102,72,10250,85,84,82,82,84
20150114 11:05,321,30,322,27,321,39,80,95,102,72,10250,85,84,82,83,84
20150114 11:06,322,25,321,26,322,28,79,95,101,71,10250,85,84,82,83,84
20150114 11:07,323,22,321,27,324,47,80,95,102,72,10250,85,84,82,83,84
20150114 11:08,322,32,320,29,319,53,79,95,101,71,10250,85,84,82,83,84
20150114 11:09,319,32,319,28,319,37,79,95,101,71,10250,85,84,82,83,84
20150114 11:10,319,28,319,27,319,42,79,95,101,71,10250,85,84,82,83,84
20150114 11:11,318,30,319,28,316,44,79,95,101,71,10250,85,84,82,83,84
20150114 11:12,322,25,321,28,328,40,79,95,101,71,10250,85,84,82,83,84
20150114 11:13,331,26,322,28,333,45,79,95,101,71,10250,85,84,82,83,84
20150114 11:14,330,30,323,28,327,39,79,95,101,71,10249,85,84,82,83,84
20150114 11:15,326,36,323,29,325,59,79,95,101,71,10250,85,84,82,83,84
20150114 11:16,327,44,324,32,330,61,79,95,101,71,10249,85,84,82,83,84
20150114 11:17,330,41,325,33,329,47,79,95,101,71,10249,85,84,82,83,84
20150114 11:18,330,37,326,33,331,53,79,95,101,71,10249,85,84,82,83,84
20150114 11:19,330,33,327,33,329,36,79,95,101,71,10249,85,84,82,83,84
20150114 11:20,326,27,327,33,323,43,79,95,101,71,10249,85,84,82,83,84
20150114 11:21,322,27,328,33,321,42,79,95,101,71,10249,85,84,82,83,84
20150114 11:22,322,31,327,34,324,51,79,95,101,71,10249,86,84,82,83,84
20150114 11:23,319,30,325,33,315,33,79,95,101,71,10249,86,84,82,83,84
20150114 11:24,317,23,325,32,320,31,79,95,101,71,10248,86,84,82,83,84
20150114 11:25,323,26,325,31,326,51,79,95,101,71,10248,86,84,82,83,84
20150114 11:26,329,33,325,30,331,45,79,95,101,71,10248,87,84,82,83,84
20150114 11:27,321,25,323,28,309,27,79,95,101,71,10248,87,84,82,83,84
20150114 11:28,321,18,323,26,332,24,79,95,101,71,10248,87,84,82,83,84
20150114 11:29,330,22,323,26,327,36,79,95,101,71,10248,87,84,82,83,84
20150114 11:30,320,25,322,26,312,40,79,95,101,71,10248,88,84,82,83,84
20150114 11:31,316,30,322,27,321,45,79,95,101,71,10247,88,84,82,83,84
20150114 11:32,323,34,322,26,325,41,80,95,102,72,10247,89,84,82,83,84
20150114 11:33,323,28,323,26,322,38,80,95,102,72,10247,89,84,82,83,84
20150114 11:34,327,26,324,27,331,40,80,95,102,72,10246,90,84,82,83,84
20150114 11:35,333,26,325,26,336,28,80,95,102,72,10246,90,84,82,83,84
20150114 11:36,327,26,323,26,319,41,80,95,102,72,10246,91,84,82,83,84
20150114 11:37,319,29,324,27,319,37,80,95,102,72,10246,91,84,82,83,84
20150114 11:38,321,29,323,28,323,36,80,95,102,72,10246,90,84,82,83,84
20150114 11:39,322,31,323,29,322,51,80,95,102,72,10246,90,84,82,83,84
20150114 11:40,328,36,325,30,334,60,80,95,102,72,10246,90,84,82,83,84
20150114 11:41,335,37,327,30,335,50,80,95,102,72,10245,89,85,82,83,84
20150114 11:42,329,27,326,29,324,29,80,95,102,72,10245,90,85,82,83,84
20150114 11:43,327,23,327,29,331,35,80,95,102,72,10245,90,85,82,83,84
20150114 11:44,323,23,326,29,314,34,80,95,102,72,10245,90,85,82,83,84
20150114 11:45,321,25,325,29,328,35,80,95,102,72,10245,90,85,82,83,84
20150114 11:46,325,26,325,28,322,31,80,95,102,72,10245,90,85,82,83,84
20150114 11:47,325,30,326,29,327,52,80,95,102,72,10245,90,85,83,83,84
20150114 11:48,323,32,326,29,319,39,80,94,101,71,10245,89,85,83,83,84
20150114 11:49,323,27,326,28,326,31,80,94,101,71,10245,89,85,83,83,84
20150114 11:50,314,27,323,27,301,57,80,94,101,71,10245,89,85,83,83,84
20150114 11:51,309,33,321,27,317,49,80,94,101,71,10245,89,85,83,83,84
20150114 11:52,323,38,321,29,329,49,80,94,101,71,10245,89,85,83,83,84
20150114 11:53,326,38,321,31,323,42,80,94,101,71,10245,89,85,83,83,84
20150114 11:54,322,36,321,32,321,46,80,94,101,71,10245,88,85,83,83,84
20150114 11:55,326,36,322,33,331,53,80,94,101,71,10245,88,85,83,83,84
20150114 11:56,319,37,320,34,307,44,80,94,101,71,10244,88,85,83,83,84
20150114 11:57,307,36,318,34,308,50,80,94,101,71,10244,87,85,83,83,84
20150114 11:58,311,35,318,34,314,50,80,94,101,71,10244,87,85,83,83,84
20150114 11:59,317,46,317,38,319,73,80,94,101,71,10244,87,86,83,83,84
20150114 12:00,329,49,321,39,338,61,80,93,100,69,10244,86,86,83,83,84
20150114 12:01,334,37,322,39,331,43,80,93,100,69,10244,86,86,83,83,84
20150114 12:02,329,36,322,38,327,50,80,93,100,69,10244,86,86,83,83,84
20150114 12:03,317,40,320,39,307,63,80,93,100,69,10244,86,86,83,83,84
20150114 12:04,320,48,321,41,332,69,80,93,100,69,10244,86,86,83,83,84
20150114 12:05,331,51,321,42,330,62,79,93,99,68,10243,86,86,83,83,84
20150114 12:06,329,43,323,42,327,47,80,93,100,69,10243,86,86,83,83,84
20150114 12:07,328,38,326,42,330,53,80,93,100,69,10243,86,86,83,83,84
20150114 12:08,329,40,327,43,328,57,80,93,100,69,10243,86,86,83,83,84
20150114 12:09,328,45,328,42,329,57,80,93,100,69,10242,85,86,83,83,84
20150114 12:10,335,42,328,42,342,53,80,93,100,69,10242,85,85,83,83,84
20150114 12:11,335,36,328,42,328,42,80,93,100,69,10242,85,85,83,83,84
20150114 12:12,325,35,328,42,322,56,80,93,100,69,10242,85,85,83,83,84
20150114 12:13,325,45,329,43,327,68,80,93,100,69,10242,85,85,83,84,84
20150114 12:14,330,58,330,44,333,81,80,93,100,69,10242,85,85,83,83,84
20150114 12:15,331,49,329,43,329,50,80,93,100,69,10242,85,85,83,83,84
20150114 12:16,332,37,330,43,335,56,80,93,100,69,10242,85,85,83,84,84
20150114 12:17,329,34,330,42,323,56,80,93,100,69,10242,85,85,83,83,84
20150114 12:18,322,38,329,42,322,65,80,93,100,69,10241,85,85,83,84,84
20150114 12:19,328,43,330,42,335,56,80,92,99,68,10241,84,85,83,84,84
20150114 12:20,331,34,328,40,327,40,80,92,99,68,10241,85,85,83,84,84
20150114 12:21,325,31,328,41,323,45,80,92,99,68,10240,85,85,83,84,84
20150114 12:22,326,38,328,41,329,57,80,92,99,68,10240,85,85,83,84,84
20150114 12:23,330,36,329,39,330,43,80,92,99,68,10240,85,85,83,84,84
20150114 12:24,335,31,329,36,340,35,80,92,99,68,10240,85,85,83,84,84
20150114 12:25,344,32,331,35,347,56,80,93,100,69,10239,86,85,83,84,84
20150114 12:26,343,35,332,35,340,51,80,93,100,69,10239,86,85,83,84,84
20150114 12:27,339,32,333,35,338,42,80,93,100,69,10239,86,85,83,84,84
20150114 12:28,342,24,335,32,345,30,80,93,100,69,10239,87,85,83,84,84
20150114 12:29,342,26,336,31,339,55,80,93,100,69,10239,87,85,83,84,84
20150114 12:30,339,35,337,33,338,58,81,93,100,70,10238,87,85,83,84,84
20150114 12:31,340,35,339,32,342,50,81,92,99,69,10238,87,85,83,84,84
20150114 12:32,338,32,339,31,335,42,81,92,99,69,10238,88,85,84,84,84
20150114 12:33,339,39,341,33,343,68,81,93,100,70,10238,88,85,83,84,84
20150114 12:34,344,48,341,35,345,60,81,92,99,69,10238,88,85,83,84,84
20150114 12:35,347,46,341,35,349,58,81,92,99,69,10238,88,85,84,84,84
20150114 12:36,344,46,341,37,338,74,81,92,99,69,10238,88,85,84,84,84
20150114 12:37,340,43,341,38,341,52,81,92,99,69,10238,88,85,84,84,84
20150114 12:38,341,34,341,39,341,51,81,92,99,69,10238,88,85,84,84,84
20150114 12:39,340,31,341,39,339,43,81,92,99,69,10237,89,85,84,84,84
20150114 12:40,341,32,342,38,343,48,82,92,100,70,10237,89,85,84,84,84
20150114 12:41,339,27,341,37,334,29,82,92,100,70,10237,89,85,84,84,84
20150114 12:42,338,28,341,38,341,53,82,92,100,70,10237,89,85,84,84,84
20150114 12:43,347,32,342,36,353,40,82,92,100,70,10237,89,85,84,84,84
20150114 12:44,345,29,342,34,338,44,82,92,100,70,10237,90,85,84,84,84
20150114 12:45,335,32,340,33,333,45,82,92,100,70,10237,89,85,84,84,84
20150114 12:46,336,35,340,32,340,59,82,92,100,70,10237,89,85,84,84,84
20150114 12:47,339,42,340,33,338,60,82,91,99,68,10237,90,85,84,84,84
20150114 12:48,342,46,340,34,345,70,82,91,99,68,10237,90,85,84,84,84
20150114 12:49,343,45,341,36,342,66,83,91,100,69,10237,90,85,84,84,84
20150114 12:50,347,46,341,37,351,79,83,91,100,69,10236,90,85,84,84,84
20150114 12:51,348,44,343,39,345,69,83,91,100,69,10236,91,85,84,84,84
20150114 12:52,341,39,342,39,337,42,83,91,100,69,10236,91,85,84,84,84
20150114 12:53,334,33,340,39,331,46,83,91,100,69,10236,91,85,84,84,84
20150114 12:54,339,31,341,39,345,42,83,91,100,69,10236,92,86,84,84,84
20150114 12:55,349,33,343,39,352,51,84,91,100,70,10236,92,86,84,84,84
20150114 12:56,346,36,343,40,341,56,84,90,99,69,10236,92,86,84,84,84
20150114 12:57,342,31,343,37,342,37,84,90,99,69,10236,92,86,84,84,84
20150114 12:58,334,26,341,36,326,40,84,90,99,69,10236,93,86,84,84,84
20150114 12:59,341,26,343,33,357,37,84,90,99,69,10236,93,86,84,84,84
20150114 13:00,349,27,342,32,341,39,84,90,99,69,10236,93,86,84,84,84
20150114 13:01,337,27,340,30,332,40,84,90,99,69,10236,93,86,84,84,84
20150114 13:02,337,36,341,31,341,64,85,90,100,70,10236,93,86,84,84,84
20150114 13:03,333,46,340,33,324,61,85,90,100,70,10236,92,86,84,84,84
20150114 13:04,330,44,339,34,336,57,85,90,100,70,10236,92,86,84,84,84
20150114 13:05,346,35,340,33,357,54,85,90,100,70,10237,92,86,84,84,84
20150114 13:06,348,32,340,33,341,53,85,90,100,70,10237,92,86,84,84,84
20150114 13:07,342,39,340,35,344,56,85,90,100,70,10237,91,86,84,84,84
20150114 13:08,348,44,343,37,352,61,85,89,99,68,10237,91,86,84,84,85
20150114 13:09,352,37,342,37,352,44,85,89,99,68,10237,91,86,84,84,84
20150114 13:10,340,25,341,36,327,24,85,89,99,68,10237,91,87,84,84,85
20150114 13:11,327,23,340,36,327,42,85,89,99,68,10237,90,87,84,84,84
20150114 13:12,332,29,340,35,338,39,85,90,100,70,10237,90,87,84,84,85
20150114 13:13,330,34,340,34,323,57,85,90,100,70,10237,90,87,84,84,85
20150114 13:14,329,34,340,33,336,42,85,89,99,68,10237,90,87,84,84,85
20150114 13:15,333,32,337,33,331,43,85,89,99,68,10237,89,87,84,84,85
20150114 13:16,329,30,336,33,328,34,85,89,99,68,10237,89,87,84,84,85
20150114 13:17,327,25,334,30,325,39,85,89,99,68,10236,89,87,84,84,85
20150114 13:18,318,24,330,29,311,45,85,90,100,70,10236,89,87,84,84,85
20150114 13:19,308,27,325,28,305,36,85,90,100,70,10236,89,87,84,84,85
20150114 13:20,311,31,324,30,317,62,85,90,100,70,10236,89,87,84,84,85
20150114 13:21,319,39,324,32,321,56,85,90,100,70,10236,89,87,84,84,85
20150114 13:22,312,36,320,31,303,39,85,90,100,70,10235,89,87,84,84,85
20150114 13:23,304,29,318,31,305,38,85,90,100,70,10236,89,87,84,84,85
20150114 13:24,312,29,317,30,319,37,85,90,100,70,10236,89,87,84,84,85
20150114 13:25,316,23,315,29,312,30,85,91,101,71,10236,89,87,84,84,85
20150114 13:26,308,28,312,30,305,50,85,91,101,71,10236,89,87,84,84,85
20150114 13:27,302,33,310,30,298,37,85,91,101,71,10236,89,87,84,84,85
20150114 13:28,305,30,310,31,312,43,85,91,101,71,10236,88,87,84,84,85
20150114 13:29,307,29,309,31,302,34,85,91,101,71,10236,88,87,84,84,85
20150114 13:30,305,26,308,30,308,57,85,91,101,71,10236,88,87,84,84,85
20150114 13:31,312,34,308,30,317,62,85,91,101,71,10236,88,87,84,84,85
20150114 13:32,324,46,311,32,331,62,84,91,100,70,10236,88,87,84,84,85
20150114 13:33,324,44,312,33,316,55,84,91,100,70,10236,87,87,84,84,85
20150114 13:34,321,39,313,34,326,58,84,91,100,70,10236,87,87,84,84,85
20150114 13:35,327,40,314,36,328,59,84,91,100,70,10236,87,87,84,84,85
20150114 13:36,321,41,315,37,314,66,84,92,101,72,10236,87,87,84,84,85
20150114 13:37,315,37,317,37,315,42,84,92,101,72,10236,87,87,84,85,85
20150114 13:38,321,27,318,36,327,29,83,92,101,71,10236,87,87,84,85,85
20150114 13:39,320,24,319,36,313,34,83,92,101,71,10236,87,87,85,85,85
20150114 13:40,312,28,320,36,311,47,83,92,101,71,10236,87,87,85,85,85
20150114 13:41,309,30,319,35,306,40,83,93,102,72,10236,87,87,85,85,85
20150114 13:42,306,32,316,34,306,47,83,93,102,72,10236,87,87,85,85,85
20150114 13:43,314,31,317,33,323,56,83,93,102,72,10236,87,87,85,85,85
20150114 13:44,322,37,316,33,321,59,83,93,102,72,10236,87,87,85,85,85
20150114 13:45,317,43,315,33,313,53,83,93,102,72,10236,87,87,85,85,85
20150114 13:46,316,38,315,32,318,57,83,93,102,72,10236,86,87,85,85,85
20150114 13:47,315,34,315,32,311,58,82,93,101,71,10236,86,87,85,85,85
20150114 13:48,315,27,314,32,320,30,82,93,101,71,10236,86,87,85,85,85
20150114 13:49,320,21,315,32,321,42,82,93,101,71,10236,86,87,85,85,85
20150114 13:50,319,29,316,33,318,56,82,93,101,71,10236,86,87,85,85,85
20150114 13:51,311,33,315,32,303,40,82,93,101,71,10236,86,87,85,85,85
20150114 13:52,307,32,316,32,312,58,82,93,101,71,10236,86,87,85,85,85
20150114 13:53,313,38,315,34,315,51,82,93,101,71,10236,86,87,85,85,85
20150114 13:54,317,33,315,32,319,36,82,93,101,71,10236,86,87,85,85,85
20150114 13:55,315,26,315,30,311,40,82,93,101,71,10236,86,87,85,85,85
20150114 13:56,307,27,313,30,304,35,82,93,101,71,10236,86,87,85,85,85
20150114 13:57,317,33,315,30,330,58,82,93,101,71,10236,86,86,85,85,85
20150114 13:58,325,37,315,32,319,51,82,93,101,71,10236,86,86,85,85,85
20150114 13:59,315,32,314,33,310,40,82,93,101,71,10237,86,87,85,85,85
20150114 14:00,310,37,313,33,311,52,82,93,101,71,10237,86,86,85,85,85
20150114 14:01,309,42,314,34,307,52,82,92,100,70,10237,85,86,85,85,85
20150114 14:02,312,39,314,35,318,60,83,92,101,71,10237,85,86,85,85,85
20150114 14:03,309,33,313,33,300,36,83,92,101,71,10237,85,86,85,85,85
20150114 14:04,303,25,312,33,306,34,83,92,101,71,10237,85,86,85,85,85
20150114 14:05,309,28,312,34,313,48,83,92,101,71,10237,85,86,85,85,85
20150114 14:06,309,32,312,34,306,49,83,92,101,71,10237,85,86,85,85,85
20150114 14:07,308,32,310,34,310,43,83,92,101,71,10237,85,86,85,85,85
20150114 14:08,312,33,310,33,314,48,83,92,101,71,10237,85,86,85,85,85
20150114 14:09,317,35,310,34,319,51,83,92,101,71,10237,85,86,85,85,85
20150114 14:10,315,33,310,33,310,41,83,92,101,71,10237,85,86,85,85,85
20150114 14:11,302,25,309,31,293,42,83,92,101,71,10236,85,86,85,85,85
20150114 14:12,296,29,307,31,299,54,83,92,101,71,10236,85,86,85,85,85
20150114 14:13,304,39,308,32,308,56,83,92,101,71,10236,84,86,85,85,85
20150114 14:14,309,41,308,34,309,50,83,92,101,71,10236,84,86,85,85,85
20150114 14:15,313,34,308,33,316,46,83,92,101,71,10236,84,86,85,85,85
20150114 14:16,319,29,310,33,322,41,83,92,101,71,10237,84,86,85,85,85
20150114 14:17,316,27,310,32,310,35,83,92,101,71,10237,84,86,85,85,85
20150114 14:18,308,24,309,31,307,33,83,92,101,71,10237,84,86,85,85,85
20150114 14:19,310,30,309,31,313,50,83,92,101,71,10237,84,86,85,85,85
20150114 14:20,310,29,308,30,307,30,83,92,101,71,10237,84,86,85,85,85
20150114 14:21,313,26,311,31,320,45,83,92,101,71,10237,84,86,85,85,85
20150114 14:22,316,34,312,31,313,53,83,92,101,71,10237,83,86,85,85,85
20150114 14:23,310,34,312,30,308,46,83,92,101,71,10237,83,86,85,85,85
20150114 14:24,313,29,313,29,318,53,83,92,101,71,10237,83,86,85,85,85
20150114 14:25,323,29,315,29,329,42,83,92,101,71,10237,83,86,85,85,85
20150114 14:26,324,27,314,29,318,42,83,92,101,71,10237,83,86,85,85,85
20150114 14:27,312,30,314,30,307,55,82,92,100,70,10237,83,86,85,85,85
20150114 14:28,310,34,315,31,313,50,82,92,100,70,10238,83,86,85,85,85
20150114 14:29,309,28,314,29,304,35,82,92,100,70,10238,83,86,85,85,85
20150114 14:30,311,32,315,31,317,59,82,92,100,70,10238,83,86,85,85,85
20150114 14:31,316,43,314,33,316,56,82,92,100,70,10238,83,86,85,85,85
20150114 14:32,317,38,315,32,318,49,82,93,101,71,10237,83,86,85,85,85
20150114 14:33,319,30,316,32,321,39,82,93,101,71,10237,83,86,85,85,85
20150114 14:34,320,29,316,32,319,42,82,93,101,71,10237,83,85,85,85,85
20150114 14:35,317,29,315,32,316,38,82,93,101,71,10237,84,85,85,85,85
20150114 14:36,314,28,314,32,312,39,81,93,100,70,10237,83,85,85,85,85
20150114 14:37,313,29,315,32,315,36,81,94,101,72,10237,83,85,85,85,85
20150114 14:38,314,30,315,31,312,37,81,94,101,72,10238,83,85,85,85,85
20150114 14:39,312,27,316,32,311,34,81,94,101,72,10238,83,85,85,85,85
20150114 14:40,316,30,316,31,320,53,81,94,101,72,10238,84,85,85,85,85
20150114 14:41,313,35,315,30,306,47,81,94,101,72,10238,83,85,85,85,85
20150114 14:42,305,33,314,30,304,47,81,94,101,72,10239,83,85,85,85,85
20150114 14:43,309,35,313,31,314,49,81,94,101,72,10239,83,85,85,85,85
20150114 14:44,312,38,312,32,311,50,81,94,101,72,10239,83,85,85,85,85
20150114 14:45,313,33,312,32,315,43,81,95,103,73,10239,83,85,85,85,85
20150114 14:46,310,32,311,33,305,45,81,95,103,73,10239,83,85,85,85,85
20150114 14:47,311,33,311,33,316,45,81,95,103,73,10239,83,85,85,85,85
20150114 14:48,309,31,310,33,301,46,80,95,102,72,10239,83,85,85,85,85
20150114 14:49,309,35,311,34,317,51,80,95,102,72,10239,84,85,85,85,85
20150114 14:50,318,37,311,34,319,47,80,95,102,72,10239,84,85,85,85,85
20150114 14:51,313,33,311,34,307,40,80,95,102,72,10239,84,85,85,85,85
20150114 14:52,312,35,312,35,317,48,80,95,102,72,10239,84,85,85,85,85
20150114 14:53,318,37,313,34,319,55,80,95,102,72,10239,84,85,85,85,85
20150114 14:54,314,35,313,34,310,56,80,95,102,72,10239,84,85,85,85,85
20150114 14:55,307,41,312,36,305,63,80,95,102,72,10239,84,85,85,85,85
20150114 14:56,307,42,312,36,310,45,80,95,102,72,10240,84,85,85,85,85
20150114 14:57,309,38,311,37,308,55,80,95,102,72,10240,84,85,85,85,85
20150114 14:58,307,36,312,37,306,48,80,95,102,72,10240,84,85,85,85,85
20150114 14:59,309,34,311,37,313,49,80,96,103,74,10240,84,85,85,85,85
20150114 15:00,311,35,310,37,309,53,80,96,103,74,10240,83,85,85,85,85
20150114 15:01,306,36,310,37,302,50,80,96,103,74,10240,83,85,85,85,85
20150114 15:02,304,37,309,37,305,46,80,96,103,74,10240,83,85,85,85,85
20150114 15:03,309,35,308,37,312,50,80,96,103,74,10240,84,85,85,85,85
20150114 15:04,309,39,307,38,305,60,80,96,103,74,10241,84,85,85,85,85
20150114 15:05,311,40,309,37,317,50,80,96,103,74,10241,84,85,85,85,85
20150114 15:06,312,29,308,35,308,32,80,96,103,74,10241,84,85,85,85,85
20150114 15:07,310,23,309,34,312,43,80,96,103,74,10241,84,85,85,85,85
20150114 15:08,310,29,309,34,309,48,80,96,103,74,10241,84,85,85,85,85
20150114 15:09,309,31,309,33,308,35,80,96,103,74,10242,84,85,85,85,85
20150114 15:10,309,30,309,33,309,51,80,96,103,74,10242,84,85,85,85,85
20150114 15:11,300,37,308,34,292,60,80,96,103,74,10242,84,85,85,85,85
20150114 15:12,299,42,308,34,306,64,80,96,103,74,10243,84,85,85,85,86
20150114 15:13,305,44,307,35,305,69,80,96,103,74,10243,84,85,85,85,85
20150114 15:14,303,44,307,35,300,56,80,96,103,74,10243,84,85,85,86,86
20150114 15:15,302,47,305,37,304,67,80,96,103,74,10244,84,85,85,86,85
20150114 15:16,304,44,305,38,304,47,80,96,103,74,10244,84,85,85,86,86
20150114 15:17,301,35,304,39,299,41,80,96,103,74,10244,84,85,85,86,85
20150114 15:18,303,32,303,39,307,54,80,96,103,74,10244,84,85,85,85,86
20150114 15:19,310,35,304,40,312,53,80,96,103,74,10244,84,85,85,86,86
20150114 15:20,308,44,303,41,304,59,80,96,103,74,10244,84,85,85,86,86
20150114 15:21,306,47,305,42,309,58,80,96,103,74,10244,84,85,85,86,86
20150114 15:22,313,40,306,41,317,50,80,96,103,74,10244,84,85,85,86,86
20150114 15:23,319,35,308,40,321,53,80,96,103,74,10244,84,85,85,86,86
20150114 15:24,312,42,308,41,304,64,80,96,103,74,10243,85,85,85,86,86
20150114 15:25,306,44,308,39,308,55,80,96,103,74,10243,85,85,85,86,86
20150114 15:26,310,39,309,40,312,58,80,96,103,74,10243,85,85,85,86,86
20150114 15:27,311,40,310,40,311,55,80,96,103,74,10243,85,85,85,86,86
20150114 15:28,308,45,310,42,306,59,80,96,103,74,10244,85,85,85,86,86
20150114 15:29,304,41,309,41,303,48,80,96,103,74,10244,85,85,85,86,86
20150114 15:30,307,39,310,41,311,65,80,97,104,76,10244,84,85,85,86,86
20150114 15:31,308,38,310,40,305,46,80,97,104,76,10244,84,85,85,86,86
20150114 15:32,304,34,308,40,303,49,80,97,104,76,10244,85,85,85,86,86
20150114 15:33,307,41,307,41,311,59,80,97,104,76,10243,84,85,85,86,86
20150114 15:34,308,39,308,39,305,48,80,97,104,76,10243,84,85,85,86,86
20150114 15:35,306,36,307,39,307,55,80,97,104,76,10243,84,85,85,86,86
20150114 15:36,309,38,307,39,310,50,80,97,104,76,10242,84,85,85,86,86
20150114 15:37,311,37,307,39,312,61,80,97,104,76,10242,84,85,85,86,86
20150114 15:38,317,35,309,37,321,43,80,97,104,76,10242,84,85,85,86,86
20150114 15:39,313,36,309,38,304,77,80,97,104,76,10242,84,85,85,86,86
20150114 15:40,313,48,310,39,322,84,80,97,104,76,10242,84,85,85,86,86
20150114 15:41,323,57,312,41,324,77,80,97,104,76,10242,84,85,85,86,86
20150114 15:42,320,50,313,42,317,58,80,97,104,76,10242,84,85,85,86,86
20150114 15:43,319,44,314,42,321,56,80,97,104,76,10242,84,85,85,86,86
20150114 15:44,316,38,315,42,311,45,80,97,104,76,10242,85,85,85,86,86
20150114 15:45,314,34,316,42,317,55,80,97,104,76,10243,85,85,85,86,86
20150114 15:46,311,36,315,42,305,61,80,97,104,76,10243,85,85,85,86,86
20150114 15:47,311,38,316,42,317,63,80,97,104,76,10243,85,85,85,86,86
20150114 15:48,312,49,315,45,308,79,80,97,104,76,10244,85,85,85,86,86
20150114 15:49,310,51,316,45,313,67,80,97,104,76,10244,85,85,85,86,86
20150114 15:50,312,39,315,43,312,52,80,97,104,76,10244,85,85,85,86,86
20150114 15:51,312,34,313,41,311,56,80,97,104,76,10244,85,85,85,86,86
20150114 15:52,313,42,313,41,315,68,80,97,104,76,10244,84,85,85,86,86
20150114 15:53,322,43,314,40,329,62,80,97,104,76,10244,84,85,85,86,86
20150114 15:54,316,42,313,42,303,60,81,97,105,77,10245,84,85,85,86,86
20150114 15:55,307,43,312,42,311,57,80,97,104,76,10245,84,85,85,86,86
20150114 15:56,312,34,313,41,313,41,80,97,104,76,10245,84,85,85,86,86
20150114 15:57,317,36,313,42,320,66,80,97,104,76,10246,84,85,85,86,86
20150114 15:58,321,43,315,40,323,56,80,97,104,76,10246,83,85,85,86,86
20150114 15:59,317,41,315,40,311,57,80,97,104,76,10246,84,85,85,86,86
20150114 16:00,314,39,315,40,317,55,80,97,104,76,10246,84,85,85,86,86
20150114 16:01,317,36,316,40,316,52,80,97,104,76,10247,83,85,85,86,86
20150114 16:02,311,36,315,39,307,50,80,97,104,76,10247,83,85,85,86,86
20150114 16:03,305,37,312,39,303,56,80,97,104,76,10247,83,85,85,86,86
20150114 16:04,305,32,313,37,307,33,80,97,104,76,10247,83,85,85,86,86
20150114 16:05,298,33,311,37,288,60,80,97,104,76,10247,83,85,85,86,86
20150114 16:06,291,34,309,37,294,38,80,97,104,76,10248,82,85,85,86,86
20150114 16:07,296,34,306,36,297,59,80,97,104,76,10248,82,85,85,86,86
20150114 16:08,298,42,304,37,298,60,80,97,104,76,10248,82,85,85,86,86
20150114 16:09,296,40,302,36,294,46,80,97,104,76,10248,82,85,85,86,86
20150114 16:10,299,41,301,37,304,67,79,97,103,75,10248,82,85,85,86,86
20150114 16:11,303,43,299,38,302,54,79,97,103,75,10248,81,85,85,86,86
20150114 16:12,299,39,298,38,296,53,79,97,103,75,10248,81,85,85,86,86
20150114 16:13,298,41,298,38,300,52,79,97,103,75,10248,81,85,85,86,86
20150114 16:14,302,37,298,39,303,40,79,97,103,75,10248,81,85,85,86,86
20150114 16:15,303,32,299,38,302,52,79,97,103,75,10248,81,85,85,86,86
20150114 16:16,299,33,299,39,296,48,79,97,103,75,10248,81,85,85,86,86
20150114 16:17,296,36,299,38,296,65,79,97,103,75,10249,81,85,85,86,86
20150114 16:18,301,42,300,39,306,69,79,97,103,75,10249,81,85,85,86,86
20150114 16:19,305,44,301,39,305,66,79,97,103,75,10249,80,85,85,86,86
20150114 16:20,302,40,300,38,298,52,79,97,103,75,10250,80,85,85,86,86
20150114 16:21,307,40,302,38,316,64,79,97,103,75,10250,80,85,85,86,86
20150114 16:22,310,38,302,38,303,53,79,97,103,75,10250,80,85,85,86,86
20150114 16:23,302,37,303,38,302,56,79,97,103,75,10250,80,85,85,86,86
20150114 16:24,308,40,304,38,314,59,79,97,103,75,10251,80,85,85,86,86
20150114 16:25,308,39,304,39,301,58,79,97,103,75,10251,80,85,85,86,86
20150114 16:26,303,38,304,40,304,54,79,97,103,75,10251,80,85,85,86,86
20150114 16:27,302,41,305,40,301,56,79,97,103,75,10251,80,85,85,86,86
20150114 16:28,298,36,304,38,296,44,79,97,103,75,10251,80,85,85,86,86
20150114 16:29,297,33,303,38,299,52,79,97,103,75,10251,80,85,85,86,86
20150114 16:30,303,37,304,38,308,46,79,97,103,75,10252,80,85,85,86,86
20150114 16:31,306,40,303,38,304,69,79,97,103,75,10252,80,85,85,86,86
20150114 16:32,307,46,304,39,309,70,79,97,103,75,10252,80,85,85,86,86
20150114 16:33,307,46,304,40,304,60,79,97,103,75,10252,80,84,85,86,86
20150114 16:34,306,47,304,41,309,69,79,97,103,75,10252,80,84,85,86,86
20150114 16:35,310,48,305,42,312,57,79,97,103,75,10252,79,84,85,86,86
20150114 16:36,309,45,305,42,306,59,79,97,103,75,10252,79,84,85,86,86
20150114 16:37,309,41,306,42,312,59,79,97,103,75,10252,79,84,85,86,86
20150114 16:38,311,34,307,42,311,49,79,97,103,75,10252,79,84,85,86,86
20150114 16:39,307,35,308,42,304,52,79,97,103,75,10252,79,84,85,86,86
20150114 16:40,303,40,307,43,302,55,79,97,103,75,10252,79,84,85,86,86
20150114 16:41,304,40,307,42,305,47,79,97,103,75,10252,79,84,85,86,86
20150114 16:42,308,38,308,41,310,48,79,97,103,75,10253,79,84,85,86,86
20150114 16:43,309,33,308,39,309,40,79,97,103,75,10253,79,84,85,86,86
20150114 16:44,303,35,307,38,298,64,79,97,103,75,10253,79,84,85,86,86
20150114 16:45,302,39,306,37,306,50,79,97,103,75,10253,79,84,85,86,86
20150114 16:46,309,37,307,37,311,54,79,97,103,75,10254,79,84,85,86,86
20150114 16:47,308,38,306,37,305,51,79,97,103,75,10254,79,84,85,86,86
20150114 16:48,303,38,305,37,300,47,79,97,103,75,10254,79,84,85,86,86
20150114 16:49,302,36,305,37,304,48,79,97,103,75,10253,79,84,85,86,86
20150114 16:50,306,38,306,37,309,57,79,97,103,75,10253,79,84,85,86,86
20150114 16:51,308,44,306,38,307,53,79,97,103,75,10253,79,84,85,86,86
20150114 16:52,307,41,306,38,308,50,79,97,103,75,10253,79,84,85,86,86
20150114 16:53,309,39,306,39,310,52,79,97,103,75,10253,78,84,85,86,86
20150114 16:54,311,37,307,38,311,45,79,97,103,75,10253,78,84,85,86,86
20150114 16:55,308,35,307,38,306,58,79,97,103,75,10253,79,84,85,86,86
20150114 16:56,304,35,306,38,301,43,79,97,103,75,10253,79,83,85,86,86
20150114 16:57,306,38,307,38,310,67,79,97,103,75,10253,78,84,85,86,86
20150114 16:58,309,38,307,38,307,53,79,97,103,75,10253,78,83,85,86,86
20150114 16:59,308,36,308,39,309,49,79,97,103,75,10253,78,83,85,86,86
20150114 17:00,314,35,309,37,319,50,79,97,103,75,10252,78,83,85,86,86
20150114 17:01,312,33,309,36,306,54,79,97,103,75,10252,78,83,85,86,86
20150114 17:02,309,39,309,37,311,58,78,97,103,74,10252,78,83,85,86,86
20150114 17:03,313,45,309,38,315,64,78,97,103,74,10252,78,83,85,86,86
20150114 17:04,313,39,309,38,311,42,78,97,103,74,10253,78,83,85,86,86
20150114 17:05,312,37,310,38,314,55,78,97,103,74,10253,78,83,85,86,86
20150114 17:06,309,39,311,38,305,64,78,97,103,74,10253,78,83,85,86,86
20150114 17:07,305,45,310,39,304,72,78,97,103,74,10253,78,83,85,86,86
20150114 17:08,303,54,310,41,302,75,78,97,103,74,10254,78,83,85,86,86
20150114 17:09,305,46,309,41,308,59,78,97,103,74,10254,78,83,85,86,86
20150114 17:10,307,39,308,42,306,64,78,97,103,74,10254,78,83,85,86,86
20150114 17:11,304,42,308,43,301,52,78,97,103,74,10254,78,83,85,86,86
20150114 17:12,306,43,308,43,311,58,78,97,103,74,10254,78,83,85,86,86
20150114 17:13,312,38,307,42,313,42,78,97,103,74,10254,78,83,84,86,86
20150114 17:14,317,32,308,42,320,45,78,97,103,74,10254,78,83,84,86,86
20150114 17:15,318,36,309,41,316,56,78,97,103,74,10254,78,83,84,86,86
20150114 17:16,311,51,309,44,307,77,78,97,103,74,10254,78,83,84,86,86
20150114 17:17,308,48,309,42,310,48,78,97,103,74,10254,77,83,84,86,86
20150114 17:18,316,36,311,40,322,60,78,97,103,74,10255,77,83,84,86,86
20150114 17:19,323,38,313,41,325,59,78,97,103,74,10255,77,83,84,86,86
20150114 17:20,317,36,313,40,310,44,78,97,103,74,10255,77,83,84,86,86
20150114 17:21,305,31,313,38,300,53,78,97,103,74,10255,77,83,84,86,86
20150114 17:22,304,38,313,39,308,67,78,97,103,74,10255,77,83,84,86,86
20150114 17:23,309,46,313,40,311,62,78,97,103,74,10255,77,83,84,86,86
20150114 17:24,314,37,313,40,317,51,78,97,103,74,10256,77,83,84,86,86
20150114 17:25,309,38,311,40,300,64,78,97,103,74,10256,77,82,84,86,86
20150114 17:26,305,42,311,38,310,48,78,97,103,74,10256,77,83,84,86,86
20150114 17:27,306,36,310,38,302,51,78,97,103,74,10256,77,82,84,86,86
20150114 17:28,303,36,309,38,304,50,78,97,103,74,10257,77,82,84,86,86
20150114 17:29,308,37,307,38,311,51,78,97,103,74,10257,77,82,84,86,86
20150114 17:30,308,37,307,38,305,42,78,97,103,74,10257,77,82,84,86,86
20150114 17:31,304,33,307,38,303,38,78,97,103,74,10257,77,82,84,86,86
20150114 17:32,302,34,306,37,301,52,78,97,103,74,10257,77,82,84,86,86
20150114 17:33,299,38,305,36,297,57,77,97,102,73,10257,77,82,84,86,86
20150114 17:34,302,37,304,37,306,52,77,97,102,73,10257,77,82,84,86,86
20150114 17:35,308,35,305,36,310,49,77,97,102,73,10257,77,82,84,86,86
20150114 17:36,307,35,304,36,304,56,77,97,102,73,10257,77,82,84,86,86
20150114 17:37,302,33,304,35,301,45,77,97,102,73,10257,77,82,84,86,86
20150114 17:38,301,29,304,35,302,50,77,97,102,73,10257,77,82,84,86,86
20150114 17:39,302,34,303,35,301,53,77,97,102,73,10257,77,82,84,86,86
20150114 17:40,301,39,303,35,302,48,77,97,102,73,10257,76,82,84,86,86
20150114 17:41,298,35,302,35,295,60,77,97,102,73,10258,76,82,84,86,86
20150114 17:42,301,40,303,36,307,65,76,97,101,72,10258,76,82,84,86,86
20150114 17:43,308,46,304,37,310,74,76,97,101,72,10258,76,82,84,86,86
20150114 17:44,305,42,303,37,301,64,76,97,101,72,10258,76,82,84,86,86
20150114 17:45,305,41,303,38,310,57,76,97,101,72,10257,76,82,84,86,86
20150114 17:46,310,44,304,39,310,56,76,97,101,72,10257,76,82,84,86,86
20150114 17:47,307,36,304,39,304,43,76,97,101,72,10257,76,82,84,86,86
20150114 17:48,306,32,305,39,309,49,76,97,101,72,10257,76,82,84,86,86
20150114 17:49,307,38,305,40,306,59,76,97,101,72,10257,76,82,84,86,86
20150114 17:50,306,41,306,40,306,59,76,97,101,72,10257,76,82,84,86,86
20150114 17:51,307,44,307,41,309,70,76,97,101,72,10256,76,82,84,86,86
20150114 17:52,315,44,308,41,320,65,76,97,101,72,10256,76,82,84,86,86
20150114 17:53,318,44,309,41,316,61,76,97,101,72,10256,76,82,84,86,86
20150114 17:54,307,42,309,41,298,57,76,97,101,72,10256,76,82,84,86,86
20150114 17:55,305,38,309,40,311,53,76,97,101,72,10256,75,81,84,86,86
20150114 17:56,310,42,309,40,308,59,76,97,101,72,10256,75,82,84,86,86
20150114 17:57,311,44,310,42,313,61,76,97,101,72,10256,75,81,84,86,86
20150114 17:58,309,41,309,42,306,65,76,97,101,72,10257,75,81,84,86,86
20150114 17:59,304,42,309,42,302,62,76,97,101,72,10257,75,81,84,86,86
20150114 18:00,307,42,310,42,312,57,76,97,101,72,10257,75,81,84,86,86
20150114 18:01,312,38,310,41,311,63,76,97,101,72,10257,75,81,84,86,86
20150114 18:02,310,37,309,41,309,64,75,97,101,71,10257,75,81,84,86,86
20150114 18:03,311,42,308,41,313,62,75,97,101,71,10257,75,81,84,86,86
20150114 18:04,312,50,310,42,310,78,75,97,101,71,10257,75,81,84,86,86
20150114 18:05,310,55,310,44,311,76,75,97,101,71,10258,75,81,84,86,86
20150114 18:06,317,48,311,44,322,56,75,97,101,71,10258,75,81,84,86,86
20150114 18:07,316,48,311,45,310,69,75,97,101,71,10258,75,81,84,86,86
20150114 18:08,312,47,311,45,313,55,75,97,101,71,10258,75,81,84,86,86
20150114 18:09,308,37,311,44,304,44,75,97,101,71,10258,75,81,84,86,86
20150114 18:10,301,38,310,44,298,66,75,97,101,71,10258,75,81,84,86,86
20150114 18:11,307,47,311,46,315,66,75,97,101,71,10259,75,81,84,86,86
20150114 18:12,314,46,311,46,312,60,75,97,101,71,10259,75,81,84,86,86
20150114 18:13,312,39,311,45,312,54,75,97,101,71,10259,75,81,84,86,86
20150114 18:14,306,35,310,43,301,41,75,97,101,71,10259,75,81,84,86,86
20150114 18:15,304,34,309,41,307,50,75,97,101,71,10259,75,81,83,86,86
20150114 18:16,307,35,308,40,308,47,75,97,101,71,10259,75,81,83,86,86
20150114 18:17,317,39,310,39,326,69,75,97,101,71,10259,75,81,83,86,86
20150114 18:18,313,48,308,40,301,63,75,97,101,71,10259,75,81,83,86,86
20150114 18:19,303,43,308,40,305,57,75,97,101,71,10259,74,81,83,86,86
20150114 18:20,304,38,309,40,303,61,75,97,101,71,10259,75,81,83,86,86
20150114 18:21,301,40,307,39,299,57,75,97,101,71,10259,74,81,83,86,86
20150114 18:22,307,43,308,40,314,74,75,97,101,71,10259,75,81,83,86,86
20150114 18:23,311,41,307,40,308,49,75,97,101,71,10259,74,81,83,86,86
20150114 18:24,308,39,308,41,309,62,75,97,101,71,10258,74,81,83,86,86
20150114 18:25,310,41,308,41,312,55,75,97,101,71,10258,74,80,83,86,86
20150114 18:26,310,38,308,41,308,53,75,97,101,71,10259,74,80,83,86,86
20150114 18:27,311,33,307,40,314,45,75,97,101,71,10259,74,80,83,86,86
20150114 18:28,307,34,307,38,301,62,75,97,101,71,10259,74,80,83,86,86
20150114 18:29,303,46,307,40,305,64,75,97,101,71,10259,74,80,83,86,86
20150114 18:30,305,47,308,40,306,49,75,97,101,71,10259,74,80,83,86,86
20150114 18:31,305,36,308,39,304,39,75,97,101,71,10259,74,80,83,86,86
20150114 18:32,306,33,307,38,308,55,75,97,101,71,10259,74,80,83,86,86
20150114 18:33,313,38,308,39,318,58,75,97,101,71,10259,74,80,83,86,86
20150114 18:34,308,38,307,38,298,46,75,97,101,71,10259,74,80,83,86,86
20150114 18:35,305,31,307,37,313,37,75,97,101,71,10259,74,80,83,86,86
20150114 18:36,316,34,309,37,320,50,75,97,101,71,10259,74,80,83,86,86
20150114 18:37,312,41,308,38,305,70,75,97,101,71,10259,74,80,83,86,86
20150114 18:38,311,41,309,38,318,51,75,97,101,71,10259,74,80,83,86,86
20150114 18:39,315,34,310,36,311,40,75,97,101,71,10259,74,80,83,86,86
20150114 18:40,311,32,311,35,310,48,75,97,101,71,10259,74,80,83,86,86
20150114 18:41,315,36,312,36,320,53,75,97,101,71,10259,74,80,83,86,86
20150114 18:42,319,38,313,37,319,59,75,97,101,71,10259,74,80,83,86,86
20150114 18:43,315,29,313,34,311,33,75,97,101,71,10259,74,80,83,86,86
20150114 18:44,316,23,315,34,321,52,75,97,101,71,10259,74,80,83,86,86
20150114 18:45,319,34,315,35,318,60,75,97,101,71,10258,74,80,83,86,86
20150114 18:46,317,35,315,34,317,43,75,97,101,71,10258,74,80,83,86,86
20150114 18:47,314,27,316,32,310,41,75,97,101,71,10258,74,80,83,86,86
20150114 18:48,310,36,315,33,311,70,75,97,101,71,10258,74,80,83,86,86
20150114 18:49,310,42,315,34,309,56,75,97,101,71,10258,74,80,83,86,86
20150114 18:50,313,30,315,33,317,30,75,97,101,71,10258,74,80,83,86,86
20150114 18:51,312,28,314,32,309,43,75,97,101,71,10258,74,80,83,86,86
20150114 18:52,311,32,314,31,314,42,75,97,101,71,10258,74,80,83,86,86
20150114 18:53,316,28,315,32,319,35,75,97,101,71,10258,74,80,83,86,86
20150114 18:54,320,33,315,33,321,61,75,97,101,71,10259,74,80,83,86,86
20150114 18:55,321,40,315,33,321,52,75,97,101,71,10259,74,80,83,86,86
20150114 18:56,323,42,316,35,326,58,75,97,101,71,10259,74,80,83,86,86
20150114 18:57,322,33,316,34,316,40,75,97,101,71,10259,74,80,83,86,86
20150114 18:58,316,26,317,33,316,44,75,97,101,71,10259,74,80,83,86,86
20150114 18:59,313,31,317,32,309,41,75,97,101,71,10260,74,80,83,86,86
20150114 19:00,312,32,316,33,314,40,75,97,101,71,10260,74,80,83,86,86
20150114 19:01,315,30,317,32,316,41,75,97,101,71,10260,74,80,83,86,86
20150114 19:02,312,25,317,32,309,46,75,97,101,71,10260,74,80,83,86,86
20150114 19:03,308,29,315,33,307,50,75,97,101,71,10260,74,80,83,86,86
20150114 19:04,308,34,314,32,308,43,75,97,101,71,10260,74,79,83,86,86
20150114 19:05,312,35,314,32,315,52,75,97,101,71,10260,74,80,83,86,86
20150114 19:06,313,36,312,31,311,40,75,97,101,71,10260,74,79,83,85,86
20150114 19:07,316,30,312,31,320,34,75,97,101,71,10260,74,79,83,86,86
20150114 19:08,318,25,313,31,317,41,75,97,101,71,10260,74,79,83,86,86
20150114 19:09,318,23,314,30,319,32,75,97,101,71,10260,74,79,82,85,86
20150114 19:10,309,28,312,30,301,53,75,97,101,71,10261,74,79,82,85,86
20150114 19:11,304,37,312,31,308,54,75,97,101,71,10261,74,79,82,85,86
20150114 19:12,306,37,311,32,305,49,75,97,101,71,10260,74,79,82,85,86
20150114 19:13,315,35,313,32,324,57,75,97,101,71,10261,74,79,82,85,86
20150114 19:14,318,32,313,32,312,35,75,97,101,71,10261,74,79,82,85,86
20150114 19:15,308,30,312,31,305,51,75,97,101,71,10261,74,79,82,85,86
20150114 19:16,311,34,313,31,318,51,75,97,101,71,10261,74,79,82,85,86
20150114 19:17,311,34,311,32,304,42,75,97,101,71,10261,74,79,82,85,86
20150114 19:18,306,36,310,33,309,55,75,97,101,71,10261,74,79,82,85,86
20150114 19:19,310,36,310,34,311,51,75,97,101,71,10260,74,79,82,85,86
20150114 19:20,311,28,311,33,310,37,75,97,101,71,10260,74,79,82,85,86
20150114 19:21,314,26,311,32,317,35,75,97,101,71,10260,74,79,82,85,86
20150114 19:22,317,27,313,31,317,37,75,97,101,71,10260,74,79,82,85,86
20150114 19:23,313,29,311,31,309,49,75,97,101,71,10260,74,79,82,85,86
20150114 19:24,310,34,311,32,310,50,75,97,101,71,10260,74,79,82,85,86
20150114 19:25,319,39,313,33,328,54,75,97,101,71,10259,74,79,82,85,86
20150114 19:26,316,37,312,32,304,45,75,97,101,71,10260,74,79,82,85,86
20150114 19:27,313,28,314,31,323,44,75,97,101,71,10260,74,79,82,85,86
20150114 19:28,324,24,315,30,325,44,75,97,101,71,10260,74,79,82,85,86
20150114 19:29,314,28,315,30,304,47,75,97,101,71,10260,74,79,82,85,86
20150114 19:30,305,30,314,30,307,49,75,97,101,71,10260,74,79,82,85,86
20150114 19:31,305,30,313,31,303,41,75,97,101,71,10260,74,79,82,85,86
20150114 19:32,307,29,312,31,311,40,75,97,101,71,10260,74,79,82,85,86
20150114 19:33,313,26,313,30,315,36,75,97,101,71,10260,74,79,82,85,86
20150114 19:34,314,25,313,29,312,38,75,97,101,71,10260,74,79,82,85,86
20150114 19:35,314,29,312,28,315,46,75,97,101,71,10260,74,79,82,85,86
20150114 19:36,313,34,313,29,311,49,75,97,101,71,10260,74,79,82,85,86
20150114 19:37,309,36,311,30,307,42,75,97,101,71,10259,74,79,82,85,86
20150114 19:38,308,30,309,30,309,34,75,97,101,71,10259,74,79,82,85,86
20150114 19:39,305,29,309,30,301,48,75,97,101,71,10259,74,79,82,85,86
20150114 19:40,311,34,311,31,322,49,75,97,101,71,10259,74,79,82,85,86
20150114 19:41,318,36,312,31,314,44,75,97,101,71,10259,74,79,82,85,86
20150114 19:42,316,30,313,31,319,38,75,97,101,71,10259,74,79,82,85,86
20150114 19:43,315,27,312,31,311,41,75,97,101,71,10259,74,79,82,85,86
20150114 19:44,312,29,312,32,312,40,75,97,101,71,10259,74,79,82,85,86
20150114 19:45,316,30,313,31,319,48,75,97,101,71,10259,74,79,82,85,86
20150114 19:46,316,34,313,32,312,55,75,97,101,71,10259,74,79,82,85,86
20150114 19:47,314,35,314,31,317,49,75,97,101,71,10259,74,79,82,85,86
20150114 19:48,317,30,315,32,318,45,75,97,101,71,10259,74,79,82,85,86
20150114 19:49,317,28,316,31,315,43,75,97,101,71,10259,74,79,82,85,86
20150114 19:50,313,28,315,30,311,41,75,97,101,71,10259,74,79,82,85,86
20150114 19:51,313,29,315,30,314,41,75,97,101,71,10259,74,79,82,85,86
20150114 19:52,315,32,315,31,317,47,75,97,101,71,10259,74,79,82,85,86
20150114 19:53,316,40,315,33,314,59,75,97,101,71,10259,74,79,82,85,86
20150114 19:54,319,39,316,33,324,43,75,97,101,71,10259,74,79,82,85,86
20150114 19:55,322,31,316,33,320,41,75,97,101,71,10259,74,79,82,85,86
20150114 19:56,316,39,316,34,311,60,75,97,101,71,10259,74,79,82,85,86
20150114 19:57,311,42,315,34,310,61,75,97,101,71,10259,74,79,82,85,86
20150114 19:58,316,36,316,35,322,61,75,97,101,71,10259,74,79,82,85,86
20150114 19:59,326,43,317,37,329,62,75,97,101,71,10259,74,79,82,85,86
20150114 20:00,329,44,319,38,329,54,75,97,101,71,10259,74,79,82,85,86
