time_now,wd_avg_2mins,ws_avg_2mins,wd_avg_10mins,ws_avg_10mins,wd_maxsp_this_min,ws_maxsp_this_min,air_temp_by_box,relative_humidity,water_vapor_pressure,dew_temp,station_pressure,ground_temp_pt,ground_tem_5cm,ground_tem_10cm,ground_tem_15cm,ground_tem_20cm
20150227 20:01,65,30,65,28,61,41,76,78,81,40,10240,67,78,88,95,97
20150227 20:02,61,31,64,28,61,44,76,78,81,40,10240,67,78,88,95,97
20150227 20:03,63,25,64,27,64,26,76,78,81,40,10240,67,78,88,94,97
20150227 20:04,64,22,65,26,64,33,76,78,81,40,10240,67,78,87,94,97
20150227 20:05,63,25,65,26,61,34,76,78,81,40,10240,67,78,87,94,97
20150227 20:06,59,22,63,25,57,24,76,78,81,40,10240,67,78,87,94,97
20150227 20:07,60,21,62,26,63,35,76,78,81,40,10240,67,78,87,94,97
20150227 20:08,60,20,62,25,57,25,76,78,81,40,10240,67,78,87,94,97
20150227 20:09,61,18,62,24,64,27,76,79,82,42,10241,67,78,87,94,97
20150227 20:10,61,22,61,23,59,44,76,79,82,42,10241,67,78,87,94,97
20150227 20:11,63,24,62,23,67,30,76,78,81,40,10241,67,78,87,94,97
20150227 20:12,66,26,62,22,64,48,76,78,81,40,10241,67,78,87,94,96
20150227 20:13,65,26,62,23,65,43,76,78,81,40,10241,67,78,87,94,96
20150227 20:14,64,25,62,23,62,33,76,78,81,40,10241,67,78,87,94,96
20150227 20:15,58,26,61,23,55,34,76,78,81,40,10241,67,78,87,94,96
20150227 20:16,57,25,62,23,59,30,76,78,81,40,10242,67,78,87,94,96
20150227 20:17,58,25,61,24,57,35,76,78,81,40,10242,67,78,87,94,96
20150227 20:18,58,24,61,24,59,30,76,78,81,40,10242,67,78,87,94,96
20150227 20:19,56,19,60,24,53,24,76,78,81,40,10242,67,78,87,94,96
20150227 20:20,55,18,60,24,58,31,76,78,81,40,10242,67,78,87,94,96
20150227 20:21,55,23,58,24,52,37,76,78,81,40,10242,67,78,87,94,96
20150227 20:22,56,26,58,24,61,39,76,78,81,40,10243,67,78,87,94,96
20150227 20:23,57,25,57,24,53,30,76,78,81,40,10244,67,78,87,94,96
20150227 20:24,52,21,56,23,50,27,76,78,81,40,10244,67,78,87,94,96
20150227 20:25,48,20,55,23,45,38,76,78,81,40,10244,67,78,87,94,96
20150227 20:26,52,19,55,22,59,22,76,78,81,40,10244,67,78,87,94,96
20150227 20:27,63,18,56,21,66,24,76,78,81,40,10244,67,78,86,94,96
20150227 20:28,64,19,56,21,62,25,76,78,81,40,10243,67,78,86,94,96
20150227 20:29,63,19,57,21,65,28,76,78,81,40,10243,67,78,86,94,96
20150227 20:30,67,21,58,22,70,31,76,78,81,40,10243,67,78,86,94,96
20150227 20:31,65,24,59,22,60,31,76,78,81,40,10243,67,78,86,94,96
20150227 20:32,63,27,60,22,65,45,76,78,81,40,10244,67,78,86,94,96
20150227 20:33,64,29,61,22,63,37,76,78,81,40,10244,67,78,86,94,96
20150227 20:34,61,25,62,23,60,31,76,78,81,40,10245,67,77,86,94,96
20150227 20:35,60,24,63,23,60,35,77,77,81,39,10245,67,77,86,93,96
20150227 20:36,59,22,63,23,58,25,77,77,81,39,10246,67,77,86,94,96
20150227 20:37,55,18,62,23,52,29,77,77,81,39,10247,67,77,86,93,96
20150227 20:38,52,21,61,23,52,35,77,78,82,41,10247,67,77,86,93,96
20150227 20:39,49,23,59,24,46,40,77,78,82,41,10248,67,77,86,93,96
20150227 20:40,53,24,58,24,60,32,77,77,81,39,10248,67,77,86,93,96
20150227 20:41,59,23,57,24,58,32,77,77,81,39,10248,67,77,86,93,96
20150227 20:42,58,24,57,23,58,36,77,77,81,39,10248,67,77,86,93,96
20150227 20:43,57,22,56,22,57,30,77,77,81,39,10248,67,77,86,93,96
20150227 20:44,57,22,56,23,57,35,77,77,81,39,10248,67,77,86,93,96
20150227 20:45,54,27,55,23,52,41,77,77,81,39,10248,67,77,86,93,96
20150227 20:46,57,25,55,23,62,35,77,77,81,39,10248,67,77,86,93,96
20150227 20:47,61,20,56,23,60,30,77,77,81,39,10247,67,77,86,93,96
20150227 20:48,62,17,57,23,63,25,77,77,81,39,10247,67,77,86,93,96
20150227 20:49,65,17,59,22,67,27,77,78,82,41,10247,67,77,86,93,96
20150227 20:50,67,23,60,22,67,33,77,78,82,41,10247,67,77,86,93,96
20150227 20:51,67,24,61,22,66,33,77,78,82,41,10247,67,77,86,93,96
20150227 20:52,67,20,62,22,69,28,77,78,82,41,10248,67,77,86,93,96
20150227 20:53,68,21,63,22,66,35,77,78,82,41,10248,67,77,86,93,96
20150227 20:54,66,21,64,21,66,25,77,78,82,41,10248,67,77,86,93,96
20150227 20:55,65,18,65,20,65,26,77,78,82,41,10248,67,77,85,93,96
20150227 20:56,65,17,65,20,65,24,77,78,82,41,10249,67,77,85,93,96
20150227 20:57,61,24,65,21,56,51,77,78,82,41,10249,67,77,85,93,96
20150227 20:58,64,28,66,22,73,35,77,77,81,39,10248,67,77,85,93,96
20150227 20:59,72,20,66,22,71,21,77,77,81,39,10248,67,77,85,93,96
20150227 21:00,70,17,67,21,70,22,77,78,82,41,10248,67,77,85,93,96
20150227 21:01,70,18,67,21,70,27,77,78,82,41,10248,67,77,85,93,96
20150227 21:02,73,21,68,21,76,31,77,78,82,41,10249,67,77,85,93,96
20150227 21:03,70,23,68,21,65,29,77,77,81,39,10249,67,77,85,93,96
20150227 21:04,66,21,68,21,68,35,77,77,81,39,10250,67,77,85,93,96
20150227 21:05,69,22,68,22,70,33,77,77,81,39,10250,67,77,85,93,96
20150227 21:06,72,21,69,22,74,25,77,77,81,39,10251,67,77,85,93,96
20150227 21:07,70,18,70,20,67,22,77,77,81,39,10251,67,77,85,93,96
20150227 21:08,69,17,70,19,70,28,77,77,81,39,10252,67,77,85,93,96
20150227 21:09,72,18,70,20,73,23,77,77,81,39,10252,67,77,85,92,96
20150227 21:10,70,21,70,20,66,30,77,77,81,39,10252,67,77,85,92,96
20150227 21:11,67,23,70,21,68,31,77,77,81,39,10252,67,77,85,92,95
20150227 21:12,70,20,69,20,72,24,78,77,81,40,10252,67,77,85,92,95
20150227 21:13,73,20,70,20,74,29,77,77,81,39,10252,67,77,85,92,95
20150227 21:14,70,22,70,20,67,30,77,77,81,39,10251,67,77,85,92,95
20150227 21:15,71,24,71,20,74,36,78,77,81,40,10251,67,77,85,92,95
20150227 21:16,73,24,70,21,72,35,78,76,80,38,10251,67,77,85,92,95
20150227 21:17,71,20,71,21,69,23,78,76,80,38,10251,67,77,85,92,95
20150227 21:18,68,19,70,21,67,30,78,77,81,40,10251,67,76,85,92,95
20150227 21:19,67,21,70,22,67,30,78,77,81,40,10251,67,76,85,92,95
20150227 21:20,71,22,70,21,74,32,78,76,80,38,10251,67,76,85,92,95
20150227 21:21,73,21,71,21,73,28,78,77,81,40,10251,67,76,85,92,95
20150227 21:22,71,20,71,21,70,25,78,77,81,40,10251,67,76,85,92,95
20150227 21:23,70,23,70,22,71,39,78,77,81,40,10251,67,76,85,92,95
20150227 21:24,73,25,71,22,74,33,78,76,80,38,10251,67,76,85,92,95
20150227 21:25,74,25,71,22,73,32,78,76,80,38,10251,67,76,85,92,95
20150227 21:26,72,26,71,23,71,34,78,76,80,38,10250,67,76,85,92,95
20150227 21:27,73,29,72,24,75,39,78,76,80,38,10250,67,76,84,92,95
20150227 21:28,74,33,72,25,74,50,78,76,80,38,10250,67,76,84,92,95
20150227 21:29,73,34,73,26,72,39,78,76,80,38,10250,67,76,84,92,95
20150227 21:30,73,29,73,27,75,33,78,76,80,38,10250,67,76,84,92,95
20150227 21:31,77,28,73,28,79,38,78,76,80,38,10250,67,76,84,92,95
20150227 21:32,76,27,74,28,73,32,78,76,80,38,10251,67,76,84,92,95
20150227 21:33,76,23,74,28,78,27,78,76,80,38,10251,67,76,84,92,95
20150227 21:34,76,22,74,28,74,27,78,76,80,38,10251,67,76,84,92,95
20150227 21:35,81,22,76,27,87,31,78,76,80,38,10251,67,76,84,92,95
20150227 21:36,87,21,77,26,86,32,78,76,80,38,10251,67,76,84,92,95
20150227 21:37,81,23,77,26,75,39,78,76,80,38,10250,67,76,84,92,95
20150227 21:38,81,26,78,25,86,42,78,76,80,38,10250,67,76,84,92,95
20150227 21:39,84,24,79,24,81,34,78,76,80,38,10250,67,76,84,92,95
20150227 21:40,81,26,80,24,82,41,78,76,80,38,10250,67,76,84,92,95
20150227 21:41,81,27,80,24,81,36,78,76,80,38,10251,67,76,84,92,95
20150227 21:42,85,26,82,24,88,32,78,76,80,38,10252,67,76,84,92,95
20150227 21:43,87,24,83,24,86,26,78,76,80,38,10252,67,76,84,92,95
20150227 21:44,83,18,83,23,79,23,78,76,80,38,10253,67,76,84,92,95
20150227 21:45,77,16,82,23,75,22,78,76,80,38,10254,67,76,84,92,95
20150227 21:46,78,16,81,22,80,23,78,76,80,38,10254,67,76,84,91,95
20150227 21:47,78,22,81,23,77,37,78,76,80,38,10254,67,76,84,91,95
20150227 21:48,77,28,81,23,77,36,78,76,80,38,10254,67,76,84,91,95
20150227 21:49,78,24,80,23,79,27,78,76,80,38,10253,67,76,84,91,95
20150227 21:50,80,22,80,22,81,31,78,76,80,38,10253,67,76,84,91,95
20150227 21:51,76,25,79,22,72,39,78,76,80,38,10253,66,76,84,91,95
20150227 21:52,76,30,78,23,79,41,78,76,80,38,10253,66,76,84,91,95
20150227 21:53,77,30,77,23,74,30,78,76,80,38,10252,66,76,84,91,95
20150227 21:54,77,28,77,25,80,39,78,76,80,38,10252,66,76,84,91,95
20150227 21:55,79,26,78,25,78,27,78,76,80,38,10252,66,76,84,91,95
20150227 21:56,76,22,77,26,73,31,78,76,80,38,10252,66,76,84,91,95
20150227 21:57,74,24,77,26,76,31,77,76,80,37,10253,66,76,84,91,95
20150227 21:58,79,25,77,25,82,29,77,76,80,37,10253,66,76,84,91,95
20150227 21:59,80,21,77,25,78,24,77,77,81,39,10253,66,76,84,91,95
20150227 22:00,79,21,77,25,80,30,77,77,81,39,10253,66,76,84,91,95
20150227 22:01,77,24,77,25,73,30,77,77,81,39,10253,66,76,84,91,95
20150227 22:02,78,24,78,24,82,27,77,77,81,39,10253,66,76,84,91,95
20150227 22:03,79,24,78,24,76,32,77,77,81,39,10252,66,76,84,91,95
20150227 22:04,78,26,78,24,80,40,77,77,81,39,10252,66,76,83,91,95
20150227 22:05,81,31,78,25,81,41,77,77,81,39,10252,66,76,84,91,95
20150227 22:06,81,29,79,25,80,33,77,77,81,39,10252,66,76,83,91,95
20150227 22:07,77,22,79,24,74,29,77,77,81,39,10252,66,76,83,91,94
20150227 22:08,74,23,78,25,74,38,77,77,81,39,10253,66,76,83,91,95
20150227 22:09,75,24,78,25,77,31,77,77,81,39,10253,66,75,83,91,94
20150227 22:10,75,23,77,25,74,37,77,77,81,39,10253,66,75,83,91,94
20150227 22:11,75,26,77,25,76,39,77,77,81,39,10252,66,75,83,91,94
20150227 22:12,75,23,77,25,75,26,77,77,81,39,10252,66,75,83,91,94
20150227 22:13,77,22,77,25,80,35,77,77,81,39,10252,66,75,83,91,94
20150227 22:14,79,26,77,25,78,37,77,77,81,39,10252,66,75,83,91,94
20150227 22:15,77,27,76,24,76,31,77,77,81,39,10252,66,75,83,91,94
20150227 22:16,71,25,75,24,67,38,77,77,81,39,10252,66,75,83,91,94
20150227 22:17,69,24,75,25,72,37,77,77,81,39,10252,66,75,83,91,94
20150227 22:18,69,25,74,24,67,34,77,77,81,39,10253,66,75,83,91,94
20150227 22:19,62,20,72,24,58,27,77,77,81,39,10254,66,75,83,91,94
20150227 22:20,63,19,72,24,69,29,77,77,81,39,10254,66,75,83,91,94
20150227 22:21,66,21,71,23,64,28,77,77,81,39,10254,66,75,83,91,94
20150227 22:22,65,23,70,24,66,32,77,77,81,39,10254,66,75,83,91,94
20150227 22:23,66,23,68,23,65,33,77,77,81,39,10253,66,75,83,91,94
20150227 22:24,67,23,67,23,68,34,77,77,81,39,10253,66,75,83,91,94
20150227 22:25,69,22,67,22,69,32,77,77,81,39,10253,66,75,83,91,94
20150227 22:26,68,21,67,22,67,27,77,77,81,39,10253,66,75,83,91,94
20150227 22:27,67,23,66,22,67,33,77,77,81,39,10253,66,75,83,90,94
20150227 22:28,68,25,66,22,70,31,77,77,81,39,10254,66,75,83,90,94
20150227 22:29,69,25,67,23,68,34,77,77,81,39,10254,66,75,83,90,94
20150227 22:30,68,23,67,23,67,34,77,76,80,37,10254,66,75,83,90,94
20150227 22:31,68,22,68,23,68,31,77,76,80,37,10254,66,75,83,90,94
20150227 22:32,68,25,68,24,67,34,77,76,80,37,10254,66,75,83,90,94
20150227 22:33,67,26,68,24,68,28,77,76,80,37,10254,66,75,83,90,94
20150227 22:34,66,23,68,23,65,34,77,76,80,37,10253,66,75,83,90,94
20150227 22:35,65,21,67,23,66,26,77,76,80,37,10253,66,75,83,90,94
20150227 22:36,63,21,67,23,60,37,77,76,80,37,10254,66,75,83,90,94
20150227 22:37,65,21,67,23,70,35,77,77,81,39,10254,66,75,83,90,94
20150227 22:38,67,22,66,23,65,33,77,77,81,39,10254,66,75,83,90,94
20150227 22:39,68,24,67,23,70,34,77,76,80,37,10253,66,75,83,90,94
20150227 22:40,70,24,67,23,70,31,77,76,80,37,10253,66,75,83,90,94
20150227 22:41,69,30,67,24,69,41,77,76,80,37,10253,66,75,83,90,94
20150227 22:42,69,29,67,24,69,36,77,76,80,37,10253,66,75,83,90,94
20150227 22:43,68,25,67,24,66,37,77,77,81,39,10253,66,75,83,90,94
20150227 22:44,69,26,68,24,72,31,77,77,81,39,10253,66,75,83,90,94
20150227 22:45,65,24,67,24,58,35,77,77,81,39,10253,66,75,83,90,94
20150227 22:46,62,21,68,24,66,28,77,77,81,39,10254,66,75,83,90,94
20150227 22:47,64,22,67,25,62,29,77,77,81,39,10254,66,75,83,90,94
20150227 22:48,63,22,67,24,63,25,77,77,81,39,10254,66,75,83,90,94
20150227 22:49,65,24,66,25,67,36,77,77,81,39,10254,66,75,82,90,94
20150227 22:50,65,24,66,24,63,33,77,77,81,39,10255,66,75,82,90,94
20150227 22:51,63,22,65,23,62,30,77,77,81,39,10254,66,75,82,90,94
20150227 22:52,64,22,64,23,66,33,77,77,81,39,10254,66,75,82,90,94
20150227 22:53,66,25,64,23,65,36,77,77,81,39,10253,66,75,82,90,94
20150227 22:54,65,29,64,24,64,40,77,77,81,39,10252,66,75,82,90,94
20150227 22:55,66,29,65,24,68,33,77,77,81,39,10251,66,75,82,90,94
20150227 22:56,68,24,65,24,68,28,77,77,81,39,10252,66,75,82,90,94
20150227 22:57,70,22,66,24,71,28,77,77,81,39,10252,66,75,82,90,94
20150227 22:58,68,23,66,25,65,32,77,77,81,39,10253,66,75,82,90,94
20150227 22:59,61,22,65,24,57,28,77,77,81,39,10254,66,75,82,90,94
20150227 23:00,59,20,65,24,62,33,77,77,81,39,10254,66,75,82,90,94
20150227 23:01,63,19,65,23,63,28,77,77,81,39,10254,66,75,82,90,94
20150227 23:02,65,22,65,24,66,32,77,77,81,39,10254,66,75,82,90,94
20150227 23:03,70,23,66,23,73,28,77,77,81,39,10254,66,74,82,90,94
20150227 23:04,71,22,66,22,70,29,77,77,81,39,10253,66,75,82,90,94
20150227 23:05,68,22,66,22,66,30,77,77,81,39,10253,66,74,82,90,94
20150227 23:06,70,22,67,22,73,31,77,77,81,39,10253,66,74,82,90,94
20150227 23:07,71,22,66,22,69,28,77,77,81,39,10253,66,74,82,90,93
20150227 23:08,72,23,67,22,75,37,77,77,81,39,10253,66,74,82,90,93
20150227 23:09,72,27,69,23,69,42,77,77,81,39,10253,66,74,82,90,93
20150227 23:10,71,27,70,23,72,30,77,77,81,39,10253,66,74,82,90,93
20150227 23:11,70,21,70,23,68,31,77,77,81,39,10252,66,74,82,90,93
20150227 23:12,66,20,70,23,65,31,77,77,81,39,10252,66,74,82,90,93
20150227 23:13,67,21,70,23,70,29,77,77,81,39,10253,66,74,82,90,93
20150227 23:14,65,22,69,23,60,28,76,78,81,40,10253,66,74,82,89,93
20150227 23:15,64,22,69,22,67,26,76,77,80,38,10254,66,74,82,89,93
20150227 23:16,64,19,68,22,61,24,76,78,81,40,10254,66,74,82,89,93
20150227 23:17,61,18,67,22,61,27,76,77,80,38,10254,66,74,82,89,93
20150227 23:18,63,17,66,21,65,22,76,77,80,38,10255,66,74,82,89,93
20150227 23:19,65,18,65,20,65,29,76,77,80,38,10256,66,74,82,89,93
20150227 23:20,62,19,64,19,58,25,76,77,80,38,10256,66,74,82,89,93
20150227 23:21,60,17,63,19,62,25,76,77,80,38,10257,66,74,82,89,93
20150227 23:22,64,18,63,19,65,27,76,77,80,38,10257,66,74,82,89,93
20150227 23:23,63,19,63,19,62,24,77,77,81,39,10258,66,74,82,89,93
20150227 23:24,61,17,63,18,61,22,77,77,81,39,10258,66,74,82,89,93
20150227 23:25,62,16,62,18,64,25,77,77,81,39,10258,66,74,82,89,93
20150227 23:26,65,19,63,18,66,28,77,76,80,37,10258,66,74,82,89,93
20150227 23:27,58,19,62,18,49,22,77,76,80,37,10258,66,74,82,89,93
20150227 23:28,54,18,61,18,60,25,77,76,80,37,10258,66,74,82,89,93
20150227 23:29,59,21,61,18,59,26,77,76,80,37,10258,66,74,82,89,93
20150227 23:30,57,23,60,19,56,34,77,76,80,37,10257,65,74,82,89,93
20150227 23:31,58,26,60,20,60,32,77,76,80,37,10256,65,74,82,89,93
20150227 23:32,64,25,61,20,68,28,77,76,80,37,10255,65,74,82,89,93
20150227 23:33,67,21,61,21,65,31,77,76,80,37,10254,65,74,82,89,93
20150227 23:34,64,23,61,22,63,32,77,77,81,39,10254,65,74,82,89,93
20150227 23:35,64,26,61,23,65,34,76,77,80,38,10254,65,74,82,89,93
20150227 23:36,63,23,61,22,62,26,76,77,80,38,10254,65,74,81,89,93
20150227 23:37,62,24,62,24,63,36,76,77,80,38,10254,65,74,81,89,93
20150227 23:38,65,29,63,25,67,43,76,77,80,38,10253,65,74,81,89,93
20150227 23:39,66,29,63,25,64,38,76,77,80,38,10253,65,74,81,89,93
20150227 23:40,65,27,64,25,65,39,76,77,80,38,10252,65,74,81,89,93
20150227 23:41,70,28,66,26,76,42,76,77,80,38,10252,64,74,81,89,93
20150227 23:42,74,29,66,26,72,43,76,77,80,38,10253,64,74,81,89,93
20150227 23:43,69,26,66,26,65,33,76,77,80,38,10253,64,74,81,89,93
20150227 23:44,67,23,67,26,69,31,76,78,81,40,10253,64,74,81,89,93
20150227 23:45,71,24,68,26,74,31,76,78,81,40,10253,64,74,81,89,93
20150227 23:46,70,27,68,27,66,37,76,78,81,40,10253,64,74,81,89,93
20150227 23:47,67,27,69,27,69,32,75,78,81,39,10253,64,74,81,89,93
20150227 23:48,68,26,69,26,68,32,75,78,81,39,10253,64,74,81,89,93
20150227 23:49,67,24,69,26,66,32,75,78,81,39,10253,64,74,81,89,93
20150227 23:50,65,21,69,25,64,26,75,78,81,39,10253,64,74,81,89,93
20150227 23:51,68,22,68,25,72,31,75,78,81,39,10253,64,74,81,89,93
20150227 23:52,70,22,68,24,69,30,75,78,81,39,10252,64,74,81,89,93
20150227 23:53,70,23,69,24,71,30,75,79,82,41,10252,64,74,81,89,93
20150227 23:54,69,21,69,24,67,29,75,79,82,41,10252,64,74,81,89,93
20150227 23:55,70,23,68,24,73,33,75,79,82,41,10252,64,74,81,89,93
20150227 23:56,68,25,68,23,63,39,75,79,82,41,10252,64,73,81,89,93
20150227 23:57,64,24,68,23,66,34,75,79,82,41,10252,64,73,81,89,93
20150227 23:58,65,24,68,23,65,33,75,79,82,41,10252,64,73,81,89,93
20150227 23:59,66,21,68,23,67,25,75,79,82,41,10252,63,73,81,89,93
20150227 00:00,68,20,68,23,69,31,74,79,81,40,10252,63,73,81,89,93
20150227 00:01,72,20,68,22,75,25,74,80,82,42,10252,63,73,81,89,93
20150227 00:02,74,21,69,22,73,29,74,80,82,42,10252,63,73,81,89,93
20150227 00:03,71,21,69,22,69,30,74,80,82,42,10252,63,73,81,89,93
20150227 00:04,70,19,69,22,70,23,74,80,82,42,10252,63,73,81,89,93
20150227 00:05,71,22,69,22,72,37,74,80,82,42,10253,63,73,81,89,93
20150227 00:06,74,25,70,22,76,29,74,80,82,42,10253,63,73,81,88,93
20150227 00:07,72,25,70,22,68,35,74,80,82,42,10253,63,73,81,88,93
20150227 00:08,69,22,71,21,71,23,74,80,82,42,10253,63,73,81,88,93
20150227 00:09,70,21,71,22,69,31,74,80,82,42,10253,63,73,81,88,93
20150227 00:10,69,24,71,22,69,30,74,80,82,42,10253,63,73,81,88,93
20150227 00:11,71,21,71,22,73,32,74,80,82,42,10253,63,73,81,88,93
20150227 00:12,71,24,71,23,70,35,74,80,82,42,10253,63,73,81,88,92
20150227 00:13,67,23,70,23,65,29,74,80,82,42,10253,63,73,81,88,93
20150227 00:14,65,19,70,23,66,24,74,80,82,42,10254,63,73,81,88,92
20150227 00:15,64,18,69,22,62,28,74,80,82,42,10255,63,73,81,88,92
20150227 00:16,61,16,67,21,60,20,73,80,82,41,10255,63,73,81,88,92
20150227 00:17,65,17,67,20,69,26,74,80,82,42,10256,63,73,81,88,92
20150227 00:18,66,17,67,20,62,21,74,80,82,42,10256,63,73,81,88,92
20150227 00:19,65,15,66,19,68,20,74,80,82,42,10256,63,73,81,88,92
20150227 00:20,65,13,66,18,62,16,74,80,82,42,10256,63,73,81,88,92
20150227 00:21,66,13,65,17,70,19,74,80,82,42,10256,63,73,81,88,92
20150227 00:22,67,17,65,16,64,22,74,80,82,42,10256,63,73,81,88,92
20150227 00:23,66,19,65,16,68,27,74,80,82,42,10256,63,73,81,88,92
20150227 00:24,68,17,65,16,67,19,74,80,82,42,10256,63,73,81,88,92
20150227 00:25,66,13,65,16,64,16,74,80,82,42,10257,63,73,81,88,92
20150227 00:26,62,13,65,16,60,23,73,80,82,41,10257,63,73,80,88,92
20150227 00:27,61,17,65,16,61,30,73,80,82,41,10257,63,73,80,88,92
20150227 00:28,64,17,65,16,67,21,74,80,82,42,10256,63,73,80,88,92
20150227 00:29,63,17,64,16,60,28,74,80,82,42,10256,64,73,80,88,92
20150227 00:30,62,19,64,17,64,21,74,80,82,42,10256,64,73,80,88,92
20150227 00:31,64,19,64,17,64,27,74,80,82,42,10256,64,73,80,88,92
20150227 00:32,64,19,64,17,63,24,74,80,82,42,10256,64,73,80,88,92
20150227 00:33,63,18,63,17,63,23,74,80,82,42,10256,64,73,80,88,92
20150227 00:34,63,17,63,17,62,25,74,80,82,42,10256,64,73,80,88,92
20150227 00:35,65,18,63,18,67,26,74,80,82,42,10256,64,73,80,88,92
20150227 00:36,69,20,64,18,72,23,74,80,82,42,10256,64,73,80,88,92
20150227 00:37,69,18,65,18,66,21,74,80,82,42,10256,64,73,80,88,92
20150227 00:38,65,17,65,18,65,21,73,80,82,41,10257,64,73,80,88,92
20150227 00:39,64,16,65,18,62,21,73,80,82,41,10257,64,73,80,88,92
20150227 00:40,62,15,65,18,62,18,74,80,82,42,10258,64,73,80,88,92
20150227 00:41,62,14,64,17,61,18,74,80,82,42,10258,64,73,80,88,92
20150227 00:42,62,14,64,17,62,24,74,80,82,42,10259,64,73,80,88,92
20150227 00:43,63,15,64,16,64,18,74,80,82,42,10259,64,73,80,88,92
20150227 00:44,62,13,64,16,60,16,74,80,82,42,10259,64,73,80,88,92
20150227 00:45,58,12,63,15,55,20,74,80,82,42,10259,64,73,80,88,92
20150227 00:46,50,15,60,15,45,21,74,80,82,42,10260,64,73,80,88,92
20150227 00:47,42,15,58,14,39,18,74,80,82,42,10260,64,73,80,88,92
20150227 00:48,44,13,56,14,48,19,74,80,82,42,10260,64,73,80,88,92
20150227 00:49,54,14,56,14,59,21,74,80,82,42,10260,64,73,80,88,92
20150227 00:50,56,15,55,14,53,20,74,80,82,42,10259,64,73,80,88,92
20150227 00:51,56,15,55,14,60,21,74,80,82,42,10259,64,73,80,88,92
20150227 00:52,59,15,54,14,58,16,74,80,82,42,10259,64,73,80,88,92
20150227 00:53,57,13,53,14,57,20,74,80,82,42,10259,64,73,80,88,92
20150227 00:54,57,12,53,14,58,15,73,80,82,41,10259,64,73,80,88,92
20150227 00:55,57,14,53,14,56,23,73,80,82,41,10259,64,73,80,88,92
20150227 00:56,60,16,55,14,64,23,73,80,82,41,10259,64,73,80,88,92
20150227 00:57,62,16,57,14,61,20,73,80,82,41,10259,64,73,80,88,92
20150227 00:58,63,14,59,14,66,17,73,80,82,41,10259,64,73,80,88,92
20150227 00:59,65,15,60,15,65,24,73,80,82,41,10259,64,73,80,88,92
20150227 01:00,62,14,60,14,60,19,74,80,82,42,10259,64,73,80,88,92
20150227 01:01,62,14,61,14,65,21,74,80,82,42,10259,64,73,80,88,92
20150227 01:02,67,18,62,15,70,22,73,80,82,41,10259,64,73,80,87,92
20150227 01:03,66,17,63,15,63,21,73,80,82,41,10259,64,73,80,88,92
20150227 01:04,67,16,64,16,71,20,73,80,82,41,10259,64,72,80,87,92
20150227 01:05,65,16,64,16,58,22,74,80,82,42,10258,64,73,80,87,92
20150227 01:06,62,16,65,16,67,22,73,80,82,41,10258,64,73,80,87,92
20150227 01:07,69,17,66,16,72,22,73,80,82,41,10258,64,73,80,87,92
20150227 01:08,72,17,66,16,73,25,73,80,82,41,10257,64,73,80,87,92
20150227 01:09,75,19,68,17,78,28,73,81,83,43,10257,63,72,80,87,92
20150227 01:10,78,20,70,17,78,26,73,81,83,43,10257,63,72,80,87,92
20150227 01:11,81,18,72,17,85,21,73,81,83,43,10257,63,72,80,87,92
20150227 01:12,81,16,72,17,77,18,73,81,83,43,10257,63,72,80,87,92
20150227 01:13,80,14,74,17,84,21,73,81,83,43,10258,63,72,80,87,92
20150227 01:14,82,13,75,16,81,15,73,81,83,43,10258,63,72,80,87,92
20150227 01:15,82,13,78,16,84,16,73,81,83,43,10258,63,72,80,87,92
20150227 01:16,83,13,79,16,81,19,73,81,83,43,10258,63,72,80,87,92
20150227 01:17,79,15,80,16,78,22,73,81,83,43,10257,63,72,80,87,92
20150227 01:18,81,18,81,16,84,25,73,81,83,43,10257,63,72,80,87,92
20150227 01:19,84,18,82,15,84,23,72,81,82,42,10257,63,72,80,87,92
20150227 01:20,84,15,82,15,85,17,72,81,82,42,10257,63,72,80,87,92
20150227 01:21,85,13,82,14,85,16,72,82,83,43,10257,63,72,80,87,92
20150227 01:22,83,14,83,15,82,22,72,81,82,42,10257,63,72,80,87,92
20150227 01:23,82,16,83,15,82,21,72,81,82,42,10257,63,72,80,87,92
20150227 01:24,82,17,83,15,81,20,72,81,82,42,10256,63,72,80,87,91
20150227 01:25,81,17,82,16,80,23,72,81,82,42,10256,63,72,79,87,92
20150227 01:26,80,17,82,16,79,20,72,81,82,42,10257,63,72,80,87,92
20150227 01:27,76,16,82,16,73,20,72,81,82,42,10258,63,72,79,87,91
20150227 01:28,77,13,81,15,81,18,72,81,82,42,10258,63,72,79,87,91
20150227 01:29,76,12,80,15,72,18,72,81,82,42,10259,63,72,79,87,91
20150227 01:30,77,11,80,14,82,10,72,81,82,42,10259,63,72,79,87,91
20150227 01:31,86,10,80,14,90,16,72,81,82,42,10259,63,72,79,87,91
20150227 01:32,88,13,81,14,85,16,72,81,82,42,10258,63,72,79,87,91
20150227 01:33,86,14,81,14,86,21,72,81,82,42,10258,63,72,79,87,91
20150227 01:34,85,16,81,14,84,22,72,81,82,42,10258,63,72,79,87,91
20150227 01:35,81,19,81,14,78,23,72,81,82,42,10257,63,72,79,87,91
20150227 01:36,77,19,81,15,75,27,72,81,82,42,10257,63,72,79,87,91
20150227 01:37,74,20,81,15,73,33,72,81,82,42,10256,63,72,79,87,91
20150227 01:38,73,20,80,16,73,24,72,81,82,42,10255,63,72,79,87,91
20150227 01:39,74,20,80,17,74,28,72,81,82,42,10255,63,72,79,87,91
20150227 01:40,74,21,79,18,74,25,72,81,82,42,10255,63,72,79,87,91
20150227 01:41,78,21,78,19,82,27,72,81,82,42,10256,63,72,79,87,91
20150227 01:42,85,19,79,19,87,20,72,81,82,42,10256,63,72,79,87,91
20150227 01:43,89,16,79,19,92,19,72,81,82,42,10256,63,72,79,87,91
20150227 01:44,92,16,80,19,93,18,72,81,82,42,10256,63,72,79,87,91
20150227 01:45,94,15,82,18,95,24,72,81,82,42,10256,63,72,79,87,91
20150227 01:46,93,15,83,18,91,19,72,81,82,42,10257,63,72,79,87,91
20150227 01:47,89,13,85,17,88,16,72,81,82,42,10258,63,72,79,87,91
20150227 01:48,86,11,86,16,84,12,72,81,82,42,10259,63,72,79,87,91
20150227 01:49,82,12,87,15,80,18,72,81,82,42,10258,63,72,79,87,91
20150227 01:50,80,14,87,15,80,18,72,81,82,42,10258,63,72,79,87,91
20150227 01:51,79,17,87,15,78,24,72,81,82,42,10257,64,72,79,87,91
20150227 01:52,76,19,86,15,75,23,72,81,82,42,10256,64,72,79,87,91
20150227 01:53,78,19,84,15,80,24,72,81,82,42,10256,64,72,79,87,91
20150227 01:54,83,18,84,15,86,23,72,80,81,40,10257,63,72,79,87,91
20150227 01:55,84,17,82,16,82,22,72,80,81,40,10257,63,72,79,87,91
20150227 01:56,84,16,82,16,86,21,72,80,81,40,10257,64,72,79,87,91
20150227 01:57,84,14,81,16,83,18,72,80,81,40,10257,64,72,79,87,91
20150227 01:58,80,13,81,16,77,19,72,80,81,40,10258,63,72,79,87,91
20150227 01:59,75,12,80,16,73,16,72,80,81,40,10259,64,72,79,87,91
20150227 02:00,70,11,79,16,67,16,72,80,81,40,10259,63,72,79,87,91
20150227 02:01,68,11,78,15,69,13,72,80,81,40,10259,63,72,79,87,91
20150227 02:02,71,12,78,14,73,19,72,80,81,40,10257,64,72,79,87,91
20150227 02:03,77,15,78,14,81,21,72,80,81,40,10256,64,72,79,87,91
20150227 02:04,82,19,77,14,83,23,72,81,82,42,10255,64,72,79,87,91
20150227 02:05,82,19,77,14,81,23,72,81,82,42,10255,63,72,79,87,91
20150227 02:06,79,17,76,14,77,21,72,81,82,42,10255,63,72,79,87,91
20150227 02:07,74,14,75,14,72,17,72,81,82,42,10256,63,72,79,86,91
20150227 02:08,72,14,75,15,73,20,71,81,82,41,10257,63,72,79,86,91
20150227 02:09,70,14,74,15,68,18,72,81,82,42,10257,63,72,79,86,91
20150227 02:10,69,10,75,14,71,12,71,81,82,41,10257,63,72,79,86,91
20150227 02:11,71,9,75,14,71,13,71,81,82,41,10257,64,72,79,86,91
20150227 02:12,69,10,74,14,67,17,71,81,82,41,10257,63,72,79,86,91
20150227 02:13,69,11,73,14,71,15,71,81,82,41,10257,64,72,79,86,91
20150227 02:14,71,12,72,13,71,15,71,81,82,41,10258,64,72,79,86,91
20150227 02:15,72,11,71,12,73,14,71,81,82,41,10258,64,72,79,86,91
20150227 02:16,73,11,71,11,73,13,71,81,82,41,10258,63,72,79,86,91
20150227 02:17,72,10,71,11,71,13,71,81,82,41,10258,64,72,79,86,91
20150227 02:18,74,11,71,11,78,14,71,81,82,41,10257,64,72,79,86,91
20150227 02:19,77,12,72,11,77,15,71,81,82,41,10256,64,72,79,86,91
20150227 02:20,80,14,74,11,84,19,71,81,82,41,10256,64,72,79,86,91
20150227 02:21,81,15,74,12,78,19,71,81,82,41,10255,64,72,79,86,91
20150227 02:22,81,16,76,13,83,21,71,81,82,41,10255,64,72,79,86,91
20150227 02:23,80,16,77,13,78,23,71,81,82,41,10255,64,72,79,86,91
20150227 02:24,79,17,78,14,81,20,71,81,82,41,10255,64,72,79,86,91
20150227 02:25,77,17,78,14,74,22,71,81,82,41,10254,64,72,79,86,91
20150227 02:26,77,15,78,15,79,16,71,81,82,41,10254,64,72,79,86,91
20150227 02:27,81,16,79,15,82,25,71,81,82,41,10254,64,72,79,86,91
20150227 02:28,83,18,80,16,84,20,71,81,82,41,10254,63,72,79,86,91
20150227 02:29,82,15,80,16,81,19,71,80,81,39,10254,63,72,79,86,91
20150227 02:30,82,15,80,16,84,25,71,80,81,39,10254,63,72,79,86,91
20150227 02:31,83,16,81,16,82,23,71,80,81,39,10254,64,72,79,86,91
20150227 02:32,81,18,81,17,80,23,71,80,81,39,10254,63,72,79,86,91
20150227 02:33,78,18,80,17,76,24,71,80,81,39,10254,63,72,79,86,91
20150227 02:34,76,17,80,17,76,22,71,80,81,39,10254,63,72,78,86,91
20150227 02:35,78,17,80,17,79,26,71,80,81,39,10255,63,72,78,86,91
20150227 02:36,79,16,80,17,79,21,71,80,81,39,10255,63,72,78,86,91
20150227 02:37,77,16,80,17,76,23,71,80,81,39,10255,63,71,78,86,91
20150227 02:38,78,15,79,16,80,17,71,79,80,37,10255,63,72,78,86,91
20150227 02:39,79,15,79,17,77,23,71,79,80,37,10255,63,71,78,86,91
20150227 02:40,78,19,78,17,79,23,71,79,80,37,10254,63,71,78,86,91
20150227 02:41,77,18,78,17,75,20,71,79,80,37,10254,63,71,78,86,91
20150227 02:42,77,16,78,17,78,20,71,79,80,37,10254,63,71,78,86,90
20150227 02:43,78,17,78,17,77,28,71,79,80,37,10254,63,71,78,86,90
20150227 02:44,77,18,78,17,77,24,71,79,80,37,10254,63,71,78,86,90
20150227 02:45,75,17,77,17,73,21,71,79,80,37,10254,63,71,78,86,91
20150227 02:46,73,17,76,17,72,20,71,79,80,37,10254,63,71,78,86,90
20150227 02:47,72,18,76,17,71,24,71,79,80,37,10253,63,71,78,86,90
20150227 02:48,71,18,75,18,71,20,71,79,80,37,10253,63,71,78,86,90
20150227 02:49,73,18,75,18,75,24,71,79,80,37,10253,63,71,78,86,90
20150227 02:50,76,18,75,18,78,20,71,79,80,37,10253,63,71,78,86,90
20150227 02:51,77,17,75,18,77,20,71,79,80,37,10253,63,71,78,86,90
20150227 02:52,77,17,75,18,76,25,71,79,80,37,10253,63,71,78,86,90
20150227 02:53,75,18,74,18,74,25,71,79,80,37,10254,63,71,78,86,90
20150227 02:54,73,19,74,18,73,21,71,79,80,37,10254,63,71,78,86,90
20150227 02:55,72,15,74,18,71,17,71,78,79,35,10254,63,71,78,86,90
20150227 02:56,73,14,74,17,74,22,71,79,80,37,10254,63,71,78,86,90
20150227 02:57,73,15,74,17,71,22,71,79,80,37,10254,63,71,78,86,90
20150227 02:58,74,16,75,17,77,18,71,79,80,37,10253,63,71,78,86,90
20150227 02:59,78,17,75,17,80,22,71,79,80,37,10253,63,71,78,86,90
20150227 03:00,78,19,75,17,76,23,71,79,80,37,10252,63,71,78,86,90
20150227 03:01,78,19,75,17,79,22,71,79,80,37,10252,63,71,78,86,90
20150227 03:02,81,17,76,17,83,19,71,78,79,35,10252,63,71,78,86,90
20150227 03:03,80,16,76,16,77,21,71,78,79,35,10252,63,71,78,86,90
20150227 03:04,78,17,77,16,79,23,71,79,80,37,10253,63,71,78,86,90
20150227 03:05,75,17,77,17,72,23,71,78,79,35,10253,63,71,78,86,90
20150227 03:06,72,16,77,17,71,22,71,78,79,35,10253,63,71,78,86,90
20150227 03:07,73,17,77,17,76,25,71,79,80,37,10253,63,71,78,86,90
20150227 03:08,75,17,77,17,74,21,71,78,79,35,10252,63,71,78,86,90
20150227 03:09,75,18,76,17,77,23,71,78,79,35,10251,63,71,78,86,90
20150227 03:10,77,20,77,17,78,26,71,78,79,35,10250,63,71,78,86,90
20150227 03:11,79,21,77,18,79,26,71,78,79,35,10249,63,71,78,86,90
20150227 03:12,80,23,77,19,82,30,71,78,79,35,10249,63,71,78,86,90
20150227 03:13,83,23,77,19,85,29,71,78,79,35,10249,63,71,78,86,90
20150227 03:14,86,21,78,20,87,25,71,78,79,35,10248,63,71,78,86,90
20150227 03:15,85,22,79,20,84,31,71,78,79,35,10248,63,71,78,86,90
20150227 03:16,82,25,80,21,81,38,71,77,78,33,10247,63,71,78,86,90
20150227 03:17,80,27,81,22,80,31,71,77,78,33,10247,63,71,78,86,90
20150227 03:18,81,27,81,23,82,35,71,77,78,33,10246,63,71,78,86,90
20150227 03:19,82,25,82,24,82,30,72,76,77,33,10246,63,71,78,86,90
20150227 03:20,80,21,82,24,78,27,72,76,77,33,10246,63,71,78,85,90
20150227 03:21,80,23,82,24,81,34,72,76,77,33,10246,62,71,78,85,90
20150227 03:22,81,24,82,24,81,30,72,76,77,33,10246,62,71,78,85,90
20150227 03:23,81,23,82,24,81,30,72,76,77,33,10245,62,71,78,85,90
20150227 03:24,82,26,81,25,83,45,72,76,77,33,10244,62,71,78,85,90
20150227 03:25,81,29,81,25,79,37,72,76,77,33,10244,62,71,78,85,90
20150227 03:26,77,27,80,25,74,31,72,76,77,33,10244,62,71,78,85,90
20150227 03:27,77,24,80,25,80,33,72,75,76,31,10244,62,71,78,85,90
20150227 03:28,77,25,79,25,74,35,72,76,77,33,10245,62,71,78,85,90
20150227 03:29,75,26,79,25,75,34,72,75,76,31,10245,62,71,78,85,90
20150227 03:30,75,24,78,25,75,33,72,75,76,31,10245,62,71,78,85,90
20150227 03:31,75,24,78,25,75,33,72,75,76,31,10246,62,71,78,85,90
20150227 03:32,73,26,77,26,71,36,72,75,76,31,10246,62,71,78,85,90
20150227 03:33,68,25,75,26,66,33,72,75,76,31,10246,62,71,78,85,90
20150227 03:34,68,21,74,25,70,26,72,75,76,31,10246,62,71,78,85,90
20150227 03:35,72,19,73,24,73,26,72,75,76,31,10247,62,71,78,85,90
20150227 03:36,72,19,73,23,71,27,72,75,76,31,10247,62,71,78,85,90
20150227 03:37,73,21,73,23,76,31,72,75,76,31,10247,62,71,78,85,90
20150227 03:38,72,25,72,23,68,34,72,75,76,31,10247,62,71,78,85,90
20150227 03:39,73,27,72,23,79,38,72,74,75,29,10247,62,70,78,85,90
20150227 03:40,76,27,72,24,74,41,72,74,75,29,10246,62,70,78,85,90
20150227 03:41,77,28,73,24,79,41,72,74,75,29,10245,62,70,78,85,90
20150227 03:42,75,29,73,24,71,40,72,74,75,29,10245,61,70,78,85,90
20150227 03:43,72,30,73,25,74,44,73,73,75,28,10244,61,70,78,85,90
20150227 03:44,75,29,74,26,76,33,73,73,75,28,10243,61,70,78,85,90
20150227 03:45,77,27,75,27,77,41,73,74,76,30,10242,61,70,78,85,90
20150227 03:46,77,29,75,28,77,41,73,74,76,30,10241,61,70,78,85,90
20150227 03:47,79,30,76,28,81,36,72,74,75,29,10241,61,70,78,85,90
20150227 03:48,83,27,77,28,84,32,72,74,75,29,10241,61,70,78,85,90
20150227 03:49,82,28,77,29,80,41,72,74,75,29,10242,61,70,78,85,90
20150227 03:50,84,31,79,29,87,38,72,74,75,29,10243,61,70,78,85,90
20150227 03:51,91,31,80,29,96,41,73,74,76,30,10244,61,70,77,85,90
20150227 03:52,93,30,82,29,91,34,73,73,75,28,10245,61,70,77,85,90
20150227 03:53,92,23,84,28,93,28,73,73,75,28,10245,61,70,77,85,90
20150227 03:54,91,19,86,27,90,37,73,73,75,28,10245,61,70,77,85,90
20150227 03:55,91,23,87,27,91,35,73,73,75,28,10246,61,70,77,85,90
20150227 03:56,96,27,89,27,100,33,73,73,75,28,10246,61,70,77,85,90
20150227 03:57,96,26,91,26,93,29,73,73,75,28,10247,61,70,77,85,90
20150227 03:58,99,20,93,25,106,28,73,73,75,28,10248,61,70,77,85,90
20150227 03:59,107,17,95,24,107,26,73,73,75,28,10249,61,70,77,85,90
20150227 04:00,107,19,97,23,107,29,73,73,75,28,10250,61,70,77,85,90
20150227 04:01,110,18,99,22,113,24,73,73,75,28,10251,61,70,77,85,90
20150227 04:02,114,16,101,20,115,19,73,73,75,28,10251,61,70,77,85,90
20150227 04:03,117,14,104,20,119,18,73,73,75,28,10252,61,70,77,85,90
20150227 04:04,122,13,108,19,126,19,73,73,75,28,10254,61,70,77,85,90
20150227 04:05,151,9,115,17,174,10,73,73,75,28,10257,61,70,77,85,90
20150227 04:06,182,5,123,15,190,5,73,73,75,28,10258,61,70,77,85,90
20150227 04:07,162,6,128,13,135,16,73,73,75,28,10258,61,70,77,85,90
20150227 04:08,127,12,129,13,119,17,73,73,75,28,10258,61,70,77,85,90
20150227 04:09,140,13,135,12,159,15,73,73,75,28,10258,61,70,77,85,90
20150227 04:10,154,14,139,12,149,20,73,72,74,26,10258,61,70,77,85,90
20150227 04:11,147,15,143,12,145,20,74,73,75,29,10258,61,70,77,85,90
20150227 04:12,141,18,145,12,137,26,74,73,75,29,10258,61,69,77,85,89
20150227 04:13,136,17,147,12,136,16,74,72,74,27,10258,61,69,77,85,89
20150227 04:14,123,11,145,12,110,13,74,72,74,27,10258,61,69,77,85,89
20150227 04:15,109,6,138,12,108,8,74,73,75,29,10259,61,69,77,85,89
20150227 04:16,109,6,131,12,110,8,74,73,75,29,10259,61,69,77,85,89
20150227 04:17,103,5,127,11,96,7,73,73,75,28,10258,61,69,77,85,89
20150227 04:18,91,7,124,11,85,14,73,73,75,28,10258,61,69,77,85,89
20150227 04:19,81,11,115,11,77,16,73,74,76,30,10257,61,69,77,85,89
20150227 04:20,76,13,108,11,76,15,73,75,77,32,10257,61,69,77,85,89
20150227 04:21,77,16,101,11,79,22,73,75,77,32,10256,61,69,77,85,89
20150227 04:22,80,22,96,12,82,32,73,75,77,32,10255,61,69,77,85,89
20150227 04:23,78,25,90,13,74,31,73,74,76,30,10253,61,69,77,85,89
20150227 04:24,78,27,87,15,81,36,72,74,75,29,10251,61,69,77,85,89
20150227 04:25,79,31,84,18,78,39,72,75,76,31,10248,61,69,77,85,89
20150227 04:26,78,34,81,20,79,42,72,75,76,31,10246,61,69,77,85,89
20150227 04:27,80,36,79,24,81,44,72,75,76,31,10245,61,69,77,85,89
20150227 04:28,79,36,79,26,78,53,72,75,76,31,10244,61,69,77,85,89
20150227 04:29,79,36,79,29,80,55,72,75,76,31,10244,61,69,77,85,89
20150227 04:30,78,38,79,31,75,46,72,74,75,29,10244,61,69,77,85,89
20150227 04:31,76,34,78,32,76,40,72,74,75,29,10244,61,69,77,85,89
20150227 04:32,77,28,78,33,78,36,72,74,75,29,10245,61,69,77,85,89
20150227 04:33,78,24,78,32,78,29,72,74,75,29,10246,61,69,77,85,89
20150227 04:34,80,25,78,32,82,37,72,74,75,29,10247,61,69,77,85,89
20150227 04:35,79,23,78,31,76,22,72,74,75,29,10248,61,69,77,85,89
20150227 04:36,77,17,78,29,77,26,72,74,75,29,10249,61,69,77,85,89
20150227 04:37,77,18,78,27,77,27,72,73,74,27,10250,61,69,77,85,89
20150227 04:38,78,21,78,26,79,29,72,73,74,27,10250,61,69,77,85,89
20150227 04:39,80,22,78,24,80,25,73,73,75,28,10249,61,69,77,84,89
20150227 04:40,82,24,79,23,83,38,73,73,75,28,10249,61,69,77,84,89
20150227 04:41,88,24,80,22,92,24,73,73,75,28,10249,60,69,77,84,89
20150227 04:42,92,23,81,22,91,42,73,74,76,30,10250,60,69,77,84,89
20150227 04:43,95,25,83,22,98,29,73,74,76,30,10250,60,69,77,84,89
20150227 04:44,96,22,85,21,94,27,73,73,75,28,10251,61,69,77,84,89
20150227 04:45,93,24,86,22,92,36,73,73,75,28,10252,61,69,77,84,89
20150227 04:46,90,24,87,23,88,26,73,73,75,28,10252,61,69,77,84,89
20150227 04:47,91,22,89,23,93,33,73,73,75,28,10252,61,69,76,84,89
20150227 04:48,91,25,90,24,88,33,73,72,74,26,10252,61,69,76,84,89
20150227 04:49,87,25,90,24,85,33,73,72,74,26,10252,61,69,76,84,89
20150227 04:50,87,19,91,23,89,21,73,72,74,26,10252,60,69,76,84,89
20150227 04:51,86,15,90,22,84,18,73,73,75,28,10253,60,69,76,84,89
20150227 04:52,84,17,89,21,84,28,73,73,75,28,10253,60,69,76,84,89
20150227 04:53,82,21,88,21,79,29,73,73,75,28,10253,60,69,76,84,89
20150227 04:54,85,22,87,21,91,26,73,72,74,26,10253,60,69,76,84,89
20150227 04:55,92,21,87,21,93,26,73,72,74,26,10253,60,69,76,84,89
20150227 04:56,91,22,88,21,89,32,73,72,74,26,10253,60,69,76,84,89
20150227 04:57,88,24,87,21,87,33,73,72,74,26,10253,60,69,76,84,89
20150227 04:58,81,23,86,20,75,26,73,72,74,26,10253,60,69,76,84,89
20150227 04:59,80,22,86,21,84,35,73,72,74,26,10253,60,69,76,84,89
20150227 05:00,83,21,85,21,82,23,73,72,74,26,10253,60,69,76,84,89
20150227 05:01,81,18,84,21,80,23,73,72,74,26,10254,60,69,76,84,89
20150227 05:02,85,18,85,21,90,23,73,72,74,26,10254,60,69,76,84,89
20150227 05:03,86,19,85,21,83,31,73,72,74,26,10254,60,69,76,84,89
20150227 05:04,82,21,85,21,82,25,73,72,74,26,10254,60,69,76,84,89
20150227 05:05,87,22,84,21,92,28,73,73,75,28,10254,60,69,76,84,89
20150227 05:06,88,22,84,21,85,25,73,73,75,28,10254,60,69,76,84,89
20150227 05:07,86,22,84,21,87,28,73,73,75,28,10253,60,69,76,84,89
20150227 05:08,88,23,85,21,89,35,73,73,75,28,10253,60,69,76,84,89
20150227 05:09,89,27,86,22,89,35,73,73,75,28,10252,60,69,76,84,89
20150227 05:10,89,26,87,22,88,34,73,72,74,26,10252,60,68,76,84,89
20150227 05:11,92,25,88,23,95,36,73,73,75,28,10252,60,68,76,84,89
20150227 05:12,96,25,89,23,98,31,73,73,75,28,10252,60,69,76,84,89
20150227 05:13,95,27,90,24,92,39,73,73,75,28,10252,60,68,76,84,89
20150227 05:14,93,29,91,25,94,36,73,72,74,26,10251,60,68,76,84,89
20150227 05:15,93,27,91,25,93,34,73,72,74,26,10251,60,68,76,84,89
20150227 05:16,92,27,92,26,92,36,73,73,75,28,10250,60,68,76,84,89
20150227 05:17,94,27,93,26,96,36,73,73,75,28,10250,60,68,76,84,89
20150227 05:18,96,24,93,26,96,34,73,72,74,26,10250,60,68,76,84,89
20150227 05:19,94,26,94,26,93,39,73,73,75,28,10250,60,68,76,84,89
20150227 05:20,95,25,95,26,97,29,73,72,74,26,10250,60,68,76,84,89
20150227 05:21,94,20,94,25,91,29,72,73,74,27,10251,60,68,76,84,89
20150227 05:22,94,18,94,24,98,23,72,73,74,27,10252,60,68,76,84,89
20150227 05:23,96,17,95,23,95,25,72,73,74,27,10254,60,68,76,84,89
20150227 05:24,92,17,94,22,90,22,72,73,74,27,10255,60,68,76,84,89
20150227 05:25,90,14,94,21,90,16,72,73,74,27,10257,60,68,76,84,89
20150227 05:26,87,12,93,19,84,20,72,73,74,27,10257,60,68,76,84,89
20150227 05:27,79,14,91,18,74,20,72,73,74,27,10257,60,68,76,84,89
20150227 05:28,77,17,89,18,81,22,72,73,74,27,10257,60,68,76,84,89
20150227 05:29,79,18,88,17,78,22,72,73,74,27,10256,60,68,76,84,89
20150227 05:30,80,18,86,16,81,25,72,73,74,27,10256,60,68,76,84,89
20150227 05:31,80,18,85,16,79,22,72,73,74,27,10256,60,68,76,84,89
20150227 05:32,77,17,83,16,75,21,72,73,74,27,10256,60,68,76,84,89
20150227 05:33,77,18,81,16,79,24,72,73,74,27,10257,60,68,76,84,89
20150227 05:34,76,18,79,16,73,21,72,73,74,27,10257,60,68,76,84,89
20150227 05:35,70,16,77,17,67,25,72,73,74,27,10257,60,68,76,84,89
20150227 05:36,68,15,76,17,69,22,72,73,74,27,10258,60,68,76,84,89
20150227 05:37,69,16,75,17,69,22,72,73,74,27,10258,60,68,76,84,89
20150227 05:38,72,15,74,17,74,19,72,73,74,27,10258,60,68,76,84,89
20150227 05:39,78,16,75,17,82,23,72,73,74,27,10258,60,68,76,84,89
20150227 05:40,79,19,74,17,76,25,72,73,74,27,10258,60,68,76,84,88
20150227 05:41,79,18,74,17,81,23,72,73,74,27,10257,60,68,76,84,89
20150227 05:42,84,19,76,17,87,27,72,73,74,27,10257,60,68,76,84,88
20150227 05:43,85,19,76,17,82,20,72,73,74,27,10257,60,68,76,84,88
20150227 05:44,80,17,77,17,79,24,72,73,74,27,10257,60,68,76,84,88
20150227 05:45,77,17,77,17,75,23,72,73,74,27,10258,60,68,76,84,88
20150227 05:46,76,14,78,17,76,20,72,73,74,27,10259,60,68,76,84,88
20150227 05:47,72,13,78,17,68,21,72,73,74,27,10260,60,68,76,84,88
20150227 05:48,67,15,77,17,66,22,72,73,74,27,10260,60,68,76,84,88
20150227 05:49,69,17,76,17,72,24,72,73,74,27,10260,60,68,75,83,88
20150227 05:50,75,20,76,17,78,29,72,73,74,27,10259,60,68,76,84,88
20150227 05:51,81,24,77,18,83,30,72,73,74,27,10259,59,68,75,83,88
20150227 05:52,86,22,77,18,90,21,72,73,74,27,10259,59,68,75,83,88
20150227 05:53,87,18,77,18,85,24,72,73,74,27,10259,59,68,75,83,88
20150227 05:54,87,19,78,18,89,23,72,74,75,29,10259,59,68,75,83,88
20150227 05:55,86,22,79,19,82,30,71,74,75,28,10258,59,68,75,83,88
20150227 05:56,80,23,79,20,79,28,71,74,75,28,10258,59,68,75,83,88
20150227 05:57,80,22,81,21,81,28,71,74,75,28,10257,59,68,75,83,88
20150227 05:58,80,23,82,22,79,31,71,74,75,28,10257,59,68,75,83,88
20150227 05:59,81,25,83,22,82,33,71,74,75,28,10256,59,68,75,83,88
20150227 06:00,80,24,83,23,79,32,71,75,76,30,10257,58,68,75,83,88
20150227 06:01,81,26,83,23,84,35,71,75,76,30,10257,58,68,75,83,88
20150227 06:02,85,24,83,23,86,27,71,75,76,30,10258,58,68,75,83,88
20150227 06:03,86,22,83,23,86,29,71,74,75,28,10259,58,68,75,83,88
20150227 06:04,89,20,83,23,92,23,71,75,76,30,10259,58,68,75,83,88
20150227 06:05,90,18,84,23,88,24,71,74,75,28,10259,58,68,75,83,88
20150227 06:06,89,20,85,22,90,28,71,74,75,28,10259,58,68,75,83,88
20150227 06:07,88,19,85,22,86,24,71,74,75,28,10259,58,68,75,83,88
20150227 06:08,86,21,86,22,86,32,70,75,75,29,10260,57,68,75,83,88
20150227 06:09,86,21,86,21,86,26,70,75,75,29,10261,57,68,75,83,88
20150227 06:10,86,19,87,21,86,26,70,74,74,27,10262,57,68,75,83,88
20150227 06:11,85,17,87,20,84,21,70,74,74,27,10262,56,68,75,83,88
20150227 06:12,82,16,86,19,80,27,70,75,75,29,10262,56,68,75,83,88
20150227 06:13,77,19,85,19,75,27,70,76,76,31,10262,57,68,75,83,88
20150227 06:14,76,21,84,19,77,28,70,75,75,29,10262,57,68,75,83,88
20150227 06:15,78,20,83,19,78,23,70,76,76,31,10261,56,68,75,83,88
20150227 06:16,78,20,82,19,79,25,69,77,77,32,10261,56,68,75,83,88
20150227 06:17,77,19,81,19,76,21,69,77,77,32,10261,56,68,75,83,88
20150227 06:18,80,18,81,19,85,26,69,78,78,33,10261,56,68,75,83,88
20150227 06:19,86,18,81,19,86,23,69,78,78,33,10262,56,68,75,83,88
20150227 06:20,87,20,81,19,88,28,68,79,78,34,10262,56,67,75,83,88
20150227 06:21,86,20,81,19,83,25,68,78,77,32,10262,56,67,75,83,88
20150227 06:22,85,19,81,20,86,24,68,79,78,34,10262,57,67,75,83,88
20150227 06:23,87,20,83,20,88,23,68,79,78,34,10261,57,67,75,83,88
20150227 06:24,85,21,83,20,82,27,67,80,78,35,10260,56,67,75,83,88
20150227 06:25,84,22,84,20,85,26,67,80,78,35,10260,56,67,75,83,88
20150227 06:26,84,22,84,20,82,31,67,80,78,35,10260,57,67,75,83,88
20150227 06:27,80,24,84,21,78,33,67,80,78,35,10260,57,67,75,83,88
20150227 06:28,79,21,84,21,80,25,66,80,78,34,10260,57,67,75,83,88
20150227 06:29,82,19,84,21,85,29,66,81,79,36,10260,57,67,75,83,88
20150227 06:30,81,18,83,20,78,21,66,81,79,36,10260,57,67,75,83,88
20150227 06:31,80,17,83,20,82,25,66,81,79,36,10260,57,67,75,83,88
20150227 06:32,81,20,82,20,80,29,66,81,79,36,10260,57,67,75,83,88
20150227 06:33,81,24,81,21,82,32,66,81,79,36,10259,57,67,75,83,88
20150227 06:34,79,25,81,21,76,31,65,82,79,37,10259,57,67,75,83,88
20150227 06:35,75,24,80,21,74,27,65,82,79,37,10259,57,67,75,83,88
20150227 06:36,75,25,79,22,76,30,65,82,79,37,10259,57,67,75,83,88
20150227 06:37,78,25,79,22,80,31,65,82,79,37,10259,57,67,75,83,88
20150227 06:38,83,21,80,22,86,30,65,82,79,37,10259,57,67,75,83,88
20150227 06:39,85,21,80,22,85,33,65,81,78,35,10260,58,67,75,83,88
20150227 06:40,86,21,81,23,87,27,65,81,78,35,10260,58,67,75,83,88
20150227 06:41,86,21,81,23,84,31,65,81,78,35,10260,58,67,75,83,88
20150227 06:42,86,24,82,23,87,33,65,82,79,37,10260,58,67,75,83,88
20150227 06:43,87,25,82,23,87,29,65,81,78,35,10260,58,67,75,83,88
20150227 06:44,87,27,83,24,87,38,65,81,78,35,10260,58,67,75,83,88
20150227 06:45,87,27,85,24,86,28,65,81,78,35,10260,58,67,75,83,88
20150227 06:46,85,24,85,23,84,31,65,81,78,35,10260,57,67,75,83,88
20150227 06:47,86,25,86,24,87,32,65,81,78,35,10260,57,67,75,83,88
20150227 06:48,87,24,86,24,87,33,65,81,78,35,10260,57,67,75,83,88
20150227 06:49,84,24,86,24,80,31,65,81,78,35,10260,57,67,75,83,88
20150227 06:50,81,25,85,25,81,39,65,81,78,35,10260,57,67,75,83,88
20150227 06:51,83,26,85,25,85,38,65,81,78,35,10260,57,67,75,83,88
20150227 06:52,83,25,85,25,81,29,65,81,78,35,10260,57,67,75,83,88
20150227 06:53,82,25,84,25,83,37,65,81,78,35,10260,57,67,75,83,88
20150227 06:54,86,26,84,25,88,35,65,81,78,35,10260,57,67,75,83,88
20150227 06:55,86,28,84,26,84,34,65,81,78,35,10260,57,67,75,83,88
20150227 06:56,83,27,84,26,82,30,65,81,78,35,10260,57,67,75,83,88
20150227 06:57,82,26,83,26,82,43,65,80,77,33,10260,57,67,74,83,88
20150227 06:58,83,28,83,27,83,39,65,80,77,33,10260,57,67,74,83,88
20150227 06:59,84,26,83,26,84,33,65,80,77,33,10260,57,67,75,83,88
20150227 07:00,85,28,84,27,86,44,65,80,77,33,10261,57,67,74,83,88
20150227 07:01,85,28,84,27,84,29,65,79,76,31,10261,57,67,74,83,88
20150227 07:02,85,25,84,27,86,37,65,79,76,31,10260,57,67,74,83,88
20150227 07:03,87,28,85,27,89,38,65,80,77,33,10260,57,67,74,83,88
20150227 07:04,89,28,85,27,90,35,65,80,77,33,10260,57,67,74,83,88
20150227 07:05,88,29,85,27,86,44,65,80,77,33,10261,57,67,74,83,88
20150227 07:06,85,31,85,28,84,41,65,79,76,31,10261,58,67,74,83,88
20150227 07:07,85,27,86,28,85,38,65,79,76,31,10262,58,67,74,82,88
20150227 07:08,86,28,86,28,87,44,65,79,76,31,10263,58,67,74,82,88
20150227 07:09,86,30,86,28,84,34,66,79,77,32,10263,58,67,74,83,88
20150227 07:10,83,28,86,28,81,33,66,79,77,32,10264,58,67,74,82,88
20150227 07:11,84,30,86,29,87,42,66,79,77,32,10264,58,67,74,82,88
20150227 07:12,87,31,86,29,87,39,66,78,76,30,10265,58,67,74,82,88
20150227 07:13,86,28,86,29,84,35,66,77,75,29,10266,58,67,74,82,87
20150227 07:14,84,24,85,28,84,30,66,77,75,29,10266,58,67,74,82,87
20150227 07:15,87,23,85,28,90,33,66,77,75,29,10267,59,67,74,82,87
20150227 07:16,92,22,86,27,94,25,66,77,75,29,10267,59,67,74,82,87
20150227 07:17,90,22,86,27,85,34,67,77,76,30,10268,59,67,74,82,87
20150227 07:18,88,23,87,26,90,39,67,77,76,30,10268,59,67,74,82,87
20150227 07:19,88,24,87,25,86,39,67,76,75,28,10268,60,67,74,82,87
20150227 07:20,86,26,87,25,86,34,67,77,76,30,10269,60,67,74,82,87
20150227 07:21,84,23,87,24,82,25,67,76,75,28,10269,60,67,74,82,87
20150227 07:22,84,21,87,23,85,30,67,76,75,28,10269,59,67,74,82,87
20150227 07:23,88,24,87,23,91,38,67,77,76,30,10269,59,67,74,82,87
20150227 07:24,87,24,87,23,83,26,67,77,76,30,10270,58,67,74,82,87
20150227 07:25,85,24,87,24,86,36,67,77,76,30,10270,58,67,74,82,87
20150227 07:26,87,25,86,24,88,32,67,77,76,30,10271,58,67,74,82,87
20150227 07:27,82,21,85,23,75,26,67,77,76,30,10272,58,67,74,82,87
20150227 07:28,74,18,84,23,73,27,67,77,76,30,10272,58,67,74,82,87
20150227 07:29,77,19,83,22,80,28,66,78,76,30,10273,58,67,74,82,87
20150227 07:30,79,20,82,22,79,32,66,78,76,30,10273,58,67,74,82,87
20150227 07:31,82,21,83,22,85,28,66,77,75,29,10273,58,67,74,82,87
20150227 07:32,82,23,82,22,80,31,66,77,75,29,10273,58,67,74,82,87
20150227 07:33,77,23,80,22,74,31,66,78,76,30,10272,58,67,74,82,87
20150227 07:34,75,23,80,22,76,33,66,78,76,30,10272,59,67,74,82,87
20150227 07:35,77,23,79,22,79,33,66,78,76,30,10272,59,67,74,82,87
20150227 07:36,78,23,78,22,78,27,66,79,77,32,10272,59,67,74,82,87
20150227 07:37,75,23,78,22,73,27,66,79,77,32,10271,59,67,74,82,87
20150227 07:38,74,22,78,23,75,29,66,79,77,32,10271,59,67,74,82,87
20150227 07:39,77,20,78,22,78,28,65,80,77,33,10271,59,67,74,82,87
20150227 07:40,81,20,78,23,84,31,65,80,77,33,10272,59,67,74,82,87
20150227 07:41,86,24,78,23,88,30,65,80,77,33,10272,59,67,74,82,87
20150227 07:42,87,24,79,23,87,28,65,80,77,33,10273,59,67,74,82,87
20150227 07:43,85,22,80,23,84,32,65,80,77,33,10273,59,67,74,82,87
20150227 07:44,81,23,80,22,78,35,65,80,77,33,10273,60,67,74,82,87
20150227 07:45,83,25,81,23,88,36,65,80,77,33,10273,60,67,74,82,87
20150227 07:46,83,23,81,23,77,27,65,80,77,33,10273,60,67,74,82,87
20150227 07:47,78,20,82,22,79,25,65,80,77,33,10272,60,67,74,82,87
20150227 07:48,80,22,82,22,80,29,65,80,77,33,10272,60,67,74,82,87
20150227 07:49,83,24,83,23,85,29,65,80,77,33,10272,60,67,74,82,87
20150227 07:50,87,24,84,23,89,35,65,80,77,33,10272,60,67,74,82,87
20150227 07:51,88,25,84,23,88,31,65,80,77,33,10272,60,67,74,82,87
20150227 07:52,88,25,84,23,89,34,65,80,77,33,10273,60,67,74,82,87
20150227 07:53,88,25,84,24,88,36,65,80,77,33,10273,60,67,74,82,87
20150227 07:54,87,24,85,24,87,34,65,80,77,33,10273,60,67,74,82,87
20150227 07:55,87,23,85,23,87,30,64,80,77,32,10273,60,67,74,82,87
20150227 07:56,85,25,86,24,83,36,64,79,76,30,10274,60,67,74,82,87
20150227 07:57,84,25,86,25,86,28,64,79,76,30,10274,60,67,74,82,87
20150227 07:58,83,21,86,24,81,27,64,80,77,32,10274,59,67,74,82,87
20150227 07:59,82,23,86,24,82,31,64,79,76,30,10274,59,67,74,82,87
20150227 08:00,83,25,85,24,83,35,64,80,77,32,10273,59,67,74,82,87
20150227 08:01,83,24,85,24,82,31,64,80,77,32,10273,59,67,74,82,87
20150227 08:02,83,22,84,24,83,27,64,80,77,32,10272,59,67,74,82,87
20150227 08:03,85,21,84,23,87,30,64,80,77,32,10272,59,68,74,82,87
20150227 08:04,85,23,84,23,82,30,64,80,77,32,10272,59,68,74,82,87
20150227 08:05,84,27,83,24,86,36,64,80,77,32,10272,60,67,74,82,87
20150227 08:06,86,28,84,24,86,29,64,81,78,34,10271,60,68,74,82,87
20150227 08:07,86,27,84,24,86,43,64,81,78,34,10271,60,68,74,82,87
20150227 08:08,87,31,84,26,88,42,63,81,77,33,10271,60,68,74,82,87
20150227 08:09,90,31,85,26,92,36,63,81,77,33,10271,60,68,74,82,87
20150227 08:10,92,28,86,26,92,34,63,80,76,31,10271,60,68,74,82,87
20150227 08:11,89,28,87,27,86,38,64,81,78,34,10271,61,68,74,82,87
20150227 08:12,88,30,87,28,90,38,64,81,78,34,10271,61,68,74,82,87
20150227 08:13,88,29,87,29,85,39,64,80,77,32,10270,61,68,74,82,87
20150227 08:14,86,30,88,29,87,43,64,80,77,32,10270,62,68,74,82,87
20150227 08:15,84,31,87,29,81,38,64,79,76,30,10270,62,68,74,82,87
20150227 08:16,83,31,87,30,85,40,64,80,77,32,10270,63,68,74,82,87
20150227 08:17,86,32,87,30,87,39,64,80,77,32,10270,63,68,74,82,87
20150227 08:18,88,30,87,30,89,42,64,80,77,32,10271,64,68,74,82,87
20150227 08:19,92,27,88,29,96,38,64,79,76,30,10271,64,68,74,82,87
20150227 08:20,95,26,88,29,95,37,64,80,77,32,10271,65,68,74,82,87
20150227 08:21,95,29,89,29,95,39,64,80,77,32,10270,65,68,74,82,87
20150227 08:22,94,31,89,30,92,39,64,80,77,32,10270,66,68,74,82,87
20150227 08:23,93,33,90,30,94,43,64,80,77,32,10269,67,68,74,82,87
20150227 08:24,93,35,91,30,92,42,65,80,77,33,10269,68,68,74,82,87
20150227 08:25,92,34,92,31,92,44,65,80,77,33,10268,68,68,74,82,87
20150227 08:26,90,31,92,30,88,44,65,80,77,33,10268,70,68,74,82,87
20150227 08:27,87,30,92,30,85,43,65,80,77,33,10268,70,68,74,82,87
20150227 08:28,90,28,93,30,96,37,65,80,77,33,10268,71,68,74,82,87
20150227 08:29,93,28,92,31,89,40,65,80,77,33,10268,72,68,74,82,87
20150227 08:30,89,31,91,31,88,40,66,79,77,32,10268,73,68,74,82,87
20150227 08:31,89,32,91,31,90,47,66,79,77,32,10268,73,68,74,81,87
20150227 08:32,91,34,90,32,91,45,66,79,77,32,10268,73,69,74,82,87
20150227 08:33,88,33,90,31,85,39,66,78,76,30,10268,73,69,74,82,87
20150227 08:34,87,30,89,31,89,38,66,78,76,30,10268,73,69,74,82,87
20150227 08:35,88,31,89,31,87,41,66,78,76,30,10269,73,69,74,82,87
20150227 08:36,88,31,89,31,88,35,67,78,77,31,10268,74,69,74,81,87
20150227 08:37,87,32,89,31,86,43,67,78,77,31,10268,74,69,74,81,87
20150227 08:38,88,40,88,33,90,64,67,77,76,30,10268,75,69,74,81,87
20150227 08:39,92,39,89,33,95,61,67,76,75,28,10269,75,69,74,81,87
20150227 08:40,90,31,89,33,85,37,67,76,75,28,10269,75,70,74,81,87
20150227 08:41,88,27,89,32,90,41,68,77,76,31,10270,77,70,74,81,87
20150227 08:42,88,29,88,32,87,42,68,77,76,31,10270,78,70,74,81,87
20150227 08:43,85,34,88,33,84,48,68,76,75,29,10270,78,70,74,81,87
20150227 08:44,84,35,88,33,84,48,68,75,74,27,10271,78,70,74,81,87
20150227 08:45,85,34,87,34,85,48,69,74,74,26,10271,79,70,74,81,87
20150227 08:46,87,34,88,34,90,40,69,74,74,26,10271,79,70,74,81,87
20150227 08:47,87,31,87,33,84,43,69,75,75,28,10271,79,71,74,81,87
20150227 08:48,86,29,87,32,88,35,69,75,75,28,10272,80,71,74,81,87
20150227 08:49,86,30,86,32,85,48,70,75,75,29,10272,80,71,74,81,87
20150227 08:50,87,32,87,32,90,41,70,75,75,29,10272,81,71,74,81,86
20150227 08:51,90,29,87,32,90,39,70,75,75,29,10273,81,71,74,81,86
20150227 08:52,86,31,86,32,82,46,70,75,75,29,10273,81,71,74,81,86
20150227 08:53,77,27,85,30,71,31,70,74,74,27,10273,80,71,74,81,86
20150227 08:54,76,23,85,30,81,34,70,74,74,27,10274,80,72,74,81,86
20150227 08:55,78,33,84,30,76,55,71,74,75,28,10274,80,72,74,81,86
20150227 08:56,82,42,83,31,87,59,71,73,74,26,10274,79,72,74,81,86
20150227 08:57,80,39,82,32,73,46,71,72,73,24,10273,79,72,74,81,86
20150227 08:58,77,35,82,33,80,48,71,72,73,24,10273,78,72,74,81,86
20150227 08:59,87,40,82,34,93,53,71,72,73,24,10272,78,72,74,81,86
20150227 09:00,88,46,82,35,83,66,71,72,73,24,10271,78,73,74,81,86
20150227 09:01,86,45,81,37,89,61,71,71,72,22,10270,77,73,74,81,86
20150227 09:02,84,44,81,38,78,58,71,71,72,22,10269,77,73,74,81,86
20150227 09:03,81,35,82,39,83,36,71,72,73,24,10269,77,73,74,81,86
20150227 09:04,79,33,82,40,75,52,71,73,74,26,10269,78,73,74,81,86
20150227 09:05,78,40,82,40,80,49,71,73,74,26,10269,79,73,75,81,86
20150227 09:06,81,40,82,40,83,63,71,71,72,22,10269,79,73,75,81,86
20150227 09:07,82,45,82,41,81,65,72,71,72,23,10269,79,73,75,81,86
20150227 09:08,80,48,82,42,79,63,72,71,72,23,10269,79,74,75,81,86
20150227 09:09,81,46,81,42,83,54,72,70,71,21,10269,79,74,75,81,86
20150227 09:10,80,46,81,42,77,61,72,71,72,23,10268,79,74,75,81,86
20150227 09:11,74,44,79,42,72,58,72,71,72,23,10268,80,74,75,81,86
20150227 09:12,77,38,80,41,82,50,72,71,72,23,10268,80,74,75,81,86
20150227 09:13,82,41,80,43,83,60,72,71,72,23,10268,81,74,75,81,86
20150227 09:14,80,45,80,44,76,63,72,70,71,21,10268,82,74,75,81,86
20150227 09:15,82,44,80,44,88,57,73,70,72,22,10268,82,74,75,81,86
20150227 09:16,87,46,81,45,86,69,73,71,73,24,10267,82,74,75,81,86
20150227 09:17,86,42,81,43,85,54,73,70,72,22,10267,83,74,75,81,86
20150227 09:18,83,39,81,43,80,66,73,71,73,24,10267,83,74,75,81,86
20150227 09:19,81,38,81,42,82,46,74,71,73,25,10267,85,74,75,81,86
20150227 09:20,83,38,82,41,84,63,74,71,73,25,10267,85,75,75,81,86
20150227 09:21,82,44,83,42,80,57,74,71,73,25,10267,85,75,75,81,86
20150227 09:22,83,46,83,43,86,69,74,70,72,23,10267,85,75,75,81,86
20150227 09:23,86,47,83,43,86,61,74,69,71,21,10267,85,75,75,81,86
20150227 09:24,84,46,84,43,82,64,74,69,71,21,10267,84,75,75,81,86
20150227 09:25,84,53,84,45,85,76,74,69,71,21,10267,83,75,75,81,86
20150227 09:26,84,61,83,46,82,72,74,68,70,19,10267,82,75,75,81,86
20150227 09:27,86,61,84,49,89,73,74,68,70,19,10267,81,75,76,81,86
20150227 09:28,88,59,84,50,87,80,74,68,70,19,10266,81,76,76,81,86
20150227 09:29,89,58,85,53,91,81,74,68,70,19,10266,81,76,76,81,86
20150227 09:30,89,58,86,54,87,73,74,69,71,21,10266,82,76,76,81,86
20150227 09:31,89,52,87,54,91,69,74,69,71,21,10266,82,76,76,81,86
20150227 09:32,94,43,88,54,96,53,74,69,71,21,10266,84,76,76,81,86
20150227 09:33,94,36,88,52,93,44,74,70,72,23,10267,85,76,76,81,86
20150227 09:34,94,38,90,52,95,61,75,70,73,24,10267,86,76,76,81,86
20150227 09:35,91,42,90,50,86,54,75,69,71,22,10267,87,76,76,81,86
20150227 09:36,87,40,90,48,89,57,75,70,73,24,10267,87,76,76,81,86
20150227 09:37,87,46,90,47,85,65,75,70,73,24,10267,87,76,76,81,86
20150227 09:38,88,53,91,47,92,67,75,69,71,22,10267,87,76,76,81,86
20150227 09:39,91,45,90,44,90,52,75,69,71,22,10267,87,77,76,81,86
20150227 09:40,89,44,91,44,88,70,76,70,73,25,10267,88,77,76,81,86
20150227 09:41,86,49,90,44,83,62,76,69,72,23,10267,87,77,76,81,86
20150227 09:42,93,40,90,43,102,40,76,69,72,23,10267,87,77,76,81,86
20150227 09:43,95,33,90,43,87,40,76,70,73,25,10268,87,77,76,81,86
20150227 09:44,87,35,89,42,86,55,76,70,73,25,10268,88,77,76,81,86
20150227 09:45,82,40,88,43,78,62,76,70,73,25,10268,89,77,76,81,86
20150227 09:46,77,48,87,44,76,74,76,69,72,23,10268,89,77,76,81,86
20150227 09:47,81,49,87,43,86,59,76,68,71,21,10268,88,78,77,81,86
20150227 09:48,83,42,86,42,81,57,76,68,71,21,10268,88,78,77,81,86
20150227 09:49,83,43,85,43,85,64,76,68,71,21,10268,89,78,77,81,86
20150227 09:50,87,46,85,42,89,59,76,68,71,21,10269,88,78,77,81,86
20150227 09:51,86,47,85,42,82,59,76,68,71,21,10269,88,78,77,81,86
20150227 09:52,84,44,84,43,86,59,76,68,71,21,10269,87,78,77,81,86
20150227 09:53,85,43,83,44,83,58,76,68,71,21,10269,86,78,77,81,86
20150227 09:54,87,44,84,45,90,57,76,68,71,21,10269,85,78,77,82,86
20150227 09:55,89,43,85,45,88,53,76,68,71,21,10269,84,79,77,82,86
20150227 09:56,86,42,85,43,84,52,76,68,71,21,10268,84,79,77,82,86
20150227 09:57,86,43,86,44,88,65,76,67,70,19,10268,84,79,77,82,86
20150227 09:58,90,49,87,45,91,69,76,68,71,21,10268,84,79,77,82,86
20150227 09:59,89,50,87,45,87,75,76,68,71,21,10268,82,79,77,82,86
20150227 10:00,83,55,86,47,80,79,76,67,70,19,10267,81,79,77,82,86
20150227 10:01,79,53,86,47,79,63,76,66,69,17,10266,80,79,77,82,86
20150227 10:02,81,51,85,48,84,74,76,66,69,17,10265,79,79,77,82,86
20150227 10:03,84,46,86,47,85,51,75,66,68,16,10265,78,79,77,82,86
20150227 10:04,85,48,85,49,85,81,75,67,69,18,10265,77,79,77,82,86
20150227 10:05,87,61,85,51,89,94,75,65,67,14,10265,76,79,78,82,86
20150227 10:06,84,59,85,52,80,71,75,65,67,14,10266,76,79,78,82,86
20150227 10:07,86,52,85,53,92,62,75,66,68,16,10266,76,79,78,82,86
20150227 10:08,87,41,84,51,82,51,75,65,67,14,10266,76,79,78,82,86
20150227 10:09,83,37,84,50,84,55,75,67,69,18,10266,76,79,78,82,86
20150227 10:10,84,42,84,48,83,64,75,67,69,18,10266,77,79,78,82,86
20150227 10:11,86,45,85,48,88,64,75,67,69,18,10266,77,79,78,82,86
20150227 10:12,89,43,86,46,91,56,75,67,69,18,10266,77,79,78,82,86
20150227 10:13,84,41,85,47,77,69,75,66,68,16,10267,77,79,78,82,86
20150227 10:14,81,38,85,45,85,41,75,66,68,16,10267,77,79,78,82,86
20150227 10:15,82,30,84,41,79,48,75,67,69,18,10268,77,79,78,82,86
20150227 10:16,84,38,85,41,88,60,75,67,69,18,10268,78,79,78,82,86
20150227 10:17,82,46,83,40,75,69,75,66,68,16,10269,77,79,78,82,86
20150227 10:18,80,48,83,42,84,72,75,65,67,14,10269,77,79,78,82,86
20150227 10:19,87,46,84,42,89,49,75,64,66,11,10269,77,79,78,82,86
20150227 10:20,86,44,84,42,84,70,75,64,66,11,10269,77,79,78,82,86
20150227 10:21,85,46,84,42,86,56,75,64,66,11,10268,76,79,78,82,86
20150227 10:22,91,43,84,43,96,63,75,65,67,14,10268,76,79,78,82,86
20150227 10:23,96,53,86,44,95,83,75,65,67,14,10267,75,79,78,82,86
20150227 10:24,90,63,86,47,84,88,75,64,66,11,10267,74,78,78,82,86
20150227 10:25,86,64,87,51,87,81,74,63,65,8,10267,74,78,78,82,86
20150227 10:26,89,61,87,52,90,83,74,64,66,10,10266,72,78,79,82,86
20150227 10:27,88,54,88,52,87,76,74,64,66,10,10266,72,78,79,82,86
20150227 10:28,86,51,88,52,85,61,74,64,66,10,10266,71,78,79,82,86
20150227 10:29,85,51,88,54,84,64,74,64,66,10,10266,71,78,79,82,86
20150227 10:30,83,46,87,53,81,67,74,65,67,13,10266,72,78,79,82,86
20150227 10:31,80,47,87,54,79,65,74,66,68,15,10266,72,78,79,82,86
20150227 10:32,79,46,85,53,79,52,74,66,68,15,10266,72,78,79,82,86
20150227 10:33,80,39,84,51,81,53,73,67,68,16,10267,72,78,79,82,86
20150227 10:34,78,41,83,49,75,59,73,67,68,16,10267,72,78,79,82,86
20150227 10:35,78,49,82,48,82,67,73,67,68,16,10267,72,78,79,82,86
20150227 10:36,83,56,82,48,85,75,73,67,68,16,10268,73,78,79,82,86
20150227 10:37,90,57,83,48,95,78,73,66,67,14,10267,74,78,79,82,86
20150227 10:38,88,48,82,47,80,74,73,65,66,12,10267,75,78,79,82,86
20150227 10:39,83,41,82,46,85,62,73,67,68,16,10267,75,77,79,82,86
20150227 10:40,83,42,82,46,81,64,73,66,67,14,10267,76,77,79,82,86
20150227 10:41,80,52,82,47,79,77,73,66,67,14,10267,77,77,79,82,86
20150227 10:42,78,52,82,48,76,72,73,65,66,12,10266,77,77,79,82,86
20150227 10:43,79,51,82,50,82,85,73,66,67,14,10266,76,77,79,82,86
20150227 10:44,82,53,83,50,83,66,73,66,67,14,10265,76,77,79,82,86
20150227 10:45,82,50,83,50,81,69,73,66,67,14,10265,74,77,79,82,86
20150227 10:46,81,56,82,50,82,78,73,67,68,16,10265,74,77,79,82,86
20150227 10:47,81,61,81,51,80,79,73,67,68,16,10264,73,77,79,82,86
20150227 10:48,80,54,81,52,80,58,72,67,68,15,10264,72,77,79,82,86
20150227 10:49,85,42,81,51,90,56,72,68,69,17,10264,72,77,79,82,86
20150227 10:50,87,34,82,50,84,34,72,69,70,19,10264,71,77,79,82,86
20150227 10:51,84,33,82,47,83,46,72,70,71,21,10264,71,77,79,82,86
20150227 10:52,79,36,82,47,75,46,72,70,71,21,10264,71,77,79,83,86
20150227 10:53,79,39,82,45,82,55,71,71,72,22,10264,72,77,79,83,86
20150227 10:54,80,42,82,44,79,58,71,71,72,22,10264,71,77,79,83,86
20150227 10:55,82,44,82,44,85,71,71,71,72,22,10263,71,77,79,82,86
20150227 10:56,85,48,82,43,84,69,70,70,70,19,10263,71,77,79,83,86
20150227 10:57,80,62,82,44,76,93,70,70,70,19,10263,70,77,79,83,86
20150227 10:58,76,62,81,44,76,73,70,70,70,19,10263,70,77,79,83,86
20150227 10:59,75,60,80,47,74,89,69,71,71,20,10264,69,77,79,83,86
20150227 11:00,76,61,79,50,78,70,69,71,71,20,10265,69,77,79,83,86
20150227 11:01,80,56,79,52,83,82,69,71,71,20,10265,69,77,79,83,86
20150227 11:02,78,60,79,55,73,81,69,71,71,20,10266,69,77,79,83,86
20150227 11:03,73,55,78,55,72,61,68,71,70,19,10266,68,77,79,83,86
20150227 11:04,69,45,77,55,65,66,68,72,71,21,10267,69,77,79,83,86
20150227 11:05,70,42,76,55,75,57,68,73,72,23,10267,69,77,79,83,86
20150227 11:06,77,47,75,55,79,70,68,73,72,23,10267,69,77,79,83,86
20150227 11:07,76,49,75,52,73,70,68,72,71,21,10267,69,77,79,83,86
20150227 11:08,72,47,74,52,71,72,68,72,71,21,10267,70,77,79,83,86
20150227 11:09,71,46,74,49,71,58,68,72,71,21,10267,70,77,79,83,86
20150227 11:10,73,52,74,50,76,83,68,72,71,21,10267,70,77,79,83,86
20150227 11:11,76,61,73,51,76,86,68,71,70,19,10267,70,77,79,83,86
20150227 11:12,77,60,74,50,77,77,68,70,69,17,10266,71,77,79,83,86
20150227 11:13,76,60,74,52,75,82,68,71,70,19,10265,72,77,79,83,86
20150227 11:14,76,53,75,52,77,62,68,70,69,17,10265,72,77,79,83,86
20150227 11:15,77,54,75,54,76,81,68,71,70,19,10265,73,77,79,83,86
20150227 11:16,77,53,75,53,78,62,68,71,70,19,10265,73,77,79,83,86
20150227 11:17,77,41,75,53,77,50,68,73,72,23,10265,73,77,79,83,86
20150227 11:18,77,41,76,52,78,58,68,73,72,23,10266,74,77,79,83,86
20150227 11:19,75,47,76,53,73,70,68,73,72,23,10266,74,77,79,83,86
20150227 11:20,70,54,76,52,68,74,68,72,71,21,10266,73,77,79,83,86
20150227 11:21,72,53,76,51,77,65,68,71,70,19,10266,73,77,79,83,86
20150227 11:22,75,58,75,52,74,87,67,72,71,20,10267,73,77,79,83,86
20150227 11:23,74,64,75,52,75,76,67,71,70,18,10267,72,77,79,83,86
20150227 11:24,77,58,76,53,80,69,67,71,70,18,10266,71,77,79,83,86
20150227 11:25,79,50,76,51,78,67,67,72,71,20,10266,71,77,79,83,86
20150227 11:26,79,54,76,53,80,70,67,72,71,20,10266,70,77,79,83,86
20150227 11:27,81,55,76,54,81,68,66,72,70,19,10266,70,77,79,83,86
20150227 11:28,82,48,77,54,84,62,66,73,71,21,10265,70,77,79,83,86
20150227 11:29,78,44,77,53,73,65,66,74,72,23,10265,69,77,79,83,86
20150227 11:30,77,46,78,53,80,70,66,74,72,23,10264,70,77,79,83,86
20150227 11:31,77,52,78,53,75,81,66,74,72,23,10264,69,77,79,83,86
20150227 11:32,76,56,78,52,78,74,66,74,72,23,10264,69,77,79,83,86
20150227 11:33,78,47,79,50,78,52,65,74,72,22,10264,70,77,79,83,86
20150227 11:34,81,45,79,50,84,81,65,74,72,22,10264,70,77,79,83,86
20150227 11:35,81,57,79,51,78,79,65,73,71,20,10264,69,77,79,83,86
20150227 11:36,77,61,79,51,75,86,65,73,71,20,10264,68,77,79,83,86
20150227 11:37,77,58,78,52,79,77,65,73,71,20,10265,68,77,79,83,86
20150227 11:38,80,51,78,52,81,78,65,73,71,20,10265,67,77,79,83,86
20150227 11:39,77,54,78,54,73,85,65,74,72,22,10265,68,77,79,83,86
20150227 11:40,73,55,77,54,74,72,65,73,71,20,10265,67,77,79,83,86
20150227 11:41,76,45,78,52,78,51,65,74,72,22,10265,68,77,79,83,86
20150227 11:42,81,37,78,50,83,56,65,74,72,22,10265,68,77,79,83,86
20150227 11:43,84,40,79,51,85,56,65,75,73,24,10265,68,77,79,83,86
20150227 11:44,80,54,78,52,76,81,65,74,72,22,10265,68,77,79,83,86
20150227 11:45,77,59,78,51,79,75,65,73,71,20,10265,68,77,79,83,86
20150227 11:46,77,50,78,50,75,54,65,73,71,20,10265,67,77,79,83,86
20150227 11:47,76,46,78,49,77,65,65,74,72,22,10265,68,77,79,83,86
20150227 11:48,77,50,78,49,77,67,65,73,71,20,10265,68,77,79,83,86
20150227 11:49,77,49,78,48,77,72,65,73,71,20,10264,68,77,79,83,86
20150227 11:50,78,46,78,47,78,58,65,74,72,22,10264,67,77,79,83,86
20150227 11:51,80,50,79,49,82,74,65,74,72,22,10264,68,76,79,83,86
20150227 11:52,79,57,78,51,76,79,65,72,70,18,10264,67,76,79,83,86
20150227 11:53,74,61,77,53,73,83,66,72,70,19,10264,67,76,79,83,86
20150227 11:54,76,57,77,52,79,66,66,71,69,17,10264,67,76,79,83,86
20150227 11:55,78,51,77,51,77,68,66,71,69,17,10264,67,76,79,83,86
20150227 11:56,76,47,77,51,76,70,66,72,70,19,10264,68,76,79,83,86
20150227 11:57,77,45,77,51,77,63,66,72,70,19,10264,67,76,79,83,86
20150227 11:58,79,44,77,50,80,58,66,73,71,21,10264,67,76,79,83,86
20150227 11:59,80,43,78,50,80,74,66,73,71,21,10263,67,76,79,83,86
20150227 12:00,80,50,78,51,80,74,66,73,71,21,10262,66,76,79,83,86
20150227 12:01,79,58,78,52,78,75,65,73,71,20,10261,64,76,79,83,86
20150227 12:02,77,56,78,51,77,63,65,73,71,20,10260,65,76,79,83,86
20150227 12:03,77,51,78,50,77,64,65,73,71,20,10260,65,76,79,83,86
20150227 12:04,75,48,78,49,74,62,65,74,72,22,10260,65,75,79,83,86
20150227 12:05,74,40,77,48,73,52,65,75,73,24,10259,65,75,79,83,86
20150227 12:06,77,42,78,48,81,70,65,75,73,24,10259,65,75,79,83,86
20150227 12:07,78,44,78,47,75,49,65,74,72,22,10259,64,75,79,83,86
20150227 12:08,74,38,77,47,72,61,65,75,73,24,10259,65,75,79,83,86
20150227 12:09,73,42,76,47,73,75,64,75,72,23,10258,64,75,79,83,86
20150227 12:10,76,55,76,48,78,81,64,75,72,23,10258,64,75,79,83,86
20150227 12:11,76,55,75,46,74,62,64,74,71,21,10258,64,75,79,83,86
20150227 12:12,72,45,75,45,70,62,64,74,71,21,10258,64,75,79,83,86
20150227 12:13,69,37,74,44,67,50,64,75,72,23,10259,64,75,79,83,86
20150227 12:14,67,34,73,43,67,52,64,75,72,23,10258,64,75,79,83,86
20150227 12:15,67,44,72,44,68,73,64,75,72,23,10259,63,75,79,83,86
20150227 12:16,68,47,71,44,68,55,64,74,71,21,10259,63,75,79,83,86
20150227 12:17,69,46,71,45,69,69,64,74,71,21,10260,62,75,79,83,86
20150227 12:18,68,41,70,45,67,42,64,74,71,21,10261,62,75,79,83,86
20150227 12:19,70,41,70,45,72,61,64,75,72,23,10261,62,75,79,83,86
20150227 12:20,64,45,68,43,55,55,64,75,72,23,10262,63,75,79,83,86
20150227 12:21,63,39,67,42,70,52,64,75,72,23,10262,63,75,79,83,86
20150227 12:22,71,36,68,41,72,49,64,75,72,23,10262,63,75,79,83,86
20150227 12:23,72,40,68,42,72,58,64,75,72,23,10262,64,75,79,83,86
20150227 12:24,72,43,68,43,71,60,64,74,71,21,10262,64,75,79,83,86
20150227 12:25,73,37,69,41,74,49,64,75,72,23,10262,65,74,79,83,86
20150227 12:26,72,28,69,39,70,41,64,75,72,23,10262,66,74,79,83,86
20150227 12:27,69,32,69,38,68,64,64,75,72,23,10263,66,74,79,83,86
20150227 12:28,69,37,69,38,70,54,64,75,72,23,10263,66,74,79,83,86
20150227 12:29,67,30,69,35,64,47,64,75,72,23,10264,66,74,79,83,86
20150227 12:30,64,40,70,37,64,68,64,75,72,23,10264,66,74,79,83,86
20150227 12:31,61,55,68,39,58,73,64,74,71,21,10265,66,74,79,83,86
20150227 12:32,62,53,68,40,65,69,64,74,71,21,10265,64,74,79,83,86
20150227 12:33,65,46,67,40,65,64,64,74,71,21,10265,64,74,79,83,86
20150227 12:34,65,44,66,41,66,69,64,75,72,23,10265,64,74,79,83,86
20150227 12:35,64,42,65,41,62,59,64,75,72,23,10265,64,74,79,83,86
20150227 12:36,62,48,64,44,62,82,64,74,71,21,10265,63,74,79,83,86
20150227 12:37,69,52,65,45,77,63,63,74,71,20,10266,63,74,79,83,86
20150227 12:38,72,42,65,46,68,56,63,75,72,22,10266,62,74,79,83,86
20150227 12:39,69,35,66,46,71,42,63,76,73,24,10266,61,74,79,83,86
20150227 12:40,64,30,65,44,58,42,63,76,73,24,10266,61,74,79,83,86
20150227 12:41,59,34,65,42,60,53,63,77,73,26,10267,62,74,79,83,86
20150227 12:42,62,41,65,41,64,66,63,77,73,26,10267,61,74,79,83,86
20150227 12:43,66,40,66,40,68,43,62,76,72,23,10267,61,74,79,83,86
20150227 12:44,64,37,65,40,60,56,62,76,72,23,10268,62,74,79,83,86
20150227 12:45,61,32,65,38,61,37,62,76,72,23,10268,62,74,79,83,86
20150227 12:46,64,27,65,36,66,35,62,76,72,23,10268,62,73,79,83,86
20150227 12:47,66,28,64,34,66,47,62,77,73,25,10268,62,73,79,83,86
20150227 12:48,68,40,64,35,71,59,62,77,73,25,10268,61,73,79,83,86
20150227 12:49,63,51,63,37,56,65,62,75,71,21,10268,60,73,79,83,86
20150227 12:50,58,46,63,38,60,61,62,74,70,19,10267,60,73,79,83,86
20150227 12:51,58,44,63,39,56,72,62,75,71,21,10267,60,73,79,83,86
20150227 12:52,54,43,62,39,53,49,61,75,71,20,10267,60,73,79,83,86
20150227 12:53,53,36,60,38,53,51,61,75,71,20,10267,60,73,79,83,86
20150227 12:54,58,35,61,38,64,60,61,75,71,20,10267,60,73,78,83,86
20150227 12:55,65,38,61,40,65,59,61,76,72,22,10267,60,73,78,83,86
20150227 12:56,65,40,61,41,66,70,61,76,72,22,10267,60,73,78,83,86
20150227 12:57,64,39,61,42,63,53,61,75,71,20,10266,60,73,78,83,86
20150227 12:58,65,43,60,42,68,61,61,76,72,22,10266,59,73,78,83,86
20150227 12:59,65,44,61,41,62,61,61,75,71,20,10265,58,73,78,83,86
20150227 13:00,62,43,61,41,61,56,61,76,72,22,10265,57,73,78,83,86
20150227 13:01,59,43,61,40,56,53,61,76,72,22,10265,57,73,78,83,86
20150227 13:02,58,34,62,39,59,35,60,76,71,21,10265,57,73,78,83,86
20150227 13:03,57,30,62,39,55,49,60,77,72,23,10265,57,73,78,83,86
20150227 13:04,58,33,62,39,61,48,60,77,72,23,10264,56,72,78,83,86
20150227 13:05,63,41,62,40,65,67,59,78,72,24,10263,54,72,78,83,86
20150227 13:06,61,44,61,40,56,60,59,77,71,22,10262,54,72,78,83,86
20150227 13:07,56,44,60,40,55,69,59,78,72,24,10262,54,72,78,83,86
20150227 13:08,58,46,59,40,62,59,58,78,72,23,10261,54,72,78,83,86
20150227 13:09,67,38,60,39,72,44,58,79,73,24,10262,54,72,78,83,86
20150227 13:10,65,36,60,39,58,62,58,80,74,26,10262,54,72,78,83,86
20150227 13:11,63,48,61,40,68,79,57,80,73,25,10262,53,72,78,83,86
20150227 13:12,65,49,61,41,63,57,57,80,73,25,10262,52,72,78,83,86
20150227 13:13,67,42,63,43,72,54,57,80,73,25,10262,51,72,78,83,86
20150227 13:14,68,40,63,43,64,49,56,81,74,26,10262,46,71,78,83,86
20150227 13:15,65,33,64,41,66,38,56,82,75,28,10262,48,71,78,83,86
20150227 13:16,72,33,66,41,77,57,55,82,74,27,10262,47,71,78,83,86
20150227 13:17,70,40,66,40,63,88,55,83,75,28,10263,46,71,78,83,86
20150227 13:18,62,46,66,41,61,74,54,83,74,27,10262,47,71,78,83,86
20150227 13:19,68,49,67,42,76,64,54,82,74,26,10262,47,71,78,83,86
20150227 13:20,74,47,68,43,73,59,54,83,74,27,10261,39,71,78,83,86
20150227 13:21,74,42,69,41,75,52,53,83,74,27,10261,36,70,78,83,86
20150227 13:22,73,44,70,42,71,83,53,83,74,27,10260,38,70,78,83,86
20150227 13:23,74,47,70,42,77,63,52,83,73,26,10260,36,70,78,83,86
20150227 13:24,74,43,71,43,70,56,52,83,73,26,10259,34,70,78,83,86
20150227 13:25,71,43,72,44,72,60,51,84,74,26,10259,37,70,78,83,86
20150227 13:26,73,42,71,44,74,55,50,84,73,25,10259,37,69,78,83,86
20150227 13:27,74,38,72,44,73,53,50,85,74,27,10259,39,69,78,83,86
20150227 13:28,72,36,73,42,71,43,50,85,74,27,10259,41,69,78,83,86
20150227 13:29,73,39,73,42,76,61,49,85,74,26,10259,41,69,78,83,86
20150227 13:30,77,38,74,41,78,46,49,85,74,26,10259,41,68,78,83,86
20150227 13:31,75,29,73,39,72,36,49,86,74,28,10259,42,68,77,83,86
20150227 13:32,68,25,73,37,64,39,49,86,74,28,10259,44,68,77,83,86
20150227 13:33,69,25,72,35,73,35,48,87,75,28,10259,45,68,77,83,86
20150227 13:34,69,23,72,33,64,34,48,87,75,28,10259,46,67,77,83,86
20150227 13:35,65,22,71,31,65,32,48,88,76,30,10260,46,67,77,83,86
20150227 13:36,65,25,70,30,64,42,48,88,76,30,10260,47,67,77,83,86
20150227 13:37,65,24,69,28,65,33,48,88,76,30,10260,47,67,77,83,86
20150227 13:38,65,22,69,27,65,33,48,88,76,30,10260,48,66,77,83,86
20150227 13:39,70,31,68,26,75,57,48,88,76,30,10260,48,66,77,83,86
20150227 13:40,71,33,67,26,67,39,49,88,76,31,10260,48,66,77,83,86
20150227 13:41,67,29,67,26,67,41,49,88,76,31,10260,48,66,77,83,86
20150227 13:42,64,32,67,27,61,48,49,88,76,31,10260,48,66,77,83,86
20150227 13:43,64,32,66,28,67,38,49,88,76,31,10260,48,66,77,83,86
20150227 13:44,65,29,66,28,63,39,49,88,76,31,10260,41,66,77,83,86
20150227 13:45,62,29,66,29,62,42,49,88,76,31,10261,44,65,77,83,86
20150227 13:46,61,34,65,30,61,53,49,88,76,31,10261,46,65,77,83,86
20150227 13:47,59,39,64,32,57,50,49,88,76,31,10261,47,65,76,83,86
20150227 13:48,58,32,64,32,59,39,49,88,76,31,10262,47,65,76,83,86
20150227 13:49,63,27,63,31,67,43,49,88,76,31,10262,48,65,76,83,86
20150227 13:50,59,29,62,31,51,41,49,88,76,31,10263,48,65,76,83,86
20150227 13:51,55,27,61,31,58,46,49,88,76,31,10263,48,65,76,83,86
20150227 13:52,61,24,61,30,64,41,49,89,77,32,10264,49,65,76,83,86
20150227 13:53,55,22,59,29,46,25,49,89,77,32,10264,49,65,76,83,86
20150227 13:54,53,22,59,28,61,32,49,89,77,32,10264,49,65,76,83,86
20150227 13:55,59,25,58,28,58,50,49,89,77,32,10263,49,65,76,83,86
20150227 13:56,59,30,58,27,59,48,49,89,77,32,10263,49,64,76,83,86
20150227 13:57,61,34,59,27,62,48,49,89,77,32,10262,49,64,76,83,86
20150227 13:58,63,31,59,27,64,41,49,89,77,32,10261,49,64,75,83,86
20150227 13:59,64,29,59,27,64,45,48,89,77,31,10261,50,64,75,83,86
20150227 14:00,64,31,60,28,63,45,48,89,77,31,10262,50,64,75,83,86
20150227 14:01,61,32,60,28,60,40,48,90,77,33,10263,50,64,75,83,86
20150227 14:02,63,34,60,29,66,57,48,90,77,33,10263,50,64,75,83,86
20150227 14:03,67,41,62,32,68,62,48,90,77,33,10263,50,64,75,83,86
20150227 14:04,66,41,63,33,64,52,48,89,77,31,10263,49,64,75,83,86
20150227 14:05,63,38,63,35,62,47,48,89,77,31,10263,50,64,75,83,86
20150227 14:06,63,38,64,35,64,53,48,90,77,33,10264,50,64,75,83,86
20150227 14:07,62,37,63,35,60,48,48,90,77,33,10264,50,64,75,83,86
20150227 14:08,59,32,63,35,58,45,48,90,77,33,10264,50,64,75,83,86
20150227 14:09,62,31,63,36,66,48,48,90,77,33,10264,51,64,74,83,86
20150227 14:10,66,32,63,35,66,39,48,90,77,33,10263,50,64,74,82,86
20150227 14:11,69,30,65,36,73,45,48,90,77,33,10262,50,64,74,82,86
20150227 14:12,68,32,64,35,64,42,48,91,78,35,10261,50,64,74,82,86
20150227 14:13,63,33,64,34,62,42,48,91,78,35,10261,48,64,74,82,86
20150227 14:14,65,32,64,33,68,48,48,91,78,35,10262,46,64,74,82,86
20150227 14:15,68,30,65,32,69,33,48,91,78,35,10263,49,64,74,82,86
20150227 14:16,68,24,65,30,67,27,48,91,78,35,10263,49,64,74,82,86
20150227 14:17,72,23,67,29,76,32,47,91,78,34,10262,49,64,74,82,86
20150227 14:18,75,30,68,30,74,46,47,91,78,34,10261,48,64,74,82,86
20150227 14:19,75,35,69,30,75,44,47,91,78,34,10259,46,64,74,82,86
20150227 14:20,74,35,70,31,73,48,47,91,78,34,10257,46,64,74,82,86
20150227 14:21,75,35,71,31,78,49,47,92,79,35,10257,41,63,74,82,86
20150227 14:22,75,32,72,31,73,32,47,92,79,35,10259,37,64,74,82,86
20150227 14:23,68,23,72,29,63,22,46,92,78,34,10261,41,63,73,82,86
20150227 14:24,60,21,71,28,58,30,46,92,78,34,10261,42,63,73,82,86
20150227 14:25,63,29,71,29,69,42,46,92,78,34,10261,42,63,73,82,86
20150227 14:26,70,31,71,30,71,41,45,91,77,32,10260,27,63,73,82,86
20150227 14:27,65,27,69,30,59,37,44,91,76,31,10259,15,63,73,82,86
20150227 14:28,61,28,68,29,64,43,44,91,76,31,10259,13,63,73,82,86
20150227 14:29,67,28,68,29,71,37,43,91,76,30,10259,19,63,73,82,86
20150227 14:30,66,28,67,28,61,44,42,91,75,29,10259,24,63,73,82,86
20150227 14:31,63,29,66,27,66,35,41,91,74,28,10259,28,62,73,82,86
20150227 14:32,66,31,65,28,67,54,41,91,74,28,10258,30,62,73,82,86
20150227 14:33,64,35,65,30,61,53,40,91,74,27,10258,31,62,73,82,86
20150227 14:34,64,32,66,30,68,43,40,91,74,27,10258,31,61,73,82,86
20150227 14:35,68,31,66,30,69,47,39,91,73,26,10257,33,61,73,82,86
20150227 14:36,69,36,65,31,68,56,39,91,73,26,10257,34,61,73,81,86
20150227 14:37,67,35,66,32,66,40,39,91,73,26,10256,35,60,73,81,86
20150227 14:38,70,35,67,33,73,54,38,92,74,26,10256,36,60,73,81,86
20150227 14:39,74,36,67,33,74,53,38,92,74,26,10256,36,59,72,81,86
20150227 14:40,76,31,69,33,77,36,38,92,74,26,10255,36,59,72,81,86
20150227 14:41,74,32,70,34,72,40,38,92,74,26,10255,36,59,72,81,86
20150227 14:42,74,30,70,33,76,37,38,92,74,26,10254,37,59,72,81,86
20150227 14:43,75,28,72,32,73,40,38,93,75,28,10254,38,58,72,81,86
20150227 14:44,73,30,72,33,73,39,38,93,75,28,10253,38,58,72,81,86
20150227 14:45,73,31,73,32,73,44,38,93,75,28,10253,38,58,72,81,86
20150227 14:46,72,30,73,31,71,39,38,93,75,28,10253,38,58,72,81,86
20150227 14:47,72,30,73,31,72,40,38,93,75,28,10254,38,58,72,81,86
20150227 14:48,72,28,73,30,71,31,38,93,75,28,10254,37,58,72,81,86
20150227 14:49,71,26,73,29,71,34,38,93,75,28,10255,35,57,72,81,86
20150227 14:50,68,23,72,28,65,27,38,94,75,29,10256,35,57,72,81,86
20150227 14:51,67,21,71,27,69,32,38,94,75,29,10257,37,57,71,81,86
20150227 14:52,65,26,70,27,61,37,38,94,75,29,10257,35,57,71,81,86
20150227 14:53,61,26,69,27,61,36,38,94,75,29,10257,37,57,71,81,86
20150227 14:54,62,29,68,27,63,51,38,94,75,29,10258,39,57,71,81,86
20150227 14:55,61,32,66,27,59,42,38,94,75,29,10258,37,57,71,81,86
20150227 14:56,62,30,66,27,65,41,38,94,75,29,10258,37,57,71,81,86
20150227 14:57,64,28,65,27,63,34,38,94,75,29,10258,39,57,71,81,85
20150227 14:58,66,26,64,27,68,31,38,94,75,29,10258,40,57,71,81,85
20150227 14:59,70,26,65,27,72,40,38,94,75,29,10257,37,57,71,81,85
20150227 15:00,73,28,65,28,74,50,38,94,75,29,10257,27,56,71,81,85
20150227 15:01,72,32,65,29,69,51,38,94,75,29,10257,32,56,70,81,85
20150227 15:02,71,30,67,29,74,33,38,94,75,29,10257,36,56,70,80,85
20150227 15:03,69,29,67,29,65,50,38,94,75,29,10257,36,56,70,80,86
20150227 15:04,70,36,68,30,74,52,38,94,75,29,10256,36,56,70,80,86
20150227 15:05,75,40,70,31,76,52,38,94,75,29,10255,36,56,70,80,86
20150227 15:06,75,40,71,32,74,53,38,94,75,29,10255,35,56,70,80,86
20150227 15:07,70,36,71,33,65,47,38,94,75,29,10255,31,56,70,80,86
20150227 15:08,63,29,70,33,60,39,38,94,75,29,10254,33,56,70,80,86
20150227 15:09,63,34,70,34,65,53,38,94,75,29,10254,33,56,70,80,86
20150227 15:10,63,37,68,35,61,44,37,94,75,28,10254,30,56,70,80,86
20150227 15:11,60,35,67,35,58,52,37,94,75,28,10254,31,56,70,80,86
20150227 15:12,61,38,66,36,63,47,37,94,75,28,10254,31,56,70,80,86
20150227 15:13,59,35,65,36,55,49,37,94,75,28,10254,32,55,69,80,86
20150227 15:14,59,33,64,36,63,49,37,94,75,28,10254,34,55,69,80,86
20150227 15:15,60,35,62,35,57,64,37,94,75,28,10255,35,55,69,80,86
20150227 15:16,55,36,60,35,52,53,37,94,75,28,10255,34,55,69,80,86
20150227 15:17,60,33,60,35,68,47,36,94,74,27,10255,34,55,69,80,86
20150227 15:18,66,32,61,35,65,51,36,94,74,27,10255,35,55,69,80,86
20150227 15:19,69,30,61,34,73,37,36,94,74,27,10256,35,55,69,80,86
20150227 15:20,68,27,62,33,64,34,36,94,74,27,10256,36,55,69,80,86
20150227 15:21,68,25,63,32,72,36,36,94,74,27,10257,36,55,69,80,86
20150227 15:22,68,27,63,31,64,40,36,94,74,27,10257,35,54,69,80,86
20150227 15:23,63,29,64,30,62,40,36,94,74,27,10257,36,54,69,80,86
20150227 15:24,69,31,65,31,75,46,36,94,74,27,10258,36,54,68,80,86
20150227 15:25,65,44,65,32,56,66,36,94,74,27,10258,36,54,68,80,86
20150227 15:26,61,45,67,33,67,55,36,94,74,27,10257,36,54,68,80,86
20150227 15:27,66,34,66,32,65,49,36,94,74,27,10257,36,54,68,80,86
20150227 15:28,66,35,67,33,67,50,35,94,74,26,10257,36,54,68,80,86
20150227 15:29,66,37,66,34,66,45,35,94,74,26,10257,37,54,68,80,86
20150227 15:30,65,36,66,35,63,56,35,94,74,26,10257,37,54,68,80,86
20150227 15:31,63,38,65,37,63,50,35,94,74,26,10257,36,54,68,81,86
20150227 15:32,64,33,65,36,65,40,35,94,74,26,10258,36,54,68,81,86
20150227 15:33,63,26,65,36,61,39,35,94,74,26,10258,34,54,68,81,85
20150227 15:34,64,25,64,35,67,46,35,94,74,26,10259,35,54,68,81,85
20150227 15:35,70,33,66,34,73,56,35,94,74,26,10260,35,54,68,81,85
20150227 15:36,74,41,67,34,76,60,35,94,74,26,10260,35,53,68,81,85
20150227 15:37,73,38,67,35,71,56,35,94,74,26,10260,34,53,68,81,85
20150227 15:38,71,28,68,33,71,31,35,94,74,26,10261,35,53,68,80,85
20150227 15:39,72,28,68,33,74,46,35,94,74,26,10262,33,53,67,80,85
20150227 15:40,76,29,70,32,77,39,35,94,74,26,10262,30,53,67,80,85
20150227 15:41,67,28,69,30,57,37,35,94,74,26,10262,34,53,67,80,85
20150227 15:42,61,25,69,30,66,36,34,94,73,25,10262,35,53,67,80,85
20150227 15:43,66,25,70,30,66,44,34,94,73,25,10262,35,53,67,80,85
20150227 15:44,68,30,70,31,70,46,34,94,73,25,10262,35,53,67,80,85
20150227 15:45,68,31,70,30,67,49,34,94,73,25,10261,35,53,67,80,85
20150227 15:46,65,34,68,29,63,50,34,94,73,25,10261,34,53,67,80,85
20150227 15:47,63,37,68,30,64,49,34,94,73,25,10261,33,53,67,80,85
20150227 15:48,70,39,68,31,76,50,34,94,73,25,10260,34,53,67,80,85
20150227 15:49,74,38,68,32,72,52,34,94,73,25,10260,33,53,67,80,85
20150227 15:50,67,36,66,33,63,49,34,94,73,25,10260,33,53,67,79,85
20150227 15:51,66,37,68,34,69,50,34,94,73,25,10259,34,53,67,79,85
20150227 15:52,67,34,68,34,66,43,34,94,73,25,10259,34,53,67,79,85
20150227 15:53,69,32,68,35,71,45,34,94,73,25,10259,34,53,67,79,85
20150227 15:54,68,34,68,35,66,44,34,94,73,25,10258,35,53,67,79,85
20150227 15:55,68,36,68,36,70,44,33,94,73,24,10258,36,53,67,79,85
20150227 15:56,69,32,68,35,68,37,33,94,73,24,10257,36,53,67,79,85
20150227 15:57,66,30,68,34,63,42,33,94,73,24,10257,36,53,67,79,85
20150227 15:58,65,35,68,34,67,55,33,94,73,24,10256,37,52,67,78,84
20150227 15:59,67,31,67,33,68,33,33,94,73,24,10256,34,52,67,78,84
20150227 16:00,65,26,67,32,63,32,33,94,73,24,10255,34,52,67,78,84
20150227 16:01,65,29,67,32,67,44,33,94,73,24,10255,34,52,67,78,84
20150227 16:02,68,33,67,32,69,45,33,94,73,24,10255,36,52,67,78,84
20150227 16:03,62,32,66,32,55,42,33,94,73,24,10255,36,52,66,78,84
20150227 16:04,59,26,65,31,64,44,33,94,73,24,10255,36,52,66,78,84
20150227 16:05,65,24,65,29,67,35,33,94,73,24,10255,37,52,66,78,84
20150227 16:06,62,29,64,30,58,42,33,95,74,26,10256,38,52,66,78,84
20150227 16:07,61,27,64,29,64,34,33,94,73,24,10256,38,52,66,77,84
20150227 16:08,65,20,64,27,67,28,34,95,74,27,10256,39,52,66,77,84
20150227 16:09,66,18,64,26,65,37,34,95,74,27,10256,40,52,66,77,84
20150227 16:10,66,27,64,27,67,46,34,95,74,27,10257,41,52,66,77,84
20150227 16:11,63,31,64,27,59,38,34,95,74,27,10257,41,52,66,77,84
20150227 16:12,57,25,62,25,55,34,34,95,74,27,10257,41,52,66,77,84
20150227 16:13,57,27,63,25,59,40,34,95,74,27,10257,42,52,66,77,84
20150227 16:14,59,32,62,26,58,43,34,95,74,27,10258,42,52,66,77,84
20150227 16:15,54,30,60,27,49,47,34,95,74,27,10258,41,52,66,77,84
20150227 16:16,54,27,60,26,61,37,34,95,74,27,10259,41,52,66,77,83
20150227 16:17,61,30,60,27,61,42,34,95,74,27,10259,41,52,66,77,83
20150227 16:18,55,29,58,28,48,38,34,95,74,27,10260,41,52,66,76,83
20150227 16:19,51,26,57,29,55,37,34,95,74,27,10260,40,52,66,76,83
20150227 16:20,56,30,56,29,58,50,35,95,75,28,10261,40,52,66,76,83
20150227 16:21,57,27,56,28,56,33,35,95,75,28,10261,40,53,66,76,83
20150227 16:22,53,15,56,26,50,23,35,95,75,28,10261,40,53,65,76,83
20150227 16:23,55,17,56,26,59,36,35,95,75,28,10261,40,53,65,76,83
20150227 16:24,55,24,55,25,51,34,35,95,75,28,10262,39,53,65,76,83
20150227 16:25,53,22,56,24,56,31,35,95,75,28,10262,40,53,65,76,83
20150227 16:26,60,22,56,24,65,33,35,95,75,28,10262,40,53,65,76,83
20150227 16:27,61,26,55,24,57,37,35,95,75,28,10263,39,53,65,76,83
20150227 16:28,60,25,57,23,62,32,35,95,75,28,10263,39,53,65,75,83
20150227 16:29,59,28,57,24,55,48,35,95,75,28,10263,39,53,65,75,83
20150227 16:30,55,31,56,23,54,46,35,95,75,28,10263,39,53,65,75,83
20150227 16:31,58,28,57,24,63,44,35,95,75,28,10263,38,53,65,75,83
20150227 16:32,60,26,58,26,57,36,35,95,75,28,10263,38,53,65,75,82
20150227 16:33,56,25,57,26,55,40,35,95,75,28,10263,37,53,65,75,82
20150227 16:34,56,30,58,27,57,50,35,95,75,28,10263,38,53,65,75,82
20150227 16:35,58,32,58,28,58,43,36,95,75,29,10263,38,53,65,75,82
20150227 16:36,57,27,57,28,55,34,36,95,75,29,10264,38,53,65,75,82
20150227 16:37,57,27,57,28,58,38,36,95,75,29,10264,38,53,65,75,82
20150227 16:38,55,28,56,28,53,41,36,95,75,29,10264,37,53,65,75,82
20150227 16:39,59,26,58,28,66,32,36,95,75,29,10264,37,53,65,75,82
20150227 16:40,62,23,58,27,57,29,36,95,75,29,10264,36,53,65,74,82
20150227 16:41,60,22,58,26,62,29,36,95,75,29,10264,35,53,65,74,82
20150227 16:42,64,24,59,26,66,35,36,95,75,29,10264,36,53,65,74,82
20150227 16:43,62,24,59,26,58,30,36,95,75,29,10264,36,53,65,74,82
20150227 16:44,58,20,59,24,59,29,36,95,75,29,10265,36,53,65,74,82
20150227 16:45,61,17,60,23,63,26,36,95,75,29,10265,37,53,65,74,82
20150227 16:46,64,18,61,23,65,29,36,95,75,29,10265,35,53,65,74,82
20150227 16:47,64,24,61,22,63,37,36,95,75,29,10265,34,53,65,74,82
20150227 16:48,67,25,63,22,70,29,36,95,75,29,10265,32,53,65,74,82
20150227 16:49,67,21,63,21,64,30,36,95,75,29,10265,34,53,65,74,82
20150227 16:50,63,19,63,21,63,21,36,95,75,29,10265,35,53,64,74,81
20150227 16:51,64,16,64,20,65,20,36,95,75,29,10265,33,52,64,74,81
20150227 16:52,63,17,63,20,61,36,36,95,75,29,10265,33,52,64,74,81
20150227 16:53,62,19,63,19,62,23,36,95,75,29,10265,34,52,64,74,81
20150227 16:54,65,21,64,20,69,34,36,95,75,29,10265,34,52,64,74,81
20150227 16:55,67,24,65,21,64,30,36,95,75,29,10265,34,52,64,74,81
20150227 16:56,65,22,65,21,66,33,36,95,75,29,10265,33,52,64,73,81
20150227 16:57,68,21,65,20,70,29,36,95,75,29,10265,32,52,64,73,81
20150227 16:58,72,21,66,20,74,29,36,95,75,29,10265,31,52,64,73,81
20150227 16:59,74,23,67,21,74,38,36,95,75,29,10264,31,52,64,73,81
20150227 17:00,73,28,68,22,73,42,36,95,75,29,10264,30,52,64,73,81
20150227 17:01,73,28,69,23,74,33,36,95,75,29,10264,29,52,64,73,81
20150227 17:02,72,21,70,23,70,25,36,95,75,29,10264,29,52,64,73,81
20150227 17:03,70,17,70,23,70,20,36,95,75,29,10263,29,52,64,73,81
20150227 17:04,73,18,71,22,77,32,36,95,75,29,10263,29,51,64,73,81
20150227 17:05,71,22,71,22,66,30,36,95,75,29,10263,28,51,64,73,81
20150227 17:06,66,24,72,23,67,35,36,95,75,29,10263,29,51,64,73,81
20150227 17:07,69,24,72,23,70,33,36,95,75,29,10262,30,51,64,73,81
20150227 17:08,69,24,71,23,67,31,35,95,75,28,10262,30,51,64,73,81
20150227 17:09,68,25,70,23,70,32,35,95,75,28,10262,30,51,64,73,81
20150227 17:10,71,25,70,22,72,39,35,95,75,28,10262,30,51,64,73,80
20150227 17:11,68,29,69,23,64,41,35,95,75,28,10261,27,51,64,73,80
20150227 17:12,64,30,69,24,64,35,35,95,75,28,10261,30,50,64,73,80
20150227 17:13,62,28,68,25,60,37,35,95,75,28,10261,30,50,64,73,80
20150227 17:14,64,27,67,26,67,33,35,95,75,28,10261,31,50,64,73,80
20150227 17:15,68,25,67,26,69,32,35,95,75,28,10261,30,50,64,73,80
20150227 17:16,69,26,67,27,70,36,35,95,75,28,10261,31,50,64,72,80
20150227 17:17,67,27,67,27,64,33,35,95,75,28,10261,31,50,64,72,80
20150227 17:18,62,29,66,28,60,43,35,95,75,28,10261,32,50,64,72,80
20150227 17:19,62,32,65,28,63,49,35,95,75,28,10261,33,50,64,72,80
20150227 17:20,61,31,64,29,60,43,35,95,75,28,10261,33,50,64,72,80
20150227 17:21,61,34,64,29,61,53,35,95,75,28,10261,32,50,64,72,80
20150227 17:22,61,36,63,30,61,47,36,95,75,29,10262,33,49,64,72,80
20150227 17:23,61,34,64,31,62,44,36,95,75,29,10262,33,49,64,72,80
20150227 17:24,61,33,63,31,59,38,36,95,75,29,10262,34,49,64,72,80
20150227 17:25,60,33,62,32,62,56,36,95,75,29,10262,34,49,64,72,80
20150227 17:26,63,38,62,33,64,53,36,95,75,29,10262,34,49,64,72,80
20150227 17:27,63,40,61,35,61,48,36,95,75,29,10262,34,49,64,72,80
20150227 17:28,60,39,61,35,59,54,36,95,75,29,10262,34,49,64,72,80
20150227 17:29,62,39,61,36,64,47,36,95,75,29,10261,34,49,64,72,80
20150227 17:30,65,36,62,36,67,47,36,95,75,29,10262,32,49,64,72,79
20150227 17:31,63,34,62,36,60,49,36,95,75,29,10262,34,49,64,72,79
20150227 17:32,63,35,62,36,66,53,36,95,75,29,10262,34,49,64,72,79
20150227 17:33,60,33,62,36,54,63,36,95,75,29,10263,34,49,64,72,79
20150227 17:34,60,38,62,37,67,70,36,95,75,29,10263,34,49,64,72,79
20150227 17:35,63,38,62,37,60,50,36,95,75,29,10263,34,49,64,72,79
20150227 17:36,61,42,62,38,62,77,36,95,75,29,10263,34,49,64,72,79
20150227 17:37,61,50,62,39,61,62,36,95,75,29,10263,34,49,64,72,79
20150227 17:38,62,43,62,39,63,51,36,95,75,29,10263,34,49,65,72,79
20150227 17:39,66,44,63,40,68,68,35,95,75,28,10263,34,49,65,72,79
20150227 17:40,68,47,63,41,67,60,35,95,75,28,10264,34,49,65,72,79
20150227 17:41,59,41,62,41,50,54,35,95,75,28,10264,34,49,65,72,79
20150227 17:42,58,37,62,42,65,56,35,95,75,28,10264,34,49,65,72,79
20150227 17:43,64,36,63,42,63,46,35,95,75,28,10265,34,49,65,72,79
20150227 17:44,62,37,62,41,62,52,35,95,75,28,10265,34,49,65,72,79
20150227 17:45,61,38,62,42,60,57,35,95,75,28,10265,34,49,65,72,79
20150227 17:46,63,36,63,40,66,45,35,95,75,28,10265,34,49,65,72,79
20150227 17:47,67,37,63,39,68,52,34,95,74,27,10266,34,49,65,71,79
20150227 17:48,70,38,64,39,71,47,34,95,74,27,10266,34,49,65,72,79
20150227 17:49,69,43,64,39,67,62,34,95,74,27,10266,34,49,65,71,79
20150227 17:50,65,43,64,38,63,60,34,94,73,25,10267,34,49,65,71,79
20150227 17:51,64,34,65,38,66,47,34,94,73,25,10267,34,49,65,71,79
20150227 17:52,66,31,65,37,67,44,34,94,73,25,10268,34,49,65,71,79
20150227 17:53,69,26,66,36,72,40,34,94,73,25,10268,34,49,65,71,79
20150227 17:54,70,27,67,35,68,41,34,94,73,25,10269,34,49,65,71,79
20150227 17:55,67,30,67,34,67,36,34,94,73,25,10269,34,49,65,71,79
20150227 17:56,67,28,68,34,68,35,34,94,73,25,10269,34,49,65,71,79
20150227 17:57,68,29,68,33,69,41,34,94,73,25,10268,34,49,65,71,79
20150227 17:58,70,28,68,32,72,37,34,94,73,25,10268,34,49,64,71,79
20150227 17:59,71,24,68,29,70,36,34,95,74,27,10269,35,49,65,71,79
20150227 18:00,68,24,68,28,66,45,34,95,74,27,10269,35,49,64,71,79
20150227 18:01,63,23,68,27,59,37,34,95,74,27,10270,35,49,64,71,79
20150227 18:02,64,22,68,26,68,35,34,95,74,27,10270,35,49,64,71,78
20150227 18:03,65,22,67,26,61,34,34,95,74,27,10270,35,49,64,71,78
20150227 18:04,60,21,66,25,60,25,34,95,74,27,10270,35,49,64,71,78
20150227 18:05,61,22,66,24,63,29,34,95,74,27,10270,35,49,64,71,78
20150227 18:06,57,25,64,24,50,51,34,95,74,27,10270,35,49,64,71,78
20150227 18:07,54,27,63,24,58,35,34,95,74,27,10270,35,49,64,71,78
20150227 18:08,57,28,61,24,56,39,34,95,74,27,10270,35,49,64,71,78
20150227 18:09,59,28,60,25,62,44,34,95,74,27,10270,36,49,64,71,78
20150227 18:10,62,29,60,25,62,47,35,95,75,28,10270,36,49,64,71,78
20150227 18:11,64,28,61,26,66,39,35,95,75,28,10270,36,49,63,71,78
20150227 18:12,65,26,60,26,63,35,35,95,75,28,10270,36,49,63,71,78
20150227 18:13,63,25,60,26,63,43,35,95,75,28,10270,36,49,63,71,78
20150227 18:14,64,27,61,27,65,40,35,95,75,28,10270,36,49,63,71,78
20150227 18:15,62,25,61,27,60,30,35,95,75,28,10270,35,49,63,71,78
20150227 18:16,59,20,61,26,58,27,35,95,75,28,10271,36,49,63,71,78
20150227 18:17,58,23,61,26,59,32,35,95,75,28,10270,36,49,63,71,78
20150227 18:18,64,22,63,25,69,25,35,95,75,28,10270,36,49,62,71,78
20150227 18:19,66,21,63,24,63,30,35,95,75,28,10270,36,49,62,71,78
20150227 18:20,62,25,63,24,61,36,35,95,75,28,10270,36,49,62,70,78
20150227 18:21,65,23,63,23,69,30,35,95,75,28,10270,36,50,62,70,78
20150227 18:22,65,20,63,23,61,33,35,95,75,28,10270,36,50,62,70,78
20150227 18:23,63,20,63,23,64,28,35,95,75,28,10269,36,50,62,70,78
20150227 18:24,67,19,63,21,70,24,35,95,75,28,10269,36,50,62,70,78
20150227 18:25,71,21,65,22,72,33,35,95,75,28,10268,36,49,62,70,78
20150227 18:26,69,24,65,22,65,32,35,95,75,28,10268,36,49,62,70,78
20150227 18:27,64,26,66,22,63,34,35,95,75,28,10267,37,50,62,70,78
20150227 18:28,66,26,66,23,70,33,35,95,75,28,10267,37,50,62,70,78
20150227 18:29,70,25,67,23,70,37,36,95,75,29,10266,37,50,62,70,78
20150227 18:30,69,27,67,23,67,37,36,95,75,29,10266,36,50,62,70,78
20150227 18:31,67,26,67,24,68,31,36,95,75,29,10266,37,50,62,70,78
20150227 18:32,65,26,67,25,63,39,36,95,75,29,10266,37,50,62,70,78
20150227 18:33,65,31,67,26,66,39,36,95,75,29,10266,37,50,62,70,78
20150227 18:34,67,31,67,27,68,37,36,95,75,29,10266,37,50,62,70,78
20150227 18:35,70,28,67,27,72,37,36,95,75,29,10266,37,50,61,70,78
20150227 18:36,68,22,67,26,64,20,36,95,75,29,10266,37,50,61,70,78
20150227 18:37,69,19,68,26,74,35,36,95,75,29,10266,37,50,61,70,78
20150227 18:38,72,24,68,26,71,46,36,95,75,29,10266,37,50,61,70,78
20150227 18:39,70,28,68,26,69,47,36,95,75,29,10266,37,50,61,70,78
20150227 18:40,67,31,68,27,66,44,36,95,75,29,10266,37,50,61,70,78
20150227 18:41,64,26,68,26,63,31,36,95,75,29,10266,37,50,61,70,78
20150227 18:42,65,24,68,26,68,35,37,95,76,30,10266,37,50,61,70,78
20150227 18:43,69,24,69,25,70,36,37,95,76,30,10266,37,50,61,70,78
20150227 18:44,68,26,68,25,67,47,37,95,76,30,10266,37,50,61,70,78
20150227 18:45,66,28,68,25,66,37,37,95,76,30,10266,37,50,61,70,78
20150227 18:46,65,27,68,26,64,35,37,95,76,30,10267,37,50,61,70,78
20150227 18:47,63,26,67,27,62,34,37,95,76,30,10267,37,50,61,70,78
20150227 18:48,64,25,66,26,66,35,37,95,76,30,10268,37,50,61,70,78
20150227 18:49,63,23,65,26,61,38,37,95,76,30,10268,37,50,61,70,78
20150227 18:50,60,24,65,25,59,35,37,95,76,30,10268,37,50,61,70,78
20150227 18:51,56,25,64,25,53,37,37,95,76,30,10269,37,50,61,70,78
20150227 18:52,53,25,62,25,54,33,37,95,76,30,10269,37,50,61,70,78
20150227 18:53,55,24,61,25,56,33,37,95,76,30,10269,37,50,61,70,78
20150227 18:54,56,25,60,25,56,36,37,95,76,30,10268,37,50,61,70,78
20150227 18:55,56,27,59,25,56,38,37,95,76,30,10268,37,50,61,70,78
20150227 18:56,62,24,59,25,68,35,38,95,76,31,10267,38,50,61,70,78
20150227 18:57,66,22,59,24,64,28,38,95,76,31,10267,38,50,61,70,78
20150227 18:58,61,24,58,24,58,35,38,95,76,31,10267,38,50,61,70,78
20150227 18:59,59,26,58,25,61,42,38,95,76,31,10267,37,50,61,70,78
20150227 19:00,58,23,58,24,55,38,38,95,76,31,10268,38,50,61,70,78
20150227 19:01,55,22,58,24,54,40,38,95,76,31,10268,38,50,61,70,78
20150227 19:02,54,23,58,24,54,37,38,95,76,31,10268,38,50,61,70,78
20150227 19:03,58,17,59,23,62,21,38,95,76,31,10268,38,50,61,70,78
20150227 19:04,60,18,59,22,58,29,38,95,76,31,10268,38,50,61,70,77
20150227 19:05,59,22,59,22,61,35,38,95,76,31,10268,38,50,61,70,77
20150227 19:06,58,23,58,22,56,31,38,95,76,31,10267,38,50,61,70,77
20150227 19:07,56,22,58,22,57,34,38,95,76,31,10267,38,50,61,70,77
20150227 19:08,59,20,58,22,61,36,38,95,76,31,10267,38,50,61,70,77
20150227 19:09,60,25,58,22,58,44,38,95,76,31,10267,38,50,61,70,77
20150227 19:10,61,27,58,23,63,37,38,95,76,31,10267,38,50,60,70,77
20150227 19:11,65,30,60,23,67,50,38,95,76,31,10267,38,50,60,70,77
20150227 19:12,65,32,60,24,62,52,38,95,76,31,10266,38,50,60,70,77
20150227 19:13,62,30,60,26,61,36,38,95,76,31,10266,38,50,60,70,77
20150227 19:14,63,28,61,26,66,41,38,94,75,29,10265,38,50,60,70,77
20150227 19:15,66,31,62,28,67,54,38,94,75,29,10265,38,50,60,70,77
20150227 19:16,63,32,62,28,59,46,38,94,75,29,10265,38,50,60,70,77
20150227 19:17,64,29,63,29,70,36,38,94,75,29,10264,38,50,60,70,77
20150227 19:18,69,25,64,29,68,33,39,94,76,30,10264,38,50,60,70,77
20150227 19:19,67,25,65,29,67,35,39,94,76,30,10264,38,50,60,70,77
20150227 19:20,64,25,65,29,62,37,39,94,76,30,10265,38,50,60,70,77
20150227 19:21,66,26,65,28,71,38,39,94,76,30,10265,38,50,60,70,77
20150227 19:22,66,29,65,28,62,43,39,94,76,30,10265,38,50,60,70,77
20150227 19:23,66,31,66,28,71,44,39,94,76,30,10265,38,50,60,70,77
20150227 19:24,71,26,67,28,71,28,39,94,76,30,10265,38,50,60,70,77
20150227 19:25,72,25,67,27,72,49,39,94,76,30,10265,38,50,60,70,77
20150227 19:26,68,29,68,27,63,47,39,94,76,30,10265,38,50,60,70,77
20150227 19:27,63,34,67,28,63,53,39,94,76,30,10265,38,50,60,70,77
20150227 19:28,63,36,67,29,64,46,39,94,76,30,10266,38,50,60,70,77
20150227 19:29,64,29,66,29,63,34,39,94,76,30,10266,38,50,60,70,77
20150227 19:30,64,23,66,29,65,32,39,94,76,30,10266,38,50,60,70,77
20150227 19:31,62,24,65,29,59,38,39,94,76,30,10266,38,50,60,70,77
20150227 19:32,62,29,66,29,65,38,39,94,76,30,10267,39,50,60,70,77
20150227 19:33,66,27,65,28,66,34,39,94,76,30,10267,39,50,60,70,77
20150227 19:34,64,26,64,28,63,36,40,94,76,31,10268,39,50,60,70,77
20150227 19:35,63,27,63,28,63,35,40,94,76,31,10268,39,50,60,70,77
20150227 19:36,62,27,63,28,60,40,40,94,76,31,10268,39,50,60,70,77
20150227 19:37,60,26,63,27,60,38,40,94,76,31,10269,39,50,60,70,77
20150227 19:38,61,26,63,26,63,36,40,94,76,31,10269,39,50,60,70,77
20150227 19:39,60,25,62,26,58,37,40,94,76,31,10269,39,50,60,70,77
20150227 19:40,59,25,62,26,60,35,40,94,76,31,10268,40,50,60,70,77
20150227 19:41,62,26,62,26,63,37,40,94,76,31,10267,40,50,60,70,77
20150227 19:42,67,26,63,26,72,38,40,94,76,31,10267,40,50,60,70,77
20150227 19:43,66,28,62,27,61,51,40,94,76,31,10267,40,50,60,70,77
20150227 19:44,66,31,63,27,71,45,40,94,76,31,10268,40,50,60,70,77
20150227 19:45,69,30,64,27,68,44,41,94,77,32,10268,40,50,60,71,77
20150227 19:46,66,28,64,27,64,43,41,94,77,32,10268,40,50,60,71,77
20150227 19:47,61,27,64,27,57,43,41,94,77,32,10268,40,50,60,71,77
20150227 19:48,55,30,63,28,54,49,41,94,77,32,10268,40,50,60,71,77
20150227 19:49,60,32,64,29,66,46,41,94,77,32,10268,40,50,60,71,77
20150227 19:50,61,34,63,30,55,52,41,94,77,32,10269,40,50,60,71,77
20150227 19:51,52,33,62,30,48,42,41,94,77,32,10270,40,50,60,71,77
20150227 19:52,51,23,60,29,54,27,41,94,77,32,10270,40,50,60,71,77
20150227 19:53,55,20,59,28,56,29,41,94,77,32,10270,40,50,60,71,77
20150227 19:54,59,28,58,29,61,47,42,94,77,33,10269,40,50,60,71,77
20150227 19:55,59,32,57,29,58,36,42,94,77,33,10269,40,50,60,71,77
20150227 19:56,60,26,57,28,63,29,42,94,77,33,10268,40,50,60,71,77
20150227 19:57,61,27,57,29,59,50,42,94,77,33,10267,40,50,60,71,77
20150227 19:58,64,32,59,28,68,41,42,94,77,33,10267,40,50,60,71,77
20150227 19:59,67,30,59,28,66,35,42,94,77,33,10267,40,50,60,71,77
20150227 20:00,62,33,59,28,59,49,42,94,77,33,10267,40,50,60,71,77
