time_now,wd_avg_2mins,ws_avg_2mins,wd_avg_10mins,ws_avg_10mins,wd_maxsp_this_min,ws_maxsp_this_min,air_temp_by_box,relative_humidity,water_vapor_pressure,dew_temp,station_pressure,ground_temp_pt,ground_tem_5cm,ground_tem_10cm,ground_tem_15cm,ground_tem_20cm
20150128 20:01,24,34,26,28,27,52,34,74,58,-8,10289,30,49,63,75,83
20150128 20:02,22,42,24,30,17,53,34,74,58,-8,10290,30,49,63,75,83
20150128 20:03,20,44,26,33,24,51,34,73,57,-10,10290,30,49,63,75,83
20150128 20:04,22,41,24,36,20,60,34,73,57,-10,10290,29,48,63,75,83
20150128 20:05,16,39,20,35,12,52,34,73,57,-10,10290,30,48,63,75,83
20150128 20:06,22,33,21,34,32,41,35,73,57,-9,10290,30,48,63,75,83
20150128 20:07,31,26,23,34,31,31,35,73,57,-9,10290,30,48,62,75,83
20150128 20:08,27,29,23,36,23,45,35,74,58,-7,10290,30,48,62,75,83
20150128 20:09,22,35,23,35,21,52,35,73,57,-9,10290,30,48,62,75,83
20150128 20:10,20,34,22,36,18,47,35,73,57,-9,10290,30,48,62,75,83
20150128 20:11,24,29,23,34,30,32,35,73,57,-9,10290,30,48,62,75,83
20150128 20:12,35,19,25,31,40,37,34,73,57,-10,10290,30,48,62,75,83
20150128 20:13,43,21,27,30,45,46,35,74,58,-7,10290,30,48,62,75,83
20150128 20:14,41,29,29,29,37,45,34,74,58,-8,10290,30,48,62,75,83
20150128 20:15,41,32,32,29,45,55,34,74,58,-8,10291,30,48,62,75,83
20150128 20:16,41,36,33,30,38,50,34,73,57,-10,10291,30,48,62,75,83
20150128 20:17,44,37,35,31,50,56,34,73,57,-10,10291,30,48,62,75,83
20150128 20:18,44,35,36,31,37,49,34,73,57,-10,10291,30,48,62,75,83
20150128 20:19,34,32,37,30,32,53,34,73,57,-10,10291,30,48,62,75,82
20150128 20:20,35,27,39,29,39,30,34,73,57,-10,10291,30,48,62,75,83
20150128 20:21,26,25,38,30,15,30,34,73,57,-10,10291,30,48,62,75,82
20150128 20:22,22,28,37,31,29,39,34,74,58,-8,10292,30,48,62,75,82
20150128 20:23,24,31,34,31,19,41,34,74,58,-8,10292,30,48,62,75,82
20150128 20:24,17,33,32,32,15,49,34,74,58,-8,10292,29,48,62,75,82
20150128 20:25,16,37,29,32,17,61,34,74,58,-8,10293,29,48,62,75,82
20150128 20:26,17,36,27,32,17,52,33,74,57,-9,10293,29,48,62,75,82
20150128 20:27,19,35,24,32,20,50,33,74,57,-9,10293,29,48,62,75,82
20150128 20:28,22,35,23,32,25,44,33,74,57,-9,10293,28,48,62,75,82
20150128 20:29,26,26,22,31,28,38,33,74,57,-9,10293,28,48,62,75,82
20150128 20:30,24,32,20,33,20,64,33,75,58,-7,10293,28,48,62,75,82
20150128 20:31,22,47,21,35,23,60,33,74,57,-9,10293,28,48,62,74,82
20150128 20:32,24,47,21,37,25,58,32,73,56,-12,10293,27,48,62,74,82
20150128 20:33,27,43,22,38,29,58,32,73,56,-12,10293,27,47,62,74,82
20150128 20:34,31,40,24,38,33,46,32,74,57,-10,10293,27,47,62,74,82
20150128 20:35,32,37,25,38,31,44,32,74,57,-10,10293,26,47,62,74,82
20150128 20:36,32,38,27,38,33,53,31,74,56,-11,10293,26,47,62,74,82
20150128 20:37,29,35,27,38,26,45,31,74,56,-11,10293,26,47,61,74,82
20150128 20:38,27,31,28,38,28,41,31,75,57,-9,10293,26,47,61,74,82
20150128 20:39,25,29,27,38,22,33,31,75,57,-9,10293,26,47,62,74,82
20150128 20:40,25,28,28,37,28,44,31,76,58,-7,10293,26,47,61,74,82
20150128 20:41,10,31,25,35,351,37,31,76,58,-7,10294,26,47,61,74,82
20150128 20:42,1,32,23,34,12,50,31,75,57,-9,10294,26,47,61,74,82
20150128 20:43,13,35,22,33,13,55,31,75,57,-9,10295,25,47,61,74,82
20150128 20:44,13,36,20,33,12,51,30,76,58,-8,10295,25,47,61,74,82
20150128 20:45,19,34,19,33,26,45,30,76,58,-8,10295,24,47,61,74,82
20150128 20:46,27,35,19,33,28,47,30,76,58,-8,10295,24,47,61,74,82
20150128 20:47,25,39,18,34,21,53,30,77,58,-6,10295,23,47,61,74,82
20150128 20:48,10,38,15,34,358,55,30,77,58,-6,10295,23,47,61,74,82
20150128 20:49,4,42,14,36,9,61,29,77,58,-7,10295,23,47,61,74,82
20150128 20:50,12,40,12,36,14,38,29,77,58,-7,10296,23,47,61,74,82
20150128 20:51,18,36,16,37,22,52,29,78,59,-6,10296,23,47,61,74,82
20150128 20:52,23,40,17,38,24,51,29,78,59,-6,10296,23,47,61,74,82
20150128 20:53,30,39,19,38,36,49,28,78,58,-6,10295,23,47,61,74,82
20150128 20:54,35,35,21,38,34,40,28,79,59,-5,10295,23,46,61,74,82
20150128 20:55,24,33,20,38,15,42,28,79,59,-5,10295,23,46,61,74,82
20150128 20:56,18,31,19,37,21,39,28,79,59,-5,10294,23,46,61,74,82
20150128 20:57,21,29,19,36,20,50,28,79,59,-5,10294,23,46,61,74,82
20150128 20:58,16,28,21,35,12,40,28,79,59,-5,10295,23,46,61,74,82
20150128 20:59,16,33,22,34,19,54,28,79,59,-5,10295,22,46,61,74,82
20150128 21:00,25,36,23,34,30,52,28,79,59,-5,10296,22,46,61,74,82
20150128 21:01,32,30,24,33,33,38,28,79,59,-5,10296,22,46,61,74,82
20150128 21:02,28,35,24,33,23,67,28,80,60,-3,10296,23,46,61,74,82
20150128 21:03,19,38,22,32,15,41,27,79,59,-6,10296,22,46,61,74,82
20150128 21:04,14,25,20,31,12,25,27,79,59,-6,10295,23,46,61,74,82
20150128 21:05,20,22,21,30,28,34,27,79,59,-6,10295,23,46,61,74,82
20150128 21:06,32,23,23,29,37,31,27,79,59,-6,10295,23,46,61,74,82
20150128 21:07,30,25,23,30,24,37,27,79,59,-6,10295,23,46,61,74,82
20150128 21:08,7,31,21,30,350,41,27,79,59,-6,10296,23,46,60,74,82
20150128 21:09,353,35,19,30,356,52,27,80,59,-4,10296,23,46,60,73,82
20150128 21:10,1,34,17,30,7,46,27,79,59,-6,10296,23,46,60,73,82
20150128 21:11,12,29,15,30,17,35,27,79,59,-6,10296,23,46,60,73,81
20150128 21:12,11,21,13,27,6,24,27,79,59,-6,10295,23,46,60,73,81
20150128 21:13,3,16,12,25,0,29,27,80,59,-4,10295,23,46,60,73,81
20150128 21:14,8,14,12,25,17,17,27,80,59,-4,10295,23,46,60,73,81
20150128 21:15,15,16,11,24,12,27,27,80,59,-4,10295,24,46,60,73,81
20150128 21:16,11,20,8,24,9,28,27,81,60,-2,10295,24,46,60,73,81
20150128 21:17,11,20,7,23,12,27,27,80,59,-4,10295,24,46,60,73,81
20150128 21:18,15,20,10,22,19,24,27,80,59,-4,10295,24,46,60,73,81
20150128 21:19,25,20,13,20,31,24,27,80,59,-4,10295,24,46,60,73,81
20150128 21:20,26,22,14,20,21,30,27,81,60,-2,10295,24,45,60,73,81
20150128 21:21,20,21,15,19,20,23,27,80,59,-4,10295,24,45,60,73,81
20150128 21:22,7,19,14,19,354,25,27,80,59,-4,10296,24,45,60,73,81
20150128 21:23,359,21,14,20,5,26,27,80,59,-4,10296,24,45,60,73,81
20150128 21:24,358,26,12,21,352,38,27,80,59,-4,10296,24,45,60,73,81
20150128 21:25,356,25,10,21,1,26,27,80,59,-4,10296,23,45,60,73,81
20150128 21:26,357,24,9,22,354,44,27,81,60,-2,10295,23,45,60,73,81
20150128 21:27,7,24,10,22,20,23,27,81,60,-2,10294,23,45,60,73,81
20150128 21:28,23,17,10,22,26,20,27,81,60,-2,10294,23,45,60,73,81
20150128 21:29,23,17,9,21,21,29,27,81,60,-2,10294,23,45,60,73,81
20150128 21:30,24,20,10,21,26,27,27,81,60,-2,10294,24,45,60,73,81
20150128 21:31,23,21,10,22,21,32,27,81,60,-2,10294,24,45,60,73,81
20150128 21:32,24,21,13,22,27,27,27,81,60,-2,10293,24,45,60,73,81
20150128 21:33,29,23,16,22,31,37,27,81,60,-2,10292,24,45,60,73,81
20150128 21:34,30,24,20,21,29,31,27,81,60,-2,10292,24,45,60,73,81
20150128 21:35,30,27,23,22,31,49,26,81,60,-3,10292,24,45,60,73,81
20150128 21:36,31,29,26,22,31,39,26,81,60,-3,10292,24,45,60,73,81
20150128 21:37,32,36,28,25,32,60,26,80,59,-5,10292,24,45,59,73,81
20150128 21:38,28,40,27,27,25,59,26,80,59,-5,10292,23,45,59,73,81
20150128 21:39,26,29,28,27,28,30,26,80,59,-5,10292,23,45,59,73,81
20150128 21:40,27,25,28,28,25,34,26,80,59,-5,10292,23,45,59,73,81
20150128 21:41,19,29,27,29,13,41,26,80,59,-5,10292,23,45,59,73,81
20150128 21:42,26,29,28,29,39,37,26,80,59,-5,10292,23,45,59,73,81
20150128 21:43,32,25,28,29,25,33,26,80,59,-5,10292,23,45,59,73,81
20150128 21:44,26,27,28,30,27,37,26,80,59,-5,10293,23,45,59,73,81
20150128 21:45,33,32,28,30,39,44,26,80,59,-5,10293,23,45,59,73,81
20150128 21:46,23,24,26,29,7,24,26,80,59,-5,10294,23,45,59,72,81
20150128 21:47,12,14,25,26,18,31,26,81,60,-3,10294,24,45,59,72,81
20150128 21:48,19,19,24,25,20,34,26,81,60,-3,10294,24,45,59,72,81
20150128 21:49,16,24,22,25,11,33,26,81,60,-3,10295,24,45,59,72,81
20150128 21:50,6,24,20,25,1,49,26,81,60,-3,10295,24,45,59,72,81
20150128 21:51,2,36,19,26,3,77,26,81,60,-3,10295,23,45,59,72,81
20150128 21:52,12,45,17,28,21,73,26,81,60,-3,10295,22,45,59,72,81
20150128 21:53,20,43,17,30,19,56,26,81,60,-3,10295,21,45,59,72,81
20150128 21:54,15,43,15,31,11,55,25,81,59,-4,10295,21,45,59,72,81
20150128 21:55,18,43,14,32,26,56,25,81,59,-4,10294,21,45,59,72,81
20150128 21:56,22,39,15,34,18,51,24,82,60,-4,10295,19,45,59,72,81
20150128 21:57,23,40,16,37,28,56,24,82,60,-4,10295,19,45,59,72,81
20150128 21:58,29,35,17,37,30,36,24,83,60,-2,10295,19,45,59,72,81
20150128 21:59,28,28,18,38,26,38,23,83,60,-3,10295,20,45,59,72,81
20150128 22:00,22,26,20,38,18,32,23,84,61,-1,10295,20,45,59,72,81
20150128 22:01,27,25,23,36,36,41,23,84,61,-1,10294,20,45,59,72,81
20150128 22:02,26,26,23,34,15,32,23,84,61,-1,10294,21,45,59,72,81
20150128 22:03,17,24,23,32,19,40,23,85,61,0,10294,20,44,59,72,80
20150128 22:04,24,23,24,30,29,32,22,85,61,-1,10293,20,44,59,72,80
20150128 22:05,28,27,25,29,28,42,22,85,61,-1,10293,20,44,59,72,80
20150128 22:06,28,27,26,28,27,35,22,85,61,-1,10293,19,44,59,72,80
20150128 22:07,24,23,25,26,20,32,22,86,62,1,10294,19,44,59,72,80
20150128 22:08,22,30,24,26,24,47,21,86,61,0,10294,19,44,59,72,80
20150128 22:09,14,32,22,26,5,46,21,86,61,0,10294,18,44,59,72,80
20150128 22:10,3,30,21,27,2,48,21,86,61,0,10294,18,44,59,72,80
20150128 22:11,16,31,20,28,30,47,20,86,61,-1,10294,17,44,59,72,80
20150128 22:12,24,24,20,27,18,24,20,86,61,-1,10295,18,44,58,72,80
20150128 22:13,18,25,20,28,18,50,20,86,61,-1,10295,18,44,58,72,80
20150128 22:14,18,31,19,28,17,38,20,87,61,1,10295,18,44,58,72,80
20150128 22:15,17,34,18,29,17,50,20,87,61,1,10295,18,44,58,72,80
20150128 22:16,18,38,17,31,18,50,20,87,61,1,10295,18,44,58,72,80
20150128 22:17,20,36,17,32,21,44,19,87,61,0,10295,18,44,58,72,80
20150128 22:18,19,29,16,31,18,34,19,87,61,0,10295,18,44,58,72,80
20150128 22:19,17,25,18,30,17,34,19,87,61,0,10295,19,43,58,72,80
20150128 22:20,17,23,19,29,17,34,19,87,61,0,10295,19,43,58,72,80
20150128 22:21,25,26,19,29,33,41,19,87,61,0,10294,19,43,58,72,80
20150128 22:22,31,29,20,30,29,37,19,88,62,1,10294,19,43,58,72,80
20150128 22:23,29,35,22,31,29,49,19,88,62,1,10294,19,43,58,72,80
20150128 22:24,30,35,23,31,30,40,19,88,62,1,10293,19,43,58,72,80
20150128 22:25,26,29,23,30,23,50,18,87,60,-1,10293,18,43,58,72,80
20150128 22:26,19,29,23,29,15,48,18,88,61,0,10293,18,43,58,71,80
20150128 22:27,19,29,23,29,23,41,18,88,61,0,10294,19,43,58,71,80
20150128 22:28,23,30,24,30,23,40,18,88,61,0,10294,19,43,58,71,80
20150128 22:29,16,30,23,30,8,32,18,88,61,0,10294,19,43,58,71,80
20150128 22:30,23,25,25,30,38,35,18,88,61,0,10293,19,43,58,71,80
20150128 22:31,29,24,24,29,20,32,18,88,61,0,10293,19,43,58,71,80
20150128 22:32,12,20,21,28,4,20,18,88,61,0,10293,19,43,58,71,80
20150128 22:33,15,17,21,26,26,26,18,88,61,0,10292,20,43,58,71,80
20150128 22:34,24,17,20,24,23,22,18,89,62,2,10292,20,43,58,71,80
20150128 22:35,6,17,17,23,349,27,18,89,62,2,10292,20,43,58,71,80
20150128 22:36,353,21,15,23,357,33,18,89,62,2,10292,20,43,58,71,80
20150128 22:37,356,23,12,22,355,27,18,89,62,2,10292,19,43,58,71,80
20150128 22:38,0,21,10,21,5,28,18,89,62,2,10292,20,43,58,71,80
20150128 22:39,359,20,9,20,353,28,18,89,62,2,10292,20,43,58,71,80
20150128 22:40,352,20,4,20,351,25,17,89,61,1,10292,19,43,58,71,80
20150128 22:41,348,22,1,20,346,36,17,89,61,1,10292,19,43,58,71,80
20150128 22:42,354,27,1,21,3,42,17,90,62,2,10292,18,43,58,71,80
20150128 22:43,0,26,358,22,358,31,17,90,62,2,10292,18,43,57,71,80
20150128 22:44,3,22,356,22,7,30,17,90,62,2,10292,18,42,57,71,80
20150128 22:45,13,20,359,22,20,22,17,90,62,2,10293,18,42,57,71,80
20150128 22:46,18,18,1,22,16,23,17,90,62,2,10293,18,42,57,71,80
20150128 22:47,6,18,1,21,356,23,17,90,62,2,10293,18,42,57,71,80
20150128 22:48,3,21,2,22,9,33,16,90,62,1,10293,18,42,57,71,80
20150128 22:49,3,27,2,23,356,38,16,90,62,1,10292,18,42,57,71,80
20150128 22:50,357,27,3,23,358,33,16,90,62,1,10291,17,42,57,71,80
20150128 22:51,6,21,6,22,15,23,16,90,62,1,10291,17,42,57,71,80
20150128 22:52,21,16,8,21,27,21,16,91,62,3,10291,17,42,57,71,80
20150128 22:53,17,15,9,20,6,18,16,91,62,3,10292,17,42,57,71,80
20150128 22:54,14,13,10,19,20,21,16,91,62,3,10292,18,42,57,71,79
20150128 22:55,12,17,9,19,3,25,16,91,62,3,10292,18,42,57,71,80
20150128 22:56,357,24,6,20,351,45,15,91,62,2,10292,18,42,57,71,79
20150128 22:57,359,26,7,21,7,30,15,91,62,2,10293,17,42,57,71,79
20150128 22:58,2,25,6,21,357,39,15,91,62,2,10293,17,42,57,71,79
20150128 22:59,357,24,6,20,356,28,15,91,62,2,10293,16,42,57,71,79
20150128 23:00,358,22,6,20,0,31,15,91,62,2,10292,16,42,57,71,79
20150128 23:01,357,21,4,20,353,29,15,91,62,2,10292,17,42,57,71,79
20150128 23:02,357,19,1,21,1,24,15,91,62,2,10292,17,42,57,71,79
20150128 23:03,7,25,2,23,12,46,15,91,62,2,10292,17,42,57,71,79
20150128 23:04,14,30,2,24,16,37,15,91,62,2,10292,16,42,57,71,79
20150128 23:05,1,21,0,24,347,20,15,91,62,2,10292,16,42,57,70,79
20150128 23:06,0,16,2,22,13,26,15,91,62,2,10292,16,42,57,70,79
20150128 23:07,2,16,1,22,351,25,15,91,62,2,10291,17,41,57,70,79
20150128 23:08,352,17,0,21,352,28,15,91,62,2,10291,17,41,57,70,79
20150128 23:09,358,19,1,21,4,28,15,91,62,2,10291,16,41,57,70,79
20150128 23:10,0,21,0,20,356,36,15,91,62,2,10292,17,41,57,70,79
20150128 23:11,351,25,0,21,346,34,15,91,62,2,10293,16,41,57,70,79
20150128 23:12,351,31,359,23,356,45,15,91,62,2,10293,15,41,57,70,79
20150128 23:13,357,32,358,23,357,46,15,91,62,2,10292,16,41,56,70,79
20150128 23:14,359,30,356,23,1,45,15,91,62,2,10291,15,41,56,70,79
20150128 23:15,358,26,357,24,356,31,15,91,62,2,10292,16,41,56,70,79
20150128 23:16,352,27,355,25,349,37,14,91,61,1,10293,16,41,56,70,79
20150128 23:17,356,26,356,26,3,31,14,91,61,1,10294,16,41,56,70,79
20150128 23:18,0,22,357,26,357,28,14,91,61,1,10293,16,41,56,70,79
20150128 23:19,353,19,355,26,349,28,15,91,62,2,10291,16,41,56,70,79
20150128 23:20,0,22,356,26,11,42,14,91,61,1,10290,16,41,56,70,79
20150128 23:21,12,32,359,27,13,49,14,91,61,1,10290,16,41,56,70,79
20150128 23:22,356,30,357,26,338,34,14,91,61,1,10291,16,41,56,70,79
20150128 23:23,346,26,357,26,355,37,15,91,62,2,10292,16,41,56,70,79
20150128 23:24,345,34,355,27,335,52,15,91,62,2,10293,16,41,56,70,79
20150128 23:25,346,33,355,27,357,38,15,91,62,2,10293,16,41,56,70,79
20150128 23:26,2,24,356,26,6,30,15,91,62,2,10293,16,41,56,70,79
20150128 23:27,4,24,356,27,1,36,15,91,62,2,10293,17,41,56,70,79
20150128 23:28,0,25,356,27,359,27,15,91,62,2,10293,17,41,56,70,79
20150128 23:29,351,22,356,28,343,27,15,91,62,2,10293,17,41,56,70,79
20150128 23:30,359,25,356,28,14,52,15,91,62,2,10293,18,40,56,70,79
20150128 23:31,11,29,356,27,8,33,15,91,62,2,10293,17,40,56,70,79
20150128 23:32,4,25,358,27,0,29,15,91,62,2,10293,17,40,56,70,79
20150128 23:33,356,24,358,27,352,39,15,91,62,2,10293,18,40,56,70,79
20150128 23:34,353,27,359,25,354,38,15,91,62,2,10293,18,40,56,70,79
20150128 23:35,358,27,0,25,3,39,15,91,62,2,10293,17,40,56,70,79
20150128 23:36,0,27,359,26,356,41,15,91,62,2,10293,18,40,56,70,79
20150128 23:37,5,25,0,25,14,32,15,91,62,2,10293,18,40,56,70,79
20150128 23:38,8,20,1,25,3,34,15,91,62,2,10293,18,40,56,70,79
20150128 23:39,10,23,4,25,16,33,15,91,62,2,10293,18,40,56,70,79
20150128 23:40,4,27,2,25,353,36,15,91,62,2,10293,18,40,56,70,79
20150128 23:41,355,29,1,25,358,39,15,91,62,2,10292,18,40,56,70,79
20150128 23:42,358,26,1,25,359,32,15,91,62,2,10291,18,40,55,70,79
20150128 23:43,358,19,1,24,356,29,15,91,62,2,10291,18,40,55,70,79
20150128 23:44,358,23,2,24,359,43,15,91,62,2,10291,18,40,55,69,79
20150128 23:45,355,30,1,25,352,42,15,91,62,2,10291,18,40,55,69,78
20150128 23:46,2,31,2,25,12,50,15,91,62,2,10291,18,40,55,69,79
20150128 23:47,11,28,2,26,10,51,15,91,62,2,10290,18,40,55,69,78
20150128 23:48,7,28,2,27,3,51,15,91,62,2,10291,18,40,55,69,78
20150128 23:49,351,28,358,27,338,34,15,91,62,2,10291,18,40,55,69,78
20150128 23:50,346,28,358,27,353,45,15,91,62,2,10291,18,40,55,69,78
20150128 23:51,352,29,357,27,351,46,16,91,62,3,10292,18,40,55,69,78
20150128 23:52,351,32,357,28,351,50,16,91,62,3,10292,18,40,55,69,78
20150128 23:53,354,33,357,30,356,43,16,91,62,3,10293,18,40,55,69,78
20150128 23:54,356,32,356,30,355,49,16,91,62,3,10292,18,40,55,69,78
20150128 23:55,353,29,356,30,351,30,16,91,62,3,10292,18,40,55,69,78
20150128 23:56,352,25,354,29,354,40,16,91,62,3,10292,18,40,55,69,78
20150128 23:57,355,25,353,29,355,37,16,91,62,3,10292,18,40,55,69,78
20150128 23:58,5,28,354,29,14,47,16,91,62,3,10292,18,40,55,69,78
20150128 23:59,5,34,356,30,357,48,16,91,62,3,10292,18,40,55,69,78
20150128 00:00,351,33,355,30,346,39,16,91,62,3,10291,18,40,55,69,78
20150128 00:01,357,28,357,30,9,45,16,91,62,3,10291,18,40,55,69,78
20150128 00:02,2,33,357,30,355,59,16,91,62,3,10291,18,40,55,69,78
20150128 00:03,357,38,357,31,359,53,16,91,62,3,10291,18,40,55,69,78
20150128 00:04,5,29,359,30,12,31,16,91,62,3,10291,18,40,55,69,78
20150128 00:05,18,22,2,30,23,44,16,91,62,3,10291,19,40,55,69,78
20150128 00:06,11,23,3,29,358,39,16,91,62,3,10291,19,40,55,69,78
20150128 00:07,0,20,3,29,1,33,16,91,62,3,10292,19,40,55,69,78
20150128 00:08,357,22,1,28,354,34,16,91,62,3,10292,19,40,55,69,78
20150128 00:09,350,24,0,27,346,33,16,91,62,3,10292,19,40,55,69,78
20150128 00:10,346,23,0,26,347,31,16,91,62,3,10291,20,40,55,69,78
20150128 00:11,349,25,359,26,351,36,16,91,62,3,10292,20,40,55,69,78
20150128 00:12,348,31,358,26,345,49,17,91,63,4,10292,19,40,55,69,78
20150128 00:13,357,32,359,25,9,46,17,91,63,4,10292,19,40,55,69,78
20150128 00:14,5,27,357,25,0,35,17,91,63,4,10292,19,40,55,69,78
20150128 00:15,354,25,354,25,348,38,17,91,63,4,10292,19,40,54,69,78
20150128 00:16,356,25,354,26,4,32,17,91,63,4,10292,19,39,54,69,78
20150128 00:17,352,25,352,26,340,33,17,91,63,4,10291,19,39,54,69,78
20150128 00:18,344,25,352,26,348,33,17,91,63,4,10291,18,39,54,69,78
20150128 00:19,343,29,351,27,339,43,17,91,63,4,10291,18,39,54,69,78
20150128 00:20,347,28,352,27,354,31,17,91,63,4,10291,18,39,54,69,78
20150128 00:21,351,22,351,27,347,47,17,91,63,4,10291,18,39,54,69,78
20150128 00:22,347,31,352,27,347,49,17,91,63,4,10291,18,39,54,69,78
20150128 00:23,347,35,349,27,348,43,17,91,63,4,10290,18,39,54,69,78
20150128 00:24,1,27,351,27,14,37,17,91,63,4,10291,18,39,54,69,78
20150128 00:25,11,26,353,27,9,33,16,91,62,3,10290,18,39,54,68,78
20150128 00:26,8,30,353,28,6,49,16,91,62,3,10291,18,39,54,68,78
20150128 00:27,2,33,355,29,358,44,16,91,62,3,10291,18,39,54,68,78
20150128 00:28,1,32,357,30,4,42,16,91,62,3,10291,18,39,54,68,78
20150128 00:29,3,29,359,29,2,36,16,91,62,3,10291,18,39,54,68,78
20150128 00:30,355,24,358,29,348,37,16,91,62,3,10291,18,39,54,68,78
20150128 00:31,350,27,359,30,352,42,16,91,62,3,10291,18,39,54,68,78
20150128 00:32,356,26,0,28,359,30,16,91,62,3,10291,17,39,54,68,78
20150128 00:33,353,23,0,27,347,37,16,91,62,3,10291,17,39,54,68,78
20150128 00:34,343,26,357,28,340,39,16,91,62,3,10292,18,39,54,68,78
20150128 00:35,355,25,357,27,10,28,16,91,62,3,10291,17,39,54,68,78
20150128 00:36,1,22,355,26,351,29,16,91,62,3,10291,18,39,54,68,77
20150128 00:37,349,26,354,26,346,39,16,91,62,3,10291,18,39,54,68,77
20150128 00:38,353,26,353,25,0,31,16,92,63,4,10291,17,39,54,68,77
20150128 00:39,4,24,354,25,7,45,16,92,63,4,10291,18,39,54,68,77
20150128 00:40,4,28,355,26,2,40,16,92,63,4,10291,17,39,54,68,77
20150128 00:41,357,27,356,25,353,34,16,92,63,4,10291,17,39,54,68,77
20150128 00:42,356,26,356,26,359,40,16,92,63,4,10291,16,39,54,68,77
20150128 00:43,0,30,357,27,0,43,16,92,63,4,10291,16,39,54,68,77
20150128 00:44,356,29,358,26,352,40,15,92,63,3,10291,16,39,54,68,77
20150128 00:45,357,29,357,28,1,40,15,92,63,3,10291,16,39,54,68,77
20150128 00:46,1,30,358,28,1,36,15,92,63,3,10291,16,39,54,68,77
20150128 00:47,9,24,1,27,17,32,15,92,63,3,10291,16,39,54,68,77
20150128 00:48,359,28,359,28,341,52,15,92,63,3,10291,17,39,54,68,77
20150128 00:49,343,30,357,28,345,41,15,92,63,3,10291,16,39,54,68,77
20150128 00:50,355,27,357,28,5,44,15,92,63,3,10291,16,39,54,68,77
20150128 00:51,0,32,358,29,355,45,15,92,63,3,10291,16,39,54,68,77
20150128 00:52,359,32,358,29,3,36,15,92,63,3,10291,16,39,54,68,77
20150128 00:53,1,28,358,29,0,43,15,92,63,3,10291,16,39,54,68,77
20150128 00:54,355,27,358,29,351,47,15,92,63,3,10291,16,39,54,68,77
20150128 00:55,0,22,359,27,9,24,15,92,63,3,10291,17,39,54,68,77
20150128 00:56,6,16,359,26,2,27,15,92,63,3,10291,17,39,54,68,77
20150128 00:57,355,21,356,27,349,40,15,93,63,5,10291,17,39,53,68,77
20150128 00:58,356,28,358,26,4,33,15,93,63,5,10292,16,39,53,68,77
20150128 00:59,3,31,0,27,1,54,15,93,63,5,10292,16,39,53,68,77
20150128 01:00,1,35,0,27,1,47,15,93,63,5,10292,16,39,53,68,77
20150128 01:01,358,32,0,27,355,39,15,92,63,3,10292,16,39,53,68,77
20150128 01:02,351,27,358,26,346,46,15,92,63,3,10292,16,39,53,68,77
20150128 01:03,354,29,358,27,3,38,15,92,63,3,10292,16,39,53,68,77
20150128 01:04,351,28,357,27,338,32,15,92,63,3,10292,17,38,53,67,77
20150128 01:05,351,22,356,27,4,23,15,92,63,3,10292,17,38,53,67,77
20150128 01:06,5,18,357,27,6,23,15,93,63,5,10292,17,38,53,67,77
20150128 01:07,354,23,356,27,341,39,15,93,63,5,10292,17,38,53,67,77
20150128 01:08,353,30,356,28,5,41,15,93,63,5,10293,17,38,53,67,77
20150128 01:09,3,24,356,26,1,24,15,93,63,5,10293,17,38,53,67,77
20150128 01:10,357,17,355,24,353,22,15,93,63,5,10292,17,38,53,67,77
20150128 01:11,347,18,354,23,339,29,15,93,63,5,10292,18,38,53,67,77
20150128 01:12,348,24,355,24,358,45,15,93,63,5,10292,18,38,53,67,77
20150128 01:13,352,33,353,24,346,43,15,93,63,5,10292,17,38,53,67,77
20150128 01:14,358,33,356,24,9,40,15,92,63,3,10292,17,38,53,67,77
20150128 01:15,4,23,356,24,0,23,15,92,63,3,10292,18,38,53,67,77
20150128 01:16,359,16,355,24,357,19,15,92,63,3,10292,18,38,53,67,77
20150128 01:17,0,20,357,24,3,40,15,92,63,3,10292,18,38,53,67,77
20150128 01:18,5,28,357,24,7,39,15,92,63,3,10292,18,38,53,67,77
20150128 01:19,11,24,359,24,15,28,16,92,63,4,10292,18,38,53,67,77
20150128 01:20,13,17,1,23,11,19,16,92,63,4,10292,18,38,53,67,77
20150128 01:21,5,14,3,23,359,19,16,92,63,4,10292,18,38,53,67,77
20150128 01:22,2,12,3,21,6,15,16,92,63,4,10292,19,38,53,67,77
20150128 01:23,5,12,5,19,3,16,16,92,63,4,10291,19,38,53,67,77
20150128 01:24,0,15,4,18,357,26,16,92,63,4,10291,20,38,53,67,77
20150128 01:25,355,18,3,18,353,24,16,92,63,4,10291,19,38,53,67,77
20150128 01:26,355,20,3,18,357,33,16,92,63,4,10290,19,38,53,67,77
20150128 01:27,4,19,4,18,10,25,16,92,63,4,10290,19,38,53,67,77
20150128 01:28,10,18,4,16,10,25,16,92,63,4,10290,19,38,53,67,77
20150128 01:29,10,19,4,17,10,31,16,92,63,4,10290,19,38,53,67,77
20150128 01:30,3,21,2,17,356,29,16,92,63,4,10290,19,38,53,67,76
20150128 01:31,8,18,4,17,19,19,16,92,63,4,10291,19,38,53,67,76
20150128 01:32,12,17,4,18,6,31,16,92,63,4,10291,19,38,53,67,76
20150128 01:33,359,26,3,20,352,48,16,92,63,4,10291,19,38,53,67,76
20150128 01:34,357,25,4,20,3,22,16,92,63,4,10291,19,38,53,67,76
20150128 01:35,8,17,6,20,14,23,16,92,63,4,10291,19,38,53,67,76
20150128 01:36,6,14,6,19,359,32,16,92,63,4,10291,19,38,53,67,76
20150128 01:37,12,18,7,20,25,33,16,92,63,4,10292,19,38,53,67,76
20150128 01:38,13,20,6,19,0,25,16,91,62,3,10291,19,38,53,67,76
20150128 01:39,6,17,7,19,12,22,17,91,63,4,10291,19,38,52,67,76
20150128 01:40,1,20,6,19,351,32,17,91,63,4,10291,20,38,53,67,76
20150128 01:41,354,23,4,20,356,29,17,91,63,4,10291,20,38,52,67,76
20150128 01:42,354,23,2,20,351,31,17,91,63,4,10292,20,38,52,67,76
20150128 01:43,354,21,3,19,356,24,17,91,63,4,10291,20,38,52,67,76
20150128 01:44,0,20,3,19,3,32,17,91,63,4,10291,20,38,52,67,76
20150128 01:45,6,22,2,20,8,33,17,91,63,4,10291,20,38,52,67,76
20150128 01:46,11,17,4,20,15,20,17,91,63,4,10291,20,38,52,67,76
20150128 01:47,18,15,3,19,21,24,17,91,63,4,10291,20,38,52,67,76
20150128 01:48,20,17,5,20,18,22,17,91,63,4,10291,20,38,52,67,76
20150128 01:49,1,17,2,19,343,23,17,91,63,4,10291,20,38,52,66,76
20150128 01:50,351,14,3,18,0,16,18,91,63,5,10291,20,38,52,66,76
20150128 01:51,355,15,2,18,350,28,18,91,63,5,10291,21,38,52,66,76
20150128 01:52,354,23,3,18,357,36,18,91,63,5,10291,21,38,52,66,76
20150128 01:53,7,23,5,18,16,27,18,90,63,3,10291,20,38,52,66,76
20150128 01:54,7,20,5,18,357,33,18,90,63,3,10291,21,38,52,66,76
20150128 01:55,358,23,3,19,358,33,18,90,63,3,10292,21,38,52,66,76
20150128 01:56,2,28,3,21,6,41,19,90,63,4,10292,20,38,52,66,76
20150128 01:57,353,31,359,22,341,43,19,89,62,3,10293,20,38,52,66,76
20150128 01:58,354,22,358,22,7,24,19,89,62,3,10293,20,38,52,66,76
20150128 01:59,4,19,359,22,0,42,19,89,62,3,10293,20,38,52,66,76
20150128 02:00,355,25,358,24,349,37,19,89,62,3,10293,20,38,52,66,76
20150128 02:01,351,28,358,25,353,41,20,89,63,4,10293,20,38,52,66,76
20150128 02:02,357,26,359,24,1,28,20,89,63,4,10293,20,38,52,66,76
20150128 02:03,3,22,358,25,4,36,20,88,62,2,10292,21,38,52,66,76
20150128 02:04,3,23,358,25,2,41,20,88,62,2,10292,21,38,52,66,76
20150128 02:05,359,23,358,25,356,39,20,88,62,2,10292,21,38,52,66,76
20150128 02:06,359,30,358,25,3,50,21,87,62,2,10293,21,38,52,66,76
20150128 02:07,0,28,359,24,356,32,21,87,62,2,10293,21,38,52,66,76
20150128 02:08,354,23,358,25,352,41,21,87,62,2,10293,21,38,52,66,76
20150128 02:09,356,29,358,26,0,42,21,87,62,2,10293,21,38,52,66,76
20150128 02:10,359,29,359,26,358,36,22,86,62,1,10293,21,38,52,66,76
20150128 02:11,1,25,0,26,5,38,22,86,62,1,10292,21,38,52,66,76
20150128 02:12,9,29,1,27,13,43,22,85,61,-1,10292,21,38,52,66,76
20150128 02:13,6,32,0,27,358,42,22,85,61,-1,10292,21,38,52,66,76
20150128 02:14,7,22,2,26,15,18,22,85,61,-1,10292,21,38,52,66,76
20150128 02:15,6,18,2,26,356,40,22,85,61,-1,10293,21,38,52,66,76
20150128 02:16,352,23,0,25,348,38,22,85,61,-1,10293,21,38,52,66,76
20150128 02:17,356,23,1,25,3,32,23,84,61,-1,10292,21,38,52,66,76
20150128 02:18,359,28,1,26,354,40,23,84,61,-1,10292,21,38,52,66,76
20150128 02:19,356,28,1,25,357,41,23,84,61,-1,10292,21,38,52,66,76
20150128 02:20,0,24,1,25,2,32,23,84,61,-1,10292,21,38,52,66,76
20150128 02:21,7,23,2,25,13,27,23,84,61,-1,10292,21,38,52,66,75
20150128 02:22,9,19,1,23,5,25,23,84,61,-1,10292,21,38,52,66,75
20150128 02:23,1,16,1,22,357,23,23,83,60,-3,10292,21,38,52,66,75
20150128 02:24,2,18,0,23,7,26,23,83,60,-3,10292,21,38,52,66,75
20150128 02:25,3,18,0,22,359,17,23,83,60,-3,10292,21,38,52,66,75
20150128 02:26,4,11,3,20,9,15,23,83,60,-3,10292,22,38,52,66,75
20150128 02:27,355,10,1,19,342,19,23,83,60,-3,10292,22,38,52,66,75
20150128 02:28,351,18,1,18,0,37,24,83,60,-2,10292,21,38,52,66,75
20150128 02:29,2,20,2,18,4,29,24,83,60,-2,10292,21,38,52,66,75
20150128 02:30,15,15,4,16,27,17,24,83,60,-2,10292,22,38,52,66,75
20150128 02:31,21,15,5,16,16,28,24,83,60,-2,10292,22,38,52,66,75
20150128 02:32,15,23,6,17,14,36,24,83,60,-2,10291,22,38,52,66,75
20150128 02:33,16,24,8,18,18,31,24,82,60,-4,10291,22,38,52,66,75
20150128 02:34,19,19,9,17,19,26,24,81,59,-5,10291,22,38,52,66,75
20150128 02:35,13,20,10,18,8,32,24,81,59,-5,10290,22,38,52,66,75
20150128 02:36,8,20,10,19,8,27,24,81,59,-5,10290,22,38,52,66,75
20150128 02:37,12,23,13,21,16,36,25,81,59,-4,10290,22,38,52,66,75
20150128 02:38,11,26,14,21,6,39,25,80,58,-6,10290,22,38,52,65,75
20150128 02:39,7,32,14,23,7,58,25,80,58,-6,10289,21,38,52,65,75
20150128 02:40,11,35,13,25,15,51,25,80,58,-6,10290,21,38,52,65,75
20150128 02:41,10,32,12,26,6,41,25,79,58,-8,10290,21,38,52,65,75
20150128 02:42,10,26,12,25,13,29,25,79,58,-8,10290,21,38,52,65,75
20150128 02:43,21,27,13,27,28,47,25,79,58,-8,10291,21,38,52,65,75
20150128 02:44,24,26,13,27,20,28,25,79,58,-8,10291,21,38,52,65,75
20150128 02:45,12,18,12,26,5,38,25,79,58,-8,10291,21,38,52,65,75
20150128 02:46,12,23,13,27,19,35,26,79,58,-7,10291,21,38,52,65,75
20150128 02:47,17,25,13,27,16,32,26,78,57,-8,10291,21,38,51,65,75
20150128 02:48,8,20,13,26,1,21,26,78,57,-8,10291,22,38,52,65,75
20150128 02:49,21,17,16,24,41,32,26,79,58,-7,10291,22,38,52,65,75
20150128 02:50,23,23,15,24,5,41,26,79,58,-7,10291,22,38,52,65,75
20150128 02:51,12,28,17,23,19,35,26,79,58,-7,10291,21,38,51,65,75
20150128 02:52,20,27,18,24,22,41,26,78,57,-8,10291,21,38,51,65,75
20150128 02:53,10,30,14,24,357,64,26,78,57,-8,10292,21,38,51,65,75
20150128 02:54,354,34,12,25,351,68,26,78,57,-8,10292,21,38,51,65,75
20150128 02:55,0,33,12,27,8,39,26,77,57,-10,10292,21,38,51,65,75
20150128 02:56,13,35,12,28,19,50,26,77,57,-10,10292,21,38,51,65,75
20150128 02:57,7,29,9,27,353,31,26,77,57,-10,10292,21,38,51,65,75
20150128 02:58,356,21,9,28,358,40,26,77,57,-10,10292,21,38,51,65,75
20150128 02:59,5,25,6,29,12,37,27,77,57,-9,10292,21,38,51,65,75
20150128 03:00,10,23,7,28,9,26,26,77,57,-10,10292,21,38,51,65,75
20150128 03:01,10,23,6,28,11,32,27,77,57,-9,10292,21,38,51,65,75
20150128 03:02,15,24,6,27,20,33,27,77,57,-9,10293,22,38,51,65,75
20150128 03:03,0,19,4,26,340,29,27,77,57,-9,10293,22,38,51,65,75
20150128 03:04,354,16,6,24,8,26,27,77,57,-9,10293,22,38,51,65,75
20150128 03:05,8,18,6,23,7,29,27,77,57,-9,10293,22,38,51,65,75
20150128 03:06,4,20,4,21,1,25,27,77,57,-9,10293,22,38,51,65,75
20150128 03:07,4,22,5,21,7,47,27,78,58,-7,10293,22,38,51,65,75
20150128 03:08,9,31,7,23,12,49,27,78,58,-7,10293,22,38,51,65,75
20150128 03:09,10,31,6,23,8,38,27,77,57,-9,10294,22,38,51,65,75
20150128 03:10,15,23,8,23,21,28,27,77,57,-9,10294,22,38,51,65,75
20150128 03:11,7,22,6,23,352,37,27,77,57,-9,10295,22,38,51,65,75
20150128 03:12,6,23,6,22,20,36,27,78,58,-7,10294,22,38,51,65,75
20150128 03:13,11,23,8,23,2,32,27,77,57,-9,10294,22,38,51,65,75
20150128 03:14,5,23,8,24,8,51,27,77,57,-9,10294,22,38,51,65,75
20150128 03:15,15,29,9,25,22,51,27,77,57,-9,10294,22,38,51,65,75
20150128 03:16,18,34,11,27,14,43,27,76,56,-11,10294,22,38,51,65,75
20150128 03:17,6,29,10,27,357,30,27,76,56,-11,10294,22,38,51,65,75
20150128 03:18,9,21,10,25,20,26,27,76,56,-11,10294,22,38,51,65,74
20150128 03:19,11,16,10,24,2,24,27,76,56,-11,10294,22,38,51,65,74
20150128 03:20,0,21,7,25,357,46,27,76,56,-11,10294,22,38,51,65,74
20150128 03:21,1,31,9,26,4,55,27,76,56,-11,10294,22,38,51,65,74
20150128 03:22,359,28,6,26,353,37,27,76,56,-11,10294,22,38,51,65,74
20150128 03:23,4,20,7,25,15,28,27,76,56,-11,10294,22,38,51,65,74
20150128 03:24,9,21,7,25,3,41,27,76,56,-11,10294,22,38,51,65,74
20150128 03:25,1,26,4,24,359,36,27,76,56,-11,10293,22,38,51,65,74
20150128 03:26,5,22,4,23,11,23,27,76,56,-11,10293,22,38,51,65,74
20150128 03:27,16,22,6,23,20,34,27,76,56,-11,10293,22,38,51,65,74
20150128 03:28,21,25,7,24,22,33,27,76,56,-11,10292,22,38,51,65,74
20150128 03:29,21,33,8,26,20,60,27,76,56,-11,10292,22,38,51,65,74
20150128 03:30,17,35,10,27,14,41,27,75,56,-13,10292,22,38,51,65,74
20150128 03:31,6,22,10,24,359,23,27,75,56,-13,10292,22,38,51,65,74
20150128 03:32,7,17,12,24,15,36,27,75,56,-13,10292,22,38,51,65,74
20150128 03:33,8,25,11,25,2,42,27,75,56,-13,10292,22,38,51,65,74
20150128 03:34,5,29,11,26,8,45,27,75,56,-13,10292,22,38,51,65,74
20150128 03:35,5,33,11,27,2,46,27,75,56,-13,10292,22,38,51,65,74
20150128 03:36,3,37,11,28,5,43,27,74,55,-15,10292,22,38,51,65,74
20150128 03:37,11,29,10,28,18,33,28,74,55,-14,10292,22,38,51,65,74
20150128 03:38,13,20,9,27,8,28,27,75,56,-13,10292,22,38,51,64,74
20150128 03:39,10,26,8,27,13,51,27,75,56,-13,10292,22,38,51,64,74
20150128 03:40,10,35,8,27,6,51,28,75,56,-12,10291,22,38,51,64,74
20150128 03:41,12,32,9,29,18,42,27,74,55,-15,10291,22,38,51,64,74
20150128 03:42,16,28,9,30,13,44,28,74,55,-14,10291,22,38,51,64,74
20150128 03:43,11,34,10,31,9,72,28,74,55,-14,10292,22,38,51,64,74
20150128 03:44,17,41,12,32,24,51,28,74,55,-14,10292,22,38,51,64,74
20150128 03:45,24,43,14,33,25,57,28,73,55,-16,10292,22,38,51,64,74
20150128 03:46,21,42,15,33,17,48,28,73,55,-16,10292,22,38,51,64,74
20150128 03:47,9,41,13,35,2,56,28,73,55,-16,10292,22,38,51,64,74
20150128 03:48,4,36,13,36,6,46,28,73,55,-16,10291,22,38,51,64,74
20150128 03:49,9,29,13,36,11,36,28,73,55,-16,10291,22,37,51,64,74
20150128 03:50,14,28,14,35,17,49,28,73,55,-16,10290,22,37,51,64,74
20150128 03:51,16,29,14,35,15,42,28,73,55,-16,10290,22,37,51,64,74
20150128 03:52,23,36,16,37,30,55,28,73,55,-16,10289,22,37,51,64,74
20150128 03:53,22,34,16,35,14,45,28,73,55,-16,10289,22,37,51,64,74
20150128 03:54,13,27,15,34,12,38,28,74,55,-14,10289,22,37,51,64,74
20150128 03:55,14,28,14,32,16,49,28,74,55,-14,10289,22,37,51,64,74
20150128 03:56,22,31,15,32,28,57,28,74,55,-14,10289,22,37,51,64,74
20150128 03:57,18,38,16,31,8,58,28,73,55,-16,10289,22,37,51,64,74
20150128 03:58,13,32,17,31,18,36,28,73,55,-16,10289,22,37,51,64,74
20150128 03:59,17,25,17,31,17,33,28,73,55,-16,10289,22,37,51,64,74
20150128 04:00,21,26,18,31,25,33,28,74,55,-14,10289,22,37,51,64,74
20150128 04:01,19,29,18,31,12,47,28,74,55,-14,10289,22,37,51,64,74
20150128 04:02,9,28,16,29,6,34,28,73,55,-16,10288,22,37,51,64,74
20150128 04:03,16,27,17,29,27,39,28,73,55,-16,10288,22,37,51,64,74
20150128 04:04,19,27,17,29,12,37,28,74,55,-14,10288,22,37,51,64,74
20150128 04:05,15,25,17,29,19,34,28,74,55,-14,10288,22,37,51,64,74
20150128 04:06,22,21,17,27,25,20,28,74,55,-14,10288,22,37,50,64,74
20150128 04:07,20,20,18,25,14,35,28,74,55,-14,10288,22,37,50,64,74
20150128 04:08,6,25,16,25,358,37,28,74,55,-14,10288,22,37,50,64,74
20150128 04:09,12,26,17,25,27,38,28,74,55,-14,10288,22,37,50,64,74
20150128 04:10,13,23,14,25,359,52,28,74,55,-14,10287,22,37,50,64,74
20150128 04:11,2,32,13,26,4,58,28,74,55,-14,10287,22,37,50,64,74
20150128 04:12,16,39,15,27,28,55,28,74,55,-14,10287,22,37,50,64,74
20150128 04:13,22,40,14,28,17,55,28,74,55,-14,10287,22,37,50,64,74
20150128 04:14,17,39,15,29,17,53,28,73,55,-16,10287,22,37,50,64,74
20150128 04:15,20,29,15,29,22,30,28,73,55,-16,10287,22,37,50,64,74
20150128 04:16,19,22,14,30,16,39,28,74,55,-14,10287,22,37,50,64,74
20150128 04:17,16,29,14,31,15,50,28,74,55,-14,10287,22,37,50,64,74
20150128 04:18,16,34,16,31,18,44,28,74,55,-14,10287,22,37,50,64,73
20150128 04:19,23,37,16,33,27,52,28,74,55,-14,10287,22,37,50,64,74
20150128 04:20,22,35,18,34,16,38,28,73,55,-16,10287,22,37,50,64,73
20150128 04:21,20,28,20,33,24,43,28,73,55,-16,10287,22,37,50,64,73
20150128 04:22,21,39,19,34,19,66,28,73,55,-16,10287,22,37,50,64,73
20150128 04:23,19,52,19,35,18,65,28,73,55,-16,10286,22,37,50,64,73
20150128 04:24,19,47,19,36,20,63,28,72,54,-17,10286,21,37,50,64,73
20150128 04:25,10,37,17,37,0,49,28,72,54,-17,10286,21,37,50,64,73
20150128 04:26,7,31,17,38,15,43,28,72,54,-17,10286,21,37,50,64,73
20150128 04:27,24,28,19,37,33,38,28,73,55,-16,10286,21,37,50,64,73
20150128 04:28,27,34,19,37,21,55,28,74,55,-14,10286,21,37,50,64,73
20150128 04:29,22,39,19,37,23,49,28,73,55,-16,10286,21,37,50,64,73
20150128 04:30,26,34,20,37,28,39,28,73,55,-16,10286,21,37,50,64,73
20150128 04:31,27,26,20,37,25,36,28,73,55,-16,10287,21,37,50,64,73
20150128 04:32,15,20,19,34,6,20,28,73,55,-16,10287,21,37,50,64,73
20150128 04:33,10,23,19,31,14,54,28,74,55,-14,10287,22,37,50,64,73
20150128 04:34,14,30,18,30,13,40,28,73,55,-16,10286,22,37,50,64,73
20150128 04:35,22,27,21,29,31,32,28,73,55,-16,10286,22,37,50,64,73
20150128 04:36,30,31,22,30,30,51,28,74,55,-14,10286,22,37,50,64,73
20150128 04:37,24,44,21,32,18,62,28,73,55,-16,10286,21,37,50,64,73
20150128 04:38,20,41,21,31,21,47,28,72,54,-17,10286,21,37,50,64,73
20150128 04:39,18,33,20,31,14,49,28,72,54,-17,10285,21,36,50,64,73
20150128 04:40,19,34,20,31,24,47,28,72,54,-17,10285,21,37,50,64,73
20150128 04:41,23,36,19,32,22,42,28,72,54,-17,10285,21,36,50,64,73
20150128 04:42,25,37,22,34,29,54,28,72,54,-17,10285,21,36,50,64,73
20150128 04:43,29,36,23,35,29,47,28,72,54,-17,10285,21,36,50,63,73
20150128 04:44,24,30,24,35,18,39,28,73,55,-16,10286,21,36,50,63,73
20150128 04:45,22,23,23,34,26,37,28,73,55,-16,10286,21,36,50,63,73
20150128 04:46,23,25,22,33,20,43,28,73,55,-16,10286,21,36,50,63,73
20150128 04:47,22,33,23,32,24,57,28,74,55,-14,10286,21,36,50,63,73
20150128 04:48,21,39,22,33,17,53,28,73,55,-16,10286,22,36,50,63,73
20150128 04:49,24,34,24,32,32,48,28,73,55,-16,10285,22,36,50,63,73
20150128 04:50,27,36,24,33,23,57,28,73,55,-16,10285,21,36,50,63,73
20150128 04:51,23,43,24,34,22,69,28,72,54,-17,10285,21,36,50,63,73
20150128 04:52,19,45,23,35,16,60,28,73,55,-16,10285,21,36,50,63,73
20150128 04:53,16,43,21,35,15,50,28,72,54,-17,10285,21,36,50,63,73
20150128 04:54,20,33,22,35,25,39,28,72,54,-17,10285,21,36,50,63,73
20150128 04:55,23,27,22,36,22,37,28,72,54,-17,10285,21,36,50,63,73
20150128 04:56,23,35,22,37,25,62,28,73,55,-16,10285,21,36,50,63,73
20150128 04:57,21,42,21,38,17,53,28,73,55,-16,10285,21,36,50,63,73
20150128 04:58,20,35,22,37,23,40,28,73,55,-16,10286,21,36,50,63,73
20150128 04:59,26,28,22,36,28,33,28,73,55,-16,10285,21,36,50,63,73
20150128 05:00,26,27,22,35,23,35,28,73,55,-16,10285,21,36,50,63,73
20150128 05:01,27,30,23,34,31,44,28,73,55,-16,10285,22,36,50,63,73
20150128 05:02,20,31,22,32,9,40,28,73,55,-16,10286,22,36,50,63,73
20150128 05:03,20,32,23,32,31,41,28,73,55,-16,10286,22,36,50,63,73
20150128 05:04,28,29,23,32,25,37,28,73,55,-16,10286,21,36,50,63,73
20150128 05:05,25,26,24,31,26,35,28,73,55,-16,10287,22,36,50,63,73
20150128 05:06,23,26,23,30,20,38,28,73,55,-16,10287,22,36,50,63,73
20150128 05:07,15,23,23,28,9,29,28,74,55,-14,10287,22,36,49,63,73
20150128 05:08,17,27,23,28,24,50,28,74,55,-14,10287,22,36,49,63,73
20150128 05:09,23,31,22,28,22,40,28,73,55,-16,10287,22,36,49,63,73
20150128 05:10,20,26,22,28,19,30,28,73,55,-16,10287,22,36,49,63,73
20150128 05:11,23,27,21,28,27,41,28,73,55,-16,10287,22,36,49,63,73
20150128 05:12,17,31,21,28,6,38,28,73,55,-16,10286,22,36,49,63,73
20150128 05:13,18,28,21,27,30,34,28,73,55,-16,10285,22,36,49,63,73
20150128 05:14,23,27,20,27,16,40,28,73,55,-16,10285,22,36,49,63,73
20150128 05:15,19,27,20,28,22,43,28,74,55,-14,10285,22,36,49,63,73
20150128 05:16,23,27,20,28,24,37,28,73,55,-16,10286,22,36,49,63,73
20150128 05:17,22,26,21,28,20,29,28,73,55,-16,10286,22,36,49,63,73
20150128 05:18,16,27,20,28,11,48,28,73,55,-16,10286,22,36,49,63,73
20150128 05:19,10,31,18,28,8,43,28,73,55,-16,10286,22,36,49,63,73
20150128 05:20,18,29,19,28,28,41,28,73,55,-16,10287,22,36,49,63,73
20150128 05:21,18,30,17,28,9,42,28,73,55,-16,10287,22,36,49,63,73
20150128 05:22,9,34,18,29,9,47,28,73,55,-16,10288,22,36,49,63,73
20150128 05:23,11,37,16,30,14,45,28,73,55,-16,10288,22,36,49,63,73
20150128 05:24,14,32,16,30,15,40,28,73,55,-16,10288,22,36,49,63,73
20150128 05:25,11,33,14,31,6,59,28,73,55,-16,10288,22,36,49,63,73
20150128 05:26,20,33,15,31,33,47,28,73,55,-16,10288,22,36,49,63,72
20150128 05:27,25,28,15,32,18,39,28,73,55,-16,10288,22,36,49,63,72
20150128 05:28,20,30,16,32,23,46,28,73,55,-16,10288,22,36,49,63,72
20150128 05:29,20,27,17,31,17,35,28,74,55,-14,10288,22,36,49,63,72
20150128 05:30,23,22,17,30,29,41,28,74,55,-14,10288,22,36,49,63,72
20150128 05:31,25,23,18,30,21,35,28,74,55,-14,10288,22,36,49,63,72
20150128 05:32,14,21,18,27,8,29,28,74,55,-14,10288,22,36,49,63,72
20150128 05:33,5,23,17,27,3,35,28,74,55,-14,10288,22,36,49,63,72
20150128 05:34,9,26,17,26,15,36,28,74,55,-14,10288,22,36,49,63,72
20150128 05:35,11,20,17,24,7,25,28,74,55,-14,10288,22,36,49,63,72
20150128 05:36,9,22,15,24,11,37,28,74,55,-14,10289,22,36,49,63,72
20150128 05:37,13,25,15,24,15,29,28,73,55,-16,10289,22,36,49,63,72
20150128 05:38,13,24,14,23,11,39,28,74,55,-14,10289,22,36,49,63,72
20150128 05:39,6,29,12,24,2,46,28,74,55,-14,10289,22,36,49,63,72
20150128 05:40,16,36,12,26,29,50,28,74,55,-14,10289,22,36,49,63,72
20150128 05:41,26,44,12,28,23,74,28,74,55,-14,10289,22,36,49,63,72
20150128 05:42,27,39,15,29,31,48,28,73,55,-16,10288,22,36,49,63,72
20150128 05:43,24,31,16,30,17,44,28,73,55,-16,10289,22,36,49,63,72
20150128 05:44,17,30,16,30,18,46,28,73,55,-16,10289,22,36,49,63,72
20150128 05:45,20,32,18,32,22,55,28,73,55,-16,10289,22,36,49,62,72
20150128 05:46,22,32,19,32,22,35,28,73,55,-16,10289,22,36,49,62,72
20150128 05:47,22,25,20,32,21,35,28,73,55,-16,10290,22,36,49,62,72
20150128 05:48,27,31,22,33,32,55,28,74,55,-14,10289,22,36,49,62,72
20150128 05:49,25,42,23,35,19,56,28,73,55,-16,10289,22,36,49,62,72
20150128 05:50,22,36,23,34,26,41,28,73,55,-16,10289,22,36,49,63,72
20150128 05:51,21,28,22,32,15,36,28,73,55,-16,10289,22,36,49,62,72
20150128 05:52,14,28,20,31,13,44,28,73,55,-16,10289,22,36,49,62,72
20150128 05:53,18,32,21,32,23,55,28,73,55,-16,10289,22,36,49,62,72
20150128 05:54,29,28,23,31,35,31,28,73,55,-16,10289,22,36,49,62,72
20150128 05:55,34,30,24,31,32,57,28,74,55,-14,10289,22,36,49,62,72
20150128 05:56,20,34,22,32,8,42,28,73,55,-16,10289,22,36,49,62,72
20150128 05:57,17,36,23,34,27,66,28,73,55,-16,10288,22,36,49,62,72
20150128 05:58,17,39,20,33,7,51,29,73,55,-15,10289,22,36,49,62,72
20150128 05:59,11,32,20,32,15,39,29,73,55,-15,10289,22,36,49,62,72
20150128 06:00,16,33,19,32,17,46,29,73,55,-15,10289,22,36,49,62,72
20150128 06:01,9,33,18,33,2,39,29,73,55,-15,10290,22,36,49,62,72
20150128 06:02,7,27,18,32,13,33,29,72,54,-16,10290,22,36,49,62,72
20150128 06:03,18,21,18,31,24,27,29,73,55,-15,10290,21,36,49,62,72
20150128 06:04,27,24,17,31,29,34,29,73,55,-15,10290,22,36,49,62,72
20150128 06:05,30,27,17,30,31,29,29,73,55,-15,10289,22,36,49,62,72
20150128 06:06,24,25,18,30,17,30,29,73,55,-15,10289,22,36,49,62,72
20150128 06:07,14,21,17,27,11,28,29,73,55,-15,10290,22,36,49,62,72
20150128 06:08,17,22,18,26,23,35,29,73,55,-15,10290,22,36,49,62,72
20150128 06:09,20,25,18,26,16,38,29,73,55,-15,10290,22,35,49,62,72
20150128 06:10,18,26,19,25,21,57,29,73,55,-15,10290,22,35,49,62,72
20150128 06:11,23,29,21,25,25,57,29,73,55,-15,10290,22,35,49,62,72
20150128 06:12,28,33,23,26,31,52,29,73,55,-15,10290,22,35,49,62,72
20150128 06:13,33,33,24,27,36,39,29,73,55,-15,10290,22,35,49,62,72
20150128 06:14,33,30,24,27,31,44,29,73,55,-15,10290,22,35,49,62,72
20150128 06:15,24,37,23,29,18,57,29,73,55,-15,10290,22,35,48,62,72
20150128 06:16,23,39,24,30,29,53,29,73,55,-15,10290,22,35,49,62,72
20150128 06:17,19,27,24,30,10,25,29,73,55,-15,10291,22,35,48,62,72
20150128 06:18,15,22,24,30,20,33,29,73,55,-15,10291,22,35,48,62,72
20150128 06:19,20,25,24,30,20,37,29,73,55,-15,10291,22,35,48,62,72
20150128 06:20,19,30,24,31,17,45,29,73,55,-15,10292,22,35,48,62,72
20150128 06:21,23,32,24,31,28,50,29,73,55,-15,10292,22,35,48,62,72
20150128 06:22,20,26,22,30,11,46,29,73,55,-15,10292,22,35,48,62,72
20150128 06:23,19,27,21,29,26,51,29,73,55,-15,10291,22,35,48,62,72
20150128 06:24,30,34,21,30,33,58,29,73,55,-15,10291,22,35,48,62,72
20150128 06:25,29,34,22,29,26,37,29,73,55,-15,10291,22,35,48,62,72
20150128 06:26,22,29,21,28,18,52,29,73,55,-15,10292,22,35,48,62,72
20150128 06:27,14,32,21,30,9,47,29,74,56,-13,10292,22,35,48,62,72
20150128 06:28,9,39,20,32,9,60,29,73,55,-15,10293,22,35,48,62,72
20150128 06:29,12,37,19,32,16,50,29,73,55,-15,10293,22,35,48,62,72
20150128 06:30,15,27,19,31,14,34,29,73,55,-15,10293,22,35,48,62,72
20150128 06:31,15,18,18,30,17,18,29,73,55,-15,10293,22,35,48,62,72
20150128 06:32,16,14,18,29,15,18,29,73,55,-15,10293,22,35,48,62,72
20150128 06:33,15,16,17,28,15,27,29,73,55,-15,10293,22,35,48,62,72
20150128 06:34,18,23,16,27,20,37,29,73,55,-15,10293,22,35,48,62,72
20150128 06:35,9,25,13,26,357,38,29,73,55,-15,10294,22,35,48,62,71
20150128 06:36,3,26,12,26,10,42,29,73,55,-15,10294,22,35,48,62,71
20150128 06:37,3,29,11,25,356,34,29,73,55,-15,10295,22,35,48,62,71
20150128 06:38,0,24,11,23,5,27,29,73,55,-15,10296,22,35,48,62,71
20150128 06:39,354,25,7,23,342,47,30,73,55,-14,10296,22,35,48,62,71
20150128 06:40,352,29,6,23,3,45,30,73,55,-14,10296,22,35,48,62,71
20150128 06:41,8,23,6,24,13,20,30,73,55,-14,10296,22,35,48,62,71
20150128 06:42,15,15,6,24,18,19,30,73,55,-14,10297,22,35,48,62,71
20150128 06:43,18,16,6,24,19,20,30,73,55,-14,10297,22,35,48,62,71
20150128 06:44,16,16,6,22,14,19,29,73,55,-15,10296,22,35,48,62,71
20150128 06:45,11,18,7,22,9,26,29,73,55,-15,10296,22,35,48,62,71
20150128 06:46,6,24,6,22,4,43,29,73,55,-15,10295,22,35,48,62,71
20150128 06:47,2,29,7,22,1,41,29,73,55,-15,10295,23,35,48,62,71
20150128 06:48,3,30,7,23,5,37,30,73,55,-14,10295,23,35,48,62,71
20150128 06:49,6,24,9,22,6,24,30,73,55,-14,10295,23,35,48,62,71
20150128 06:50,5,22,9,21,3,31,30,73,55,-14,10296,23,35,48,62,71
20150128 06:51,17,26,11,22,30,38,30,73,55,-14,10296,23,35,48,62,71
20150128 06:52,20,31,10,24,10,54,30,73,55,-14,10296,23,35,48,62,71
20150128 06:53,13,32,10,26,16,37,30,73,55,-14,10297,23,35,48,62,71
20150128 06:54,20,30,11,27,25,44,30,73,55,-14,10297,23,35,48,61,71
20150128 06:55,25,34,13,29,26,46,30,73,55,-14,10297,23,35,48,61,71
20150128 06:56,18,28,13,28,11,29,30,72,55,-15,10297,23,35,48,61,71
20150128 06:57,17,22,15,27,23,37,30,72,55,-15,10297,23,35,48,61,71
20150128 06:58,13,27,15,28,3,36,30,72,55,-15,10297,23,35,48,61,71
20150128 06:59,7,28,16,28,11,32,30,72,55,-15,10297,23,35,48,61,71
20150128 07:00,352,21,13,27,333,26,30,73,55,-14,10298,23,35,48,61,71
20150128 07:01,350,24,11,28,8,40,30,73,55,-14,10298,23,35,48,61,71
20150128 07:02,6,26,10,27,5,28,30,73,55,-14,10298,23,35,48,61,71
20150128 07:03,355,20,7,26,345,30,30,73,55,-14,10298,23,35,48,61,71
20150128 07:04,358,22,6,25,10,38,30,73,55,-14,10298,23,35,48,61,71
20150128 07:05,13,22,5,23,15,23,30,73,55,-14,10298,23,35,48,61,71
20150128 07:06,21,21,6,24,27,35,30,73,55,-14,10298,23,35,48,61,71
20150128 07:07,8,24,3,24,348,34,30,73,55,-14,10298,23,35,48,61,71
20150128 07:08,1,19,4,22,14,22,30,73,55,-14,10299,24,35,48,61,71
20150128 07:09,357,17,1,22,340,34,30,73,55,-14,10299,24,35,48,61,71
20150128 07:10,350,23,3,23,1,33,30,74,56,-12,10299,24,35,48,61,71
20150128 07:11,358,26,2,22,355,44,30,73,55,-14,10299,24,35,48,61,71
20150128 07:12,7,33,3,24,19,54,30,73,55,-14,10299,24,35,48,61,71
20150128 07:13,12,35,6,25,6,37,30,72,55,-15,10299,24,35,48,61,71
20150128 07:14,0,30,4,26,355,39,30,72,55,-15,10299,24,35,48,61,71
20150128 07:15,4,22,4,25,16,26,30,72,55,-15,10299,24,35,48,61,71
20150128 07:16,22,18,4,25,26,34,30,73,55,-14,10299,25,35,48,61,71
20150128 07:17,19,25,6,25,12,44,30,73,55,-14,10298,25,35,48,61,71
20150128 07:18,3,31,4,27,353,43,30,72,55,-15,10298,25,35,48,61,71
20150128 07:19,349,31,5,28,346,33,30,72,55,-15,10298,25,35,48,61,71
20150128 07:20,0,21,6,27,16,28,30,73,55,-14,10298,25,35,48,61,71
20150128 07:21,18,19,9,27,19,38,30,73,55,-14,10298,26,36,48,61,71
20150128 07:22,16,27,8,26,14,45,30,73,55,-14,10298,26,35,48,61,71
20150128 07:23,13,29,9,26,13,38,30,72,55,-15,10298,26,35,48,61,71
20150128 07:24,5,27,9,25,356,35,30,72,55,-15,10298,26,36,48,61,71
20150128 07:25,0,25,8,26,3,29,31,72,55,-15,10298,26,36,48,61,71
20150128 07:26,13,24,8,26,23,37,31,73,56,-13,10298,26,36,48,61,71
20150128 07:27,30,29,10,27,37,40,31,72,55,-15,10298,26,36,48,61,71
20150128 07:28,31,27,13,25,25,35,31,72,55,-15,10298,26,36,48,61,71
20150128 07:29,16,21,15,25,6,34,31,72,55,-15,10298,26,36,48,61,71
20150128 07:30,12,22,15,26,17,36,31,73,56,-13,10298,26,36,48,61,71
20150128 07:31,11,24,14,26,5,32,31,73,56,-13,10297,27,36,48,61,71
20150128 07:32,15,22,15,25,25,28,31,73,56,-13,10296,27,36,48,61,71
20150128 07:33,27,23,17,24,29,39,31,73,56,-13,10296,27,36,48,61,71
20150128 07:34,29,27,20,25,30,37,31,73,56,-13,10296,27,36,48,61,71
20150128 07:35,28,28,22,25,26,40,31,72,55,-15,10296,28,36,48,61,71
20150128 07:36,17,26,21,25,9,29,31,72,55,-15,10296,28,36,48,61,71
20150128 07:37,14,26,19,25,19,33,31,72,55,-15,10296,28,36,48,61,71
20150128 07:38,22,30,19,26,24,39,31,72,55,-15,10296,28,36,48,61,71
20150128 07:39,17,28,19,26,10,29,31,72,55,-15,10297,28,36,48,61,71
20150128 07:40,8,25,18,26,5,35,31,73,56,-13,10297,29,36,48,61,71
20150128 07:41,4,26,18,26,3,31,31,73,56,-13,10297,29,36,48,61,71
20150128 07:42,7,25,17,27,11,31,31,73,56,-13,10296,29,36,48,61,71
20150128 07:43,26,24,18,26,41,31,31,72,55,-15,10296,30,36,48,61,71
20150128 07:44,36,26,18,26,30,44,31,73,56,-13,10295,30,36,48,61,71
20150128 07:45,15,25,15,26,1,32,31,73,56,-13,10295,30,36,48,61,71
20150128 07:46,13,20,17,25,25,24,32,73,56,-12,10295,30,36,48,61,71
20150128 07:47,18,19,16,24,11,30,32,73,56,-12,10294,30,36,48,61,70
20150128 07:48,16,21,16,23,20,34,32,73,56,-12,10294,30,36,48,61,70
20150128 07:49,15,26,15,24,8,55,32,73,56,-12,10295,30,37,48,61,70
20150128 07:50,16,34,17,25,22,45,32,73,56,-12,10295,30,37,48,61,70
20150128 07:51,24,38,19,26,26,49,32,72,55,-14,10295,30,37,48,61,70
20150128 07:52,16,30,19,26,6,38,32,72,55,-14,10295,29,37,48,61,70
20150128 07:53,12,24,17,27,19,39,32,73,56,-12,10296,30,37,48,61,70
20150128 07:54,9,23,14,26,0,30,32,73,56,-12,10296,30,37,48,61,70
20150128 07:55,14,19,17,25,28,25,32,73,56,-12,10296,30,37,48,61,70
20150128 07:56,17,18,15,25,6,36,32,73,56,-12,10296,30,37,48,61,70
20150128 07:57,3,19,14,25,1,29,32,73,56,-12,10296,30,37,48,61,70
20150128 07:58,9,16,13,24,18,24,32,73,56,-12,10296,30,37,48,61,70
20150128 07:59,5,13,12,23,351,25,32,73,56,-12,10296,31,37,48,61,70
20150128 08:00,9,20,12,22,25,33,32,73,56,-12,10296,31,37,48,61,70
20150128 08:01,24,26,12,20,23,35,32,73,56,-12,10296,31,37,48,61,70
20150128 08:02,24,24,14,20,25,34,32,73,56,-12,10296,31,37,48,61,70
20150128 08:03,26,26,14,21,27,40,32,73,56,-12,10296,32,37,48,61,70
20150128 08:04,23,29,16,21,19,39,32,72,55,-14,10297,32,37,48,61,70
20150128 08:05,10,30,14,23,1,42,33,72,56,-13,10297,33,37,48,61,70
20150128 08:06,357,31,12,24,353,39,33,72,56,-13,10298,33,37,48,61,70
20150128 08:07,358,28,13,25,4,35,33,72,56,-13,10298,34,38,48,61,70
20150128 08:08,10,22,13,25,17,33,33,72,56,-13,10298,34,38,48,61,70
20150128 08:09,24,21,17,26,31,30,33,72,56,-13,10297,34,38,48,61,70
20150128 08:10,27,22,16,26,23,28,33,72,56,-13,10296,35,38,48,61,70
20150128 08:11,22,23,16,25,22,36,33,73,56,-11,10296,35,38,48,61,70
20150128 08:12,19,25,15,26,17,31,33,72,56,-13,10297,36,38,48,61,70
20150128 08:13,15,27,14,26,12,39,33,72,56,-13,10297,36,38,48,60,70
20150128 08:14,11,29,13,26,9,43,33,72,56,-13,10298,35,38,48,60,70
20150128 08:15,6,31,13,26,4,43,33,72,56,-13,10298,35,38,48,61,70
20150128 08:16,12,31,16,26,21,37,34,72,56,-12,10298,35,38,48,60,70
20150128 08:17,20,25,18,25,19,27,34,72,56,-12,10298,35,38,48,61,70
20150128 08:18,7,28,15,27,355,49,34,72,56,-12,10298,36,38,48,60,70
20150128 08:19,9,27,15,26,27,29,34,72,56,-12,10299,36,38,48,60,70
20150128 08:20,30,19,16,27,33,28,34,72,56,-12,10299,37,38,48,60,70
20150128 08:21,20,23,15,26,8,34,34,72,56,-12,10299,37,39,48,60,70
20150128 08:22,8,22,14,26,8,34,34,73,57,-10,10300,38,39,48,60,70
20150128 08:23,4,25,12,26,0,35,34,73,57,-10,10299,38,39,48,60,70
20150128 08:24,10,26,14,25,21,43,34,73,57,-10,10299,38,39,48,60,70
20150128 08:25,23,21,16,24,25,26,34,73,57,-10,10298,39,39,48,60,70
20150128 08:26,20,18,15,23,14,30,34,72,56,-12,10298,39,39,48,60,70
20150128 08:27,10,20,14,23,6,26,35,72,56,-11,10298,40,39,48,60,70
20150128 08:28,13,21,16,22,19,25,35,73,57,-9,10298,41,39,48,60,70
20150128 08:29,16,19,15,22,13,22,35,73,57,-9,10299,42,39,48,60,70
20150128 08:30,12,18,12,21,11,28,35,72,56,-11,10299,42,39,48,60,70
20150128 08:31,7,24,12,22,4,43,35,72,56,-11,10299,42,39,48,60,70
20150128 08:32,14,31,14,23,24,36,35,72,56,-11,10299,42,40,48,60,70
20150128 08:33,23,28,16,22,22,30,35,72,56,-11,10299,42,40,48,60,70
20150128 08:34,28,28,17,23,34,36,35,72,56,-11,10299,42,40,48,60,70
20150128 08:35,19,28,15,24,3,45,35,72,56,-11,10299,41,40,48,60,70
20150128 08:36,356,29,12,25,348,47,35,72,56,-11,10299,41,40,48,60,70
20150128 08:37,356,27,12,25,3,33,35,72,56,-11,10299,40,40,48,60,70
20150128 08:38,4,19,11,25,5,32,35,72,56,-11,10299,40,40,48,60,70
20150128 08:39,0,20,9,25,354,32,36,73,58,-8,10299,40,41,48,60,70
20150128 08:40,6,17,10,25,19,20,36,72,57,-10,10299,40,41,48,60,70
20150128 08:41,20,18,11,24,21,37,36,73,58,-8,10300,41,41,48,60,70
20150128 08:42,6,26,8,24,352,41,36,72,57,-10,10300,41,41,48,60,70
20150128 08:43,359,23,6,23,5,25,36,72,57,-10,10300,40,41,48,60,70
20150128 08:44,2,21,3,22,359,39,36,73,58,-8,10300,40,41,48,60,70
20150128 08:45,354,21,1,22,349,23,36,73,58,-8,10300,40,41,48,60,70
20150128 08:46,2,18,4,20,14,29,36,73,58,-8,10300,40,41,48,60,70
20150128 08:47,5,24,3,21,357,38,36,73,58,-8,10299,41,41,48,60,70
20150128 08:48,10,27,5,22,23,39,36,73,58,-8,10300,41,41,48,60,70
20150128 08:49,10,27,5,22,356,37,36,72,57,-10,10300,41,42,49,60,70
20150128 08:50,5,31,5,25,13,43,36,72,57,-10,10301,41,42,49,60,70
20150128 08:51,20,28,5,25,27,35,36,72,57,-10,10301,40,42,49,60,70
20150128 08:52,23,18,8,23,20,26,36,72,57,-10,10301,40,42,49,60,70
20150128 08:53,20,18,10,23,21,34,36,72,57,-10,10301,40,42,49,60,70
20150128 08:54,15,21,11,23,8,25,36,73,58,-8,10301,40,42,49,60,70
20150128 08:55,357,21,10,23,345,28,36,73,58,-8,10301,40,42,49,60,70
20150128 08:56,353,21,9,24,0,32,36,73,58,-8,10300,40,42,49,60,70
20150128 08:57,5,21,10,23,9,31,36,72,57,-10,10300,41,42,49,60,70
20150128 08:58,8,20,9,22,6,26,36,72,57,-10,10299,42,42,49,60,70
20150128 08:59,6,21,9,22,5,31,37,72,57,-9,10299,42,42,49,60,70
20150128 09:00,17,26,11,21,27,36,37,73,58,-7,10300,43,42,49,60,70
20150128 09:01,21,24,10,21,14,29,37,73,58,-7,10300,43,42,49,60,70
20150128 09:02,13,19,9,21,12,26,37,73,58,-7,10299,44,42,49,60,70
20150128 09:03,14,22,8,22,17,33,37,73,58,-7,10300,45,42,49,60,70
20150128 09:04,15,22,9,22,13,24,37,72,57,-9,10300,46,43,49,60,70
20150128 09:05,21,18,13,21,29,29,37,72,57,-9,10300,46,43,49,60,70
20150128 09:06,26,20,15,21,23,34,37,72,57,-9,10300,46,43,49,60,70
20150128 09:07,29,21,18,21,35,26,37,72,57,-9,10300,47,43,49,60,70
20150128 09:08,24,19,19,21,13,36,38,73,59,-6,10300,48,43,49,60,70
20150128 09:09,10,24,19,22,8,38,38,73,59,-6,10300,49,43,49,60,70
20150128 09:10,12,30,18,22,17,43,38,72,58,-8,10300,49,43,49,60,69
20150128 09:11,20,36,19,24,24,52,38,72,58,-8,10301,48,43,49,60,70
20150128 09:12,14,31,18,25,4,29,38,71,57,-10,10301,47,43,49,60,70
20150128 09:13,1,23,16,24,357,31,38,72,58,-8,10301,48,43,49,60,70
20150128 09:14,353,21,14,24,349,22,38,72,58,-8,10300,48,44,49,60,69
20150128 09:15,359,17,12,24,10,20,38,73,59,-6,10300,49,44,49,60,69
20150128 09:16,14,15,11,23,18,15,38,72,58,-8,10300,50,44,49,60,69
20150128 09:17,16,16,9,23,13,38,39,73,59,-5,10300,52,44,50,60,69
20150128 09:18,9,22,8,24,4,35,39,73,59,-5,10299,52,44,50,60,69
20150128 09:19,15,23,10,23,27,32,39,72,58,-7,10299,52,44,50,60,69
20150128 09:20,26,26,11,23,25,49,39,72,58,-7,10299,52,44,50,60,69
20150128 09:21,4,32,7,22,344,44,39,71,57,-9,10299,52,44,50,60,69
20150128 09:22,357,28,8,22,10,44,39,72,58,-7,10300,52,45,50,60,69
20150128 09:23,17,30,10,24,24,49,39,72,58,-7,10300,52,45,50,60,69
20150128 09:24,19,28,13,24,15,29,39,71,57,-9,10300,52,45,50,60,69
20150128 09:25,14,22,13,24,13,36,39,71,57,-9,10300,52,45,50,60,69
20150128 09:26,22,20,15,25,32,29,39,71,57,-9,10301,52,45,50,60,69
20150128 09:27,24,26,15,27,17,41,40,72,59,-6,10301,51,45,50,60,69
20150128 09:28,12,32,15,27,6,40,40,72,59,-6,10300,50,46,50,60,69
20150128 09:29,13,28,15,28,19,50,40,71,58,-8,10300,50,46,50,60,69
20150128 09:30,17,32,14,28,15,41,40,71,58,-8,10301,50,46,50,60,69
20150128 09:31,20,33,18,28,26,52,40,71,58,-8,10301,50,46,50,60,69
20150128 09:32,30,35,20,29,33,52,40,72,59,-6,10301,51,46,50,60,69
20150128 09:33,30,31,20,28,27,35,40,71,58,-8,10300,51,46,50,60,69
20150128 09:34,28,28,22,29,30,48,40,72,59,-6,10300,53,46,50,60,69
20150128 09:35,33,33,24,30,37,44,40,72,59,-6,10300,53,46,50,60,69
20150128 09:36,32,35,24,32,27,45,40,72,59,-6,10299,53,47,50,60,69
20150128 09:37,26,34,25,32,25,42,40,71,58,-8,10299,53,47,50,60,69
20150128 09:38,22,28,26,32,19,37,40,72,59,-6,10299,53,47,50,60,69
20150128 09:39,24,26,27,32,30,47,40,72,59,-6,10300,53,47,50,60,69
20150128 09:40,33,30,29,31,36,51,40,72,59,-6,10300,52,47,51,60,69
20150128 09:41,32,27,29,30,28,34,40,72,59,-6,10300,51,47,51,60,69
20150128 09:42,28,23,29,29,28,36,40,72,59,-6,10300,51,47,51,60,69
20150128 09:43,25,24,28,29,21,47,40,72,59,-6,10300,51,47,51,60,69
20150128 09:44,15,26,26,29,10,47,40,72,59,-6,10300,50,47,51,60,69
20150128 09:45,6,26,23,28,3,33,40,72,59,-6,10300,50,48,51,60,69
20150128 09:46,13,23,22,26,23,32,40,72,59,-6,10301,50,48,51,60,69
20150128 09:47,24,23,22,26,26,32,40,72,59,-6,10301,50,48,51,60,69
20150128 09:48,29,21,24,25,33,27,41,72,59,-5,10301,50,48,51,60,69
20150128 09:49,30,21,24,24,28,33,41,73,60,-3,10301,50,48,51,60,69
20150128 09:50,30,27,23,24,32,39,41,73,60,-3,10301,51,48,51,60,69
20150128 09:51,32,30,24,25,31,35,41,72,59,-5,10301,50,48,51,60,69
20150128 09:52,27,26,23,25,24,31,41,72,59,-5,10301,51,48,51,60,69
20150128 09:53,20,22,23,25,17,38,41,72,59,-5,10301,52,48,51,60,69
20150128 09:54,16,27,23,25,15,53,41,73,60,-3,10301,54,48,51,61,69
20150128 09:55,15,32,24,26,15,42,41,72,59,-5,10302,55,48,51,61,69
20150128 09:56,11,32,23,27,6,47,41,72,59,-5,10302,56,48,51,61,69
20150128 09:57,9,34,21,28,11,50,41,73,60,-3,10301,56,48,51,61,69
20150128 09:58,21,40,21,30,30,59,42,72,59,-4,10301,57,49,51,61,69
20150128 09:59,30,40,21,32,29,45,41,72,59,-5,10301,58,49,51,61,69
20150128 10:00,26,31,20,31,22,33,42,72,59,-4,10301,60,49,52,61,69
20150128 10:01,17,28,18,31,12,42,42,72,59,-4,10301,61,49,52,61,69
20150128 10:02,20,36,18,33,27,57,42,73,60,-2,10302,61,49,52,61,69
20150128 10:03,18,41,18,35,10,61,42,72,59,-4,10302,60,49,52,61,69
20150128 10:04,8,36,17,35,7,47,42,73,60,-2,10302,60,49,52,61,69
20150128 10:05,3,32,15,35,0,46,42,73,60,-2,10302,60,49,52,61,69
20150128 10:06,359,32,15,35,359,51,42,73,60,-2,10302,59,49,52,61,69
20150128 10:07,11,31,16,35,23,40,42,73,60,-2,10302,60,50,52,61,69
20150128 10:08,17,33,14,34,12,50,42,73,60,-2,10302,60,50,52,61,69
20150128 10:09,11,34,12,33,9,46,42,73,60,-2,10302,60,50,52,61,69
20150128 10:10,7,33,10,34,5,50,42,73,60,-2,10302,59,50,52,61,69
20150128 10:11,19,44,12,36,33,64,42,73,60,-2,10302,59,50,52,61,69
20150128 10:12,36,41,14,35,38,44,42,73,60,-2,10302,58,50,52,61,69
20150128 10:13,36,29,16,34,33,48,42,74,61,0,10302,59,51,52,61,69
20150128 10:14,20,31,16,34,7,56,42,75,62,2,10302,60,51,52,61,69
20150128 10:15,14,41,18,36,21,57,42,75,62,2,10302,59,51,52,61,69
20150128 10:16,24,37,21,35,28,42,42,75,62,2,10302,59,51,52,61,69
20150128 10:17,21,32,20,36,15,49,42,75,62,2,10302,60,51,52,61,69
20150128 10:18,8,34,19,35,0,42,42,75,62,2,10302,60,51,53,61,69
20150128 10:19,7,32,19,36,14,48,42,75,62,2,10302,60,51,53,61,69
20150128 10:20,17,31,21,35,20,48,42,75,62,2,10301,59,52,53,61,69
20150128 10:21,22,31,20,33,24,49,42,75,62,2,10301,59,52,53,61,69
20150128 10:22,18,32,17,33,11,54,42,76,63,4,10300,59,52,53,61,69
20150128 10:23,15,37,16,35,19,52,41,76,62,3,10300,59,52,53,61,69
20150128 10:24,25,38,18,35,30,47,41,76,62,3,10300,59,52,53,61,69
20150128 10:25,25,39,18,34,21,49,41,76,62,3,10300,58,52,53,61,69
20150128 10:26,26,39,19,35,31,58,41,76,62,3,10300,57,52,53,61,69
20150128 10:27,32,38,20,35,33,48,41,76,62,3,10300,56,52,53,61,69
20150128 10:28,26,41,22,36,18,57,41,76,62,3,10300,56,53,53,61,69
20150128 10:29,21,43,23,37,23,54,41,76,62,3,10299,56,53,53,61,69
20150128 10:30,21,35,23,37,18,45,41,76,62,3,10299,56,53,53,61,69
20150128 10:31,26,29,24,37,33,39,41,76,62,3,10299,56,53,53,61,69
20150128 10:32,28,31,25,37,24,52,41,77,63,4,10299,56,53,53,61,69
20150128 10:33,25,35,26,37,25,53,41,77,63,4,10299,55,53,53,61,69
20150128 10:34,29,36,26,36,33,52,41,77,63,4,10299,54,53,54,61,69
20150128 10:35,25,36,26,36,18,55,41,77,63,4,10298,55,53,54,61,69
20150128 10:36,22,36,25,36,26,45,41,76,62,3,10298,55,53,54,61,69
20150128 10:37,31,33,25,35,37,47,41,76,62,3,10298,57,53,54,61,69
20150128 10:38,45,31,29,34,54,42,41,77,63,4,10298,59,53,54,61,69
20150128 10:39,50,32,31,33,46,47,41,77,63,4,10299,60,53,54,61,69
20150128 10:40,45,42,34,35,44,72,41,77,63,4,10299,61,53,54,61,69
20150128 10:41,46,41,36,35,49,46,41,76,62,3,10299,62,53,54,61,69
20150128 10:42,41,29,37,35,34,37,42,77,63,5,10298,64,53,54,61,69
20150128 10:43,30,21,37,33,25,27,42,77,63,5,10298,66,53,54,61,69
20150128 10:44,23,24,35,32,21,40,43,77,64,6,10299,69,53,54,61,69
20150128 10:45,21,33,36,32,21,51,43,77,64,6,10299,69,54,54,61,69
20150128 10:46,27,37,36,32,33,47,43,77,64,6,10299,68,54,54,61,69
20150128 10:47,32,41,36,34,32,59,43,76,63,4,10299,66,54,54,61,69
20150128 10:48,32,43,34,35,32,54,42,76,63,4,10299,64,54,54,61,69
20150128 10:49,30,36,32,34,27,44,42,75,62,2,10298,63,54,54,61,69
20150128 10:50,31,30,31,32,35,38,42,76,63,4,10298,63,54,54,61,69
20150128 10:51,36,29,30,32,37,38,42,76,63,4,10299,64,54,55,61,69
20150128 10:52,25,26,28,32,13,35,42,76,63,4,10299,65,55,55,61,69
20150128 10:53,32,28,30,33,52,45,42,76,63,4,10299,65,55,55,62,69
20150128 10:54,42,31,31,33,32,39,42,76,63,4,10299,64,55,55,62,69
20150128 10:55,34,32,33,33,36,53,42,76,63,4,10299,64,55,55,62,69
20150128 10:56,34,30,33,32,33,42,42,76,63,4,10299,63,55,55,62,69
20150128 10:57,27,32,32,31,21,53,42,77,63,5,10299,63,55,55,62,69
20150128 10:58,27,30,32,30,33,39,42,76,63,4,10298,64,55,55,62,69
20150128 10:59,29,22,32,28,25,26,42,76,63,4,10298,65,56,55,62,69
20150128 11:00,24,24,30,28,23,36,42,76,63,4,10299,65,56,55,62,69
20150128 11:01,21,26,29,28,18,31,42,76,63,4,10299,65,56,55,62,69
20150128 11:02,13,26,28,28,8,42,42,75,62,2,10298,65,56,55,62,69
20150128 11:03,19,30,26,28,31,40,42,75,62,2,10298,65,56,55,62,69
20150128 11:04,20,26,24,27,10,30,43,75,62,3,10298,65,56,55,62,69
20150128 11:05,11,21,22,26,13,41,43,75,62,3,10298,67,56,55,62,69
20150128 11:06,19,28,21,27,25,48,43,75,62,3,10298,67,56,55,62,69
20150128 11:07,28,39,22,28,32,65,43,75,62,3,10298,67,56,56,62,69
20150128 11:08,23,42,20,29,14,63,43,74,61,1,10297,66,57,56,62,69
20150128 11:09,22,42,20,32,29,59,43,73,61,-1,10297,67,57,56,62,69
20150128 11:10,32,42,22,33,36,49,43,73,61,-1,10297,67,57,56,62,69
20150128 11:11,37,40,24,34,38,49,43,74,61,1,10296,68,57,56,62,69
20150128 11:12,33,43,26,36,29,60,43,74,61,1,10296,69,57,56,62,69
20150128 11:13,30,43,26,37,31,53,43,73,61,-1,10296,70,57,56,62,69
20150128 11:14,33,42,28,39,35,56,43,73,61,-1,10295,70,57,56,62,69
20150128 11:15,31,40,30,41,27,52,43,73,61,-1,10295,70,57,56,62,69
20150128 11:16,22,36,29,41,18,56,43,73,61,-1,10295,71,57,56,62,69
20150128 11:17,23,34,28,40,27,43,43,73,61,-1,10295,72,58,56,62,69
20150128 11:18,19,35,28,40,10,50,44,74,62,2,10295,73,58,56,62,69
20150128 11:19,22,41,28,40,33,57,44,73,61,0,10295,72,58,56,62,69
20150128 11:20,25,43,27,40,17,50,44,73,61,0,10295,71,58,56,62,69
20150128 11:21,19,41,25,40,22,60,44,72,60,-2,10295,71,58,56,62,69
20150128 11:22,26,39,25,39,31,50,44,73,61,0,10295,71,58,56,62,69
20150128 11:23,28,35,25,38,25,46,44,72,60,-2,10294,72,58,57,62,69
20150128 11:24,25,31,24,37,25,42,44,72,60,-2,10294,73,59,57,62,69
20150128 11:25,28,36,24,38,31,56,44,73,61,0,10294,74,59,57,62,69
20150128 11:26,28,44,25,38,25,58,45,72,61,-1,10295,73,59,57,62,69
20150128 11:27,27,34,25,38,29,36,45,72,61,-1,10294,74,59,57,62,69
20150128 11:28,26,34,26,38,24,55,45,72,61,-1,10294,75,59,57,62,69
20150128 11:29,34,40,27,37,45,56,45,71,60,-3,10293,75,59,57,62,69
20150128 11:30,42,38,30,37,39,61,45,72,61,-1,10293,74,60,57,62,69
20150128 11:31,39,39,31,37,38,58,45,72,61,-1,10293,75,60,57,62,69
20150128 11:32,34,41,31,37,30,54,45,72,61,-1,10293,75,60,57,62,69
20150128 11:33,31,38,32,37,33,45,45,71,60,-3,10293,75,60,57,62,69
20150128 11:34,36,32,33,38,39,55,45,71,60,-3,10293,76,60,57,63,69
20150128 11:35,39,33,34,37,39,58,46,72,61,0,10293,76,60,57,63,69
20150128 11:36,37,41,35,37,35,63,46,72,61,0,10292,75,61,57,63,69
20150128 11:37,25,43,34,39,14,50,46,72,61,0,10292,74,61,58,63,69
20150128 11:38,15,36,33,38,16,42,46,71,60,-2,10292,75,61,58,63,69
20150128 11:39,9,40,29,39,3,62,46,71,60,-2,10292,75,61,58,63,69
20150128 11:40,20,36,28,37,37,42,45,70,59,-5,10292,74,61,58,63,69
20150128 11:41,31,27,27,36,24,42,46,72,61,0,10292,75,61,58,63,69
20150128 11:42,28,30,27,35,32,50,46,72,61,0,10292,75,62,58,63,69
20150128 11:43,30,35,27,36,29,66,46,73,62,2,10291,75,62,58,63,69
20150128 11:44,30,41,26,37,31,64,46,72,61,0,10290,74,62,58,63,69
20150128 11:45,32,44,25,38,33,64,46,72,61,0,10289,72,62,58,63,69
20150128 11:46,34,44,25,38,35,62,46,71,60,-2,10290,71,62,58,63,69
20150128 11:47,34,36,27,37,34,54,46,71,60,-2,10290,70,62,58,63,69
20150128 11:48,34,31,29,37,35,49,46,72,61,0,10289,71,62,58,63,69
20150128 11:49,37,36,33,36,39,63,46,72,61,0,10289,71,62,58,63,69
20150128 11:50,37,40,33,38,35,53,46,72,61,0,10289,71,63,59,63,69
20150128 11:51,35,34,34,37,34,35,46,72,61,0,10288,71,63,59,63,69
20150128 11:52,37,23,35,36,41,23,46,72,61,0,10288,71,63,59,63,69
20150128 11:53,47,26,37,36,53,63,46,72,61,0,10287,72,63,59,63,69
20150128 11:54,49,39,38,35,45,58,46,72,61,0,10287,71,63,59,63,69
20150128 11:55,42,48,39,36,39,70,46,71,60,-2,10287,70,63,59,63,69
20150128 11:56,37,50,39,37,34,58,46,71,60,-2,10287,69,63,59,63,69
20150128 11:57,37,41,40,37,41,54,46,72,61,0,10287,69,63,59,63,69
20150128 11:58,41,39,40,38,41,55,46,72,61,0,10287,69,63,59,63,69
20150128 11:59,31,32,38,36,20,32,46,72,61,0,10287,69,63,59,63,69
20150128 12:00,23,27,37,36,26,43,46,72,61,0,10287,70,63,59,63,69
20150128 12:01,31,33,38,36,36,42,46,72,61,0,10287,70,63,59,63,69
20150128 12:02,33,37,37,38,30,55,46,72,61,0,10287,70,63,59,63,69
20150128 12:03,25,34,33,38,20,47,46,72,61,0,10287,69,63,60,63,69
20150128 12:04,22,25,31,36,23,32,46,72,61,0,10287,69,63,60,63,69
20150128 12:05,14,28,28,33,4,54,47,73,62,3,10287,70,63,60,63,69
20150128 12:06,8,35,25,33,13,50,47,72,61,1,10287,70,63,60,64,69
20150128 12:07,18,38,24,33,22,48,47,72,61,1,10286,71,63,60,64,69
20150128 12:08,24,38,22,32,26,47,47,72,61,1,10286,71,63,60,64,69
20150128 12:09,24,32,22,33,22,41,47,72,61,1,10285,72,63,60,64,69
20150128 12:10,24,32,22,33,26,53,47,72,61,1,10286,72,64,60,64,69
20150128 12:11,23,39,21,34,20,59,47,72,61,1,10286,71,64,60,64,69
20150128 12:12,24,36,20,33,28,53,47,71,61,-1,10286,71,64,60,64,69
20150128 12:13,38,34,23,34,48,70,47,72,61,1,10285,72,64,60,64,69
20150128 12:14,35,37,23,36,23,48,47,72,61,1,10285,71,64,60,64,70
20150128 12:15,29,36,26,36,35,46,47,72,61,1,10285,72,64,60,64,69
20150128 12:16,38,31,29,35,42,40,47,72,61,1,10285,72,64,60,64,70
20150128 12:17,37,32,30,35,33,45,47,72,61,1,10285,73,64,61,64,70
20150128 12:18,32,32,31,34,31,38,47,72,61,1,10284,72,64,61,64,70
20150128 12:19,32,28,32,34,34,35,47,72,61,1,10285,73,64,61,64,70
20150128 12:20,36,34,33,34,39,56,48,72,62,2,10285,72,64,61,64,70
20150128 12:21,28,41,33,34,16,51,48,72,62,2,10285,71,64,61,64,70
20150128 12:22,22,39,33,35,27,49,48,71,61,0,10285,70,64,61,64,70
20150128 12:23,19,40,29,36,12,54,47,70,60,-3,10285,69,64,61,64,70
20150128 12:24,23,37,30,35,35,47,47,70,60,-3,10285,70,64,61,64,70
20150128 12:25,27,33,29,35,18,56,47,71,61,-1,10284,70,64,61,64,70
20150128 12:26,21,35,27,35,24,71,48,72,62,2,10284,71,64,61,64,70
20150128 12:27,20,38,25,36,16,63,48,71,61,0,10284,71,64,61,64,70
20150128 12:28,24,44,25,38,31,61,48,71,61,0,10284,71,64,61,64,70
20150128 12:29,28,44,24,39,26,47,48,70,60,-2,10284,70,64,61,64,70
20150128 12:30,24,40,23,39,23,59,48,70,60,-2,10283,71,64,61,64,70
20150128 12:31,24,39,24,39,25,57,48,71,61,0,10283,71,64,61,64,70
20150128 12:32,16,36,22,38,8,42,48,71,61,0,10283,72,64,61,64,70
20150128 12:33,14,36,23,38,19,46,48,70,60,-2,10283,72,65,61,64,70
20150128 12:34,22,43,21,40,24,64,48,70,60,-2,10283,71,65,62,64,70
20150128 12:35,23,49,22,41,23,63,48,70,60,-2,10282,70,65,62,64,70
20150128 12:36,25,47,22,42,27,55,48,70,60,-2,10282,69,65,62,65,70
20150128 12:37,25,44,23,42,23,56,48,70,60,-2,10282,69,65,62,65,70
20150128 12:38,30,43,23,42,36,58,48,70,60,-2,10282,69,65,62,65,70
20150128 12:39,24,41,22,42,13,48,48,71,61,0,10282,68,65,62,65,70
20150128 12:40,20,40,23,42,27,53,48,71,61,0,10282,68,65,62,65,70
20150128 12:41,25,41,22,42,23,53,48,70,60,-2,10282,68,65,62,65,70
20150128 12:42,19,41,23,43,14,57,48,70,60,-2,10282,68,65,62,65,70
20150128 12:43,22,35,24,42,30,43,48,70,60,-2,10281,69,65,62,65,70
20150128 12:44,29,38,24,42,27,58,48,71,61,0,10281,69,65,62,65,70
20150128 12:45,28,48,25,42,28,66,48,70,60,-2,10281,68,65,62,65,70
20150128 12:46,24,45,24,41,21,57,48,70,60,-2,10282,67,65,62,65,70
20150128 12:47,24,42,25,41,27,55,48,70,60,-2,10282,67,65,62,65,70
20150128 12:48,20,38,22,40,13,43,48,70,60,-2,10282,67,65,62,65,70
20150128 12:49,21,30,24,39,29,35,48,70,60,-2,10282,68,65,62,65,70
20150128 12:50,25,25,23,37,20,30,48,70,60,-2,10282,69,65,62,65,70
20150128 12:51,15,25,22,36,10,44,48,71,61,0,10282,69,65,62,65,70
20150128 12:52,19,30,23,35,27,45,48,71,61,0,10281,68,65,62,65,70
20150128 12:53,29,39,23,37,31,59,49,70,61,-1,10281,67,65,62,65,70
20150128 12:54,38,39,25,35,45,51,48,70,60,-2,10281,66,65,62,65,70
20150128 12:55,37,32,25,34,29,53,49,70,61,-1,10281,66,65,63,65,70
20150128 12:56,32,29,27,32,36,31,49,70,61,-1,10281,66,65,63,65,70
20150128 12:57,33,29,27,31,30,50,49,70,61,-1,10281,66,65,63,65,70
20150128 12:58,29,37,28,32,27,52,49,70,61,-1,10281,65,65,63,65,70
20150128 12:59,25,35,28,32,23,47,48,69,59,-4,10280,64,65,63,65,70
20150128 13:00,27,33,29,33,31,47,49,70,61,-1,10280,65,65,63,65,70
20150128 13:01,35,35,32,34,40,55,49,70,61,-1,10280,65,65,63,65,70
20150128 13:02,36,43,32,36,32,65,48,69,59,-4,10279,65,65,63,65,70
20150128 13:03,35,45,33,35,38,58,48,69,59,-4,10279,64,65,63,65,70
20150128 13:04,25,41,30,37,12,58,48,69,59,-4,10279,65,64,63,65,70
20150128 13:05,15,37,29,36,17,43,48,69,59,-4,10279,65,65,63,66,70
20150128 13:06,18,28,27,37,19,44,48,70,60,-2,10278,66,64,63,66,70
20150128 13:07,25,34,27,37,30,55,48,70,60,-2,10278,66,64,63,66,70
20150128 13:08,32,44,28,38,34,64,48,69,59,-4,10277,66,64,63,66,70
20150128 13:09,31,47,28,39,27,62,48,69,59,-4,10277,65,64,63,66,70
20150128 13:10,24,41,27,40,21,45,48,69,59,-4,10277,66,64,63,66,70
20150128 13:11,21,38,25,40,20,62,48,69,59,-4,10277,66,64,63,66,70
20150128 13:12,18,39,23,39,15,47,48,68,58,-6,10276,67,64,63,66,70
20150128 13:13,21,41,22,39,27,73,48,68,58,-6,10276,67,64,63,66,70
20150128 13:14,37,48,26,40,46,67,48,69,59,-4,10276,66,64,63,66,70
20150128 13:15,30,44,25,41,14,47,48,69,59,-4,10276,66,64,63,66,70
20150128 13:16,21,36,26,41,29,57,48,69,59,-4,10276,67,64,63,66,70
20150128 13:17,26,43,26,43,23,67,48,69,59,-4,10277,67,64,63,66,70
20150128 13:18,32,51,26,43,40,62,48,68,58,-6,10277,66,64,63,66,70
20150128 13:19,34,40,26,41,28,45,48,69,59,-4,10277,66,64,63,66,70
20150128 13:20,29,31,27,41,31,38,48,69,59,-4,10276,67,64,63,66,70
20150128 13:21,28,31,28,40,25,43,49,69,60,-3,10276,68,64,63,66,70
20150128 13:22,32,32,30,39,39,59,49,69,60,-3,10275,70,64,63,66,70
20150128 13:23,41,37,32,39,43,73,49,68,59,-5,10275,69,64,64,66,70
20150128 13:24,35,36,30,37,26,42,49,68,59,-5,10274,70,64,64,66,70
20150128 13:25,28,38,31,38,30,55,49,69,60,-3,10274,71,64,63,66,70
20150128 13:26,36,37,33,37,42,42,49,68,59,-5,10274,72,64,64,66,70
20150128 13:27,43,28,35,35,44,47,49,69,60,-3,10274,73,64,64,66,70
20150128 13:28,42,36,35,34,41,69,50,69,60,-2,10274,73,64,64,66,70
20150128 13:29,38,46,36,36,34,78,50,69,60,-2,10275,72,64,64,66,70
20150128 13:30,35,51,36,38,37,65,49,68,59,-5,10275,70,64,64,66,70
20150128 13:31,32,46,36,39,27,56,49,68,59,-5,10274,70,64,64,66,71
20150128 13:32,37,37,37,39,47,51,49,69,60,-3,10275,70,64,64,66,70
20150128 13:33,41,32,36,38,34,49,49,69,60,-3,10275,70,65,64,66,70
20150128 13:34,42,33,39,39,50,62,49,70,61,-1,10275,71,65,64,66,71
20150128 13:35,36,38,38,38,22,57,49,69,60,-3,10275,70,65,64,66,71
20150128 13:36,27,38,37,39,31,46,49,69,60,-3,10275,70,65,64,66,71
20150128 13:37,43,33,38,39,56,47,49,69,60,-3,10275,71,65,64,66,71
20150128 13:38,46,34,37,38,37,50,50,70,61,0,10275,71,65,64,67,71
20150128 13:39,40,35,38,37,43,58,50,69,60,-2,10275,71,65,64,67,71
20150128 13:40,43,37,39,36,42,73,50,69,60,-2,10275,71,65,64,67,71
20150128 13:41,32,46,38,37,21,73,50,69,60,-2,10275,70,65,64,67,71
20150128 13:42,22,43,36,37,23,53,50,69,60,-2,10275,70,65,64,67,71
20150128 13:43,18,32,34,37,13,38,50,69,60,-2,10275,70,65,64,67,71
20150128 13:44,8,27,29,36,3,36,50,69,60,-2,10275,71,65,64,67,71
20150128 13:45,15,30,30,35,27,49,50,68,59,-4,10275,71,65,64,67,71
20150128 13:46,26,36,29,35,25,47,50,69,60,-2,10275,71,65,64,67,71
20150128 13:47,26,38,26,36,27,47,50,68,59,-4,10275,70,65,64,67,71
20150128 13:48,20,29,24,34,13,37,50,69,60,-2,10275,70,65,64,67,71
20150128 13:49,11,27,20,34,9,51,50,69,60,-2,10275,70,65,64,67,71
20150128 13:50,11,37,17,35,13,57,50,68,59,-4,10275,70,65,64,67,71
20150128 13:51,20,38,18,33,27,38,50,68,59,-4,10274,69,65,64,67,71
20150128 13:52,24,34,18,33,22,48,50,68,59,-4,10274,71,66,64,67,71
20150128 13:53,12,31,17,33,2,38,50,69,60,-2,10274,71,66,64,67,71
20150128 13:54,9,25,18,33,16,37,50,68,59,-4,10274,71,66,64,67,71
20150128 13:55,19,30,18,33,22,48,50,69,60,-2,10274,72,66,64,67,71
20150128 13:56,16,32,16,32,10,43,50,68,59,-4,10274,72,66,64,67,71
20150128 13:57,7,32,14,32,4,45,50,68,59,-4,10273,72,66,64,67,71
20150128 13:58,10,35,14,33,16,51,50,67,58,-6,10273,72,66,64,67,71
20150128 13:59,24,28,16,32,32,28,50,67,58,-6,10273,72,66,64,67,71
20150128 14:00,25,25,17,30,18,46,50,68,59,-4,10273,72,66,64,67,71
20150128 14:01,11,27,15,30,5,34,50,68,59,-4,10273,72,66,64,67,71
20150128 14:02,17,35,15,30,28,64,50,68,59,-4,10273,72,66,64,67,71
20150128 14:03,22,40,17,31,16,48,50,68,59,-4,10274,70,66,64,67,71
20150128 14:04,21,38,18,33,26,48,50,68,59,-4,10274,70,66,65,67,71
20150128 14:05,14,39,16,33,3,49,50,68,59,-4,10274,69,66,65,67,71
20150128 14:06,13,39,17,34,23,48,50,68,59,-4,10274,69,66,65,67,71
20150128 14:07,27,36,20,34,31,40,50,68,59,-4,10274,68,66,65,67,71
20150128 14:08,32,26,22,33,33,34,50,68,59,-4,10274,68,66,65,67,71
20150128 14:09,23,22,20,33,12,35,50,70,61,0,10274,69,66,65,67,71
20150128 14:10,11,31,19,34,11,50,50,69,60,-2,10274,69,66,65,67,71
20150128 14:11,14,39,20,35,18,52,50,69,60,-2,10275,67,66,65,67,71
20150128 14:12,18,45,19,36,19,76,50,68,59,-4,10275,66,66,65,67,71
20150128 14:13,17,38,19,35,15,44,50,68,59,-4,10275,65,66,65,67,71
20150128 14:14,26,24,20,33,36,28,50,68,59,-4,10275,65,66,65,67,71
20150128 14:15,26,20,21,31,16,34,50,69,60,-2,10275,66,66,65,67,71
20150128 14:16,18,27,21,31,19,45,50,69,60,-2,10274,67,66,65,67,71
20150128 14:17,22,33,20,31,26,44,50,69,60,-2,10274,67,66,65,67,71
20150128 14:18,28,33,20,32,30,51,50,69,60,-2,10274,66,66,65,67,71
20150128 14:19,20,35,20,33,10,52,50,69,60,-2,10274,66,66,65,67,71
20150128 14:20,22,34,22,33,33,41,50,69,60,-2,10274,66,66,65,68,71
20150128 14:21,23,28,22,31,13,37,50,69,60,-2,10273,66,66,65,68,71
20150128 14:22,12,32,21,30,12,53,50,69,60,-2,10273,67,66,65,68,71
20150128 14:23,16,45,21,32,20,61,50,68,59,-4,10273,67,66,65,68,71
20150128 14:24,21,40,20,33,21,38,50,68,59,-4,10273,66,66,65,68,71
20150128 14:25,22,26,21,33,22,33,50,68,59,-4,10273,67,66,65,68,71
20150128 14:26,28,18,22,32,34,26,50,68,59,-4,10273,68,66,65,68,71
20150128 14:27,22,16,20,30,10,29,50,69,60,-2,10273,69,66,65,68,71
20150128 14:28,15,22,20,29,21,35,51,69,61,-1,10273,68,66,65,68,71
20150128 14:29,17,26,20,28,14,43,51,69,61,-1,10273,68,66,65,68,71
20150128 14:30,17,29,19,28,20,48,51,69,61,-1,10274,68,66,65,68,71
20150128 14:31,27,30,21,29,35,35,51,68,60,-3,10274,67,66,65,68,71
20150128 14:32,36,25,23,27,36,33,51,69,61,-1,10274,67,66,65,68,71
20150128 14:33,29,25,23,25,22,40,51,69,61,-1,10274,67,66,65,68,71
20150128 14:34,25,26,24,24,27,31,51,69,61,-1,10273,67,66,65,68,71
20150128 14:35,23,26,24,25,18,33,51,68,60,-3,10274,67,66,65,68,71
20150128 14:36,28,27,24,26,37,43,51,68,60,-3,10274,66,66,65,68,71
20150128 14:37,36,29,26,27,35,35,51,68,60,-3,10274,65,66,65,68,71
20150128 14:38,36,24,28,26,37,29,51,68,60,-3,10274,65,66,65,68,71
20150128 14:39,40,29,31,28,43,57,51,69,61,-1,10273,65,66,65,68,72
20150128 14:40,38,35,32,27,33,48,51,69,61,-1,10273,65,66,65,68,71
20150128 14:41,32,37,32,29,32,64,51,69,61,-1,10273,64,66,65,68,71
20150128 14:42,32,38,32,30,32,46,51,68,60,-3,10273,64,65,65,68,72
20150128 14:43,33,28,33,30,34,38,51,69,61,-1,10273,65,65,65,68,72
20150128 14:44,34,27,33,30,33,59,52,69,61,0,10272,65,65,65,68,72
20150128 14:45,26,34,34,31,19,54,52,69,61,0,10272,64,65,65,68,72
20150128 14:46,24,38,33,32,29,49,51,68,60,-3,10272,64,65,66,68,72
20150128 14:47,36,31,34,32,43,40,52,69,61,0,10272,65,65,65,68,72
20150128 14:48,43,30,34,33,44,44,52,69,61,0,10272,66,65,66,68,72
20150128 14:49,50,34,35,33,55,50,52,68,60,-2,10271,65,65,66,68,72
20150128 14:50,46,34,36,33,37,52,52,68,60,-2,10271,65,65,66,68,72
20150128 14:51,38,32,36,32,38,38,52,68,60,-2,10271,65,65,66,68,72
20150128 14:52,40,27,37,31,41,34,52,68,60,-2,10271,66,65,66,68,72
20150128 14:53,41,28,38,32,41,45,52,68,60,-2,10271,67,65,66,68,72
20150128 14:54,37,34,38,33,33,52,52,69,61,0,10271,68,65,66,68,72
20150128 14:55,36,33,40,31,40,49,52,68,60,-2,10272,68,65,66,68,72
20150128 14:56,47,26,42,30,53,34,52,68,60,-2,10272,68,65,66,68,72
20150128 14:57,46,25,42,30,40,37,53,68,61,-1,10272,68,65,66,68,72
20150128 14:58,36,28,41,30,33,36,53,68,61,-1,10272,68,65,66,68,72
20150128 14:59,32,31,39,30,31,39,53,68,61,-1,10272,69,65,66,68,72
20150128 15:00,31,31,38,29,31,45,53,68,61,-1,10272,69,65,66,68,72
20150128 15:01,27,34,36,30,22,55,53,68,61,-1,10272,69,65,66,68,72
20150128 15:02,17,33,34,30,12,34,53,68,61,-1,10272,69,65,66,68,72
20150128 15:03,16,26,31,30,19,38,53,68,61,-1,10272,70,65,66,68,72
20150128 15:04,20,30,30,29,22,53,53,68,61,-1,10272,70,65,66,68,72
20150128 15:05,23,30,29,29,24,41,53,68,61,-1,10272,70,65,66,68,72
20150128 15:06,22,35,25,31,20,59,54,68,61,0,10272,71,65,66,68,72
20150128 15:07,23,36,24,32,26,40,53,67,60,-3,10272,70,65,66,69,72
20150128 15:08,19,31,22,32,11,43,53,68,61,-1,10272,70,65,66,69,72
20150128 15:09,22,33,22,32,33,45,53,68,61,-1,10272,70,65,66,69,72
20150128 15:10,33,35,22,33,33,48,53,68,61,-1,10272,70,65,66,69,72
20150128 15:11,33,33,23,32,33,38,53,68,61,-1,10272,70,65,66,69,72
20150128 15:12,38,29,26,32,43,37,54,68,61,0,10272,70,66,66,69,72
20150128 15:13,41,27,29,32,40,41,54,68,61,0,10272,70,66,66,69,72
20150128 15:14,39,28,30,32,39,41,54,68,61,0,10273,70,66,66,69,72
20150128 15:15,29,36,30,33,20,51,54,68,61,0,10273,69,66,66,69,72
20150128 15:16,16,38,29,32,12,43,54,67,60,-2,10273,68,66,66,69,72
20150128 15:17,17,38,29,33,22,50,54,67,60,-2,10272,68,66,66,69,72
20150128 15:18,23,39,30,34,24,52,54,67,60,-2,10272,67,66,66,69,72
20150128 15:19,20,29,28,33,17,28,54,67,60,-2,10272,67,66,66,69,72
20150128 15:20,17,24,27,32,17,40,54,68,61,0,10272,68,66,66,69,72
20150128 15:21,21,24,26,31,25,31,54,67,60,-2,10272,67,66,66,69,72
20150128 15:22,27,22,24,30,28,48,54,68,61,0,10272,68,66,66,69,72
20150128 15:23,26,31,23,32,23,48,54,68,61,0,10272,67,66,66,69,72
20150128 15:24,24,38,21,32,24,44,54,68,61,0,10272,67,66,66,69,72
20150128 15:25,27,34,22,31,31,41,54,68,61,0,10272,67,66,66,69,72
20150128 15:26,39,23,26,29,47,24,54,68,61,0,10272,67,66,66,69,72
20150128 15:27,43,26,28,29,40,46,54,68,61,0,10272,68,66,66,69,72
20150128 15:28,44,43,30,30,48,70,54,67,60,-2,10273,67,66,66,69,72
20150128 15:29,47,47,33,32,47,65,54,66,59,-4,10273,65,66,66,69,72
20150128 15:30,54,39,37,33,60,57,54,66,59,-4,10272,65,66,66,69,72
20150128 15:31,56,31,40,34,53,41,54,66,59,-4,10272,64,66,66,69,72
20150128 15:32,49,35,42,36,45,60,54,66,59,-4,10272,65,66,66,69,72
20150128 15:33,44,40,44,36,42,51,54,65,58,-6,10272,64,66,66,69,72
20150128 15:34,41,32,45,35,39,36,54,66,59,-4,10272,65,66,66,69,72
20150128 15:35,30,23,44,34,21,33,54,66,59,-4,10272,65,66,66,69,72
20150128 15:36,32,20,44,34,44,39,54,66,59,-4,10271,66,66,66,69,72
20150128 15:37,41,22,44,33,39,42,54,66,59,-4,10271,67,66,66,69,72
20150128 15:38,34,24,42,30,29,40,54,66,59,-4,10271,67,66,66,69,72
20150128 15:39,34,25,41,28,39,38,55,66,60,-3,10271,67,66,66,69,72
20150128 15:40,38,27,39,28,38,40,55,66,60,-3,10271,67,66,66,69,72
20150128 15:41,35,29,37,28,33,42,55,66,60,-3,10271,67,66,66,69,72
20150128 15:42,31,25,35,26,29,45,55,66,60,-3,10271,67,65,66,69,72
20150128 15:43,28,30,34,26,26,44,55,66,60,-3,10271,68,65,66,69,72
20150128 15:44,29,37,33,27,31,52,55,66,60,-3,10271,67,65,66,69,72
20150128 15:45,31,38,34,29,32,54,55,65,59,-5,10271,67,65,66,69,72
20150128 15:46,36,36,34,30,41,45,55,65,59,-5,10271,67,65,66,69,72
20150128 15:47,38,39,33,32,35,58,55,65,59,-5,10271,67,65,66,69,72
20150128 15:48,35,40,34,33,35,50,55,65,59,-5,10271,66,65,66,69,72
20150128 15:49,35,33,34,34,35,49,55,65,59,-5,10271,67,65,66,69,72
20150128 15:50,42,27,34,33,48,36,55,65,59,-5,10271,67,65,66,69,72
20150128 15:51,41,27,35,33,35,42,55,65,59,-5,10271,67,65,66,69,72
20150128 15:52,33,35,35,35,31,56,55,65,59,-5,10271,66,65,66,69,72
20150128 15:53,26,35,34,34,22,46,55,65,59,-5,10271,66,65,66,69,72
20150128 15:54,28,26,35,33,35,36,55,66,60,-3,10271,67,65,66,69,72
20150128 15:55,38,24,36,31,41,40,55,66,60,-3,10271,68,65,66,69,72
20150128 15:56,39,31,36,32,38,58,55,66,60,-3,10270,68,65,66,69,72
20150128 15:57,40,39,36,31,41,51,55,65,59,-5,10270,67,65,66,69,73
20150128 15:58,44,34,37,31,47,43,55,65,59,-5,10270,66,65,66,69,73
20150128 15:59,45,28,38,31,43,43,55,65,59,-5,10270,67,65,66,69,72
20150128 16:00,44,32,38,31,45,44,55,65,59,-5,10270,67,65,66,69,72
20150128 16:01,46,32,39,32,46,41,55,65,59,-5,10269,67,65,66,69,73
20150128 16:02,38,27,39,30,29,34,55,66,60,-3,10270,68,65,66,69,73
20150128 16:03,31,30,40,31,34,53,55,66,60,-3,10270,68,65,66,69,73
20150128 16:04,40,35,41,32,46,47,55,65,59,-5,10271,68,65,66,69,73
20150128 16:05,43,32,41,32,39,40,55,65,59,-5,10271,68,65,66,69,73
20150128 16:06,35,29,40,32,31,42,56,65,59,-5,10271,67,65,66,69,73
20150128 16:07,38,30,40,30,44,48,56,65,59,-5,10271,67,65,66,69,73
20150128 16:08,40,39,39,32,36,64,56,65,59,-5,10270,67,65,66,69,73
20150128 16:09,44,44,40,34,52,62,56,65,59,-5,10270,65,65,66,69,73
20150128 16:10,49,44,40,35,46,66,56,65,59,-5,10270,64,65,66,70,73
20150128 16:11,44,45,40,36,42,60,55,64,58,-8,10271,63,65,66,70,73
20150128 16:12,45,36,42,36,47,43,55,64,58,-8,10271,63,65,66,70,73
20150128 16:13,48,29,43,36,49,42,55,65,59,-5,10271,63,65,66,70,73
20150128 16:14,52,33,44,36,55,60,55,65,59,-5,10271,62,65,66,70,73
20150128 16:15,45,37,44,37,35,68,55,65,59,-5,10271,61,65,66,70,73
20150128 16:16,47,33,46,37,58,40,55,65,59,-5,10270,61,65,66,70,73
20150128 16:17,45,24,45,36,32,25,55,66,60,-3,10270,61,65,66,70,73
20150128 16:18,35,22,45,33,37,43,55,66,60,-3,10271,62,65,66,70,73
20150128 16:19,27,25,42,32,17,40,55,66,60,-3,10271,62,65,66,70,73
20150128 16:20,25,32,41,31,33,51,55,65,59,-5,10271,62,65,66,70,73
20150128 16:21,42,33,41,29,50,44,55,65,59,-5,10272,61,65,66,70,73
20150128 16:22,45,32,41,30,41,55,55,65,59,-5,10272,61,65,66,70,73
20150128 16:23,44,43,41,32,48,69,55,65,59,-5,10272,60,65,66,70,73
20150128 16:24,46,42,40,32,44,50,55,65,59,-5,10272,59,65,66,70,73
20150128 16:25,40,35,40,32,36,65,55,65,59,-5,10272,59,65,66,70,73
20150128 16:26,38,35,38,33,41,47,55,65,59,-5,10272,59,65,66,70,73
20150128 16:27,46,33,40,34,51,51,55,66,60,-3,10272,59,65,66,70,73
20150128 16:28,56,34,42,35,61,48,55,66,60,-3,10272,58,64,66,70,73
20150128 16:29,61,40,47,37,61,72,55,66,60,-3,10271,57,64,66,70,73
20150128 16:30,52,34,48,35,43,37,55,66,60,-3,10271,57,64,66,70,73
20150128 16:31,53,26,49,36,64,46,55,66,60,-3,10272,57,64,66,70,73
20150128 16:32,62,31,51,35,61,53,55,66,60,-3,10272,57,64,66,70,73
20150128 16:33,62,31,53,33,63,39,55,66,60,-3,10273,56,64,66,70,73
20150128 16:34,61,30,54,33,58,51,55,66,60,-3,10273,56,64,66,70,73
20150128 16:35,56,34,56,33,53,55,55,66,60,-3,10273,56,64,66,70,73
20150128 16:36,49,38,56,33,45,52,54,66,59,-4,10273,55,64,66,70,73
20150128 16:37,34,44,53,35,23,53,54,66,59,-4,10273,54,64,66,70,73
20150128 16:38,24,44,50,35,24,57,54,66,59,-4,10273,54,64,66,70,73
20150128 16:39,29,37,47,34,34,59,54,66,59,-4,10273,54,63,66,70,73
20150128 16:40,37,30,46,35,39,38,54,66,59,-4,10273,54,63,66,70,73
20150128 16:41,39,26,44,34,39,41,54,67,60,-2,10273,53,63,66,70,73
20150128 16:42,40,27,42,34,41,40,54,67,60,-2,10273,53,63,66,70,73
20150128 16:43,37,30,39,34,34,44,54,67,60,-2,10274,53,63,66,70,73
20150128 16:44,41,30,38,34,47,43,54,67,60,-2,10273,52,63,66,70,73
20150128 16:45,48,32,38,34,49,61,54,67,60,-2,10273,52,63,66,70,73
20150128 16:46,47,35,38,33,45,45,54,66,59,-4,10273,52,63,66,70,73
20150128 16:47,40,36,39,32,35,55,54,66,59,-4,10273,52,63,66,70,73
20150128 16:48,44,38,41,32,52,55,54,66,59,-4,10274,51,62,66,70,73
20150128 16:49,50,38,43,33,48,67,54,66,59,-4,10274,51,62,66,70,73
20150128 16:50,46,41,43,34,43,60,54,66,59,-4,10274,50,62,66,70,73
20150128 16:51,44,38,44,35,46,54,54,66,59,-4,10274,50,62,66,70,73
20150128 16:52,46,30,45,35,47,41,53,66,59,-5,10274,50,62,66,70,73
20150128 16:53,48,27,46,34,49,36,53,66,59,-5,10273,50,62,66,70,73
20150128 16:54,50,29,47,35,51,46,53,66,59,-5,10274,49,62,66,70,73
20150128 16:55,47,31,46,34,42,53,53,66,59,-5,10274,49,62,66,70,73
20150128 16:56,42,35,46,35,43,56,53,66,59,-5,10274,49,61,66,70,73
20150128 16:57,43,36,46,34,43,43,53,66,59,-5,10273,48,61,66,70,73
20150128 16:58,37,36,44,34,30,58,53,66,59,-5,10273,48,61,66,70,73
20150128 16:59,36,33,44,33,42,46,53,66,59,-5,10273,48,61,66,70,73
20150128 17:00,44,35,44,33,45,59,53,66,59,-5,10274,48,61,66,70,73
20150128 17:01,44,43,44,34,44,57,53,66,59,-5,10273,48,61,66,70,73
20150128 17:02,46,38,44,35,49,44,53,66,59,-5,10273,48,61,66,70,73
20150128 17:03,49,27,44,34,50,31,53,66,59,-5,10273,48,60,66,70,73
20150128 17:04,50,22,44,33,51,43,53,67,60,-3,10273,48,60,66,70,73
20150128 17:05,47,32,44,34,42,63,53,67,60,-3,10273,48,60,66,70,73
20150128 17:06,40,34,44,33,39,34,53,66,59,-5,10273,47,60,66,70,73
20150128 17:07,41,30,44,33,43,52,53,67,60,-3,10272,47,60,66,70,73
20150128 17:08,47,34,46,33,52,52,53,67,60,-3,10272,47,60,66,70,73
20150128 17:09,59,26,48,32,67,36,53,67,60,-3,10273,47,60,66,70,73
20150128 17:10,60,24,49,31,52,47,53,67,60,-3,10273,47,60,66,70,73
20150128 17:11,53,27,50,29,53,37,53,67,60,-3,10273,47,59,66,70,73
20150128 17:12,50,32,49,29,46,56,53,68,61,-1,10273,47,59,66,70,73
20150128 17:13,42,39,48,31,38,57,53,67,60,-3,10273,46,59,66,70,73
20150128 17:14,40,36,47,32,43,55,53,67,60,-3,10273,46,59,66,70,73
20150128 17:15,50,29,49,30,58,35,53,67,60,-3,10273,46,59,66,70,73
20150128 17:16,55,23,50,30,52,36,53,68,61,-1,10272,46,59,66,70,73
20150128 17:17,57,29,52,30,62,50,52,68,60,-2,10272,46,59,66,70,73
20150128 17:18,65,36,54,30,68,47,52,68,60,-2,10272,46,59,66,70,73
20150128 17:19,62,34,53,32,56,43,52,68,60,-2,10273,46,59,66,70,73
20150128 17:20,55,31,53,32,55,47,52,67,59,-4,10273,45,58,65,70,73
20150128 17:21,53,31,53,32,50,43,52,67,59,-4,10273,45,58,65,70,73
20150128 17:22,52,31,54,31,54,46,52,68,60,-2,10272,45,58,65,70,73
20150128 17:23,55,31,55,31,55,42,52,68,60,-2,10272,45,58,65,70,73
20150128 17:24,56,30,57,30,57,40,52,68,60,-2,10272,45,58,65,70,73
20150128 17:25,60,28,57,30,62,41,52,68,60,-2,10272,45,58,65,70,73
20150128 17:26,62,26,58,31,62,35,52,68,60,-2,10271,45,58,65,70,73
20150128 17:27,60,26,58,30,57,37,52,68,60,-2,10271,45,58,65,70,73
20150128 17:28,54,26,56,29,50,35,52,68,60,-2,10271,45,58,65,70,73
20150128 17:29,47,27,55,29,44,39,52,69,61,0,10271,45,57,65,70,73
20150128 17:30,54,30,56,29,65,45,52,69,61,0,10272,45,57,65,70,73
20150128 17:31,56,28,55,28,48,38,52,68,60,-2,10272,45,57,65,70,73
20150128 17:32,48,29,55,28,48,57,52,69,61,0,10272,44,57,65,70,73
20150128 17:33,49,30,54,28,50,36,52,68,60,-2,10272,44,57,65,70,73
20150128 17:34,49,29,53,28,49,49,52,68,60,-2,10272,44,57,65,70,73
20150128 17:35,45,36,51,29,42,58,52,68,60,-2,10272,44,57,65,70,73
20150128 17:36,43,42,50,31,43,57,52,68,60,-2,10272,44,57,65,70,73
20150128 17:37,45,40,49,32,48,48,52,68,60,-2,10272,44,57,65,70,73
20150128 17:38,47,34,48,33,46,56,52,68,60,-2,10271,44,57,65,70,73
20150128 17:39,49,38,49,34,53,54,52,68,60,-2,10271,44,56,65,70,73
20150128 17:40,54,44,48,36,55,57,52,68,60,-2,10271,44,56,65,70,73
20150128 17:41,52,44,48,38,48,61,52,68,60,-2,10272,44,56,65,70,73
20150128 17:42,50,41,49,38,52,55,52,68,60,-2,10272,44,56,65,70,73
20150128 17:43,47,41,48,40,42,59,52,68,60,-2,10272,44,56,64,70,73
20150128 17:44,52,34,49,39,62,43,52,68,60,-2,10272,43,56,64,70,73
20150128 17:45,58,32,50,39,55,51,52,69,61,0,10272,43,56,64,70,74
20150128 17:46,55,31,52,37,56,40,52,69,61,0,10272,43,56,64,70,73
20150128 17:47,52,25,52,36,48,40,52,69,61,0,10272,43,56,64,70,74
20150128 17:48,50,27,52,36,53,41,51,69,61,-1,10272,43,56,64,70,74
20150128 17:49,54,32,53,35,55,56,51,69,61,-1,10272,43,56,64,70,74
20150128 17:50,50,33,52,33,46,54,51,69,61,-1,10272,43,55,64,70,74
20150128 17:51,50,33,52,32,55,55,51,69,61,-1,10272,43,55,64,70,74
20150128 17:52,53,37,52,33,51,54,51,69,61,-1,10272,43,55,64,70,74
20150128 17:53,48,41,53,32,46,52,51,69,61,-1,10272,43,55,64,70,74
20150128 17:54,46,39,51,34,46,54,51,69,61,-1,10271,43,55,64,70,74
20150128 17:55,48,40,51,34,51,59,51,69,61,-1,10271,43,55,64,70,74
20150128 17:56,46,40,49,35,42,52,51,70,61,1,10272,43,55,64,70,74
20150128 17:57,48,39,50,37,55,50,51,70,61,1,10272,43,55,64,70,74
20150128 17:58,54,38,50,38,53,51,51,70,61,1,10272,43,55,64,70,74
20150128 17:59,50,29,49,36,47,34,51,70,61,1,10271,43,55,64,70,74
20150128 18:00,44,30,49,37,40,55,51,70,61,1,10271,43,55,64,70,74
20150128 18:01,46,32,48,36,52,43,51,70,61,1,10271,43,55,64,70,74
20150128 18:02,55,25,49,34,59,32,51,70,61,1,10272,43,55,64,70,74
20150128 18:03,51,21,49,32,44,28,51,70,61,1,10272,43,54,63,70,74
20150128 18:04,45,21,49,31,46,29,51,71,62,3,10272,43,54,63,70,74
20150128 18:05,50,18,49,28,55,21,51,71,62,3,10272,43,54,63,70,74
20150128 18:06,59,18,51,26,62,30,51,71,62,3,10272,43,54,63,70,74
20150128 18:07,59,22,51,24,56,32,51,71,62,3,10272,43,54,63,70,74
20150128 18:08,53,29,51,24,49,50,51,71,62,3,10272,43,54,63,70,74
20150128 18:09,54,32,52,25,58,48,51,70,61,1,10272,43,54,63,70,74
20150128 18:10,57,32,54,25,57,57,51,70,61,1,10273,43,54,63,70,74
20150128 18:11,57,30,54,25,58,56,51,70,61,1,10273,43,54,63,70,74
20150128 18:12,54,27,54,25,51,44,51,70,61,1,10273,43,54,63,70,74
20150128 18:13,53,32,55,27,56,48,51,70,61,1,10273,43,54,63,70,74
20150128 18:14,55,34,56,28,55,44,51,70,61,1,10273,43,54,63,70,74
20150128 18:15,55,36,56,30,55,54,51,70,61,1,10273,43,54,63,70,74
20150128 18:16,52,37,55,32,50,65,51,70,61,1,10273,43,54,63,70,74
20150128 18:17,49,34,54,33,48,51,51,70,61,1,10273,43,54,63,70,74
20150128 18:18,46,42,53,34,43,62,51,70,61,1,10273,42,54,63,70,74
20150128 18:19,42,43,51,35,41,46,51,70,61,1,10274,43,54,63,70,74
20150128 18:20,47,34,51,35,53,48,51,70,61,1,10274,43,54,63,70,74
20150128 18:21,50,29,50,35,47,38,51,70,61,1,10273,42,53,63,70,74
20150128 18:22,41,33,48,36,34,60,51,70,61,1,10273,42,53,63,70,74
20150128 18:23,40,38,47,36,45,53,51,69,61,-1,10273,42,53,63,70,74
20150128 18:24,48,34,47,36,50,63,51,69,61,-1,10273,42,53,63,70,74
20150128 18:25,47,32,46,35,44,45,51,69,61,-1,10273,42,53,62,70,74
20150128 18:26,46,28,45,34,47,37,51,70,61,1,10273,42,53,62,70,74
20150128 18:27,45,25,45,33,43,37,51,70,61,1,10273,42,53,62,70,74
20150128 18:28,40,30,44,32,38,64,51,70,61,1,10273,42,53,62,70,74
20150128 18:29,46,27,45,30,53,35,51,70,61,1,10273,42,53,62,70,74
20150128 18:30,51,25,45,30,49,65,51,70,61,1,10273,42,53,62,70,74
20150128 18:31,49,33,45,31,48,62,51,70,61,1,10273,42,53,62,70,74
20150128 18:32,48,33,46,30,47,37,50,70,61,0,10273,42,53,62,70,74
20150128 18:33,50,34,47,30,53,57,50,70,61,0,10273,42,53,62,70,74
20150128 18:34,51,40,47,31,48,64,50,70,61,0,10273,42,53,62,70,74
20150128 18:35,45,35,47,31,43,43,50,70,61,0,10273,42,53,62,69,74
20150128 18:36,46,32,47,32,48,52,50,70,61,0,10273,42,53,62,70,74
20150128 18:37,50,32,48,32,51,38,50,70,61,0,10272,42,53,62,69,74
20150128 18:38,55,34,50,33,59,47,50,70,61,0,10272,42,53,62,69,74
20150128 18:39,57,33,50,34,56,39,50,70,61,0,10272,42,52,62,69,74
20150128 18:40,51,26,50,33,46,30,50,70,61,0,10272,42,52,62,69,74
20150128 18:41,52,27,51,33,58,52,50,70,61,0,10272,42,52,62,69,74
20150128 18:42,50,29,50,33,41,39,50,70,61,0,10272,42,52,62,69,74
20150128 18:43,40,31,49,32,39,51,50,71,62,2,10272,42,52,62,69,74
20150128 18:44,40,32,48,31,41,50,50,71,62,2,10272,42,52,62,69,74
20150128 18:45,44,32,49,31,47,42,50,71,62,2,10272,42,52,62,69,74
20150128 18:46,46,26,48,30,46,25,50,71,62,2,10272,42,52,62,69,74
20150128 18:47,50,24,49,30,54,45,50,71,62,2,10272,42,52,62,69,74
20150128 18:48,48,25,47,28,43,31,50,71,62,2,10273,42,52,62,69,74
20150128 18:49,48,30,47,29,53,67,50,71,62,2,10273,42,52,62,69,74
20150128 18:50,51,33,47,29,50,42,50,71,62,2,10272,42,52,62,69,74
20150128 18:51,53,29,47,29,55,47,50,71,62,2,10273,42,52,61,69,74
20150128 18:52,49,33,47,30,42,46,50,71,62,2,10273,42,52,61,69,74
20150128 18:53,39,37,47,31,36,53,50,71,62,2,10273,42,52,61,69,74
20150128 18:54,37,39,47,31,39,53,50,71,62,2,10273,42,52,61,69,74
20150128 18:55,43,38,47,32,47,59,50,71,62,2,10274,42,52,61,69,74
20150128 18:56,45,44,46,35,42,60,50,71,62,2,10274,42,52,61,69,74
20150128 18:57,42,47,45,36,42,58,50,71,62,2,10274,42,52,61,69,74
20150128 18:58,47,41,46,38,53,50,50,71,62,2,10275,41,52,61,69,74
20150128 18:59,51,35,45,37,49,46,50,71,62,2,10274,42,52,61,69,74
20150128 19:00,46,32,45,38,43,40,50,71,62,2,10274,41,52,61,69,74
20150128 19:01,41,38,43,39,39,65,50,72,63,4,10274,41,52,61,69,74
20150128 19:02,39,42,43,39,39,60,50,71,62,2,10273,41,52,61,69,74
20150128 19:03,45,40,44,40,51,61,50,71,62,2,10273,41,52,61,69,74
20150128 19:04,48,44,45,41,44,62,50,71,62,2,10273,41,51,61,69,74
20150128 19:05,50,37,46,39,55,45,50,71,62,2,10274,41,52,61,69,74
20150128 19:06,54,27,47,37,52,35,50,72,63,4,10274,41,51,61,69,74
20150128 19:07,54,30,48,36,56,41,50,72,63,4,10275,41,51,61,69,74
20150128 19:08,50,34,47,36,44,49,50,72,63,4,10275,41,51,61,69,74
20150128 19:09,45,31,47,35,46,48,50,72,63,4,10274,41,51,61,69,74
20150128 19:10,46,31,47,35,47,50,50,72,63,4,10274,41,51,61,69,74
20150128 19:11,48,36,48,35,49,52,50,72,63,4,10274,41,51,61,69,74
20150128 19:12,51,34,50,34,53,40,50,72,63,4,10274,41,51,61,69,74
20150128 19:13,54,33,50,33,56,47,50,72,63,4,10274,41,51,61,69,74
20150128 19:14,52,33,51,32,48,42,49,72,62,3,10274,41,51,61,69,74
20150128 19:15,43,29,49,32,37,42,49,72,62,3,10274,41,51,61,69,74
20150128 19:16,39,31,48,33,41,43,49,72,62,3,10274,41,51,61,69,74
20150128 19:17,48,32,48,32,55,47,49,72,62,3,10274,41,51,61,69,74
20150128 19:18,51,33,48,33,48,52,49,72,62,3,10274,41,51,61,69,74
20150128 19:19,50,31,49,32,53,36,49,72,62,3,10273,41,51,60,69,74
20150128 19:20,56,27,50,32,59,40,49,72,62,3,10273,41,51,60,69,74
20150128 19:21,54,31,50,31,50,47,49,72,62,3,10272,41,51,60,69,74
20150128 19:22,56,32,51,32,62,43,49,72,62,3,10272,41,51,60,69,74
20150128 19:23,56,30,50,31,50,43,49,72,62,3,10272,41,51,60,69,73
20150128 19:24,49,32,50,31,47,51,49,72,62,3,10273,41,51,60,69,73
20150128 19:25,50,34,52,32,54,47,49,72,62,3,10274,41,51,60,69,74
20150128 19:26,57,33,54,32,60,45,49,72,62,3,10274,41,51,60,69,73
20150128 19:27,57,31,54,32,54,49,49,72,62,3,10274,41,51,60,69,73
20150128 19:28,51,30,54,31,48,39,49,72,62,3,10274,41,51,60,69,73
20150128 19:29,49,28,53,31,50,33,49,73,63,5,10273,41,51,60,69,74
20150128 19:30,51,27,53,31,51,50,49,73,63,5,10273,41,51,60,69,73
20150128 19:31,49,30,52,31,46,49,49,73,63,5,10273,41,51,60,69,74
20150128 19:32,49,32,51,31,52,48,49,73,63,5,10273,41,51,60,69,73
20150128 19:33,52,31,51,31,52,47,49,73,63,5,10273,41,50,60,69,73
20150128 19:34,46,30,51,30,40,44,49,73,63,5,10274,41,50,60,69,73
20150128 19:35,42,27,50,30,44,42,49,73,63,5,10274,41,50,60,68,73
20150128 19:36,48,27,49,29,52,46,49,73,63,5,10274,41,50,60,68,73
20150128 19:37,51,27,49,29,50,36,49,73,63,5,10274,41,50,60,68,73
20150128 19:38,55,31,50,29,60,47,49,73,63,5,10273,41,50,60,68,73
20150128 19:39,59,31,50,29,57,38,49,72,62,3,10273,41,50,60,68,73
20150128 19:40,55,31,51,30,54,51,49,73,63,5,10273,41,50,60,68,73
20150128 19:41,51,37,51,31,48,57,49,72,62,3,10273,41,50,60,68,73
20150128 19:42,45,31,50,30,43,34,49,72,62,3,10274,41,50,60,68,73
20150128 19:43,43,27,49,30,44,40,49,73,63,5,10274,41,50,60,68,73
20150128 19:44,46,26,50,29,48,34,49,73,63,5,10274,41,50,60,68,73
20150128 19:45,48,25,50,29,47,39,49,73,63,5,10274,41,50,60,68,73
20150128 19:46,42,28,49,29,38,37,49,73,63,5,10274,41,50,60,68,73
20150128 19:47,41,28,48,30,45,40,49,73,63,5,10274,41,50,60,68,73
20150128 19:48,44,28,47,29,42,39,49,73,63,5,10275,41,50,60,68,73
20150128 19:49,41,27,45,29,40,42,49,73,63,5,10275,41,50,60,68,73
20150128 19:50,45,29,44,28,49,42,49,73,63,5,10275,41,50,60,68,73
20150128 19:51,50,28,45,27,51,37,49,73,63,5,10275,41,50,60,68,73
20150128 19:52,47,23,45,27,42,42,49,73,63,5,10274,41,50,59,68,73
20150128 19:53,46,25,45,27,50,42,49,73,63,5,10274,41,50,59,68,73
20150128 19:54,46,29,45,27,42,42,49,73,63,5,10274,41,50,59,68,73
20150128 19:55,49,27,45,27,55,39,49,73,63,5,10274,41,50,59,68,73
20150128 19:56,57,27,47,27,59,42,49,73,63,5,10274,41,50,59,68,73
20150128 19:57,53,28,48,27,47,42,49,73,63,5,10274,41,50,59,68,73
20150128 19:58,47,27,48,27,46,39,49,73,63,5,10274,41,50,59,68,73
20150128 19:59,49,23,49,26,52,25,49,73,63,5,10274,41,50,59,68,73
20150128 20:00,53,20,50,25,54,34,49,73,63,5,10274,41,50,59,68,73
