time_now,wd_avg_2mins,ws_avg_2mins,wd_avg_10mins,ws_avg_10mins,wd_maxsp_this_min,ws_maxsp_this_min,air_temp_by_box,relative_humidity,water_vapor_pressure,dew_temp,station_pressure,ground_temp_pt,ground_tem_5cm,ground_tem_10cm,ground_tem_15cm,ground_tem_20cm
20150204 20:01,304,12,300,10,307,19,60,76,71,21,10303,52,60,66,71,73
20150204 20:02,302,9,300,10,297,8,60,76,71,21,10303,52,60,66,71,73
20150204 20:03,297,7,300,10,297,10,60,76,71,21,10303,52,60,66,71,73
20150204 20:04,294,9,300,9,292,15,60,76,71,21,10303,52,60,66,71,73
20150204 20:05,293,9,300,9,294,11,60,76,71,21,10303,52,60,66,71,73
20150204 20:06,297,8,300,9,300,14,60,76,71,21,10303,52,60,66,71,73
20150204 20:07,299,12,299,9,297,19,60,76,71,21,10303,52,60,66,71,73
20150204 20:08,298,11,298,10,300,11,60,76,71,21,10303,52,60,66,71,73
20150204 20:09,293,8,297,10,285,10,60,76,71,21,10303,52,60,66,71,73
20150204 20:10,287,8,296,9,288,10,60,76,71,21,10303,52,60,66,71,73
20150204 20:11,293,9,295,9,298,12,60,76,71,21,10303,52,60,65,70,73
20150204 20:12,302,10,296,9,306,13,60,76,71,21,10303,52,60,65,71,73
20150204 20:13,307,11,297,10,308,17,60,76,71,21,10303,52,60,65,71,73
20150204 20:14,311,12,299,10,314,14,60,76,71,21,10303,52,60,65,71,73
20150204 20:15,307,10,300,10,300,13,60,75,70,19,10303,52,60,65,70,73
20150204 20:16,296,9,299,10,293,12,60,76,71,21,10303,52,60,65,70,73
20150204 20:17,292,8,298,9,292,10,60,76,71,21,10303,52,60,65,70,73
20150204 20:18,299,8,299,9,307,13,60,76,71,21,10303,52,60,65,70,73
20150204 20:19,307,11,301,10,307,16,60,76,71,21,10302,52,60,65,70,73
20150204 20:20,299,9,302,10,291,9,60,76,71,21,10302,52,60,65,70,73
20150204 20:21,294,8,302,9,297,12,60,76,71,21,10302,52,60,65,70,73
20150204 20:22,298,10,301,10,298,14,60,76,71,21,10302,52,60,65,70,73
20150204 20:23,298,11,300,9,298,16,60,76,71,21,10302,52,60,65,70,73
20150204 20:24,299,10,298,9,301,14,60,75,70,19,10302,52,60,65,70,73
20150204 20:25,302,10,299,9,302,15,61,75,71,20,10303,52,60,65,70,73
20150204 20:26,301,11,299,10,299,19,60,76,71,21,10303,52,60,65,70,73
20150204 20:27,301,12,300,10,302,18,61,76,72,22,10303,52,60,65,70,73
20150204 20:28,302,13,300,11,302,15,61,76,72,22,10303,52,59,65,70,73
20150204 20:29,303,12,299,10,303,13,60,76,71,21,10303,52,60,65,70,73
20150204 20:30,307,11,301,11,310,13,61,76,72,22,10303,52,59,65,70,73
20150204 20:31,309,12,302,11,309,14,61,76,72,22,10303,52,59,65,70,73
20150204 20:32,304,12,303,11,300,14,61,76,72,22,10303,52,59,65,70,73
20150204 20:33,299,10,303,11,299,11,61,76,72,22,10303,52,59,65,70,73
20150204 20:34,302,9,303,11,304,16,61,76,72,22,10303,52,59,65,70,73
20150204 20:35,304,12,303,11,303,18,61,76,72,22,10303,52,59,65,70,73
20150204 20:36,308,13,304,12,312,19,61,76,72,22,10303,52,59,65,70,73
20150204 20:37,308,15,305,12,304,21,61,76,72,22,10303,52,59,65,70,73
20150204 20:38,301,15,304,12,299,18,61,76,72,22,10303,52,59,65,70,73
20150204 20:39,304,15,305,13,308,18,61,76,72,22,10303,52,59,65,70,73
20150204 20:40,310,15,305,13,312,20,61,75,71,20,10303,52,59,65,70,73
20150204 20:41,308,15,304,13,304,20,61,75,71,20,10303,52,59,65,70,73
20150204 20:42,306,16,305,14,307,21,61,76,72,22,10303,52,59,65,70,73
20150204 20:43,304,15,305,14,302,16,61,75,71,20,10304,52,59,65,70,73
20150204 20:44,305,11,306,14,309,12,61,75,71,20,10304,52,59,65,70,73
20150204 20:45,304,11,306,14,299,19,61,76,72,22,10304,52,59,65,70,73
20150204 20:46,302,13,305,14,305,19,61,76,72,22,10304,52,59,65,70,73
20150204 20:47,300,12,304,14,295,14,61,75,71,20,10304,52,59,65,70,73
20150204 20:48,305,12,306,14,315,19,61,76,72,22,10304,52,59,65,70,73
20150204 20:49,316,15,307,14,317,24,61,76,72,22,10304,52,59,65,70,73
20150204 20:50,312,18,306,14,306,23,61,76,72,22,10304,52,59,65,70,73
20150204 20:51,304,16,306,14,302,23,61,76,72,22,10304,52,59,65,70,73
20150204 20:52,308,14,306,14,315,22,61,76,72,22,10304,52,59,65,70,73
20150204 20:53,310,14,307,14,305,20,61,76,72,22,10304,52,59,65,70,73
20150204 20:54,313,13,308,14,320,19,61,76,72,22,10304,52,59,65,70,73
20150204 20:55,321,13,310,14,321,25,61,76,72,22,10304,52,59,65,70,73
20150204 20:56,316,15,311,15,311,19,61,76,72,22,10304,52,59,65,70,73
20150204 20:57,310,16,312,15,308,24,61,76,72,22,10304,52,59,65,70,73
20150204 20:58,315,18,313,16,321,22,61,76,72,22,10304,52,59,65,70,73
20150204 20:59,315,15,312,15,309,17,61,76,72,22,10304,52,59,65,70,73
20150204 21:00,310,13,312,15,311,18,61,76,72,22,10304,52,59,64,70,73
20150204 21:01,307,12,312,14,303,16,61,76,72,22,10304,52,59,64,70,73
20150204 21:02,308,13,312,14,314,25,61,76,72,22,10304,52,59,65,70,73
20150204 21:03,316,18,314,15,318,28,61,76,72,22,10304,52,59,64,70,73
20150204 21:04,318,21,313,16,317,24,61,76,72,22,10304,52,59,64,70,73
20150204 21:05,313,18,312,16,309,20,61,75,71,20,10304,52,59,64,70,73
20150204 21:06,308,17,312,16,308,24,61,75,71,20,10304,52,59,64,70,73
20150204 21:07,307,17,312,16,306,21,61,75,71,20,10305,52,59,64,70,73
20150204 21:08,308,17,310,16,310,28,61,75,71,20,10305,52,58,64,70,73
20150204 21:09,312,20,311,17,314,28,61,75,71,20,10305,51,58,64,70,73
20150204 21:10,312,18,311,17,309,25,61,76,72,22,10305,51,58,64,70,73
20150204 21:11,312,15,312,18,314,21,61,76,72,22,10305,51,58,64,70,73
20150204 21:12,313,16,312,18,311,22,61,75,71,20,10305,51,58,64,70,73
20150204 21:13,311,19,311,18,311,25,61,76,72,22,10305,51,58,64,70,73
20150204 21:14,305,18,309,17,299,21,61,76,72,22,10305,51,58,64,70,73
20150204 21:15,302,21,309,18,304,34,61,76,72,22,10305,51,58,64,70,73
20150204 21:16,307,24,309,19,310,30,61,76,72,22,10305,51,58,64,70,73
20150204 21:17,310,23,309,19,310,32,61,76,72,22,10306,51,58,64,70,73
20150204 21:18,303,20,308,19,295,21,61,76,72,22,10306,51,58,64,70,73
20150204 21:19,300,19,307,19,305,30,61,76,72,22,10306,51,58,64,70,73
20150204 21:20,307,22,307,20,309,31,61,76,72,22,10306,51,58,64,70,73
20150204 21:21,309,21,306,20,308,29,60,76,71,21,10306,50,58,64,70,73
20150204 21:22,301,18,305,21,294,22,60,76,71,21,10306,50,58,64,70,72
20150204 21:23,290,13,302,19,286,13,60,76,71,21,10305,50,58,64,70,72
20150204 21:24,287,13,301,19,288,21,60,77,72,23,10305,50,58,64,70,72
20150204 21:25,286,15,299,18,285,19,60,77,72,23,10305,50,58,64,70,73
20150204 21:26,286,12,297,17,288,15,60,78,73,25,10305,50,58,64,70,72
20150204 21:27,286,10,294,16,284,13,60,78,73,25,10305,50,58,64,70,72
20150204 21:28,287,12,294,16,290,18,59,78,72,24,10305,50,58,64,70,72
20150204 21:29,296,15,293,15,302,19,59,79,73,25,10305,50,58,64,70,72
20150204 21:30,305,12,293,14,309,13,59,79,73,25,10305,49,58,64,70,72
20150204 21:31,304,10,293,13,300,12,59,79,73,25,10305,49,58,64,70,72
20150204 21:32,302,13,294,13,304,22,59,79,73,25,10305,49,58,64,70,72
20150204 21:33,302,16,295,13,299,24,59,79,73,25,10305,49,58,64,70,72
20150204 21:34,301,16,296,13,302,22,59,79,73,25,10305,49,58,64,70,72
20150204 21:35,305,16,299,13,308,18,59,79,73,25,10305,49,58,64,70,72
20150204 21:36,304,15,300,14,300,18,58,79,73,24,10305,49,58,64,69,72
20150204 21:37,297,16,301,15,293,22,58,79,73,24,10305,49,58,64,70,72
20150204 21:38,311,16,305,15,330,18,58,79,73,24,10304,49,58,64,69,72
20150204 21:39,321,16,306,15,313,23,58,79,73,24,10305,49,58,64,69,72
20150204 21:40,314,19,306,16,316,25,58,79,73,24,10305,49,58,64,69,72
20150204 21:41,316,18,308,16,316,19,58,79,73,24,10305,49,58,64,69,72
20150204 21:42,307,12,307,16,298,13,58,79,73,24,10305,49,58,64,69,72
20150204 21:43,309,12,309,15,319,20,58,79,73,24,10305,49,58,64,69,72
20150204 21:44,321,15,312,15,322,24,58,79,73,24,10305,49,58,64,69,72
20150204 21:45,314,13,311,15,307,14,58,79,73,24,10305,49,58,64,69,72
20150204 21:46,307,9,312,14,308,11,58,79,73,24,10304,49,58,64,69,72
20150204 21:47,305,9,313,13,302,13,58,79,73,24,10304,49,58,64,69,72
20150204 21:48,306,11,311,13,310,16,58,79,73,24,10304,49,58,64,69,72
20150204 21:49,317,12,312,13,324,18,58,79,73,24,10304,49,57,64,69,72
20150204 21:50,320,13,312,12,314,17,58,79,73,24,10304,49,57,64,69,72
20150204 21:51,312,16,311,12,310,26,58,79,73,24,10304,49,57,64,69,72
20150204 21:52,315,21,314,14,321,35,58,79,73,24,10304,49,57,64,69,72
20150204 21:53,316,25,313,15,312,31,58,79,73,24,10304,49,57,64,69,72
20150204 21:54,320,23,314,15,329,30,58,78,72,23,10304,50,57,63,69,72
20150204 21:55,324,18,315,16,319,21,58,78,72,23,10304,50,57,63,69,72
20150204 21:56,317,17,316,17,315,21,58,78,72,23,10304,50,57,63,69,72
20150204 21:57,311,18,316,18,308,23,58,78,72,23,10304,50,57,63,69,72
20150204 21:58,313,20,317,19,318,28,58,78,72,23,10303,50,57,63,69,72
20150204 21:59,313,23,315,20,309,28,58,78,72,23,10303,50,57,63,69,72
20150204 22:00,306,20,314,20,303,21,58,77,71,21,10303,49,57,63,69,72
20150204 22:01,305,19,314,20,308,25,58,78,72,23,10303,49,57,63,69,72
20150204 22:02,308,17,313,20,307,22,58,78,72,23,10303,49,57,63,69,72
20150204 22:03,318,17,314,19,329,25,58,77,71,21,10303,50,57,63,69,72
20150204 22:04,332,17,315,18,336,21,58,77,71,21,10303,50,57,63,69,72
20150204 22:05,334,15,316,18,331,20,58,77,71,21,10303,50,57,63,69,72
20150204 22:06,326,14,317,18,320,19,58,77,71,21,10302,50,57,63,69,72
20150204 22:07,319,13,318,17,318,19,58,77,71,21,10302,50,57,63,69,72
20150204 22:08,322,15,319,17,326,25,58,77,71,21,10302,50,57,63,69,72
20150204 22:09,326,18,320,16,326,23,58,77,71,21,10302,49,57,63,69,72
20150204 22:10,328,17,323,16,330,21,58,77,71,21,10302,50,57,63,69,72
20150204 22:11,329,19,325,16,328,28,58,77,71,21,10302,50,57,63,69,72
20150204 22:12,328,19,327,16,328,22,58,77,71,21,10302,50,57,63,69,72
20150204 22:13,329,16,327,16,330,21,58,77,71,21,10302,50,57,63,69,72
20150204 22:14,330,15,327,16,330,19,58,77,71,21,10302,50,57,63,69,72
20150204 22:15,331,13,327,16,333,14,58,77,71,21,10302,49,57,63,69,72
20150204 22:16,326,11,327,15,319,16,58,77,71,21,10302,49,57,63,69,72
20150204 22:17,323,12,328,16,327,17,58,77,71,21,10302,49,57,63,69,72
20150204 22:18,338,11,330,15,348,12,58,77,71,21,10302,49,57,63,69,72
20150204 22:19,358,6,334,13,8,8,58,77,71,21,10302,49,57,63,69,72
20150204 22:20,359,6,336,12,351,12,58,77,71,21,10302,49,57,63,69,72
20150204 22:21,342,7,337,11,333,10,58,77,71,21,10302,49,57,63,69,72
20150204 22:22,339,10,338,11,345,16,58,77,71,21,10302,49,57,63,69,72
20150204 22:23,346,12,340,10,348,20,58,77,71,21,10302,49,57,63,69,72
20150204 22:24,346,14,341,10,343,20,58,77,71,21,10302,49,57,63,69,72
20150204 22:25,340,15,342,10,337,19,58,77,71,21,10302,49,57,63,69,72
20150204 22:26,338,11,344,10,340,13,58,76,70,19,10302,49,57,63,69,72
20150204 22:27,341,11,346,10,343,21,58,77,71,21,10301,49,57,63,69,72
20150204 22:28,343,14,345,11,343,20,58,77,71,21,10301,49,57,63,69,72
20150204 22:29,337,14,341,12,331,18,58,76,70,19,10301,49,57,63,69,72
20150204 22:30,337,13,341,12,343,15,58,76,70,19,10301,50,57,63,69,72
20150204 22:31,342,11,342,13,342,16,58,76,70,19,10301,50,57,63,69,72
20150204 22:32,334,11,340,12,326,17,58,76,70,19,10301,50,57,63,69,72
20150204 22:33,328,11,338,13,331,15,58,76,70,19,10302,50,57,63,69,72
20150204 22:34,331,13,337,12,332,20,58,76,70,19,10302,50,57,63,69,72
20150204 22:35,325,14,335,12,318,17,58,76,70,19,10302,50,56,63,69,72
20150204 22:36,329,14,335,13,339,18,58,76,70,19,10302,50,56,63,69,72
20150204 22:37,343,15,335,13,348,23,58,76,70,19,10302,50,56,63,69,72
20150204 22:38,345,16,335,13,343,21,58,76,70,19,10302,50,57,63,69,72
20150204 22:39,342,13,336,13,342,14,58,76,70,19,10302,50,56,63,69,72
20150204 22:40,347,10,337,12,351,15,58,76,70,19,10302,50,56,63,69,72
20150204 22:41,352,10,338,13,354,16,58,76,70,19,10301,50,56,63,69,72
20150204 22:42,350,11,340,12,346,12,58,76,70,19,10301,50,56,63,69,72
20150204 22:43,341,9,341,12,337,11,58,76,70,19,10301,50,56,63,69,72
20150204 22:44,335,8,341,12,332,12,58,76,70,19,10301,50,56,63,69,72
20150204 22:45,343,8,345,11,354,11,58,76,70,19,10301,49,56,63,69,72
20150204 22:46,357,9,347,11,359,14,58,76,70,19,10301,50,56,63,69,72
20150204 22:47,2,10,348,10,4,12,58,76,70,19,10301,50,56,63,69,72
20150204 22:48,354,10,348,9,344,13,58,75,69,17,10301,49,56,63,69,72
20150204 22:49,348,10,349,10,351,16,58,75,69,17,10301,49,56,62,69,72
20150204 22:50,349,11,349,10,346,16,58,75,69,17,10301,50,56,63,69,72
20150204 22:51,352,10,349,10,357,13,58,76,70,19,10301,50,56,62,69,72
20150204 22:52,15,9,353,9,33,10,58,76,70,19,10300,50,56,62,69,72
20150204 22:53,29,7,358,9,25,11,58,76,70,19,10300,49,56,62,69,72
20150204 22:54,15,7,2,9,6,12,58,76,70,19,10300,49,56,62,69,72
20150204 22:55,17,9,5,9,27,14,58,75,69,17,10300,49,56,62,69,72
20150204 22:56,35,10,9,9,43,12,58,75,69,17,10300,49,56,62,69,72
20150204 22:57,28,10,10,9,13,18,58,76,70,19,10300,49,56,62,69,72
20150204 22:58,20,8,15,9,27,15,58,76,70,19,10299,49,56,62,69,72
20150204 22:59,18,10,17,9,9,18,58,75,69,17,10300,49,56,62,69,72
20150204 23:00,7,13,18,9,5,15,58,75,69,17,10300,49,56,62,69,72
20150204 23:01,4,12,19,10,3,15,58,75,69,17,10300,49,56,62,68,72
20150204 23:02,13,11,18,10,24,14,58,75,69,17,10300,49,56,62,69,72
20150204 23:03,25,10,18,10,26,11,58,76,70,19,10300,49,56,62,68,72
20150204 23:04,31,10,21,10,36,15,58,76,70,19,10300,49,56,62,68,72
20150204 23:05,54,13,25,11,70,20,58,76,70,19,10300,49,56,62,68,72
20150204 23:06,72,15,28,11,73,16,58,78,72,23,10300,49,56,62,68,72
20150204 23:07,70,12,34,11,67,14,57,79,72,23,10300,49,56,62,68,72
20150204 23:08,67,9,38,11,67,13,57,80,73,25,10300,49,56,62,68,72
20150204 23:09,71,11,45,11,74,17,57,80,73,25,10301,49,56,62,68,72
20150204 23:10,77,14,53,12,81,17,57,81,74,27,10301,49,56,62,68,72
20150204 23:11,74,14,59,12,68,19,56,81,74,26,10301,49,56,62,68,72
20150204 23:12,71,15,64,12,73,19,56,82,75,28,10301,49,56,62,68,72
20150204 23:13,72,14,68,13,71,17,56,82,75,28,10301,49,56,62,68,72
20150204 23:14,68,11,71,13,66,12,56,82,75,28,10301,49,56,62,68,72
20150204 23:15,65,8,70,12,64,11,56,82,75,28,10301,49,56,62,68,72
20150204 23:16,65,8,70,11,65,13,55,83,75,28,10301,49,56,62,68,72
20150204 23:17,70,8,70,11,75,10,55,83,75,28,10301,49,56,62,68,72
20150204 23:18,73,7,71,11,72,13,55,83,75,28,10301,49,56,62,68,72
20150204 23:19,70,7,70,10,68,9,55,83,75,28,10301,49,56,62,68,72
20150204 23:20,63,7,68,10,58,10,55,83,75,28,10300,49,56,62,68,72
20150204 23:21,66,7,69,9,75,9,55,84,76,30,10300,49,56,62,68,72
20150204 23:22,74,7,69,8,72,12,55,83,75,28,10300,49,56,62,68,72
20150204 23:23,72,7,69,8,71,11,55,84,76,30,10300,49,56,62,68,72
20150204 23:24,72,9,69,8,73,17,55,84,76,30,10300,49,56,62,68,72
20150204 23:25,69,12,70,9,66,16,54,84,75,29,10300,49,56,62,68,72
20150204 23:26,63,13,69,9,60,14,54,84,75,29,10300,49,56,62,68,72
20150204 23:27,60,11,67,9,59,11,54,84,75,29,10300,49,56,62,68,72
20150204 23:28,64,9,67,9,69,12,54,84,75,29,10300,49,56,62,68,72
20150204 23:29,70,9,68,9,72,13,54,84,75,29,10300,49,56,62,68,72
20150204 23:30,73,10,69,10,73,11,54,84,75,29,10300,48,56,62,68,72
20150204 23:31,74,11,69,10,76,15,54,84,75,29,10300,48,56,62,68,72
20150204 23:32,69,11,68,10,62,15,54,85,76,31,10300,48,56,62,68,72
20150204 23:33,64,12,68,11,66,20,54,85,76,31,10300,48,56,62,68,72
20150204 23:34,67,14,67,11,67,19,53,85,76,30,10300,48,56,62,68,72
20150204 23:35,69,14,68,11,71,19,53,85,76,30,10300,48,56,62,68,72
20150204 23:36,73,14,69,11,75,19,53,86,77,32,10300,48,56,62,68,72
20150204 23:37,70,13,70,12,65,15,53,86,77,32,10300,48,56,62,68,72
20150204 23:38,62,13,69,12,58,21,53,86,77,32,10300,48,56,62,68,72
20150204 23:39,58,13,67,13,58,17,53,86,77,32,10300,48,56,62,68,72
20150204 23:40,59,12,66,13,59,17,53,86,77,32,10300,48,56,62,68,72
20150204 23:41,65,11,65,13,70,13,53,86,77,32,10300,48,56,62,68,72
20150204 23:42,71,11,66,13,72,18,52,86,76,31,10300,48,56,62,68,72
20150204 23:43,67,13,66,13,61,19,52,87,77,32,10300,48,56,62,68,72
20150204 23:44,65,13,66,13,68,18,52,87,77,32,10300,48,56,62,68,72
20150204 23:45,63,11,64,12,58,13,52,87,77,32,10300,48,56,62,68,72
20150204 23:46,59,11,63,12,60,18,52,87,77,32,10300,48,56,62,68,72
20150204 23:47,66,10,64,12,72,15,52,87,77,32,10300,48,56,62,68,72
20150204 23:48,72,10,65,12,71,20,52,87,77,32,10300,48,56,62,68,72
20150204 23:49,73,13,67,12,75,18,51,87,76,31,10300,48,56,62,68,72
20150204 23:50,73,13,68,12,71,15,51,87,76,31,10300,48,56,62,68,72
20150204 23:51,70,11,68,12,69,14,51,87,76,31,10299,48,56,62,68,72
20150204 23:52,72,12,68,12,76,16,51,87,76,31,10299,48,56,62,68,72
20150204 23:53,74,13,69,12,73,15,51,87,76,31,10299,48,56,62,68,72
20150204 23:54,71,12,69,12,69,14,51,87,76,31,10299,48,56,62,68,72
20150204 23:55,72,11,71,12,74,13,51,87,76,31,10299,48,56,62,68,72
20150204 23:56,74,10,72,11,74,12,51,87,76,31,10299,48,56,62,68,72
20150204 23:57,79,9,74,11,85,11,51,88,77,33,10298,48,56,62,68,72
20150204 23:58,87,11,75,12,89,16,51,88,77,33,10298,48,56,62,68,72
20150204 23:59,88,13,77,11,88,15,51,88,77,33,10298,48,56,62,68,72
20150204 00:00,85,13,78,12,82,15,51,88,77,33,10298,48,56,62,68,72
20150204 00:01,89,10,80,11,95,10,50,88,77,32,10297,48,55,61,68,72
20150204 00:02,92,8,82,11,89,10,50,88,77,32,10297,48,56,62,68,72
20150204 00:03,83,7,82,10,77,8,50,88,77,32,10297,48,55,61,68,72
20150204 00:04,76,9,83,10,74,14,50,88,77,32,10297,48,55,62,68,72
20150204 00:05,73,11,83,10,73,13,50,88,77,32,10297,48,55,61,68,72
20150204 00:06,69,9,82,10,66,11,50,88,77,32,10298,48,55,61,68,72
20150204 00:07,69,9,80,10,72,14,50,88,77,32,10298,48,55,61,68,71
20150204 00:08,72,9,79,10,72,10,50,88,77,32,10298,48,55,61,68,72
20150204 00:09,74,8,77,9,75,10,50,88,77,32,10297,48,55,61,68,72
20150204 00:10,75,9,77,9,74,11,50,88,77,32,10297,48,55,61,68,71
20150204 00:11,75,7,75,8,75,11,50,88,77,32,10297,48,55,61,68,72
20150204 00:12,77,5,74,8,79,5,50,88,77,32,10297,48,55,61,68,71
20150204 00:13,83,4,75,8,87,5,50,88,77,32,10297,48,55,61,68,71
20150204 00:14,85,5,76,7,83,8,50,88,77,32,10297,48,55,61,68,71
20150204 00:15,84,7,77,7,86,9,50,88,77,32,10297,48,55,61,68,71
20150204 00:16,86,6,79,7,86,7,50,88,77,32,10297,48,55,61,68,71
20150204 00:17,87,5,81,6,88,6,50,88,77,32,10296,48,55,61,68,71
20150204 00:18,85,5,81,6,81,6,50,88,77,32,10296,48,55,61,68,71
20150204 00:19,88,4,83,6,96,3,50,88,77,32,10296,48,55,61,68,71
20150204 00:20,93,1,85,5,90,2,50,88,77,32,10296,48,55,61,68,71
20150204 00:21,84,1,85,4,78,3,50,88,77,32,10296,48,55,61,68,71
20150204 00:22,74,2,84,4,69,4,50,88,77,32,10296,48,55,61,68,71
20150204 00:23,71,3,83,4,73,4,50,88,77,32,10296,48,55,61,68,71
20150204 00:24,67,2,81,4,61,3,50,88,77,32,10296,48,55,61,68,71
20150204 00:25,66,3,79,3,70,5,50,88,77,32,10296,48,55,61,68,71
20150204 00:26,68,3,77,3,66,3,49,88,76,31,10296,48,55,61,68,71
20150204 00:27,69,2,76,3,72,3,49,88,76,31,10296,48,55,61,68,71
20150204 00:28,82,2,77,2,92,3,49,88,76,31,10296,48,55,61,68,71
20150204 00:29,88,1,75,2,84,3,49,88,76,31,10296,48,55,61,68,71
20150204 00:30,74,1,73,2,64,0,49,88,76,31,10296,48,55,61,68,71
20150204 00:31,63,0,71,2,62,0,49,88,76,31,10296,48,55,61,68,71
20150204 00:32,75,0,73,2,89,0,49,88,76,31,10296,48,55,61,68,71
20150204 00:33,91,0,75,1,94,0,49,88,76,31,10296,48,55,61,68,71
20150204 00:34,96,0,79,1,99,0,49,88,76,31,10296,48,55,61,68,71
20150204 00:35,96,0,82,1,93,0,49,88,76,31,10295,48,55,61,68,71
20150204 00:36,91,0,84,1,89,0,49,88,76,31,10295,48,55,61,68,71
20150204 00:37,88,0,85,0,87,0,49,88,76,31,10296,48,55,61,67,71
20150204 00:38,82,0,84,0,78,0,49,88,76,31,10296,48,55,61,67,71
20150204 00:39,74,0,82,0,69,0,49,88,76,31,10296,48,55,61,67,71
20150204 00:40,65,0,82,0,61,0,49,88,76,31,10296,48,55,61,67,71
20150204 00:41,66,0,83,0,72,0,49,88,76,31,10296,48,55,61,67,71
20150204 00:42,82,0,83,0,92,0,49,88,76,31,10295,48,55,61,67,71
20150204 00:43,118,0,88,0,149,0,49,88,76,31,10295,48,55,61,67,71
20150204 00:44,173,0,93,0,195,0,49,88,76,31,10295,48,55,61,67,71
20150204 00:45,197,0,102,0,199,0,49,88,76,31,10295,48,55,61,67,71
20150204 00:46,210,0,113,0,221,0,49,88,76,31,10295,48,55,61,67,71
20150204 00:47,220,0,131,0,220,0,49,88,76,31,10295,48,55,61,67,71
20150204 00:48,222,0,157,0,225,0,49,88,76,31,10295,48,55,61,67,71
20150204 00:49,224,0,179,0,224,0,49,88,76,31,10295,48,55,61,67,71
20150204 00:50,221,0,193,0,219,0,49,88,76,31,10295,48,55,61,67,71
20150204 00:51,219,0,203,0,219,0,49,88,76,31,10294,48,55,61,67,71
20150204 00:52,219,0,210,0,219,0,49,88,76,31,10294,48,55,61,67,71
20150204 00:53,219,0,216,0,219,0,49,88,76,31,10294,48,55,61,67,71
20150204 00:54,219,0,218,0,219,0,49,88,76,31,10294,48,55,61,67,71
20150204 00:55,234,0,223,0,250,0,49,88,76,31,10294,48,55,61,67,71
20150204 00:56,252,0,227,0,255,0,49,88,76,31,10294,48,55,61,67,71
20150204 00:57,251,0,229,0,247,0,49,88,76,31,10294,48,55,61,67,71
20150204 00:58,245,0,231,0,243,0,49,88,76,31,10294,48,55,61,67,71
20150204 00:59,237,0,232,0,232,0,49,88,76,31,10294,48,55,61,67,71
20150204 01:00,238,0,235,0,244,0,49,88,76,31,10294,48,55,61,67,71
20150204 01:01,258,0,240,0,271,0,49,88,76,31,10293,48,55,61,67,71
20150204 01:02,277,0,246,0,282,0,49,88,76,31,10293,48,55,61,67,71
20150204 01:03,292,0,254,0,301,0,49,88,76,31,10293,48,55,61,67,71
20150204 01:04,297,0,261,0,292,0,49,88,76,31,10293,48,55,61,67,71
20150204 01:05,283,0,264,0,274,0,49,88,76,31,10293,48,55,61,67,71
20150204 01:06,278,0,267,0,282,0,49,88,76,31,10293,48,55,61,67,71
20150204 01:07,281,0,270,0,280,0,49,88,76,31,10293,48,55,61,67,71
20150204 01:08,280,0,274,0,280,0,49,88,76,31,10293,48,55,61,67,71
20150204 01:09,282,0,279,0,284,0,49,88,76,31,10293,48,55,61,67,71
20150204 01:10,288,0,284,0,292,0,49,88,76,31,10293,48,55,61,67,71
20150204 01:11,295,1,286,0,298,3,49,88,76,31,10293,48,55,61,67,71
20150204 01:12,300,2,288,0,302,4,49,89,77,32,10293,48,55,61,67,71
20150204 01:13,298,3,288,1,293,4,49,89,77,32,10293,48,55,61,67,71
20150204 01:14,288,4,287,1,282,5,49,89,77,32,10293,48,55,61,67,71
20150204 01:15,280,4,287,2,278,5,49,89,77,32,10293,48,55,61,67,71
20150204 01:16,278,4,287,2,278,4,49,89,77,32,10293,48,55,61,67,71
20150204 01:17,274,3,286,2,270,4,49,89,77,32,10293,48,55,61,67,71
20150204 01:18,273,4,285,3,275,6,49,89,77,32,10293,48,55,61,67,71
20150204 01:19,280,5,285,3,284,5,49,89,77,32,10293,48,55,61,67,71
20150204 01:20,281,5,284,4,278,6,49,89,77,32,10293,48,55,61,67,71
20150204 01:21,277,6,282,4,276,7,49,89,77,32,10293,48,55,61,67,71
20150204 01:22,278,5,279,4,281,5,49,89,77,32,10293,48,55,61,67,71
20150204 01:23,277,4,278,4,274,5,49,89,77,32,10293,48,55,61,67,71
20150204 01:24,275,4,277,4,276,6,49,89,77,32,10293,48,55,61,67,71
20150204 01:25,277,5,277,5,278,7,49,89,77,32,10293,48,55,61,67,71
20150204 01:26,276,5,277,5,274,5,49,89,77,32,10293,48,55,61,67,71
20150204 01:27,272,5,276,5,269,7,49,89,77,32,10293,48,55,61,67,71
20150204 01:28,271,6,276,5,273,8,49,89,77,32,10293,48,55,61,67,71
20150204 01:29,275,7,276,5,277,9,49,89,77,32,10293,48,55,61,67,71
20150204 01:30,278,7,276,6,278,8,49,89,77,32,10293,48,55,61,67,71
20150204 01:31,278,6,276,6,278,6,49,89,77,32,10293,48,55,61,67,71
20150204 01:32,281,5,276,6,284,7,49,89,77,32,10293,48,55,61,67,71
20150204 01:33,285,5,277,6,286,6,49,89,77,32,10293,48,55,61,67,71
20150204 01:34,284,5,278,6,281,6,49,89,77,32,10293,48,55,61,67,71
20150204 01:35,283,5,279,6,285,6,49,89,77,32,10293,48,55,61,67,71
20150204 01:36,286,5,280,5,287,7,49,89,77,32,10293,48,55,61,67,71
20150204 01:37,284,4,281,5,282,6,49,89,77,32,10293,48,55,61,67,71
20150204 01:38,281,4,282,5,279,6,49,89,77,32,10293,48,55,61,67,71
20150204 01:39,283,4,283,5,287,6,49,89,77,32,10293,48,55,61,67,71
20150204 01:40,284,6,283,5,282,9,49,89,77,32,10293,48,55,61,67,71
20150204 01:41,285,7,284,5,288,10,49,89,77,32,10293,48,55,61,67,71
20150204 01:42,295,9,286,6,301,12,49,89,77,32,10293,48,55,61,67,71
20150204 01:43,299,10,287,6,297,12,49,89,77,32,10293,48,55,61,67,71
20150204 01:44,294,8,288,6,290,9,49,89,77,32,10293,48,55,61,67,71
20150204 01:45,291,7,288,7,292,11,49,89,77,32,10293,48,55,61,67,71
20150204 01:46,305,8,292,7,318,12,49,89,77,32,10293,48,55,61,67,71
20150204 01:47,311,10,294,8,304,17,49,89,77,32,10292,48,55,61,67,71
20150204 01:48,306,11,297,8,309,16,49,89,77,32,10292,48,55,61,67,71
20150204 01:49,316,10,300,9,324,13,49,89,77,32,10292,48,55,61,67,71
20150204 01:50,320,10,304,9,315,15,49,88,76,31,10292,48,55,61,67,71
20150204 01:51,321,10,308,10,326,18,49,88,76,31,10292,48,55,61,67,71
20150204 01:52,320,12,309,10,314,20,50,88,77,32,10292,48,55,61,67,71
20150204 01:53,310,14,310,10,306,21,50,88,77,32,10292,48,55,61,67,71
20150204 01:54,312,13,313,11,317,14,50,88,77,32,10292,48,55,61,67,71
20150204 01:55,318,11,315,11,319,17,50,87,76,30,10292,48,55,61,67,71
20150204 01:56,319,13,315,12,319,27,50,87,76,30,10292,48,55,61,67,71
20150204 01:57,321,16,317,12,323,27,50,86,75,29,10292,48,55,61,67,71
20150204 01:58,324,20,319,14,325,35,50,86,75,29,10292,48,55,61,67,71
20150204 01:59,328,24,320,15,331,34,50,86,75,29,10291,48,55,61,67,71
20150204 02:00,320,25,319,17,309,33,51,85,75,28,10291,48,55,61,67,71
20150204 02:01,310,21,317,17,310,32,51,85,75,28,10291,48,55,61,67,71
20150204 02:02,315,21,318,18,320,31,51,84,74,26,10291,47,55,61,67,71
20150204 02:03,323,19,320,18,326,26,51,84,74,26,10291,47,55,61,67,71
20150204 02:04,325,23,321,20,324,36,51,84,74,26,10291,47,55,60,67,71
20150204 02:05,319,27,320,22,312,35,51,84,74,26,10291,47,55,61,67,71
20150204 02:06,321,27,321,23,329,45,51,84,74,26,10291,47,55,61,67,71
20150204 02:07,327,27,321,24,324,33,52,84,74,27,10291,47,55,61,67,71
20150204 02:08,319,22,320,24,313,29,52,84,74,27,10291,47,55,61,67,71
20150204 02:09,319,22,319,23,324,31,52,84,74,27,10291,47,55,60,67,71
20150204 02:10,324,26,321,24,324,44,52,84,74,27,10291,47,55,60,67,71
20150204 02:11,322,26,322,24,320,29,52,83,73,26,10291,47,55,60,67,71
20150204 02:12,321,21,322,24,323,25,52,83,73,26,10291,47,55,61,67,71
20150204 02:13,324,20,322,24,325,34,52,83,73,26,10291,47,55,61,67,71
20150204 02:14,324,27,322,25,323,42,52,83,73,26,10291,47,55,61,67,71
20150204 02:15,327,33,324,26,330,40,52,83,73,26,10291,47,55,60,67,71
20150204 02:16,327,30,323,25,325,35,52,83,73,26,10290,47,55,61,67,71
20150204 02:17,326,28,323,26,327,34,52,83,73,26,10290,47,55,60,67,71
20150204 02:18,325,26,324,26,324,35,52,83,73,26,10290,47,55,60,67,71
20150204 02:19,311,23,322,26,297,33,52,83,73,26,10290,47,55,60,67,71
20150204 02:20,309,28,321,26,320,44,52,83,73,26,10290,47,55,60,67,71
20150204 02:21,323,28,322,26,326,29,52,83,73,26,10290,47,55,60,67,71
20150204 02:22,322,23,322,27,318,32,52,83,73,26,10290,47,55,60,67,71
20150204 02:23,320,23,321,27,322,28,52,83,73,26,10290,47,55,60,67,71
20150204 02:24,324,24,322,26,326,35,52,83,73,26,10289,47,54,60,67,71
20150204 02:25,321,21,320,25,316,21,53,83,74,27,10289,47,54,60,67,71
20150204 02:26,314,18,319,24,312,27,52,83,73,26,10289,47,54,60,67,71
20150204 02:27,321,20,319,23,331,29,52,83,73,26,10289,47,54,60,67,71
20150204 02:28,327,23,319,23,323,36,52,83,73,26,10289,47,54,60,67,71
20150204 02:29,323,28,322,24,323,35,53,83,74,27,10289,47,54,60,67,71
20150204 02:30,325,29,322,23,327,41,53,83,74,27,10289,47,54,60,67,71
20150204 02:31,328,27,323,24,328,33,53,83,74,27,10289,47,54,60,67,71
20150204 02:32,325,26,323,24,321,33,53,83,74,27,10289,47,54,60,67,71
20150204 02:33,322,26,323,25,322,40,53,83,74,27,10289,47,54,60,67,71
20150204 02:34,323,31,323,26,324,48,53,83,74,27,10289,47,54,60,67,71
20150204 02:35,327,34,324,27,331,40,53,83,74,27,10288,47,54,60,67,71
20150204 02:36,323,27,324,28,314,35,53,83,74,27,10288,47,54,60,67,71
20150204 02:37,314,24,323,28,314,35,53,83,74,27,10288,47,54,60,67,71
20150204 02:38,321,25,323,28,328,35,53,83,74,27,10288,47,54,60,67,71
20150204 02:39,321,24,322,27,314,30,53,83,74,27,10287,47,54,60,67,71
20150204 02:40,316,25,321,27,317,40,53,83,74,27,10287,47,54,60,67,71
20150204 02:41,313,27,319,27,310,34,53,83,74,27,10287,47,54,60,67,71
20150204 02:42,310,24,318,26,310,29,53,83,74,27,10287,47,54,60,67,71
20150204 02:43,320,25,319,27,330,38,53,83,74,27,10286,47,54,60,67,71
20150204 02:44,325,24,319,25,319,34,53,83,74,27,10285,47,54,60,67,71
20150204 02:45,320,22,318,24,321,37,53,83,74,27,10286,46,54,60,67,71
20150204 02:46,319,28,318,25,318,38,53,83,74,27,10286,46,54,60,67,71
20150204 02:47,325,29,320,25,333,37,53,83,74,27,10286,46,54,60,67,71
20150204 02:48,321,23,318,25,309,28,53,83,74,27,10285,46,54,60,67,71
20150204 02:49,316,21,319,25,323,36,53,83,74,27,10285,46,54,60,66,71
20150204 02:50,324,25,320,25,324,35,53,83,74,27,10285,46,54,60,67,71
20150204 02:51,324,26,321,25,323,31,52,83,73,26,10285,46,54,60,66,71
20150204 02:52,322,26,322,25,322,30,52,83,73,26,10285,46,54,60,66,71
20150204 02:53,319,25,321,25,316,31,52,83,73,26,10285,46,54,60,67,71
20150204 02:54,316,24,320,25,316,32,52,83,73,26,10285,46,54,60,66,71
20150204 02:55,312,22,319,25,309,32,52,83,73,26,10285,46,54,60,66,70
20150204 02:56,310,20,319,23,312,30,52,83,73,26,10285,46,54,60,66,71
20150204 02:57,319,20,318,23,326,27,52,83,73,26,10285,46,54,60,66,70
20150204 02:58,325,23,320,23,325,32,52,83,73,26,10285,46,54,60,66,70
20150204 02:59,328,26,320,24,330,33,52,83,73,26,10285,46,54,60,66,70
20150204 03:00,326,25,320,23,322,33,52,82,72,24,10285,46,54,60,66,70
20150204 03:01,324,23,320,23,326,31,52,82,72,24,10284,45,53,60,66,70
20150204 03:02,327,19,321,22,327,24,52,82,72,24,10284,45,53,60,66,70
20150204 03:03,325,18,322,22,323,24,52,82,72,24,10284,45,53,60,66,70
20150204 03:04,323,20,322,21,323,29,52,82,72,24,10284,45,53,60,66,70
20150204 03:05,320,24,323,22,317,38,52,82,72,24,10284,45,53,60,66,70
20150204 03:06,317,25,324,22,316,28,52,82,72,24,10284,45,53,60,66,70
20150204 03:07,324,21,324,22,332,25,52,82,72,24,10284,45,53,60,66,70
20150204 03:08,335,20,325,22,338,30,52,82,72,24,10284,45,53,60,66,70
20150204 03:09,332,27,325,22,327,42,52,82,72,24,10284,45,53,60,66,70
20150204 03:10,321,30,324,23,316,36,53,82,73,25,10284,45,53,60,66,70
20150204 03:11,316,29,323,24,315,41,53,82,73,25,10284,45,53,60,66,70
20150204 03:12,315,26,322,24,314,31,53,82,73,25,10284,45,53,60,66,70
20150204 03:13,319,23,322,25,323,33,52,82,72,24,10284,45,53,60,66,70
20150204 03:14,325,27,323,26,328,40,52,82,72,24,10284,46,53,60,66,70
20150204 03:15,327,29,323,26,326,42,52,82,72,24,10284,46,53,60,66,70
20150204 03:16,319,28,323,26,311,31,53,82,73,25,10284,46,53,60,66,70
20150204 03:17,314,27,321,27,317,34,53,82,73,25,10284,46,53,60,66,70
20150204 03:18,323,23,321,27,329,30,53,82,73,25,10284,46,53,60,66,70
20150204 03:19,332,19,321,25,334,31,53,82,73,25,10284,46,53,60,66,70
20150204 03:20,329,24,322,26,325,39,53,82,73,25,10284,46,53,60,66,70
20150204 03:21,318,26,322,25,311,34,53,82,73,25,10284,46,53,60,66,70
20150204 03:22,309,22,321,25,306,30,53,82,73,25,10284,45,53,60,66,70
20150204 03:23,312,20,321,24,319,25,53,82,73,25,10284,45,53,60,66,70
20150204 03:24,315,18,319,23,310,22,53,82,73,25,10284,45,53,60,66,70
20150204 03:25,316,22,318,23,321,38,53,82,73,25,10284,46,53,60,66,70
20150204 03:26,322,28,319,23,323,36,53,82,73,25,10284,46,53,60,66,70
20150204 03:27,321,26,320,23,318,28,53,82,73,25,10284,46,53,60,66,70
20150204 03:28,322,23,319,23,326,38,53,82,73,25,10284,46,53,60,66,70
20150204 03:29,321,26,318,24,316,39,52,82,72,24,10284,46,53,60,66,70
20150204 03:30,323,31,318,25,330,43,53,82,73,25,10284,46,53,60,66,70
20150204 03:31,322,32,318,25,314,37,53,82,73,25,10284,46,53,59,66,70
20150204 03:32,312,25,319,25,309,29,53,82,73,25,10284,46,53,59,66,70
20150204 03:33,310,23,318,26,310,35,52,82,72,24,10284,46,53,59,66,70
20150204 03:34,312,24,318,26,315,34,52,82,72,24,10284,46,53,59,66,70
20150204 03:35,320,24,319,26,325,30,52,82,72,24,10284,46,53,59,66,70
20150204 03:36,329,23,319,25,332,35,52,82,72,24,10284,46,53,59,66,70
20150204 03:37,328,26,320,26,324,40,52,82,72,24,10284,46,53,59,66,70
20150204 03:38,329,25,321,26,334,26,52,82,72,24,10284,45,53,59,66,70
20150204 03:39,315,20,319,25,296,31,52,82,72,24,10284,45,53,59,66,70
20150204 03:40,304,20,317,23,312,29,52,83,73,26,10284,46,53,59,66,70
20150204 03:41,313,20,317,22,313,29,52,83,73,26,10283,46,52,59,66,70
20150204 03:42,318,20,318,22,323,26,52,83,73,26,10284,45,53,59,66,70
20150204 03:43,322,22,320,22,321,41,52,83,73,26,10284,45,52,59,66,70
20150204 03:44,323,25,320,23,324,33,52,83,73,26,10284,45,52,59,66,70
20150204 03:45,319,27,319,23,313,46,52,83,73,26,10284,45,52,59,66,70
20150204 03:46,318,29,318,24,324,48,52,83,73,26,10284,45,52,59,66,70
20150204 03:47,321,26,318,23,318,32,52,82,72,24,10284,45,52,59,66,70
20150204 03:48,312,25,315,24,307,36,52,82,72,24,10284,45,52,59,66,70
20150204 03:49,316,28,318,25,325,39,52,82,72,24,10284,45,52,59,66,70
20150204 03:50,318,23,318,25,311,31,52,82,72,24,10284,45,52,59,66,70
20150204 03:51,312,18,318,25,313,23,52,82,72,24,10284,45,52,59,66,70
20150204 03:52,312,23,317,25,311,41,52,82,72,24,10284,45,52,59,66,70
20150204 03:53,311,28,316,26,310,35,52,82,72,24,10284,45,52,59,66,70
20150204 03:54,310,24,314,25,310,29,52,82,72,24,10284,45,52,59,66,70
20150204 03:55,312,21,314,24,314,30,52,82,72,24,10284,45,52,59,66,70
20150204 03:56,311,29,313,25,309,52,52,82,72,24,10284,45,52,59,66,70
20150204 03:57,315,30,313,25,321,36,52,82,72,24,10284,45,52,59,66,70
20150204 03:58,323,26,315,25,325,40,52,82,72,24,10285,45,52,59,66,70
20150204 03:59,320,28,314,25,316,37,52,82,72,24,10285,45,52,59,66,70
20150204 04:00,313,26,314,25,309,39,52,82,72,24,10285,45,52,59,66,70
20150204 04:01,317,27,315,27,324,39,52,82,72,24,10285,45,52,59,66,70
20150204 04:02,314,31,314,27,303,44,52,82,72,24,10285,45,52,59,66,70
20150204 04:03,305,29,314,27,307,35,52,82,72,24,10285,45,52,59,66,70
20150204 04:04,309,28,314,28,311,43,52,82,72,24,10285,45,52,59,66,70
20150204 04:05,319,31,315,29,327,44,52,82,72,24,10285,45,52,59,66,70
20150204 04:06,321,36,316,29,315,53,52,82,72,24,10285,45,52,59,66,70
20150204 04:07,311,34,314,30,307,37,52,82,72,24,10285,45,52,59,66,70
20150204 04:08,306,30,312,30,305,38,52,82,72,24,10285,45,52,59,66,70
20150204 04:09,304,29,311,30,304,37,52,82,72,24,10285,45,52,59,66,70
20150204 04:10,309,25,312,30,314,30,52,82,72,24,10285,45,52,59,66,70
20150204 04:11,320,25,312,30,326,34,52,82,72,24,10285,45,52,59,66,70
20150204 04:12,317,27,312,29,308,38,52,82,72,24,10285,45,52,59,66,70
20150204 04:13,315,24,314,29,321,29,52,83,73,26,10285,45,52,59,66,70
20150204 04:14,316,21,314,28,310,29,52,83,73,26,10285,45,52,59,66,70
20150204 04:15,311,22,312,27,312,46,52,83,73,26,10285,45,52,59,66,70
20150204 04:16,316,30,313,27,320,40,52,83,73,26,10285,45,52,59,66,70
20150204 04:17,324,35,315,27,328,42,52,83,73,26,10285,45,52,59,66,70
20150204 04:18,323,32,316,27,319,40,52,83,73,26,10285,45,52,59,66,70
20150204 04:19,314,31,317,28,310,44,52,83,73,26,10285,45,52,59,66,70
20150204 04:20,314,36,317,29,317,59,52,82,72,24,10285,45,52,59,66,70
20150204 04:21,316,38,316,30,314,51,52,82,72,24,10285,45,52,59,66,70
20150204 04:22,316,38,317,32,318,53,52,82,72,24,10285,45,52,59,66,70
20150204 04:23,318,32,317,32,318,36,52,82,72,24,10285,45,52,59,66,70
20150204 04:24,321,29,318,33,323,47,52,82,72,24,10285,45,52,59,66,70
20150204 04:25,324,30,319,33,324,37,52,82,72,24,10285,45,52,59,66,70
20150204 04:26,325,33,320,34,326,53,52,82,72,24,10285,45,52,59,66,70
20150204 04:27,333,33,321,33,339,38,52,82,72,24,10285,45,52,59,66,70
20150204 04:28,330,27,321,33,321,35,52,82,72,24,10285,45,52,59,66,70
20150204 04:29,319,22,322,31,316,30,52,82,72,24,10285,45,52,59,66,70
20150204 04:30,320,25,322,31,324,39,52,82,72,24,10285,45,52,59,66,70
20150204 04:31,324,29,323,30,324,37,52,82,72,24,10285,45,52,59,66,70
20150204 04:32,322,24,323,28,320,27,52,82,72,24,10285,45,52,59,66,70
20150204 04:33,314,25,323,28,309,38,52,82,72,24,10285,44,51,59,66,70
20150204 04:34,317,29,323,28,325,39,52,82,72,24,10284,44,52,59,66,70
20150204 04:35,323,24,323,27,322,26,52,82,72,24,10284,44,51,58,66,70
20150204 04:36,317,20,321,25,313,29,52,82,72,24,10284,44,52,59,66,70
20150204 04:37,316,22,319,25,318,28,52,82,72,24,10284,44,51,58,66,70
20150204 04:38,324,26,320,25,329,38,52,82,72,24,10284,44,51,58,66,70
20150204 04:39,329,27,321,25,328,32,52,82,72,24,10284,44,51,58,66,70
20150204 04:40,325,21,321,24,322,28,52,81,72,22,10284,44,51,58,66,70
20150204 04:41,320,23,320,24,318,49,52,81,72,22,10284,44,51,58,66,70
20150204 04:42,319,29,321,25,321,44,52,81,72,22,10285,44,51,58,66,70
20150204 04:43,319,30,321,25,318,43,52,81,72,22,10285,44,51,58,66,70
20150204 04:44,319,29,321,25,321,40,52,81,72,22,10284,44,51,58,66,70
20150204 04:45,322,33,321,27,324,51,52,81,72,22,10284,44,51,58,66,70
20150204 04:46,320,36,321,28,316,41,52,81,72,22,10284,44,51,58,65,70
20150204 04:47,311,29,320,28,306,36,52,81,72,22,10284,44,51,58,65,70
20150204 04:48,314,25,320,28,322,35,52,81,72,22,10284,44,51,58,65,70
20150204 04:49,320,24,319,28,318,36,52,81,72,22,10284,44,51,58,65,70
20150204 04:50,319,25,319,29,321,37,52,81,72,22,10284,44,51,58,65,70
20150204 04:51,317,23,318,28,314,27,52,81,72,22,10284,44,51,58,65,70
20150204 04:52,322,18,319,27,330,19,52,81,72,22,10284,44,51,58,65,70
20150204 04:53,324,15,319,25,317,21,52,81,72,22,10284,44,51,58,65,70
20150204 04:54,323,15,320,24,328,25,52,81,72,22,10285,44,51,58,65,70
20150204 04:55,326,18,320,22,323,30,52,81,72,22,10285,44,51,58,65,70
20150204 04:56,315,23,319,21,308,34,52,81,72,22,10285,44,51,58,65,70
20150204 04:57,310,27,319,22,312,41,52,81,72,22,10285,44,51,58,65,70
20150204 04:58,312,25,318,21,312,28,52,81,72,22,10285,44,51,58,65,70
20150204 04:59,309,21,317,21,306,35,52,81,72,22,10284,44,51,58,65,70
20150204 05:00,313,25,317,21,320,42,52,81,72,22,10284,44,51,58,65,70
20150204 05:01,318,29,317,22,315,43,52,81,72,22,10284,44,51,58,65,70
20150204 05:02,321,31,317,24,326,40,52,81,72,22,10284,44,51,58,65,70
20150204 05:03,322,31,317,25,318,37,52,81,72,22,10284,44,51,58,65,70
20150204 05:04,313,22,315,25,307,23,52,81,72,22,10284,44,51,58,65,70
20150204 05:05,306,16,313,25,306,20,52,81,72,22,10284,44,51,58,65,70
20150204 05:06,318,17,315,24,331,29,52,81,72,22,10284,44,51,58,65,70
20150204 05:07,328,23,317,24,325,34,51,81,71,21,10284,44,51,58,65,70
20150204 05:08,322,28,317,25,319,44,52,81,72,22,10284,44,51,58,65,70
20150204 05:09,325,30,320,25,331,39,52,81,72,22,10284,44,51,58,65,70
20150204 05:10,327,30,320,26,322,41,52,81,72,22,10284,44,51,58,65,70
20150204 05:11,319,35,320,27,317,54,52,80,71,20,10284,44,51,58,65,70
20150204 05:12,313,37,319,27,310,46,52,80,71,20,10284,44,51,58,65,70
20150204 05:13,315,36,319,28,321,43,52,80,71,20,10284,44,51,58,65,70
20150204 05:14,324,35,321,30,326,39,52,80,71,20,10284,44,51,58,65,70
20150204 05:15,325,31,323,31,323,36,52,80,71,20,10283,44,51,58,65,70
20150204 05:16,321,21,321,30,318,20,52,80,71,20,10283,44,51,58,65,70
20150204 05:17,311,17,319,30,305,30,51,80,70,19,10284,43,51,58,65,70
20150204 05:18,304,24,318,30,303,39,51,80,70,19,10284,43,51,58,65,70
20150204 05:19,315,30,317,30,327,50,51,80,70,19,10284,43,51,58,65,70
20150204 05:20,327,34,318,30,327,47,51,80,70,19,10284,43,51,58,65,70
20150204 05:21,324,35,318,30,320,43,51,80,70,19,10284,43,51,58,65,70
20150204 05:22,320,28,319,29,319,30,51,80,70,19,10284,43,51,58,65,70
20150204 05:23,314,23,318,27,308,25,51,80,70,19,10284,43,51,58,65,70
20150204 05:24,310,20,316,26,311,24,51,80,70,19,10285,43,51,58,65,70
20150204 05:25,317,18,316,25,323,32,51,80,70,19,10285,43,51,58,65,70
20150204 05:26,329,24,318,26,334,42,51,80,70,19,10285,43,51,58,65,70
20150204 05:27,321,26,318,27,308,38,51,80,70,19,10286,43,51,58,65,70
20150204 05:28,306,21,318,26,304,25,51,80,70,19,10286,43,50,58,65,70
20150204 05:29,309,19,317,25,314,27,51,81,71,21,10286,43,50,58,65,70
20150204 05:30,312,22,315,23,311,37,51,81,71,21,10286,43,50,58,65,70
20150204 05:31,309,24,314,22,307,38,51,80,70,19,10287,43,50,58,65,70
20150204 05:32,306,22,312,22,305,26,51,80,70,19,10287,43,50,58,65,70
20150204 05:33,307,20,313,22,310,25,51,80,70,19,10286,43,50,58,65,70
20150204 05:34,306,25,312,23,302,41,51,81,71,21,10286,43,50,58,65,70
20150204 05:35,307,26,311,23,311,30,51,80,70,19,10286,43,50,58,65,70
20150204 05:36,304,29,307,23,297,47,51,80,70,19,10287,43,50,58,65,70
20150204 05:37,303,33,307,24,310,39,51,80,70,19,10287,43,50,58,65,70
20150204 05:38,309,28,308,25,309,41,51,80,70,19,10287,43,50,58,65,70
20150204 05:39,308,28,307,26,307,41,51,80,70,19,10287,43,50,58,65,70
20150204 05:40,303,28,306,26,300,33,51,80,70,19,10287,43,50,58,65,70
20150204 05:41,304,23,306,26,307,30,51,80,70,19,10288,43,50,58,65,70
20150204 05:42,305,27,306,27,303,45,51,80,70,19,10288,43,50,58,65,70
20150204 05:43,303,36,305,29,303,49,51,80,70,19,10288,43,50,58,65,70
20150204 05:44,306,37,306,30,309,47,51,80,70,19,10288,43,50,57,65,70
20150204 05:45,308,28,305,30,307,34,51,80,70,19,10288,43,50,57,65,70
20150204 05:46,305,20,306,28,303,27,51,80,70,19,10288,43,50,57,65,70
20150204 05:47,300,21,304,27,296,31,51,80,70,19,10289,43,50,57,65,70
20150204 05:48,296,28,303,28,297,47,51,80,70,19,10289,42,50,57,65,69
20150204 05:49,299,34,303,28,302,43,51,80,70,19,10289,42,50,57,65,69
20150204 05:50,307,30,304,29,311,38,51,80,70,19,10289,42,50,57,65,69
20150204 05:51,314,27,305,29,317,36,51,80,70,19,10289,42,50,57,65,69
20150204 05:52,305,25,304,28,293,42,51,80,70,19,10289,42,50,57,65,69
20150204 05:53,305,27,305,27,317,42,51,80,70,19,10289,42,50,57,65,69
20150204 05:54,313,30,305,27,309,38,51,80,70,19,10290,42,50,57,65,69
20150204 05:55,308,30,305,28,307,37,51,80,70,19,10290,43,50,57,65,69
20150204 05:56,306,28,305,28,305,34,51,80,70,19,10291,42,50,57,65,69
20150204 05:57,300,26,305,29,295,36,51,80,70,19,10291,42,50,57,65,69
20150204 05:58,299,25,306,27,303,35,51,80,70,19,10291,42,50,57,65,69
20150204 05:59,310,24,307,27,317,35,51,80,70,19,10291,42,50,57,65,69
20150204 06:00,307,24,306,26,298,35,51,80,70,19,10291,42,50,57,65,69
20150204 06:01,298,27,304,27,299,38,51,81,71,21,10291,42,50,57,65,69
20150204 06:02,297,27,305,27,296,33,51,81,71,21,10291,42,50,57,65,69
20150204 06:03,302,28,304,27,308,49,51,81,71,21,10291,42,50,57,65,69
20150204 06:04,309,32,304,27,310,44,50,81,71,20,10291,42,50,57,65,69
20150204 06:05,309,29,304,27,309,44,50,81,71,20,10291,42,50,57,65,69
20150204 06:06,312,23,305,26,314,30,51,80,70,19,10291,42,50,57,65,69
20150204 06:07,314,27,307,27,315,54,50,80,70,18,10291,43,50,57,65,69
20150204 06:08,316,40,308,29,318,63,51,80,70,19,10291,43,50,57,65,69
20150204 06:09,319,44,309,31,319,58,51,80,70,19,10291,43,50,57,65,69
20150204 06:10,309,35,309,31,298,35,51,80,70,19,10291,42,50,57,65,69
20150204 06:11,306,29,310,31,313,47,50,80,70,18,10291,42,50,57,65,69
20150204 06:12,317,30,313,32,322,38,50,80,70,18,10292,42,50,57,65,69
20150204 06:13,312,26,312,31,303,31,50,80,70,18,10291,42,50,57,65,69
20150204 06:14,309,25,313,30,315,42,50,80,70,18,10291,42,50,57,65,69
20150204 06:15,315,27,313,30,315,40,50,80,70,18,10292,42,50,57,65,69
20150204 06:16,316,25,313,31,316,35,50,81,71,20,10292,42,50,57,65,69
20150204 06:17,313,28,313,30,309,47,50,81,71,20,10292,42,49,57,65,69
20150204 06:18,313,34,313,30,316,52,50,80,70,18,10292,42,49,57,65,69
20150204 06:19,316,38,312,29,315,51,50,80,70,18,10293,42,49,57,65,69
20150204 06:20,315,35,314,30,315,40,50,80,70,18,10293,41,49,57,65,69
20150204 06:21,320,30,315,29,325,37,50,80,70,18,10293,41,49,57,64,69
20150204 06:22,317,24,314,29,308,27,50,80,70,18,10293,41,49,57,65,69
20150204 06:23,304,20,314,28,301,33,50,80,70,18,10293,41,49,57,65,69
20150204 06:24,303,24,312,28,304,43,50,81,71,20,10294,41,49,57,65,69
20150204 06:25,307,25,312,28,310,35,50,81,71,20,10294,41,49,57,64,69
20150204 06:26,311,22,312,28,313,31,50,81,71,20,10294,41,49,57,64,69
20150204 06:27,317,25,313,28,321,41,50,81,71,20,10294,41,49,57,64,69
20150204 06:28,324,26,314,26,327,39,49,81,70,19,10294,41,49,57,64,69
20150204 06:29,327,31,315,26,326,52,49,81,70,19,10294,41,49,57,64,69
20150204 06:30,315,34,314,26,304,48,49,81,70,19,10294,41,49,57,64,69
20150204 06:31,312,35,313,27,320,57,49,81,70,19,10294,41,49,57,64,69
20150204 06:32,322,40,315,29,324,54,49,81,70,19,10294,40,49,57,64,69
20150204 06:33,323,41,317,32,322,54,49,80,69,17,10294,40,49,57,64,69
20150204 06:34,331,40,321,33,339,53,49,80,69,17,10294,40,49,57,64,69
20150204 06:35,334,37,323,34,330,50,49,80,69,17,10295,40,49,57,64,69
20150204 06:36,323,29,323,34,316,36,49,80,69,17,10294,40,49,57,64,69
20150204 06:37,319,33,323,35,323,53,49,81,70,19,10294,40,49,57,64,69
20150204 06:38,321,36,322,36,319,45,49,81,70,19,10294,40,49,57,64,69
20150204 06:39,319,26,321,34,318,32,49,81,70,19,10294,40,49,57,64,69
20150204 06:40,323,22,324,34,328,30,49,81,70,19,10295,40,49,57,64,69
20150204 06:41,322,22,323,32,316,28,48,81,70,18,10295,40,49,57,64,69
20150204 06:42,313,21,322,30,309,24,48,81,70,18,10295,39,49,57,64,69
20150204 06:43,306,20,320,28,304,28,48,81,70,18,10295,39,49,57,64,69
20150204 06:44,305,23,317,26,305,28,48,81,70,18,10295,39,49,57,64,69
20150204 06:45,303,25,314,25,300,36,48,81,70,18,10295,39,49,57,64,69
20150204 06:46,297,28,312,26,295,39,48,81,70,18,10295,38,49,57,64,69
20150204 06:47,299,31,310,25,302,45,48,82,70,20,10295,38,49,56,64,69
20150204 06:48,305,31,308,25,307,40,47,82,70,19,10295,37,48,57,64,69
20150204 06:49,315,27,309,25,323,30,47,82,70,19,10296,37,48,57,64,69
20150204 06:50,318,30,307,27,313,52,47,82,70,19,10296,36,48,56,64,69
20150204 06:51,319,38,308,28,326,50,47,82,70,19,10296,36,48,56,64,69
20150204 06:52,320,32,309,29,315,33,47,82,70,19,10296,35,48,56,64,69
20150204 06:53,309,24,309,29,302,31,47,82,70,19,10296,34,48,56,64,69
20150204 06:54,307,24,309,29,311,29,46,82,70,18,10296,34,48,56,64,69
20150204 06:55,305,23,309,29,298,30,46,82,70,18,10296,34,48,56,64,69
20150204 06:56,301,22,310,28,304,29,46,82,70,18,10296,33,48,56,64,69
20150204 06:57,312,27,312,28,320,40,46,83,70,20,10296,33,48,56,64,69
20150204 06:58,316,31,312,28,311,37,46,83,70,20,10296,33,48,56,64,69
20150204 06:59,311,27,311,28,311,31,45,83,70,19,10296,32,48,56,64,69
20150204 07:00,310,28,311,27,308,46,45,83,70,19,10296,32,48,56,64,69
20150204 07:01,311,32,309,27,314,45,45,83,70,19,10296,32,47,56,64,69
20150204 07:02,319,32,310,27,325,42,45,83,70,19,10296,32,47,56,64,69
20150204 07:03,315,27,311,27,305,32,45,83,70,19,10297,32,47,56,64,69
20150204 07:04,306,26,310,28,308,40,45,83,70,19,10297,32,47,56,64,69
20150204 07:05,308,28,311,29,309,41,44,83,69,18,10297,32,47,56,64,69
20150204 07:06,311,29,312,29,314,35,44,83,69,18,10297,32,47,56,64,69
20150204 07:07,311,29,311,29,307,37,44,83,69,18,10298,32,47,56,64,69
20150204 07:08,306,30,311,29,306,38,44,83,69,18,10298,31,47,56,64,69
20150204 07:09,305,30,310,30,304,39,44,83,69,18,10298,32,47,56,64,69
20150204 07:10,308,29,310,29,312,37,44,83,69,18,10298,32,46,56,64,69
20150204 07:11,310,26,310,28,308,34,44,83,69,18,10298,31,46,56,64,69
20150204 07:12,304,25,307,28,301,33,44,83,69,18,10298,31,46,56,64,69
20150204 07:13,303,25,307,28,305,41,44,83,69,18,10298,31,46,56,64,69
20150204 07:14,304,27,307,28,303,42,43,83,69,17,10298,31,46,56,64,69
20150204 07:15,309,25,307,27,315,32,43,83,69,17,10298,31,46,56,64,69
20150204 07:16,313,19,307,26,310,32,43,83,69,17,10298,31,46,56,64,69
20150204 07:17,304,19,306,25,299,32,43,83,69,17,10298,31,46,56,64,69
20150204 07:18,303,22,306,24,307,30,43,83,69,17,10298,32,45,56,64,69
20150204 07:19,310,20,307,23,312,34,43,83,69,17,10298,32,45,56,64,69
20150204 07:20,310,25,307,24,308,48,43,83,69,17,10298,32,45,56,64,69
20150204 07:21,305,30,306,24,303,38,43,83,69,17,10298,32,45,56,64,69
20150204 07:22,305,30,307,25,308,48,43,83,69,17,10299,33,45,56,64,69
20150204 07:23,304,31,307,25,301,41,43,84,70,18,10299,33,45,56,64,69
20150204 07:24,306,27,307,25,311,44,43,84,70,18,10299,33,45,56,64,69
20150204 07:25,312,21,307,24,312,23,43,84,70,18,10299,33,45,56,64,69
20150204 07:26,306,24,306,26,300,44,43,84,70,18,10299,33,45,55,64,69
20150204 07:27,305,32,307,27,310,47,43,84,70,18,10299,34,45,55,64,69
20150204 07:28,305,31,307,28,301,38,43,84,70,18,10300,34,45,55,64,69
20150204 07:29,303,31,306,29,305,46,43,84,70,18,10300,34,44,55,64,69
20150204 07:30,308,36,306,30,311,51,43,84,70,18,10300,35,44,55,64,69
20150204 07:31,307,35,306,30,304,47,43,84,70,18,10300,35,44,55,64,69
20150204 07:32,302,33,305,30,300,50,43,84,70,18,10300,35,44,55,64,69
20150204 07:33,304,34,306,31,309,45,43,84,70,18,10301,35,44,55,64,69
20150204 07:34,309,31,306,31,310,40,43,84,70,18,10301,36,44,55,64,69
20150204 07:35,313,30,307,33,316,40,43,84,70,18,10301,36,44,55,64,69
20150204 07:36,319,33,309,33,321,43,43,84,70,18,10301,36,44,55,64,69
20150204 07:37,315,33,309,33,310,44,43,84,70,18,10302,37,44,55,64,69
20150204 07:38,310,30,310,33,310,42,43,84,70,18,10302,37,44,55,64,69
20150204 07:39,315,29,311,32,319,43,43,84,70,18,10302,37,44,55,64,69
20150204 07:40,313,28,311,31,307,32,43,84,70,18,10302,37,44,55,64,69
20150204 07:41,306,26,311,30,305,31,43,84,70,18,10302,38,44,55,64,69
20150204 07:42,307,27,312,30,309,45,43,84,70,18,10302,38,44,55,64,69
20150204 07:43,309,35,311,30,308,47,43,84,70,18,10302,39,44,55,64,69
20150204 07:44,305,32,311,30,302,41,43,84,70,18,10303,39,44,55,64,69
20150204 07:45,305,27,310,30,307,41,43,84,70,18,10303,39,44,55,64,69
20150204 07:46,311,27,309,29,315,34,43,84,70,18,10303,40,44,55,64,69
20150204 07:47,310,29,309,29,305,53,43,84,70,18,10303,40,44,55,64,69
20150204 07:48,314,32,310,29,323,41,43,84,70,18,10303,40,44,55,63,69
20150204 07:49,322,28,310,29,322,35,43,84,70,18,10303,41,44,55,63,69
20150204 07:50,314,28,310,29,308,46,43,84,70,18,10304,41,44,54,63,69
20150204 07:51,313,33,312,30,318,53,43,84,70,18,10304,42,44,54,63,69
20150204 07:52,315,34,312,31,312,39,43,84,70,18,10304,42,44,54,63,69
20150204 07:53,311,28,312,29,309,31,43,84,70,18,10304,43,44,54,63,69
20150204 07:54,311,20,313,28,313,30,44,84,70,19,10304,44,44,54,63,69
20150204 07:55,312,20,314,28,311,32,44,84,70,19,10305,44,44,54,63,69
20150204 07:56,307,30,312,29,303,46,44,84,70,19,10305,45,44,54,63,69
20150204 07:57,305,33,313,28,308,43,44,84,70,19,10305,45,44,54,63,69
20150204 07:58,309,26,311,28,310,31,44,84,70,19,10305,46,44,54,63,69
20150204 07:59,306,24,309,28,302,37,44,84,70,19,10305,46,44,54,63,69
20150204 08:00,304,30,309,28,306,46,44,84,70,19,10304,47,44,54,63,69
20150204 08:01,313,35,309,28,320,46,44,84,70,19,10304,47,45,54,63,69
20150204 08:02,309,36,308,29,299,49,44,84,70,19,10304,48,45,54,63,69
20150204 08:03,305,29,308,28,311,34,44,84,70,19,10304,48,45,54,63,69
20150204 08:04,309,23,308,29,308,36,44,84,70,19,10304,49,45,54,63,69
20150204 08:05,310,23,308,29,311,27,44,84,70,19,10304,49,45,54,63,69
20150204 08:06,315,27,309,28,318,50,44,84,70,19,10305,50,45,54,63,68
20150204 08:07,312,34,309,29,306,53,44,84,70,19,10305,49,45,54,63,68
20150204 08:08,303,34,308,30,301,48,44,84,70,19,10305,49,45,54,63,68
20150204 08:09,304,34,309,31,307,46,44,84,70,19,10305,49,45,54,63,68
20150204 08:10,308,36,309,31,308,50,44,84,70,19,10304,50,45,54,63,68
20150204 08:11,311,37,308,31,314,43,44,84,70,19,10305,50,45,54,63,68
20150204 08:12,311,33,309,31,307,41,44,84,70,19,10305,51,46,54,63,68
20150204 08:13,311,25,309,31,314,33,44,84,70,19,10305,52,46,54,63,68
20150204 08:14,310,24,309,31,306,39,45,84,71,20,10305,52,46,54,63,68
20150204 08:15,305,28,308,32,304,43,45,84,71,20,10305,53,46,54,63,68
20150204 08:16,305,26,307,31,306,34,45,84,71,20,10305,53,46,54,63,68
20150204 08:17,304,20,307,29,303,34,45,84,71,20,10306,54,46,54,63,68
20150204 08:18,301,27,307,29,299,48,45,84,71,20,10306,55,46,54,63,68
20150204 08:19,305,30,307,28,310,36,45,84,71,20,10306,56,46,54,63,68
20150204 08:20,309,25,307,27,308,35,45,84,71,20,10306,56,46,54,63,68
20150204 08:21,307,30,306,27,306,45,45,84,71,20,10306,57,47,54,63,68
20150204 08:22,308,31,307,26,310,35,45,84,71,20,10306,57,47,54,63,68
20150204 08:23,310,25,306,26,310,27,45,83,70,19,10306,58,47,54,63,68
20150204 08:24,312,24,307,26,315,39,46,83,70,20,10305,59,47,54,63,68
20150204 08:25,310,27,307,26,305,40,46,83,70,20,10305,59,47,54,63,68
20150204 08:26,307,29,308,27,309,50,46,83,70,20,10305,60,47,54,63,68
20150204 08:27,312,36,309,29,314,53,46,83,70,20,10305,60,47,54,63,68
20150204 08:28,316,34,310,29,318,39,46,83,70,20,10305,61,48,54,63,68
20150204 08:29,321,29,312,29,325,38,46,83,70,20,10305,61,48,54,63,68
20150204 08:30,322,30,313,30,319,40,46,83,70,20,10305,62,48,54,63,68
20150204 08:31,316,29,314,29,313,39,46,82,70,18,10304,63,48,54,63,68
20150204 08:32,312,26,314,29,310,30,46,83,70,20,10305,63,48,54,63,68
20150204 08:33,305,26,313,29,299,34,47,83,71,21,10305,64,48,54,63,68
20150204 08:34,303,28,312,30,307,40,47,83,71,21,10305,64,49,54,63,68
20150204 08:35,304,35,312,31,302,51,47,83,71,21,10305,66,49,54,63,68
20150204 08:36,305,38,311,31,308,40,47,82,70,19,10305,66,49,54,63,68
20150204 08:37,316,33,312,31,323,40,47,82,70,19,10305,67,49,54,63,68
20150204 08:38,317,29,312,30,312,34,47,82,70,19,10305,68,49,54,63,68
20150204 08:39,310,22,310,29,309,28,48,82,70,20,10305,69,50,54,63,68
20150204 08:40,303,23,308,29,298,35,48,82,70,20,10305,70,50,54,63,68
20150204 08:41,300,29,307,29,302,42,48,82,70,20,10305,71,50,54,63,68
20150204 08:42,303,29,306,29,304,35,48,81,70,18,10305,70,50,54,63,68
20150204 08:43,308,24,308,29,313,43,48,81,70,18,10305,71,50,54,62,68
20150204 08:44,316,21,309,28,320,28,49,81,70,19,10305,72,51,54,63,68
20150204 08:45,315,24,310,27,311,44,49,81,70,19,10306,73,51,54,62,68
20150204 08:46,309,31,310,26,307,39,49,81,70,19,10306,72,51,54,62,68
20150204 08:47,308,30,308,26,308,36,49,81,70,19,10306,73,51,54,62,68
20150204 08:48,309,26,308,26,309,31,49,81,70,19,10306,74,51,54,62,68
20150204 08:49,302,22,307,26,294,27,50,81,71,20,10306,75,52,54,62,68
20150204 08:50,312,23,310,26,329,43,50,81,71,20,10305,76,52,54,62,68
20150204 08:51,322,29,311,26,315,41,50,81,71,20,10305,76,52,54,62,68
20150204 08:52,309,31,311,26,304,36,50,81,71,20,10305,77,52,54,62,68
20150204 08:53,306,29,311,27,309,36,50,81,71,20,10305,78,53,54,62,68
20150204 08:54,304,28,308,28,299,40,50,81,71,20,10304,79,53,54,62,68
20150204 08:55,292,29,306,28,285,37,50,81,71,20,10304,80,53,54,62,68
20150204 08:56,284,27,304,27,284,33,50,81,71,20,10304,79,54,54,62,68
20150204 08:57,288,29,302,28,292,45,51,81,71,21,10304,80,54,54,62,68
20150204 08:58,298,31,301,28,304,38,51,81,71,21,10304,79,54,55,62,68
20150204 08:59,301,29,302,29,299,40,51,81,71,21,10304,79,54,55,62,68
20150204 09:00,305,30,300,30,312,39,51,81,71,21,10304,80,55,55,62,68
20150204 09:01,318,30,301,29,324,35,51,80,70,19,10304,81,55,55,62,68
20150204 09:02,314,31,301,30,304,46,51,80,70,19,10304,83,55,55,62,68
20150204 09:03,303,33,300,30,302,43,51,80,70,19,10304,83,55,55,62,68
20150204 09:04,302,32,301,30,303,46,51,80,70,19,10304,84,56,55,62,68
20150204 09:05,299,35,302,31,296,46,52,80,71,20,10304,84,56,55,62,68
20150204 09:06,297,36,303,32,297,46,52,79,70,19,10304,84,56,55,62,68
20150204 09:07,301,37,305,33,305,48,52,79,70,19,10305,84,56,55,62,68
20150204 09:08,309,34,305,33,313,37,52,79,70,19,10305,85,57,55,62,68
20150204 09:09,310,27,306,33,307,33,52,80,71,20,10305,85,57,55,62,68
20150204 09:10,299,27,304,32,290,37,52,80,71,20,10305,87,57,55,62,68
20150204 09:11,294,23,302,31,298,35,53,80,71,21,10305,88,58,55,62,68
20150204 09:12,298,24,301,31,298,36,53,80,71,21,10305,91,58,55,62,68
20150204 09:13,305,30,302,31,312,49,53,79,70,20,10306,91,58,55,62,68
20150204 09:14,312,33,303,31,311,42,54,79,71,21,10306,91,59,56,62,68
20150204 09:15,311,29,304,30,310,41,54,79,71,21,10306,91,59,56,62,68
20150204 09:16,309,26,305,29,309,41,54,79,71,21,10306,91,59,56,62,68
20150204 09:17,304,32,305,28,299,47,54,79,71,21,10306,92,59,56,62,68
20150204 09:18,301,39,304,30,303,56,54,78,70,19,10306,91,60,56,62,68
20150204 09:19,301,39,303,31,299,53,54,78,70,19,10306,91,60,56,62,68
20150204 09:20,296,32,303,31,293,51,55,78,70,20,10305,91,60,56,62,68
20150204 09:21,295,33,303,33,296,51,55,78,70,20,10305,92,61,56,62,68
20150204 09:22,304,39,305,34,313,48,55,78,70,20,10305,93,61,56,62,68
20150204 09:23,304,38,303,34,295,52,56,78,71,21,10305,94,61,56,62,68
20150204 09:24,290,36,300,35,285,46,56,77,70,19,10305,94,62,57,62,68
20150204 09:25,291,33,299,35,297,46,56,77,70,19,10306,95,62,57,62,68
20150204 09:26,305,29,299,35,313,35,56,77,70,19,10306,95,62,57,62,68
20150204 09:27,326,26,303,34,339,33,57,77,70,20,10306,97,62,57,62,68
20150204 09:28,328,25,305,32,317,37,57,76,70,18,10305,99,63,57,62,68
20150204 09:29,306,28,304,32,295,44,57,76,70,18,10306,101,63,57,62,68
20150204 09:30,293,30,304,32,292,37,57,76,70,18,10306,101,63,57,62,68
20150204 09:31,296,27,305,30,301,35,58,77,71,21,10306,99,64,57,62,68
20150204 09:32,297,30,302,30,293,46,58,77,71,21,10306,97,64,57,62,68
20150204 09:33,297,33,303,29,301,60,58,76,70,19,10306,98,64,57,62,68
20150204 09:34,301,36,305,30,302,62,58,75,69,17,10306,99,65,58,62,68
20150204 09:35,306,37,306,30,311,41,58,75,69,17,10306,100,65,58,62,68
20150204 09:36,298,30,303,30,285,39,58,75,69,17,10306,103,65,58,62,68
20150204 09:37,287,26,299,30,290,34,59,76,71,20,10306,104,65,58,62,68
20150204 09:38,298,32,298,32,307,63,60,76,71,21,10306,104,66,58,62,68
20150204 09:39,307,41,299,33,308,50,59,74,69,16,10306,101,66,58,62,68
20150204 09:40,300,40,299,33,291,51,59,73,68,14,10306,100,66,58,63,68
20150204 09:41,294,39,299,35,298,53,59,74,69,16,10306,99,67,58,63,68
20150204 09:42,303,39,300,35,308,52,60,74,69,17,10306,101,67,58,63,68
20150204 09:43,308,32,301,35,309,35,60,73,68,15,10306,100,67,58,63,68
20150204 09:44,313,30,303,34,318,43,60,74,69,17,10305,103,68,59,63,68
20150204 09:45,321,32,304,34,325,41,60,73,68,15,10305,106,68,59,63,68
20150204 09:46,318,35,307,35,312,56,61,73,69,16,10305,107,68,59,63,68
20150204 09:47,315,37,309,36,318,48,60,72,67,13,10304,108,69,59,63,68
20150204 09:48,312,32,309,35,306,43,60,72,67,13,10303,108,69,59,63,68
20150204 09:49,306,31,309,34,305,44,60,72,67,13,10303,108,69,59,63,68
20150204 09:50,309,30,311,33,312,42,60,72,67,13,10303,108,69,59,63,67
20150204 09:51,312,28,313,32,313,37,61,73,69,16,10303,111,70,60,63,68
20150204 09:52,300,25,311,31,287,34,62,73,69,17,10303,112,70,60,63,68
20150204 09:53,287,24,308,30,286,31,62,73,69,17,10303,111,70,60,63,68
20150204 09:54,287,25,305,29,288,44,63,73,70,18,10303,110,71,60,63,68
20150204 09:55,284,29,301,30,281,49,63,72,69,16,10303,112,71,60,63,68
20150204 09:56,282,32,298,29,283,43,63,72,69,16,10302,112,71,60,63,68
20150204 09:57,287,29,295,28,291,33,63,72,69,16,10302,113,72,60,63,68
20150204 09:58,294,25,294,28,297,42,63,72,69,16,10302,116,72,60,63,68
20150204 09:59,300,27,294,27,303,39,63,72,69,16,10302,116,72,61,63,68
20150204 10:00,292,32,291,28,282,42,63,71,68,14,10301,117,73,61,63,68
20150204 10:01,285,33,289,29,288,42,64,71,68,15,10301,118,73,61,63,68
20150204 10:02,291,37,289,30,295,59,64,70,67,13,10301,118,73,61,63,67
20150204 10:03,302,35,292,31,309,41,63,69,66,10,10300,118,74,61,63,68
20150204 10:04,315,30,295,31,320,40,64,69,66,11,10300,119,74,61,63,68
20150204 10:05,321,31,299,31,323,36,64,69,66,11,10300,119,75,61,63,68
20150204 10:06,315,28,301,30,307,36,64,68,65,9,10300,121,75,62,63,68
20150204 10:07,302,30,302,31,297,46,64,69,66,11,10300,119,75,62,63,67
20150204 10:08,303,38,303,33,309,56,64,69,66,11,10300,118,76,62,63,67
20150204 10:09,305,34,303,33,301,39,64,69,66,11,10301,117,76,62,63,68
20150204 10:10,304,31,305,33,306,44,64,68,65,9,10301,118,77,62,63,68
20150204 10:11,304,27,307,31,301,26,64,68,65,9,10301,120,77,62,63,68
20150204 10:12,297,25,307,30,293,48,65,69,67,12,10301,122,77,62,63,67
20150204 10:13,295,34,305,31,297,50,65,68,66,10,10301,122,78,63,63,68
20150204 10:14,299,39,303,32,300,53,65,68,66,10,10301,123,78,63,63,68
20150204 10:15,292,34,300,32,284,47,66,67,65,9,10301,124,78,63,63,67
20150204 10:16,280,25,296,32,276,40,66,67,65,9,10301,125,79,63,64,67
20150204 10:17,289,29,297,32,301,56,66,67,65,9,10301,123,79,63,63,68
20150204 10:18,298,42,295,33,295,66,67,67,66,10,10301,124,79,63,64,68
20150204 10:19,298,51,295,35,301,67,67,65,64,6,10301,124,80,64,64,68
20150204 10:20,302,51,295,37,304,66,66,64,62,3,10301,122,80,64,64,68
20150204 10:21,308,43,296,38,311,50,66,64,62,3,10301,122,80,64,64,68
20150204 10:22,310,37,298,39,309,52,67,64,63,4,10301,124,81,64,64,68
20150204 10:23,300,38,297,39,291,57,67,65,64,6,10301,124,81,64,64,68
20150204 10:24,303,32,299,38,315,34,67,64,63,4,10301,124,82,64,64,68
20150204 10:25,297,34,298,39,280,58,67,65,64,6,10301,126,82,64,64,68
20150204 10:26,281,41,299,41,283,66,67,64,63,4,10301,125,82,65,64,68
20150204 10:27,290,47,299,42,296,66,68,64,63,5,10301,125,82,65,64,68
20150204 10:28,298,48,299,42,300,63,68,64,63,5,10301,123,83,65,64,68
20150204 10:29,299,41,299,40,297,52,68,64,63,5,10301,124,83,65,64,68
20150204 10:30,294,40,297,40,290,52,68,64,63,5,10301,125,83,65,64,68
20150204 10:31,291,37,295,39,293,40,68,63,62,3,10301,125,84,66,64,68
20150204 10:32,294,32,294,39,295,50,68,64,63,5,10300,125,84,66,64,68
20150204 10:33,295,35,294,39,294,47,68,63,62,3,10300,128,84,66,64,68
20150204 10:34,295,36,292,40,296,42,68,62,61,0,10299,129,85,66,64,68
20150204 10:35,306,30,296,38,317,40,69,63,63,4,10299,130,85,66,64,68
20150204 10:36,308,31,298,37,300,59,69,63,63,4,10299,131,85,66,64,68
20150204 10:37,305,40,299,37,310,58,69,63,63,4,10299,133,86,67,64,68
20150204 10:38,311,43,300,36,311,64,70,62,62,2,10299,133,86,67,65,68
20150204 10:39,318,36,303,36,324,50,70,62,62,2,10298,131,86,67,65,68
20150204 10:40,323,35,306,35,322,65,70,62,62,2,10298,131,86,67,65,68
20150204 10:41,316,35,308,35,309,45,70,61,61,0,10297,130,87,67,65,68
20150204 10:42,307,36,309,36,304,51,70,61,61,0,10297,130,87,67,65,68
20150204 10:43,307,36,310,36,310,42,70,61,61,0,10297,131,87,68,65,68
20150204 10:44,302,30,310,35,295,59,71,63,64,5,10297,133,88,68,65,68
20150204 10:45,299,37,309,37,303,63,71,62,63,3,10297,132,88,68,65,68
20150204 10:46,296,43,308,37,288,57,71,62,63,3,10297,133,88,68,65,68
20150204 10:47,289,47,306,38,290,73,71,61,61,1,10297,134,89,68,65,68
20150204 10:48,299,49,305,39,308,62,72,61,62,2,10297,133,89,69,65,68
20150204 10:49,307,45,303,40,306,71,72,61,62,2,10297,133,89,69,65,68
20150204 10:50,312,43,303,40,319,58,71,60,60,-1,10297,131,90,69,65,68
20150204 10:51,321,42,305,41,323,50,71,59,59,-4,10296,133,90,69,65,68
20150204 10:52,311,37,304,41,300,45,72,60,61,0,10296,134,90,69,65,68
20150204 10:53,301,33,303,41,302,46,72,59,60,-3,10295,134,90,69,65,68
20150204 10:54,301,37,304,42,299,68,72,60,61,0,10295,134,91,70,65,68
20150204 10:55,294,43,302,42,288,73,73,60,61,1,10294,135,91,70,66,68
20150204 10:56,286,44,302,42,283,58,73,59,60,-2,10294,136,91,70,66,68
20150204 10:57,284,45,301,42,285,68,73,59,60,-2,10293,135,92,70,66,68
20150204 10:58,293,46,300,41,300,55,72,58,59,-5,10293,133,92,70,66,68
20150204 10:59,290,40,298,41,279,52,72,58,59,-5,10292,132,92,70,66,68
20150204 11:00,287,33,295,39,295,39,72,59,60,-3,10292,132,92,71,66,68
20150204 11:01,299,35,293,39,303,52,73,59,60,-2,10292,135,93,71,66,68
20150204 11:02,307,38,295,40,312,48,73,59,60,-2,10292,136,93,71,66,68
20150204 11:03,313,40,296,41,315,71,72,59,60,-3,10292,136,93,71,66,68
20150204 11:04,317,46,298,41,320,62,73,59,60,-2,10292,136,94,71,66,68
20150204 11:05,324,42,302,40,327,55,73,58,59,-4,10292,138,94,72,66,68
20150204 11:06,324,39,306,40,320,63,74,59,61,-1,10292,138,94,72,66,68
20150204 11:07,315,42,308,40,310,54,74,59,61,-1,10291,136,94,72,66,68
20150204 11:08,306,41,308,39,302,50,74,57,59,-6,10291,134,95,72,66,68
20150204 11:09,307,38,312,40,313,47,74,57,59,-6,10291,131,95,72,67,68
20150204 11:10,317,35,314,40,321,48,74,57,59,-6,10291,131,95,72,67,68
20150204 11:11,306,31,313,39,291,48,74,58,60,-3,10291,132,95,73,67,68
20150204 11:12,297,33,312,39,303,49,74,58,60,-3,10290,133,95,73,67,68
20150204 11:13,304,34,311,38,306,44,75,58,60,-2,10290,138,96,73,67,68
20150204 11:14,319,35,313,37,332,56,75,58,60,-2,10289,141,96,73,67,68
20150204 11:15,332,45,313,38,332,67,75,57,59,-5,10289,143,96,73,67,68
20150204 11:16,332,48,314,38,332,51,75,56,58,-7,10290,138,96,73,67,68
20150204 11:17,326,40,315,38,321,52,75,55,57,-9,10290,135,96,74,67,68
20150204 11:18,325,48,318,40,329,89,75,55,57,-9,10290,133,97,74,67,68
20150204 11:19,322,52,318,41,314,66,75,55,57,-9,10290,133,97,74,67,68
20150204 11:20,320,46,319,42,325,60,75,55,57,-9,10290,134,97,74,67,68
20150204 11:21,314,45,320,44,303,72,75,55,57,-9,10289,137,97,74,67,68
20150204 11:22,299,49,319,45,295,72,76,55,57,-9,10289,139,97,75,67,68
20150204 11:23,302,48,319,46,309,77,76,55,57,-9,10289,138,98,75,68,68
20150204 11:24,313,45,318,47,316,70,76,55,57,-9,10289,138,98,75,68,68
20150204 11:25,310,55,315,48,303,91,77,55,58,-8,10289,135,98,75,68,68
20150204 11:26,306,59,312,49,308,76,76,54,56,-11,10289,132,98,75,68,68
20150204 11:27,304,49,310,50,300,63,76,54,56,-11,10288,137,98,75,68,68
20150204 11:28,308,50,309,50,317,74,76,54,56,-11,10288,141,98,76,68,68
20150204 11:29,314,58,309,51,312,72,76,54,56,-11,10287,140,99,76,68,69
20150204 11:30,310,61,307,53,307,80,76,54,56,-11,10287,137,99,76,68,69
20150204 11:31,302,55,306,53,297,71,76,54,56,-11,10287,135,99,76,68,69
20150204 11:32,303,46,308,52,310,61,76,54,56,-11,10287,137,99,76,68,69
20150204 11:33,308,45,308,52,306,66,76,55,57,-9,10288,141,99,76,68,69
20150204 11:34,305,51,306,53,304,64,76,54,56,-11,10288,141,100,77,68,69
20150204 11:35,319,51,310,52,335,66,76,54,56,-11,10287,138,100,77,69,69
20150204 11:36,320,42,309,50,306,54,77,54,57,-10,10287,140,100,77,69,69
20150204 11:37,297,45,308,51,288,67,78,55,58,-7,10287,143,100,77,69,69
20150204 11:38,294,48,306,50,299,56,77,53,56,-13,10286,145,100,77,69,69
20150204 11:39,299,41,305,48,299,64,77,54,57,-10,10286,147,100,77,69,69
20150204 11:40,307,42,306,46,315,71,78,54,57,-9,10286,146,101,77,69,69
20150204 11:41,315,47,308,46,315,61,78,54,57,-9,10285,146,101,78,69,69
20150204 11:42,311,47,307,46,307,55,77,53,56,-13,10285,148,101,78,69,69
20150204 11:43,302,45,306,46,297,55,77,53,56,-13,10284,149,101,78,69,69
20150204 11:44,297,50,306,46,297,71,77,53,56,-13,10284,150,102,78,69,69
20150204 11:45,300,55,303,47,303,62,77,53,56,-13,10284,143,102,78,69,69
20150204 11:46,311,48,304,47,320,53,77,54,57,-10,10284,136,102,78,70,69
20150204 11:47,317,42,307,46,314,54,78,54,57,-9,10284,134,102,79,69,69
20150204 11:48,312,44,308,46,309,62,78,54,57,-9,10285,137,103,79,70,69
20150204 11:49,302,47,307,47,295,59,78,53,56,-12,10284,138,103,79,70,69
20150204 11:50,295,49,305,48,295,71,78,52,55,-14,10284,138,103,79,70,69
20150204 11:51,295,50,303,48,294,63,78,53,56,-12,10284,139,103,79,70,69
20150204 11:52,296,53,302,49,299,75,78,52,55,-14,10284,140,103,79,70,69
20150204 11:53,303,56,303,50,306,71,78,52,55,-14,10284,140,104,79,70,69
20150204 11:54,306,49,304,49,306,57,78,53,56,-12,10284,141,104,80,70,69
20150204 11:55,309,48,305,48,312,73,78,52,55,-14,10283,142,104,80,70,69
20150204 11:56,313,49,304,49,313,63,78,52,55,-14,10283,140,104,80,70,69
20150204 11:57,321,48,306,50,328,56,78,52,55,-14,10284,139,104,80,70,69
20150204 11:58,322,44,306,49,316,56,78,52,55,-14,10284,141,104,80,70,69
20150204 11:59,313,39,308,48,310,59,78,52,55,-14,10283,141,104,80,71,69
20150204 12:00,311,34,310,46,312,51,79,53,56,-11,10283,138,104,81,71,69
20150204 12:01,318,40,312,46,323,65,79,53,56,-11,10283,135,105,81,71,69
20150204 12:02,324,47,315,45,324,58,78,52,55,-14,10283,134,105,81,71,69
20150204 12:03,326,46,317,44,327,57,78,52,55,-14,10282,135,105,81,71,70
20150204 12:04,317,37,317,43,306,42,78,52,55,-14,10282,136,105,81,71,70
20150204 12:05,304,49,316,44,302,93,78,52,55,-14,10282,136,105,81,71,70
20150204 12:06,293,58,313,44,284,70,78,51,54,-17,10283,135,105,81,71,70
20150204 12:07,286,47,309,44,288,76,79,52,55,-13,10283,134,105,82,71,70
20150204 12:08,295,47,308,45,302,68,79,52,55,-13,10283,138,105,82,71,70
20150204 12:09,302,40,307,45,302,50,80,52,56,-12,10283,144,105,82,71,70
20150204 12:10,300,36,306,45,298,76,81,52,56,-12,10283,149,105,82,72,70
20150204 12:11,294,47,302,46,290,82,81,51,55,-14,10283,150,105,82,72,70
20150204 12:12,291,56,299,47,293,73,81,51,55,-14,10283,147,105,82,72,70
20150204 12:13,306,54,298,48,319,70,81,51,55,-14,10283,145,105,82,72,70
20150204 12:14,316,52,299,50,314,73,81,50,54,-17,10282,147,105,83,72,70
20150204 12:15,302,43,298,46,291,52,81,51,55,-14,10282,149,106,83,72,70
20150204 12:16,297,38,300,46,304,60,83,52,57,-10,10281,152,106,83,72,70
20150204 12:17,309,40,303,45,313,53,84,52,57,-9,10281,155,106,83,72,70
20150204 12:18,322,37,305,44,330,53,85,51,57,-11,10281,155,106,83,72,70
20150204 12:19,326,41,307,45,322,63,85,50,55,-13,10280,154,106,83,72,70
20150204 12:20,325,51,311,47,329,68,85,49,54,-16,10280,153,107,83,72,70
20150204 12:21,327,52,314,46,325,62,83,49,54,-18,10279,148,107,83,72,70
20150204 12:22,333,44,319,45,342,56,83,49,54,-18,10279,144,107,84,73,70
20150204 12:23,336,39,320,43,330,50,82,49,53,-19,10278,143,107,84,73,70
20150204 12:24,318,40,319,42,306,58,82,49,53,-19,10278,146,108,84,73,70
20150204 12:25,305,38,320,42,303,43,82,49,53,-19,10278,147,108,84,73,70
20150204 12:26,306,37,321,42,308,56,82,50,54,-16,10278,148,108,84,73,70
20150204 12:27,310,43,321,43,312,60,82,50,54,-16,10278,144,108,84,73,70
20150204 12:28,307,47,318,44,302,81,82,49,53,-19,10278,142,108,84,73,70
20150204 12:29,305,50,316,44,308,71,82,49,53,-19,10278,143,108,84,73,70
20150204 12:30,307,51,314,44,307,69,82,48,52,-22,10277,143,109,85,73,71
20150204 12:31,312,50,313,44,317,66,82,48,52,-22,10278,140,109,85,73,71
20150204 12:32,312,49,310,45,308,63,81,48,52,-22,10278,139,109,85,73,71
20150204 12:33,307,49,308,46,307,65,82,49,53,-19,10278,138,109,85,74,71
20150204 12:34,311,43,309,46,315,59,81,48,52,-22,10277,136,109,85,74,71
20150204 12:35,321,40,311,47,328,60,82,49,53,-19,10276,135,109,85,74,71
20150204 12:36,321,47,312,48,314,60,82,49,53,-19,10276,132,109,85,74,71
20150204 12:37,312,43,311,47,309,47,82,49,53,-19,10276,133,109,86,74,71
20150204 12:38,323,38,315,46,336,66,82,49,53,-19,10276,138,109,86,74,71
20150204 12:39,333,50,317,47,330,84,82,48,52,-22,10276,139,109,86,74,71
20150204 12:40,333,59,320,47,336,69,81,48,52,-22,10276,132,109,86,74,71
20150204 12:41,335,58,322,48,333,76,80,47,50,-26,10276,130,109,86,74,71
20150204 12:42,330,58,324,49,327,76,80,48,51,-23,10276,128,109,86,74,71
20150204 12:43,329,51,326,48,331,61,80,48,51,-23,10275,131,109,86,74,71
20150204 12:44,330,36,327,48,328,48,80,48,51,-23,10275,137,109,86,74,71
20150204 12:45,315,38,325,48,303,72,81,49,53,-20,10275,143,109,87,75,71
20150204 12:46,297,45,323,47,291,57,82,49,53,-19,10274,145,109,87,75,71
20150204 12:47,285,44,320,48,279,55,82,49,53,-19,10274,145,109,87,75,71
20150204 12:48,284,47,315,49,288,68,83,49,54,-18,10274,144,109,87,75,71
20150204 12:49,289,52,311,49,291,73,83,48,53,-21,10273,142,109,87,75,71
20150204 12:50,289,54,306,48,286,74,83,48,53,-21,10273,139,109,87,75,71
20150204 12:51,284,47,300,46,281,71,82,48,52,-22,10273,144,109,87,75,71
20150204 12:52,295,41,298,45,308,62,82,48,52,-22,10273,146,109,87,75,72
20150204 12:53,318,45,298,45,328,65,83,48,53,-21,10272,147,109,87,75,72
20150204 12:54,321,49,297,47,314,59,83,47,51,-23,10272,147,109,87,75,72
20150204 12:55,302,50,296,48,291,72,83,47,51,-23,10272,147,109,88,75,72
20150204 12:56,288,51,295,48,284,66,83,47,51,-23,10271,144,109,88,75,72
20150204 12:57,282,45,295,48,281,59,82,47,51,-24,10271,146,109,88,76,72
20150204 12:58,280,38,294,46,280,58,82,47,51,-24,10270,145,109,88,76,72
20150204 12:59,290,37,295,45,300,60,83,48,53,-21,10270,147,109,88,76,72
20150204 13:00,303,39,297,43,305,51,84,49,54,-17,10270,149,110,88,76,72
20150204 13:01,312,35,301,43,319,47,84,48,53,-20,10270,150,110,88,76,72
20150204 13:02,322,26,303,41,325,28,85,48,53,-19,10270,153,110,88,76,72
20150204 13:03,323,28,302,39,322,59,85,48,53,-19,10269,155,110,88,76,72
20150204 13:04,329,42,304,39,336,63,85,47,52,-22,10269,153,110,88,76,72
20150204 13:05,321,51,306,39,305,77,85,46,51,-24,10268,151,110,89,76,72
20150204 13:06,308,52,308,39,311,67,85,47,52,-22,10269,147,110,89,76,72
20150204 13:07,309,50,311,40,307,67,85,47,52,-22,10269,146,111,89,76,72
20150204 13:08,301,54,312,43,295,71,84,46,51,-25,10269,145,111,89,76,72
20150204 13:09,297,48,312,43,298,56,83,48,53,-21,10269,145,111,89,77,72
20150204 13:10,303,39,313,43,308,56,84,49,54,-17,10269,147,111,89,77,72
20150204 13:11,301,40,310,43,294,47,84,48,53,-20,10270,146,111,89,77,72
20150204 13:12,296,36,307,45,298,47,84,47,52,-23,10270,145,111,89,77,72
20150204 13:13,306,30,307,44,315,34,83,46,50,-26,10270,145,112,89,77,72
20150204 13:14,315,28,305,42,316,41,84,47,52,-23,10270,146,112,89,77,72
20150204 13:15,310,37,305,41,304,65,84,48,53,-20,10270,148,112,89,77,72
20150204 13:16,300,42,303,40,296,47,84,46,51,-25,10269,148,112,90,77,73
20150204 13:17,295,38,302,39,295,52,84,46,51,-25,10269,150,112,90,77,73
20150204 13:18,290,36,301,36,285,59,84,47,52,-23,10269,151,112,90,77,73
20150204 13:19,285,35,300,36,285,48,85,48,53,-19,10269,149,112,90,77,73
20150204 13:20,301,36,300,36,315,48,87,48,54,-17,10269,148,112,90,77,73
20150204 13:21,309,34,301,35,304,48,88,48,54,-16,10269,148,112,90,78,73
20150204 13:22,302,40,301,36,299,72,87,46,52,-23,10269,148,112,90,78,73
20150204 13:23,313,43,302,37,326,60,87,45,51,-26,10269,146,112,90,78,73
20150204 13:24,328,42,304,39,330,58,87,46,52,-23,10269,146,113,90,78,73
20150204 13:25,323,44,305,39,316,56,87,46,52,-23,10269,146,113,90,78,73
20150204 13:26,312,40,306,39,308,58,87,46,52,-23,10269,143,113,90,78,73
20150204 13:27,301,41,306,40,294,57,87,46,52,-23,10268,144,113,91,78,73
20150204 13:28,300,43,308,40,306,58,86,45,50,-27,10268,145,113,91,78,73
20150204 13:29,316,43,312,41,325,63,86,45,50,-27,10268,143,113,91,78,73
20150204 13:30,309,44,310,42,294,63,86,45,50,-27,10268,141,113,91,78,73
20150204 13:31,302,40,311,42,311,51,86,46,51,-24,10268,140,113,91,78,73
20150204 13:32,323,35,314,41,334,54,86,47,52,-21,10268,142,113,91,78,73
20150204 13:33,329,42,314,42,324,69,87,46,52,-23,10268,146,113,91,78,73
20150204 13:34,318,46,312,42,312,60,87,45,51,-26,10268,144,113,91,78,73
20150204 13:35,311,50,312,43,311,70,87,45,51,-26,10268,138,113,91,79,73
20150204 13:36,303,51,311,44,295,56,86,44,49,-30,10268,132,113,91,79,73
20150204 13:37,293,41,310,43,291,49,84,43,47,-34,10266,127,113,91,79,74
20150204 13:38,297,35,310,42,302,43,84,44,48,-31,10266,124,113,92,79,74
20150204 13:39,307,33,309,41,312,49,83,45,49,-29,10266,122,113,92,79,74
20150204 13:40,314,32,311,40,315,38,83,45,49,-29,10266,121,113,92,79,74
20150204 13:41,311,31,310,39,306,43,83,46,50,-26,10266,120,113,92,79,74
20150204 13:42,301,36,306,40,296,49,83,46,50,-26,10265,121,113,92,79,74
20150204 13:43,301,39,305,39,307,56,83,48,53,-21,10264,122,113,92,79,74
20150204 13:44,296,33,302,37,284,37,83,48,53,-21,10263,122,112,92,79,74
20150204 13:45,281,34,299,36,277,53,83,49,54,-18,10262,123,112,92,79,74
20150204 13:46,282,32,298,34,287,37,84,49,54,-17,10263,124,112,92,79,74
20150204 13:47,288,31,297,34,288,49,85,51,57,-11,10263,127,112,92,79,74
20150204 13:48,290,37,296,34,292,53,85,50,55,-13,10264,129,111,92,80,74
20150204 13:49,294,36,295,34,297,53,85,48,53,-19,10264,131,111,92,80,74
20150204 13:50,294,41,293,36,292,63,86,48,54,-18,10264,131,111,93,80,74
20150204 13:51,285,46,290,37,277,62,85,47,52,-22,10264,129,111,93,80,74
20150204 13:52,290,46,290,38,303,65,85,47,52,-22,10264,128,111,93,80,74
20150204 13:53,299,42,289,38,295,54,85,47,52,-22,10264,128,110,93,80,74
20150204 13:54,300,44,291,40,305,62,85,48,53,-19,10265,129,110,93,80,74
20150204 13:55,307,47,295,41,309,61,85,47,52,-22,10265,130,110,93,80,74
20150204 13:56,312,45,297,42,315,59,85,46,51,-24,10265,131,110,93,80,74
20150204 13:57,312,43,300,43,310,52,85,46,51,-24,10264,132,110,93,80,74
20150204 13:58,310,39,301,43,310,62,85,46,51,-24,10264,135,110,93,80,75
20150204 13:59,314,37,303,43,318,64,85,46,51,-24,10264,137,110,93,80,75
20150204 14:00,309,43,304,43,299,61,85,46,51,-24,10264,137,110,93,80,75
20150204 14:01,291,47,305,43,283,62,85,46,51,-24,10264,136,110,93,80,75
20150204 14:02,297,48,305,44,310,58,86,47,52,-21,10264,135,110,93,80,75
20150204 14:03,308,46,307,44,307,60,85,46,51,-24,10264,135,110,93,81,75
20150204 14:04,299,35,305,42,291,37,85,47,52,-22,10264,134,110,93,81,75
20150204 14:05,294,34,304,41,298,60,86,48,54,-18,10264,135,110,93,81,75
20150204 14:06,300,48,303,43,302,75,87,48,54,-17,10264,136,110,93,81,75
20150204 14:07,294,50,301,43,287,59,86,47,52,-21,10264,137,110,93,81,75
20150204 14:08,294,49,300,45,302,71,86,48,54,-18,10265,139,110,93,81,75
20150204 14:09,305,46,299,44,309,57,86,46,51,-24,10264,137,110,93,81,75
20150204 14:10,302,40,298,44,295,61,86,47,52,-21,10264,139,110,93,81,75
20150204 14:11,301,50,301,45,307,74,87,47,53,-20,10264,140,110,93,81,75
20150204 14:12,305,52,300,45,302,57,87,47,53,-20,10264,138,110,94,81,75
20150204 14:13,302,44,300,45,302,56,87,46,52,-23,10263,136,110,94,81,75
20150204 14:14,301,37,301,45,301,66,87,47,53,-20,10263,133,110,94,81,75
20150204 14:15,306,40,302,46,311,66,87,47,53,-20,10263,131,110,94,81,75
20150204 14:16,310,43,302,44,308,56,86,47,52,-21,10263,130,110,94,81,75
20150204 14:17,311,38,305,43,313,41,86,47,52,-21,10263,131,110,94,81,75
20150204 14:18,312,37,306,42,310,56,86,47,52,-21,10264,131,110,94,82,75
20150204 14:19,301,37,304,42,292,53,86,48,54,-18,10264,130,110,94,82,75
20150204 14:20,287,35,303,41,281,47,86,48,54,-18,10264,130,110,94,82,76
20150204 14:21,287,33,301,38,293,38,86,47,52,-21,10263,127,110,94,82,75
20150204 14:22,286,32,299,37,278,54,86,48,54,-18,10263,124,110,94,82,76
20150204 14:23,284,41,298,38,290,67,86,48,54,-18,10262,120,110,94,82,76
20150204 14:24,284,42,295,38,279,60,86,48,54,-18,10262,120,110,94,82,76
20150204 14:25,281,38,293,37,282,56,86,46,51,-24,10262,119,109,94,82,76
20150204 14:26,278,44,289,38,275,61,85,47,52,-22,10262,118,109,94,82,76
20150204 14:27,274,39,285,38,272,52,85,47,52,-22,10262,119,109,94,82,76
20150204 14:28,282,33,283,37,291,57,85,47,52,-22,10262,120,109,94,82,76
20150204 14:29,289,35,283,37,287,43,85,47,52,-22,10262,118,109,94,82,76
20150204 14:30,289,38,284,38,290,55,85,48,53,-19,10263,117,109,94,82,76
20150204 14:31,297,38,285,38,303,46,85,48,53,-19,10263,115,109,94,82,76
20150204 14:32,298,33,286,38,293,42,85,49,54,-16,10263,116,109,94,82,76
20150204 14:33,293,41,286,38,293,68,85,49,54,-16,10263,116,108,94,82,76
20150204 14:34,288,52,287,40,284,73,85,49,54,-16,10263,118,108,94,82,76
20150204 14:35,288,47,288,40,293,53,85,49,54,-16,10263,119,108,94,83,76
20150204 14:36,290,48,289,41,288,79,85,49,54,-16,10263,120,108,94,83,76
20150204 14:37,288,49,291,42,288,58,84,49,54,-17,10263,121,108,94,83,76
20150204 14:38,292,43,291,43,295,65,85,50,55,-13,10263,120,107,94,83,76
20150204 14:39,291,48,291,45,286,68,85,49,54,-16,10262,122,107,94,83,76
20150204 14:40,293,45,292,44,300,57,85,48,53,-19,10262,123,107,94,83,76
20150204 14:41,302,38,292,45,304,53,85,48,53,-19,10262,125,107,94,83,76
20150204 14:42,300,38,293,45,295,54,85,48,53,-19,10261,125,107,94,83,77
20150204 14:43,290,41,292,45,284,58,85,48,53,-19,10261,126,107,94,83,77
20150204 14:44,278,50,291,45,273,70,85,47,52,-22,10261,124,107,94,83,77
20150204 14:45,278,50,290,45,283,64,85,47,52,-22,10262,121,107,94,83,77
20150204 14:46,285,46,290,44,287,64,84,47,52,-23,10262,119,106,94,83,77
20150204 14:47,282,48,288,45,277,63,85,48,53,-19,10262,117,106,94,83,77
20150204 14:48,284,47,288,45,291,67,84,48,53,-20,10262,118,106,94,83,77
20150204 14:49,294,44,289,44,296,58,84,47,52,-23,10261,119,106,94,83,77
20150204 14:50,289,35,287,43,281,39,84,48,53,-20,10261,121,106,94,83,77
20150204 14:51,281,35,285,44,280,53,84,48,53,-20,10261,122,106,94,83,77
20150204 14:52,278,42,283,44,275,54,84,48,53,-20,10261,124,106,94,83,77
20150204 14:53,277,39,282,43,279,47,84,48,53,-20,10261,125,106,94,83,77
20150204 14:54,283,42,284,42,287,58,84,48,53,-20,10261,124,106,94,84,77
20150204 14:55,286,42,284,42,284,48,84,48,53,-20,10261,122,106,94,84,77
20150204 14:56,285,40,283,41,285,52,84,49,54,-17,10261,119,106,94,84,77
20150204 14:57,287,40,285,40,289,51,84,49,54,-17,10261,117,105,94,84,77
20150204 14:58,290,43,285,40,291,65,84,49,54,-17,10261,119,105,94,84,77
20150204 14:59,296,48,285,41,300,65,84,49,54,-17,10261,119,105,94,84,77
20150204 15:00,299,45,287,42,298,59,84,49,54,-17,10261,118,105,94,84,77
20150204 15:01,292,45,287,43,287,60,84,49,54,-17,10260,119,105,94,84,77
20150204 15:02,294,42,290,43,301,48,84,49,54,-17,10260,119,105,94,84,77
20150204 15:03,300,35,292,42,299,43,84,50,55,-14,10260,121,105,94,84,77
20150204 15:04,298,36,293,41,297,72,84,50,55,-14,10260,122,105,94,84,77
20150204 15:05,291,44,293,42,284,59,84,49,54,-17,10260,120,105,94,84,77
20150204 15:06,286,49,293,43,287,70,84,49,54,-17,10260,118,105,94,84,78
20150204 15:07,288,47,293,44,289,60,84,49,54,-17,10260,118,105,94,84,78
20150204 15:08,290,47,293,44,291,73,84,49,54,-17,10260,118,105,94,84,78
20150204 15:09,294,47,293,44,298,55,83,49,54,-18,10260,116,105,94,84,78
20150204 15:10,300,44,294,44,302,54,83,49,54,-18,10259,115,104,94,84,78
20150204 15:11,301,40,295,43,300,46,83,49,54,-18,10259,116,104,94,84,78
20150204 15:12,300,39,295,43,299,51,83,49,54,-18,10259,115,104,94,84,78
20150204 15:13,293,34,293,43,287,41,83,49,54,-18,10259,115,104,94,84,78
20150204 15:14,286,31,292,42,285,41,83,50,55,-15,10259,114,104,94,84,78
20150204 15:15,280,34,291,41,274,50,83,50,55,-15,10259,114,104,94,84,78
20150204 15:16,281,39,291,40,288,53,83,50,55,-15,10259,114,104,94,84,78
20150204 15:17,285,42,291,40,282,56,83,49,54,-18,10259,113,104,94,84,78
20150204 15:18,281,40,289,39,279,52,83,50,55,-15,10259,113,104,94,84,78
20150204 15:19,275,32,287,37,270,39,83,50,55,-15,10259,113,104,94,85,78
20150204 15:20,278,27,285,35,287,39,83,51,56,-12,10259,114,103,94,85,78
20150204 15:21,276,34,282,36,265,62,83,51,56,-12,10259,114,103,94,85,78
20150204 15:22,272,43,280,36,279,59,83,50,55,-15,10259,112,103,94,85,78
20150204 15:23,277,45,278,38,275,57,83,50,55,-15,10259,113,103,94,85,78
20150204 15:24,283,51,279,40,291,75,83,50,55,-15,10260,112,103,94,85,78
20150204 15:25,295,48,281,40,299,54,83,49,54,-18,10260,111,103,94,85,78
20150204 15:26,302,33,283,39,305,38,84,50,55,-14,10260,112,103,94,85,78
20150204 15:27,307,33,286,39,309,56,84,50,55,-14,10261,113,102,94,85,78
20150204 15:28,311,33,289,38,312,42,84,50,55,-14,10261,113,102,94,85,78
20150204 15:29,306,32,292,39,300,68,85,50,55,-13,10261,112,102,94,85,78
20150204 15:30,294,41,292,40,288,66,85,50,55,-13,10261,110,102,94,85,78
20150204 15:31,292,51,295,42,296,66,84,49,54,-17,10261,108,102,94,85,79
20150204 15:32,296,45,297,41,296,52,83,50,55,-15,10261,107,102,94,85,79
20150204 15:33,290,39,298,41,283,56,83,51,56,-12,10261,107,102,94,85,79
20150204 15:34,282,42,297,39,281,50,83,50,55,-15,10261,106,102,94,85,79
20150204 15:35,282,41,295,39,284,48,83,51,56,-12,10261,104,101,94,85,79
20150204 15:36,283,38,293,40,281,45,82,50,54,-16,10261,104,101,94,85,79
20150204 15:37,274,35,289,40,266,47,82,51,55,-13,10261,104,101,94,85,79
20150204 15:38,277,30,286,39,289,39,82,51,55,-13,10261,103,101,94,85,79
20150204 15:39,291,25,286,38,293,36,82,51,55,-13,10261,105,101,94,85,79
20150204 15:40,292,27,286,36,291,48,82,52,57,-11,10261,105,101,94,85,79
20150204 15:41,290,30,285,34,289,41,82,52,57,-11,10261,104,100,94,85,79
20150204 15:42,289,31,285,34,289,52,82,52,57,-11,10261,104,100,94,85,79
20150204 15:43,290,32,285,33,291,39,82,52,57,-11,10261,103,100,94,85,79
20150204 15:44,284,28,285,31,278,33,82,52,57,-11,10261,102,100,94,85,79
20150204 15:45,279,24,285,29,279,35,82,52,57,-11,10261,102,100,94,85,79
20150204 15:46,281,25,285,28,282,39,82,52,57,-11,10261,100,100,93,85,79
20150204 15:47,286,31,287,28,289,45,82,52,57,-11,10261,98,99,94,85,79
20150204 15:48,288,33,287,29,287,54,82,52,57,-11,10261,97,99,93,85,79
20150204 15:49,282,32,285,30,277,45,81,52,56,-12,10261,97,99,93,85,79
20150204 15:50,276,34,284,30,275,52,81,52,56,-12,10261,96,99,93,85,79
20150204 15:51,282,34,284,30,288,46,81,52,56,-12,10261,95,99,93,85,79
20150204 15:52,292,31,284,30,295,44,81,52,56,-12,10261,94,98,93,85,79
20150204 15:53,289,25,283,29,283,27,81,52,56,-12,10261,95,98,93,85,79
20150204 15:54,294,22,286,29,306,31,81,52,56,-12,10260,95,98,93,85,79
20150204 15:55,299,28,287,30,293,49,81,51,55,-14,10260,96,98,93,86,79
20150204 15:56,286,33,287,30,280,52,81,51,55,-14,10260,96,98,93,86,79
20150204 15:57,287,31,288,30,294,46,81,51,55,-14,10260,95,97,93,86,79
20150204 15:58,294,30,288,30,294,45,81,50,54,-17,10261,94,97,93,86,79
20150204 15:59,280,32,288,30,267,59,81,51,55,-14,10261,93,97,93,86,79
20150204 16:00,275,35,288,30,284,50,81,51,55,-14,10261,92,97,93,86,80
20150204 16:01,279,37,287,31,275,67,81,51,55,-14,10261,92,96,93,86,80
20150204 16:02,279,41,286,32,282,55,81,50,54,-17,10261,92,96,93,86,80
20150204 16:03,288,36,287,33,293,43,81,50,54,-17,10261,91,96,93,86,80
20150204 16:04,292,35,285,34,291,55,81,50,54,-17,10261,91,96,93,86,80
20150204 16:05,301,35,287,34,312,50,81,50,54,-17,10261,90,96,93,86,80
20150204 16:06,310,34,290,35,308,53,81,50,54,-17,10261,90,95,93,86,80
20150204 16:07,305,33,291,35,301,51,81,50,54,-17,10262,90,95,93,86,80
20150204 16:08,302,34,292,35,304,51,81,50,54,-17,10262,90,95,93,86,80
20150204 16:09,294,39,293,36,285,65,80,50,54,-18,10262,90,95,92,86,80
20150204 16:10,285,41,293,37,284,51,80,50,54,-18,10262,88,94,92,86,80
20150204 16:11,284,41,294,37,283,59,80,50,54,-18,10262,86,94,92,86,80
20150204 16:12,296,42,297,37,309,59,80,50,54,-18,10262,85,94,92,86,80
20150204 16:13,303,40,297,38,297,55,80,51,55,-15,10261,85,94,92,86,80
20150204 16:14,295,33,298,37,292,42,79,51,54,-16,10261,85,93,92,86,80
20150204 16:15,287,29,294,37,282,44,79,51,54,-16,10261,85,93,92,86,80
20150204 16:16,282,30,292,36,281,53,79,51,54,-16,10262,84,93,92,86,80
20150204 16:17,285,38,291,38,289,58,79,52,55,-13,10262,83,93,92,86,80
20150204 16:18,296,42,291,38,304,52,79,52,55,-13,10262,82,92,92,86,80
20150204 16:19,292,39,290,37,280,62,79,53,56,-11,10262,81,92,92,86,80
20150204 16:20,286,35,291,37,292,48,78,53,56,-12,10263,80,92,92,86,80
20150204 16:21,287,33,291,36,282,46,78,53,56,-12,10263,79,92,92,86,80
20150204 16:22,281,28,288,34,281,28,78,54,57,-9,10263,79,91,92,86,80
20150204 16:23,280,25,286,33,280,53,78,54,57,-9,10263,78,91,92,86,80
20150204 16:24,278,33,285,34,277,52,78,54,57,-9,10263,78,91,91,86,80
20150204 16:25,278,37,285,34,280,52,77,54,57,-10,10263,77,91,91,86,80
20150204 16:26,274,31,283,34,269,38,77,55,58,-8,10263,77,90,91,86,80
20150204 16:27,264,33,280,33,260,60,77,55,58,-8,10263,76,90,91,86,80
20150204 16:28,275,35,279,33,291,48,77,55,58,-8,10263,76,90,91,86,80
20150204 16:29,288,34,280,32,286,48,77,56,59,-5,10263,75,90,91,86,80
20150204 16:30,284,41,279,34,283,59,77,56,59,-5,10264,75,89,91,86,80
20150204 16:31,288,42,280,34,293,51,77,55,58,-8,10264,75,89,91,86,80
20150204 16:32,292,39,281,36,291,55,76,55,57,-9,10264,74,89,91,86,80
20150204 16:33,293,37,282,37,294,45,76,55,57,-9,10264,73,88,91,86,81
20150204 16:34,296,38,285,37,298,54,76,55,57,-9,10264,73,88,91,86,81
20150204 16:35,292,36,285,37,286,47,76,55,57,-9,10265,72,88,91,86,81
20150204 16:36,291,33,288,37,296,60,76,55,57,-9,10265,72,88,90,86,81
20150204 16:37,294,42,291,38,292,62,75,55,57,-9,10265,71,87,90,86,81
20150204 16:38,290,50,291,40,288,65,75,55,57,-9,10265,71,87,90,86,81
20150204 16:39,291,53,292,42,294,77,75,55,57,-9,10264,70,87,90,86,81
20150204 16:40,287,50,291,42,280,53,75,55,57,-9,10264,69,87,90,86,81
20150204 16:41,288,38,292,41,296,51,74,55,57,-10,10264,69,86,90,86,81
20150204 16:42,294,32,292,41,292,42,74,56,58,-8,10264,69,86,90,86,81
20150204 16:43,289,40,291,42,286,70,74,56,58,-8,10264,68,86,90,86,81
20150204 16:44,288,49,290,43,289,72,74,56,58,-8,10264,67,85,90,86,81
20150204 16:45,285,37,289,42,280,40,74,56,58,-8,10264,66,85,90,86,81
20150204 16:46,280,36,288,43,281,63,73,57,58,-6,10264,66,85,90,86,81
20150204 16:47,279,46,286,43,277,55,73,57,58,-6,10265,65,85,89,86,81
20150204 16:48,277,40,285,41,277,53,73,57,58,-6,10265,65,84,89,86,81
20150204 16:49,278,42,284,41,279,68,73,57,58,-6,10265,64,84,89,86,81
20150204 16:50,281,44,284,40,283,54,72,57,58,-7,10266,64,84,89,86,81
20150204 16:51,287,37,284,41,292,48,72,57,58,-7,10266,63,83,89,86,81
20150204 16:52,284,32,282,40,276,37,72,57,58,-7,10266,63,83,89,86,81
20150204 16:53,278,27,281,38,280,34,72,58,59,-5,10266,62,83,89,86,81
20150204 16:54,275,29,280,36,271,52,71,58,58,-6,10267,62,83,89,86,81
20150204 16:55,276,34,280,37,282,59,71,58,58,-6,10267,61,82,89,86,81
20150204 16:56,279,39,279,37,277,60,71,58,58,-6,10267,61,82,88,86,81
20150204 16:57,281,39,280,36,286,54,71,58,58,-6,10267,60,82,88,86,81
20150204 16:58,278,36,280,36,270,58,71,58,58,-6,10266,60,81,88,86,81
20150204 16:59,269,39,279,35,269,57,70,58,58,-7,10266,59,81,88,86,81
20150204 17:00,272,38,278,35,276,50,70,58,58,-7,10266,59,81,88,86,81
20150204 17:01,276,33,276,35,276,53,70,58,58,-7,10266,58,81,88,86,81
20150204 17:02,280,29,277,34,285,36,70,59,59,-5,10266,58,80,88,86,81
20150204 17:03,283,30,277,35,280,49,69,59,59,-6,10266,57,80,88,86,81
20150204 17:04,280,35,278,35,279,53,69,59,59,-6,10266,56,80,88,86,81
20150204 17:05,281,36,278,35,283,53,69,59,59,-6,10267,56,79,87,86,81
20150204 17:06,280,30,278,34,277,34,69,59,59,-6,10267,55,79,87,86,81
20150204 17:07,277,25,277,33,276,36,68,60,59,-4,10267,55,79,87,86,81
20150204 17:08,279,27,278,32,282,52,68,60,59,-4,10267,54,79,87,86,81
20150204 17:09,283,33,280,32,283,51,68,60,59,-4,10268,54,78,87,86,81
20150204 17:10,279,34,280,31,276,45,68,60,59,-4,10268,54,78,87,86,81
20150204 17:11,278,29,280,31,280,36,67,60,59,-5,10268,53,78,87,86,81
20150204 17:12,277,27,279,31,273,38,67,61,60,-3,10268,53,77,87,86,81
20150204 17:13,275,27,278,30,276,31,67,61,60,-3,10268,52,77,87,86,81
20150204 17:14,279,26,279,29,282,31,66,61,59,-4,10268,52,77,86,86,81
20150204 17:15,282,25,279,28,281,35,66,61,59,-4,10268,51,77,86,86,81
20150204 17:16,280,25,279,28,279,40,66,61,59,-4,10268,51,76,86,86,81
20150204 17:17,281,34,279,30,282,52,66,61,59,-4,10269,50,76,86,86,81
20150204 17:18,280,41,279,31,278,50,66,61,59,-4,10269,50,76,86,86,81
20150204 17:19,278,39,279,31,278,52,66,61,59,-4,10269,49,76,86,86,81
20150204 17:20,278,34,279,31,278,42,66,61,59,-4,10270,49,75,86,85,81
20150204 17:21,281,30,279,31,285,46,66,61,59,-4,10270,49,75,85,85,81
20150204 17:22,280,28,279,31,275,42,66,61,59,-4,10270,48,75,85,85,81
20150204 17:23,277,26,280,31,278,42,65,61,59,-5,10270,48,74,85,85,82
20150204 17:24,278,28,279,31,278,45,65,61,59,-5,10270,48,74,85,85,82
20150204 17:25,279,29,279,32,280,44,65,61,59,-5,10270,47,74,85,85,81
20150204 17:26,280,30,279,32,281,48,65,62,60,-2,10270,47,74,85,85,82
20150204 17:27,282,29,279,31,283,35,64,62,60,-3,10271,46,73,85,85,81
20150204 17:28,280,26,279,29,277,38,64,62,60,-3,10271,45,73,85,85,82
20150204 17:29,280,32,280,29,283,46,64,62,60,-3,10272,45,73,84,85,82
20150204 17:30,282,34,280,29,282,38,64,62,60,-3,10272,45,72,84,85,82
20150204 17:31,280,30,280,29,279,42,64,62,60,-3,10273,44,72,84,85,82
20150204 17:32,280,24,280,28,280,24,63,63,60,-2,10273,44,72,84,85,82
20150204 17:33,276,24,279,29,271,44,63,63,60,-2,10273,44,72,84,85,82
20150204 17:34,271,32,279,29,271,47,63,63,60,-2,10273,44,71,84,85,82
20150204 17:35,280,32,280,29,288,44,63,63,60,-2,10273,44,71,84,85,82
20150204 17:36,280,25,279,28,273,35,63,63,60,-2,10273,43,71,83,85,82
20150204 17:37,273,25,278,29,273,41,62,63,60,-3,10273,43,71,83,85,82
20150204 17:38,275,31,278,29,276,49,62,63,60,-3,10272,43,70,83,85,82
20150204 17:39,277,32,277,29,279,40,62,63,60,-3,10272,42,70,83,85,82
20150204 17:40,278,29,277,28,277,47,62,63,60,-3,10272,42,70,83,85,82
20150204 17:41,280,32,277,29,282,48,62,63,60,-3,10272,42,70,83,85,82
20150204 17:42,277,32,276,30,272,43,61,63,59,-4,10272,41,69,83,85,82
20150204 17:43,275,30,277,30,277,52,61,63,59,-4,10273,41,69,83,85,82
20150204 17:44,277,31,277,30,277,42,61,63,59,-4,10273,41,69,82,85,82
20150204 17:45,281,29,277,30,284,41,61,63,59,-4,10273,41,69,82,85,82
20150204 17:46,279,29,277,31,275,39,61,63,59,-4,10273,41,68,82,85,82
20150204 17:47,278,31,278,31,280,40,61,63,59,-4,10273,41,68,82,85,82
20150204 17:48,278,30,278,30,276,36,61,64,60,-2,10273,41,68,82,85,82
20150204 17:49,276,25,278,30,276,29,60,64,60,-3,10273,40,68,82,85,82
20150204 17:50,271,24,277,29,266,34,60,64,60,-3,10273,39,67,82,84,82
20150204 17:51,268,24,275,28,270,34,60,64,60,-3,10273,39,67,81,84,82
20150204 17:52,273,28,276,29,275,43,60,64,60,-3,10273,38,67,81,84,82
20150204 17:53,275,31,276,28,276,37,59,64,59,-4,10273,38,67,81,84,82
20150204 17:54,276,32,275,29,276,43,59,65,60,-2,10273,38,66,81,84,82
20150204 17:55,274,31,274,29,273,39,59,65,60,-2,10273,38,66,81,84,82
20150204 17:56,272,31,274,29,271,43,59,65,60,-2,10273,38,66,81,84,82
20150204 17:57,270,29,273,28,270,35,59,65,60,-2,10273,38,66,81,84,82
20150204 17:58,272,26,273,28,275,37,59,65,60,-2,10273,38,65,80,84,82
20150204 17:59,276,27,273,29,277,40,59,65,60,-2,10273,37,65,80,84,82
20150204 18:00,277,31,274,30,277,46,59,65,60,-2,10273,37,65,80,84,82
20150204 18:01,277,34,275,30,276,45,58,65,60,-3,10274,37,65,80,84,82
20150204 18:02,282,31,276,30,287,38,58,65,60,-3,10274,37,65,80,84,82
20150204 18:03,282,31,276,30,277,43,58,65,60,-3,10274,36,64,80,84,82
20150204 18:04,279,30,276,30,281,38,58,65,60,-3,10274,36,64,80,84,82
20150204 18:05,280,28,277,30,279,39,58,65,60,-3,10275,36,64,79,84,82
20150204 18:06,279,27,278,29,280,35,58,65,60,-3,10275,36,64,79,84,82
20150204 18:07,282,25,279,29,284,31,58,66,61,-1,10275,35,63,79,84,82
20150204 18:08,282,29,280,30,279,45,57,66,60,-1,10275,35,63,79,84,82
20150204 18:09,281,31,280,30,282,32,57,66,60,-1,10275,35,63,79,84,82
20150204 18:10,279,28,280,29,276,33,57,66,60,-1,10276,35,63,79,84,82
20150204 18:11,278,25,280,28,280,32,57,66,60,-1,10276,34,63,79,84,82
20150204 18:12,278,24,279,28,277,30,57,66,60,-1,10276,34,62,78,83,82
20150204 18:13,279,21,280,26,282,30,56,66,60,-2,10277,34,62,78,83,82
20150204 18:14,277,23,279,26,273,38,56,67,61,0,10277,34,62,78,83,82
20150204 18:15,273,23,279,25,273,24,56,67,61,0,10277,34,62,78,83,82
20150204 18:16,274,23,278,25,275,29,55,67,60,-1,10277,34,62,78,83,82
20150204 18:17,275,22,277,25,275,27,55,67,60,-1,10277,33,61,78,83,82
20150204 18:18,273,23,276,24,272,35,55,67,60,-1,10277,33,61,78,83,82
20150204 18:19,273,23,276,23,275,27,55,68,61,1,10277,33,61,77,83,82
20150204 18:20,274,24,275,23,273,33,55,68,61,1,10277,32,61,77,83,82
20150204 18:21,277,26,276,23,282,38,54,68,61,0,10277,32,61,77,83,82
20150204 18:22,278,27,275,24,275,33,54,68,61,0,10277,32,60,77,83,82
20150204 18:23,279,26,276,24,283,34,54,68,61,0,10278,32,60,77,83,82
20150204 18:24,283,28,277,25,284,39,54,68,61,0,10278,32,60,77,83,82
20150204 18:25,283,28,278,25,283,34,54,68,61,0,10278,32,60,77,83,82
20150204 18:26,282,24,278,25,281,32,54,68,61,0,10278,31,60,76,83,82
20150204 18:27,282,24,279,26,282,33,54,68,61,0,10278,31,59,76,83,82
20150204 18:28,286,25,281,26,290,35,54,68,61,0,10278,32,59,76,83,82
20150204 18:29,287,26,282,26,284,35,54,68,61,0,10278,32,59,76,83,82
20150204 18:30,285,30,283,27,285,42,54,68,61,0,10278,32,59,76,83,82
20150204 18:31,285,30,283,27,285,43,54,68,61,0,10278,32,59,76,82,82
20150204 18:32,284,27,284,27,284,42,54,68,61,0,10279,31,58,76,82,82
20150204 18:33,280,29,284,27,277,41,54,68,61,0,10279,31,58,76,82,82
20150204 18:34,282,30,284,27,287,35,54,68,61,0,10279,31,58,75,82,82
20150204 18:35,284,28,284,27,282,40,54,68,61,0,10279,31,58,75,82,82
20150204 18:36,284,24,284,27,285,31,54,68,61,0,10279,31,58,75,82,82
20150204 18:37,283,26,284,28,281,38,53,68,61,-1,10279,30,58,75,82,82
20150204 18:38,282,30,283,28,283,39,53,68,61,-1,10279,31,57,75,82,82
20150204 18:39,285,28,284,28,287,39,53,68,61,-1,10279,31,57,75,82,82
20150204 18:40,285,27,283,28,283,42,53,68,61,-1,10279,31,57,75,82,82
20150204 18:41,281,27,283,28,279,39,53,68,61,-1,10279,31,57,74,82,82
20150204 18:42,281,31,283,28,283,49,53,68,61,-1,10279,31,57,74,82,81
20150204 18:43,282,32,283,28,282,40,53,68,61,-1,10280,31,57,74,82,82
20150204 18:44,281,27,282,28,279,37,53,68,61,-1,10280,30,56,74,82,82
20150204 18:45,279,25,282,28,278,32,53,68,61,-1,10280,30,56,74,82,81
20150204 18:46,278,26,281,28,279,34,53,68,61,-1,10280,30,56,74,82,81
20150204 18:47,278,27,281,28,277,35,53,68,61,-1,10280,29,56,74,82,81
20150204 18:48,278,31,281,28,280,46,53,68,61,-1,10281,30,56,74,81,81
20150204 18:49,281,32,280,29,283,42,53,68,61,-1,10281,29,56,73,81,81
20150204 18:50,280,30,280,29,278,39,53,68,61,-1,10281,29,55,73,81,81
20150204 18:51,278,26,280,29,277,34,52,68,60,-2,10281,29,55,73,81,81
20150204 18:52,276,26,279,28,275,42,52,68,60,-2,10281,29,55,73,81,81
20150204 18:53,278,27,279,28,280,42,52,68,60,-2,10281,29,55,73,81,81
20150204 18:54,279,26,278,28,278,37,52,68,60,-2,10281,29,55,73,81,81
20150204 18:55,278,26,278,28,278,33,52,68,60,-2,10281,29,55,73,81,81
20150204 18:56,277,26,278,28,276,34,52,68,60,-2,10281,29,55,73,81,81
20150204 18:57,276,26,278,27,275,33,52,68,60,-2,10282,28,54,72,81,81
20150204 18:58,274,24,277,27,273,32,52,69,61,0,10282,28,54,72,81,81
20150204 18:59,274,26,277,26,276,34,51,69,61,-1,10282,28,54,72,81,81
20150204 19:00,276,27,276,26,276,36,51,69,61,-1,10282,28,54,72,81,81
20150204 19:01,275,25,276,26,274,30,51,69,61,-1,10282,28,54,72,81,81
20150204 19:02,279,23,277,25,284,31,51,69,61,-1,10282,27,54,72,81,81
20150204 19:03,286,21,278,25,288,32,51,69,61,-1,10282,27,54,72,81,81
20150204 19:04,283,23,278,25,279,41,51,69,61,-1,10282,28,53,71,80,81
20150204 19:05,278,24,278,25,277,30,51,69,61,-1,10283,27,53,71,80,81
20150204 19:06,279,24,278,24,281,32,50,69,60,-2,10283,27,53,71,80,81
20150204 19:07,281,25,279,24,281,35,50,69,60,-2,10283,27,53,71,80,81
20150204 19:08,282,26,280,25,282,31,50,69,60,-2,10283,26,53,71,80,81
20150204 19:09,283,23,280,24,283,22,50,69,60,-2,10283,26,53,71,80,81
20150204 19:10,283,21,281,23,282,32,50,70,61,0,10283,27,53,71,80,81
20150204 19:11,283,24,282,23,284,38,50,70,61,0,10283,26,52,71,80,81
20150204 19:12,284,24,282,24,284,32,50,70,61,0,10283,26,52,71,80,81
20150204 19:13,281,25,281,24,279,36,49,70,61,-1,10283,25,52,70,80,81
20150204 19:14,282,25,282,24,286,31,49,70,61,-1,10283,25,52,70,80,81
20150204 19:15,281,22,282,24,276,27,49,70,61,-1,10283,25,52,70,80,81
20150204 19:16,276,23,281,24,275,36,49,70,61,-1,10283,25,52,70,80,81
20150204 19:17,281,25,282,24,287,34,49,70,61,-1,10283,25,52,70,80,81
20150204 19:18,283,24,281,24,278,34,49,70,61,-1,10283,25,51,70,80,81
20150204 19:19,279,25,281,24,279,31,49,70,61,-1,10283,25,51,70,80,81
20150204 19:20,279,24,281,24,279,29,49,70,61,-1,10283,24,51,70,79,81
20150204 19:21,279,23,280,24,279,28,49,70,61,-1,10283,24,51,69,79,81
20150204 19:22,279,21,280,24,278,28,49,70,61,-1,10284,24,51,69,79,81
20150204 19:23,280,19,280,23,281,30,49,70,61,-1,10284,24,51,69,79,81
20150204 19:24,278,19,279,22,276,32,49,70,61,-1,10284,25,51,69,79,81
20150204 19:25,276,19,279,22,276,23,48,70,60,-2,10284,24,51,69,79,81
20150204 19:26,275,20,279,22,273,28,48,70,60,-2,10284,25,50,69,79,81
20150204 19:27,273,21,277,21,272,27,48,70,60,-2,10284,24,50,69,79,81
20150204 19:28,273,20,277,21,274,26,48,70,60,-2,10284,24,50,69,79,81
20150204 19:29,275,19,276,20,275,27,48,70,60,-2,10284,24,50,69,79,81
20150204 19:30,278,19,276,20,280,26,48,70,60,-2,10284,24,50,68,79,81
20150204 19:31,281,16,277,19,282,19,47,70,60,-3,10284,23,50,68,79,81
20150204 19:32,280,16,277,19,277,24,47,70,60,-3,10284,23,50,68,79,81
20150204 19:33,276,16,276,18,276,20,47,70,60,-3,10284,22,49,68,79,81
20150204 19:34,276,16,276,18,276,27,46,71,60,-2,10284,22,49,68,79,81
20150204 19:35,275,18,276,18,274,25,46,71,60,-2,10284,22,49,68,79,81
20150204 19:36,275,19,276,18,275,28,46,71,60,-2,10284,21,49,68,78,81
20150204 19:37,275,19,276,18,275,24,46,71,60,-2,10284,21,49,68,78,81
20150204 19:38,271,20,276,18,268,29,46,71,60,-2,10284,21,49,68,78,81
20150204 19:39,269,22,275,18,271,28,45,71,60,-3,10284,21,49,67,78,81
20150204 19:40,274,21,275,18,277,25,45,71,60,-3,10284,21,49,67,78,80
20150204 19:41,278,21,275,19,278,28,45,71,60,-3,10284,21,48,67,78,80
20150204 19:42,276,19,275,19,275,27,45,71,60,-3,10284,21,48,67,78,80
20150204 19:43,277,20,275,20,279,28,45,72,61,-1,10284,20,48,67,78,80
20150204 19:44,280,22,275,20,281,23,44,72,60,-2,10284,20,48,67,78,80
20150204 19:45,278,19,275,20,274,23,44,72,60,-2,10284,20,48,67,78,80
20150204 19:46,275,17,275,20,276,22,44,72,60,-2,10284,20,48,67,78,80
20150204 19:47,278,16,276,20,280,22,44,72,60,-2,10285,20,48,67,78,80
20150204 19:48,277,18,277,20,275,24,44,72,60,-2,10285,20,48,67,78,80
20150204 19:49,277,18,277,19,279,23,44,72,60,-2,10285,20,47,66,78,80
20150204 19:50,278,17,277,19,276,22,43,72,60,-3,10285,20,47,66,78,80
20150204 19:51,273,16,277,18,271,19,43,72,60,-3,10285,20,47,66,78,80
20150204 19:52,271,19,276,19,271,29,43,72,60,-3,10285,20,47,66,77,80
20150204 19:53,273,21,276,18,276,29,43,72,60,-3,10284,19,47,66,77,80
20150204 19:54,276,19,276,18,277,22,43,72,60,-3,10284,19,47,66,77,80
20150204 19:55,278,18,276,18,279,22,43,72,60,-3,10285,19,47,66,77,80
20150204 19:56,278,17,276,18,277,24,43,73,61,-1,10285,18,47,66,77,80
20150204 19:57,280,16,276,18,282,21,42,73,60,-2,10285,18,46,66,77,80
20150204 19:58,281,17,277,18,279,20,42,73,60,-2,10285,18,46,66,77,80
20150204 19:59,278,17,277,18,277,22,42,73,60,-2,10285,17,46,65,77,80
20150204 20:00,279,17,277,18,282,23,42,73,60,-2,10285,17,46,65,77,80
