time_now,wd_avg_2mins,ws_avg_2mins,wd_avg_10mins,ws_avg_10mins,wd_maxsp_this_min,ws_maxsp_this_min,air_temp_by_box,relative_humidity,water_vapor_pressure,dew_temp,station_pressure,ground_temp_pt,ground_tem_5cm,ground_tem_10cm,ground_tem_15cm,ground_tem_20cm
20160101 20:01,74,14,69,15,75,16,42,71,59,-6,10355,6,44,74,87,91
20160101 20:02,75,13,70,14,74,15,42,71,59,-6,10355,6,44,74,87,91
20160101 20:03,71,10,70,13,67,11,42,71,59,-6,10355,5,44,74,87,91
20160101 20:04,69,9,71,13,70,12,42,72,59,-4,10355,5,44,74,87,91
20160101 20:05,72,10,71,12,75,13,41,72,59,-5,10355,5,44,74,86,91
20160101 20:06,74,11,72,12,74,13,41,72,59,-5,10355,5,44,74,86,91
20160101 20:07,72,11,72,12,70,13,41,72,59,-5,10355,4,44,74,86,91
20160101 20:08,69,10,72,11,68,11,41,73,60,-3,10355,4,43,74,86,91
20160101 20:09,70,9,72,11,71,11,40,73,59,-4,10355,4,43,74,86,91
20160101 20:10,70,10,71,10,69,13,40,73,59,-4,10355,3,43,73,86,91
20160101 20:11,69,10,71,10,69,13,40,73,59,-4,10355,3,43,73,86,91
20160101 20:12,70,10,70,10,70,12,40,74,60,-2,10355,3,43,73,86,91
20160101 20:13,67,10,70,10,65,12,40,74,60,-2,10355,3,43,73,86,91
20160101 20:14,63,9,69,10,61,10,39,74,60,-3,10355,3,43,73,86,91
20160101 20:15,60,9,68,10,59,13,39,74,60,-3,10355,2,43,73,86,91
20160101 20:16,57,10,66,10,55,13,39,74,60,-3,10356,2,42,73,86,91
20160101 20:17,55,10,64,10,55,12,38,74,59,-4,10356,2,42,73,86,91
20160101 20:18,52,11,62,10,50,15,38,75,60,-2,10356,2,42,73,86,91
20160101 20:19,52,12,61,10,53,16,37,75,60,-3,10356,2,42,72,86,91
20160101 20:20,52,12,59,11,50,17,37,75,60,-3,10356,1,42,72,85,91
20160101 20:21,50,14,57,11,50,17,37,76,60,-1,10356,1,42,72,85,91
20160101 20:22,50,15,55,12,51,21,37,76,60,-1,10356,1,42,72,85,91
20160101 20:23,49,16,53,12,48,21,38,76,61,0,10356,1,42,72,85,91
20160101 20:24,47,15,52,13,47,19,38,76,61,0,10356,1,41,72,85,91
20160101 20:25,47,15,51,13,47,21,38,76,61,0,10356,1,41,72,85,90
20160101 20:26,48,16,50,14,48,22,38,77,62,1,10356,0,41,72,85,90
20160101 20:27,47,17,49,15,46,21,38,77,62,1,10356,1,41,72,85,90
20160101 20:28,46,15,48,15,45,20,38,77,62,1,10356,0,41,71,85,90
20160101 20:29,49,13,48,15,52,18,38,77,62,1,10356,1,41,71,85,90
20160101 20:30,51,13,48,15,49,17,38,77,62,1,10356,1,41,71,85,90
20160101 20:31,50,13,48,15,51,16,38,77,62,1,10356,0,41,71,85,90
20160101 20:32,50,12,48,14,50,19,37,77,61,0,10356,0,40,71,85,90
20160101 20:33,49,12,48,14,48,14,37,77,61,0,10357,0,40,71,85,90
20160101 20:34,46,13,48,14,45,19,37,78,62,2,10357,0,40,71,85,90
20160101 20:35,47,13,48,13,49,18,37,78,62,2,10357,0,40,71,85,90
20160101 20:36,49,13,49,13,50,21,37,78,62,2,10357,0,40,71,84,90
20160101 20:37,48,16,49,13,46,23,37,78,62,2,10357,-1,40,71,84,90
20160101 20:38,47,16,49,13,48,21,37,78,62,2,10357,-1,40,70,84,90
20160101 20:39,47,14,48,14,47,19,37,79,63,4,10357,-1,39,70,84,90
20160101 20:40,47,15,48,14,46,22,37,79,63,4,10357,-1,39,70,84,90
20160101 20:41,47,15,48,14,47,19,37,79,63,4,10357,-1,39,70,84,90
20160101 20:42,48,14,48,14,49,19,37,79,63,4,10357,-1,39,70,84,90
20160101 20:43,47,13,47,14,46,15,37,79,63,4,10357,-1,39,70,84,90
20160101 20:44,46,13,47,14,46,18,37,79,63,4,10357,-2,39,70,84,90
20160101 20:45,44,14,47,15,42,17,37,79,63,4,10357,-2,39,70,84,90
20160101 20:46,44,14,46,14,46,15,37,80,64,6,10357,-2,39,70,84,90
20160101 20:47,46,12,46,14,45,15,37,80,64,6,10357,-2,38,70,84,90
20160101 20:48,43,12,46,13,41,16,37,80,64,6,10357,-2,38,69,84,90
20160101 20:49,47,10,46,13,54,14,37,80,64,6,10357,-2,38,69,84,90
20160101 20:50,53,11,47,13,53,17,37,80,64,6,10357,-2,38,69,84,90
20160101 20:51,55,12,48,12,57,16,37,80,64,6,10357,-2,38,69,83,90
20160101 20:52,57,12,49,12,56,16,37,79,63,4,10357,-2,38,69,83,90
20160101 20:53,54,11,49,12,53,15,37,80,64,6,10356,-2,38,69,83,90
20160101 20:54,58,9,51,11,63,14,37,80,64,6,10356,-2,38,69,83,90
20160101 20:55,59,10,52,11,55,15,36,80,63,5,10356,-3,37,69,83,90
20160101 20:56,56,11,53,11,57,16,36,80,63,5,10356,-3,37,69,83,90
20160101 20:57,53,11,54,11,50,16,36,80,63,5,10356,-3,37,69,83,89
20160101 20:58,49,13,55,11,48,17,36,80,63,5,10356,-3,37,68,83,89
20160101 20:59,49,13,54,11,50,18,36,81,64,6,10357,-3,37,68,83,89
20160101 21:00,48,13,53,12,46,16,36,81,64,6,10356,-3,37,68,83,89
20160101 21:01,44,14,52,12,42,18,36,81,64,6,10356,-3,37,68,83,89
20160101 21:02,42,14,50,12,41,16,36,81,64,6,10356,-4,37,68,83,89
20160101 21:03,42,15,49,13,43,20,36,81,64,6,10356,-4,36,68,83,89
20160101 21:04,42,15,47,13,42,19,36,81,64,6,10357,-3,36,68,83,89
20160101 21:05,45,14,47,14,48,18,36,81,64,6,10357,-3,36,68,83,89
20160101 21:06,53,15,47,14,58,20,36,81,64,6,10357,-3,36,68,82,89
20160101 21:07,56,17,47,15,53,23,36,81,64,6,10357,-3,36,68,82,89
20160101 21:08,55,18,48,15,56,24,36,81,64,6,10357,-2,36,68,82,89
20160101 21:09,57,18,49,16,58,25,36,81,64,6,10357,-2,36,67,82,89
20160101 21:10,60,17,50,16,62,22,37,81,64,7,10357,-1,36,67,82,89
20160101 21:11,62,16,52,16,62,20,37,81,64,7,10357,-2,35,67,82,89
20160101 21:12,61,17,54,17,60,24,37,81,64,7,10357,-2,35,67,82,89
20160101 21:13,60,17,56,16,61,21,37,81,64,7,10357,-1,35,67,82,89
20160101 21:14,60,16,58,17,59,22,37,81,64,7,10357,-1,35,67,82,89
20160101 21:15,60,16,59,17,62,19,37,81,64,7,10357,-1,35,67,82,89
20160101 21:16,62,16,60,17,62,21,37,81,64,7,10357,0,35,67,82,89
20160101 21:17,63,18,61,17,64,24,37,81,64,7,10357,0,35,67,82,89
20160101 21:18,64,18,61,17,63,20,37,81,64,7,10357,0,35,67,82,89
20160101 21:19,63,17,62,17,63,23,37,81,64,7,10356,0,35,66,82,89
20160101 21:20,63,17,62,17,63,21,37,81,64,7,10356,0,35,66,82,89
20160101 21:21,63,17,62,17,63,23,37,81,64,7,10356,-1,35,66,82,89
20160101 21:22,61,17,62,17,59,19,37,81,64,7,10357,-1,34,66,81,89
20160101 21:23,59,15,62,17,58,17,38,81,65,8,10357,-1,34,66,81,89
20160101 21:24,59,14,62,16,59,18,37,81,64,7,10357,-1,34,66,81,89
20160101 21:25,60,14,62,16,62,19,37,81,64,7,10357,-1,34,66,81,89
20160101 21:26,62,14,62,16,61,17,37,81,64,7,10357,-1,34,66,81,88
20160101 21:27,61,14,61,15,60,15,37,81,64,7,10357,-2,34,66,81,88
20160101 21:28,61,12,61,15,62,15,37,81,64,7,10357,-2,34,66,81,88
20160101 21:29,63,12,61,14,64,15,37,81,64,7,10357,-2,34,66,81,88
20160101 21:30,65,12,61,14,66,14,37,81,64,7,10357,-3,34,65,81,88
20160101 21:31,66,13,62,14,66,16,36,81,64,6,10357,-3,34,65,81,88
20160101 21:32,66,13,62,13,66,17,36,82,65,8,10357,-3,34,65,81,88
20160101 21:33,67,12,63,13,67,15,36,82,65,8,10357,-3,34,65,81,88
20160101 21:34,69,12,64,13,70,17,36,82,65,8,10357,-4,34,65,81,88
20160101 21:35,68,14,65,13,66,17,35,82,64,7,10357,-4,34,65,81,88
20160101 21:36,68,14,66,13,69,17,35,82,64,7,10357,-4,33,65,81,88
20160101 21:37,69,13,66,13,68,17,35,82,64,7,10357,-4,33,65,81,88
20160101 21:38,65,14,66,13,61,18,34,82,64,6,10357,-4,33,65,80,88
20160101 21:39,62,14,66,13,62,16,34,83,65,8,10356,-4,33,65,80,88
20160101 21:40,62,14,66,13,62,17,34,83,65,8,10356,-5,33,65,80,88
20160101 21:41,62,13,65,13,63,15,34,83,65,8,10356,-5,33,64,80,88
20160101 21:42,62,12,65,13,61,13,33,83,64,7,10356,-5,33,64,80,88
20160101 21:43,62,12,65,13,64,19,33,83,64,7,10356,-5,33,64,80,88
20160101 21:44,61,12,63,13,59,14,33,84,65,9,10356,-5,33,64,80,88
20160101 21:45,58,12,62,13,56,18,33,84,65,9,10356,-6,33,64,80,88
20160101 21:46,54,13,61,13,53,19,32,84,65,8,10356,-6,33,64,80,88
20160101 21:47,55,13,60,13,58,17,32,84,65,8,10356,-6,32,64,80,88
20160101 21:48,57,13,60,13,57,17,32,84,65,8,10357,-6,32,64,80,88
20160101 21:49,56,13,59,13,54,18,32,84,65,8,10357,-7,32,64,80,88
20160101 21:50,56,13,58,13,57,16,32,84,65,8,10357,-7,32,64,80,88
20160101 21:51,57,13,58,13,58,17,32,85,65,9,10357,-7,32,64,80,88
20160101 21:52,57,14,57,13,57,18,31,85,65,8,10356,-7,32,63,80,87
20160101 21:53,57,15,57,13,57,18,31,85,65,8,10356,-7,32,63,79,87
20160101 21:54,57,15,56,13,56,19,31,85,65,8,10356,-7,32,63,79,87
20160101 21:55,58,14,57,13,60,16,31,85,65,8,10356,-8,32,63,79,87
20160101 21:56,60,13,57,13,60,15,31,85,65,8,10356,-8,32,63,79,87
20160101 21:57,62,13,58,14,64,15,31,85,65,8,10356,-8,31,63,79,87
20160101 21:58,61,13,58,14,58,15,31,85,65,8,10355,-8,31,63,79,87
20160101 21:59,58,13,58,13,57,16,31,85,65,8,10355,-8,31,63,79,87
20160101 22:00,56,14,58,14,55,20,30,85,64,7,10355,-8,31,63,79,87
20160101 22:01,53,15,57,14,51,19,30,86,65,9,10355,-9,31,63,79,87
20160101 22:02,52,15,57,14,54,20,30,86,65,9,10356,-9,31,63,79,87
20160101 22:03,55,14,57,14,56,16,30,86,65,9,10356,-9,31,63,79,87
20160101 22:04,56,14,57,14,56,17,30,86,65,9,10356,-9,31,63,79,87
20160101 22:05,56,14,57,14,56,20,30,86,65,9,10356,-9,31,62,79,87
20160101 22:06,58,14,57,14,60,17,30,86,65,9,10356,-9,30,62,79,87
20160101 22:07,58,13,56,14,57,16,30,86,65,9,10356,-10,30,62,79,87
20160101 22:08,58,13,56,14,59,22,30,86,65,9,10356,-9,30,62,79,87
20160101 22:09,58,14,56,14,57,16,30,86,65,9,10355,-10,30,62,79,87
20160101 22:10,58,13,57,14,59,17,29,86,65,8,10355,-10,30,62,78,87
20160101 22:11,57,13,57,14,56,19,29,86,65,8,10355,-10,30,62,78,87
20160101 22:12,54,15,57,14,51,19,29,86,65,8,10355,-10,30,62,78,87
20160101 22:13,51,15,56,14,51,21,29,86,65,8,10355,-10,30,62,78,87
20160101 22:14,50,17,56,14,49,22,29,86,65,8,10355,-10,30,62,78,87
20160101 22:15,49,17,55,14,49,22,29,86,65,8,10355,-10,30,62,78,87
20160101 22:16,47,17,53,15,46,21,29,86,65,8,10355,-11,29,62,78,87
20160101 22:17,46,17,52,15,45,22,29,86,65,8,10355,-10,29,62,78,87
20160101 22:18,44,17,51,16,43,21,29,86,65,8,10355,-10,29,61,78,87
20160101 22:19,42,17,49,16,42,22,30,86,65,9,10355,-10,29,61,78,87
20160101 22:20,42,17,47,17,42,22,30,86,65,9,10355,-10,29,61,78,86
20160101 22:21,43,15,46,17,45,25,30,86,65,9,10355,-10,29,61,78,86
20160101 22:22,44,17,46,17,44,24,30,86,65,9,10355,-10,29,61,78,86
20160101 22:23,44,19,45,17,44,29,30,86,65,9,10355,-10,29,61,78,86
20160101 22:24,43,19,44,17,43,23,30,86,65,9,10355,-10,28,61,78,86
20160101 22:25,43,17,44,17,43,26,30,86,65,9,10355,-10,28,61,78,86
20160101 22:26,43,18,43,18,44,23,30,86,65,9,10355,-10,28,61,78,86
20160101 22:27,44,18,43,18,44,22,30,85,64,7,10355,-10,28,61,77,86
20160101 22:28,44,18,44,18,45,23,30,85,64,7,10355,-9,28,61,77,86
20160101 22:29,46,15,44,17,48,19,31,85,65,8,10355,-9,28,61,77,86
20160101 22:30,46,15,44,17,43,20,31,85,65,8,10354,-9,28,60,77,86
20160101 22:31,45,15,44,17,47,22,31,85,65,8,10354,-9,28,60,77,86
20160101 22:32,50,14,45,17,53,17,31,85,65,8,10354,-9,28,60,77,86
20160101 22:33,52,14,46,16,51,25,31,85,65,8,10354,-9,28,60,77,86
20160101 22:34,49,16,47,16,48,19,31,85,65,8,10353,-9,28,60,77,86
20160101 22:35,49,16,47,16,49,21,31,85,65,8,10353,-9,27,60,77,86
20160101 22:36,52,16,48,16,55,17,31,84,64,7,10353,-9,27,60,77,86
20160101 22:37,56,15,50,15,58,18,31,84,64,7,10353,-10,27,60,77,86
20160101 22:38,59,14,51,15,59,16,31,84,64,7,10353,-10,27,60,77,86
20160101 22:39,62,13,53,15,65,16,31,84,64,7,10353,-10,27,60,77,86
20160101 22:40,63,13,55,14,61,16,31,84,64,7,10353,-10,27,60,77,86
20160101 22:41,64,14,57,14,68,17,31,84,64,7,10353,-10,27,60,77,86
20160101 22:42,68,12,58,14,67,15,32,84,65,8,10352,-11,27,59,77,86
20160101 22:43,64,11,59,14,62,16,32,84,65,8,10352,-11,27,59,77,86
20160101 22:44,59,12,60,13,56,18,31,84,64,7,10352,-11,27,59,76,86
20160101 22:45,55,13,61,13,55,18,31,84,64,7,10352,-11,27,59,76,86
20160101 22:46,55,14,61,13,55,17,31,84,64,7,10352,-12,27,59,76,85
20160101 22:47,54,14,60,13,52,17,31,84,64,7,10352,-12,27,59,76,85
20160101 22:48,51,14,59,13,50,17,31,84,64,7,10352,-12,27,59,76,85
20160101 22:49,53,14,58,13,55,18,30,84,64,6,10352,-13,26,59,76,85
20160101 22:50,56,13,58,13,56,16,30,84,64,6,10352,-13,26,59,76,85
20160101 22:51,55,12,56,13,53,18,30,84,64,6,10352,-13,26,59,76,85
20160101 22:52,54,13,55,13,54,17,30,84,64,6,10352,-13,26,59,76,85
20160101 22:53,54,13,54,13,54,19,30,85,64,7,10352,-13,26,59,76,85
20160101 22:54,55,13,54,13,56,17,30,85,64,7,10352,-13,26,59,76,85
20160101 22:55,58,11,54,13,60,11,29,85,64,6,10352,-13,26,59,76,85
20160101 22:56,59,10,55,12,57,13,29,85,64,6,10352,-14,26,58,76,85
20160101 22:57,55,10,55,12,54,13,29,85,64,6,10352,-14,26,58,76,85
20160101 22:58,53,10,55,12,52,14,29,85,64,6,10352,-14,26,58,76,85
20160101 22:59,52,10,55,11,53,14,29,85,64,6,10352,-14,26,58,76,85
20160101 23:00,53,11,55,11,53,14,29,85,64,6,10352,-15,25,58,76,85
20160101 23:01,51,12,54,11,49,19,28,85,63,5,10352,-15,25,58,75,85
20160101 23:02,49,14,54,11,50,17,28,85,63,5,10351,-15,25,58,75,85
20160101 23:03,49,15,53,12,48,18,27,85,63,4,10352,-15,25,58,75,85
20160101 23:04,50,14,53,12,52,18,27,86,64,6,10352,-16,25,58,75,85
20160101 23:05,53,13,52,12,53,17,27,86,64,6,10352,-16,25,58,75,85
20160101 23:06,54,13,52,12,55,16,27,86,64,6,10352,-16,25,58,75,85
20160101 23:07,56,13,52,13,57,16,27,86,64,6,10351,-16,25,57,75,85
20160101 23:08,56,12,53,13,55,14,27,86,64,6,10351,-16,25,57,75,85
20160101 23:09,59,10,53,13,62,13,27,86,64,6,10351,-16,25,57,75,85
20160101 23:10,62,10,54,13,61,12,27,87,65,8,10351,-16,24,57,75,85
20160101 23:11,64,10,56,12,66,14,27,87,65,8,10351,-16,24,57,75,85
20160101 23:12,66,10,57,12,65,12,27,87,65,8,10351,-16,24,57,75,84
20160101 23:13,66,10,59,11,66,11,27,87,65,8,10351,-16,24,57,75,84
20160101 23:14,68,10,61,11,70,12,27,87,65,8,10351,-16,24,57,75,84
20160101 23:15,69,11,63,11,68,13,27,87,65,8,10351,-17,24,57,75,84
20160101 23:16,68,11,64,11,68,12,26,87,64,7,10350,-17,24,57,75,84
20160101 23:17,68,10,65,10,68,11,26,87,64,7,10350,-17,24,57,74,84
20160101 23:18,68,9,66,10,69,10,26,87,64,7,10350,-17,24,57,74,84
20160101 23:19,69,9,67,10,70,11,26,87,64,7,10350,-17,24,57,74,84
20160101 23:20,71,9,68,10,72,10,26,87,64,7,10350,-17,23,57,74,84
20160101 23:21,74,9,69,10,75,9,25,87,64,6,10350,-18,23,56,74,84
20160101 23:22,75,8,70,10,75,9,25,87,64,6,10350,-18,23,56,74,84
20160101 23:23,74,8,71,10,73,9,25,88,64,7,10350,-18,23,56,74,84
20160101 23:24,72,8,71,9,72,9,24,88,64,6,10350,-18,23,56,74,84
20160101 23:25,70,9,71,9,68,10,24,88,64,6,10349,-18,23,56,74,84
20160101 23:26,68,9,71,9,67,10,23,88,63,5,10349,-19,23,56,74,84
20160101 23:27,66,9,71,9,64,10,23,88,63,5,10349,-19,23,56,74,84
20160101 23:28,63,9,70,9,62,10,22,88,63,4,10349,-19,23,56,74,84
20160101 23:29,61,8,69,9,61,8,22,88,63,4,10349,-19,22,56,74,84
20160101 23:30,60,7,68,8,59,8,21,88,63,3,10349,-16,22,56,74,84
20160101 23:31,58,7,66,8,58,10,21,88,63,3,10349,-11,22,56,74,84
20160101 23:32,57,7,64,8,57,9,21,88,63,3,10349,-13,22,56,74,84
20160101 23:33,59,7,63,8,61,8,20,89,63,4,10349,-14,22,56,74,84
20160101 23:34,63,7,62,8,65,9,20,89,63,4,10349,-15,22,55,74,84
20160101 23:35,69,8,63,8,74,8,20,89,63,4,10349,-16,22,55,74,84
20160101 23:36,80,7,65,7,87,8,19,89,62,3,10349,-16,22,55,73,84
20160101 23:37,89,6,67,7,90,8,19,89,62,3,10349,-17,22,55,73,84
20160101 23:38,91,7,70,7,92,9,19,89,62,3,10349,-17,22,55,73,84
20160101 23:39,94,8,74,7,97,8,19,90,63,4,10349,-17,21,55,73,83
20160101 23:40,99,7,78,7,101,8,18,90,63,3,10349,-17,21,55,73,83
20160101 23:41,100,7,82,7,99,7,17,90,62,2,10348,-18,21,55,73,83
20160101 23:42,96,6,86,7,93,7,17,90,62,2,10348,-18,21,55,73,83
20160101 23:43,93,6,89,7,94,7,16,90,62,1,10348,-18,21,55,73,83
20160101 23:44,94,6,92,7,94,7,16,90,62,1,10348,-18,21,55,73,83
20160101 23:45,96,7,95,7,98,7,16,90,62,1,10348,-19,21,55,73,83
20160101 23:46,100,7,96,7,101,8,15,90,61,0,10348,-19,21,55,73,83
20160101 23:47,100,7,97,7,98,8,15,90,61,0,10348,-19,21,55,73,83
20160101 23:48,96,7,97,7,94,8,14,90,61,-1,10348,-19,21,54,73,83
20160101 23:49,90,7,96,7,85,9,14,90,61,-1,10348,-19,20,54,73,83
20160101 23:50,83,8,94,7,80,10,13,90,60,-2,10348,-20,20,54,73,83
20160101 23:51,78,9,91,7,76,11,13,91,61,0,10348,-20,20,54,73,83
20160101 23:52,74,10,89,8,72,11,13,91,61,0,10347,-20,20,54,73,83
20160101 23:53,72,11,87,8,73,12,13,91,61,0,10347,-20,20,54,72,83
20160101 23:54,72,11,85,9,71,11,13,91,61,0,10347,-20,20,54,72,83
20160101 23:55,68,10,81,9,65,11,12,91,61,-1,10347,-20,20,54,72,83
20160101 23:56,64,9,78,9,62,10,12,92,61,0,10347,-20,20,54,72,83
20160101 23:57,62,8,74,9,62,9,12,92,61,0,10347,-20,20,54,72,83
20160101 23:58,64,8,71,10,66,10,11,92,61,-1,10347,-20,20,54,72,83
20160101 23:59,68,9,70,10,71,9,11,92,61,-1,10347,-20,20,54,72,83
20160101 00:00,71,9,69,10,72,10,11,92,61,-1,10347,-21,19,54,72,83
20160101 00:01,72,9,69,10,72,10,11,92,61,-1,10347,-21,19,53,72,83
20160101 00:02,72,9,69,9,72,10,11,92,61,-1,10346,-21,19,53,72,83
20160101 00:03,73,9,69,9,74,10,10,92,60,-2,10346,-21,19,53,72,83
20160101 00:04,75,9,69,9,75,9,10,92,60,-2,10346,-21,19,53,72,83
20160101 00:05,76,8,70,9,77,9,10,92,60,-2,10346,-21,19,53,72,83
20160101 00:06,78,9,72,9,80,9,9,92,60,-3,10346,-21,19,53,72,82
20160101 00:07,82,9,74,9,84,10,9,92,60,-3,10346,-21,19,53,72,82
20160101 00:08,87,9,77,9,89,9,9,92,60,-3,10346,-21,19,53,72,82
20160101 00:09,88,9,78,9,88,10,8,92,60,-3,10346,-21,19,53,72,82
20160101 00:10,87,9,80,9,86,10,8,92,60,-3,10346,-21,19,53,72,82
20160101 00:11,85,9,81,9,84,10,8,92,60,-3,10346,-21,19,53,72,82
20160101 00:12,83,8,82,9,83,9,7,92,59,-4,10346,-20,18,53,71,82
20160101 00:13,84,8,83,9,84,10,7,92,59,-4,10346,-20,18,53,71,82
20160101 00:14,84,8,84,9,84,9,7,92,59,-4,10346,-20,18,53,71,82
20160101 00:15,84,8,84,9,83,9,7,92,59,-4,10346,-20,18,52,71,82
20160101 00:16,82,9,85,9,81,10,7,92,59,-4,10346,-20,18,52,71,82
20160101 00:17,82,9,84,9,82,10,6,93,59,-4,10346,-20,18,52,71,82
20160101 00:18,81,10,83,9,80,11,6,93,59,-4,10346,-21,18,52,71,82
20160101 00:19,79,10,83,9,78,11,6,93,59,-4,10347,-21,18,52,71,82
20160101 00:20,78,10,82,9,77,11,6,93,59,-4,10347,-21,18,52,71,82
20160101 00:21,77,10,81,9,77,11,6,93,59,-4,10347,-21,18,52,71,82
20160101 00:22,78,10,81,9,79,10,6,93,59,-4,10347,-21,18,52,71,82
20160101 00:23,80,9,80,9,81,10,5,93,59,-5,10347,-21,18,52,71,82
20160101 00:24,82,9,80,10,82,11,5,93,59,-5,10347,-21,18,52,71,82
20160101 00:25,81,10,80,10,81,11,5,93,59,-5,10347,-21,18,52,71,82
20160101 00:26,80,10,80,10,79,11,5,94,60,-4,10347,-21,18,52,71,82
20160101 00:27,78,11,79,10,77,11,4,94,59,-5,10347,-21,18,52,71,82
20160101 00:28,78,10,79,10,78,11,4,94,59,-5,10347,-21,18,51,71,82
20160101 00:29,79,10,79,10,80,10,4,94,59,-5,10347,-21,18,51,71,82
20160101 00:30,81,9,80,10,82,10,4,94,59,-5,10347,-21,18,51,70,82
20160101 00:31,81,9,80,10,80,9,4,94,59,-5,10347,-21,17,51,70,82
20160101 00:32,78,9,80,10,77,9,3,94,59,-6,10346,-21,17,51,70,81
20160101 00:33,79,9,80,10,81,10,3,94,59,-6,10346,-21,17,51,70,81
20160101 00:34,81,9,80,10,82,10,3,94,59,-6,10346,-21,17,51,70,81
20160101 00:35,83,9,80,9,83,10,3,94,59,-6,10346,-21,17,51,70,81
20160101 00:36,85,8,81,9,87,9,3,94,59,-6,10345,-21,17,51,70,81
20160101 00:37,87,8,82,9,87,9,3,94,59,-6,10345,-21,17,51,70,81
20160101 00:38,85,8,82,9,84,8,2,94,58,-6,10345,-21,17,51,70,81
20160101 00:39,82,8,82,9,79,8,2,94,58,-6,10345,-21,17,51,70,81
20160101 00:40,75,8,81,9,71,8,2,94,58,-6,10345,-22,17,51,70,81
20160101 00:41,68,7,80,8,64,8,2,95,59,-5,10345,-22,17,51,70,81
20160101 00:42,62,6,78,8,60,7,2,95,59,-5,10345,-22,17,51,70,81
20160101 00:43,58,6,75,8,56,7,2,95,59,-5,10345,-22,17,50,70,81
20160101 00:44,54,6,72,8,53,7,2,95,59,-5,10346,-22,17,50,70,81
20160101 00:45,52,7,69,7,52,8,2,95,59,-5,10346,-22,17,50,70,81
20160101 00:46,53,7,66,7,54,7,1,95,58,-6,10346,-22,17,50,70,81
20160101 00:47,55,6,63,7,57,6,1,95,58,-6,10345,-22,17,50,70,81
20160101 00:48,59,5,61,7,60,6,1,95,58,-6,10345,-22,17,50,69,81
20160101 00:49,62,5,59,6,64,6,1,95,58,-6,10345,-22,17,50,69,81
20160101 00:50,64,6,58,6,65,7,1,95,58,-6,10345,-22,17,50,69,81
20160101 00:51,64,6,58,6,63,7,1,95,58,-6,10345,-22,16,50,69,81
20160101 00:52,61,5,58,6,59,5,1,95,58,-6,10345,-22,16,50,69,81
20160101 00:53,58,5,58,6,57,5,1,95,58,-6,10345,-22,16,50,69,81
20160101 00:54,54,6,58,6,51,8,1,95,58,-6,10345,-22,16,50,69,81
20160101 00:55,51,8,58,6,51,9,1,95,58,-6,10345,-22,16,50,69,81
20160101 00:56,51,8,58,6,51,9,1,95,58,-6,10345,-22,16,50,69,81
20160101 00:57,51,8,57,6,51,9,1,95,58,-6,10345,-22,16,50,69,81
20160101 00:58,51,8,56,7,51,8,0,95,58,-7,10345,-22,16,49,69,80
20160101 00:59,50,8,55,7,49,8,0,95,58,-7,10345,-22,16,49,69,80
20160101 01:00,48,8,53,7,46,8,0,95,58,-7,10345,-22,16,49,69,80
20160101 01:01,46,7,51,7,46,7,0,95,58,-7,10345,-22,16,49,69,80
20160101 01:02,48,7,50,7,50,7,0,96,59,-6,10345,-22,16,49,69,80
20160101 01:03,48,7,49,8,47,7,0,96,59,-6,10345,-22,16,49,69,80
20160101 01:04,46,7,49,8,46,8,0,96,59,-6,10345,-22,16,49,69,80
20160101 01:05,46,8,48,8,45,10,-1,96,58,-7,10344,-22,16,49,69,80
20160101 01:06,44,9,47,8,42,11,-1,96,58,-7,10344,-23,16,49,68,80
20160101 01:07,43,10,46,8,43,11,-1,96,58,-7,10344,-23,16,49,68,80
20160101 01:08,42,10,46,8,41,11,-1,96,58,-7,10344,-23,16,49,68,80
20160101 01:09,43,10,45,9,44,11,-1,96,58,-7,10344,-23,16,49,68,80
20160101 01:10,45,11,45,9,45,12,-1,96,58,-7,10344,-23,16,49,68,80
20160101 01:11,46,11,45,9,47,12,-2,96,58,-8,10344,-23,15,49,68,80
20160101 01:12,46,11,45,10,46,12,-2,96,58,-8,10343,-23,15,49,68,80
20160101 01:13,45,11,44,10,45,12,-2,95,57,-9,10343,-23,15,48,68,80
20160101 01:14,44,12,44,11,43,12,-2,95,57,-9,10343,-23,15,48,68,80
20160101 01:15,42,12,44,11,41,13,-3,95,57,-10,10343,-23,15,48,68,80
20160101 01:16,41,12,44,11,41,13,-3,95,57,-10,10342,-23,15,48,68,80
20160101 01:17,43,12,44,11,44,13,-3,95,57,-10,10342,-23,15,48,68,80
20160101 01:18,45,12,44,11,46,12,-3,95,57,-10,10342,-23,15,48,68,80
20160101 01:19,48,11,45,11,49,12,-3,95,57,-10,10342,-23,15,48,68,80
20160101 01:20,50,11,45,11,52,12,-3,96,57,-9,10342,-23,15,48,68,80
20160101 01:21,53,9,46,11,55,9,-3,96,57,-9,10342,-23,15,48,68,80
20160101 01:22,56,7,47,11,57,8,-3,96,57,-9,10342,-23,15,48,68,80
20160101 01:23,58,6,49,10,59,6,-3,96,57,-9,10342,-23,15,48,68,79
20160101 01:24,60,5,50,9,61,5,-3,96,57,-9,10342,-23,15,48,67,79
20160101 01:25,62,5,53,9,63,6,-3,96,57,-9,10342,-23,15,48,67,79
20160101 01:26,63,5,55,8,64,6,-3,96,57,-9,10342,-23,15,48,67,79
20160101 01:27,68,5,58,7,73,6,-2,96,58,-8,10342,-23,15,48,67,79
20160101 01:28,76,5,61,6,79,5,-2,96,58,-8,10342,-23,15,48,67,79
20160101 01:29,86,4,65,6,92,5,-2,96,58,-8,10343,-23,15,48,67,79
20160101 01:30,99,3,71,5,106,3,-2,96,58,-8,10343,-23,15,47,67,79
20160101 01:31,108,3,76,5,111,3,-2,96,58,-8,10343,-23,15,47,67,79
20160101 01:32,117,3,83,4,123,4,-2,96,58,-8,10342,-23,15,47,67,79
20160101 01:33,129,2,90,4,136,3,-2,96,58,-8,10342,-24,14,47,67,79
20160101 01:34,136,2,98,4,135,2,-3,96,57,-9,10342,-24,14,47,67,79
20160101 01:35,136,1,106,3,137,2,-3,96,57,-9,10342,-24,14,47,67,79
20160101 01:36,135,1,113,3,133,2,-4,96,57,-10,10342,-24,14,47,67,79
20160101 01:37,134,0,119,2,134,1,-4,96,57,-10,10342,-24,14,47,67,79
20160101 01:38,136,0,125,2,138,0,-4,96,57,-10,10343,-24,14,47,67,79
20160101 01:39,138,0,129,1,137,0,-4,96,57,-10,10343,-24,14,47,67,79
20160101 01:40,137,0,132,1,136,0,-3,97,58,-7,10343,-24,14,47,67,79
20160101 01:41,133,0,134,1,131,0,-3,97,58,-7,10342,-24,14,47,67,79
20160101 01:42,129,0,134,1,127,0,-3,97,58,-7,10342,-24,14,47,67,79
20160101 01:43,124,0,133,0,121,0,-3,97,58,-7,10342,-24,14,47,67,79
20160101 01:44,121,0,132,0,121,0,-3,97,58,-7,10342,-24,14,47,67,79
20160101 01:45,123,0,130,0,124,0,-4,97,58,-8,10342,-24,14,47,66,79
20160101 01:46,121,0,129,0,118,0,-4,97,58,-8,10342,-24,14,47,66,79
20160101 01:47,115,0,127,0,112,0,-4,97,58,-8,10342,-24,14,47,66,79
20160101 01:48,110,1,124,0,108,4,-4,97,58,-8,10342,-24,14,47,66,79
20160101 01:49,107,3,120,1,106,6,-4,97,58,-8,10342,-24,14,46,66,78
20160101 01:50,107,5,118,1,108,6,-4,97,58,-8,10342,-24,14,46,66,78
20160101 01:51,106,5,115,2,105,6,-4,97,58,-8,10342,-24,14,46,66,78
20160101 01:52,104,5,113,2,103,6,-4,97,58,-8,10342,-24,14,46,66,78
20160101 01:53,103,5,111,3,103,6,-4,97,58,-8,10342,-24,14,46,66,78
20160101 01:54,102,5,109,3,101,6,-4,97,58,-8,10342,-24,14,46,66,78
20160101 01:55,100,5,106,4,100,5,-4,97,58,-8,10342,-24,14,46,66,78
20160101 01:56,95,5,104,4,91,6,-5,97,57,-9,10342,-24,14,46,66,78
20160101 01:57,85,5,100,5,78,6,-5,97,57,-9,10342,-24,14,46,66,78
20160101 01:58,77,6,97,5,75,7,-5,97,57,-9,10341,-25,14,46,66,78
20160101 01:59,74,6,94,6,72,7,-4,97,58,-8,10341,-25,13,46,66,78
20160101 02:00,71,7,90,6,69,7,-4,97,58,-8,10341,-25,13,46,66,78
20160101 02:01,67,7,86,6,66,7,-4,97,58,-8,10341,-25,13,46,66,78
20160101 02:02,65,7,82,6,64,8,-5,97,57,-9,10341,-25,13,46,66,78
20160101 02:03,64,8,78,7,65,10,-5,97,57,-9,10341,-25,13,46,66,78
20160101 02:04,64,9,74,7,63,10,-5,97,57,-9,10341,-25,13,46,65,78
20160101 02:05,62,9,70,7,61,9,-5,97,57,-9,10341,-25,13,46,65,78
20160101 02:06,60,8,67,8,60,9,-5,97,57,-9,10341,-25,13,46,65,78
20160101 02:07,60,7,65,8,60,8,-5,97,57,-9,10340,-25,13,46,65,78
20160101 02:08,60,7,64,8,60,7,-6,97,57,-10,10340,-25,13,45,65,78
20160101 02:09,59,6,63,8,58,7,-6,97,57,-10,10340,-25,13,45,65,78
20160101 02:10,57,5,61,7,56,6,-6,97,57,-10,10340,-25,13,45,65,78
20160101 02:11,56,5,60,7,57,5,-6,97,57,-10,10340,-25,13,45,65,78
20160101 02:12,56,5,59,7,55,7,-6,97,57,-10,10340,-25,13,45,65,78
20160101 02:13,53,7,58,7,51,10,-6,97,57,-10,10340,-25,13,45,65,78
20160101 02:14,49,10,57,7,48,11,-6,97,57,-10,10340,-25,13,45,65,78
20160101 02:15,47,11,55,7,46,11,-6,97,57,-10,10340,-25,13,45,65,78
20160101 02:16,43,11,53,8,40,12,-6,97,57,-10,10339,-25,13,45,65,77
20160101 02:17,39,12,51,8,38,13,-6,97,57,-10,10339,-25,13,45,65,77
20160101 02:18,38,13,49,9,37,16,-6,97,57,-10,10339,-26,13,45,65,77
20160101 02:19,38,15,47,10,38,16,-7,97,56,-11,10339,-26,13,45,65,77
20160101 02:20,37,16,45,11,37,16,-7,97,56,-11,10339,-26,13,45,65,77
20160101 02:21,37,15,43,12,38,16,-7,97,56,-11,10339,-26,13,45,65,77
20160101 02:22,38,15,41,13,38,17,-7,97,56,-11,10339,-26,13,45,65,77
20160101 02:23,38,14,40,13,37,15,-7,97,56,-11,10339,-26,13,45,65,77
20160101 02:24,38,13,39,14,38,14,-7,97,56,-11,10338,-26,13,45,65,77
20160101 02:25,39,12,38,14,41,14,-7,97,56,-11,10338,-25,13,45,64,77
20160101 02:26,40,12,38,14,39,13,-7,97,56,-11,10338,-25,12,45,64,77
20160101 02:27,40,13,38,14,41,15,-7,97,56,-11,10338,-25,12,44,64,77
20160101 02:28,43,14,39,14,45,17,-7,97,56,-11,10337,-25,12,44,64,77
20160101 02:29,44,16,40,14,44,20,-7,97,56,-11,10337,-26,12,44,64,77
20160101 02:30,44,17,40,14,43,18,-7,97,56,-11,10336,-26,12,44,64,77
20160101 02:31,44,16,41,14,45,16,-6,97,57,-10,10336,-26,12,44,64,77
20160101 02:32,47,15,42,14,48,18,-5,97,57,-9,10336,-26,12,44,64,77
20160101 02:33,48,15,43,14,48,17,-4,97,58,-8,10336,-26,12,44,64,77
20160101 02:34,49,14,44,14,49,16,-3,97,58,-7,10336,-26,12,44,64,77
20160101 02:35,50,13,45,14,51,14,-3,97,58,-7,10336,-26,12,44,64,77
20160101 02:36,51,12,47,14,52,13,-3,97,58,-7,10336,-26,12,44,64,77
20160101 02:37,53,10,48,14,54,12,-3,97,58,-7,10336,-26,12,44,64,77
20160101 02:38,55,8,49,13,57,10,-4,97,58,-8,10336,-26,12,44,64,77
20160101 02:39,58,6,51,12,59,6,-4,97,58,-8,10336,-26,12,44,64,77
20160101 02:40,59,5,52,11,58,7,-4,97,58,-8,10336,-26,12,44,64,77
20160101 02:41,59,6,54,10,60,7,-4,97,58,-8,10336,-26,12,44,64,77
20160101 02:42,63,6,55,9,67,7,-4,97,58,-8,10336,-26,12,44,64,76
20160101 02:43,72,6,58,8,77,6,-4,97,58,-8,10336,-26,12,44,64,76
20160101 02:44,74,6,61,8,71,7,-5,97,57,-9,10336,-26,12,44,64,76
20160101 02:45,72,6,63,7,73,7,-5,97,57,-9,10336,-26,12,44,64,76
20160101 02:46,70,6,64,6,67,7,-5,97,57,-9,10336,-26,12,44,64,76
20160101 02:47,68,5,66,6,68,6,-6,97,57,-10,10336,-26,12,44,64,76
20160101 02:48,72,5,68,6,76,4,-5,97,57,-9,10336,-26,12,44,63,76
20160101 02:49,81,4,70,5,86,4,-5,97,57,-9,10336,-27,12,44,63,76
20160101 02:50,84,3,73,5,81,3,-5,97,57,-9,10336,-27,12,43,63,76
20160101 02:51,80,3,75,5,80,3,-5,97,57,-9,10336,-27,12,43,63,76
20160101 02:52,89,3,78,4,97,3,-5,97,57,-9,10336,-27,12,43,63,76
20160101 02:53,103,3,81,4,109,3,-5,97,57,-9,10336,-27,12,43,63,76
20160101 02:54,112,3,85,4,115,5,-5,97,57,-9,10336,-27,12,43,63,76
20160101 02:55,116,4,90,4,118,6,-4,97,58,-8,10335,-27,11,43,63,76
20160101 02:56,120,5,95,4,122,6,-4,97,58,-8,10335,-27,11,43,63,76
20160101 02:57,121,6,100,4,119,6,-4,97,58,-8,10335,-27,11,43,63,76
20160101 02:58,118,5,104,4,116,6,-5,97,57,-9,10335,-27,11,43,63,76
20160101 02:59,119,5,108,4,122,5,-5,97,57,-9,10335,-27,11,43,63,76
20160101 03:00,114,5,111,4,107,6,-5,97,57,-9,10335,-27,11,43,63,76
20160101 03:01,106,5,113,5,106,5,-6,97,57,-10,10335,-27,11,43,63,76
20160101 03:02,103,5,114,5,101,7,-6,97,57,-10,10335,-27,11,43,63,76
20160101 03:03,108,5,114,5,115,6,-6,97,57,-10,10335,-27,11,43,63,76
20160101 03:04,118,5,115,5,120,6,-6,97,57,-10,10334,-27,11,43,63,76
20160101 03:05,118,5,115,5,117,6,-6,97,57,-10,10334,-27,11,43,63,76
20160101 03:06,115,5,114,5,113,5,-6,97,57,-10,10334,-27,11,43,63,76
20160101 03:07,106,4,112,5,99,5,-6,97,57,-10,10334,-27,11,43,63,76
20160101 03:08,97,4,110,5,95,5,-6,98,57,-9,10334,-27,11,43,63,76
20160101 03:09,99,4,108,5,103,5,-6,98,57,-9,10334,-27,11,43,63,76
20160101 03:10,110,4,109,5,118,5,-6,98,57,-9,10334,-27,11,43,62,75
20160101 03:11,112,4,109,5,107,5,-6,98,57,-9,10334,-27,11,43,62,75
20160101 03:12,107,4,110,5,108,4,-6,98,57,-9,10334,-27,11,42,62,75
20160101 03:13,113,3,110,4,118,3,-6,98,57,-9,10334,-27,11,42,62,75
20160101 03:14,127,2,111,4,136,3,-6,98,57,-9,10334,-27,11,42,62,75
20160101 03:15,140,2,114,4,143,3,-6,98,57,-9,10334,-28,11,42,62,75
20160101 03:16,146,3,117,3,148,4,-6,98,57,-9,10334,-27,11,42,62,75
20160101 03:17,145,3,122,3,143,3,-6,98,57,-9,10334,-27,11,42,62,75
20160101 03:18,139,2,126,3,136,3,-6,98,57,-9,10334,-28,11,42,62,75
20160101 03:19,137,2,130,3,139,3,-7,98,57,-10,10334,-28,11,42,62,75
20160101 03:20,147,1,133,3,155,1,-7,98,57,-10,10334,-28,11,42,62,75
20160101 03:21,160,1,139,2,165,1,-7,98,57,-10,10334,-28,11,42,62,75
20160101 03:22,165,0,145,2,166,0,-7,98,57,-10,10333,-28,11,42,62,75
20160101 03:23,168,0,150,2,170,0,-7,98,57,-10,10333,-28,11,42,62,75
20160101 03:24,175,0,154,1,179,0,-8,98,56,-11,10333,-28,11,42,62,75
20160101 03:25,180,0,158,1,180,0,-8,98,56,-11,10333,-28,11,42,62,75
20160101 03:26,182,0,162,1,183,0,-8,98,56,-11,10333,-28,11,42,62,75
20160101 03:27,185,0,166,1,187,0,-8,98,56,-11,10333,-28,11,42,62,75
20160101 03:28,182,0,170,0,178,0,-8,98,56,-11,10333,-28,11,42,62,75
20160101 03:29,182,0,175,0,186,0,-8,98,56,-11,10333,-28,10,42,62,75
20160101 03:30,186,0,178,0,187,0,-8,98,56,-11,10333,-28,10,42,62,75
20160101 03:31,199,0,183,0,211,0,-9,98,56,-12,10333,-28,10,42,62,75
20160101 03:32,222,0,189,0,233,0,-9,98,56,-12,10333,-28,10,42,62,75
20160101 03:33,236,0,196,0,239,0,-9,98,56,-12,10333,-28,10,42,62,75
20160101 03:34,242,0,202,0,245,0,-9,98,56,-12,10333,-28,10,42,61,75
20160101 03:35,248,1,210,0,252,7,-9,98,56,-12,10333,-28,10,42,61,75
20160101 03:36,252,5,217,1,252,7,-9,98,56,-12,10333,-28,10,41,61,75
20160101 03:37,252,7,224,2,253,10,-9,98,56,-12,10333,-28,10,41,61,75
20160101 03:38,252,9,232,3,252,11,-9,98,56,-12,10333,-28,10,41,61,74
20160101 03:39,252,10,238,4,252,11,-9,98,56,-12,10333,-28,10,41,61,74
20160101 03:40,252,11,244,5,252,13,-9,98,56,-12,10332,-28,10,41,61,74
20160101 03:41,251,12,248,6,250,13,-9,98,56,-12,10332,-28,10,41,61,74
20160101 03:42,249,13,250,8,248,14,-9,98,56,-12,10332,-28,10,41,61,74
20160101 03:43,251,13,251,9,253,13,-9,98,56,-12,10332,-28,10,41,61,74
20160101 03:44,253,12,252,10,254,13,-9,98,56,-12,10332,-28,10,41,61,74
20160101 03:45,251,11,251,11,248,13,-9,98,56,-12,10332,-28,10,41,61,74
20160101 03:46,252,11,252,11,255,12,-9,98,56,-12,10332,-28,10,41,61,74
20160101 03:47,254,11,252,11,254,12,-9,98,56,-12,10332,-29,10,41,61,74
20160101 03:48,254,11,252,11,254,12,-9,98,56,-12,10332,-29,10,41,61,74
20160101 03:49,270,7,256,11,289,8,-9,98,56,-12,10332,-29,10,41,61,74
20160101 03:50,343,5,261,10,25,7,-10,98,56,-13,10332,-29,10,41,61,74
20160101 03:51,17,4,271,9,9,7,-10,98,56,-13,10332,-29,10,41,61,74
20160101 03:52,40,1,279,8,71,0,-10,98,56,-13,10332,-29,10,41,61,74
20160101 03:53,74,0,292,7,78,0,-10,98,56,-13,10331,-29,10,41,61,74
20160101 03:54,49,0,319,6,2,0,-9,98,56,-12,10331,-29,10,41,61,74
20160101 03:55,304,1,322,5,270,7,-9,98,56,-12,10331,-28,10,41,61,74
20160101 03:56,272,6,325,5,274,9,-9,98,56,-12,10331,-29,10,41,61,74
20160101 03:57,273,9,327,4,273,10,-9,98,56,-12,10331,-29,10,41,61,74
20160101 03:58,274,6,329,4,274,7,-9,98,56,-12,10331,-29,10,41,60,74
20160101 03:59,280,5,328,4,286,7,-9,98,56,-12,10331,-29,10,40,60,74
20160101 04:00,289,7,312,4,292,9,-9,98,56,-12,10330,-29,10,41,60,74
20160101 04:01,294,7,300,5,295,9,-10,98,56,-13,10330,-29,10,40,60,74
20160101 04:02,289,9,292,6,283,11,-10,98,56,-13,10329,-29,9,40,60,74
20160101 04:03,282,11,287,7,281,11,-10,98,56,-13,10329,-29,9,40,60,74
20160101 04:04,283,11,281,8,285,11,-10,98,56,-13,10329,-29,9,40,60,74
20160101 04:05,286,10,283,8,286,11,-10,98,56,-13,10329,-29,9,40,60,74
20160101 04:06,291,9,285,8,295,10,-10,98,56,-13,10329,-29,9,40,60,73
20160101 04:07,305,7,289,8,315,7,-10,98,56,-13,10329,-29,9,40,60,73
20160101 04:08,315,6,293,8,314,8,-10,98,56,-13,10329,-29,9,40,60,73
20160101 04:09,309,6,295,8,305,6,-10,98,56,-13,10329,-29,9,40,60,73
20160101 04:10,301,6,296,8,297,7,-10,98,56,-13,10329,-30,9,40,60,73
20160101 04:11,297,7,296,8,297,8,-10,98,56,-13,10329,-30,9,40,60,73
20160101 04:12,297,6,297,8,297,8,-10,98,56,-13,10329,-30,9,40,60,73
20160101 04:13,300,7,299,8,303,9,-11,98,55,-14,10329,-30,9,40,60,73
20160101 04:14,305,8,302,7,307,9,-10,98,56,-13,10329,-30,9,40,60,73
20160101 04:15,304,9,303,7,302,10,-11,98,55,-14,10329,-30,9,40,60,73
20160101 04:16,299,10,303,7,296,11,-11,98,55,-14,10329,-30,9,40,60,73
20160101 04:17,294,11,301,8,292,13,-10,98,56,-13,10329,-29,9,40,60,73
20160101 04:18,289,13,298,9,287,15,-10,98,56,-13,10329,-29,9,40,60,73
20160101 04:19,288,14,297,10,288,15,-9,98,56,-12,10329,-29,9,40,60,73
20160101 04:20,289,15,296,11,290,16,-9,98,56,-12,10329,-29,9,40,60,73
20160101 04:21,287,15,295,11,284,16,-9,98,56,-12,10329,-29,9,40,60,73
20160101 04:22,281,15,293,12,279,15,-9,98,56,-12,10329,-29,9,40,60,73
20160101 04:23,277,14,290,13,276,14,-9,98,56,-12,10329,-29,9,40,60,73
20160101 04:24,275,14,287,13,274,15,-9,98,56,-12,10329,-29,9,40,59,73
20160101 04:25,275,13,284,14,276,14,-10,98,56,-13,10329,-29,9,40,59,73
20160101 04:26,278,12,283,14,280,13,-10,98,56,-13,10328,-29,9,39,59,73
20160101 04:27,280,10,281,13,281,10,-11,98,55,-14,10328,-29,9,39,59,73
20160101 04:28,281,6,281,12,286,11,-11,98,55,-14,10328,-30,9,39,59,73
20160101 04:29,100,6,281,12,101,12,-11,98,55,-14,10328,-30,9,39,59,73
20160101 04:30,98,7,280,11,96,10,-10,98,56,-13,10328,-29,9,39,59,73
20160101 04:31,23,4,285,10,315,5,-9,98,56,-12,10328,-29,9,39,59,73
20160101 04:32,311,3,290,8,307,4,-9,98,56,-12,10329,-29,9,39,59,73
20160101 04:33,309,2,295,7,310,2,-9,98,56,-12,10329,-30,9,39,59,73
20160101 04:34,25,2,302,6,110,11,-9,98,56,-12,10329,-30,8,39,59,73
20160101 04:35,108,8,322,6,105,16,-10,98,56,-13,10329,-30,8,39,59,73
20160101 04:36,103,10,26,5,101,11,-9,98,56,-12,10329,-29,8,39,59,72
20160101 04:37,83,3,58,5,65,1,-9,98,56,-12,10329,-29,8,39,59,73
20160101 04:38,72,0,72,4,80,2,-9,98,56,-12,10328,-30,8,39,59,72
20160101 04:39,86,3,70,4,92,8,-10,98,56,-13,10328,-30,8,39,59,72
20160101 04:40,90,7,69,4,88,9,-10,98,56,-13,10329,-30,8,39,59,72
20160101 04:41,91,7,81,5,94,7,-10,98,56,-13,10329,-30,8,39,59,72
20160101 04:42,89,5,87,5,85,6,-10,98,56,-13,10329,-30,8,39,59,72
20160101 04:43,79,6,89,5,73,8,-10,98,56,-13,10329,-30,8,39,59,72
20160101 04:44,74,8,86,6,74,9,-10,98,56,-13,10329,-30,8,39,59,72
20160101 04:45,73,7,82,5,72,8,-10,98,56,-13,10329,-30,8,39,59,72
20160101 04:46,71,6,79,5,71,6,-10,98,56,-13,10329,-30,8,39,59,72
20160101 04:47,71,7,80,6,71,10,-10,98,56,-13,10328,-30,8,39,59,72
20160101 04:48,69,9,79,7,66,11,-10,98,56,-13,10328,-30,8,39,59,72
20160101 04:49,67,11,76,8,69,12,-11,98,55,-14,10329,-30,8,39,59,72
20160101 04:50,67,10,74,8,64,11,-11,98,55,-14,10329,-30,8,39,58,72
20160101 04:51,58,9,70,8,52,11,-11,98,55,-14,10329,-30,8,39,58,72
20160101 04:52,54,9,67,8,56,11,-10,98,56,-13,10329,-30,8,38,58,72
20160101 04:53,61,8,66,9,66,9,-10,98,56,-13,10329,-30,8,38,58,72
20160101 04:54,73,9,67,9,80,12,-10,98,56,-13,10329,-30,8,38,58,72
20160101 04:55,86,10,69,9,92,11,-10,98,56,-13,10328,-30,8,38,58,72
20160101 04:56,85,10,69,10,79,12,-9,98,56,-12,10328,-30,8,38,58,72
20160101 04:57,73,11,69,10,67,12,-9,98,56,-12,10328,-30,8,38,58,72
20160101 04:58,62,11,68,10,56,13,-10,98,56,-13,10328,-30,8,38,58,72
20160101 04:59,56,12,67,10,56,14,-10,98,56,-13,10328,-30,8,38,58,72
20160101 05:00,56,11,66,10,57,14,-10,98,56,-13,10328,-30,8,38,58,72
20160101 05:01,62,9,68,10,67,10,-11,98,55,-14,10328,-30,8,38,58,72
20160101 05:02,70,9,69,10,73,10,-11,98,55,-14,10328,-30,8,38,58,72
20160101 05:03,68,9,69,10,64,9,-11,98,55,-14,10328,-30,8,38,58,72
20160101 05:04,62,8,67,10,60,9,-11,98,55,-14,10328,-30,8,38,58,72
20160101 05:05,61,8,64,10,63,10,-11,98,55,-14,10328,-30,8,38,58,72
20160101 05:06,69,9,64,10,76,10,-11,98,55,-14,10328,-30,8,38,58,72
20160101 05:07,81,9,66,9,86,10,-10,98,56,-13,10328,-30,8,38,58,72
20160101 05:08,84,9,68,9,82,10,-10,98,56,-13,10328,-30,8,38,58,72
20160101 05:09,90,9,72,9,97,10,-10,98,56,-13,10328,-30,7,38,58,71
20160101 05:10,102,9,77,9,107,10,-10,98,56,-13,10328,-30,7,38,58,71
20160101 05:11,106,9,81,9,106,11,-11,98,55,-14,10328,-30,7,38,58,71
20160101 05:12,109,9,85,9,111,10,-11,98,55,-14,10328,-30,7,38,58,71
20160101 05:13,113,8,90,9,115,9,-11,98,55,-14,10328,-30,7,38,58,71
20160101 05:14,117,7,96,9,118,8,-12,98,55,-15,10329,-30,7,38,58,71
20160101 05:15,118,6,102,8,118,7,-12,98,55,-15,10329,-30,7,38,58,71
20160101 05:16,114,5,105,8,111,6,-12,98,55,-15,10329,-29,7,38,58,71
20160101 05:17,102,4,106,7,93,5,-12,98,55,-15,10329,-29,7,38,58,71
20160101 05:18,95,2,107,7,98,3,-12,98,55,-15,10329,-29,7,38,57,71
20160101 05:19,105,2,109,6,113,3,-12,98,55,-15,10329,-30,7,38,57,71
20160101 05:20,119,3,111,5,126,3,-12,98,55,-15,10329,-29,7,38,57,71
20160101 05:21,125,3,113,5,123,4,-12,98,55,-15,10330,-29,7,38,57,71
20160101 05:22,124,3,114,4,125,3,-12,98,55,-15,10329,-30,7,37,57,71
20160101 05:23,126,2,115,4,128,2,-12,98,55,-15,10329,-30,7,37,57,71
20160101 05:24,132,2,117,3,136,3,-13,98,54,-16,10329,-29,7,37,57,71
20160101 05:25,141,3,120,3,145,4,-13,98,54,-16,10330,-29,7,37,57,71
20160101 05:26,143,4,123,3,141,5,-13,98,54,-16,10330,-29,7,37,57,71
20160101 05:27,145,4,128,3,148,4,-13,98,54,-16,10330,-29,7,37,57,71
20160101 05:28,151,2,134,3,154,3,-13,98,54,-16,10330,-29,7,37,57,71
20160101 05:29,161,1,139,3,168,0,-13,98,54,-16,10330,-30,7,37,57,71
20160101 05:30,164,0,143,2,160,0,-13,98,54,-16,10330,-29,7,37,57,71
20160101 05:31,161,0,147,2,161,0,-14,98,54,-17,10330,-30,7,37,57,71
20160101 05:32,154,0,149,2,146,0,-14,98,54,-17,10330,-30,7,37,57,71
20160101 05:33,146,0,151,2,147,0,-14,98,54,-17,10330,-30,7,37,57,71
20160101 05:34,142,0,151,1,137,0,-14,98,54,-17,10330,-30,7,37,57,71
20160101 05:35,140,0,150,1,143,0,-14,98,54,-17,10330,-30,7,37,57,71
20160101 05:36,145,0,151,1,147,0,-14,98,54,-17,10330,-30,7,37,57,71
20160101 05:37,146,0,151,0,145,0,-14,98,54,-17,10330,-30,7,37,57,71
20160101 05:38,139,0,149,0,134,0,-15,98,54,-18,10330,-30,7,37,57,71
20160101 05:39,132,0,145,0,130,0,-15,98,54,-18,10330,-30,7,37,57,70
20160101 05:40,130,0,142,0,130,0,-15,98,54,-18,10331,-30,7,37,57,70
20160101 05:41,130,0,139,0,129,0,-15,98,54,-18,10331,-30,7,37,57,70
20160101 05:42,131,0,138,0,134,0,-15,98,54,-18,10331,-30,7,37,57,70
20160101 05:43,133,0,136,0,131,0,-15,98,54,-18,10331,-30,7,37,57,70
20160101 05:44,133,0,136,0,135,0,-16,98,53,-19,10331,-30,7,37,57,70
20160101 05:45,137,0,135,0,139,0,-16,98,53,-19,10331,-30,7,37,57,70
20160101 05:46,135,0,134,0,131,0,-16,98,53,-19,10332,-30,7,37,57,70
20160101 05:47,133,0,133,0,135,0,-16,98,53,-19,10332,-30,7,37,57,70
20160101 05:48,135,0,133,0,134,0,-17,98,53,-20,10332,-30,6,37,57,70
20160101 05:49,132,0,133,0,129,0,-17,98,53,-20,10332,-30,6,37,56,70
20160101 05:50,130,0,133,0,130,0,-17,98,53,-20,10332,-30,6,37,56,70
20160101 05:51,133,0,133,0,136,0,-17,98,53,-20,10332,-30,6,36,56,70
20160101 05:52,130,0,132,0,124,0,-17,98,53,-20,10332,-30,6,36,56,70
20160101 05:53,117,0,130,0,110,0,-17,98,53,-20,10332,-30,6,36,56,70
20160101 05:54,93,0,125,0,78,0,-17,98,53,-20,10332,-30,6,36,56,70
20160101 05:55,69,0,118,0,61,0,-18,98,52,-21,10332,-30,6,36,56,70
20160101 05:56,60,0,111,0,59,0,-18,98,52,-21,10332,-30,6,36,56,70
20160101 05:57,58,0,103,0,58,0,-18,98,52,-21,10333,-30,6,36,56,70
20160101 05:58,57,0,94,0,56,0,-17,98,53,-20,10333,-30,6,36,56,70
20160101 05:59,44,0,84,0,31,0,-17,98,53,-20,10333,-30,6,36,56,70
20160101 06:00,21,0,72,0,12,0,-17,98,53,-20,10333,-30,6,36,56,70
20160101 06:01,0,0,58,0,349,0,-17,98,53,-20,10333,-30,6,36,56,70
20160101 06:02,325,0,43,0,303,0,-17,98,53,-20,10333,-30,6,36,56,70
20160101 06:03,301,0,28,0,300,0,-17,98,53,-20,10333,-30,6,36,56,70
20160101 06:04,297,0,12,0,294,0,-17,98,53,-20,10333,-29,6,36,56,70
20160101 06:05,294,0,356,0,295,0,-17,98,53,-20,10333,-29,6,36,56,70
20160101 06:06,300,0,341,0,304,0,-17,98,53,-20,10334,-29,6,36,56,70
20160101 06:07,306,0,329,0,307,0,-16,98,53,-19,10334,-29,6,36,56,70
20160101 06:08,301,0,319,0,295,0,-16,98,53,-19,10334,-29,6,36,56,70
20160101 06:09,286,0,308,0,277,0,-16,98,53,-19,10334,-30,6,36,56,70
20160101 06:10,273,1,299,0,269,10,-16,98,53,-19,10334,-29,6,36,56,70
20160101 06:11,267,5,291,1,265,10,-16,98,53,-19,10334,-29,6,36,56,70
20160101 06:12,271,8,288,2,276,8,-15,98,54,-18,10334,-29,6,36,56,70
20160101 06:13,280,6,287,2,283,6,-15,98,54,-18,10334,-29,6,36,56,69
20160101 06:14,285,6,286,3,286,6,-15,98,54,-18,10333,-30,6,36,56,69
20160101 06:15,295,6,286,4,303,6,-15,98,54,-18,10333,-30,6,36,56,69
20160101 06:16,311,4,288,4,319,5,-15,98,54,-18,10333,-30,6,36,56,69
20160101 06:17,317,4,289,4,316,4,-16,98,53,-19,10333,-30,6,36,56,69
20160101 06:18,319,4,291,5,322,5,-16,98,53,-19,10333,-30,6,36,55,69
20160101 06:19,320,4,296,5,318,5,-16,98,53,-19,10333,-30,6,36,55,69
20160101 06:20,320,5,301,6,321,9,-16,98,53,-19,10333,-30,6,35,55,69
20160101 06:21,322,8,307,6,322,9,-16,98,53,-19,10333,-30,6,36,55,69
20160101 06:22,322,9,311,6,322,11,-16,98,53,-19,10333,-30,6,36,55,69
20160101 06:23,320,9,315,6,319,10,-16,98,53,-19,10333,-30,6,35,55,69
20160101 06:24,318,9,318,6,317,9,-17,98,53,-20,10333,-30,6,35,55,69
20160101 06:25,317,8,319,7,318,9,-17,98,53,-20,10333,-30,6,35,55,69
20160101 06:26,320,7,320,7,322,8,-17,98,53,-20,10333,-30,6,35,55,69
20160101 06:27,319,6,320,7,315,6,-17,98,53,-20,10333,-30,6,35,55,69
20160101 06:28,311,6,318,7,308,8,-17,98,53,-20,10333,-30,5,35,55,69
20160101 06:29,311,7,318,8,314,9,-17,98,53,-20,10333,-30,6,35,55,69
20160101 06:30,315,8,317,8,315,9,-17,98,53,-20,10333,-30,5,35,55,69
20160101 06:31,321,9,318,8,326,11,-17,98,53,-20,10333,-30,5,35,55,69
20160101 06:32,326,10,318,8,325,10,-17,98,53,-20,10334,-30,5,35,55,69
20160101 06:33,327,10,319,8,329,11,-17,98,53,-20,10334,-30,5,35,55,69
20160101 06:34,330,10,320,8,331,11,-17,98,53,-20,10334,-30,5,35,55,69
20160101 06:35,328,8,321,8,325,9,-17,98,53,-20,10334,-30,5,35,55,69
20160101 06:36,312,6,319,8,298,6,-18,98,52,-21,10334,-30,5,35,55,69
20160101 06:37,301,4,317,8,303,4,-18,98,52,-21,10334,-30,5,35,55,69
20160101 06:38,318,4,320,7,333,6,-18,98,52,-21,10334,-30,5,35,55,69
20160101 06:39,332,5,322,7,331,8,-18,98,52,-21,10334,-30,5,35,55,69
20160101 06:40,335,8,324,7,340,11,-18,98,52,-21,10334,-30,5,35,55,69
20160101 06:41,342,9,326,7,345,11,-18,98,52,-21,10334,-30,5,35,55,69
20160101 06:42,347,9,329,7,350,10,-18,98,52,-21,10334,-30,5,35,55,69
20160101 06:43,349,8,331,7,348,8,-18,98,52,-21,10334,-30,5,35,55,69
20160101 06:44,344,5,331,6,339,6,-18,98,52,-21,10334,-30,5,35,55,69
20160101 06:45,328,5,331,6,316,7,-18,98,52,-21,10334,-30,5,35,55,69
20160101 06:46,311,6,331,6,305,6,-18,98,52,-21,10335,-30,5,35,55,69
20160101 06:47,310,6,332,7,314,8,-18,98,52,-21,10335,-30,5,35,55,69
20160101 06:48,322,7,332,7,330,9,-17,98,53,-20,10335,-29,5,35,55,69
20160101 06:49,327,8,331,7,324,8,-18,98,52,-21,10335,-29,5,35,55,68
20160101 06:50,325,7,330,7,326,8,-18,98,52,-21,10335,-29,5,35,54,68
20160101 06:51,327,8,328,7,328,9,-17,98,53,-20,10335,-30,5,35,54,68
20160101 06:52,330,8,326,7,331,9,-17,98,53,-20,10335,-29,5,35,54,68
20160101 06:53,335,8,325,7,339,9,-18,98,52,-21,10335,-29,5,35,54,68
20160101 06:54,342,9,326,8,344,10,-18,98,52,-21,10335,-29,5,35,54,68
20160101 06:55,349,8,330,8,355,8,-18,98,52,-21,10335,-29,5,34,54,68
20160101 06:56,358,7,335,8,2,8,-19,98,52,-22,10335,-29,5,34,54,68
20160101 06:57,4,7,340,8,5,8,-19,98,52,-22,10335,-29,5,34,54,68
20160101 06:58,11,6,345,7,16,8,-19,98,52,-22,10335,-29,5,34,54,68
20160101 06:59,16,5,350,7,17,7,-19,98,52,-22,10335,-29,5,34,54,68
20160101 07:00,9,6,354,7,1,9,-19,98,52,-22,10335,-29,5,34,54,68
20160101 07:01,359,8,357,7,357,9,-19,98,52,-22,10335,-29,5,34,54,68
20160101 07:02,354,8,359,7,352,9,-18,98,52,-21,10335,-29,5,34,54,68
20160101 07:03,352,7,0,7,352,8,-18,98,52,-21,10335,-29,5,34,54,68
20160101 07:04,347,6,0,7,341,7,-18,98,52,-21,10335,-28,5,34,54,68
20160101 07:05,337,5,358,6,332,6,-18,98,52,-21,10335,-28,5,34,54,68
20160101 07:06,336,6,355,6,340,9,-18,98,52,-21,10335,-28,5,34,54,68
20160101 07:07,343,8,353,7,345,12,-18,98,52,-21,10335,-28,5,34,54,68
20160101 07:08,348,10,351,7,351,13,-18,98,52,-21,10335,-28,5,34,54,68
20160101 07:09,352,11,348,8,353,13,-18,98,52,-21,10335,-28,5,34,54,68
20160101 07:10,354,11,348,8,355,13,-18,98,52,-21,10335,-27,5,34,54,68
20160101 07:11,355,11,348,9,355,12,-18,98,52,-21,10335,-27,5,34,54,68
20160101 07:12,354,10,348,9,353,12,-18,98,52,-21,10336,-27,5,34,54,68
20160101 07:13,353,9,348,9,354,10,-18,98,52,-21,10336,-27,4,34,54,68
20160101 07:14,354,10,349,9,354,11,-18,98,52,-21,10336,-26,5,34,54,68
20160101 07:15,354,10,352,10,355,11,-19,98,52,-22,10336,-26,4,34,54,68
20160101 07:16,357,9,354,10,0,11,-18,98,52,-21,10336,-26,5,34,54,68
20160101 07:17,0,8,355,10,1,9,-17,98,53,-20,10336,-25,5,34,54,68
20160101 07:18,6,8,357,9,10,10,-16,98,53,-19,10336,-25,4,34,54,68
20160101 07:19,11,9,359,9,12,11,-16,98,53,-19,10336,-25,4,34,54,68
20160101 07:20,14,9,1,9,16,9,-15,98,54,-18,10336,-24,4,34,54,68
20160101 07:21,20,7,4,9,23,8,-15,98,54,-18,10336,-24,4,34,53,68
20160101 07:22,25,6,7,8,27,6,-15,98,54,-18,10336,-24,4,34,54,67
20160101 07:23,27,6,10,8,27,8,-14,98,54,-17,10336,-23,4,34,53,67
20160101 07:24,31,6,15,8,34,7,-13,98,54,-16,10336,-23,4,34,53,67
20160101 07:25,36,6,19,7,39,7,-12,98,55,-15,10336,-22,4,34,53,67
20160101 07:26,43,7,24,7,48,10,-11,98,55,-14,10336,-22,4,34,53,67
20160101 07:27,49,7,29,7,50,9,-10,98,56,-13,10336,-22,4,34,53,67
20160101 07:28,55,7,34,7,60,9,-10,98,56,-13,10336,-21,4,34,53,67
20160101 07:29,65,9,39,7,70,15,-9,98,56,-12,10336,-21,4,34,53,67
20160101 07:30,71,13,45,8,71,18,-9,98,56,-12,10336,-20,4,33,53,67
20160101 07:31,71,16,50,9,72,17,-8,98,56,-11,10336,-20,4,33,53,67
20160101 07:32,74,16,55,10,77,17,-7,98,57,-10,10336,-19,4,33,53,67
20160101 07:33,79,15,60,11,81,16,-6,98,57,-9,10336,-19,4,33,53,67
20160101 07:34,79,14,65,11,78,16,-5,98,58,-8,10336,-19,4,33,53,67
20160101 07:35,78,14,69,12,79,15,-4,98,58,-7,10336,-18,4,33,53,67
20160101 07:36,78,13,72,13,77,15,-3,99,59,-4,10336,-18,4,33,53,67
20160101 07:37,76,13,74,13,75,16,-2,99,60,-3,10337,-17,4,33,53,67
20160101 07:38,74,14,75,14,73,16,-1,99,60,-2,10337,-16,4,33,53,67
20160101 07:39,75,14,76,15,77,16,0,99,60,-1,10337,-15,4,33,53,67
20160101 07:40,74,14,76,14,70,15,1,99,61,0,10337,-15,4,33,53,67
20160101 07:41,68,13,75,14,66,15,1,99,61,0,10337,-14,4,33,53,67
20160101 07:42,66,12,74,13,66,13,2,99,61,1,10338,-14,4,33,53,67
20160101 07:43,69,13,73,13,71,15,3,99,62,2,10338,-14,4,33,53,67
20160101 07:44,71,13,72,13,70,15,4,99,62,3,10338,-13,4,33,53,67
20160101 07:45,71,14,72,13,71,18,4,99,62,3,10338,-13,4,33,53,67
20160101 07:46,70,15,71,14,69,18,5,99,63,4,10338,-12,4,33,53,67
20160101 07:47,69,16,70,14,69,18,6,99,63,5,10338,-12,4,33,53,67
20160101 07:48,69,16,70,14,70,19,7,99,64,6,10338,-12,4,33,53,67
20160101 07:49,69,15,69,14,67,17,8,99,64,7,10338,-11,4,33,53,67
20160101 07:50,64,12,68,14,62,14,8,99,64,7,10338,-11,4,33,53,67
20160101 07:51,59,10,67,13,57,14,9,99,65,8,10338,-11,4,33,53,67
20160101 07:52,56,8,66,13,54,10,9,99,65,8,10338,-10,4,33,53,67
20160101 07:53,56,7,65,12,57,8,9,98,64,6,10338,-9,4,33,53,67
20160101 07:54,60,7,64,12,63,12,10,98,64,7,10338,-8,5,33,53,67
20160101 07:55,66,9,64,11,68,10,10,98,64,7,10338,-7,5,33,53,67
20160101 07:56,70,9,64,11,71,13,11,98,65,8,10339,-7,5,33,53,67
20160101 07:57,68,8,63,10,65,9,12,99,66,11,10339,-6,5,33,52,67
20160101 07:58,62,8,62,9,60,13,13,99,66,12,10339,-6,5,33,52,66
20160101 07:59,60,9,62,9,60,13,14,99,67,13,10339,-6,5,33,52,66
20160101 08:00,59,10,61,9,57,13,15,98,67,12,10339,-6,5,33,52,66
20160101 08:01,56,11,61,9,56,15,15,98,67,12,10339,-6,5,33,52,66
20160101 08:02,61,10,62,9,66,12,16,98,67,13,10339,-5,5,33,52,66
20160101 08:03,62,9,62,9,59,11,17,98,68,14,10339,-4,5,33,52,66
20160101 08:04,60,9,62,9,61,11,18,98,68,15,10339,-3,5,33,52,66
20160101 08:05,60,8,61,9,59,11,18,98,68,15,10339,-2,5,33,52,66
20160101 08:06,54,10,59,9,49,15,19,98,69,16,10339,-1,5,33,52,66
20160101 08:07,46,11,57,10,44,14,19,98,69,16,10339,-1,5,33,52,66
20160101 08:08,40,10,55,10,37,12,20,98,69,17,10339,0,5,33,52,66
20160101 08:09,38,10,53,10,40,12,20,98,69,17,10339,0,5,33,52,66
20160101 08:10,38,10,51,10,36,13,21,98,70,18,10339,0,5,33,52,66
20160101 08:11,37,9,49,9,37,10,21,98,70,18,10339,0,5,33,52,66
20160101 08:12,33,7,45,9,30,10,22,98,70,19,10339,1,5,33,52,66
20160101 08:13,28,6,42,9,26,7,23,98,71,20,10339,1,5,32,52,66
20160101 08:14,6,4,35,8,344,5,23,98,71,20,10339,1,5,32,52,66
20160101 08:15,347,2,28,7,350,1,24,98,71,21,10339,1,5,32,52,66
20160101 08:16,328,1,19,7,308,4,25,98,72,22,10339,1,5,32,52,66
20160101 08:17,324,2,12,6,340,4,26,98,72,23,10339,2,5,32,52,66
20160101 08:18,338,2,5,5,336,5,27,98,73,24,10339,3,5,32,52,66
20160101 08:19,330,2,357,4,324,3,28,98,73,25,10339,5,5,32,52,66
20160101 08:20,326,2,350,3,329,5,29,97,73,25,10339,8,5,32,52,66
20160101 08:21,319,4,341,3,310,7,29,97,73,25,10339,10,5,32,52,66
20160101 08:22,319,8,335,4,327,13,29,97,73,25,10339,13,5,32,52,66
20160101 08:23,327,9,329,4,326,11,30,97,73,26,10339,15,5,32,52,66
20160101 08:24,332,8,329,4,338,10,30,97,73,26,10339,17,5,32,52,66
20160101 08:25,338,9,328,5,339,14,31,96,73,25,10339,19,5,32,52,66
20160101 08:26,336,10,330,6,333,14,32,96,74,26,10339,20,5,32,52,66
20160101 08:27,325,11,328,7,316,12,32,95,73,25,10340,22,5,32,52,66
20160101 08:28,307,9,324,8,298,11,33,95,74,26,10340,23,5,32,52,66
20160101 08:29,289,7,320,8,280,10,34,95,74,27,10340,24,5,32,52,66
20160101 08:30,276,6,314,8,273,9,35,94,74,26,10340,25,5,32,52,66
20160101 08:31,299,4,316,8,325,2,36,94,74,27,10340,27,5,32,52,66
20160101 08:32,333,1,318,7,342,1,36,94,74,27,10340,28,5,32,52,66
20160101 08:33,1,0,322,6,20,0,37,94,75,28,10340,30,5,32,51,66
20160101 08:34,354,0,321,5,329,0,38,94,75,29,10340,31,5,32,51,66
20160101 08:35,300,0,314,4,271,0,39,94,76,30,10341,32,6,32,51,66
20160101 08:36,282,1,310,3,293,7,40,94,76,31,10341,34,6,32,51,66
20160101 08:37,302,5,309,3,311,10,40,93,76,30,10341,34,6,32,51,65
20160101 08:38,318,6,312,3,326,7,41,92,75,29,10342,33,6,32,51,65
20160101 08:39,297,3,311,2,268,5,42,92,76,30,10342,31,6,32,51,65
20160101 08:40,314,1,321,2,3,0,43,91,76,30,10342,29,6,32,51,65
20160101 08:41,350,0,322,2,336,0,43,91,76,30,10342,28,6,32,51,65
20160101 08:42,352,0,325,2,7,0,44,90,75,29,10342,30,6,32,51,65
20160101 08:43,358,0,322,2,350,0,45,88,74,27,10341,32,6,32,51,65
20160101 08:44,335,0,321,2,321,0,45,88,74,27,10341,35,6,32,51,65
20160101 08:45,329,0,328,2,336,0,47,88,75,29,10341,38,6,32,51,65
20160101 08:46,333,1,332,2,330,7,49,87,75,29,10341,40,6,32,51,65
20160101 08:47,322,5,332,2,314,8,50,86,75,29,10341,42,6,32,51,65
20160101 08:48,308,6,330,2,303,8,51,84,74,26,10341,44,6,32,51,65
20160101 08:49,299,6,331,2,295,10,51,83,73,25,10341,45,6,32,51,65
20160101 08:50,296,5,325,3,297,6,51,82,72,23,10341,46,6,32,51,65
20160101 08:51,303,5,322,3,308,9,51,81,71,21,10341,47,6,32,51,65
20160101 08:52,313,7,317,4,318,10,52,79,70,19,10341,48,6,32,51,65
20160101 08:53,313,8,313,5,309,10,52,79,70,19,10342,50,6,32,51,65
20160101 08:54,309,8,312,6,308,8,53,78,69,18,10342,52,6,32,51,65
20160101 08:55,312,8,310,6,317,13,53,77,69,16,10342,54,6,32,51,65
20160101 08:56,335,9,312,7,354,12,53,75,67,12,10342,55,6,32,51,65
20160101 08:57,350,8,315,7,346,7,54,74,66,11,10341,56,6,32,51,65
20160101 08:58,338,4,318,7,331,5,55,74,67,12,10341,56,6,32,51,65
20160101 08:59,2,1,327,6,35,1,55,74,67,12,10341,56,6,32,51,65
20160101 09:00,60,0,337,6,86,3,56,73,66,11,10341,57,6,32,51,65
20160101 09:01,92,1,349,5,97,4,57,73,67,12,10341,58,6,32,51,65
20160101 09:02,88,3,5,5,78,5,58,73,67,13,10341,60,6,32,51,65
20160101 09:03,67,3,20,4,55,4,59,73,68,14,10341,62,7,32,51,65
20160101 09:04,67,2,37,4,88,2,61,71,67,12,10341,64,7,32,51,65
20160101 09:05,94,2,52,3,98,6,62,70,66,11,10341,66,7,32,51,65
20160101 09:06,98,3,65,3,99,7,64,70,67,13,10341,69,7,32,51,65
20160101 09:07,114,5,78,3,127,8,65,71,69,16,10341,70,7,32,51,65
20160101 09:08,124,7,89,3,120,13,66,72,70,19,10341,71,7,32,51,65
20160101 09:09,126,10,98,4,131,13,66,71,69,17,10341,71,8,32,51,65
20160101 09:10,129,11,102,5,128,13,66,70,68,15,10341,71,8,32,51,65
20160101 09:11,135,9,107,6,142,11,66,69,67,13,10341,70,8,32,51,65
20160101 09:12,148,9,115,6,153,11,66,69,67,13,10341,70,9,32,51,65
20160101 09:13,155,10,124,7,156,12,66,69,67,13,10341,71,9,32,51,65
20160101 09:14,155,10,131,8,154,13,67,69,68,14,10341,72,10,32,51,65
20160101 09:15,156,11,137,9,157,15,67,70,69,16,10340,73,11,32,51,64
20160101 09:16,158,12,143,10,159,13,67,69,68,14,10340,75,11,32,50,64
20160101 09:17,161,10,146,10,163,11,67,69,68,14,10340,78,12,32,50,64
20160101 09:18,151,8,148,10,139,9,68,70,69,17,10340,80,13,32,50,64
20160101 09:19,144,7,150,10,148,9,68,68,67,13,10340,79,13,32,50,64
20160101 09:20,132,8,149,9,116,9,68,68,67,13,10340,79,14,32,50,64
20160101 09:21,115,8,146,9,114,10,68,68,67,13,10340,78,15,32,50,64
20160101 09:22,116,7,143,9,118,9,68,70,69,17,10340,79,16,32,50,64
20160101 09:23,114,7,138,9,111,9,68,70,69,17,10340,83,17,32,50,64
20160101 09:24,108,7,133,8,105,9,69,69,69,16,10340,87,18,32,50,64
20160101 09:25,111,6,129,8,117,9,69,69,69,16,10340,90,19,32,50,64
20160101 09:26,119,6,125,7,121,7,69,69,69,16,10340,91,19,32,50,64
20160101 09:27,137,6,124,7,152,10,70,68,68,15,10340,92,20,32,50,64
20160101 09:28,147,5,124,7,143,4,70,68,68,15,10340,91,21,32,50,64
20160101 09:29,142,3,124,6,141,8,71,67,68,14,10340,89,22,32,50,64
20160101 09:30,136,5,125,6,131,8,70,66,66,11,10340,88,23,32,50,64
20160101 09:31,124,7,126,6,118,11,70,66,66,11,10340,86,24,32,50,64
20160101 09:32,117,8,125,6,115,9,70,66,66,11,10340,86,25,32,50,64
20160101 09:33,108,7,124,6,102,9,70,66,66,11,10340,87,26,32,50,64
20160101 09:34,115,7,127,6,129,9,71,67,68,14,10339,90,27,33,50,64
20160101 09:35,132,6,129,6,135,9,71,67,68,14,10339,93,28,33,50,64
20160101 09:36,139,6,131,6,142,6,71,67,68,14,10339,95,28,33,50,64
20160101 09:37,138,5,129,6,133,6,72,66,67,13,10339,97,29,33,50,64
20160101 09:38,122,6,126,6,112,11,72,66,67,13,10339,99,30,33,50,64
20160101 09:39,119,7,124,7,126,9,72,66,67,13,10339,101,31,33,50,64
20160101 09:40,143,7,127,7,159,9,73,66,67,14,10339,103,32,33,50,64
20160101 09:41,157,7,131,7,155,9,73,65,66,12,10339,105,32,33,50,64
20160101 09:42,157,7,135,7,159,9,74,65,67,13,10339,107,33,33,50,64
20160101 09:43,163,6,142,7,168,8,75,66,68,16,10338,109,34,33,50,64
20160101 09:44,173,6,147,6,179,7,75,65,67,14,10338,110,35,34,50,64
20160101 09:45,184,6,152,6,190,9,75,64,66,11,10338,111,35,34,50,64
20160101 09:46,190,6,157,6,190,7,75,63,65,9,10338,111,36,34,50,64
20160101 09:47,186,6,163,7,181,9,75,64,66,11,10338,111,37,34,50,64
20160101 09:48,178,6,168,6,174,8,75,64,66,11,10338,112,38,34,50,64
20160101 09:49,146,7,168,6,120,11,76,66,69,17,10338,114,39,34,50,64
20160101 09:50,100,7,162,6,79,8,76,65,68,14,10338,117,40,34,50,64
20160101 09:51,62,8,156,7,45,13,76,64,67,12,10338,119,40,35,50,64
20160101 09:52,43,9,146,7,42,11,76,63,66,10,10338,122,41,35,50,64
20160101 09:53,46,7,130,7,49,8,76,63,66,10,10337,125,42,35,50,64
20160101 09:54,57,6,111,7,65,8,76,63,66,10,10337,128,43,35,50,64
20160101 09:55,75,4,97,6,85,5,77,64,67,13,10337,129,43,35,50,64
20160101 09:56,79,1,85,6,72,1,77,63,66,11,10337,132,44,35,50,64
20160101 09:57,90,3,82,6,118,12,77,62,65,9,10337,135,45,36,50,64
20160101 09:58,122,8,80,6,125,12,79,62,66,11,10337,137,46,36,50,64
20160101 09:59,127,11,80,7,130,14,80,62,66,12,10337,140,47,36,50,64
20160101 10:00,129,12,86,7,129,17,81,63,68,15,10337,142,48,36,50,64
20160101 10:01,138,10,97,7,147,13,81,59,64,6,10337,144,48,36,50,64
20160101 10:02,154,9,109,7,161,14,81,58,63,3,10336,146,49,36,50,63
20160101 10:03,149,10,118,8,137,15,81,59,64,6,10336,149,50,37,50,63
20160101 10:04,133,9,124,8,129,10,82,59,64,7,10336,151,51,37,50,63
20160101 10:05,123,9,127,9,117,14,82,59,64,7,10336,153,52,37,50,63
20160101 10:06,127,11,133,10,137,14,82,58,63,4,10336,155,53,37,50,63
20160101 10:07,135,11,135,11,134,15,82,58,63,4,10335,157,54,37,50,63
20160101 10:08,128,10,134,10,122,11,82,57,62,2,10335,157,55,38,50,63
20160101 10:09,115,10,132,10,108,14,83,57,62,3,10335,159,56,38,50,63
20160101 10:10,101,10,129,10,93,12,83,55,60,-2,10334,161,56,38,50,63
20160101 10:11,97,10,124,10,102,14,83,55,60,-2,10334,161,58,38,50,63
20160101 10:12,112,10,120,10,123,12,83,55,60,-2,10334,162,58,39,50,63
20160101 10:13,111,8,117,10,100,11,84,57,63,4,10334,164,59,39,50,63
20160101 10:14,109,7,116,10,119,8,85,58,64,7,10334,165,60,39,50,63
20160101 10:15,122,5,116,9,125,7,85,58,64,7,10334,167,61,39,50,63
20160101 10:16,102,7,111,9,80,14,85,57,63,5,10334,169,62,39,51,63
20160101 10:17,85,12,106,9,91,21,86,58,65,8,10333,170,63,40,51,63
20160101 10:18,92,15,103,10,94,18,86,60,67,13,10333,171,64,40,51,63
20160101 10:19,92,14,102,10,89,19,87,59,66,11,10333,171,65,40,51,63
20160101 10:20,100,17,103,11,110,25,87,59,66,11,10333,172,66,40,51,63
20160101 10:21,123,17,107,11,135,19,86,57,64,6,10333,172,67,41,51,63
20160101 10:22,150,15,110,12,165,27,87,57,64,7,10332,173,68,41,51,63
20160101 10:23,162,16,116,13,159,23,88,56,63,5,10332,174,68,41,51,63
20160101 10:24,162,15,121,14,166,16,88,55,62,3,10332,176,69,41,51,63
20160101 10:25,161,11,124,14,155,17,88,55,62,3,10332,178,70,42,51,63
20160101 10:26,164,8,134,14,173,9,88,55,62,3,10332,180,71,42,51,63
20160101 10:27,166,10,142,14,159,19,88,56,63,5,10332,182,72,42,51,63
20160101 10:28,153,15,147,14,147,21,89,56,64,6,10332,183,73,42,51,63
20160101 10:29,154,17,153,14,161,24,89,56,64,6,10332,185,74,43,51,63
20160101 10:30,156,17,157,14,150,22,90,56,64,7,10332,186,74,43,51,63
20160101 10:31,154,15,159,14,159,20,90,57,65,9,10332,186,75,43,51,63
20160101 10:32,142,16,156,14,126,22,90,56,64,7,10331,187,76,43,51,63
20160101 10:33,126,17,152,14,127,20,91,58,67,13,10331,189,77,44,51,63
20160101 10:34,107,16,145,14,87,20,91,58,67,13,10330,190,78,44,51,63
20160101 10:35,96,14,140,15,105,18,91,57,66,10,10330,191,78,44,51,63
20160101 10:36,109,14,134,16,113,21,92,58,67,14,10330,192,79,45,51,63
20160101 10:37,105,17,127,16,98,22,92,57,66,11,10330,192,80,45,52,63
20160101 10:38,102,17,123,16,105,23,92,58,67,14,10330,192,81,45,52,63
20160101 10:39,108,15,118,16,112,20,92,58,67,14,10330,193,81,46,52,63
20160101 10:40,110,17,114,16,109,22,93,58,68,15,10330,194,82,46,52,63
20160101 10:41,106,21,108,17,103,28,92,57,66,11,10329,195,83,46,52,63
20160101 10:42,103,22,106,17,103,26,93,57,67,12,10329,195,84,46,52,63
20160101 10:43,120,21,107,18,137,27,93,57,67,12,10329,196,84,47,52,63
20160101 10:44,140,21,113,18,142,25,93,56,66,10,10329,197,85,47,52,63
20160101 10:45,147,18,117,19,151,22,92,54,63,4,10329,198,86,47,52,63
20160101 10:46,155,16,122,19,159,24,92,56,65,9,10328,199,87,48,52,63
20160101 10:47,155,22,127,20,151,32,93,56,66,10,10328,200,88,48,52,63
20160101 10:48,149,28,131,21,146,32,93,55,64,7,10328,200,88,48,52,63
20160101 10:49,142,28,134,22,139,33,93,55,64,7,10328,201,89,49,52,63
20160101 10:50,143,25,138,23,148,27,92,55,64,6,10328,202,90,49,52,63
20160101 10:51,149,24,143,23,151,28,92,55,64,6,10327,202,90,49,53,63
20160101 10:52,153,22,148,22,155,25,93,55,64,7,10327,203,91,50,53,63
20160101 10:53,151,22,149,23,147,32,93,56,66,10,10327,205,92,50,53,63
20160101 10:54,138,22,148,23,128,26,93,55,64,7,10326,206,92,50,53,63
20160101 10:55,129,19,145,23,129,23,93,55,64,7,10326,207,93,51,53,63
20160101 10:56,120,18,141,23,111,20,93,56,66,10,10326,208,94,51,53,63
20160101 10:57,119,14,138,22,129,17,94,56,66,11,10326,208,94,51,53,63
20160101 10:58,116,14,134,20,105,21,94,55,65,8,10326,208,95,51,53,63
20160101 10:59,115,15,133,19,126,21,95,56,66,12,10325,210,96,52,53,63
20160101 11:00,140,19,134,19,154,26,96,57,68,15,10325,210,96,52,53,63
20160101 11:01,154,23,134,19,155,29,96,56,67,13,10325,210,97,52,54,63
20160101 11:02,150,23,133,19,145,31,97,56,67,14,10325,212,98,53,54,63
20160101 11:03,143,22,132,19,142,34,97,55,66,11,10325,213,98,53,54,63
20160101 11:04,133,19,132,19,124,22,96,55,66,10,10325,212,99,53,54,63
20160101 11:05,124,20,132,19,124,34,97,56,67,14,10324,212,100,54,54,63
20160101 11:06,119,23,132,19,114,28,98,57,69,17,10324,210,100,54,54,63
20160101 11:07,121,24,132,21,127,37,99,57,69,18,10324,207,101,54,54,63
20160101 11:08,127,30,134,23,127,40,97,55,66,11,10323,204,101,55,54,63
20160101 11:09,133,30,135,24,138,40,97,55,66,11,10323,202,102,55,54,63
20160101 11:10,149,25,135,24,159,27,97,55,66,11,10322,203,103,55,54,63
20160101 11:11,158,21,136,24,156,22,97,55,66,11,10322,206,103,56,55,63
20160101 11:12,158,17,137,23,159,23,98,55,67,12,10322,206,104,56,55,63
20160101 11:13,163,15,139,22,167,21,98,55,67,12,10322,205,104,56,55,63
20160101 11:14,168,17,144,23,170,33,99,56,68,15,10322,206,105,57,55,63
20160101 11:15,173,26,149,23,176,41,100,57,70,19,10321,205,105,57,55,63
20160101 11:16,168,33,154,25,160,42,101,56,69,17,10321,205,106,57,55,63
20160101 11:17,162,28,158,24,164,30,101,55,68,15,10321,206,106,58,55,63
20160101 11:18,160,26,161,24,157,44,101,57,70,20,10321,209,106,58,55,63
20160101 11:19,161,27,163,23,165,29,101,55,68,15,10321,210,107,58,56,63
20160101 11:20,168,27,165,24,172,38,102,56,70,18,10320,211,107,59,56,63
20160101 11:21,166,30,165,25,160,44,103,57,71,22,10320,213,108,59,56,63
20160101 11:22,159,33,165,27,157,44,104,55,69,18,10320,216,108,59,56,64
20160101 11:23,155,35,163,29,153,48,103,55,69,17,10320,219,109,60,56,64
20160101 11:24,155,32,162,30,157,37,104,55,69,18,10319,220,109,60,56,64
20160101 11:25,163,34,161,31,169,46,104,55,69,18,10318,222,109,60,56,64
20160101 11:26,163,34,161,30,157,40,104,55,69,18,10318,223,110,61,56,64
20160101 11:27,154,31,160,31,150,38,104,55,69,18,10318,224,110,61,56,64
20160101 11:28,160,31,161,31,170,39,104,55,69,18,10318,226,111,61,57,64
20160101 11:29,167,28,161,32,165,33,104,56,71,20,10318,226,111,62,57,64
20160101 11:30,165,25,160,31,165,36,105,56,71,21,10318,228,112,62,57,64
20160101 11:31,160,28,160,31,156,42,106,56,72,22,10318,230,112,62,57,64
20160101 11:32,156,31,160,31,155,39,104,54,68,15,10317,231,113,63,57,64
20160101 11:33,159,28,161,30,163,38,105,56,71,21,10317,231,113,63,57,64
20160101 11:34,161,28,161,30,160,40,106,57,73,24,10317,231,114,63,57,64
20160101 11:35,174,28,163,29,187,38,106,55,70,19,10317,231,114,63,58,64
20160101 11:36,181,31,165,29,176,42,107,55,71,20,10317,232,115,64,58,64
20160101 11:37,174,26,167,28,172,26,108,55,71,21,10317,233,115,64,58,64
20160101 11:38,166,23,166,28,160,34,109,56,73,25,10317,233,116,64,58,64
20160101 11:39,152,26,164,28,144,32,108,55,71,21,10316,235,116,65,58,64
20160101 11:40,158,30,164,28,171,43,108,55,71,21,10316,237,117,65,58,64
20160101 11:41,168,35,165,29,166,43,109,55,72,22,10316,236,117,65,58,64
20160101 11:42,166,37,167,30,166,43,108,54,70,19,10316,235,118,66,59,64
20160101 11:43,166,33,167,30,167,37,107,54,69,18,10315,234,118,66,59,64
20160101 11:44,163,31,167,30,160,42,107,54,69,18,10315,234,119,66,59,64
20160101 11:45,167,35,166,31,173,44,107,55,71,20,10315,234,120,67,59,64
20160101 11:46,173,36,165,31,173,49,106,54,69,17,10315,234,120,67,59,64
20160101 11:47,170,29,165,32,168,36,106,55,70,19,10315,236,121,67,59,64
20160101 11:48,166,25,165,32,164,38,107,56,72,23,10314,237,121,68,59,64
20160101 11:49,163,27,167,32,162,35,108,55,71,21,10314,237,122,68,60,64
20160101 11:50,156,27,165,31,151,36,109,56,73,25,10313,238,122,68,60,65
20160101 11:51,151,35,163,32,150,50,109,55,72,22,10313,239,123,68,60,65
20160101 11:52,151,35,162,31,153,43,108,54,70,19,10313,238,123,69,60,65
20160101 11:53,162,32,163,31,172,42,108,56,72,24,10313,239,123,69,60,65
20160101 11:54,170,31,164,31,169,38,108,54,70,19,10313,239,124,69,60,65
20160101 11:55,171,30,163,30,172,37,108,54,70,19,10312,239,124,70,60,65
20160101 11:56,167,28,162,30,162,32,108,54,70,19,10312,240,125,70,61,65
20160101 11:57,157,26,161,30,153,29,108,54,70,19,10312,242,125,70,61,65
20160101 11:58,160,29,161,30,167,46,108,55,71,21,10312,242,126,71,61,65
20160101 11:59,165,30,161,30,162,38,108,54,70,19,10311,240,126,71,61,65
20160101 12:00,156,31,161,31,150,44,108,55,71,21,10311,241,127,71,61,65
20160101 12:01,159,30,163,30,169,41,108,55,71,21,10311,241,127,72,61,65
20160101 12:02,167,29,164,30,165,44,108,55,71,21,10311,241,128,72,61,65
20160101 12:03,167,37,164,31,169,48,108,54,70,19,10310,240,128,72,62,65
20160101 12:04,163,39,163,31,158,48,107,54,69,18,10310,238,128,72,62,65
20160101 12:05,158,30,161,30,158,35,106,55,70,19,10310,238,129,73,62,65
20160101 12:06,165,26,162,31,171,36,107,55,71,20,10309,240,129,73,62,65
20160101 12:07,170,31,164,32,170,39,107,55,71,20,10308,241,129,73,62,65
20160101 12:08,167,33,164,32,164,42,108,54,70,19,10308,241,130,74,62,65
20160101 12:09,157,34,162,32,149,42,108,55,71,21,10307,242,130,74,63,66
20160101 12:10,132,31,159,32,115,39,108,56,72,24,10307,242,131,74,63,65
20160101 12:11,130,28,157,32,146,36,108,55,71,21,10307,242,131,75,63,66
20160101 12:12,151,24,156,31,156,29,107,55,71,20,10306,243,131,75,63,66
20160101 12:13,146,26,153,30,137,47,108,56,72,24,10306,245,132,75,63,66
20160101 12:14,131,28,149,29,126,34,108,56,72,24,10306,245,132,75,63,66
20160101 12:15,122,29,145,29,117,41,107,55,71,20,10306,245,132,76,63,66
20160101 12:16,116,31,139,30,115,39,107,55,71,20,10306,244,133,76,64,66
20160101 12:17,122,27,135,29,128,31,107,55,71,20,10306,243,133,76,64,66
20160101 12:18,136,20,133,27,143,24,107,54,69,18,10305,244,133,77,64,66
20160101 12:19,134,21,131,26,126,40,107,55,71,20,10305,246,134,77,64,66
20160101 12:20,122,26,131,26,118,34,108,56,72,24,10305,246,134,77,64,66
20160101 12:21,117,25,128,25,115,29,108,55,71,21,10305,246,134,78,64,66
20160101 12:22,105,27,122,26,96,42,108,55,71,21,10304,248,135,78,65,66
20160101 12:23,102,30,119,26,109,35,108,55,71,21,10304,247,135,78,65,66
20160101 12:24,112,28,118,26,115,39,108,56,72,24,10304,245,135,78,65,66
20160101 12:25,115,28,118,26,116,42,109,56,73,25,10304,246,136,79,65,66
20160101 12:26,125,24,120,25,134,34,109,56,73,25,10304,248,136,79,65,66
20160101 12:27,145,18,123,24,157,28,110,56,73,26,10304,250,136,79,65,67
20160101 12:28,145,19,122,25,134,44,109,54,70,20,10304,251,137,80,66,67
20160101 12:29,132,30,122,26,130,47,108,54,70,19,10304,247,137,80,66,67
20160101 12:30,138,33,125,26,146,33,106,54,69,17,10304,245,138,80,66,67
20160101 12:31,145,25,128,26,144,24,107,55,71,20,10303,248,138,80,66,67
20160101 12:32,135,18,131,25,126,21,107,55,71,20,10303,250,138,81,66,67
20160101 12:33,127,17,133,24,129,28,107,55,71,20,10302,251,139,81,66,67
20160101 12:34,115,23,132,23,101,34,108,56,72,24,10302,250,139,81,67,67
20160101 12:35,108,23,132,23,115,23,107,55,71,20,10302,250,139,82,67,67
20160101 12:36,128,21,132,23,141,33,108,56,72,24,10301,249,140,82,67,67
20160101 12:37,143,25,131,24,144,44,108,56,72,24,10301,247,140,82,67,67
20160101 12:38,139,29,131,25,134,35,108,55,71,21,10301,246,140,82,67,67
20160101 12:39,139,25,133,23,144,28,108,56,72,24,10301,244,140,83,67,67
20160101 12:40,151,20,134,22,158,27,109,56,73,25,10301,244,141,83,68,67
20160101 12:41,148,22,133,22,139,30,110,55,72,23,10301,244,141,83,68,68
20160101 12:42,148,26,136,24,156,35,110,55,72,23,10301,245,141,84,68,68
20160101 12:43,161,25,140,24,166,30,109,54,70,20,10300,246,142,84,68,68
20160101 12:44,140,22,141,24,114,31,109,54,70,20,10300,246,142,84,68,68
20160101 12:45,121,22,142,24,128,32,109,55,72,22,10300,246,142,84,68,68
20160101 12:46,141,27,144,25,153,35,109,55,72,22,10300,246,142,85,68,68
20160101 12:47,156,29,145,25,160,32,109,55,72,22,10300,247,143,85,69,68
20160101 12:48,163,28,148,25,165,33,109,55,72,22,10300,246,143,85,69,68
20160101 12:49,165,22,151,24,166,27,108,54,70,19,10300,247,143,86,69,68
20160101 12:50,157,16,150,24,148,32,109,55,72,22,10299,247,143,86,69,68
20160101 12:51,144,25,150,25,141,41,109,55,72,22,10299,246,143,86,69,68
20160101 12:52,139,31,148,25,136,36,108,54,70,19,10300,246,144,86,70,68
20160101 12:53,134,30,144,26,131,37,108,55,71,21,10299,245,144,87,70,68
20160101 12:54,138,26,147,26,145,25,108,56,72,24,10299,247,144,87,70,68
20160101 12:55,151,21,150,25,157,41,109,56,73,25,10299,249,144,87,70,69
20160101 12:56,159,27,151,26,161,39,110,56,73,26,10299,249,144,87,70,69
20160101 12:57,157,27,150,25,153,29,110,54,71,21,10299,247,145,88,70,69
20160101 12:58,144,19,147,24,136,22,109,54,70,20,10299,244,145,88,70,69
20160101 12:59,134,20,144,24,133,37,108,54,70,19,10298,243,145,88,71,69
20160101 13:00,129,28,142,26,126,45,108,55,71,21,10298,242,145,88,71,69
20160101 13:01,138,33,143,26,151,46,108,56,72,24,10298,243,145,89,71,69
20160101 13:02,158,28,146,25,165,26,109,56,73,25,10298,244,146,89,71,69
20160101 13:03,159,20,148,24,152,27,109,55,72,22,10298,246,146,89,71,69
20160101 13:04,135,16,145,23,119,21,109,55,72,22,10297,248,146,89,72,69
20160101 13:05,116,21,141,24,113,38,109,56,73,25,10297,249,146,90,72,69
20160101 13:06,111,32,136,24,108,42,109,56,73,25,10297,244,146,90,72,69
20160101 13:07,111,30,132,25,114,33,109,56,73,25,10297,243,146,90,72,69
20160101 13:08,108,24,128,25,103,30,110,56,73,26,10297,243,146,90,72,70
20160101 13:09,116,21,128,25,129,26,110,57,75,28,10297,241,147,91,72,70
20160101 13:10,136,23,130,25,144,34,110,55,72,23,10297,241,147,91,73,70
20160101 13:11,145,27,129,24,147,33,110,56,73,26,10296,243,147,91,73,70
20160101 13:12,143,25,127,24,140,29,110,55,72,23,10296,242,147,91,73,70
20160101 13:13,145,22,127,24,149,28,110,55,72,23,10296,241,147,92,73,70
20160101 13:14,143,23,128,25,136,31,109,55,72,22,10296,238,147,92,73,70
20160101 13:15,130,25,129,25,124,36,109,56,73,25,10296,237,147,92,73,70
20160101 13:16,133,24,133,24,142,31,109,55,72,22,10296,239,147,92,73,70
20160101 13:17,148,18,137,23,155,19,109,55,72,22,10296,242,148,92,74,70
20160101 13:18,136,18,138,23,116,31,109,55,72,22,10296,244,148,93,74,70
20160101 13:19,113,23,136,23,109,38,109,56,73,25,10296,245,148,93,74,70
20160101 13:20,109,23,133,23,110,30,110,57,75,28,10295,247,148,93,74,71
20160101 13:21,103,20,128,22,96,26,110,56,73,26,10295,247,148,93,74,71
20160101 13:22,111,23,126,22,126,36,110,56,73,26,10295,243,148,94,74,71
20160101 13:23,119,26,123,23,113,33,109,55,72,22,10295,239,148,94,75,71
20160101 13:24,112,22,120,22,111,30,110,57,75,28,10295,235,148,94,75,71
20160101 13:25,119,22,120,22,128,31,110,57,75,28,10295,233,148,94,75,71
20160101 13:26,139,22,121,22,149,26,110,56,73,26,10295,231,148,94,75,71
20160101 13:27,151,23,121,23,153,35,110,57,75,28,10295,230,149,95,75,71
20160101 13:28,148,24,124,23,143,28,110,56,73,26,10295,227,149,95,75,71
20160101 13:29,144,19,127,22,145,22,110,57,75,28,10295,222,149,95,76,71
20160101 13:30,143,18,131,22,141,28,110,56,73,26,10295,218,149,95,76,72
20160101 13:31,143,19,135,22,145,21,109,56,73,25,10295,214,149,96,76,72
20160101 13:32,146,17,138,21,147,27,109,56,73,25,10295,210,149,96,76,72
20160101 13:33,142,20,140,21,137,30,109,56,73,25,10295,206,149,96,76,72
20160101 13:34,143,21,144,21,150,25,108,57,74,26,10294,201,149,96,76,72
20160101 13:35,161,23,148,21,173,32,108,57,74,26,10294,197,149,96,77,72
20160101 13:36,173,26,151,21,174,33,108,56,72,24,10294,194,148,97,77,72
20160101 13:37,176,27,153,22,178,36,107,56,72,23,10294,192,148,97,77,72
20160101 13:38,169,28,155,22,160,33,107,57,73,25,10294,190,148,97,77,72
20160101 13:39,164,26,157,23,167,30,107,57,73,25,10294,189,148,97,77,72
20160101 13:40,164,26,159,24,162,32,107,58,75,28,10294,193,148,97,77,72
20160101 13:41,166,27,162,25,170,33,107,57,73,25,10294,198,147,98,78,72
20160101 13:42,170,26,164,25,170,41,108,57,74,26,10294,202,147,98,78,73
20160101 13:43,160,24,165,25,150,32,108,57,74,26,10294,206,147,98,78,73
20160101 13:44,157,23,167,26,164,32,108,57,74,26,10293,208,146,98,78,73
20160101 13:45,157,25,165,26,151,36,109,58,76,30,10293,209,146,98,78,73
20160101 13:46,147,28,162,26,144,36,109,57,74,27,10293,212,145,98,78,73
20160101 13:47,152,27,160,26,162,31,108,56,72,24,10293,214,145,99,78,73
20160101 13:48,164,26,161,26,167,32,108,57,74,26,10293,216,145,99,79,73
20160101 13:49,167,25,161,26,166,32,109,57,74,27,10293,218,145,99,79,73
20160101 13:50,164,26,161,26,162,33,109,56,73,25,10293,220,144,99,79,73
20160101 13:51,163,26,160,25,164,34,109,56,73,25,10293,222,144,99,79,73
20160101 13:52,165,30,160,26,167,39,109,56,73,25,10292,222,144,99,79,73
20160101 13:53,169,34,162,27,172,43,109,56,73,25,10292,222,144,100,79,74
20160101 13:54,175,30,163,28,178,36,109,56,73,25,10292,221,144,100,79,74
20160101 13:55,172,26,165,28,167,31,110,57,75,28,10292,220,144,100,80,74
20160101 13:56,164,26,167,27,161,34,111,56,74,27,10292,221,144,100,80,74
20160101 13:57,164,30,167,28,167,46,111,57,75,29,10292,222,144,100,80,74
20160101 13:58,165,34,167,29,164,42,111,56,74,27,10292,222,144,100,80,74
20160101 13:59,167,33,167,30,169,41,110,56,73,26,10291,223,144,100,80,74
20160101 14:00,166,32,167,30,163,38,110,56,73,26,10291,224,144,100,80,74
20160101 14:01,157,29,166,31,151,33,111,57,75,29,10291,224,144,101,81,74
20160101 14:02,151,28,164,30,150,33,110,56,73,26,10291,225,144,101,81,74
20160101 14:03,150,29,162,30,150,34,110,57,75,28,10290,226,144,101,81,74
20160101 14:04,152,28,160,30,155,36,110,58,76,31,10290,228,144,101,81,75
20160101 14:05,155,25,159,30,156,32,110,58,76,31,10290,228,144,101,81,75
20160101 14:06,157,25,158,30,157,29,110,57,75,28,10290,229,144,101,81,75
20160101 14:07,161,25,158,28,165,28,110,57,75,28,10290,231,144,101,81,75
20160101 14:08,160,23,157,27,155,29,110,57,75,28,10290,230,144,101,82,75
20160101 14:09,151,21,155,26,146,26,111,58,77,32,10290,230,144,102,82,75
20160101 14:10,148,20,153,25,150,26,111,57,75,29,10290,229,144,102,82,75
20160101 14:11,154,21,154,24,158,27,111,57,75,29,10290,230,144,102,82,75
20160101 14:12,158,21,155,23,158,27,111,57,75,29,10290,231,145,102,82,75
20160101 14:13,148,22,154,23,138,30,111,57,75,29,10290,232,145,102,82,75
20160101 14:14,148,22,154,22,159,32,111,56,74,27,10290,232,145,102,82,75
20160101 14:15,154,21,154,22,149,33,111,57,75,29,10291,234,145,102,83,76
20160101 14:16,153,19,154,21,158,21,111,56,74,27,10290,236,145,102,83,76
20160101 14:17,152,15,152,20,146,27,111,56,74,27,10290,236,145,102,83,76
20160101 14:18,149,20,151,20,152,32,111,57,75,29,10290,233,145,103,83,76
20160101 14:19,140,23,150,20,129,25,111,58,77,32,10290,229,146,103,83,76
20160101 14:20,128,20,147,20,127,27,111,58,77,32,10290,226,146,103,83,76
20160101 14:21,126,19,144,20,126,26,111,57,75,29,10289,222,146,103,83,76
20160101 14:22,124,17,141,19,123,23,110,57,75,28,10289,222,146,103,83,76
20160101 14:23,129,16,140,19,136,25,111,57,75,29,10289,220,146,103,84,76
20160101 14:24,144,22,140,20,150,33,111,58,77,32,10289,218,146,103,84,76
20160101 14:25,150,26,140,20,151,35,110,58,76,31,10289,219,147,103,84,76
20160101 14:26,152,24,139,21,152,26,110,57,75,28,10289,222,147,103,84,77
20160101 14:27,148,19,139,21,144,22,110,57,75,28,10289,224,147,103,84,77
20160101 14:28,158,19,141,21,173,30,110,58,76,31,10289,224,147,104,84,77
20160101 14:29,158,23,143,21,144,41,111,58,77,32,10289,224,147,104,84,77
20160101 14:30,146,28,145,22,147,39,111,58,77,32,10289,222,147,104,84,77
20160101 14:31,147,31,147,23,146,33,109,57,74,27,10289,220,147,104,85,77
20160101 14:32,137,24,147,24,127,28,109,57,74,27,10289,216,147,104,85,77
20160101 14:33,131,17,147,23,136,21,108,57,74,26,10289,213,147,104,85,77
20160101 14:34,135,19,145,23,135,32,108,57,74,26,10289,212,147,104,85,77
20160101 14:35,124,26,142,23,114,41,109,58,76,30,10289,212,147,104,85,77
20160101 14:36,120,30,139,24,127,39,109,59,77,32,10289,212,147,105,85,77
20160101 14:37,138,29,140,25,148,34,108,58,75,29,10289,210,147,105,85,78
20160101 14:38,145,29,137,26,141,37,108,58,75,29,10289,210,147,105,85,78
20160101 14:39,142,32,136,27,143,38,108,58,75,29,10289,210,147,105,86,78
20160101 14:40,147,28,137,26,151,30,107,58,75,28,10289,209,147,105,86,78
20160101 14:41,150,21,137,25,149,24,108,58,75,29,10288,209,147,105,86,78
20160101 14:42,151,24,140,26,153,38,108,58,75,29,10288,209,147,105,86,78
20160101 14:43,147,31,140,28,142,39,108,58,75,29,10288,208,147,105,86,78
20160101 14:44,141,28,141,28,139,29,108,58,75,29,10288,207,147,105,86,78
20160101 14:45,144,20,144,27,150,23,107,58,75,28,10288,209,147,106,86,78
20160101 14:46,145,17,146,25,140,29,107,59,76,30,10288,209,147,106,86,78
20160101 14:47,144,21,146,25,148,34,108,59,76,31,10288,209,146,106,86,78
20160101 14:48,149,25,147,24,150,31,108,59,76,31,10288,210,146,106,87,78
20160101 14:49,152,25,148,24,153,32,108,58,75,29,10288,210,146,106,87,79
20160101 14:50,154,23,148,23,154,28,108,59,76,31,10288,210,146,106,87,79
20160101 14:51,153,23,148,24,151,30,108,59,76,31,10288,210,146,106,87,79
20160101 14:52,156,26,149,24,160,37,108,59,76,31,10288,210,146,106,87,79
20160101 14:53,147,26,148,23,134,33,108,59,76,31,10288,209,146,106,87,79
20160101 14:54,133,26,147,23,131,34,108,59,76,31,10288,207,146,106,87,79
20160101 14:55,138,23,147,23,144,26,108,59,76,31,10288,205,146,107,87,79
20160101 14:56,137,20,146,24,130,26,108,58,75,29,10288,204,146,107,88,79
20160101 14:57,127,23,143,24,125,35,108,59,76,31,10288,203,146,107,88,79
20160101 14:58,118,24,139,24,110,32,108,59,76,31,10288,201,146,107,88,79
20160101 14:59,114,24,136,24,119,31,108,60,78,34,10288,197,145,107,88,79
20160101 15:00,117,26,132,24,115,33,108,59,76,31,10288,193,145,107,88,80
20160101 15:01,120,26,129,24,126,32,108,59,76,31,10287,190,145,107,88,80
20160101 15:02,133,23,127,24,139,26,107,58,75,28,10287,190,145,107,88,80
20160101 15:03,147,23,129,24,155,31,108,60,78,34,10286,195,145,107,88,80
20160101 15:04,156,23,132,23,157,23,108,59,76,31,10286,199,145,107,88,80
20160101 15:05,151,19,132,23,145,29,109,60,78,34,10286,202,145,108,89,80
20160101 15:06,129,21,130,23,114,30,110,60,79,35,10286,205,145,108,89,80
20160101 15:07,121,21,131,23,128,30,110,59,77,33,10286,205,144,108,89,80
20160101 15:08,133,24,134,23,139,35,109,58,76,30,10286,206,144,108,89,80
20160101 15:09,145,32,137,24,150,39,109,58,76,30,10286,205,144,108,89,80
20160101 15:10,148,29,140,24,146,29,109,58,76,30,10286,205,144,108,89,80
20160101 15:11,138,21,140,23,130,34,109,59,77,32,10286,205,144,108,89,81
20160101 15:12,135,26,140,24,140,42,110,60,79,35,10286,205,144,108,89,81
20160101 15:13,139,34,139,25,138,41,109,59,77,32,10286,203,144,108,89,81
20160101 15:14,133,32,136,26,128,32,108,58,75,29,10286,201,144,108,90,81
20160101 15:15,130,24,135,26,133,30,109,60,78,34,10286,200,144,108,90,81
20160101 15:16,127,19,135,26,120,22,109,60,78,34,10286,200,144,108,90,81
20160101 15:17,116,23,134,27,113,35,108,59,76,31,10286,198,144,108,90,81
20160101 15:18,111,24,131,26,108,28,108,60,78,34,10286,195,144,108,90,81
20160101 15:19,116,23,128,25,124,35,108,60,78,34,10286,194,143,108,90,81
20160101 15:20,132,24,127,25,140,26,108,61,79,36,10286,193,143,109,90,81
20160101 15:21,139,23,128,25,138,29,108,60,78,34,10286,192,143,109,90,81
20160101 15:22,129,24,126,25,120,30,108,60,78,34,10286,191,143,109,90,81
20160101 15:23,124,25,125,24,127,33,108,60,78,34,10286,190,143,109,90,82
20160101 15:24,117,26,123,24,107,47,107,60,77,33,10286,187,143,109,91,82
20160101 15:25,112,32,121,25,117,45,107,61,78,35,10286,183,143,109,91,82
20160101 15:26,114,37,121,27,112,46,107,61,78,35,10286,177,143,109,91,82
20160101 15:27,116,36,121,28,121,46,106,60,77,32,10286,169,143,109,91,82
20160101 15:28,122,34,123,29,123,45,105,61,77,33,10286,162,143,109,91,82
20160101 15:29,124,31,123,29,126,33,104,61,77,32,10286,158,142,109,91,82
20160101 15:30,128,28,122,30,131,34,103,62,78,33,10286,159,142,109,91,82
20160101 15:31,127,27,121,30,124,34,103,62,78,33,10286,162,142,109,91,82
20160101 15:32,117,29,120,31,110,37,103,63,79,36,10286,164,142,109,91,82
20160101 15:33,116,27,119,31,122,31,104,64,81,39,10286,165,141,109,91,82
20160101 15:34,119,22,120,30,116,27,104,64,81,39,10286,162,141,109,91,82
20160101 15:35,119,26,121,30,122,40,104,63,79,37,10286,163,141,109,92,82
20160101 15:36,119,34,121,30,116,45,104,63,79,37,10286,165,140,109,92,83
20160101 15:37,116,34,121,29,115,44,104,62,78,34,10285,165,140,110,92,83
20160101 15:38,123,34,121,29,131,46,104,62,78,34,10285,166,139,110,92,83
20160101 15:39,128,31,121,29,125,36,104,63,79,37,10285,167,139,110,92,83
20160101 15:40,128,25,121,29,132,29,103,62,78,33,10285,167,139,110,92,83
20160101 15:41,136,27,123,29,141,33,103,63,79,36,10285,167,138,110,92,83
20160101 15:42,138,26,125,28,135,30,103,63,79,36,10285,166,138,110,92,83
20160101 15:43,129,21,126,28,123,31,104,64,81,39,10285,166,138,110,92,83
20160101 15:44,120,26,126,29,118,42,104,64,81,39,10285,164,137,110,92,83
20160101 15:45,117,33,125,29,116,43,104,63,79,37,10285,162,137,110,92,83
20160101 15:46,116,33,125,29,116,39,103,62,78,33,10285,160,137,110,92,83
20160101 15:47,115,34,125,29,113,43,103,62,78,33,10285,159,136,110,93,83
20160101 15:48,112,33,123,29,112,40,103,62,78,33,10285,157,136,110,93,83
20160101 15:49,114,28,122,29,117,33,103,62,78,33,10285,156,136,110,93,84
20160101 15:50,117,24,121,29,118,29,102,62,77,33,10285,154,136,110,93,84
20160101 15:51,118,25,119,28,118,33,102,63,78,35,10285,152,135,110,93,84
20160101 15:52,118,28,117,29,118,37,102,63,78,35,10285,150,135,110,93,84
20160101 15:53,118,32,116,31,118,41,102,62,77,33,10285,149,135,110,93,84
20160101 15:54,116,34,116,31,113,40,101,62,77,32,10284,147,135,110,93,84
20160101 15:55,114,35,116,31,115,43,101,62,77,32,10284,145,134,110,93,84
20160101 15:56,115,34,116,31,115,40,101,62,77,32,10284,142,134,110,93,84
20160101 15:57,115,31,116,30,116,36,100,63,77,33,10284,141,134,110,93,84
20160101 15:58,117,29,117,30,119,33,100,63,77,33,10284,139,133,110,93,84
20160101 15:59,123,25,118,30,126,31,100,63,77,33,10284,137,133,110,94,84
20160101 16:00,127,23,118,30,127,33,100,64,79,35,10284,136,132,110,94,84
20160101 16:01,124,25,119,30,120,29,100,64,79,35,10283,135,132,110,94,84
20160101 16:02,119,25,119,29,118,33,100,64,79,35,10283,134,132,110,94,85
20160101 16:03,116,25,118,28,115,32,100,64,79,35,10283,132,131,110,94,85
20160101 16:04,119,25,119,27,123,35,100,65,80,37,10283,132,131,110,94,85
20160101 16:05,122,26,120,26,120,34,100,65,80,37,10283,131,130,110,94,85
20160101 16:06,118,28,120,26,115,38,100,65,80,37,10282,130,130,110,94,85
20160101 16:07,109,27,119,26,103,35,99,65,79,36,10282,129,130,110,94,85
20160101 16:08,110,29,118,26,116,39,99,65,79,36,10282,129,129,110,94,85
20160101 16:09,116,31,117,27,116,37,99,66,80,39,10282,128,129,110,94,85
20160101 16:10,115,30,116,27,115,38,99,66,80,39,10282,126,128,110,94,85
20160101 16:11,116,31,116,28,117,39,99,66,80,39,10283,125,128,110,94,85
20160101 16:12,113,29,115,28,108,37,99,66,80,39,10283,123,127,110,94,85
20160101 16:13,107,26,114,28,107,30,98,66,80,38,10283,122,127,110,95,85
20160101 16:14,108,23,113,28,109,30,98,66,80,38,10283,121,127,110,95,85
20160101 16:15,107,23,111,28,105,31,98,66,80,38,10283,120,126,110,95,86
20160101 16:16,103,24,110,27,100,32,98,67,81,40,10282,118,126,110,95,86
20160101 16:17,105,25,110,27,109,33,97,67,81,39,10282,117,125,110,95,86
20160101 16:18,110,27,110,27,111,34,97,68,82,41,10282,115,125,110,95,86
20160101 16:19,108,25,109,26,105,31,97,68,82,41,10282,113,124,110,95,86
20160101 16:20,105,18,108,24,105,24,96,68,81,40,10282,111,124,110,95,86
20160101 16:21,106,18,107,24,108,30,96,69,82,42,10282,110,124,109,95,86
20160101 16:22,105,22,106,23,103,33,96,69,82,42,10282,108,123,109,95,86
20160101 16:23,100,24,105,23,97,31,96,69,82,42,10282,107,123,109,95,86
20160101 16:24,100,26,105,24,103,32,95,70,83,43,10282,106,122,109,95,86
20160101 16:25,106,26,105,24,109,34,95,70,83,43,10282,104,122,109,95,86
20160101 16:26,109,25,106,24,108,30,95,71,84,45,10282,103,121,109,95,86
20160101 16:27,108,20,106,23,108,21,94,71,84,44,10282,101,121,109,95,86
20160101 16:28,109,18,106,22,110,31,94,72,85,46,10282,100,121,109,95,86
20160101 16:29,107,23,106,22,104,32,93,72,84,45,10282,98,120,109,95,86
20160101 16:30,106,25,106,24,108,35,93,72,84,45,10282,97,120,109,96,87
20160101 16:31,108,24,106,23,107,26,93,72,84,45,10282,96,119,109,96,87
20160101 16:32,102,21,105,23,96,27,92,73,85,46,10282,95,119,109,96,87
20160101 16:33,100,21,106,23,105,27,92,73,85,46,10283,94,118,109,96,87
20160101 16:34,101,21,105,22,98,27,92,73,85,46,10283,94,118,109,96,87
20160101 16:35,99,21,104,22,99,23,92,73,85,46,10283,93,117,109,96,87
20160101 16:36,97,21,103,22,95,26,91,73,84,45,10283,92,117,109,96,87
20160101 16:37,100,20,103,22,105,24,91,73,84,45,10283,91,116,108,96,87
20160101 16:38,103,20,102,22,102,26,91,73,84,45,10283,90,116,108,96,87
20160101 16:39,105,19,102,21,107,21,90,73,84,44,10283,89,115,108,96,87
20160101 16:40,107,18,102,20,107,25,90,74,85,46,10283,89,115,108,96,87
20160101 16:41,108,17,102,20,109,25,90,74,85,46,10283,88,114,108,96,87
20160101 16:42,114,20,105,20,119,25,89,74,84,45,10283,87,114,108,96,87
20160101 16:43,114,20,105,19,108,24,89,74,84,45,10283,86,113,108,96,87
20160101 16:44,108,17,106,19,108,28,89,74,84,45,10283,85,113,108,96,87
20160101 16:45,103,20,106,19,99,30,88,74,84,44,10283,85,112,108,96,87
20160101 16:46,102,20,107,19,106,21,88,74,84,44,10282,84,112,108,96,88
20160101 16:47,108,19,108,19,111,29,88,74,84,44,10282,83,111,108,96,88
20160101 16:48,106,18,107,19,100,19,88,75,85,46,10282,82,111,108,96,88
20160101 16:49,100,18,107,19,99,24,88,75,85,46,10282,82,110,107,96,88
20160101 16:50,100,20,106,19,102,25,87,75,84,45,10282,81,110,107,96,88
20160101 16:51,105,19,106,19,108,24,87,75,84,45,10282,80,109,107,96,88
20160101 16:52,109,16,105,19,109,18,87,75,84,45,10282,80,109,107,96,88
20160101 16:53,113,15,106,18,117,21,87,75,84,45,10282,79,108,107,96,88
20160101 16:54,110,16,105,18,103,24,86,75,84,44,10282,78,108,107,96,88
20160101 16:55,106,17,106,18,110,24,86,75,84,44,10282,78,108,107,97,88
20160101 16:56,114,16,108,17,118,19,86,76,85,46,10281,77,107,107,97,88
20160101 16:57,117,15,108,17,116,23,86,76,85,46,10281,77,107,107,97,88
20160101 16:58,117,18,110,17,118,23,85,76,84,45,10281,76,106,106,97,88
20160101 16:59,119,17,112,17,119,17,85,76,84,45,10282,75,106,106,97,88
20160101 17:00,120,13,114,16,120,14,85,76,84,45,10282,75,105,106,97,88
20160101 17:01,117,14,114,16,113,20,85,76,84,45,10282,74,105,106,97,88
20160101 17:02,116,18,115,16,118,27,85,76,84,45,10282,74,105,106,97,88
20160101 17:03,119,19,116,16,120,29,84,76,84,44,10282,73,104,106,97,88
20160101 17:04,118,20,117,17,116,30,84,76,84,44,10282,73,104,106,97,88
20160101 17:05,118,18,118,17,120,23,84,77,85,46,10282,72,103,106,97,89
20160101 17:06,117,15,117,17,114,23,84,77,85,46,10282,72,103,106,97,89
20160101 17:07,114,16,117,17,114,20,84,77,85,46,10282,72,103,105,97,89
20160101 17:08,112,14,116,16,110,19,84,77,85,46,10282,72,102,105,97,89
20160101 17:09,110,17,115,17,109,31,84,77,85,46,10281,72,102,105,97,89
20160101 17:10,108,20,114,18,107,23,84,77,85,46,10281,72,101,105,97,89
20160101 17:11,112,17,115,17,118,25,83,77,84,45,10281,73,101,105,97,89
20160101 17:12,115,17,114,17,112,25,83,78,85,47,10281,73,101,105,97,89
20160101 17:13,111,20,113,18,111,24,83,78,85,47,10281,73,100,105,97,89
20160101 17:14,110,18,112,17,109,20,83,78,85,47,10281,73,100,104,97,89
20160101 17:15,109,17,111,17,108,28,83,78,85,47,10281,74,100,104,97,89
20160101 17:16,110,19,111,18,112,25,83,78,85,47,10281,74,99,104,97,89
20160101 17:17,109,19,110,18,106,22,83,79,86,49,10281,74,99,104,97,89
20160101 17:18,110,17,111,18,114,20,83,79,86,49,10281,74,99,104,97,89
20160101 17:19,112,17,111,18,109,22,83,79,86,49,10281,75,98,104,97,89
20160101 17:20,109,18,111,18,109,25,83,79,86,49,10280,75,98,104,97,89
20160101 17:21,109,18,110,18,109,23,83,79,86,49,10280,75,98,104,97,89
20160101 17:22,106,18,109,18,102,22,83,79,86,49,10280,75,97,103,97,89
20160101 17:23,105,17,109,18,108,21,83,79,86,49,10280,75,97,103,97,89
20160101 17:24,107,16,108,18,106,21,83,80,88,51,10280,75,97,103,97,89
20160101 17:25,108,17,108,18,109,22,83,80,88,51,10281,75,97,103,97,90
20160101 17:26,107,17,108,17,105,22,83,80,88,51,10281,75,97,103,97,90
20160101 17:27,104,15,107,17,103,18,83,80,88,51,10281,75,96,103,97,90
20160101 17:28,105,13,107,17,106,17,83,80,88,51,10281,75,96,103,97,90
20160101 17:29,100,12,105,16,94,15,83,80,88,51,10282,75,96,103,97,90
20160101 17:30,97,12,104,15,100,18,83,80,88,51,10282,75,96,102,97,90
20160101 17:31,101,12,104,15,102,14,83,80,88,51,10282,75,95,102,97,90
20160101 17:32,99,10,103,14,96,13,83,80,88,51,10282,75,95,102,97,90
20160101 17:33,96,10,102,13,96,16,82,80,87,50,10282,75,95,102,97,90
20160101 17:34,98,10,101,13,101,13,82,81,88,51,10282,75,95,102,97,90
20160101 17:35,99,10,100,12,96,13,82,81,88,51,10283,75,95,102,97,90
20160101 17:36,99,10,99,11,101,11,82,81,88,51,10283,75,95,102,97,90
20160101 17:37,94,8,98,10,87,10,82,81,88,51,10283,75,94,102,97,90
20160101 17:38,89,8,97,10,92,11,82,81,88,51,10283,74,94,101,97,90
20160101 17:39,96,9,97,10,101,13,82,81,88,51,10283,74,94,101,97,90
20160101 17:40,103,9,98,9,106,10,82,81,88,51,10284,74,94,101,97,90
20160101 17:41,106,8,98,9,106,10,82,81,88,51,10284,74,94,101,97,90
20160101 17:42,105,9,99,9,104,16,82,81,88,51,10284,74,94,101,97,90
20160101 17:43,106,11,100,9,108,15,82,81,88,51,10284,74,93,101,97,90
20160101 17:44,101,11,100,9,95,12,82,81,88,51,10284,74,93,101,97,90
20160101 17:45,91,9,99,9,87,11,82,81,88,51,10284,74,93,101,97,90
20160101 17:46,88,10,97,9,88,14,82,82,89,53,10285,73,93,100,97,90
20160101 17:47,87,12,97,10,85,13,82,82,89,53,10285,73,93,100,97,90
20160101 17:48,76,9,95,10,66,10,82,82,89,53,10285,73,93,100,96,90
20160101 17:49,72,8,92,9,78,12,82,82,89,53,10285,73,92,100,96,90
20160101 17:50,74,7,89,9,71,8,82,82,89,53,10285,73,92,100,96,90
20160101 17:51,73,7,86,9,76,8,82,82,89,53,10286,73,92,100,96,90
20160101 17:52,80,7,84,9,84,8,82,82,89,53,10286,73,92,100,96,90
20160101 17:53,85,7,82,8,85,9,81,82,89,52,10286,73,92,100,96,90
20160101 17:54,86,8,81,8,86,10,81,82,89,52,10286,73,92,99,96,91
20160101 17:55,87,10,81,9,88,12,81,82,89,52,10285,73,91,99,96,91
20160101 17:56,87,12,80,9,85,14,81,82,89,52,10285,73,91,99,96,91
20160101 17:57,88,13,81,9,92,19,81,82,89,52,10284,72,91,99,96,91
20160101 17:58,92,14,84,10,93,19,81,82,89,52,10284,72,91,99,96,91
20160101 17:59,93,15,85,10,93,17,81,82,89,52,10284,72,91,99,96,91
20160101 18:00,94,15,88,11,96,18,81,82,89,52,10284,72,91,99,96,91
20160101 18:01,98,15,90,12,99,17,81,82,89,52,10284,72,91,99,96,91
20160101 18:02,100,15,92,13,101,17,81,82,89,52,10283,73,90,99,96,91
20160101 18:03,101,14,93,13,101,14,81,82,89,52,10283,73,90,99,96,91
20160101 18:04,99,13,94,14,96,15,81,82,89,52,10283,73,90,98,96,91
20160101 18:05,97,13,95,14,97,14,81,82,89,52,10283,73,90,98,96,91
20160101 18:06,98,11,97,14,98,12,81,82,89,52,10284,73,90,98,96,91
20160101 18:07,100,8,98,13,101,9,81,82,89,52,10284,73,90,98,96,91
20160101 18:08,99,8,98,12,96,12,81,82,89,52,10284,73,90,98,96,91
20160101 18:09,93,8,98,12,91,11,81,82,89,52,10284,73,90,98,96,91
20160101 18:10,97,8,98,11,103,12,81,82,89,52,10284,73,90,98,96,91
20160101 18:11,101,9,98,10,99,12,81,82,89,52,10284,73,89,98,96,91
20160101 18:12,95,10,97,10,92,12,81,82,89,52,10284,73,89,98,96,91
20160101 18:13,91,11,96,10,90,16,81,82,89,52,10284,73,89,97,96,91
20160101 18:14,95,10,97,9,101,15,81,82,89,52,10284,74,89,97,96,91
20160101 18:15,98,9,97,9,96,10,81,82,89,52,10284,74,89,97,96,91
20160101 18:16,99,9,97,9,102,12,81,82,89,52,10284,74,89,97,96,91
20160101 18:17,101,11,97,10,99,14,81,82,89,52,10284,74,89,97,96,91
20160101 18:18,98,11,97,10,97,12,81,82,89,52,10284,74,89,97,96,91
20160101 18:19,97,11,98,10,96,15,81,82,89,52,10283,74,89,97,96,91
20160101 18:20,95,14,97,11,93,17,81,82,89,52,10283,74,89,97,96,91
20160101 18:21,94,14,96,11,95,18,81,82,89,52,10283,74,88,97,96,91
20160101 18:22,91,13,96,11,87,15,81,82,89,52,10283,74,88,97,96,91
20160101 18:23,90,12,96,12,93,14,81,82,89,52,10283,74,88,96,96,91
20160101 18:24,93,12,95,12,93,14,82,82,89,53,10284,74,88,96,96,91
20160101 18:25,94,11,95,12,94,15,82,82,89,53,10284,74,88,96,96,91
20160101 18:26,93,11,94,12,92,13,82,82,89,53,10284,74,88,96,96,91
20160101 18:27,95,10,94,12,97,11,82,82,89,53,10283,74,88,96,95,91
20160101 18:28,99,10,94,12,101,14,82,82,89,53,10283,74,88,96,95,91
20160101 18:29,101,11,94,12,100,13,82,82,89,53,10283,74,88,96,95,91
20160101 18:30,99,10,95,11,98,13,82,82,89,53,10283,74,88,96,95,91
20160101 18:31,97,11,95,11,97,16,82,82,89,53,10282,74,88,96,95,91
20160101 18:32,97,12,96,11,97,19,82,82,89,53,10282,74,88,96,95,91
20160101 18:33,99,13,97,11,100,15,82,82,89,53,10282,74,87,96,95,91
20160101 18:34,99,13,97,11,97,16,82,82,89,53,10282,74,87,95,95,91
20160101 18:35,100,14,98,12,103,17,82,82,89,53,10282,74,87,95,95,91
20160101 18:36,101,15,99,12,99,20,82,82,89,53,10282,74,87,95,95,91
20160101 18:37,101,14,100,13,104,16,82,82,89,53,10282,74,87,95,95,91
20160101 18:38,102,14,99,13,100,19,82,82,89,53,10282,74,87,95,95,91
20160101 18:39,101,14,100,13,102,18,82,82,89,53,10281,74,87,95,95,91
20160101 18:40,102,14,100,14,101,19,82,81,88,51,10281,74,87,95,95,91
20160101 18:41,103,15,101,14,104,19,82,81,88,51,10281,74,87,95,95,91
20160101 18:42,104,17,101,15,103,23,82,81,88,51,10281,74,87,95,95,91
20160101 18:43,106,17,102,15,109,17,82,81,88,51,10281,74,87,95,95,91
20160101 18:44,109,15,103,15,109,20,82,81,88,51,10281,74,87,95,95,91
20160101 18:45,111,16,104,15,112,21,82,81,88,51,10281,74,87,95,95,91
20160101 18:46,111,17,105,15,109,22,82,81,88,51,10280,74,87,95,95,91
20160101 18:47,110,18,106,16,110,23,82,81,88,51,10280,74,86,95,95,91
20160101 18:48,110,19,107,17,111,24,82,81,88,51,10280,74,86,94,95,91
20160101 18:49,111,18,108,17,112,21,82,81,88,51,10280,74,86,94,95,91
20160101 18:50,109,18,108,17,105,27,82,81,88,51,10280,74,86,94,95,91
20160101 18:51,104,19,108,18,102,24,82,81,88,51,10280,74,86,94,95,91
20160101 18:52,102,17,108,17,101,17,82,81,88,51,10280,74,86,94,95,91
20160101 18:53,100,15,107,17,98,20,82,81,88,51,10279,74,86,94,95,91
20160101 18:54,99,17,106,18,101,24,82,81,88,51,10279,74,86,94,95,92
20160101 18:55,100,17,105,17,99,19,82,81,88,51,10279,74,86,94,95,91
20160101 18:56,97,14,103,17,95,14,82,81,88,51,10279,74,86,94,95,91
20160101 18:57,96,12,102,16,97,21,82,81,88,51,10280,74,86,94,94,91
20160101 18:58,97,14,101,16,97,21,82,81,88,51,10280,74,86,94,94,91
20160101 18:59,97,16,99,16,98,19,82,81,88,51,10280,74,86,94,94,91
20160101 19:00,95,14,98,15,92,17,82,81,88,51,10280,74,86,94,94,91
20160101 19:01,89,13,96,15,86,19,82,81,88,51,10280,74,86,93,94,92
20160101 19:02,88,14,95,15,91,18,82,81,88,51,10280,74,85,93,94,92
20160101 19:03,90,13,95,14,90,15,82,81,88,51,10280,73,85,93,94,92
20160101 19:04,91,12,94,14,92,14,82,81,88,51,10280,73,85,93,94,92
20160101 19:05,92,12,93,13,92,14,82,81,88,51,10280,73,85,93,94,92
20160101 19:06,92,12,93,13,93,14,82,81,88,51,10280,73,85,93,94,92
20160101 19:07,97,12,93,13,101,16,82,81,88,51,10280,73,85,93,94,91
20160101 19:08,101,13,94,13,101,16,82,81,88,51,10280,73,85,93,94,92
20160101 19:09,101,12,94,13,102,15,82,81,88,51,10280,73,85,93,94,92
20160101 19:10,100,12,94,13,97,17,82,81,88,51,10279,73,85,93,94,92
20160101 19:11,99,12,96,12,102,17,82,81,88,51,10279,73,85,93,94,92
20160101 19:12,99,13,97,12,96,19,82,81,88,51,10279,73,85,93,94,92
20160101 19:13,99,14,98,13,101,21,82,81,88,51,10278,73,85,93,94,92
20160101 19:14,101,14,99,13,100,17,82,81,88,51,10278,73,85,93,94,92
20160101 19:15,97,16,99,13,94,24,82,82,89,53,10278,73,85,93,94,92
20160101 19:16,98,17,100,14,101,20,82,82,89,53,10278,73,85,93,94,92
20160101 19:17,100,15,99,14,98,19,82,81,88,51,10278,73,85,92,94,92
20160101 19:18,95,15,98,14,92,18,82,82,89,53,10278,72,85,92,94,92
20160101 19:19,96,15,98,15,100,20,82,82,89,53,10278,72,84,92,94,92
20160101 19:20,99,13,98,15,97,15,82,82,89,53,10278,72,84,92,94,92
20160101 19:21,97,13,98,15,96,19,82,82,89,53,10278,72,84,92,94,92
20160101 19:22,97,16,98,15,97,22,82,82,89,53,10279,72,84,92,94,92
20160101 19:23,94,18,97,15,91,22,82,82,89,53,10279,72,84,92,94,92
20160101 19:24,93,17,96,16,96,23,82,82,89,53,10279,72,84,92,94,92
20160101 19:25,97,17,97,16,98,24,82,82,89,53,10279,72,84,92,94,92
20160101 19:26,98,15,96,15,99,16,82,82,89,53,10279,72,84,92,94,92
20160101 19:27,98,15,96,15,96,20,82,82,89,53,10279,72,84,92,94,92
20160101 19:28,94,14,96,15,91,17,82,82,89,53,10279,72,84,92,94,92
20160101 19:29,101,13,97,15,111,18,82,82,89,53,10279,72,84,92,94,92
20160101 19:30,104,15,97,15,97,20,82,82,89,53,10279,72,84,92,94,92
20160101 19:31,99,14,98,15,101,16,82,82,89,53,10279,72,84,92,93,92
20160101 19:32,100,13,98,15,99,17,82,82,89,53,10278,72,84,92,93,92
20160101 19:33,100,14,99,14,101,16,82,82,89,53,10278,72,84,92,93,92
20160101 19:34,99,14,99,14,97,17,82,82,89,53,10278,72,83,91,93,92
20160101 19:35,98,14,99,14,99,19,82,82,89,53,10278,72,83,91,93,92
20160101 19:36,100,14,99,14,101,16,82,82,89,53,10278,72,83,91,93,92
20160101 19:37,102,11,100,13,102,13,82,83,90,55,10278,72,83,91,93,92
20160101 19:38,100,11,101,13,98,17,82,83,90,55,10279,72,83,91,93,92
20160101 19:39,98,12,99,13,98,16,82,83,90,55,10278,72,83,91,93,92
20160101 19:40,97,13,99,13,97,19,82,83,90,55,10278,72,83,91,93,92
20160101 19:41,96,15,99,13,94,21,82,83,90,55,10278,72,83,91,93,92
20160101 19:42,94,17,98,14,94,22,82,83,90,55,10278,72,83,91,93,92
20160101 19:43,95,16,97,14,95,17,82,83,90,55,10278,72,83,91,93,92
20160101 19:44,97,16,98,14,98,20,82,83,90,55,10278,72,83,91,93,92
20160101 19:45,100,13,98,14,103,13,82,83,90,55,10278,72,83,91,93,92
20160101 19:46,103,11,98,14,102,18,82,83,90,55,10278,71,83,91,93,92
20160101 19:47,102,10,98,13,101,11,82,83,90,55,10278,71,83,91,93,92
20160101 19:48,104,10,99,14,107,17,82,83,90,55,10277,71,83,91,93,92
20160101 19:49,106,14,100,14,106,21,82,83,90,55,10277,71,83,91,93,91
20160101 19:50,107,14,101,14,108,17,82,83,90,55,10278,71,83,91,93,92
20160101 19:51,109,13,103,13,111,17,82,84,91,57,10278,71,83,91,93,92
20160101 19:52,110,13,104,13,108,14,82,84,91,57,10278,71,83,90,93,92
20160101 19:53,110,12,106,13,112,15,82,84,91,57,10278,71,82,90,93,92
20160101 19:54,112,14,107,13,112,22,82,84,91,57,10277,71,82,90,93,92
20160101 19:55,111,14,108,13,109,14,82,84,91,57,10277,71,82,90,93,92
20160101 19:56,112,12,109,13,115,14,82,84,91,57,10278,71,82,90,93,92
20160101 19:57,113,13,110,13,111,17,82,84,91,57,10278,71,82,90,93,92
20160101 19:58,110,11,110,13,108,12,82,84,91,57,10278,71,82,90,93,92
20160101 19:59,107,10,110,13,105,17,82,84,91,57,10278,71,82,90,93,92
20160101 20:00,101,12,109,12,97,14,81,84,91,56,10278,71,82,90,93,91
