time_now,wd_avg_2mins,ws_avg_2mins,wd_avg_10mins,ws_avg_10mins,wd_maxsp_this_min,ws_maxsp_this_min,air_temp_by_box,relative_humidity,water_vapor_pressure,dew_temp,station_pressure,ground_temp_pt,ground_tem_5cm,ground_tem_10cm,ground_tem_15cm,ground_tem_20cm
20161228 20:01,350,21,347,31,347,28,40,56,46,-40,10333,21,45,72,88,99
20161228 20:02,344,19,345,31,342,26,40,57,46,-37,10333,21,45,72,87,99
20161228 20:03,336,22,346,29,329,36,40,57,46,-37,10333,21,45,72,87,99
20161228 20:04,338,25,345,27,347,35,40,57,46,-37,10333,21,45,72,87,99
20161228 20:05,351,30,345,27,355,49,40,57,46,-37,10333,22,44,72,87,99
20161228 20:06,352,27,344,26,348,27,40,56,46,-40,10332,22,44,72,87,98
20161228 20:07,345,22,345,25,342,36,40,56,46,-40,10333,22,44,72,87,98
20161228 20:08,353,26,347,25,4,41,40,57,46,-37,10333,22,44,71,87,98
20161228 20:09,1,33,348,25,358,52,40,57,46,-37,10333,22,44,71,87,98
20161228 20:10,352,31,348,26,347,32,40,56,46,-40,10333,22,44,71,87,98
20161228 20:11,350,22,349,26,353,26,40,56,46,-40,10332,22,44,71,87,98
20161228 20:12,351,22,349,26,349,34,40,57,46,-37,10332,21,44,71,87,98
20161228 20:13,345,30,350,27,342,53,40,57,46,-37,10332,21,44,71,87,98
20161228 20:14,339,38,349,29,336,54,40,57,46,-37,10332,21,44,71,87,98
20161228 20:15,345,32,349,28,355,33,40,57,46,-37,10332,21,44,71,87,98
20161228 20:16,350,23,349,28,344,36,40,57,46,-37,10332,21,44,71,87,98
20161228 20:17,354,23,351,28,4,34,40,57,46,-37,10332,22,44,71,87,98
20161228 20:18,1,24,351,27,359,33,40,57,46,-37,10332,22,44,71,86,98
20161228 20:19,356,27,350,27,352,42,40,57,46,-37,10332,22,44,71,86,98
20161228 20:20,349,29,350,27,346,36,40,57,46,-37,10332,22,44,71,86,98
20161228 20:21,345,22,349,27,344,28,40,57,46,-37,10332,22,44,71,86,98
20161228 20:22,348,19,349,26,352,25,39,58,47,-36,10332,21,44,70,86,98
20161228 20:23,341,20,348,25,329,25,39,58,47,-36,10332,21,44,70,86,98
20161228 20:24,338,22,349,23,347,36,39,58,47,-36,10332,20,44,70,86,98
20161228 20:25,357,22,350,23,7,28,39,58,47,-36,10332,20,44,70,86,98
20161228 20:26,358,18,351,22,348,22,39,58,47,-36,10332,19,44,70,86,98
20161228 20:27,354,21,350,22,359,37,38,59,47,-35,10332,18,44,70,86,98
20161228 20:28,0,34,351,24,2,62,38,58,46,-37,10332,18,44,70,86,98
20161228 20:29,0,37,351,24,358,45,38,58,46,-37,10332,19,44,70,86,97
20161228 20:30,355,31,352,25,352,39,39,58,47,-36,10332,19,44,70,86,97
20161228 20:31,351,28,352,25,349,42,39,58,47,-36,10332,19,44,70,86,97
20161228 20:32,355,26,353,26,0,35,39,58,47,-36,10333,19,44,70,86,97
20161228 20:33,2,26,357,27,5,40,39,58,47,-36,10332,19,44,70,85,97
20161228 20:34,359,25,357,27,354,35,39,58,47,-36,10332,19,44,70,85,97
20161228 20:35,355,24,356,27,356,37,39,58,47,-36,10332,19,44,70,85,97
20161228 20:36,358,24,358,28,1,33,39,59,48,-34,10333,19,44,69,85,97
20161228 20:37,12,22,0,27,22,25,39,58,47,-36,10333,19,44,69,85,97
20161228 20:38,17,28,1,27,12,58,39,59,48,-34,10333,19,44,69,85,97
20161228 20:39,9,34,2,27,6,48,39,59,48,-34,10333,19,44,69,85,97
20161228 20:40,3,34,2,27,0,50,39,59,48,-34,10333,19,44,69,85,97
20161228 20:41,11,29,6,27,21,32,39,59,48,-34,10333,19,44,69,85,97
20161228 20:42,15,29,7,28,9,67,38,59,47,-35,10333,18,44,69,85,97
20161228 20:43,1,36,5,29,354,51,38,59,47,-35,10333,17,44,69,85,97
20161228 20:44,356,34,6,30,358,43,38,59,47,-35,10332,18,43,69,85,97
20161228 20:45,4,34,7,31,10,47,38,59,47,-35,10332,17,43,69,85,97
20161228 20:46,7,34,7,32,3,45,38,59,47,-35,10332,17,43,69,85,97
20161228 20:47,2,25,5,32,1,26,38,59,47,-35,10333,16,43,69,85,97
20161228 20:48,9,22,6,31,17,37,38,59,47,-35,10333,15,43,69,85,97
20161228 20:49,11,23,6,30,5,31,38,60,48,-32,10332,14,43,69,85,97
20161228 20:50,11,29,7,29,16,49,38,60,48,-32,10333,15,43,69,84,97
20161228 20:51,6,36,5,31,356,57,38,59,47,-35,10332,15,43,69,84,97
20161228 20:52,3,37,5,31,10,59,38,59,47,-35,10332,15,43,69,84,96
20161228 20:53,7,37,6,31,5,53,37,59,47,-36,10332,15,43,68,84,96
20161228 20:54,9,38,8,32,14,50,37,59,47,-36,10332,15,43,68,84,96
20161228 20:55,11,36,8,31,9,47,37,59,47,-36,10331,15,43,68,84,96
20161228 20:56,1,27,7,31,353,29,37,59,47,-36,10331,14,43,68,84,96
20161228 20:57,357,23,7,31,2,34,37,59,47,-36,10331,14,42,68,84,96
20161228 20:58,0,22,5,31,359,28,37,60,48,-33,10331,13,42,68,84,96
20161228 20:59,1,20,5,30,3,25,37,60,48,-33,10331,13,42,68,84,96
20161228 21:00,12,18,5,29,21,24,36,60,47,-34,10331,13,42,68,84,96
20161228 21:01,12,19,6,27,3,35,36,61,48,-32,10332,12,42,68,84,96
20161228 21:02,358,23,4,26,354,40,36,61,48,-32,10332,12,42,68,84,96
20161228 21:03,1,24,5,24,8,30,36,61,48,-32,10332,13,42,68,84,96
20161228 21:04,5,24,3,23,1,41,35,61,48,-33,10332,13,42,68,84,96
20161228 21:05,4,27,3,23,7,44,35,61,48,-33,10332,13,42,68,84,96
20161228 21:06,2,29,3,23,357,41,36,61,48,-32,10332,14,42,68,84,96
20161228 21:07,1,35,4,25,5,52,36,61,48,-32,10332,14,41,68,83,96
20161228 21:08,12,34,6,26,18,32,36,61,48,-32,10332,15,41,68,83,96
20161228 21:09,19,23,7,26,20,29,36,61,48,-32,10332,14,41,68,83,96
20161228 21:10,16,17,6,25,12,29,36,61,48,-32,10332,15,41,67,83,96
20161228 21:11,11,23,7,26,9,43,36,62,49,-30,10332,14,41,67,83,96
20161228 21:12,18,30,10,27,27,36,36,62,49,-30,10332,15,41,67,83,96
20161228 21:13,25,26,12,27,24,27,36,62,49,-30,10331,15,41,67,83,96
20161228 21:14,17,21,13,26,10,28,36,62,49,-30,10331,15,41,67,83,96
20161228 21:15,19,17,15,25,29,26,36,62,49,-30,10331,15,41,67,83,95
20161228 21:16,22,19,17,24,16,33,35,63,49,-29,10331,14,41,67,83,95
20161228 21:17,16,22,18,22,15,36,35,62,49,-31,10332,15,41,67,83,95
20161228 21:18,7,25,16,22,0,49,35,62,49,-31,10332,15,40,67,83,95
20161228 21:19,354,26,13,23,347,35,36,62,49,-30,10332,14,40,67,83,95
20161228 21:20,354,26,12,24,0,40,36,62,49,-30,10332,14,40,67,83,95
20161228 21:21,6,31,12,24,12,42,35,62,49,-31,10332,14,40,67,83,95
20161228 21:22,4,31,9,24,355,44,35,62,49,-31,10331,14,40,67,83,95
20161228 21:23,352,26,5,25,348,36,35,62,49,-31,10331,14,40,67,83,95
20161228 21:24,2,31,6,27,15,58,35,62,49,-31,10331,14,40,67,83,95
20161228 21:25,14,39,4,29,13,49,36,61,48,-32,10331,14,40,67,83,95
20161228 21:26,8,35,3,30,4,53,36,61,48,-32,10331,14,40,66,82,95
20161228 21:27,5,30,2,31,6,42,35,62,49,-31,10331,14,40,66,82,95
20161228 21:28,3,26,2,30,359,27,35,62,49,-31,10331,14,40,66,82,95
20161228 21:29,354,29,2,31,349,47,35,62,49,-31,10331,13,40,66,82,95
20161228 21:30,347,32,1,31,346,37,35,62,49,-31,10331,13,40,66,82,95
20161228 21:31,347,27,358,30,347,40,35,62,49,-31,10331,13,40,66,82,95
20161228 21:32,355,26,359,30,3,46,35,62,49,-31,10331,13,40,66,82,95
20161228 21:33,354,29,359,31,346,48,35,62,49,-31,10331,13,40,66,82,95
20161228 21:34,347,35,356,31,347,52,35,62,49,-31,10331,13,40,66,82,95
20161228 21:35,348,34,354,30,349,41,36,62,49,-30,10331,13,39,66,82,95
20161228 21:36,343,29,351,29,336,39,35,62,49,-31,10331,13,39,66,82,95
20161228 21:37,341,36,349,31,346,64,35,62,49,-31,10331,13,39,66,82,95
20161228 21:38,351,38,348,32,356,47,35,62,49,-31,10331,13,39,66,82,95
20161228 21:39,9,30,352,31,21,41,35,62,49,-31,10331,13,39,66,82,95
20161228 21:40,7,30,352,32,353,42,35,62,49,-31,10331,12,39,66,82,94
20161228 21:41,349,28,352,32,345,32,35,62,49,-31,10331,13,39,66,82,94
20161228 21:42,352,22,352,31,358,31,35,62,49,-31,10331,12,39,65,82,94
20161228 21:43,356,25,353,31,355,46,35,62,49,-31,10331,12,39,65,82,94
20161228 21:44,354,31,353,30,353,41,35,62,49,-31,10331,12,39,65,81,94
20161228 21:45,358,30,355,30,4,46,35,62,49,-31,10330,12,39,65,81,94
20161228 21:46,4,32,358,31,5,51,35,62,49,-31,10330,12,39,65,81,94
20161228 21:47,354,33,357,29,344,41,35,62,49,-31,10330,11,39,65,81,94
20161228 21:48,348,29,357,29,351,37,35,62,49,-31,10330,11,38,65,81,94
20161228 21:49,353,27,354,28,355,34,35,62,49,-31,10331,11,38,65,81,94
20161228 21:50,355,25,354,28,354,45,35,62,49,-31,10331,11,38,65,81,94
20161228 21:51,355,28,356,28,357,44,35,62,49,-31,10331,11,38,65,81,94
20161228 21:52,349,32,354,30,342,43,35,62,49,-31,10331,12,38,65,81,94
20161228 21:53,346,29,354,29,351,44,35,62,49,-31,10331,12,38,65,81,94
20161228 21:54,350,30,353,29,349,45,35,62,49,-31,10331,14,38,65,81,94
20161228 21:55,351,33,352,30,353,54,35,61,48,-33,10331,14,38,65,81,94
20161228 21:56,353,34,351,30,352,49,35,61,48,-33,10331,14,38,65,81,94
20161228 21:57,0,29,353,29,8,36,35,62,49,-31,10331,14,38,65,81,94
20161228 21:58,359,21,353,28,349,30,35,62,49,-31,10331,14,38,64,81,94
20161228 21:59,347,22,352,28,345,33,35,62,49,-31,10331,14,38,64,81,94
20161228 22:00,350,25,352,28,355,30,35,62,49,-31,10331,13,38,64,81,94
20161228 22:01,347,19,350,26,338,21,35,62,49,-31,10331,13,38,64,81,94
20161228 22:02,341,20,350,26,345,42,35,62,49,-31,10330,13,38,64,81,94
20161228 22:03,351,26,351,26,358,37,35,62,49,-31,10330,14,38,64,80,94
20161228 22:04,347,23,350,24,336,24,35,62,49,-31,10331,13,38,64,80,94
20161228 22:05,342,24,349,24,347,39,35,62,49,-31,10330,13,37,64,80,93
20161228 22:06,350,28,349,23,354,35,35,62,49,-31,10331,13,37,64,80,93
20161228 22:07,353,27,348,23,353,31,35,62,49,-31,10331,13,37,64,80,93
20161228 22:08,350,24,348,24,348,26,35,62,49,-31,10331,12,37,64,80,93
20161228 22:09,341,19,347,23,334,20,35,62,49,-31,10331,12,37,64,80,93
20161228 22:10,337,16,345,22,340,24,35,63,49,-29,10331,12,37,64,80,93
20161228 22:11,335,19,344,23,329,28,34,63,49,-30,10331,11,37,64,80,93
20161228 22:12,334,18,344,22,338,22,34,63,49,-30,10330,11,37,64,80,93
20161228 22:13,338,16,342,21,338,25,34,63,49,-30,10331,11,37,64,80,93
20161228 22:14,340,16,342,20,341,20,34,63,49,-30,10330,10,37,63,80,93
20161228 22:15,331,16,340,19,321,32,34,63,49,-30,10330,10,37,63,80,93
20161228 22:16,335,19,339,19,348,26,33,63,49,-31,10330,9,37,63,80,93
20161228 22:17,350,26,339,19,352,44,33,64,50,-29,10330,9,37,63,80,93
20161228 22:18,351,27,339,19,349,33,33,63,49,-31,10330,10,37,63,80,93
20161228 22:19,329,21,336,19,308,21,33,63,49,-31,10330,10,37,63,80,93
20161228 22:20,322,18,336,20,337,26,33,63,49,-31,10330,9,37,63,80,93
20161228 22:21,329,19,335,19,321,27,33,64,50,-29,10330,9,37,63,80,93
20161228 22:22,324,21,334,20,327,28,33,64,50,-29,10330,8,37,63,79,93
20161228 22:23,334,23,335,21,343,31,32,64,49,-29,10330,9,37,63,79,93
20161228 22:24,339,19,334,21,336,21,32,64,49,-29,10330,9,37,63,79,93
20161228 22:25,337,16,336,21,338,23,32,64,49,-29,10330,8,37,63,79,93
20161228 22:26,352,16,338,20,6,19,32,64,49,-29,10330,8,37,63,79,93
20161228 22:27,356,12,337,18,346,12,32,64,49,-29,10331,8,37,63,79,93
20161228 22:28,336,11,335,17,326,22,32,64,49,-29,10330,8,36,63,79,93
20161228 22:29,330,16,337,17,334,25,32,64,49,-29,10330,8,36,63,79,93
20161228 22:30,332,18,337,17,330,23,31,64,49,-30,10330,8,36,63,79,92
20161228 22:31,329,18,337,17,329,28,31,64,49,-30,10330,8,36,63,79,92
20161228 22:32,328,20,337,17,328,22,31,63,48,-33,10330,8,36,63,79,92
20161228 22:33,337,19,338,16,346,30,31,63,48,-33,10330,8,36,62,79,92
20161228 22:34,343,21,338,17,339,33,31,63,48,-33,10330,8,36,62,79,92
20161228 22:35,341,22,339,17,342,26,31,63,48,-33,10330,7,36,62,79,92
20161228 22:36,338,21,335,18,334,29,31,63,48,-33,10330,7,36,62,79,92
20161228 22:37,330,21,333,19,326,29,31,63,48,-33,10330,7,36,62,79,92
20161228 22:38,332,25,335,21,339,39,31,63,48,-33,10330,6,36,62,79,92
20161228 22:39,337,24,335,21,336,28,31,62,47,-35,10330,7,36,62,79,92
20161228 22:40,333,18,335,21,330,26,31,62,47,-35,10329,6,36,62,79,92
20161228 22:41,331,14,335,20,332,21,31,62,47,-35,10329,6,36,62,79,92
20161228 22:42,338,18,337,20,344,30,30,62,47,-36,10329,6,36,62,78,92
20161228 22:43,333,22,334,20,322,28,30,62,47,-36,10329,6,36,62,78,92
20161228 22:44,323,21,333,20,324,28,30,63,48,-33,10328,6,36,62,78,92
20161228 22:45,333,19,333,20,342,29,30,63,48,-33,10329,6,35,62,78,92
20161228 22:46,338,19,333,20,335,28,30,62,47,-36,10329,5,35,62,78,92
20161228 22:47,327,20,332,20,319,28,30,62,47,-36,10329,5,35,62,78,92
20161228 22:48,322,20,331,19,325,32,30,62,47,-36,10329,5,35,62,78,92
20161228 22:49,327,27,330,20,328,40,30,62,47,-36,10329,5,35,62,78,92
20161228 22:50,332,28,331,21,335,31,30,62,47,-36,10329,5,35,62,78,92
20161228 22:51,329,26,330,23,323,40,30,62,47,-36,10329,5,35,61,78,92
20161228 22:52,330,29,329,24,337,43,30,62,47,-36,10329,5,35,61,78,92
20161228 22:53,338,26,331,24,338,32,30,62,47,-36,10329,6,35,61,78,92
20161228 22:54,340,21,332,24,342,25,30,62,47,-36,10329,6,35,61,78,92
20161228 22:55,344,20,333,24,346,25,30,62,47,-36,10329,7,35,61,78,91
20161228 22:56,337,17,332,23,327,18,30,62,47,-36,10328,7,34,61,78,91
20161228 22:57,330,13,333,23,334,19,30,62,47,-36,10328,6,34,61,78,91
20161228 22:58,328,13,333,22,321,19,30,62,47,-36,10328,6,34,61,78,91
20161228 22:59,327,15,334,20,333,23,30,62,47,-36,10328,7,34,61,78,91
20161228 23:00,323,15,331,19,312,17,30,62,47,-36,10328,8,34,61,78,91
20161228 23:01,331,19,334,19,347,37,30,63,48,-33,10328,9,34,61,78,91
20161228 23:02,345,22,334,18,342,22,30,62,47,-36,10328,9,34,61,78,91
20161228 23:03,334,16,333,17,326,17,30,62,47,-36,10328,10,34,61,77,91
20161228 23:04,325,14,331,16,324,20,30,62,47,-36,10328,10,34,61,77,91
20161228 23:05,327,17,329,16,329,34,30,62,47,-36,10328,10,34,61,77,91
20161228 23:06,334,23,331,17,338,36,31,62,47,-35,10328,11,34,61,77,91
20161228 23:07,340,24,332,18,343,30,31,61,47,-37,10328,12,34,61,77,91
20161228 23:08,335,23,332,19,327,35,31,61,47,-37,10328,12,34,61,77,91
20161228 23:09,328,28,332,21,328,40,31,61,47,-37,10328,12,34,60,77,91
20161228 23:10,322,22,332,21,315,27,31,61,47,-37,10328,13,34,60,77,91
20161228 23:11,325,16,331,20,333,24,31,61,47,-37,10328,14,34,60,77,91
20161228 23:12,330,23,329,21,328,33,32,61,47,-36,10328,14,34,60,77,91
20161228 23:13,326,26,329,22,324,31,32,61,47,-36,10328,14,34,60,77,91
20161228 23:14,326,24,329,23,329,34,32,60,46,-38,10328,15,34,60,77,91
20161228 23:15,311,19,326,23,291,21,32,61,47,-36,10328,15,34,60,77,91
20161228 23:16,282,15,320,21,273,18,32,61,47,-36,10328,15,34,60,77,91
20161228 23:17,282,14,314,21,290,19,32,62,48,-34,10327,15,34,60,77,91
20161228 23:18,286,14,310,19,282,18,32,62,48,-34,10327,15,34,60,77,91
20161228 23:19,282,12,305,18,282,16,31,63,48,-33,10327,15,34,60,77,91
20161228 23:20,283,13,302,17,285,18,31,63,48,-33,10327,15,34,60,77,91
20161228 23:21,285,15,297,17,286,19,31,64,49,-30,10327,16,34,60,77,90
20161228 23:22,287,18,293,16,287,26,31,64,49,-30,10327,16,34,60,77,90
20161228 23:23,287,18,289,16,286,21,31,64,49,-30,10327,16,34,60,77,90
20161228 23:24,287,15,285,15,288,18,30,64,48,-31,10327,16,34,60,76,90
20161228 23:25,283,14,284,15,278,21,30,65,49,-29,10327,16,34,60,76,90
20161228 23:26,280,17,285,15,282,25,30,65,49,-29,10327,17,34,60,76,90
20161228 23:27,284,19,284,16,286,26,30,66,50,-27,10327,17,35,60,76,90
20161228 23:28,290,18,285,16,293,28,30,66,50,-27,10327,17,35,59,76,90
20161228 23:29,289,20,286,17,284,35,29,66,50,-28,10327,17,35,59,76,90
20161228 23:30,291,24,287,19,298,32,29,67,50,-26,10326,17,35,59,76,90
20161228 23:31,299,23,288,19,301,41,29,67,50,-26,10326,17,35,59,76,90
20161228 23:32,297,25,289,20,294,43,29,67,50,-26,10326,17,35,59,76,90
20161228 23:33,295,25,290,20,297,27,29,67,50,-26,10326,18,35,59,76,90
20161228 23:34,293,20,290,21,289,28,29,68,51,-24,10326,18,35,59,76,90
20161228 23:35,296,17,293,21,303,23,29,67,50,-26,10326,18,35,59,76,90
20161228 23:36,296,22,294,22,290,36,29,68,51,-24,10326,18,35,59,76,90
20161228 23:37,290,24,294,22,290,32,29,68,51,-24,10326,18,35,59,76,90
20161228 23:38,301,16,296,21,311,17,29,68,51,-24,10326,18,35,59,76,90
20161228 23:39,308,17,298,21,305,34,29,69,52,-22,10326,18,35,59,76,90
20161228 23:40,298,25,297,21,292,37,29,69,52,-22,10326,18,35,59,76,90
20161228 23:41,292,30,296,23,293,43,28,68,51,-25,10326,18,35,59,76,90
20161228 23:42,293,30,296,23,292,36,28,68,51,-25,10326,18,36,59,76,90
20161228 23:43,296,24,296,23,300,27,28,69,52,-23,10326,18,36,59,76,90
20161228 23:44,307,17,299,22,315,23,28,69,52,-23,10326,19,36,59,75,90
20161228 23:45,311,18,300,23,308,35,28,69,52,-23,10326,19,36,59,75,90
20161228 23:46,309,25,302,23,311,39,28,69,52,-23,10326,19,36,59,75,89
20161228 23:47,306,26,303,23,301,33,28,69,52,-23,10326,19,36,59,75,89
20161228 23:48,303,22,302,24,305,25,28,69,52,-23,10326,19,36,59,75,89
20161228 23:49,313,23,304,24,320,43,28,69,52,-23,10326,19,36,59,75,89
20161228 23:50,318,29,306,25,315,43,28,69,52,-23,10326,19,36,59,75,89
20161228 23:51,309,29,307,24,304,33,28,69,52,-23,10326,19,36,59,75,89
20161228 23:52,306,25,309,24,308,34,28,69,52,-23,10326,19,36,59,75,89
20161228 23:53,304,24,309,24,301,34,28,69,52,-23,10326,19,36,59,75,89
20161228 23:54,300,21,307,24,300,28,28,69,52,-23,10326,19,36,59,75,89
20161228 23:55,307,18,308,24,313,20,28,69,52,-23,10326,19,36,59,75,89
20161228 23:56,307,16,307,23,301,21,28,69,52,-23,10326,19,36,59,75,89
20161228 23:57,307,15,308,22,313,24,28,69,52,-23,10326,19,36,58,75,89
20161228 23:58,303,18,307,22,294,35,28,69,52,-23,10326,19,36,59,75,89
20161228 23:59,299,22,305,22,303,35,28,69,52,-23,10326,18,36,59,75,89
20161228 00:00,297,25,303,21,292,38,28,69,52,-23,10326,19,36,59,75,89
20161228 00:01,296,27,303,21,301,40,28,69,52,-23,10326,19,36,58,75,89
20161228 00:02,304,30,303,22,308,42,28,69,52,-23,10326,19,36,58,75,89
20161228 00:03,306,30,303,23,304,39,28,69,52,-23,10326,19,36,59,75,89
20161228 00:04,310,22,305,22,316,28,28,69,52,-23,10326,19,36,58,75,89
20161228 00:05,303,20,302,23,290,32,28,69,52,-23,10326,19,36,58,75,89
20161228 00:06,294,28,302,25,298,39,28,69,52,-23,10326,19,36,58,75,89
20161228 00:07,297,27,300,25,296,32,28,69,52,-23,10325,19,36,58,75,89
20161228 00:08,290,27,299,26,285,40,28,69,52,-23,10325,19,36,58,74,89
20161228 00:09,290,28,299,27,296,38,28,69,52,-23,10325,19,37,58,75,89
20161228 00:10,295,26,299,27,295,43,28,69,52,-23,10325,19,37,58,74,89
20161228 00:11,295,22,298,26,296,25,28,69,52,-23,10325,19,37,58,74,89
20161228 00:12,302,17,298,24,309,24,28,69,52,-23,10325,19,37,58,74,89
20161228 00:13,304,18,298,23,299,30,28,69,52,-23,10325,19,37,58,74,88
20161228 00:14,312,21,299,24,324,29,27,69,51,-24,10325,19,37,58,74,88
20161228 00:15,308,22,299,23,292,31,27,69,51,-24,10325,18,37,58,74,88
20161228 00:16,292,23,298,23,292,36,27,69,51,-24,10324,18,37,58,74,88
20161228 00:17,295,29,299,24,298,43,27,69,51,-24,10324,18,37,58,74,88
20161228 00:18,304,33,301,24,310,49,27,69,51,-24,10324,18,37,58,74,88
20161228 00:19,305,33,302,25,301,41,27,69,51,-24,10324,17,37,58,74,88
20161228 00:20,300,30,302,25,300,38,27,69,51,-24,10324,17,37,58,74,88
20161228 00:21,301,29,303,26,303,39,27,69,51,-24,10324,16,37,58,74,88
20161228 00:22,301,29,302,27,299,36,27,69,51,-24,10324,15,37,58,74,88
20161228 00:23,296,23,301,27,294,30,27,69,51,-24,10324,15,37,58,74,88
20161228 00:24,296,24,299,28,299,37,27,70,52,-22,10324,14,37,58,74,88
20161228 00:25,299,25,300,28,300,32,27,70,52,-22,10323,14,37,58,74,88
20161228 00:26,302,23,301,28,304,34,26,70,52,-23,10323,13,37,58,74,88
20161228 00:27,297,26,300,27,290,33,26,70,52,-23,10323,13,37,58,74,88
20161228 00:28,294,26,299,26,298,31,26,70,52,-23,10323,12,37,58,74,88
20161228 00:29,298,22,299,25,298,28,26,70,52,-23,10323,12,37,58,74,88
20161228 00:30,307,17,300,24,318,32,26,70,52,-23,10323,12,37,58,74,88
20161228 00:31,308,19,300,23,299,38,26,70,52,-23,10324,12,36,58,74,88
20161228 00:32,294,18,299,22,289,17,25,70,51,-24,10323,12,36,58,74,88
20161228 00:33,301,15,301,21,314,24,25,71,52,-22,10323,13,36,58,74,88
20161228 00:34,308,18,301,21,302,29,25,71,52,-22,10323,13,36,58,74,88
20161228 00:35,305,21,302,21,307,29,25,71,52,-22,10322,13,36,58,74,88
20161228 00:36,308,23,302,20,309,38,25,70,51,-24,10322,13,36,58,74,88
20161228 00:37,311,24,305,20,312,33,25,70,51,-24,10322,13,36,58,74,88
20161228 00:38,309,23,305,20,306,32,25,70,51,-24,10322,13,36,58,74,88
20161228 00:39,306,25,306,21,307,41,25,70,51,-24,10322,13,36,58,73,88
20161228 00:40,298,26,303,22,288,33,25,70,51,-24,10322,13,36,58,73,88
20161228 00:41,289,27,302,22,290,40,25,70,51,-24,10322,13,36,58,73,88
20161228 00:42,299,26,304,23,308,30,25,70,51,-24,10322,12,36,58,73,87
20161228 00:43,316,24,305,24,325,38,25,70,51,-24,10322,12,36,58,73,87
20161228 00:44,315,24,306,24,305,32,25,70,51,-24,10322,11,36,58,73,87
20161228 00:45,303,23,305,25,300,35,25,70,51,-24,10322,11,36,58,73,87
20161228 00:46,300,23,304,24,300,35,25,70,51,-24,10322,10,36,58,73,87
20161228 00:47,301,28,303,25,301,46,25,70,51,-24,10321,10,36,58,73,87
20161228 00:48,309,29,304,26,318,31,24,70,51,-25,10321,9,36,58,73,87
20161228 00:49,313,27,304,26,309,38,24,70,51,-25,10322,9,35,58,73,87
20161228 00:50,306,26,306,26,303,37,24,70,51,-25,10322,9,35,58,73,87
20161228 00:51,299,24,306,25,295,38,24,70,51,-25,10322,9,35,58,73,87
20161228 00:52,298,23,306,25,301,26,24,70,51,-25,10322,8,35,58,73,87
20161228 00:53,301,21,303,25,302,28,24,71,52,-23,10322,8,35,58,73,87
20161228 00:54,301,24,303,25,301,45,24,70,51,-25,10322,8,35,58,73,87
20161228 00:55,302,29,303,26,303,43,24,71,52,-23,10322,8,35,58,73,87
20161228 00:56,303,29,304,26,303,35,24,70,51,-25,10322,8,35,58,73,87
20161228 00:57,309,27,305,26,315,37,23,70,50,-26,10322,7,35,58,73,87
20161228 00:58,313,26,304,26,312,32,23,70,50,-26,10322,7,35,57,73,87
20161228 00:59,314,24,305,25,315,29,23,71,51,-24,10322,7,35,57,73,87
20161228 01:00,315,21,306,25,316,28,23,71,51,-24,10322,7,34,57,73,87
20161228 01:01,319,23,309,25,321,40,23,71,51,-24,10322,6,34,57,73,87
20161228 01:02,313,25,309,25,305,30,23,71,51,-24,10323,6,34,57,73,87
20161228 01:03,303,20,309,25,301,23,22,71,51,-25,10322,6,34,57,73,87
20161228 01:04,308,21,311,25,315,44,22,71,51,-25,10322,6,34,57,73,87
20161228 01:05,314,28,312,24,312,44,22,71,51,-25,10322,6,34,57,73,87
20161228 01:06,307,28,311,24,302,34,22,71,51,-25,10321,6,34,57,73,87
20161228 01:07,305,27,311,24,307,44,22,71,51,-25,10321,6,34,57,73,87
20161228 01:08,300,23,309,24,293,33,22,71,51,-25,10321,6,34,57,73,87
20161228 01:09,301,26,308,25,309,43,22,71,51,-25,10321,5,34,57,73,87
20161228 01:10,313,27,308,25,317,31,22,71,51,-25,10321,6,33,57,73,87
20161228 01:11,314,20,307,24,310,28,22,71,51,-25,10322,5,33,57,73,87
20161228 01:12,312,20,308,24,314,39,22,71,51,-25,10322,5,33,57,73,87
20161228 01:13,317,27,310,26,320,48,22,71,51,-25,10322,5,33,57,73,87
20161228 01:14,311,27,309,25,302,33,22,71,51,-25,10322,5,33,57,72,86
20161228 01:15,308,21,309,24,314,30,22,71,51,-25,10322,5,33,57,72,86
20161228 01:16,308,28,309,25,303,50,22,71,51,-25,10321,5,33,57,72,86
20161228 01:17,301,35,308,26,300,46,22,71,51,-25,10321,5,33,57,72,86
20161228 01:18,311,27,311,26,323,27,22,71,51,-25,10321,5,33,57,72,86
20161228 01:19,318,26,312,26,312,44,22,71,51,-25,10322,5,33,57,72,86
20161228 01:20,311,34,311,27,309,45,22,70,50,-27,10322,5,32,57,72,86
20161228 01:21,301,33,309,29,292,48,22,70,50,-27,10321,5,32,57,72,86
20161228 01:22,292,33,307,30,292,45,22,70,50,-27,10321,4,32,57,72,86
20161228 01:23,300,30,305,29,307,44,22,70,50,-27,10321,4,32,57,72,86
20161228 01:24,312,22,307,29,317,28,22,71,51,-25,10321,5,32,57,72,86
20161228 01:25,313,18,306,29,309,23,22,71,51,-25,10321,4,32,57,72,86
20161228 01:26,313,21,308,27,318,45,22,71,51,-25,10321,3,32,57,72,86
20161228 01:27,313,21,309,26,308,34,22,71,51,-25,10321,3,32,56,72,86
20161228 01:28,315,22,309,26,322,41,21,71,50,-26,10321,3,32,56,72,86
20161228 01:29,318,26,309,26,314,41,21,71,50,-26,10321,3,32,56,72,86
20161228 01:30,308,22,308,24,302,24,21,71,50,-26,10321,3,31,56,72,86
20161228 01:31,303,20,309,23,304,31,21,71,50,-26,10321,3,31,56,72,86
20161228 01:32,300,23,310,22,296,37,21,71,50,-26,10321,3,31,56,72,86
20161228 01:33,299,29,309,23,302,42,21,71,50,-26,10321,3,31,56,72,86
20161228 01:34,300,32,307,24,299,37,21,71,50,-26,10321,3,31,56,72,86
20161228 01:35,306,28,308,25,313,35,21,71,50,-26,10321,3,31,56,72,86
20161228 01:36,309,24,306,25,305,35,21,71,50,-26,10321,3,31,56,72,86
20161228 01:37,311,22,307,25,318,35,21,71,50,-26,10321,3,31,56,72,86
20161228 01:38,311,19,306,24,306,26,21,71,50,-26,10321,3,31,56,72,86
20161228 01:39,302,21,304,24,300,38,21,71,50,-26,10321,3,31,56,72,86
20161228 01:40,300,24,304,25,302,27,21,71,50,-26,10321,3,31,56,72,86
20161228 01:41,310,27,306,26,318,39,21,71,50,-26,10321,2,31,56,72,86
20161228 01:42,318,29,308,26,317,32,21,71,50,-26,10321,2,30,56,72,86
20161228 01:43,314,22,309,24,310,24,21,71,50,-26,10321,1,30,56,72,86
20161228 01:44,311,19,310,23,312,29,21,71,50,-26,10320,1,30,56,72,86
20161228 01:45,316,26,311,24,320,44,21,71,50,-26,10320,1,30,56,72,86
20161228 01:46,315,30,311,24,309,35,20,71,50,-27,10320,1,30,56,72,85
20161228 01:47,302,24,309,24,294,27,20,71,50,-27,10320,1,30,56,71,85
20161228 01:48,305,21,310,25,317,37,20,72,51,-25,10320,1,30,56,71,85
20161228 01:49,309,24,310,25,301,36,20,72,51,-25,10320,0,30,55,71,85
20161228 01:50,301,29,310,26,301,45,20,72,51,-25,10320,0,30,55,71,85
20161228 01:51,303,27,309,25,306,31,20,72,51,-25,10320,1,30,55,71,85
20161228 01:52,310,20,309,24,315,23,20,72,51,-25,10320,0,30,55,71,85
20161228 01:53,308,22,308,25,302,36,20,72,51,-25,10320,0,30,55,71,85
20161228 01:54,301,24,306,25,300,29,20,72,51,-25,10320,0,29,55,71,85
20161228 01:55,296,22,304,24,292,28,20,72,51,-25,10320,0,29,55,71,85
20161228 01:56,296,28,303,24,300,39,20,72,51,-25,10320,-1,29,55,71,85
20161228 01:57,303,27,304,25,306,31,20,72,51,-25,10320,0,29,55,71,85
20161228 01:58,306,24,303,25,305,30,20,72,51,-25,10320,0,29,55,71,85
20161228 01:59,305,26,303,25,305,36,20,72,51,-25,10320,0,29,55,71,85
20161228 02:00,305,25,304,24,305,32,19,72,50,-26,10320,-1,29,55,71,85
20161228 02:01,301,25,303,25,297,40,19,72,50,-26,10320,-1,29,55,71,85
20161228 02:02,300,27,302,26,303,33,19,72,50,-26,10320,-1,29,55,71,85
20161228 02:03,301,24,301,25,300,23,19,73,51,-24,10320,-1,29,55,71,85
20161228 02:04,301,23,302,25,302,36,19,73,51,-24,10320,-1,29,55,71,85
20161228 02:05,299,24,302,26,296,31,19,73,51,-24,10320,-1,28,55,71,85
20161228 02:06,306,20,303,24,316,30,19,73,51,-24,10320,0,28,55,71,85
20161228 02:07,313,19,304,24,311,32,19,73,51,-24,10320,0,28,54,71,85
20161228 02:08,313,19,305,23,315,27,18,73,51,-25,10319,-1,28,54,71,85
20161228 02:09,303,17,304,22,291,35,18,73,51,-25,10319,-1,28,54,71,85
20161228 02:10,298,21,304,22,305,30,18,73,51,-25,10319,-1,28,54,71,85
20161228 02:11,303,27,304,22,302,38,18,73,51,-25,10319,-1,28,54,71,85
20161228 02:12,305,23,305,21,309,27,18,73,51,-25,10319,-2,28,54,71,85
20161228 02:13,305,15,305,21,301,28,18,73,51,-25,10320,-2,28,54,71,85
20161228 02:14,306,23,306,21,312,36,18,73,51,-25,10320,-2,28,54,70,85
20161228 02:15,305,25,306,21,298,28,18,73,51,-25,10320,-1,28,54,70,85
20161228 02:16,305,18,306,21,312,30,18,73,51,-25,10320,-2,28,54,70,85
20161228 02:17,318,21,307,21,324,32,18,73,51,-25,10320,-1,27,54,70,85
20161228 02:18,312,18,305,21,299,17,18,73,51,-25,10320,-1,27,54,70,85
20161228 02:19,300,18,306,21,300,32,18,74,51,-23,10320,-1,27,54,70,85
20161228 02:20,303,28,306,22,306,42,18,74,51,-23,10320,-1,27,54,70,85
20161228 02:21,305,29,306,21,303,31,18,73,51,-25,10321,0,27,54,70,84
20161228 02:22,301,24,305,22,299,35,18,73,51,-25,10321,0,27,54,70,84
20161228 02:23,301,23,306,23,303,34,18,73,51,-25,10321,0,27,54,70,84
20161228 02:24,299,23,304,22,295,33,18,74,51,-23,10321,0,27,54,70,84
20161228 02:25,295,25,303,23,294,36,18,74,51,-23,10321,0,27,54,70,84
20161228 02:26,290,25,301,24,286,30,18,74,51,-23,10321,0,27,54,70,84
20161228 02:27,295,23,299,24,304,32,18,74,51,-23,10321,0,27,53,70,84
20161228 02:28,301,22,299,24,298,28,18,74,51,-23,10321,0,27,53,70,84
20161228 02:29,300,21,299,24,302,26,18,74,51,-23,10320,-1,27,53,70,84
20161228 02:30,302,21,299,23,302,37,18,74,51,-23,10320,0,27,53,70,84
20161228 02:31,300,28,298,24,298,46,17,74,51,-24,10321,0,27,53,70,84
20161228 02:32,296,29,298,24,293,31,17,74,51,-24,10320,0,27,53,70,84
20161228 02:33,298,24,297,24,302,36,18,74,51,-23,10320,0,27,53,70,84
20161228 02:34,299,25,297,24,295,31,18,74,51,-23,10320,0,27,53,70,84
20161228 02:35,296,25,298,24,296,37,18,74,51,-23,10319,0,26,53,70,84
20161228 02:36,300,29,299,25,304,42,17,74,51,-24,10319,0,26,53,70,84
20161228 02:37,307,28,300,25,310,33,18,74,51,-23,10319,1,26,53,70,84
20161228 02:38,303,25,300,26,296,37,18,74,51,-23,10319,1,26,53,70,84
20161228 02:39,296,24,299,26,297,31,18,74,51,-23,10320,1,26,53,70,84
20161228 02:40,305,19,300,25,313,25,17,75,52,-22,10320,1,26,53,69,84
20161228 02:41,301,21,299,24,289,38,17,75,52,-22,10319,2,26,53,69,84
20161228 02:42,290,27,299,25,291,36,17,75,52,-22,10319,2,26,53,69,84
20161228 02:43,289,25,298,25,287,33,17,75,52,-22,10319,2,26,53,69,84
20161228 02:44,287,26,297,25,287,41,17,75,52,-22,10319,2,26,53,69,84
20161228 02:45,291,28,297,25,295,36,17,75,52,-22,10320,3,26,52,69,84
20161228 02:46,290,25,295,24,286,35,17,75,52,-22,10320,3,26,52,69,84
20161228 02:47,288,26,293,25,290,36,18,75,52,-22,10320,3,26,52,69,84
20161228 02:48,284,24,291,24,278,26,18,75,52,-22,10320,4,26,52,69,84
20161228 02:49,282,17,290,24,286,21,18,75,52,-22,10320,4,26,52,69,84
20161228 02:50,291,17,289,24,296,24,17,75,52,-22,10320,4,26,52,69,84
20161228 02:51,295,21,289,24,294,30,17,76,52,-21,10320,4,26,52,69,84
20161228 02:52,286,19,288,22,277,19,17,76,52,-21,10320,4,26,52,69,84
20161228 02:53,279,16,287,22,280,25,17,76,52,-21,10320,5,26,52,69,84
20161228 02:54,281,18,286,21,282,25,17,76,52,-21,10320,5,26,52,69,84
20161228 02:55,276,18,284,20,270,24,17,76,52,-21,10320,5,26,52,69,83
20161228 02:56,276,19,283,20,281,35,17,77,53,-19,10320,5,26,52,69,83
20161228 02:57,285,19,283,18,289,25,17,76,52,-21,10320,6,26,52,69,83
20161228 02:58,289,15,284,18,288,17,17,76,52,-21,10320,6,26,52,69,83
20161228 02:59,283,12,284,17,279,15,17,77,53,-19,10321,6,26,52,69,83
20161228 03:00,278,15,282,17,278,22,17,77,53,-19,10321,6,26,52,69,83
20161228 03:01,277,20,280,17,276,33,17,77,53,-19,10321,6,26,52,69,83
20161228 03:02,277,19,280,17,278,20,17,77,53,-19,10321,6,26,52,69,83
20161228 03:03,278,17,280,17,278,22,17,77,53,-19,10321,7,26,52,69,83
20161228 03:04,280,17,280,17,281,18,16,77,53,-20,10321,7,26,52,69,83
20161228 03:05,279,15,280,17,276,20,16,77,53,-20,10321,7,26,52,68,83
20161228 03:06,281,15,281,16,287,19,16,78,53,-18,10321,7,26,51,68,83
20161228 03:07,281,15,280,16,276,21,16,78,53,-18,10321,7,26,51,68,83
20161228 03:08,282,16,280,16,288,22,16,78,53,-18,10321,8,27,51,68,83
20161228 03:09,284,15,280,16,279,17,16,78,53,-18,10321,8,27,51,68,83
20161228 03:10,279,18,280,17,279,27,16,78,53,-18,10321,8,27,51,68,83
20161228 03:11,277,19,280,16,274,23,16,78,53,-18,10320,8,27,51,68,83
20161228 03:12,279,15,280,16,284,19,16,78,53,-18,10320,8,27,51,68,83
20161228 03:13,277,17,279,16,270,23,16,78,53,-18,10320,8,27,51,68,83
20161228 03:14,275,18,279,16,280,20,16,78,53,-18,10320,8,27,51,68,83
20161228 03:15,281,18,280,17,282,26,16,78,53,-18,10320,8,27,51,68,83
20161228 03:16,284,18,280,17,286,20,16,78,53,-18,10320,8,27,51,68,83
20161228 03:17,285,17,281,17,285,27,16,78,53,-18,10320,9,27,51,68,83
20161228 03:18,287,17,281,17,290,22,16,78,53,-18,10320,9,27,51,68,83
20161228 03:19,283,16,281,17,277,22,16,78,53,-18,10320,9,27,51,68,83
20161228 03:20,276,18,280,17,276,26,16,78,53,-18,10320,9,27,51,68,83
20161228 03:21,276,19,281,18,277,28,17,78,54,-17,10320,9,27,51,68,83
20161228 03:22,279,20,280,18,280,26,17,78,54,-17,10319,10,27,51,68,83
20161228 03:23,283,18,282,18,285,22,17,78,54,-17,10319,10,27,51,68,83
20161228 03:24,283,19,282,18,281,32,17,78,54,-17,10319,10,27,51,68,83
20161228 03:25,286,22,283,18,291,30,17,78,54,-17,10319,10,27,51,68,83
20161228 03:26,289,22,283,19,287,24,17,78,54,-17,10318,10,28,51,68,82
20161228 03:27,288,19,283,19,289,29,17,78,54,-17,10318,10,28,51,68,82
20161228 03:28,294,23,284,20,299,39,17,78,54,-17,10318,10,28,51,68,82
20161228 03:29,293,26,285,21,288,31,17,78,54,-17,10318,10,28,51,68,82
20161228 03:30,290,23,287,21,293,28,17,77,53,-19,10318,10,28,51,67,82
20161228 03:31,291,22,288,21,289,29,17,77,53,-19,10318,10,28,51,67,82
20161228 03:32,293,24,290,22,297,33,17,77,53,-19,10318,11,28,51,67,82
20161228 03:33,290,22,290,22,283,24,18,77,54,-18,10318,11,28,51,67,82
20161228 03:34,286,16,290,21,288,19,18,77,54,-18,10318,11,28,51,67,82
20161228 03:35,291,16,291,21,293,27,18,77,54,-18,10318,11,28,51,67,82
20161228 03:36,295,16,292,20,298,17,18,77,54,-18,10318,11,28,51,67,82
20161228 03:37,299,13,293,20,300,16,18,77,54,-18,10318,11,28,51,67,82
20161228 03:38,299,17,293,19,297,34,18,77,54,-18,10317,11,28,51,67,82
20161228 03:39,297,18,294,18,297,23,18,77,54,-18,10317,12,28,51,67,82
20161228 03:40,292,19,293,19,288,28,18,77,54,-18,10317,12,28,51,67,82
20161228 03:41,292,20,294,18,295,29,18,77,54,-18,10317,12,28,51,67,82
20161228 03:42,307,23,296,18,318,50,18,77,54,-18,10317,12,28,51,67,82
20161228 03:43,316,28,299,19,314,41,18,76,53,-20,10317,13,28,51,67,82
20161228 03:44,312,22,301,19,310,18,19,76,53,-19,10317,13,29,50,67,82
20161228 03:45,300,17,301,20,289,31,19,76,53,-19,10317,13,29,51,67,82
20161228 03:46,298,21,302,20,308,27,19,76,53,-19,10317,13,29,50,67,82
20161228 03:47,311,19,303,21,315,28,19,76,53,-19,10317,13,29,50,67,82
20161228 03:48,319,17,306,20,322,26,19,76,53,-19,10317,13,29,50,67,82
20161228 03:49,319,23,307,22,315,35,19,76,53,-19,10317,13,29,50,67,82
20161228 03:50,308,29,309,22,301,38,19,75,53,-21,10317,13,29,50,67,82
20161228 03:51,297,31,309,24,294,44,20,75,53,-20,10317,13,29,50,67,82
20161228 03:52,303,30,308,24,312,38,20,74,52,-21,10317,13,29,50,67,82
20161228 03:53,305,24,306,23,298,29,20,74,52,-21,10317,14,29,50,67,82
20161228 03:54,299,22,306,24,301,32,20,74,52,-21,10316,14,29,50,67,82
20161228 03:55,299,21,306,24,297,27,20,74,52,-21,10316,14,29,50,67,82
20161228 03:56,300,19,306,23,304,35,20,74,52,-21,10316,13,29,50,67,82
20161228 03:57,305,18,305,24,306,23,20,74,52,-21,10316,14,29,50,67,82
20161228 03:58,308,20,304,24,311,41,20,75,53,-20,10316,14,29,50,67,81
20161228 03:59,305,23,302,23,300,35,20,74,52,-21,10316,13,29,50,67,81
20161228 04:00,306,22,303,23,312,28,20,74,52,-21,10316,13,29,50,67,81
20161228 04:01,310,21,305,21,308,37,20,74,52,-21,10316,13,29,50,67,81
20161228 04:02,304,21,304,21,301,35,20,74,52,-21,10316,13,29,50,66,81
20161228 04:03,295,22,303,21,290,37,20,74,52,-21,10316,13,29,50,66,81
20161228 04:04,298,24,303,21,305,34,20,74,52,-21,10315,13,29,50,66,81
20161228 04:05,303,30,304,23,300,48,20,74,52,-21,10315,14,30,50,66,81
20161228 04:06,295,29,302,23,289,35,20,74,52,-21,10315,13,30,50,66,81
20161228 04:07,293,25,301,24,298,32,20,74,52,-21,10315,13,30,50,66,81
20161228 04:08,297,22,300,24,297,27,20,74,52,-21,10315,13,30,50,66,81
20161228 04:09,303,21,301,24,308,31,20,74,52,-21,10315,13,30,50,66,81
20161228 04:10,299,23,299,24,291,35,20,74,52,-21,10314,13,30,50,66,81
20161228 04:11,285,22,296,24,279,28,20,74,52,-21,10314,13,30,50,66,81
20161228 04:12,291,23,296,24,303,35,20,75,53,-20,10314,13,30,50,66,81
20161228 04:13,316,25,300,24,329,30,20,75,53,-20,10314,13,30,50,66,81
20161228 04:14,320,19,300,23,310,27,20,74,52,-21,10314,13,30,50,66,81
20161228 04:15,316,17,303,22,322,29,20,75,53,-20,10314,13,30,50,66,81
20161228 04:16,307,20,303,22,291,29,20,75,53,-20,10314,12,30,50,66,81
20161228 04:17,290,19,302,21,289,22,20,75,53,-20,10313,12,30,50,66,81
20161228 04:18,296,18,302,21,303,27,20,75,53,-20,10313,12,30,50,66,81
20161228 04:19,300,16,301,20,297,16,19,75,53,-21,10313,12,30,50,66,81
20161228 04:20,310,15,305,19,323,23,19,75,53,-21,10313,12,30,50,66,81
20161228 04:21,320,18,308,19,317,32,19,76,53,-19,10313,12,30,50,66,81
20161228 04:22,318,19,310,18,318,28,19,75,53,-21,10313,12,30,50,66,81
20161228 04:23,318,21,309,18,318,30,19,75,53,-21,10313,12,30,50,66,81
20161228 04:24,307,22,307,19,296,31,19,75,53,-21,10313,12,30,50,66,81
20161228 04:25,305,21,307,19,314,25,19,75,53,-21,10313,12,30,50,66,81
20161228 04:26,308,18,308,18,301,25,19,75,53,-21,10312,12,30,50,66,81
20161228 04:27,313,16,311,18,324,22,19,75,53,-21,10312,12,30,50,66,81
20161228 04:28,314,13,311,17,303,14,19,75,53,-21,10313,12,30,50,66,81
20161228 04:29,311,11,313,17,319,18,19,75,53,-21,10313,12,30,50,66,81
20161228 04:30,314,17,312,18,308,24,19,76,53,-19,10313,12,30,50,66,81
20161228 04:31,315,23,312,18,321,38,19,75,53,-21,10313,12,30,50,66,81
20161228 04:32,318,23,312,19,314,38,19,75,53,-21,10313,12,30,50,66,81
20161228 04:33,309,21,310,19,304,32,19,75,53,-21,10312,12,30,50,66,80
20161228 04:34,312,27,313,19,319,45,19,75,53,-21,10312,12,30,50,66,80
20161228 04:35,316,26,313,19,312,29,19,75,53,-21,10312,12,30,50,66,80
20161228 04:36,305,18,312,19,297,24,19,75,53,-21,10312,12,30,50,66,80
20161228 04:37,305,19,311,20,312,28,19,75,53,-21,10312,12,30,50,66,80
20161228 04:38,315,27,313,22,319,42,19,75,53,-21,10312,12,30,50,66,80
20161228 04:39,317,29,312,23,315,34,19,75,53,-21,10312,12,30,50,66,80
20161228 04:40,318,30,313,25,321,45,19,75,53,-21,10312,12,30,50,66,80
20161228 04:41,316,30,313,25,312,30,19,75,53,-21,10312,12,30,50,66,80
20161228 04:42,320,24,314,25,328,36,19,75,53,-21,10312,11,30,50,66,80
20161228 04:43,324,25,316,26,320,40,19,75,53,-21,10312,11,30,50,66,80
20161228 04:44,309,24,314,25,299,34,19,75,53,-21,10312,11,30,50,66,80
20161228 04:45,302,23,313,25,305,31,19,75,53,-21,10312,10,30,50,66,80
20161228 04:46,307,23,314,26,308,28,19,75,53,-21,10312,10,30,50,66,80
20161228 04:47,310,24,314,26,311,40,19,75,53,-21,10312,10,30,50,65,80
20161228 04:48,316,26,314,26,320,39,19,75,53,-21,10312,10,30,50,65,80
20161228 04:49,313,24,313,25,307,34,19,74,52,-22,10312,10,30,50,66,80
20161228 04:50,317,23,314,24,327,34,19,75,53,-21,10312,10,30,50,65,80
20161228 04:51,323,26,314,24,319,42,19,75,53,-21,10312,10,30,50,65,80
20161228 04:52,324,30,314,25,328,38,19,75,53,-21,10312,10,30,50,65,80
20161228 04:53,327,27,315,25,327,31,19,74,52,-22,10312,10,30,50,65,80
20161228 04:54,321,21,317,24,314,34,19,75,53,-21,10312,10,30,50,65,80
20161228 04:55,312,23,317,25,310,39,19,75,53,-21,10311,10,30,50,65,80
20161228 04:56,316,28,318,26,321,45,19,75,53,-21,10311,11,30,50,65,80
20161228 04:57,327,27,321,25,334,36,19,75,53,-21,10311,10,30,50,65,80
20161228 04:58,322,24,320,25,310,33,19,75,53,-21,10311,10,30,50,65,80
20161228 04:59,309,23,320,25,308,31,19,75,53,-21,10311,10,30,50,65,80
20161228 05:00,308,22,318,25,307,28,19,75,53,-21,10311,10,30,50,65,80
20161228 05:01,306,19,316,24,304,22,19,74,52,-22,10311,10,30,50,65,80
20161228 05:02,304,15,314,22,304,16,19,75,53,-21,10311,10,30,50,65,80
20161228 05:03,308,15,312,22,311,24,19,75,53,-21,10311,9,30,50,65,80
20161228 05:04,316,23,313,23,320,42,19,75,53,-21,10311,9,30,50,65,80
20161228 05:05,317,28,313,23,315,36,19,75,53,-21,10312,9,30,50,65,80
20161228 05:06,311,26,312,22,308,36,19,75,53,-21,10312,9,30,50,65,80
20161228 05:07,312,25,310,22,315,31,19,75,53,-21,10312,9,30,50,65,80
20161228 05:08,308,25,309,22,302,30,19,74,52,-22,10312,9,30,50,65,80
20161228 05:09,309,25,310,22,316,35,19,75,53,-21,10312,9,30,50,65,80
20161228 05:10,313,26,310,23,309,38,19,74,52,-22,10312,9,29,50,65,80
20161228 05:11,303,27,310,24,297,38,19,74,52,-22,10312,9,29,50,65,80
20161228 05:12,299,24,310,25,302,30,19,75,53,-21,10312,9,29,50,65,79
20161228 05:13,306,24,309,26,310,36,19,75,53,-21,10312,9,29,50,65,79
20161228 05:14,307,28,308,26,304,38,19,75,53,-21,10312,9,29,50,65,79
20161228 05:15,310,29,308,26,316,40,19,74,52,-22,10312,9,29,50,65,79
20161228 05:16,322,30,310,27,326,40,19,74,52,-22,10312,9,29,50,65,79
20161228 05:17,327,33,311,28,328,45,19,74,52,-22,10312,9,29,50,65,79
20161228 05:18,320,31,312,28,311,40,19,74,52,-22,10312,9,29,50,65,79
20161228 05:19,310,25,311,28,309,33,19,74,52,-22,10312,9,29,50,65,79
20161228 05:20,309,24,311,27,309,40,19,74,52,-22,10312,9,29,50,65,79
20161228 05:21,310,34,313,29,311,50,19,74,52,-22,10312,9,29,50,65,79
20161228 05:22,311,33,313,29,311,32,19,74,52,-22,10312,9,29,50,65,79
20161228 05:23,316,27,315,29,322,37,19,74,52,-22,10312,9,29,50,65,79
20161228 05:24,322,27,316,29,322,37,19,74,52,-22,10312,10,29,50,65,79
20161228 05:25,314,23,315,28,306,24,19,74,52,-22,10312,10,29,50,65,79
20161228 05:26,304,22,313,27,302,37,19,74,52,-22,10312,10,29,50,65,79
20161228 05:27,309,27,312,27,315,40,19,74,52,-22,10312,10,29,50,65,79
20161228 05:28,314,27,312,27,314,40,19,74,52,-22,10313,10,29,50,65,79
20161228 05:29,310,24,312,27,306,27,19,74,52,-22,10313,10,29,50,65,79
20161228 05:30,302,25,311,27,298,42,19,74,52,-22,10313,10,29,50,65,79
20161228 05:31,306,26,311,25,313,31,19,74,52,-22,10313,10,29,50,65,79
20161228 05:32,318,26,312,25,323,37,19,74,52,-22,10313,10,29,50,65,79
20161228 05:33,320,28,312,25,316,35,19,74,52,-22,10313,10,29,50,65,79
20161228 05:34,317,25,311,25,318,31,20,74,52,-21,10313,10,29,50,65,79
20161228 05:35,318,25,312,26,318,47,20,74,52,-21,10314,10,29,50,65,79
20161228 05:36,318,29,314,26,319,42,20,74,52,-21,10314,10,29,50,65,79
20161228 05:37,320,34,315,27,321,51,20,74,52,-21,10314,10,29,50,65,79
20161228 05:38,325,35,316,28,328,39,20,74,52,-21,10314,10,29,50,65,79
20161228 05:39,323,28,317,28,318,35,20,74,52,-21,10314,10,29,50,65,79
20161228 05:40,320,28,320,29,323,41,20,74,52,-21,10314,10,29,50,65,79
20161228 05:41,325,31,321,29,327,48,20,74,52,-21,10315,10,29,49,65,79
20161228 05:42,324,27,321,29,320,43,20,74,52,-21,10315,10,29,50,65,79
20161228 05:43,317,22,320,28,313,37,20,74,52,-21,10315,11,29,50,65,79
20161228 05:44,315,24,320,29,316,37,20,74,52,-21,10315,11,29,49,64,79
20161228 05:45,320,28,321,29,324,46,20,74,52,-21,10315,11,29,49,64,79
20161228 05:46,320,27,320,28,315,45,20,74,52,-21,10315,11,29,49,64,79
20161228 05:47,324,30,322,28,332,52,20,74,52,-21,10315,11,29,49,64,79
20161228 05:48,327,29,321,27,323,29,20,74,52,-21,10315,11,29,49,64,79
20161228 05:49,318,25,321,27,314,42,20,74,52,-21,10315,12,29,49,64,79
20161228 05:50,313,27,320,27,312,36,20,74,52,-21,10315,12,29,49,64,79
20161228 05:51,321,31,320,27,329,48,20,74,52,-21,10316,12,29,49,64,79
20161228 05:52,322,32,319,28,316,44,20,74,52,-21,10316,12,29,49,64,79
20161228 05:53,320,26,320,28,324,32,21,74,53,-20,10316,12,29,49,64,79
20161228 05:54,323,31,321,29,322,50,21,74,53,-20,10316,12,29,49,64,79
20161228 05:55,320,34,320,29,317,42,21,74,53,-20,10316,13,29,49,64,79
20161228 05:56,320,28,321,29,323,39,21,74,53,-20,10316,13,29,49,64,79
20161228 05:57,328,24,321,28,334,33,21,74,53,-20,10316,13,29,49,64,78
20161228 05:58,326,21,321,28,317,28,21,74,53,-20,10316,13,29,49,64,78
20161228 05:59,316,20,321,27,315,35,21,74,53,-20,10316,13,29,49,64,78
20161228 06:00,315,26,321,27,316,40,21,74,53,-20,10316,13,29,49,64,78
20161228 06:01,319,30,320,27,321,37,21,74,53,-20,10316,13,29,49,64,78
20161228 06:02,325,29,322,27,328,44,21,74,53,-20,10316,13,29,49,64,78
20161228 06:03,323,32,321,28,318,51,21,74,53,-20,10316,13,29,49,64,78
20161228 06:04,323,32,322,27,328,40,21,74,53,-20,10317,14,29,49,64,78
20161228 06:05,329,33,323,28,331,46,21,74,53,-20,10317,14,29,49,64,78
20161228 06:06,328,34,323,28,325,37,21,74,53,-20,10317,14,29,49,64,78
20161228 06:07,329,31,323,29,332,42,22,74,53,-19,10317,14,29,49,64,78
20161228 06:08,326,31,323,30,320,40,22,73,52,-21,10317,14,29,49,64,78
20161228 06:09,322,28,324,31,324,37,22,74,53,-19,10317,14,29,49,64,78
20161228 06:10,323,27,325,31,322,40,22,74,53,-19,10317,14,29,49,64,78
20161228 06:11,319,28,325,30,317,41,22,74,53,-19,10316,14,29,49,64,78
20161228 06:12,320,33,324,31,323,47,22,74,53,-19,10316,14,29,49,64,78
20161228 06:13,319,32,324,31,314,41,22,73,52,-21,10316,14,29,49,64,78
20161228 06:14,317,26,323,30,320,29,22,73,52,-21,10316,14,29,49,64,78
20161228 06:15,317,27,321,29,314,38,22,74,53,-19,10316,14,29,49,64,78
20161228 06:16,317,33,320,30,319,49,22,74,53,-19,10316,14,29,49,64,78
20161228 06:17,323,36,320,30,327,50,22,74,53,-19,10316,13,29,49,64,78
20161228 06:18,319,35,319,31,311,47,22,74,53,-19,10316,13,29,49,64,78
20161228 06:19,317,33,319,31,322,43,22,74,53,-19,10316,13,29,49,64,78
20161228 06:20,319,29,318,31,316,36,21,74,53,-20,10316,13,29,49,64,78
20161228 06:21,316,27,318,31,316,40,21,74,53,-20,10317,13,29,49,64,78
20161228 06:22,312,31,317,31,308,41,21,74,53,-20,10317,12,29,49,64,78
20161228 06:23,315,35,318,32,322,53,21,73,52,-22,10317,12,29,49,64,78
20161228 06:24,323,32,318,32,323,31,21,73,52,-22,10317,12,29,49,64,78
20161228 06:25,320,23,318,31,317,28,21,73,52,-22,10317,12,29,49,64,78
20161228 06:26,316,26,318,31,316,47,21,74,53,-20,10317,12,29,49,64,78
20161228 06:27,317,34,317,31,318,53,21,74,53,-20,10316,12,29,49,64,78
20161228 06:28,317,36,317,31,315,41,21,74,53,-20,10316,12,29,49,64,78
20161228 06:29,313,33,316,31,310,40,21,74,53,-20,10316,12,29,49,64,78
20161228 06:30,315,33,317,32,321,53,21,74,53,-20,10316,12,29,49,64,78
20161228 06:31,315,36,316,32,310,48,21,74,53,-20,10316,12,29,49,64,78
20161228 06:32,310,35,316,32,311,42,21,74,53,-20,10316,12,29,49,64,78
20161228 06:33,311,31,315,32,312,43,21,74,53,-20,10316,12,29,49,64,78
20161228 06:34,317,30,315,32,322,40,21,74,53,-20,10315,11,29,49,64,78
20161228 06:35,320,28,315,33,317,39,21,74,53,-20,10315,11,29,49,64,78
20161228 06:36,320,28,316,33,322,36,21,74,53,-20,10315,11,29,49,64,78
20161228 06:37,321,28,316,31,320,32,21,74,53,-20,10315,11,29,49,64,78
20161228 06:38,317,29,316,31,315,42,21,74,53,-20,10315,11,29,49,64,78
20161228 06:39,318,32,317,31,320,43,21,74,53,-20,10316,11,29,49,64,78
20161228 06:40,320,33,317,31,319,43,21,74,53,-20,10316,11,29,49,63,78
20161228 06:41,316,30,317,30,313,36,21,74,53,-20,10316,12,29,49,63,78
20161228 06:42,314,25,318,29,316,35,21,74,53,-20,10316,12,29,49,64,78
20161228 06:43,317,23,318,28,318,31,21,74,53,-20,10316,12,29,49,63,78
20161228 06:44,313,26,317,28,307,39,21,74,53,-20,10316,12,29,49,63,78
20161228 06:45,309,27,316,28,310,33,21,74,53,-20,10316,12,29,49,63,78
20161228 06:46,306,26,314,28,303,39,21,74,53,-20,10316,12,29,49,63,78
20161228 06:47,302,26,312,28,302,34,21,74,53,-20,10316,12,29,49,63,78
20161228 06:48,304,24,311,27,306,31,21,74,53,-20,10316,12,29,49,63,77
20161228 06:49,309,19,311,25,312,18,21,74,53,-20,10316,12,29,49,63,77
20161228 06:50,320,19,311,24,327,45,21,74,53,-20,10316,13,29,49,63,77
20161228 06:51,323,27,312,24,319,47,21,74,53,-20,10317,13,29,49,63,77
20161228 06:52,313,30,311,25,307,41,22,74,53,-19,10317,13,29,49,63,77
20161228 06:53,313,30,311,26,319,47,22,74,53,-19,10317,13,29,49,63,77
20161228 06:54,311,26,311,25,303,34,22,74,53,-19,10317,13,29,49,63,77
20161228 06:55,303,21,310,25,303,33,22,74,53,-19,10317,13,29,49,63,77
20161228 06:56,310,18,311,23,317,24,22,74,53,-19,10317,14,29,49,63,77
20161228 06:57,316,15,313,23,315,20,22,74,53,-19,10317,14,29,49,63,77
20161228 06:58,313,17,313,22,310,31,22,74,53,-19,10317,14,29,49,63,77
20161228 06:59,313,23,313,23,315,38,22,74,53,-19,10316,14,29,49,63,77
20161228 07:00,311,29,311,24,306,37,22,74,53,-19,10316,14,29,49,63,77
20161228 07:01,304,27,310,23,303,32,22,74,53,-19,10316,15,29,49,63,77
20161228 07:02,308,22,310,22,313,26,22,74,53,-19,10317,15,29,49,63,77
20161228 07:03,310,25,309,22,308,42,22,74,53,-19,10317,15,29,49,63,77
20161228 07:04,308,30,310,23,309,40,22,74,53,-19,10317,15,29,49,63,77
20161228 07:05,314,31,312,24,320,41,22,74,53,-19,10317,15,29,49,63,77
20161228 07:06,322,27,312,25,325,32,22,74,53,-19,10317,16,29,49,63,77
20161228 07:07,315,24,311,26,306,41,23,74,53,-19,10317,16,29,49,63,77
20161228 07:08,311,28,312,27,315,43,23,74,53,-19,10317,16,29,49,63,77
20161228 07:09,316,31,312,28,317,49,23,74,53,-19,10317,16,29,49,63,77
20161228 07:10,312,31,312,28,307,43,23,74,53,-19,10317,16,29,49,63,77
20161228 07:11,313,27,314,28,320,32,23,74,53,-19,10317,16,29,48,63,77
20161228 07:12,316,24,314,28,313,34,23,74,53,-19,10316,16,29,49,63,77
20161228 07:13,317,26,315,28,322,37,23,74,53,-19,10317,17,29,48,63,77
20161228 07:14,317,28,316,28,312,36,23,74,53,-19,10317,17,29,48,63,77
20161228 07:15,320,27,316,27,327,30,23,74,53,-19,10317,17,29,48,63,77
20161228 07:16,325,24,316,27,322,30,23,74,53,-19,10317,17,30,48,63,77
20161228 07:17,317,24,317,27,311,34,23,74,53,-19,10318,17,30,48,63,77
20161228 07:18,313,25,317,27,315,49,23,74,53,-19,10318,17,30,48,63,77
20161228 07:19,317,28,317,26,320,35,23,74,53,-19,10317,18,30,48,63,77
20161228 07:20,319,27,318,26,318,33,23,74,53,-19,10317,18,30,48,63,77
20161228 07:21,316,27,317,26,313,35,23,74,53,-19,10317,18,30,48,63,77
20161228 07:22,317,30,318,27,322,47,24,74,54,-18,10317,18,30,48,63,77
20161228 07:23,315,30,317,27,309,44,24,74,54,-18,10317,19,30,48,63,77
20161228 07:24,310,25,317,26,311,29,24,73,53,-19,10317,19,30,48,63,77
20161228 07:25,310,20,315,26,309,26,24,73,53,-19,10317,19,30,48,63,77
20161228 07:26,316,23,315,26,322,40,24,73,53,-19,10317,19,30,48,63,77
20161228 07:27,307,26,313,26,292,34,24,73,53,-19,10317,20,30,48,63,77
20161228 07:28,301,24,313,26,310,32,24,73,53,-19,10318,20,30,48,63,77
20161228 07:29,310,19,312,24,309,23,24,73,53,-19,10318,20,30,48,63,77
20161228 07:30,315,15,312,23,320,25,24,73,53,-19,10318,20,30,48,63,77
20161228 07:31,316,20,312,23,312,34,24,74,54,-18,10318,21,30,48,63,77
20161228 07:32,317,22,312,22,322,30,24,73,53,-19,10318,21,30,48,63,77
20161228 07:33,323,27,313,22,323,40,24,73,53,-19,10318,21,30,48,63,77
20161228 07:34,314,28,312,22,305,36,25,73,53,-18,10318,21,30,48,63,77
20161228 07:35,315,23,314,23,326,36,25,73,53,-18,10318,22,30,48,63,77
20161228 07:36,322,23,314,23,319,31,25,73,53,-18,10318,22,31,48,63,77
20161228 07:37,312,22,315,22,305,28,25,73,53,-18,10318,22,31,48,63,77
20161228 07:38,307,26,315,23,309,46,25,73,53,-18,10318,22,31,48,63,77
20161228 07:39,311,28,316,24,314,38,25,73,53,-18,10318,23,31,48,63,77
20161228 07:40,314,30,315,26,313,44,25,72,53,-20,10318,23,31,48,63,77
20161228 07:41,308,28,314,26,303,32,25,72,53,-20,10317,23,31,48,63,77
20161228 07:42,300,24,311,26,297,31,25,72,53,-20,10317,23,31,48,63,76
20161228 07:43,297,21,309,25,297,29,25,72,53,-20,10317,24,31,48,63,76
20161228 07:44,307,21,310,25,317,43,26,72,53,-19,10317,24,31,48,63,76
20161228 07:45,318,27,309,25,318,46,26,73,54,-17,10318,24,31,48,63,76
20161228 07:46,321,26,310,25,323,30,26,73,54,-17,10318,24,31,48,63,76
20161228 07:47,321,24,311,26,319,37,26,73,54,-17,10318,24,31,48,63,76
20161228 07:48,320,28,312,26,322,40,26,73,54,-17,10318,25,31,48,63,76
20161228 07:49,321,30,313,26,321,38,26,72,53,-19,10318,25,32,48,63,76
20161228 07:50,324,31,314,26,327,44,26,72,53,-19,10318,25,32,48,62,76
20161228 07:51,321,31,316,27,315,39,26,72,53,-19,10318,25,32,48,62,76
20161228 07:52,319,34,318,28,322,48,26,72,53,-19,10318,26,32,48,63,76
20161228 07:53,325,38,321,30,328,49,26,72,53,-19,10318,26,32,48,63,76
20161228 07:54,320,30,321,30,312,38,26,72,53,-19,10318,26,32,48,62,76
20161228 07:55,321,23,322,29,330,37,27,72,53,-18,10318,26,32,48,62,76
20161228 07:56,328,25,322,30,327,38,27,72,53,-18,10319,26,32,48,62,76
20161228 07:57,323,25,322,29,319,36,27,72,53,-18,10319,27,32,48,62,76
20161228 07:58,320,22,322,28,321,28,27,72,53,-18,10320,27,32,48,62,76
20161228 07:59,328,25,324,28,335,41,27,72,53,-18,10320,27,32,49,62,76
20161228 08:00,339,26,325,27,343,27,27,72,53,-18,10320,27,32,48,62,76
20161228 08:01,339,20,327,26,334,32,27,72,53,-18,10320,27,33,49,62,76
20161228 08:02,330,19,328,24,327,32,28,72,54,-17,10320,28,33,49,62,76
20161228 08:03,334,21,329,23,341,30,28,72,54,-17,10320,28,33,49,62,76
20161228 08:04,323,20,328,22,306,24,28,72,54,-17,10320,28,33,49,62,76
20161228 08:05,316,18,328,22,326,23,28,72,54,-17,10320,28,33,49,62,76
20161228 08:06,337,14,330,20,349,16,28,72,54,-17,10320,28,33,49,62,76
20161228 08:07,337,15,331,20,325,32,28,72,54,-17,10321,29,33,49,62,76
20161228 08:08,328,24,332,21,330,42,28,72,54,-17,10321,29,33,49,62,76
20161228 08:09,335,30,332,21,339,42,29,72,54,-16,10321,29,33,49,62,76
20161228 08:10,339,27,332,21,339,31,29,71,53,-18,10321,29,33,49,62,76
20161228 08:11,345,22,333,21,352,32,29,71,53,-18,10321,30,33,49,62,76
20161228 08:12,348,24,335,22,344,37,29,72,54,-16,10321,30,34,49,62,76
20161228 08:13,336,28,334,23,328,39,29,72,54,-16,10321,30,34,49,62,76
20161228 08:14,330,31,336,24,333,47,29,72,54,-16,10321,30,34,49,62,76
20161228 08:15,336,34,338,26,338,44,29,71,53,-18,10321,31,34,49,62,76
20161228 08:16,337,28,336,27,336,29,29,71,53,-18,10321,31,34,49,62,76
20161228 08:17,332,22,337,27,329,29,30,71,54,-17,10321,31,34,49,62,76
20161228 08:18,338,23,338,27,347,36,30,71,54,-17,10321,31,34,49,62,76
20161228 08:19,339,21,338,25,332,27,30,71,54,-17,10321,31,34,49,62,76
20161228 08:20,336,23,338,26,341,46,30,71,54,-17,10321,32,34,49,62,76
20161228 08:21,334,25,335,26,327,36,30,71,54,-17,10322,32,34,49,62,76
20161228 08:22,335,23,335,26,342,44,30,71,54,-17,10322,32,35,49,62,76
20161228 08:23,342,33,337,27,343,50,30,71,54,-17,10322,33,35,49,62,76
20161228 08:24,339,40,337,27,336,49,30,70,53,-19,10322,33,35,49,62,76
20161228 08:25,345,30,339,26,355,32,31,70,53,-18,10322,33,35,49,62,76
20161228 08:26,342,23,338,26,329,33,31,70,53,-18,10321,34,35,49,62,76
20161228 08:27,328,24,338,27,328,32,31,70,53,-18,10321,34,35,49,62,76
20161228 08:28,332,29,337,28,335,44,31,70,53,-18,10321,34,35,49,62,76
20161228 08:29,340,33,338,29,344,40,31,70,53,-18,10321,35,35,49,62,76
20161228 08:30,338,28,337,29,332,37,31,69,53,-20,10322,35,35,49,62,76
20161228 08:31,337,28,339,30,343,45,31,70,53,-18,10322,35,35,49,62,76
20161228 08:32,341,24,338,29,338,31,31,70,53,-18,10322,36,36,49,62,76
20161228 08:33,341,22,338,27,343,52,31,70,53,-18,10322,36,36,49,62,76
20161228 08:34,339,35,338,28,334,52,32,70,54,-17,10322,36,36,49,62,76
20161228 08:35,336,36,336,28,337,37,32,69,53,-19,10322,36,36,49,62,76
20161228 08:36,338,30,337,29,339,42,32,69,53,-19,10321,37,36,49,62,76
20161228 08:37,340,26,339,29,342,33,32,69,53,-19,10321,38,36,49,62,76
20161228 08:38,349,22,341,28,356,35,32,69,53,-19,10321,38,36,49,62,76
20161228 08:39,349,23,341,27,343,34,32,69,53,-19,10322,39,36,49,62,76
20161228 08:40,342,24,342,27,342,35,33,69,53,-18,10322,40,36,49,62,76
20161228 08:41,341,29,341,27,340,42,33,69,53,-18,10323,40,37,49,62,76
20161228 08:42,344,34,342,29,349,50,33,69,53,-18,10323,40,37,49,62,76
20161228 08:43,350,30,343,29,351,31,33,69,53,-18,10323,40,37,49,62,76
20161228 08:44,348,25,344,27,345,34,33,69,53,-18,10323,41,37,49,62,76
20161228 08:45,346,30,345,28,346,48,33,69,53,-18,10322,41,37,49,62,75
20161228 08:46,345,34,346,28,344,44,34,69,54,-17,10322,42,37,49,62,75
20161228 08:47,342,32,346,29,340,42,34,69,54,-17,10321,43,37,50,62,75
20161228 08:48,341,35,344,30,341,51,34,69,54,-17,10321,44,38,50,62,75
20161228 08:49,341,35,344,31,341,41,34,69,54,-17,10321,44,38,50,62,75
20161228 08:50,348,30,345,32,354,38,34,69,54,-17,10322,45,38,50,62,75
20161228 08:51,353,27,346,31,351,41,35,69,54,-16,10322,46,38,50,62,75
20161228 08:52,352,24,347,30,354,33,35,69,54,-16,10323,47,38,50,62,75
20161228 08:53,347,28,345,30,339,43,35,69,54,-16,10323,47,38,50,62,75
20161228 08:54,342,31,346,31,346,42,35,68,53,-18,10323,47,38,50,62,75
20161228 08:55,345,30,345,30,345,45,36,68,54,-17,10323,48,39,50,62,75
20161228 08:56,344,32,345,30,343,47,36,68,54,-17,10323,51,39,50,62,75
20161228 08:57,347,30,346,30,350,47,36,68,54,-17,10323,56,39,50,62,75
20161228 08:58,348,30,347,29,346,43,36,67,53,-19,10323,55,39,50,62,75
20161228 08:59,346,27,347,29,346,29,37,68,54,-17,10323,55,39,50,62,75
20161228 09:00,341,29,346,29,335,49,37,68,54,-17,10323,55,40,50,62,75
20161228 09:01,333,34,344,30,331,45,37,67,53,-19,10323,56,40,50,62,75
20161228 09:02,337,37,342,32,343,48,37,67,53,-19,10323,56,40,50,62,75
20161228 09:03,339,35,342,31,336,43,38,67,54,-18,10323,55,40,50,62,75
20161228 09:04,334,34,341,32,333,48,38,67,54,-18,10323,56,40,50,62,75
20161228 09:05,338,32,341,32,343,35,38,67,54,-18,10323,56,41,50,62,75
20161228 09:06,343,28,341,31,344,47,38,67,54,-18,10323,56,41,50,62,75
20161228 09:07,342,34,340,32,340,50,38,67,54,-18,10323,57,41,50,62,75
20161228 09:08,335,35,338,33,329,48,39,66,53,-19,10324,58,41,50,62,75
20161228 09:09,338,26,338,32,347,25,39,67,54,-17,10324,58,42,50,62,75
20161228 09:10,350,27,340,32,353,55,39,67,54,-17,10324,59,42,50,62,75
20161228 09:11,352,38,342,33,352,58,39,66,53,-19,10324,59,42,51,62,75
20161228 09:12,349,36,342,32,346,56,39,65,52,-21,10324,60,42,51,62,75
20161228 09:13,340,31,342,32,335,41,40,66,54,-18,10324,61,43,51,62,75
20161228 09:14,337,30,343,31,339,44,40,66,54,-18,10324,61,43,51,62,75
20161228 09:15,345,32,344,32,352,51,40,66,54,-18,10324,60,43,51,62,75
20161228 09:16,349,32,344,32,347,41,40,65,53,-20,10324,61,43,51,62,75
20161228 09:17,348,29,345,31,350,43,40,65,53,-20,10324,61,44,51,62,75
20161228 09:18,347,24,347,30,344,38,41,66,54,-17,10324,63,44,51,62,75
20161228 09:19,347,25,347,31,349,40,41,66,54,-17,10324,65,44,51,62,75
20161228 09:20,345,28,346,30,341,36,41,66,54,-17,10324,65,44,51,62,75
20161228 09:21,348,28,346,29,355,35,41,66,54,-17,10325,66,45,51,62,75
20161228 09:22,353,29,346,29,351,39,41,66,54,-17,10325,66,45,51,62,75
20161228 09:23,348,27,347,28,343,38,42,66,54,-16,10325,66,45,51,62,75
20161228 09:24,345,28,348,28,346,54,42,66,54,-16,10325,66,45,51,62,75
20161228 09:25,346,31,347,28,346,41,42,65,54,-18,10325,66,46,51,62,75
20161228 09:26,336,34,345,29,325,51,42,65,54,-18,10325,67,46,51,62,75
20161228 09:27,331,40,344,30,338,59,42,65,54,-18,10325,67,46,52,62,75
20161228 09:28,339,41,344,32,341,53,42,65,54,-18,10325,66,46,52,62,75
20161228 09:29,335,37,342,33,329,45,42,65,54,-18,10325,66,47,52,62,75
20161228 09:30,333,39,341,34,337,61,42,65,54,-18,10325,66,47,52,63,75
20161228 09:31,338,40,340,35,339,55,42,64,53,-20,10325,66,47,52,62,75
20161228 09:32,342,38,339,36,346,51,42,65,54,-18,10325,67,47,52,63,75
20161228 09:33,345,40,339,38,344,57,42,65,54,-18,10326,67,48,52,63,75
20161228 09:34,342,38,339,38,340,51,43,65,54,-17,10326,67,48,52,63,75
20161228 09:35,347,31,339,37,353,42,43,65,54,-17,10325,67,48,52,63,75
20161228 09:36,345,33,340,38,337,49,43,65,54,-17,10325,67,48,52,63,75
20161228 09:37,345,36,342,37,353,40,44,65,54,-16,10325,68,49,52,63,75
20161228 09:38,348,28,342,35,342,35,44,65,54,-16,10325,67,49,52,63,75
20161228 09:39,341,28,343,35,339,41,44,65,54,-16,10325,69,49,52,63,75
20161228 09:40,343,35,344,34,346,47,44,65,54,-16,10325,69,49,53,63,75
20161228 09:41,346,34,345,33,346,40,44,65,54,-16,10325,68,50,53,63,75
20161228 09:42,351,26,345,32,355,37,45,65,55,-15,10325,70,50,53,63,75
20161228 09:43,342,26,344,31,328,33,45,65,55,-15,10325,71,50,53,63,75
20161228 09:44,338,27,345,30,348,38,45,65,55,-15,10325,71,50,53,63,75
20161228 09:45,347,30,344,30,345,47,45,65,55,-15,10325,72,51,53,63,75
20161228 09:46,352,35,346,30,358,50,45,64,54,-17,10325,71,51,53,63,75
20161228 09:47,359,32,347,30,359,37,45,64,54,-17,10325,71,51,53,63,75
20161228 09:48,1,29,349,30,3,44,45,64,54,-17,10326,72,51,53,63,75
20161228 09:49,358,31,350,31,353,36,45,64,54,-17,10326,72,51,53,63,75
20161228 09:50,347,30,350,29,341,42,45,64,54,-17,10326,73,52,53,63,75
20161228 09:51,345,32,350,30,349,41,45,64,54,-17,10326,73,52,54,63,75
20161228 09:52,351,27,350,30,353,32,45,63,53,-19,10325,72,52,54,63,75
20161228 09:53,0,24,354,30,7,42,46,64,54,-16,10325,74,52,54,63,75
20161228 09:54,3,29,355,30,358,45,46,64,54,-16,10325,74,52,54,63,75
20161228 09:55,349,33,354,30,340,44,46,64,54,-16,10325,75,53,54,63,75
20161228 09:56,341,36,353,30,343,47,46,64,54,-16,10325,76,53,54,63,75
20161228 09:57,346,34,352,31,350,41,46,64,54,-16,10325,76,53,54,63,75
20161228 09:58,353,28,351,30,356,36,46,64,54,-16,10325,77,53,54,63,75
20161228 09:59,358,23,352,29,1,28,46,63,53,-18,10325,77,53,54,63,75
20161228 10:00,356,23,353,29,352,42,47,63,54,-17,10325,77,54,54,63,75
20161228 10:01,347,24,352,28,342,37,47,64,55,-15,10325,77,54,54,63,75
20161228 10:02,340,23,351,28,338,28,47,64,55,-15,10325,77,54,55,63,75
20161228 10:03,342,23,348,27,345,35,48,65,56,-12,10325,77,54,55,63,75
20161228 10:04,345,20,347,26,345,21,48,65,56,-12,10325,78,55,55,63,75
20161228 10:05,343,22,347,25,340,42,48,64,55,-14,10325,79,55,55,63,75
20161228 10:06,342,31,347,25,345,44,48,64,55,-14,10325,78,55,55,63,75
20161228 10:07,350,33,348,25,356,36,48,63,54,-16,10325,77,55,55,63,75
20161228 10:08,2,31,349,26,8,39,48,63,54,-16,10325,76,56,55,63,75
20161228 10:09,358,27,348,26,347,40,48,63,54,-16,10325,78,56,55,63,75
20161228 10:10,348,30,347,27,348,44,48,64,55,-14,10325,77,56,55,64,75
20161228 10:11,340,32,346,28,331,45,48,63,54,-16,10325,77,56,55,64,75
20161228 10:12,343,27,348,28,355,48,48,64,55,-14,10324,77,56,56,64,75
20161228 10:13,348,25,348,28,341,45,49,65,56,-11,10324,78,57,56,64,75
20161228 10:14,347,27,348,29,353,35,49,65,56,-11,10324,78,57,56,64,75
20161228 10:15,2,31,351,30,11,45,49,64,55,-13,10324,79,57,56,64,75
20161228 10:16,4,28,353,29,356,34,49,64,55,-13,10324,80,57,56,64,75
20161228 10:17,352,24,352,28,348,37,49,64,55,-13,10324,81,57,56,64,75
20161228 10:18,340,27,348,28,333,40,50,64,56,-12,10324,82,58,56,64,75
20161228 10:19,332,35,347,29,332,51,50,64,56,-12,10324,82,58,56,64,75
20161228 10:20,330,36,345,29,328,45,50,63,55,-15,10324,81,58,56,64,75
20161228 10:21,332,36,345,30,337,46,50,62,54,-17,10324,80,58,57,64,75
20161228 10:22,345,38,345,31,353,50,50,63,55,-15,10324,81,58,57,64,75
20161228 10:23,348,38,345,33,343,51,50,63,55,-15,10324,82,59,57,64,75
20161228 10:24,338,38,343,33,333,52,49,62,54,-18,10324,83,59,57,64,75
20161228 10:25,342,35,341,33,352,51,50,63,55,-15,10324,84,59,57,64,75
20161228 10:26,1,32,343,34,9,50,50,63,55,-15,10323,85,59,57,64,75
20161228 10:27,356,35,342,36,344,59,50,63,55,-15,10323,88,59,57,64,75
20161228 10:28,348,35,344,36,352,48,50,63,55,-15,10323,89,60,57,64,75
20161228 10:29,354,32,347,35,357,47,51,63,55,-14,10323,88,60,57,64,75
20161228 10:30,355,40,349,36,353,59,51,63,55,-14,10323,89,60,57,64,75
20161228 10:31,345,46,349,37,338,54,51,62,54,-16,10323,93,60,58,64,75
20161228 10:32,340,43,348,37,341,55,51,62,54,-16,10323,97,60,58,65,75
20161228 10:33,340,37,348,37,339,43,52,62,55,-15,10323,98,61,58,65,75
20161228 10:34,345,31,350,36,352,37,52,63,56,-13,10323,100,61,58,65,75
20161228 10:35,344,33,348,36,336,48,53,63,56,-12,10323,101,61,58,65,75
20161228 10:36,343,39,346,37,351,52,53,62,55,-14,10323,100,61,58,65,75
20161228 10:37,354,37,348,37,357,51,53,61,54,-16,10323,99,62,58,65,75
20161228 10:38,357,32,348,37,357,40,53,62,55,-14,10323,99,62,58,65,75
20161228 10:39,4,33,349,37,11,49,53,62,55,-14,10323,99,62,59,65,75
20161228 10:40,9,36,351,36,7,49,54,62,56,-13,10322,98,63,59,65,75
20161228 10:41,3,37,353,36,359,52,54,61,55,-15,10322,98,63,59,65,75
20161228 10:42,354,37,354,35,349,49,54,61,55,-15,10322,98,63,59,65,75
20161228 10:43,354,32,356,35,359,39,54,62,56,-13,10322,100,64,59,65,75
20161228 10:44,1,35,357,36,2,50,54,61,55,-15,10322,102,64,59,65,75
20161228 10:45,5,33,0,35,8,39,54,61,55,-15,10322,102,64,59,65,75
20161228 10:46,3,26,1,33,358,41,54,62,56,-13,10322,104,65,59,65,75
20161228 10:47,350,31,359,33,342,44,55,62,56,-12,10321,106,65,59,65,75
20161228 10:48,349,31,359,33,356,32,55,61,55,-14,10321,108,65,59,65,75
20161228 10:49,9,27,0,32,22,36,56,61,55,-13,10321,109,66,60,65,75
20161228 10:50,19,23,1,30,15,30,56,62,56,-11,10321,111,66,60,65,75
20161228 10:51,13,26,2,30,11,48,57,63,58,-8,10321,111,66,60,65,75
20161228 10:52,16,36,5,30,20,47,56,61,55,-13,10322,108,67,60,66,75
20161228 10:53,15,34,6,30,10,42,56,61,55,-13,10322,107,67,60,65,75
20161228 10:54,20,28,9,29,29,35,56,61,55,-13,10322,108,67,60,66,75
20161228 10:55,9,27,7,29,349,44,57,62,57,-10,10322,110,68,60,66,75
20161228 10:56,343,32,5,30,337,49,57,61,56,-12,10322,111,68,60,66,75
20161228 10:57,335,35,4,30,333,45,57,60,55,-15,10322,112,68,61,66,75
20161228 10:58,342,34,4,30,352,45,57,59,54,-17,10321,113,69,61,66,75
20161228 10:59,348,37,0,32,344,49,56,59,54,-18,10321,112,69,61,66,75
20161228 11:00,339,32,356,32,334,38,57,60,55,-15,10321,111,69,61,66,75
20161228 11:01,345,26,354,32,356,41,57,60,55,-15,10321,113,70,61,66,75
20161228 11:02,1,30,353,31,5,45,57,60,55,-15,10321,114,70,61,66,75
20161228 11:03,0,33,351,32,355,39,57,60,55,-15,10321,114,71,61,66,75
20161228 11:04,6,30,350,31,18,31,57,59,54,-17,10321,115,71,61,66,75
20161228 11:05,19,24,353,31,20,30,57,60,55,-15,10320,115,71,62,66,75
20161228 11:06,5,19,355,29,350,23,57,59,54,-17,10321,115,72,62,66,75
20161228 11:07,357,17,358,27,4,25,58,60,55,-14,10321,118,72,62,66,75
20161228 11:08,354,22,357,27,345,42,58,60,55,-14,10321,119,72,62,66,75
20161228 11:09,355,28,359,26,5,45,59,60,56,-13,10321,119,73,62,66,75
20161228 11:10,355,34,0,27,344,50,59,60,56,-13,10321,118,73,62,67,75
20161228 11:11,352,36,1,28,0,40,59,59,55,-15,10320,120,73,62,67,75
20161228 11:12,349,28,358,27,339,29,59,59,55,-15,10320,123,74,63,67,75
20161228 11:13,344,22,357,25,348,31,59,59,55,-15,10320,126,74,63,67,75
20161228 11:14,356,25,356,26,4,37,60,61,57,-9,10319,127,75,63,67,75
20161228 11:15,356,28,353,26,347,39,60,60,56,-12,10319,126,75,63,67,75
20161228 11:16,1,28,355,28,14,53,60,59,55,-14,10319,126,75,63,67,76
20161228 11:17,14,38,356,30,15,64,60,60,56,-12,10319,122,76,63,67,76
20161228 11:18,15,35,359,30,15,32,59,59,55,-15,10319,119,76,63,67,76
20161228 11:19,359,24,357,30,344,35,59,59,55,-15,10319,122,76,64,67,76
20161228 11:20,339,29,356,29,335,42,59,59,55,-15,10319,124,77,64,67,76
20161228 11:21,331,32,353,29,326,39,60,59,55,-14,10319,123,77,64,67,76
20161228 11:22,339,25,354,29,352,31,60,60,56,-12,10318,125,78,64,67,76
20161228 11:23,345,28,353,30,339,45,61,60,56,-11,10318,124,78,64,67,76
20161228 11:24,336,34,350,30,333,44,60,59,55,-14,10318,124,78,64,67,76
20161228 11:25,341,35,350,31,350,58,60,59,55,-14,10317,125,79,65,68,76
20161228 11:26,346,36,347,32,342,50,60,60,56,-12,10317,123,79,65,68,76
20161228 11:27,344,35,344,31,345,48,60,60,56,-12,10316,122,79,65,68,76
20161228 11:28,351,34,342,32,356,43,60,59,55,-14,10316,121,80,65,68,76
20161228 11:29,355,34,343,33,354,42,60,59,55,-14,10316,122,80,65,68,76
20161228 11:30,5,27,347,31,16,28,60,59,55,-14,10316,123,80,65,68,76
20161228 11:31,1,23,349,31,345,39,60,60,56,-12,10316,123,81,66,68,76
20161228 11:32,342,34,348,33,339,57,61,62,58,-6,10316,123,81,66,68,76
20161228 11:33,352,40,350,34,4,55,61,60,56,-11,10316,123,81,66,68,76
20161228 11:34,355,35,352,33,346,43,61,60,56,-11,10316,126,82,66,68,76
20161228 11:35,342,34,350,33,338,51,61,60,56,-11,10316,126,82,66,68,76
20161228 11:36,352,33,353,33,7,41,61,59,56,-13,10316,126,82,66,68,76
20161228 11:37,3,29,354,32,358,43,62,60,57,-10,10316,127,82,67,68,76
20161228 11:38,1,31,355,32,4,54,62,60,57,-10,10316,127,83,67,68,76
20161228 11:39,358,31,355,31,353,43,62,60,57,-10,10316,126,83,67,69,76
20161228 11:40,346,28,351,32,340,39,63,60,57,-9,10316,126,83,67,69,76
20161228 11:41,0,22,355,31,21,31,63,60,57,-9,10315,126,83,67,69,76
20161228 11:42,13,18,357,29,4,26,64,61,59,-6,10315,126,84,67,69,76
20161228 11:43,7,20,358,27,9,28,65,63,61,0,10315,127,84,68,69,76
20161228 11:44,9,29,0,28,8,49,65,61,59,-5,10315,126,84,68,69,76
20161228 11:45,357,36,1,27,345,44,65,58,56,-12,10314,125,85,68,69,76
20161228 11:46,349,29,359,27,353,34,64,58,56,-13,10314,125,85,68,69,76
20161228 11:47,6,24,2,26,19,36,65,59,57,-9,10314,125,85,68,69,76
20161228 11:48,359,27,359,26,339,52,65,58,56,-12,10314,126,85,69,69,76
20161228 11:49,345,36,359,28,351,62,65,58,56,-12,10314,126,86,69,69,76
20161228 11:50,356,41,1,29,0,61,64,56,54,-17,10314,123,86,69,69,76
20161228 11:51,358,32,358,29,356,40,64,56,54,-17,10314,121,86,69,69,76
20161228 11:52,10,25,0,30,22,50,64,57,55,-15,10313,122,86,69,70,76
20161228 11:53,21,25,1,31,19,38,64,57,55,-15,10313,121,86,69,70,76
20161228 11:54,18,27,2,30,16,44,64,58,56,-13,10313,121,87,70,70,76
20161228 11:55,10,32,4,30,4,45,64,58,56,-13,10312,123,87,70,70,76
20161228 11:56,356,33,3,31,348,37,64,58,56,-13,10312,123,87,70,70,76
20161228 11:57,344,30,0,31,341,53,64,58,56,-13,10311,123,87,70,70,77
20161228 11:58,340,36,0,32,340,51,64,57,55,-15,10311,123,87,70,70,77
20161228 11:59,335,41,358,32,329,50,64,57,55,-15,10311,122,88,70,70,77
20161228 12:00,330,37,355,32,331,47,64,58,56,-13,10311,121,88,71,70,77
20161228 12:01,346,33,355,33,2,44,64,58,56,-13,10311,121,88,71,70,77
20161228 12:02,6,31,354,33,11,40,64,58,56,-13,10311,121,88,71,70,77
20161228 12:03,356,35,350,34,341,48,64,57,55,-15,10311,119,88,71,71,77
20161228 12:04,338,38,346,35,334,47,64,56,54,-17,10311,118,88,71,71,77
20161228 12:05,342,33,345,35,349,49,64,56,54,-17,10310,117,89,71,71,77
20161228 12:06,349,34,345,35,349,49,64,56,54,-17,10310,117,89,72,71,77
20161228 12:07,344,35,344,36,339,39,63,56,53,-18,10309,117,89,72,71,77
20161228 12:08,343,26,345,33,346,28,64,57,55,-15,10309,118,89,72,71,77
20161228 12:09,346,24,347,32,347,33,64,58,56,-13,10309,119,89,72,71,77
20161228 12:10,351,31,349,32,356,45,64,58,56,-13,10309,119,89,72,71,77
20161228 12:11,342,30,346,31,328,35,64,58,56,-13,10309,117,89,72,71,77
20161228 12:12,332,25,342,31,335,34,65,58,56,-12,10309,116,89,72,71,77
20161228 12:13,336,23,342,29,336,39,65,58,56,-12,10309,117,89,73,71,77
20161228 12:14,335,24,342,28,333,39,65,58,56,-12,10308,118,89,73,72,77
20161228 12:15,323,28,338,28,313,45,65,58,56,-12,10308,117,89,73,72,77
20161228 12:16,316,33,335,28,319,53,65,57,55,-14,10307,116,90,73,72,77
20161228 12:17,316,33,333,27,313,49,65,57,55,-14,10307,114,90,73,72,77
20161228 12:18,318,29,330,28,323,37,65,58,56,-12,10307,113,90,73,72,77
20161228 12:19,322,30,328,29,320,38,65,57,55,-14,10307,113,90,74,72,77
20161228 12:20,331,28,326,28,340,38,65,57,55,-14,10307,114,90,74,72,77
20161228 12:21,346,29,328,28,351,38,65,57,55,-14,10307,113,90,74,72,77
20161228 12:22,357,29,331,29,2,33,65,57,55,-14,10307,111,90,74,72,77
20161228 12:23,1,24,333,29,359,32,65,57,55,-14,10307,112,90,74,72,77
20161228 12:24,357,22,335,28,355,31,66,58,56,-11,10308,112,90,74,73,77
20161228 12:25,350,27,339,28,345,38,66,57,56,-13,10307,111,90,75,73,78
20161228 12:26,342,29,341,28,340,40,66,57,56,-13,10307,110,90,75,73,78
20161228 12:27,342,26,344,27,344,33,66,57,56,-13,10306,110,90,75,73,78
20161228 12:28,343,26,346,27,341,36,65,56,54,-16,10306,110,90,75,73,78
20161228 12:29,342,27,348,26,343,29,65,56,54,-16,10306,109,90,75,73,78
20161228 12:30,350,21,350,26,358,29,65,57,55,-14,10305,108,90,75,73,78
20161228 12:31,356,21,350,25,355,35,66,57,56,-13,10305,109,90,75,73,78
20161228 12:32,352,25,349,25,349,35,66,57,56,-13,10305,109,90,75,73,78
20161228 12:33,346,28,347,26,343,39,66,57,56,-13,10305,108,90,76,73,78
20161228 12:34,342,33,346,27,341,47,66,57,56,-13,10305,108,90,76,74,78
20161228 12:35,334,36,344,27,326,46,66,57,56,-13,10305,105,90,76,74,78
20161228 12:36,331,36,344,28,335,47,66,57,56,-13,10304,105,90,76,74,78
20161228 12:37,335,36,342,29,334,43,65,57,55,-14,10304,105,90,76,74,78
20161228 12:38,352,29,345,29,10,33,65,57,55,-14,10304,105,90,76,74,78
20161228 12:39,354,27,345,30,338,37,66,58,56,-11,10304,106,90,76,74,78
20161228 12:40,338,27,343,30,339,40,66,58,56,-11,10304,106,90,76,74,78
20161228 12:41,345,20,343,29,351,23,66,57,56,-13,10304,105,90,77,74,78
20161228 12:42,353,20,343,29,356,30,66,58,56,-11,10304,105,90,77,74,78
20161228 12:43,345,24,342,29,333,33,67,57,56,-12,10304,105,90,77,74,78
20161228 12:44,327,28,340,28,321,39,67,57,56,-12,10304,103,90,77,74,78
20161228 12:45,337,27,343,27,353,36,66,56,55,-15,10304,102,90,77,75,78
20161228 12:46,354,25,345,26,355,39,66,56,55,-15,10304,102,90,77,75,78
20161228 12:47,349,29,346,25,343,45,66,56,55,-15,10304,101,90,77,75,78
20161228 12:48,348,24,344,25,354,27,66,56,55,-15,10304,100,90,77,75,79
20161228 12:49,357,19,347,24,1,27,65,56,54,-16,10304,101,90,77,75,79
20161228 12:50,356,22,348,24,351,39,66,57,56,-13,10303,101,90,78,75,79
20161228 12:51,354,28,348,25,356,42,65,56,54,-16,10303,101,89,78,75,79
20161228 12:52,357,24,349,24,358,25,65,56,54,-16,10303,100,89,78,75,79
20161228 12:53,21,16,355,24,46,25,66,58,56,-11,10304,102,89,78,75,79
20161228 12:54,35,21,2,23,24,32,66,58,56,-11,10304,101,89,78,75,79
20161228 12:55,15,20,3,22,6,24,66,57,56,-13,10304,98,89,78,75,79
20161228 12:56,9,15,5,21,12,21,66,57,56,-13,10304,98,89,78,76,79
20161228 12:57,21,18,9,20,29,28,66,58,56,-11,10303,100,89,78,76,79
20161228 12:58,26,22,12,21,23,35,66,58,56,-11,10303,100,89,78,76,79
20161228 12:59,24,25,15,21,24,37,66,57,56,-13,10303,97,89,78,76,79
20161228 13:00,24,30,18,22,24,53,66,58,56,-11,10303,97,89,78,76,79
20161228 13:01,31,37,23,23,39,52,66,58,56,-11,10303,95,89,78,76,79
20161228 13:02,30,31,25,24,21,27,66,57,56,-13,10303,95,89,79,76,79
20161228 13:03,27,25,23,25,32,56,66,58,56,-11,10303,96,89,79,76,79
20161228 13:04,30,38,24,27,27,59,66,58,56,-11,10303,96,89,79,76,79
20161228 13:05,30,45,26,30,33,60,65,57,55,-14,10303,94,89,79,76,79
20161228 13:06,36,32,29,31,39,32,65,58,56,-12,10303,93,89,79,76,79
20161228 13:07,39,30,30,33,38,53,65,59,57,-9,10302,94,88,79,76,79
20161228 13:08,31,35,30,33,25,52,65,58,56,-12,10302,94,88,79,77,79
20161228 13:09,14,27,28,33,3,30,65,58,56,-12,10302,94,88,79,77,80
20161228 13:10,20,21,30,32,38,30,65,59,57,-9,10301,97,88,79,77,80
20161228 13:11,33,17,28,29,28,21,65,60,58,-7,10301,98,88,79,77,80
20161228 13:12,20,12,28,28,13,17,66,60,58,-6,10301,99,88,79,77,80
20161228 13:13,23,15,28,27,33,36,66,59,57,-8,10301,100,88,79,77,80
20161228 13:14,41,19,30,24,50,26,66,60,58,-6,10301,99,88,79,77,80
20161228 13:15,38,18,29,21,26,32,66,59,57,-8,10301,95,88,79,77,80
20161228 13:16,37,28,30,23,48,51,66,58,56,-11,10301,93,88,80,77,80
20161228 13:17,45,32,31,22,43,53,65,57,55,-14,10301,91,88,80,77,80
20161228 13:18,41,20,32,20,40,27,65,57,55,-14,10301,90,88,80,77,80
20161228 13:19,38,21,36,21,36,37,65,58,56,-12,10300,89,88,80,77,80
20161228 13:20,38,34,36,23,41,51,65,58,56,-12,10300,90,88,80,78,80
20161228 13:21,34,31,36,24,28,38,64,58,56,-13,10300,88,88,80,78,80
20161228 13:22,21,26,36,25,14,36,64,59,57,-10,10300,89,88,80,78,80
20161228 13:23,19,31,35,27,24,42,64,59,57,-10,10300,91,88,80,78,80
20161228 13:24,20,36,32,29,16,50,64,59,57,-10,10299,91,87,80,78,80
20161228 13:25,15,36,30,30,14,42,64,59,57,-10,10299,91,87,80,78,80
20161228 13:26,17,33,28,30,20,43,64,58,56,-13,10299,91,87,80,78,80
20161228 13:27,29,34,27,31,39,47,64,58,56,-13,10299,89,87,80,78,80
20161228 13:28,31,36,25,33,23,49,64,58,56,-13,10299,88,87,80,78,80
20161228 13:29,21,36,24,34,18,54,63,58,55,-13,10299,88,87,80,78,80
20161228 13:30,24,36,23,33,30,48,63,58,55,-13,10299,89,87,80,78,81
20161228 13:31,31,33,23,34,33,49,63,58,55,-13,10299,88,87,80,78,81
20161228 13:32,32,35,25,35,31,55,63,58,55,-13,10299,88,87,80,78,81
20161228 13:33,34,40,26,36,37,56,63,58,55,-13,10299,88,87,80,78,81
20161228 13:34,35,35,28,35,32,44,63,57,54,-16,10299,87,87,80,78,81
20161228 13:35,35,32,30,35,37,50,63,57,54,-16,10298,87,87,81,79,81
20161228 13:36,33,33,31,35,28,50,63,57,54,-16,10298,87,86,80,79,81
20161228 13:37,28,28,30,34,27,35,63,58,55,-13,10298,87,86,81,79,81
20161228 13:38,26,30,30,34,24,46,63,59,56,-11,10298,88,86,81,79,81
20161228 13:39,23,37,30,34,22,54,63,57,54,-16,10298,87,86,81,79,81
20161228 13:40,24,34,30,33,27,35,63,57,54,-16,10298,86,86,81,79,81
20161228 13:41,32,26,30,33,38,30,63,57,54,-16,10298,86,86,81,79,81
20161228 13:42,33,25,30,31,27,36,63,58,55,-13,10298,86,86,81,79,81
20161228 13:43,26,31,29,31,26,46,63,58,55,-13,10298,85,86,81,79,81
20161228 13:44,29,24,29,29,32,29,63,58,55,-13,10298,86,86,81,79,81
20161228 13:45,26,22,27,29,20,39,63,59,56,-11,10298,87,86,81,79,81
20161228 13:46,24,31,27,29,29,41,63,58,55,-13,10298,86,85,81,79,81
20161228 13:47,39,32,29,29,49,47,63,57,54,-16,10298,86,85,81,79,81
20161228 13:48,40,28,30,28,31,46,63,57,54,-16,10298,84,85,81,79,81
20161228 13:49,39,22,33,26,47,32,63,57,54,-16,10298,85,85,81,79,81
20161228 13:50,40,26,33,27,33,43,63,58,55,-13,10298,85,85,81,79,81
20161228 13:51,17,31,30,27,1,38,63,57,54,-16,10298,85,85,81,80,81
20161228 13:52,12,29,29,28,22,38,63,58,55,-13,10298,85,85,81,80,82
20161228 13:53,26,27,29,27,30,35,63,58,55,-13,10298,85,85,81,80,82
20161228 13:54,17,21,27,27,4,28,63,58,55,-13,10298,85,85,81,80,82
20161228 13:55,12,17,27,26,19,24,63,58,55,-13,10298,86,85,81,80,82
20161228 13:56,19,14,25,24,18,16,63,58,55,-13,10298,87,85,81,80,82
20161228 13:57,21,14,23,22,24,20,63,59,56,-11,10298,88,85,81,80,82
20161228 13:58,41,17,26,22,58,31,63,59,56,-11,10298,88,85,81,80,82
20161228 13:59,51,18,25,21,43,31,63,59,56,-11,10298,87,84,81,80,82
20161228 14:00,34,17,24,20,24,39,63,58,55,-13,10298,87,84,81,80,82
20161228 14:01,27,26,27,20,30,41,64,59,57,-10,10298,87,84,81,80,82
20161228 14:02,30,32,28,21,31,45,63,58,55,-13,10298,85,84,81,80,82
20161228 14:03,30,33,28,22,30,45,63,58,55,-13,10298,84,84,81,80,82
20161228 14:04,24,34,29,23,18,41,63,58,55,-13,10298,83,84,81,80,82
20161228 14:05,12,30,28,24,5,31,63,58,55,-13,10298,83,84,81,80,82
20161228 14:06,6,22,27,25,7,30,63,58,55,-13,10299,84,84,81,80,82
20161228 14:07,19,18,28,25,31,31,63,58,55,-13,10299,86,84,81,80,82
20161228 14:08,39,19,27,25,48,33,63,59,56,-11,10299,86,84,81,80,82
20161228 14:09,31,23,24,26,16,31,63,60,57,-9,10299,86,84,81,80,82
20161228 14:10,20,25,24,27,24,34,63,60,57,-9,10299,86,84,81,80,82
20161228 14:11,26,27,24,26,27,40,63,58,55,-13,10299,84,84,81,81,82
20161228 14:12,23,25,22,25,19,33,63,58,55,-13,10299,84,84,81,81,82
20161228 14:13,19,25,21,25,20,39,63,58,55,-13,10299,85,84,81,81,82
20161228 14:14,26,27,23,24,32,39,63,58,55,-13,10299,86,84,81,81,83
20161228 14:15,31,29,25,25,30,40,63,58,55,-13,10299,86,84,81,81,83
20161228 14:16,34,28,28,25,38,35,63,58,55,-13,10299,86,83,81,81,83
20161228 14:17,36,21,29,25,34,26,63,59,56,-11,10298,88,83,81,81,83
20161228 14:18,43,20,29,25,52,27,63,59,56,-11,10298,89,83,81,81,83
20161228 14:19,44,25,31,26,35,46,63,58,55,-13,10298,90,83,81,81,83
20161228 14:20,38,33,33,27,40,47,63,60,57,-9,10299,89,83,81,81,83
20161228 14:21,32,31,32,27,23,35,63,59,56,-11,10299,87,83,81,81,83
20161228 14:22,25,22,33,26,27,24,63,59,56,-11,10298,87,83,81,81,83
20161228 14:23,27,19,34,25,26,27,63,59,56,-11,10298,89,83,81,81,83
20161228 14:24,25,20,33,25,23,27,64,59,57,-10,10298,90,83,81,81,83
20161228 14:25,22,16,32,23,22,21,64,59,57,-10,10299,90,83,81,81,83
20161228 14:26,16,12,29,22,11,20,64,59,57,-10,10299,93,83,81,81,83
20161228 14:27,5,14,26,21,359,27,64,59,57,-10,10299,94,83,81,81,83
20161228 14:28,358,17,20,21,357,25,64,58,56,-13,10299,95,83,82,81,83
20161228 14:29,346,18,14,19,334,23,64,57,55,-15,10298,95,83,82,81,83
20161228 14:30,348,16,11,17,3,24,65,58,56,-12,10298,95,83,82,81,83
20161228 14:31,17,18,11,17,30,25,65,57,55,-14,10299,95,83,82,81,83
20161228 14:32,33,22,12,17,36,32,65,58,56,-12,10299,94,83,82,81,83
20161228 14:33,41,18,14,17,46,17,65,58,56,-12,10299,93,83,82,81,83
20161228 14:34,37,9,15,15,27,19,65,58,56,-12,10298,92,84,82,81,83
20161228 14:35,33,13,16,16,38,30,65,59,57,-9,10298,92,84,82,81,83
20161228 14:36,35,19,18,17,31,25,65,58,56,-12,10299,90,84,82,81,83
20161228 14:37,33,20,22,18,35,35,65,58,56,-12,10299,89,84,82,82,83
20161228 14:38,39,22,27,18,43,30,65,57,55,-14,10298,87,84,82,82,83
20161228 14:39,46,24,34,19,49,32,65,58,56,-12,10298,86,84,82,82,83
20161228 14:40,54,25,39,19,60,30,64,57,55,-15,10298,84,84,82,82,84
20161228 14:41,57,18,42,19,55,21,64,57,55,-15,10298,82,84,82,82,84
20161228 14:42,50,15,43,18,45,24,64,58,56,-13,10298,82,84,82,82,84
20161228 14:43,47,16,43,18,50,26,64,58,56,-13,10298,82,84,82,82,84
20161228 14:44,51,17,46,19,53,27,64,58,56,-13,10298,82,84,82,82,84
20161228 14:45,48,20,46,20,43,33,64,57,55,-15,10298,81,84,82,82,84
20161228 14:46,40,22,47,20,38,32,64,57,55,-15,10298,81,84,82,82,84
20161228 14:47,46,22,49,20,54,31,63,57,54,-16,10298,80,84,82,82,84
20161228 14:48,46,23,49,20,39,28,63,58,55,-13,10298,80,84,82,82,84
20161228 14:49,40,23,48,20,42,40,63,58,55,-13,10298,80,84,82,82,84
20161228 14:50,43,27,46,21,44,35,63,58,55,-13,10298,80,84,82,82,84
20161228 14:51,46,28,46,22,48,33,63,58,55,-13,10299,79,84,82,82,84
20161228 14:52,42,25,45,23,36,33,63,58,55,-13,10299,78,84,82,82,84
20161228 14:53,38,22,44,23,40,29,63,59,56,-11,10299,78,84,82,82,84
20161228 14:54,41,23,43,24,42,35,63,59,56,-11,10299,78,83,82,82,84
20161228 14:55,35,26,41,24,29,31,63,59,56,-11,10299,78,83,82,82,84
20161228 14:56,30,24,41,25,32,32,63,59,56,-11,10299,77,83,82,82,84
20161228 14:57,36,23,39,25,40,32,63,58,55,-13,10299,77,83,82,82,84
20161228 14:58,47,21,41,24,55,28,63,58,55,-13,10298,77,83,82,82,84
20161228 14:59,46,23,40,24,38,32,63,58,55,-13,10298,76,83,82,82,84
20161228 15:00,38,21,40,23,38,29,63,58,55,-13,10298,76,83,82,82,84
20161228 15:01,40,13,39,21,41,23,63,59,56,-11,10298,77,83,82,82,84
20161228 15:02,30,14,37,21,19,28,63,59,56,-11,10298,77,83,82,82,84
20161228 15:03,26,18,37,21,33,24,63,58,55,-13,10298,78,82,82,82,84
20161228 15:04,32,21,36,20,32,37,63,58,55,-13,10298,78,82,82,82,84
20161228 15:05,39,24,38,20,47,29,63,58,55,-13,10299,77,82,82,82,84
20161228 15:06,46,21,39,20,45,29,63,58,55,-13,10299,77,82,82,82,84
20161228 15:07,43,17,39,19,41,22,63,58,55,-13,10299,77,82,82,82,84
20161228 15:08,37,14,37,18,33,25,63,58,55,-13,10299,77,82,82,82,84
20161228 15:09,41,20,38,19,48,39,63,59,56,-11,10299,77,82,82,82,84
20161228 15:10,46,25,38,19,43,29,63,59,56,-11,10299,76,82,82,82,85
20161228 15:11,40,17,38,19,37,16,62,59,56,-12,10299,75,82,82,83,85
20161228 15:12,44,12,41,19,50,24,63,60,57,-9,10299,76,82,82,83,85
20161228 15:13,41,15,41,19,32,28,62,59,56,-12,10299,76,81,82,83,85
20161228 15:14,32,23,41,19,32,39,63,59,56,-11,10299,76,81,82,83,85
20161228 15:15,27,31,38,20,21,42,62,58,55,-14,10298,76,81,82,83,85
20161228 15:16,30,31,38,21,39,35,62,58,55,-14,10298,76,81,82,83,85
20161228 15:17,44,27,38,22,49,36,62,59,56,-12,10298,75,81,82,83,85
20161228 15:18,38,28,38,24,27,38,62,59,56,-12,10298,75,81,82,83,85
20161228 15:19,28,31,36,24,30,41,62,59,56,-12,10299,75,81,82,83,85
20161228 15:20,30,32,35,25,29,39,62,59,56,-12,10299,76,81,82,83,85
20161228 15:21,34,28,35,27,40,34,62,60,57,-10,10299,78,81,82,83,85
20161228 15:22,39,24,34,28,38,34,62,59,56,-12,10299,79,81,82,83,85
20161228 15:23,33,23,33,28,27,31,63,60,57,-9,10299,81,81,82,83,85
20161228 15:24,27,24,33,28,28,30,63,60,57,-9,10299,83,80,82,83,85
20161228 15:25,26,26,33,27,25,36,63,59,56,-11,10299,87,80,82,83,85
20161228 15:26,31,19,33,25,37,15,63,60,57,-9,10299,91,80,82,83,85
20161228 15:27,29,12,30,24,21,18,64,61,59,-6,10299,97,80,82,83,85
20161228 15:28,33,15,32,23,46,29,65,61,59,-5,10299,102,80,82,83,85
20161228 15:29,44,20,33,22,42,33,65,61,59,-5,10299,106,80,82,83,85
20161228 15:30,42,23,35,21,43,31,66,60,58,-6,10299,109,80,82,83,85
20161228 15:31,36,20,33,20,28,24,66,60,58,-6,10299,110,80,82,83,85
20161228 15:32,27,21,32,20,26,45,67,59,58,-7,10299,110,80,82,83,85
20161228 15:33,27,27,32,21,27,42,67,59,58,-7,10299,112,80,82,83,85
20161228 15:34,33,30,33,22,39,39,67,59,58,-7,10299,110,80,82,83,85
20161228 15:35,31,27,33,21,24,30,67,59,58,-7,10299,109,81,82,83,85
20161228 15:36,28,23,33,22,31,37,68,60,59,-4,10299,109,81,82,83,85
20161228 15:37,30,30,33,25,29,47,68,60,59,-4,10299,108,81,82,83,85
20161228 15:38,28,34,32,26,27,45,68,59,58,-6,10299,105,81,82,83,85
20161228 15:39,27,26,30,26,26,29,68,59,58,-6,10299,103,81,82,83,85
20161228 15:40,29,24,29,26,32,35,68,59,58,-6,10299,102,82,82,83,85
20161228 15:41,32,27,29,27,31,41,68,59,58,-6,10299,102,82,82,83,85
20161228 15:42,31,32,30,29,31,48,67,59,58,-7,10299,99,82,82,83,85
20161228 15:43,23,29,28,28,14,30,67,59,58,-7,10300,97,82,82,83,85
20161228 15:44,18,22,27,27,22,31,67,59,58,-7,10300,98,82,82,83,85
20161228 15:45,25,23,27,27,29,30,67,60,59,-5,10300,98,82,82,83,85
20161228 15:46,26,22,26,27,22,31,67,60,59,-5,10300,97,83,82,83,85
20161228 15:47,21,23,25,26,20,39,68,60,59,-4,10300,97,83,82,83,86
20161228 15:48,17,27,24,26,14,37,68,59,58,-6,10300,94,83,82,83,85
20161228 15:49,358,24,20,25,342,30,67,58,57,-10,10300,92,83,82,83,86
20161228 15:50,353,18,17,24,3,24,67,57,56,-12,10301,90,83,82,83,86
20161228 15:51,352,16,12,23,341,24,67,58,57,-10,10301,89,83,82,83,86
20161228 15:52,356,16,10,21,12,27,67,58,57,-10,10301,89,83,82,83,86
20161228 15:53,17,17,11,21,21,22,67,58,57,-10,10301,89,83,82,83,86
20161228 15:54,24,27,11,22,27,45,66,59,57,-8,10301,87,83,82,83,86
20161228 15:55,27,28,11,22,28,35,66,58,56,-11,10301,85,83,82,83,86
20161228 15:56,31,22,12,22,34,36,66,60,58,-6,10301,84,83,82,83,86
20161228 15:57,32,26,13,22,29,35,65,60,58,-7,10301,83,83,82,83,86
20161228 15:58,24,25,14,22,20,30,65,60,58,-7,10301,82,83,82,83,86
20161228 15:59,28,22,19,22,37,26,65,60,58,-7,10301,81,83,82,83,86
20161228 16:00,34,18,22,22,31,22,65,60,58,-7,10301,81,83,82,83,86
20161228 16:01,27,21,26,23,22,38,64,60,58,-8,10301,79,83,82,83,86
20161228 16:02,14,23,26,23,6,26,64,61,59,-6,10301,77,82,82,83,86
20161228 16:03,16,15,26,22,26,15,64,61,59,-6,10301,76,82,82,84,86
20161228 16:04,29,15,26,21,31,29,64,61,59,-6,10301,74,82,82,84,86
20161228 16:05,30,21,26,21,28,29,63,61,58,-7,10301,73,82,82,84,86
20161228 16:06,23,18,25,20,18,23,63,61,58,-7,10301,71,82,82,84,86
20161228 16:07,16,17,23,19,15,25,63,61,58,-7,10301,70,82,82,84,86
20161228 16:08,17,18,23,19,20,20,62,61,58,-8,10301,69,82,82,84,86
20161228 16:09,13,16,20,18,7,27,62,61,58,-8,10302,69,81,82,84,86
20161228 16:10,7,16,18,18,8,20,62,61,58,-8,10302,70,81,82,84,86
20161228 16:11,18,19,19,18,27,33,62,60,57,-10,10302,71,81,82,84,86
20161228 16:12,28,23,21,18,28,30,62,61,58,-8,10302,72,81,82,84,86
20161228 16:13,31,19,22,19,33,21,62,62,59,-5,10302,72,81,82,84,86
20161228 16:14,37,16,22,18,41,27,62,62,59,-5,10302,73,81,82,84,86
20161228 16:15,30,21,22,19,19,32,62,62,59,-5,10302,73,80,82,84,86
20161228 16:16,23,24,23,19,28,35,62,62,59,-5,10302,73,80,82,84,86
20161228 16:17,26,24,24,20,25,35,62,61,58,-8,10302,72,80,82,84,86
20161228 16:18,24,25,24,21,23,30,61,62,58,-6,10302,71,80,82,84,86
20161228 16:19,32,22,27,21,40,30,61,62,58,-6,10302,70,80,82,84,86
20161228 16:20,32,21,29,22,23,29,61,63,59,-4,10302,69,79,82,84,86
20161228 16:21,27,21,29,21,30,37,61,63,59,-4,10302,68,79,82,84,86
20161228 16:22,30,19,29,21,30,30,61,63,59,-4,10302,67,79,82,84,86
20161228 16:23,40,20,31,22,49,42,61,63,59,-4,10302,66,79,82,84,86
20161228 16:24,40,19,30,22,31,28,60,63,59,-5,10302,64,79,82,84,86
20161228 16:25,33,20,31,22,35,32,60,63,59,-5,10302,63,79,82,84,86
20161228 16:26,40,23,33,21,45,27,60,63,59,-5,10302,63,78,82,84,86
20161228 16:27,48,17,36,20,51,20,59,63,58,-6,10302,62,78,82,84,86
20161228 16:28,44,15,37,19,38,21,59,63,58,-6,10302,60,78,82,84,86
20161228 16:29,37,13,37,18,37,19,59,64,59,-4,10302,60,78,82,84,86
20161228 16:30,38,12,38,18,38,23,59,64,59,-4,10301,59,78,82,84,86
20161228 16:31,32,18,38,18,27,35,58,64,59,-5,10301,58,77,82,84,86
20161228 16:32,32,19,39,18,37,21,58,64,59,-5,10301,57,77,82,84,86
20161228 16:33,40,16,38,17,42,23,58,64,59,-5,10301,56,77,82,84,86
20161228 16:34,41,17,39,17,40,32,58,64,59,-5,10301,56,77,82,84,87
20161228 16:35,39,23,39,18,37,53,57,64,59,-6,10301,55,76,82,84,87
20161228 16:36,45,22,40,17,54,25,57,64,59,-6,10301,54,76,82,84,87
20161228 16:37,51,19,40,18,47,34,57,64,59,-6,10301,53,76,82,84,87
20161228 16:38,45,24,40,19,43,32,57,64,59,-6,10301,52,76,82,84,87
20161228 16:39,41,22,40,20,40,34,56,64,58,-7,10301,51,76,82,84,87
20161228 16:40,43,22,41,21,47,37,56,64,58,-7,10301,51,75,82,84,87
20161228 16:41,45,25,43,21,42,32,56,64,58,-7,10301,49,75,82,84,87
20161228 16:42,40,24,43,22,38,32,56,64,58,-7,10301,49,75,82,84,87
20161228 16:43,44,23,44,23,49,37,55,64,58,-8,10301,48,75,82,84,87
20161228 16:44,45,25,44,24,40,40,55,64,58,-8,10301,47,74,82,84,87
20161228 16:45,43,27,45,24,46,35,55,64,58,-8,10301,47,74,82,84,87
20161228 16:46,46,22,44,24,47,33,55,65,59,-5,10301,46,74,82,84,87
20161228 16:47,41,18,43,23,35,30,55,65,59,-5,10301,46,73,82,84,87
20161228 16:48,41,18,43,22,47,23,54,65,58,-6,10301,45,73,82,84,87
20161228 16:49,51,16,45,22,54,28,54,65,58,-6,10301,45,73,82,84,87
20161228 16:50,44,17,43,21,34,26,54,65,58,-6,10301,44,73,81,84,87
20161228 16:51,44,18,45,21,55,28,54,66,59,-4,10302,44,72,81,84,87
20161228 16:52,47,21,45,21,39,38,54,66,59,-4,10302,43,72,81,84,87
20161228 16:53,42,23,44,21,46,33,53,66,59,-5,10301,42,72,81,84,87
20161228 16:54,48,24,45,20,50,38,53,66,59,-5,10301,42,71,81,84,87
20161228 16:55,49,22,45,20,47,24,53,66,59,-5,10301,41,71,81,84,87
20161228 16:56,44,17,45,19,40,25,53,67,60,-3,10301,41,71,81,84,87
20161228 16:57,40,21,45,20,41,39,53,67,60,-3,10301,40,71,81,84,87
20161228 16:58,43,23,45,20,46,29,53,67,60,-3,10301,40,70,81,84,87
20161228 16:59,44,20,44,21,42,29,52,67,59,-4,10301,40,70,81,84,87
20161228 17:00,48,18,46,21,54,26,52,67,59,-4,10301,39,70,81,84,87
20161228 17:01,49,13,45,20,45,16,52,67,59,-4,10301,39,69,81,84,87
20161228 17:02,44,14,45,19,44,29,52,68,60,-2,10301,38,69,81,84,87
20161228 17:03,47,20,46,19,49,38,51,68,60,-3,10302,37,69,81,84,87
20161228 17:04,44,19,45,18,38,27,51,68,60,-3,10302,37,69,81,84,87
20161228 17:05,47,17,45,18,56,24,51,68,60,-3,10302,37,68,81,84,87
20161228 17:06,50,19,46,19,44,30,51,68,60,-3,10302,36,68,81,84,87
20161228 17:07,43,23,46,19,42,39,51,68,60,-3,10302,36,68,80,84,87
20161228 17:08,41,23,45,19,41,31,51,68,60,-3,10303,36,67,80,84,87
20161228 17:09,43,23,46,19,45,31,50,68,59,-4,10303,35,67,80,84,87
20161228 17:10,48,19,45,19,51,21,50,68,59,-4,10303,35,67,80,84,87
20161228 17:11,44,12,45,19,37,19,50,68,59,-4,10303,35,67,80,84,87
20161228 17:12,40,17,45,20,43,31,50,68,59,-4,10303,34,66,80,84,87
20161228 17:13,42,18,44,19,40,21,50,68,59,-4,10303,34,66,80,84,87
20161228 17:14,48,11,45,18,55,13,50,68,59,-4,10304,34,66,80,84,87
20161228 17:15,47,15,44,18,39,35,49,68,59,-5,10304,33,66,80,84,87
20161228 17:16,42,20,44,18,44,27,49,69,60,-3,10304,33,65,80,84,87
20161228 17:17,45,20,44,18,46,34,49,69,60,-3,10304,33,65,80,84,87
20161228 17:18,53,20,46,18,61,24,49,69,60,-3,10304,32,65,80,84,87
20161228 17:19,50,21,45,17,39,35,49,69,60,-3,10304,32,65,79,84,87
20161228 17:20,43,23,45,18,48,36,49,69,60,-3,10304,32,64,79,84,87
20161228 17:21,53,18,47,19,58,26,49,69,60,-3,10305,32,64,79,84,87
20161228 17:22,53,18,48,19,48,33,48,69,59,-4,10305,32,64,79,84,87
20161228 17:23,46,20,48,19,45,27,48,69,59,-4,10305,32,64,79,84,87
20161228 17:24,49,19,48,20,53,33,48,69,59,-4,10305,32,63,79,84,87
20161228 17:25,44,19,48,20,35,26,48,69,59,-4,10306,32,63,79,84,87
20161228 17:26,35,18,47,20,35,24,48,69,59,-4,10306,31,63,79,84,87
20161228 17:27,35,19,46,19,35,25,48,69,59,-4,10306,31,63,79,84,87
20161228 17:28,34,19,43,19,33,28,48,69,59,-4,10306,31,62,79,84,87
20161228 17:29,29,19,41,19,24,32,48,69,59,-4,10306,31,62,79,84,87
20161228 17:30,31,19,40,19,37,23,48,69,59,-4,10306,30,62,78,84,87
20161228 17:31,34,24,38,20,31,34,48,69,59,-4,10306,30,62,78,84,87
20161228 17:32,33,25,36,20,35,28,48,69,59,-4,10306,30,62,78,84,87
20161228 17:33,28,18,34,20,22,19,47,69,59,-5,10306,30,61,78,84,87
20161228 17:34,24,16,31,19,25,23,47,70,60,-3,10306,29,61,78,84,87
20161228 17:35,25,17,30,19,25,24,47,70,60,-3,10306,29,61,78,84,87
20161228 17:36,26,15,29,19,27,17,47,70,60,-3,10307,28,61,78,84,87
20161228 17:37,33,15,30,19,39,31,47,70,60,-3,10307,27,60,78,84,87
20161228 17:38,41,17,31,19,43,28,46,70,59,-4,10307,27,60,78,84,87
20161228 17:39,45,18,33,19,46,25,46,70,59,-4,10307,28,60,78,84,87
20161228 17:40,47,21,34,19,47,29,46,70,59,-4,10307,28,60,77,84,87
20161228 17:41,47,18,36,17,46,20,46,70,59,-4,10307,27,59,77,84,87
20161228 17:42,50,14,37,17,54,20,46,70,59,-4,10307,27,59,77,84,87
20161228 17:43,51,15,40,17,48,19,46,70,59,-4,10307,27,59,77,83,87
20161228 17:44,50,14,43,16,52,15,46,70,59,-4,10307,27,59,77,83,87
20161228 17:45,48,11,45,16,45,16,46,70,59,-4,10307,27,59,77,83,87
20161228 17:46,42,15,46,16,40,26,46,70,59,-4,10307,27,58,77,83,87
20161228 17:47,38,19,46,16,36,24,46,70,59,-4,10307,27,58,77,83,87
20161228 17:48,37,21,45,17,39,36,45,70,59,-5,10307,26,58,77,83,87
20161228 17:49,47,22,46,17,56,27,45,70,59,-5,10307,27,58,76,83,87
20161228 17:50,47,16,45,16,39,21,45,70,59,-5,10307,27,58,76,83,87
20161228 17:51,43,16,46,17,47,32,45,70,59,-5,10307,26,58,76,83,87
20161228 17:52,43,20,44,17,40,28,45,70,59,-5,10307,26,57,76,83,87
20161228 17:53,43,19,44,17,46,25,45,71,60,-3,10307,26,57,76,83,87
20161228 17:54,44,15,43,17,43,18,45,71,60,-3,10307,26,57,76,83,87
20161228 17:55,46,14,43,18,48,27,45,71,60,-3,10307,25,57,76,83,87
20161228 17:56,46,20,44,19,44,34,45,71,60,-3,10307,25,56,76,83,87
20161228 17:57,40,23,44,19,37,36,44,71,59,-4,10307,25,56,76,83,87
20161228 17:58,37,21,44,19,37,28,44,71,59,-4,10307,26,56,76,83,87
20161228 17:59,35,17,41,18,33,19,44,71,59,-4,10308,25,56,76,83,87
20161228 18:00,42,12,43,18,52,16,44,71,59,-4,10308,24,56,75,83,87
20161228 18:01,48,12,43,17,45,22,44,71,59,-4,10308,24,56,75,83,87
20161228 18:02,37,17,42,17,30,27,44,71,59,-4,10308,24,55,75,83,87
20161228 18:03,36,20,41,17,41,27,44,71,59,-4,10308,24,55,75,83,87
20161228 18:04,38,18,40,18,35,27,44,71,59,-4,10308,24,55,75,83,87
20161228 18:05,28,13,38,17,21,14,44,72,60,-2,10308,24,55,75,83,87
20161228 18:06,30,13,37,16,39,26,43,72,60,-3,10308,23,55,75,83,87
20161228 18:07,31,18,36,16,23,24,43,72,60,-3,10308,23,54,75,83,87
20161228 18:08,26,20,35,16,28,26,43,72,60,-3,10309,23,54,75,83,87
20161228 18:09,29,20,34,17,29,25,43,72,60,-3,10309,23,54,74,83,87
20161228 18:10,34,16,33,17,40,18,43,72,60,-3,10309,23,54,74,83,87
20161228 18:11,36,13,32,17,32,21,43,72,60,-3,10309,22,54,74,82,87
20161228 18:12,32,12,32,16,33,13,43,72,60,-3,10309,22,54,74,82,87
20161228 18:13,26,11,30,15,19,20,43,72,60,-3,10309,21,54,74,82,87
20161228 18:14,26,17,30,16,34,35,42,72,59,-4,10310,21,53,74,82,87
20161228 18:15,28,22,30,17,21,29,42,72,59,-4,10310,21,53,74,82,87
20161228 18:16,26,20,29,17,30,27,42,72,59,-4,10310,22,53,74,82,87
20161228 18:17,28,21,29,18,26,33,42,73,60,-2,10310,22,53,74,82,87
20161228 18:18,24,22,29,18,22,34,42,73,60,-2,10310,22,53,74,82,87
20161228 18:19,26,19,29,18,29,22,42,73,60,-2,10310,22,53,73,82,87
20161228 18:20,27,16,27,18,24,18,42,72,59,-4,10310,22,52,73,82,87
20161228 18:21,22,16,26,18,20,26,42,72,59,-4,10311,22,52,73,82,87
20161228 18:22,25,20,25,19,30,27,42,72,59,-4,10311,21,52,73,82,87
20161228 18:23,24,17,25,19,18,18,42,72,59,-4,10311,22,52,73,82,87
20161228 18:24,23,10,25,18,27,18,42,72,59,-4,10311,21,52,73,82,87
20161228 18:25,26,12,25,17,25,20,42,73,60,-2,10311,20,52,73,82,87
20161228 18:26,19,15,24,17,14,19,42,73,60,-2,10311,20,52,73,82,87
20161228 18:27,22,11,24,15,30,13,41,73,60,-3,10311,20,51,73,82,87
20161228 18:28,25,10,24,14,20,15,41,73,60,-3,10311,19,51,73,82,87
20161228 18:29,26,13,24,14,32,22,41,73,60,-3,10311,19,51,72,82,87
20161228 18:30,30,15,24,14,28,24,41,73,60,-3,10311,19,51,72,82,87
20161228 18:31,30,16,26,14,31,23,41,73,60,-3,10311,19,51,72,82,87
20161228 18:32,27,15,25,13,22,15,41,73,60,-3,10311,19,51,72,82,87
20161228 18:33,16,12,24,13,9,16,41,73,60,-3,10311,19,51,72,81,87
20161228 18:34,12,12,23,13,14,17,40,73,59,-4,10311,18,50,72,81,87
20161228 18:35,16,13,22,13,17,19,40,73,59,-4,10312,18,50,72,81,87
20161228 18:36,20,15,23,13,24,22,40,73,59,-4,10312,18,50,72,81,87
20161228 18:37,20,17,21,14,16,19,40,73,59,-4,10312,17,50,72,81,87
20161228 18:38,18,17,21,15,20,21,40,73,59,-4,10312,18,50,72,81,87
20161228 18:39,19,17,20,15,18,19,40,73,59,-4,10313,18,50,71,81,87
20161228 18:40,20,16,19,15,23,19,40,73,59,-4,10313,18,50,71,81,87
20161228 18:41,21,16,18,15,20,22,40,73,59,-4,10313,18,49,71,81,87
20161228 18:42,16,17,17,15,12,20,40,73,59,-4,10314,18,49,71,81,87
20161228 18:43,12,13,18,15,13,14,40,73,59,-4,10314,18,49,71,81,87
20161228 18:44,8,9,17,15,3,15,40,73,59,-4,10314,19,49,71,81,87
20161228 18:45,6,9,16,15,8,15,40,73,59,-4,10314,19,49,71,81,87
20161228 18:46,9,15,14,15,9,24,40,73,59,-4,10314,19,49,71,81,87
20161228 18:47,12,15,14,14,14,17,40,73,59,-4,10314,20,49,71,81,87
20161228 18:48,10,14,13,14,6,25,40,73,59,-4,10314,21,48,71,81,87
20161228 18:49,6,18,11,14,6,23,40,74,60,-2,10314,21,48,70,81,87
20161228 18:50,11,17,11,14,16,18,40,74,60,-2,10315,22,48,70,81,87
20161228 18:51,16,14,10,14,17,18,40,74,60,-2,10315,23,48,70,81,87
20161228 18:52,22,13,12,14,28,19,41,74,61,-1,10315,23,48,70,80,87
20161228 18:53,22,14,12,14,15,24,41,74,61,-1,10315,24,48,70,80,87
20161228 18:54,23,19,15,16,31,29,41,74,61,-1,10315,24,48,70,80,87
20161228 18:55,28,19,17,16,24,23,41,74,61,-1,10315,25,48,70,80,87
20161228 18:56,26,17,19,16,28,25,41,74,61,-1,10315,26,48,70,80,87
20161228 18:57,30,20,20,17,32,26,41,74,61,-1,10315,27,48,70,80,87
20161228 18:58,29,22,22,18,27,26,41,74,61,-1,10315,27,48,70,80,87
20161228 18:59,31,17,25,17,35,21,41,74,61,-1,10315,28,48,70,80,87
20161228 19:00,29,14,26,17,23,22,41,74,61,-1,10316,28,48,69,80,87
20161228 19:01,28,15,28,17,33,19,41,74,61,-1,10316,28,48,69,80,87
20161228 19:02,33,15,28,18,34,24,42,74,61,0,10315,28,48,69,80,87
20161228 19:03,32,16,30,18,30,23,42,74,61,0,10315,29,48,69,80,87
20161228 19:04,31,15,30,17,33,17,42,74,61,0,10316,29,48,69,80,87
20161228 19:05,32,13,31,16,31,16,42,74,61,0,10316,29,48,69,80,87
20161228 19:06,31,12,31,16,32,14,42,74,61,0,10316,29,48,69,80,87
20161228 19:07,34,11,31,15,35,14,42,74,61,0,10316,29,48,69,80,87
20161228 19:08,34,13,32,14,32,22,42,74,61,0,10316,29,48,69,80,87
20161228 19:09,32,14,32,14,32,20,42,74,61,0,10316,30,48,69,80,87
20161228 19:10,41,13,34,14,49,19,42,74,61,0,10315,30,48,69,80,87
20161228 19:11,43,18,34,14,36,27,42,74,61,0,10315,30,48,69,79,87
20161228 19:12,39,19,35,14,41,24,42,74,61,0,10315,31,48,68,79,87
20161228 19:13,36,16,35,15,31,30,42,74,61,0,10315,31,48,68,79,87
20161228 19:14,34,18,35,15,36,25,43,74,61,1,10315,31,48,68,79,87
20161228 19:15,42,16,37,15,49,18,43,74,61,1,10315,31,48,68,79,87
20161228 19:16,44,17,38,16,39,28,43,74,61,1,10315,31,48,68,79,87
20161228 19:17,36,19,38,17,32,28,43,74,61,1,10315,31,48,68,79,87
20161228 19:18,31,15,38,17,31,23,43,74,61,1,10315,31,48,68,79,86
20161228 19:19,31,11,37,16,30,12,43,74,61,1,10315,31,48,68,79,86
20161228 19:20,23,10,34,16,16,16,43,74,61,1,10315,30,48,68,79,86
20161228 19:21,19,16,33,16,22,25,43,74,61,1,10315,30,48,68,79,86
20161228 19:22,25,18,31,16,28,24,43,74,61,1,10315,30,48,68,79,86
20161228 19:23,26,18,31,16,25,25,43,74,61,1,10315,30,48,68,79,86
20161228 19:24,34,16,32,16,44,25,43,74,61,1,10314,30,48,68,79,86
20161228 19:25,39,15,30,16,34,20,43,74,61,1,10314,30,48,67,79,86
20161228 19:26,28,15,28,15,23,22,43,73,61,-1,10314,31,48,67,79,86
20161228 19:27,19,16,27,15,16,20,43,73,61,-1,10315,31,48,67,79,86
20161228 19:28,19,13,26,15,23,12,43,73,61,-1,10315,30,48,67,79,86
20161228 19:29,22,9,25,15,21,11,43,73,61,-1,10315,30,48,67,78,86
20161228 19:30,15,10,25,15,10,18,43,73,61,-1,10315,30,48,67,78,86
20161228 19:31,16,14,25,14,23,25,43,73,61,-1,10315,30,48,67,78,86
20161228 19:32,31,14,26,14,39,21,43,73,61,-1,10315,30,48,67,78,86
20161228 19:33,38,14,27,13,37,27,43,73,61,-1,10315,30,48,67,78,86
20161228 19:34,35,17,26,14,32,30,43,74,61,1,10315,30,48,67,78,86
20161228 19:35,30,19,25,14,27,24,43,73,61,-1,10315,30,48,67,78,86
20161228 19:36,30,18,26,14,33,24,43,73,61,-1,10314,30,48,67,78,86
20161228 19:37,31,17,27,14,28,25,43,73,61,-1,10314,30,48,67,78,86
20161228 19:38,31,16,28,15,34,24,43,73,61,-1,10315,30,48,67,78,86
20161228 19:39,36,17,30,16,37,20,43,73,61,-1,10315,29,48,67,78,86
20161228 19:40,44,17,34,16,51,20,43,73,61,-1,10315,29,48,67,78,86
20161228 19:41,44,15,35,16,37,18,43,73,61,-1,10315,29,48,67,78,86
20161228 19:42,35,18,35,17,34,29,43,73,61,-1,10315,29,48,67,78,86
20161228 19:43,32,20,34,18,30,26,43,73,61,-1,10316,28,48,66,78,86
20161228 19:44,28,20,34,18,27,25,43,74,61,1,10316,28,48,66,78,86
20161228 19:45,29,20,34,18,32,25,43,74,61,1,10316,28,48,66,78,86
20161228 19:46,37,15,35,17,42,18,43,73,61,-1,10317,28,48,66,78,86
20161228 19:47,23,12,33,17,5,15,43,74,61,1,10317,27,48,66,78,86
20161228 19:48,7,11,31,16,10,14,43,74,61,1,10317,27,48,66,78,86
20161228 19:49,14,9,29,15,17,13,43,74,61,1,10317,26,48,66,78,86
20161228 19:50,18,10,25,15,19,13,43,74,61,1,10317,26,48,66,78,86
20161228 19:51,26,12,25,15,34,19,42,74,61,0,10317,25,48,66,77,86
20161228 19:52,32,13,25,14,30,19,42,74,61,0,10317,25,48,66,77,86
20161228 19:53,35,14,26,13,40,24,42,74,61,0,10317,24,47,66,77,86
20161228 19:54,26,15,24,13,12,22,42,74,61,0,10316,24,47,66,77,86
20161228 19:55,17,18,23,13,22,30,42,74,61,0,10316,24,47,66,77,86
20161228 19:56,21,23,21,15,20,31,42,74,61,0,10317,24,47,66,77,86
20161228 19:57,18,22,22,15,16,25,42,74,61,0,10317,24,47,66,77,86
20161228 19:58,19,21,23,17,22,32,42,74,61,0,10316,23,47,66,77,86
20161228 19:59,24,22,24,18,26,26,42,74,61,0,10316,23,47,66,77,86
20161228 20:00,19,16,23,18,11,20,41,74,61,-1,10316,23,47,66,77,85
