time_now,wd_avg_2mins,ws_avg_2mins,wd_avg_10mins,ws_avg_10mins,wd_maxsp_this_min,ws_maxsp_this_min,air_temp_by_box,relative_humidity,water_vapor_pressure,dew_temp,station_pressure,ground_temp_pt,ground_tem_5cm,ground_tem_10cm,ground_tem_15cm,ground_tem_20cm
20160111 20:01,80,20,79,21,80,27,85,96,106,79,10242,81,84,87,89,90
20160111 20:02,72,17,78,20,65,23,85,96,106,79,10243,81,84,87,89,90
20160111 20:03,69,17,77,20,74,24,85,96,106,79,10243,81,84,87,89,90
20160111 20:04,74,18,77,20,74,22,85,96,106,79,10244,81,84,87,89,91
20160111 20:05,74,18,77,20,74,21,85,96,106,79,10244,81,84,87,89,90
20160111 20:06,74,16,76,19,74,22,85,96,106,79,10244,81,84,87,89,91
20160111 20:07,73,19,76,19,73,29,85,96,106,79,10244,81,84,87,89,91
20160111 20:08,73,21,75,19,73,27,84,96,106,78,10244,81,84,87,89,91
20160111 20:09,73,21,74,19,73,33,84,96,106,78,10244,81,84,87,89,91
20160111 20:10,69,22,73,19,66,32,84,96,106,78,10245,81,84,87,89,91
20160111 20:11,69,19,72,19,73,22,84,96,106,78,10245,81,84,87,89,91
20160111 20:12,69,20,72,20,65,34,85,96,106,79,10245,81,84,87,89,91
20160111 20:13,71,21,72,20,78,25,85,96,106,79,10245,81,84,87,89,91
20160111 20:14,72,20,72,20,67,26,84,96,106,78,10245,81,84,87,89,91
20160111 20:15,66,17,71,20,65,21,84,96,106,78,10245,81,84,87,89,91
20160111 20:16,68,16,70,20,71,24,84,96,106,78,10244,81,84,87,89,91
20160111 20:17,72,19,70,20,73,30,84,96,106,78,10244,81,84,87,89,91
20160111 20:18,73,21,70,20,73,27,84,96,106,78,10244,81,84,87,89,91
20160111 20:19,74,22,71,20,76,29,84,96,106,78,10243,81,84,87,89,91
20160111 20:20,76,24,72,20,76,31,84,96,106,78,10243,81,84,87,89,91
20160111 20:21,74,26,72,21,72,34,84,96,106,78,10242,81,84,87,89,91
20160111 20:22,75,23,73,21,79,27,84,96,106,78,10242,81,84,87,89,91
20160111 20:23,76,22,73,21,73,31,84,96,106,78,10241,81,84,87,89,91
20160111 20:24,70,21,73,21,67,25,84,96,106,78,10242,81,84,87,89,91
20160111 20:25,69,18,73,21,70,24,84,96,106,78,10242,81,83,87,89,91
20160111 20:26,71,21,73,22,72,32,84,96,106,78,10242,81,84,87,89,91
20160111 20:27,73,22,73,22,74,28,84,96,106,78,10242,81,84,87,89,91
20160111 20:28,76,23,74,23,77,32,84,96,106,78,10242,81,84,87,89,91
20160111 20:29,76,25,74,23,75,35,84,96,106,78,10242,81,84,87,89,91
20160111 20:30,74,24,73,22,73,32,84,96,106,78,10242,81,84,87,89,91
20160111 20:31,76,27,74,23,78,38,84,96,106,78,10242,81,84,87,89,91
20160111 20:32,80,27,74,23,82,33,84,96,106,78,10242,81,83,86,89,91
20160111 20:33,82,21,75,23,83,30,84,96,106,78,10242,81,84,87,89,91
20160111 20:34,83,22,77,23,83,33,84,96,106,78,10242,81,84,87,89,91
20160111 20:35,84,22,78,23,86,28,84,96,106,78,10242,81,83,87,89,91
20160111 20:36,85,19,80,23,84,26,84,96,106,78,10242,81,83,86,89,91
20160111 20:37,84,20,80,23,83,32,84,96,106,78,10243,81,83,86,89,91
20160111 20:38,84,24,81,23,85,35,84,96,106,78,10243,81,83,87,89,91
20160111 20:39,80,28,81,23,74,42,84,96,106,78,10243,81,83,86,89,91
20160111 20:40,79,26,82,23,85,31,84,96,106,78,10244,81,83,86,89,91
20160111 20:41,87,24,83,23,89,31,84,96,106,78,10244,81,83,86,89,91
20160111 20:42,85,25,83,23,82,31,84,96,106,78,10244,81,83,86,89,91
20160111 20:43,84,22,84,23,86,25,84,96,106,78,10244,81,83,86,89,91
20160111 20:44,80,22,83,23,74,29,84,96,106,78,10244,81,83,87,89,91
20160111 20:45,79,25,83,24,84,33,84,96,106,78,10244,81,83,86,89,91
20160111 20:46,81,22,82,24,78,26,84,96,106,78,10244,81,83,86,89,91
20160111 20:47,77,20,81,24,76,27,84,96,106,78,10244,81,83,86,89,91
20160111 20:48,81,24,81,24,85,36,84,96,106,78,10245,81,83,86,89,91
20160111 20:49,84,25,82,23,83,31,84,96,106,78,10245,81,83,86,89,91
20160111 20:50,81,22,82,23,79,27,84,96,106,78,10245,81,83,86,89,91
20160111 20:51,79,20,81,22,78,25,84,96,106,78,10246,81,83,86,89,91
20160111 20:52,77,20,80,22,77,24,84,96,106,78,10246,81,83,86,89,91
20160111 20:53,78,21,79,22,79,31,84,96,106,78,10246,81,83,86,89,91
20160111 20:54,77,22,79,22,76,29,84,96,106,78,10245,81,83,86,89,91
20160111 20:55,78,22,79,21,80,27,84,96,106,78,10245,81,83,86,89,91
20160111 20:56,84,21,80,22,87,29,84,96,106,78,10245,81,83,86,89,91
20160111 20:57,86,23,81,22,85,36,84,96,106,78,10244,81,83,86,89,91
20160111 20:58,84,26,81,22,83,41,84,96,106,78,10244,81,83,86,89,91
20160111 20:59,83,24,81,22,83,23,84,96,106,78,10243,81,83,86,89,91
20160111 21:00,86,24,82,23,90,40,84,96,106,78,10243,81,83,86,89,91
20160111 21:01,89,28,83,24,88,37,84,96,106,78,10243,81,83,86,89,91
20160111 21:02,84,30,83,25,80,37,84,96,106,78,10242,81,83,86,89,91
20160111 21:03,82,30,84,25,84,44,84,96,106,78,10241,81,83,86,89,91
20160111 21:04,84,32,84,27,85,47,84,96,106,78,10241,81,83,86,89,91
20160111 21:05,84,37,85,28,83,47,84,96,106,78,10241,81,83,86,89,91
20160111 21:06,83,35,84,29,83,42,84,96,106,78,10242,81,83,86,89,91
20160111 21:07,83,36,84,31,83,53,84,96,106,78,10242,81,83,86,89,91
20160111 21:08,84,33,84,31,85,36,84,96,106,78,10242,81,83,86,89,91
20160111 21:09,82,25,84,31,80,31,84,96,106,78,10242,81,83,86,89,91
20160111 21:10,82,24,83,31,84,30,84,96,106,78,10243,80,83,86,89,91
20160111 21:11,81,26,82,31,77,43,84,96,106,78,10243,80,83,86,89,91
20160111 21:12,78,29,82,31,78,41,84,96,106,78,10243,80,83,86,89,91
20160111 21:13,78,28,82,30,79,39,84,96,106,78,10243,80,83,86,89,91
20160111 21:14,82,26,82,29,85,31,84,96,106,78,10243,80,83,86,89,91
20160111 21:15,81,27,81,28,78,39,84,96,106,78,10243,80,83,86,89,91
20160111 21:16,78,24,81,27,78,30,84,96,106,78,10243,80,83,86,89,91
20160111 21:17,82,25,81,26,86,40,84,96,106,78,10243,80,83,86,89,91
20160111 21:18,85,28,81,26,83,33,83,96,105,77,10243,80,83,86,89,91
20160111 21:19,86,27,82,27,89,42,84,96,106,78,10243,80,83,86,89,91
20160111 21:20,86,29,81,27,82,34,83,96,105,77,10243,80,83,86,89,91
20160111 21:21,82,28,82,27,83,36,83,96,105,77,10242,80,83,86,89,91
20160111 21:22,85,30,83,27,88,45,83,96,105,77,10242,80,83,86,89,91
20160111 21:23,88,32,84,28,89,43,83,96,105,77,10242,80,83,86,89,91
20160111 21:24,87,33,84,29,86,41,83,96,105,77,10242,80,83,86,89,91
20160111 21:25,83,30,85,29,81,38,83,96,105,77,10242,80,83,86,89,91
20160111 21:26,85,28,86,30,88,40,83,96,105,77,10242,80,83,86,89,91
20160111 21:27,86,33,85,30,83,50,83,96,105,77,10241,80,83,86,89,91
20160111 21:28,85,35,86,31,87,43,83,96,105,77,10240,80,83,86,89,91
20160111 21:29,86,29,85,31,84,31,83,96,105,77,10240,80,83,86,89,91
20160111 21:30,84,31,85,32,83,49,83,96,105,77,10240,80,83,86,89,91
20160111 21:31,85,37,86,33,86,45,83,96,105,77,10240,80,83,86,89,91
20160111 21:32,85,36,85,33,84,45,83,96,105,77,10240,80,83,86,89,91
20160111 21:33,86,36,85,33,88,48,83,96,105,77,10240,80,83,86,89,91
20160111 21:34,85,34,85,33,83,42,83,96,105,77,10239,80,83,86,89,91
20160111 21:35,84,35,85,34,86,52,83,96,105,77,10239,80,83,86,89,91
20160111 21:36,86,36,85,35,86,45,83,96,105,77,10239,80,83,86,89,91
20160111 21:37,88,35,86,34,90,48,83,96,105,77,10239,80,83,86,89,91
20160111 21:38,86,35,85,35,81,50,83,96,105,77,10239,80,83,86,89,91
20160111 21:39,81,33,85,35,80,46,83,96,105,77,10239,80,83,86,89,91
20160111 21:40,79,30,84,34,78,44,83,96,105,77,10239,80,83,86,89,91
20160111 21:41,80,30,84,34,82,37,83,96,105,77,10239,80,83,86,89,91
20160111 21:42,81,26,83,32,81,37,83,96,105,77,10239,80,83,86,89,91
20160111 21:43,81,26,83,32,81,37,83,96,105,77,10239,80,83,86,89,91
20160111 21:44,80,27,82,31,80,34,82,96,104,76,10238,80,83,86,89,91
20160111 21:45,81,26,82,30,82,34,82,96,104,76,10238,80,83,86,89,91
20160111 21:46,78,27,81,29,74,40,82,96,104,76,10237,80,83,86,89,91
20160111 21:47,74,28,79,28,74,40,82,96,104,76,10237,80,83,86,89,91
20160111 21:48,75,33,79,29,75,54,82,96,104,76,10236,80,83,86,89,91
20160111 21:49,73,34,78,29,72,40,82,96,104,76,10235,80,83,86,89,91
20160111 21:50,74,32,78,29,76,48,82,96,104,76,10235,80,83,86,89,91
20160111 21:51,76,37,77,30,76,50,82,96,104,76,10235,80,83,86,89,91
20160111 21:52,77,38,77,31,79,43,82,96,104,76,10235,80,83,86,89,91
20160111 21:53,77,39,76,33,76,55,82,96,104,76,10235,80,83,86,89,91
20160111 21:54,76,35,76,33,77,37,82,96,104,76,10235,80,83,86,89,91
20160111 21:55,77,28,76,33,77,42,82,96,104,76,10235,80,83,86,89,91
20160111 21:56,75,33,76,34,74,49,82,96,104,76,10235,80,83,86,89,91
20160111 21:57,74,35,76,35,75,43,82,96,104,76,10235,80,83,86,89,91
20160111 21:58,76,29,76,34,77,33,82,96,104,76,10236,80,83,86,89,91
20160111 21:59,78,30,77,34,78,46,82,96,104,76,10236,80,83,86,89,91
20160111 22:00,74,37,76,34,69,51,82,96,104,76,10236,80,83,86,89,91
20160111 22:01,73,38,76,34,77,50,82,96,104,76,10236,80,83,86,89,91
20160111 22:02,77,35,76,34,76,46,82,96,104,76,10236,80,83,86,89,91
20160111 22:03,79,32,76,33,81,37,82,97,105,78,10236,80,83,86,89,91
20160111 22:04,81,30,76,33,80,40,82,97,105,78,10236,80,83,86,89,91
20160111 22:05,78,28,76,33,76,38,82,97,105,78,10236,80,83,86,89,91
20160111 22:06,75,27,76,32,74,33,82,97,105,78,10236,80,83,86,89,91
20160111 22:07,75,24,76,31,76,32,82,97,105,78,10235,80,82,86,89,91
20160111 22:08,79,24,77,31,82,32,82,97,105,78,10235,80,83,86,89,91
20160111 22:09,81,28,77,30,80,42,82,97,105,78,10235,80,82,86,89,91
20160111 22:10,77,34,78,30,74,49,82,97,105,78,10234,80,82,86,89,91
20160111 22:11,75,32,77,29,75,38,82,97,105,78,10234,80,82,86,89,91
20160111 22:12,75,28,77,29,75,42,82,97,105,78,10234,80,82,86,89,91
20160111 22:13,75,31,77,29,75,45,82,97,105,78,10234,80,82,86,89,91
20160111 22:14,76,31,76,29,77,39,82,97,105,78,10233,80,82,86,89,91
20160111 22:15,77,27,77,28,78,31,82,97,105,78,10233,80,82,86,89,91
20160111 22:16,77,27,77,29,75,51,82,97,105,78,10233,80,82,86,89,91
20160111 22:17,74,35,76,30,72,57,82,97,105,78,10233,80,82,86,89,91
20160111 22:18,76,37,76,31,80,46,82,97,105,78,10232,80,82,86,89,91
20160111 22:19,76,35,75,32,71,47,82,97,105,78,10232,80,82,86,89,91
20160111 22:20,72,33,75,31,72,51,82,97,105,78,10232,80,82,86,89,91
20160111 22:21,76,35,75,32,80,46,82,97,105,78,10231,80,82,86,89,91
20160111 22:22,81,36,76,33,82,52,82,97,105,78,10231,80,82,86,89,91
20160111 22:23,80,34,77,33,79,46,82,97,105,78,10232,80,82,86,89,91
20160111 22:24,80,37,77,34,80,54,82,97,105,78,10232,80,82,86,89,91
20160111 22:25,79,36,77,35,77,43,83,97,106,79,10232,80,82,86,89,91
20160111 22:26,78,33,77,35,78,52,83,97,106,79,10232,80,82,86,89,91
20160111 22:27,77,33,78,35,76,37,83,97,106,79,10232,80,82,86,89,91
20160111 22:28,74,31,77,34,72,42,83,97,106,79,10232,80,82,86,89,91
20160111 22:29,74,32,77,34,76,43,83,97,106,79,10232,80,82,86,89,91
20160111 22:30,78,35,78,34,80,44,83,97,106,79,10232,80,82,86,89,91
20160111 22:31,78,33,78,34,75,46,83,97,106,79,10232,80,82,86,89,91
20160111 22:32,74,32,77,34,73,45,83,97,106,79,10231,80,82,86,89,91
20160111 22:33,74,36,76,34,75,54,83,97,106,79,10231,80,82,86,89,91
20160111 22:34,74,31,75,33,72,40,83,96,105,77,10230,80,82,86,89,91
20160111 22:35,74,26,75,32,75,33,83,96,105,77,10230,80,82,86,89,91
20160111 22:36,74,27,75,31,73,39,83,96,105,77,10230,80,82,86,89,91
20160111 22:37,74,33,75,32,76,43,83,96,105,77,10230,79,82,86,89,91
20160111 22:38,75,32,75,32,73,39,83,96,105,77,10230,79,82,86,89,91
20160111 22:39,76,34,75,32,80,50,83,96,105,77,10230,79,82,86,89,91
20160111 22:40,80,36,75,32,80,53,83,96,105,77,10230,79,82,86,89,91
20160111 22:41,82,28,76,31,83,29,83,96,105,77,10230,79,82,86,89,91
20160111 22:42,80,20,76,29,76,23,82,96,104,76,10230,79,82,86,89,91
20160111 22:43,76,23,76,29,76,39,82,96,104,76,10231,79,82,86,89,91
20160111 22:44,75,32,76,30,73,49,83,96,105,77,10232,79,82,86,89,91
20160111 22:45,71,31,76,30,68,31,83,96,105,77,10233,79,82,86,89,91
20160111 22:46,67,25,75,29,66,32,83,96,105,77,10234,79,82,86,89,91
20160111 22:47,70,32,75,30,74,52,83,96,105,77,10234,79,82,86,89,91
20160111 22:48,71,34,75,30,69,50,83,96,105,77,10235,79,82,86,89,91
20160111 22:49,65,27,73,28,61,30,83,96,105,77,10236,79,82,86,89,91
20160111 22:50,67,26,72,28,72,36,83,96,105,77,10237,79,82,86,89,91
20160111 22:51,69,27,70,28,66,35,83,96,105,77,10237,79,82,86,89,91
20160111 22:52,68,26,70,29,70,35,83,96,105,77,10236,79,82,86,89,91
20160111 22:53,73,27,70,29,76,34,83,96,105,77,10236,79,82,86,89,91
20160111 22:54,74,24,69,27,72,25,83,96,105,77,10237,79,82,86,89,91
20160111 22:55,69,21,69,27,66,35,83,96,105,77,10237,79,82,86,89,91
20160111 22:56,71,23,70,27,76,36,83,96,105,77,10237,79,82,86,89,91
20160111 22:57,73,25,70,25,71,38,83,96,105,77,10237,79,82,86,89,91
20160111 22:58,72,27,70,25,74,42,83,96,105,77,10237,79,82,86,89,91
20160111 22:59,72,26,71,25,69,30,83,96,105,77,10237,79,82,86,89,91
20160111 23:00,70,22,71,24,70,30,83,95,104,75,10238,79,82,86,89,91
20160111 23:01,68,23,71,25,66,37,83,95,104,75,10239,79,82,86,89,91
20160111 23:02,71,23,72,24,76,27,83,95,104,75,10239,79,82,86,89,91
20160111 23:03,73,19,71,23,71,26,83,95,104,75,10239,79,82,86,89,91
20160111 23:04,70,22,71,23,70,31,83,95,104,75,10239,79,82,86,89,91
20160111 23:05,72,24,72,24,74,30,83,95,104,75,10239,79,82,86,89,91
20160111 23:06,78,22,72,23,82,26,83,95,104,75,10239,79,82,86,89,91
20160111 23:07,81,23,73,23,80,35,83,95,104,75,10239,79,82,86,89,91
20160111 23:08,78,27,73,23,76,36,83,95,104,75,10238,79,82,86,89,91
20160111 23:09,76,32,74,24,75,41,83,95,104,75,10238,79,82,86,89,91
20160111 23:10,76,32,75,25,77,36,83,95,104,75,10237,79,82,86,89,91
20160111 23:11,80,30,76,26,82,41,83,95,104,75,10237,79,82,86,89,91
20160111 23:12,80,28,77,26,78,29,83,95,104,75,10237,79,82,86,89,91
20160111 23:13,77,22,77,26,77,27,83,95,104,75,10236,79,82,86,89,91
20160111 23:14,76,19,78,26,75,23,83,95,104,75,10236,79,82,86,89,91
20160111 23:15,75,22,78,26,75,35,83,95,104,75,10237,79,82,86,89,91
20160111 23:16,75,26,77,26,75,38,83,95,104,75,10237,79,82,86,89,91
20160111 23:17,71,26,76,26,67,37,83,95,104,75,10238,79,82,86,89,91
20160111 23:18,64,26,74,26,61,31,84,95,105,76,10238,79,82,86,89,91
20160111 23:19,63,26,73,25,65,37,84,95,105,76,10238,79,82,86,89,91
20160111 23:20,61,21,71,24,57,19,84,95,105,76,10239,79,82,86,89,91
20160111 23:21,58,18,69,23,59,27,84,95,105,76,10239,79,82,86,89,91
20160111 23:22,60,23,67,23,61,36,84,95,105,76,10239,79,82,86,89,91
20160111 23:23,63,25,66,23,66,37,84,95,105,76,10239,79,82,86,89,91
20160111 23:24,61,26,64,24,56,34,84,95,105,76,10240,79,82,86,89,91
20160111 23:25,63,26,64,24,69,34,84,95,105,76,10240,79,82,86,89,91
20160111 23:26,66,22,63,24,64,24,83,95,104,75,10241,79,82,86,89,91
20160111 23:27,61,19,62,23,58,30,83,95,104,75,10241,79,82,86,89,91
20160111 23:28,59,22,62,23,61,30,83,95,104,75,10241,79,82,86,89,91
20160111 23:29,60,22,61,22,60,29,83,95,104,75,10241,79,82,86,89,91
20160111 23:30,59,21,61,23,59,28,83,95,104,75,10241,79,82,86,89,91
20160111 23:31,56,22,61,23,54,28,83,95,104,75,10240,79,82,86,89,91
20160111 23:32,54,23,60,23,53,31,83,95,104,75,10240,79,82,86,89,91
20160111 23:33,51,22,58,22,49,28,83,95,104,75,10240,79,82,86,89,91
20160111 23:34,51,19,58,22,54,26,83,95,104,75,10240,79,82,85,89,91
20160111 23:35,49,19,56,21,45,27,83,95,104,75,10240,79,82,86,89,91
20160111 23:36,51,17,55,21,57,32,83,96,105,77,10240,79,82,86,89,91
20160111 23:37,55,20,55,21,53,36,83,96,105,77,10240,79,82,86,89,91
20160111 23:38,57,25,55,21,61,29,83,96,105,77,10240,79,82,86,89,91
20160111 23:39,62,26,55,22,63,37,83,96,105,77,10240,79,82,85,89,91
20160111 23:40,61,23,55,21,60,27,83,96,105,77,10239,79,82,85,89,91
20160111 23:41,60,18,55,21,59,23,83,96,105,77,10240,79,82,85,89,91
20160111 23:42,59,18,56,20,59,29,83,96,105,77,10240,79,82,85,89,91
20160111 23:43,57,19,57,20,54,27,83,96,105,77,10240,79,82,85,89,91
20160111 23:44,57,21,57,21,61,27,83,96,105,77,10239,79,82,85,89,91
20160111 23:45,59,21,58,21,57,30,82,96,104,76,10239,79,82,86,89,91
20160111 23:46,57,20,58,21,57,30,82,96,104,76,10239,79,82,85,89,91
20160111 23:47,61,20,60,21,66,28,82,96,104,76,10239,79,82,85,89,91
20160111 23:48,65,23,60,21,64,30,82,96,104,76,10238,79,82,85,89,91
20160111 23:49,65,23,60,20,66,29,82,96,104,76,10238,79,82,85,89,91
20160111 23:50,67,26,61,22,68,51,82,96,104,76,10237,79,82,85,89,91
20160111 23:51,65,33,61,23,61,49,82,96,104,76,10237,79,82,85,89,91
20160111 23:52,63,30,62,24,65,36,82,96,104,76,10236,79,82,85,89,91
20160111 23:53,62,29,62,25,59,40,82,96,104,76,10235,79,82,85,89,91
20160111 23:54,65,29,63,26,70,43,82,96,104,76,10235,79,82,85,89,91
20160111 23:55,71,29,65,27,71,41,82,96,104,76,10235,79,82,85,89,91
20160111 23:56,69,34,66,28,68,54,82,96,104,76,10235,79,82,85,89,91
20160111 23:57,67,30,66,29,67,29,82,96,104,76,10236,79,82,85,89,91
20160111 23:58,68,26,67,29,70,37,82,96,104,76,10236,79,82,85,89,91
20160111 23:59,72,32,67,30,74,41,82,96,104,76,10236,79,82,85,89,91
20160111 00:00,71,29,67,30,69,36,82,96,104,76,10236,79,82,85,89,91
20160111 00:01,69,26,68,29,70,38,82,96,104,76,10236,79,82,85,89,91
20160111 00:02,68,26,69,29,67,37,82,96,104,76,10236,79,82,85,89,91
20160111 00:03,62,25,68,28,57,38,82,96,104,76,10236,79,82,85,89,91
20160111 00:04,61,26,68,28,65,34,82,96,104,76,10236,79,82,85,89,91
20160111 00:05,66,26,68,28,68,32,82,96,104,76,10236,79,82,85,89,91
20160111 00:06,64,25,67,27,61,40,82,96,104,76,10236,79,82,85,89,91
20160111 00:07,60,26,66,27,59,40,82,97,105,78,10236,79,82,85,89,91
20160111 00:08,61,25,65,26,62,29,82,97,105,78,10236,79,82,85,89,91
20160111 00:09,58,26,63,26,55,41,82,97,105,78,10235,79,82,85,89,91
20160111 00:10,58,28,62,26,60,40,82,97,105,78,10235,79,82,85,89,91
20160111 00:11,60,24,61,25,60,30,82,97,105,78,10235,79,81,85,89,91
20160111 00:12,60,24,61,26,61,35,82,97,105,78,10234,79,81,85,89,91
20160111 00:13,59,24,61,25,57,28,82,97,105,78,10234,79,81,85,89,91
20160111 00:14,56,23,60,25,55,31,82,97,105,78,10234,79,81,85,89,91
20160111 00:15,59,27,59,25,63,40,82,97,105,78,10234,79,81,85,89,91
20160111 00:16,62,28,59,26,62,33,82,97,105,78,10234,79,81,85,89,91
20160111 00:17,61,26,60,26,60,32,82,97,105,78,10234,79,81,85,89,91
20160111 00:18,62,26,60,26,64,37,82,97,105,78,10235,79,81,85,89,91
20160111 00:19,61,27,60,26,58,34,82,97,105,78,10235,79,81,85,89,91
20160111 00:20,60,25,60,25,61,32,82,97,105,78,10235,79,81,85,89,91
20160111 00:21,65,24,61,26,69,33,82,97,105,78,10235,79,81,85,89,91
20160111 00:22,68,25,62,26,68,36,82,97,105,78,10234,79,81,85,89,91
20160111 00:23,65,28,62,26,62,38,82,97,105,78,10234,79,81,85,89,91
20160111 00:24,61,27,63,26,61,41,82,97,105,78,10234,79,81,85,89,91
20160111 00:25,61,25,63,26,62,42,81,97,105,77,10233,78,81,85,89,91
20160111 00:26,64,26,63,26,66,42,81,97,105,77,10233,79,81,85,89,91
20160111 00:27,62,24,63,25,59,24,81,97,105,77,10232,78,81,85,89,91
20160111 00:28,62,21,63,25,64,37,81,97,105,77,10232,78,81,85,89,91
20160111 00:29,66,24,64,25,67,38,81,97,105,77,10232,78,81,85,89,91
20160111 00:30,62,24,63,25,56,33,81,97,105,77,10232,78,81,85,89,91
20160111 00:31,56,22,62,25,57,29,81,97,105,77,10233,78,81,85,89,91
20160111 00:32,58,21,61,24,60,32,81,97,105,77,10233,78,81,85,89,91
20160111 00:33,59,23,61,24,58,31,81,97,105,77,10233,78,81,85,89,91
20160111 00:34,62,23,61,23,65,28,81,97,105,77,10234,78,81,85,89,91
20160111 00:35,60,22,61,23,56,30,81,97,105,77,10234,78,81,85,89,91
20160111 00:36,52,18,59,21,49,22,81,97,105,77,10235,78,81,85,89,91
20160111 00:37,49,18,58,22,49,34,81,97,105,77,10235,78,81,85,89,91
20160111 00:38,53,23,57,22,58,37,81,97,105,77,10235,78,81,85,89,91
20160111 00:39,56,22,56,21,53,31,81,97,105,77,10235,78,81,85,89,91
20160111 00:40,50,21,55,21,48,31,81,97,105,77,10234,78,81,85,89,91
20160111 00:41,53,22,55,21,57,31,81,97,105,77,10234,78,81,85,89,91
20160111 00:42,56,22,55,21,56,28,81,97,105,77,10234,78,81,85,89,91
20160111 00:43,58,23,55,21,60,28,81,97,105,77,10234,78,81,85,89,91
20160111 00:44,59,21,54,21,58,30,81,97,105,77,10234,78,81,85,89,91
20160111 00:45,49,17,53,20,39,26,81,97,105,77,10235,78,81,85,89,91
20160111 00:46,41,22,52,22,42,41,81,97,105,77,10235,78,81,85,89,91
20160111 00:47,44,27,52,22,45,40,81,97,105,77,10236,78,81,85,89,91
20160111 00:48,45,20,50,21,45,21,80,97,104,76,10237,78,81,85,89,91
20160111 00:49,46,17,50,21,47,24,80,97,104,76,10237,78,81,85,89,91
20160111 00:50,47,20,50,21,47,37,80,97,104,76,10237,78,81,85,89,91
20160111 00:51,44,21,48,21,41,30,80,97,104,76,10238,78,81,85,89,91
20160111 00:52,44,19,47,20,47,27,80,97,104,76,10238,78,81,85,89,91
20160111 00:53,49,18,46,20,51,24,80,97,104,76,10238,78,81,85,89,91
20160111 00:54,47,15,45,19,43,15,80,97,104,76,10238,78,81,85,89,91
20160111 00:55,43,13,45,19,43,19,80,97,104,76,10239,78,81,85,89,91
20160111 00:56,46,17,46,18,49,26,80,97,104,76,10239,78,81,85,89,91
20160111 00:57,46,19,46,18,43,33,80,97,104,76,10239,78,81,85,89,91
20160111 00:58,45,24,46,19,46,40,80,97,104,76,10240,78,81,85,89,91
20160111 00:59,43,27,45,20,39,36,80,97,104,76,10240,78,81,85,89,91
20160111 01:00,36,21,43,19,32,24,80,97,104,76,10240,78,81,85,89,91
20160111 01:01,38,19,44,19,45,28,80,97,104,76,10241,78,81,85,89,91
20160111 01:02,38,19,42,19,31,23,80,97,104,76,10241,78,81,85,89,91
20160111 01:03,30,15,40,19,30,17,80,97,104,76,10241,78,81,85,89,91
20160111 01:04,29,14,39,19,28,19,80,97,104,76,10241,78,81,85,89,91
20160111 01:05,32,18,38,20,36,28,80,97,104,76,10240,78,81,85,89,91
20160111 01:06,42,17,38,19,49,20,80,97,104,76,10240,78,81,85,89,91
20160111 01:07,49,12,38,18,49,16,80,97,104,76,10240,78,81,85,89,91
20160111 01:08,43,13,38,17,37,21,80,97,104,76,10240,78,81,85,89,91
20160111 01:09,35,12,37,15,33,21,80,97,104,76,10240,78,81,85,89,91
20160111 01:10,36,12,38,15,39,23,80,97,104,76,10240,78,81,85,89,91
20160111 01:11,38,15,37,14,38,24,79,97,103,75,10239,78,81,85,89,91
20160111 01:12,40,17,38,15,42,24,79,97,103,75,10239,78,81,85,89,91
20160111 01:13,38,16,38,14,33,15,79,97,103,75,10239,78,81,85,89,91
20160111 01:14,37,14,40,15,41,25,79,97,103,75,10239,78,81,85,89,91
20160111 01:15,38,18,40,14,35,28,79,97,103,75,10239,78,81,85,89,91
20160111 01:16,37,17,39,15,39,22,79,97,103,75,10239,78,81,85,89,91
20160111 01:17,31,15,36,15,23,19,79,97,103,75,10239,78,81,85,89,91
20160111 01:18,26,15,35,15,30,18,79,97,103,75,10239,78,81,85,89,91
20160111 01:19,24,13,34,15,19,19,79,97,103,75,10239,78,81,85,89,91
20160111 01:20,26,13,33,15,34,22,79,97,103,75,10238,78,81,85,89,91
20160111 01:21,35,15,33,15,37,22,79,97,103,75,10238,78,81,85,89,91
20160111 01:22,34,16,32,15,32,23,79,97,103,75,10238,78,81,85,89,91
20160111 01:23,35,16,33,16,37,23,79,97,103,75,10237,78,81,85,89,91
20160111 01:24,32,17,31,16,27,26,79,97,103,75,10237,78,81,85,89,91
20160111 01:25,36,17,32,16,45,26,79,97,103,75,10236,78,81,85,89,91
20160111 01:26,43,18,32,16,40,26,79,97,103,75,10236,78,81,85,89,91
20160111 01:27,37,18,34,16,34,23,79,97,103,75,10235,78,81,85,89,91
20160111 01:28,37,16,34,16,39,25,79,97,103,75,10234,78,81,85,89,91
20160111 01:29,32,18,35,17,25,28,79,97,103,75,10234,78,81,85,89,91
20160111 01:30,32,20,36,18,39,25,79,97,103,75,10234,78,81,85,89,91
20160111 01:31,33,20,35,18,28,27,79,97,103,75,10234,78,81,85,89,91
20160111 01:32,30,21,35,18,33,32,79,97,103,75,10234,78,81,85,89,91
20160111 01:33,32,17,34,18,30,19,79,97,103,75,10234,77,81,85,89,91
20160111 01:34,32,15,35,18,33,26,79,97,103,75,10235,77,81,85,89,91
20160111 01:35,28,18,32,18,23,26,79,97,103,75,10236,77,81,85,89,91
20160111 01:36,28,18,32,18,33,28,79,97,103,75,10237,77,81,85,89,91
20160111 01:37,36,14,32,18,39,17,79,97,103,75,10238,77,81,85,89,91
20160111 01:38,35,18,31,18,31,30,79,97,103,75,10239,77,81,85,89,91
20160111 01:39,28,22,31,18,24,25,79,97,103,75,10239,77,81,85,89,91
20160111 01:40,28,16,31,17,32,18,79,97,103,75,10240,77,81,85,89,91
20160111 01:41,30,22,31,19,29,39,79,97,103,75,10240,77,81,85,89,91
20160111 01:42,29,27,30,19,28,32,79,97,103,75,10240,77,81,85,89,91
20160111 01:43,35,22,31,20,43,28,79,97,103,75,10239,77,81,85,89,91
20160111 01:44,38,20,31,20,33,29,79,97,103,75,10239,77,81,85,89,91
20160111 01:45,36,17,33,19,39,20,79,97,103,75,10239,77,80,85,89,91
20160111 01:46,43,21,35,20,48,38,79,97,103,75,10238,77,81,85,89,91
20160111 01:47,45,27,35,22,41,39,79,97,103,75,10238,77,80,85,89,91
20160111 01:48,43,30,36,23,46,45,79,97,103,75,10238,77,80,85,89,91
20160111 01:49,43,28,38,23,41,34,79,97,103,75,10237,77,80,85,89,91
20160111 01:50,38,29,38,25,35,45,79,97,103,75,10237,77,81,85,89,91
20160111 01:51,38,30,40,25,42,41,79,97,103,75,10237,77,80,85,88,91
20160111 01:52,42,27,41,25,42,40,79,97,103,75,10236,77,80,85,89,91
20160111 01:53,42,29,41,26,41,39,79,97,103,75,10236,77,80,85,88,91
20160111 01:54,43,28,42,27,45,33,79,97,103,75,10237,77,80,85,88,91
20160111 01:55,44,28,42,29,43,37,79,97,103,75,10237,77,80,85,88,91
20160111 01:56,47,30,43,29,51,45,79,97,103,75,10237,77,80,85,89,91
20160111 01:57,50,25,44,28,50,30,79,97,103,75,10237,77,80,85,88,91
20160111 01:58,49,20,44,27,48,27,79,97,103,75,10237,77,80,85,88,91
20160111 01:59,50,17,45,26,51,18,79,97,103,75,10237,77,80,85,88,91
20160111 02:00,45,19,45,25,40,39,79,97,103,75,10237,77,80,85,88,91
20160111 02:01,43,28,46,25,46,38,79,97,103,75,10237,77,80,85,88,91
20160111 02:02,51,25,47,25,56,29,79,97,103,75,10237,77,80,85,88,91
20160111 02:03,52,19,48,23,48,30,79,97,103,75,10237,77,80,85,88,91
20160111 02:04,46,19,48,23,44,30,79,97,103,75,10238,77,80,85,88,91
20160111 02:05,43,20,48,22,42,39,79,97,103,75,10238,77,80,85,88,91
20160111 02:06,47,23,48,21,51,39,79,97,103,75,10238,77,80,85,88,91
20160111 02:07,49,23,47,21,47,32,79,97,103,75,10238,77,80,85,88,91
20160111 02:08,47,22,47,22,47,42,79,97,103,75,10238,77,80,85,88,91
20160111 02:09,47,23,47,22,47,36,79,97,103,75,10238,77,80,85,88,91
20160111 02:10,52,20,48,22,57,31,79,97,103,75,10237,77,80,85,88,91
20160111 02:11,49,22,48,21,43,35,79,97,103,75,10237,77,80,85,88,91
20160111 02:12,47,27,48,22,51,42,79,97,103,75,10236,77,80,85,88,91
20160111 02:13,50,27,48,23,49,42,79,97,103,75,10235,77,80,85,88,91
20160111 02:14,45,27,47,24,41,42,79,97,103,75,10235,77,80,85,88,91
20160111 02:15,43,28,48,24,45,43,79,97,103,75,10235,77,80,85,88,91
20160111 02:16,45,27,47,24,46,38,79,97,103,75,10234,77,80,85,88,91
20160111 02:17,43,27,47,25,40,38,79,97,103,75,10234,77,80,84,88,91
20160111 02:18,43,25,46,25,46,31,79,97,103,75,10234,77,80,84,88,91
20160111 02:19,52,22,47,25,57,32,79,97,103,75,10234,77,80,84,88,91
20160111 02:20,51,28,46,27,45,53,79,97,103,75,10234,77,80,84,88,91
20160111 02:21,48,27,47,26,51,37,79,97,103,75,10234,77,80,84,88,91
20160111 02:22,50,25,47,26,48,48,79,97,103,75,10233,77,80,84,88,91
20160111 02:23,55,26,48,26,62,48,79,97,103,75,10234,76,80,84,88,91
20160111 02:24,60,26,50,26,59,36,79,97,103,75,10235,76,80,84,88,91
20160111 02:25,59,25,51,26,60,38,79,97,103,75,10235,76,80,84,88,91
20160111 02:26,60,23,53,25,59,32,79,97,103,75,10235,76,80,84,88,91
20160111 02:27,58,26,54,25,57,41,79,97,103,75,10235,76,80,84,88,91
20160111 02:28,56,28,55,26,55,33,79,97,103,75,10235,76,80,84,88,91
20160111 02:29,58,26,56,26,62,36,78,97,103,74,10235,76,80,84,88,91
20160111 02:30,62,27,57,26,61,38,78,97,103,74,10235,76,80,84,88,91
20160111 02:31,59,24,58,26,56,29,78,97,103,74,10234,76,80,84,88,91
20160111 02:32,62,20,60,25,68,35,78,97,103,74,10234,76,80,84,88,91
20160111 02:33,65,22,60,25,62,32,78,97,103,74,10234,76,80,84,88,91
20160111 02:34,64,27,60,25,65,43,78,97,103,74,10233,76,80,84,88,91
20160111 02:35,60,28,60,25,55,36,78,97,103,74,10233,76,80,84,88,91
20160111 02:36,55,25,60,26,56,38,78,96,102,72,10232,76,80,84,88,91
20160111 02:37,60,23,60,25,64,29,78,96,102,72,10232,76,80,84,88,91
20160111 02:38,63,26,61,25,63,41,78,96,102,72,10232,76,80,84,88,91
20160111 02:39,57,30,60,25,52,44,78,96,102,72,10232,76,80,84,88,91
20160111 02:40,57,25,60,25,63,31,78,96,102,72,10232,76,80,84,88,91
20160111 02:41,63,20,61,25,62,36,78,96,102,72,10232,76,80,84,88,91
20160111 02:42,62,24,60,26,62,35,78,96,102,72,10231,76,80,84,88,91
20160111 02:43,63,26,61,25,64,30,78,96,102,72,10231,76,80,84,88,91
20160111 02:44,66,22,61,25,68,28,78,96,102,72,10231,76,80,84,88,91
20160111 02:45,67,24,62,25,65,30,78,96,102,72,10231,76,80,84,88,91
20160111 02:46,68,24,63,24,70,30,78,96,102,72,10231,76,80,84,88,91
20160111 02:47,69,22,64,25,69,29,78,96,102,72,10231,76,80,84,88,91
20160111 02:48,66,22,64,24,63,25,78,96,102,72,10231,76,80,84,88,91
20160111 02:49,64,18,65,22,64,22,78,96,102,72,10231,76,80,84,88,91
20160111 02:50,64,19,65,22,64,30,78,96,102,72,10231,76,80,84,88,91
20160111 02:51,58,22,64,22,53,27,78,96,102,72,10231,76,80,84,88,91
20160111 02:52,56,24,64,22,60,31,78,96,102,72,10231,76,80,84,88,91
20160111 02:53,59,23,63,22,58,30,78,96,102,72,10231,76,80,84,88,91
20160111 02:54,54,21,62,22,49,32,78,96,102,72,10231,75,80,84,88,91
20160111 02:55,47,21,60,21,45,26,77,96,101,71,10231,75,80,84,88,91
20160111 02:56,43,16,57,20,41,22,77,96,101,71,10231,75,80,84,88,91
20160111 02:57,46,13,55,19,52,20,77,96,101,71,10231,75,80,84,88,91
20160111 02:58,48,17,53,19,45,27,77,96,101,71,10231,75,80,84,88,91
20160111 02:59,49,20,52,20,52,33,77,96,101,71,10231,75,80,84,88,91
20160111 03:00,50,19,50,19,48,26,77,96,101,71,10231,75,80,84,88,91
20160111 03:01,47,18,50,19,46,27,77,96,101,71,10230,75,80,84,88,91
20160111 03:02,52,17,49,18,57,26,77,96,101,71,10230,75,79,84,88,91
20160111 03:03,56,20,49,18,56,31,77,96,101,71,10230,75,79,84,88,91
20160111 03:04,56,21,50,18,56,26,77,96,101,71,10230,75,79,84,88,91
20160111 03:05,58,18,51,18,59,24,77,96,101,71,10230,75,79,84,88,91
20160111 03:06,61,18,53,18,62,29,77,96,101,71,10230,75,79,84,88,91
20160111 03:07,60,19,54,19,58,25,77,96,101,71,10230,75,79,84,88,91
20160111 03:08,56,16,55,18,54,20,77,96,101,71,10229,75,79,84,88,91
20160111 03:09,57,16,56,18,59,27,77,96,101,71,10229,75,79,84,88,91
20160111 03:10,55,16,56,18,51,20,77,96,101,71,10229,75,79,84,88,90
20160111 03:11,59,13,58,17,66,16,77,96,101,71,10229,75,79,84,88,91
20160111 03:12,62,16,58,18,59,30,77,96,101,71,10229,75,79,84,88,91
20160111 03:13,59,18,58,17,59,27,77,96,101,71,10229,75,79,84,88,91
20160111 03:14,55,19,58,17,52,26,77,96,101,71,10229,75,79,84,88,91
20160111 03:15,58,17,58,17,64,20,77,96,101,71,10229,75,79,84,88,91
20160111 03:16,70,16,60,17,75,25,77,96,101,71,10229,75,79,84,88,91
20160111 03:17,74,17,61,17,72,22,77,96,101,71,10228,75,79,84,88,91
20160111 03:18,71,17,63,17,70,22,77,96,101,71,10228,75,79,84,88,91
20160111 03:19,73,19,64,17,76,24,77,96,101,71,10228,75,79,84,88,91
20160111 03:20,73,20,66,18,70,25,77,96,101,71,10228,75,79,84,88,91
20160111 03:21,72,18,67,18,73,22,77,96,101,71,10228,75,79,84,88,91
20160111 03:22,72,16,68,18,72,20,77,96,101,71,10228,75,79,84,88,90
20160111 03:23,66,16,69,18,61,30,77,96,101,71,10228,75,79,84,88,91
20160111 03:24,71,18,71,17,81,23,77,96,101,71,10228,75,79,84,88,91
20160111 03:25,75,20,72,18,70,29,77,96,101,71,10228,75,79,84,88,91
20160111 03:26,64,18,70,18,58,22,77,96,101,71,10228,75,79,84,88,90
20160111 03:27,57,16,69,18,57,27,77,96,101,71,10228,75,79,84,88,90
20160111 03:28,59,19,68,18,61,26,76,96,100,70,10228,75,79,84,88,91
20160111 03:29,61,17,66,18,60,21,76,96,100,70,10228,75,79,84,88,91
20160111 03:30,60,16,65,17,60,23,76,96,100,70,10228,75,79,84,88,91
20160111 03:31,59,18,64,17,58,23,76,96,100,70,10228,75,79,84,88,90
20160111 03:32,54,17,62,17,51,20,76,96,100,70,10228,75,79,84,88,90
20160111 03:33,53,16,61,18,56,36,76,96,100,70,10228,75,79,84,88,90
20160111 03:34,57,20,59,18,57,31,76,96,100,70,10228,75,79,84,88,90
20160111 03:35,53,19,57,17,50,23,76,96,100,70,10228,75,79,84,88,91
20160111 03:36,51,14,56,17,52,17,76,96,100,70,10228,75,79,84,88,90
20160111 03:37,48,12,55,17,45,16,76,96,100,70,10228,75,79,84,88,91
20160111 03:38,49,12,54,16,53,19,76,96,100,70,10227,75,79,84,88,90
20160111 03:39,55,15,54,16,57,23,76,96,100,70,10227,75,79,84,88,90
20160111 03:40,58,15,54,16,59,16,76,96,100,70,10227,75,79,84,88,90
20160111 03:41,56,15,53,16,52,22,76,96,100,70,10226,75,79,84,88,90
20160111 03:42,53,15,53,15,53,17,76,96,100,70,10226,74,79,84,88,90
20160111 03:43,55,14,54,15,57,27,76,96,100,70,10226,74,79,84,88,90
20160111 03:44,60,17,54,15,63,25,76,96,100,70,10226,74,79,84,88,90
20160111 03:45,56,17,54,15,50,19,76,96,100,70,10225,74,79,84,88,90
20160111 03:46,55,14,55,15,60,19,76,96,100,70,10225,74,79,84,88,90
20160111 03:47,60,15,56,15,60,23,76,96,100,70,10225,74,79,84,88,90
20160111 03:48,58,22,57,17,55,34,76,96,100,70,10225,74,79,84,88,90
20160111 03:49,49,23,55,17,43,30,76,96,100,70,10225,74,79,84,88,90
20160111 03:50,47,21,54,18,51,35,76,96,100,70,10224,74,79,84,88,90
20160111 03:51,50,26,54,19,49,42,76,96,100,70,10224,74,79,84,88,90
20160111 03:52,51,23,54,19,53,23,76,96,100,70,10224,74,79,84,88,90
20160111 03:53,52,18,53,20,50,37,76,96,100,70,10224,74,79,84,88,90
20160111 03:54,47,20,51,20,43,24,76,96,100,70,10224,74,79,84,88,90
20160111 03:55,48,19,52,20,53,32,76,96,100,70,10224,74,79,84,88,90
20160111 03:56,51,21,51,21,50,33,76,96,100,70,10224,74,79,84,88,90
20160111 03:57,47,25,49,22,45,38,76,96,100,70,10224,74,79,84,88,90
20160111 03:58,44,24,48,22,43,30,77,96,101,71,10224,74,79,84,88,90
20160111 03:59,43,21,48,22,43,30,77,96,101,71,10224,74,79,84,88,90
20160111 04:00,46,21,48,22,50,33,77,96,101,71,10225,74,79,84,88,90
20160111 04:01,38,24,46,22,27,39,77,96,101,71,10225,74,79,84,88,90
20160111 04:02,42,21,46,22,57,21,77,96,101,71,10225,74,79,84,88,90
20160111 04:03,51,15,46,21,44,23,77,96,101,71,10225,74,79,84,88,90
20160111 04:04,41,15,45,21,37,22,77,96,101,71,10225,74,79,84,88,90
20160111 04:05,42,16,44,20,48,27,77,96,101,71,10225,74,79,84,88,90
20160111 04:06,55,17,46,20,61,28,77,96,101,71,10224,74,79,84,88,90
20160111 04:07,52,19,45,19,43,35,77,96,101,71,10224,74,79,84,88,90
20160111 04:08,48,18,46,18,53,21,77,96,101,71,10224,74,78,84,88,90
20160111 04:09,48,13,46,17,43,17,77,96,101,71,10224,74,78,84,88,90
20160111 04:10,47,17,46,17,51,40,77,96,101,71,10224,74,79,84,88,90
20160111 04:11,47,24,48,17,43,32,77,96,101,71,10224,74,78,84,88,90
20160111 04:12,45,17,47,17,48,19,77,96,101,71,10224,74,78,84,88,90
20160111 04:13,41,16,46,18,34,36,77,96,101,71,10225,74,78,84,88,90
20160111 04:14,43,20,48,18,53,29,77,96,101,71,10225,74,78,84,88,90
20160111 04:15,46,24,47,19,39,38,77,96,101,71,10225,74,78,84,88,90
20160111 04:16,43,23,45,19,47,28,77,96,101,71,10225,74,78,84,88,90
20160111 04:17,52,21,47,19,57,32,77,96,101,71,10224,74,78,84,88,90
20160111 04:18,55,25,47,20,53,36,77,96,101,71,10224,74,78,84,88,90
20160111 04:19,55,25,48,22,58,36,77,96,101,71,10224,74,78,84,88,90
20160111 04:20,55,28,48,23,52,45,77,96,101,71,10224,74,78,84,88,90
20160111 04:21,47,28,48,23,42,34,77,96,101,71,10224,74,78,83,88,90
20160111 04:22,41,23,48,24,40,33,77,96,101,71,10224,74,78,84,88,90
20160111 04:23,44,19,49,23,49,24,77,96,101,71,10224,74,78,83,88,90
20160111 04:24,50,19,49,24,50,34,77,96,101,71,10224,74,78,83,88,90
20160111 04:25,44,22,49,23,39,30,77,96,101,71,10224,74,78,83,88,90
20160111 04:26,42,20,49,23,46,27,77,96,101,71,10224,74,78,83,88,90
20160111 04:27,45,19,47,22,44,26,77,96,101,71,10224,74,78,83,88,90
20160111 04:28,43,22,46,22,42,35,77,96,101,71,10224,74,78,83,88,90
20160111 04:29,44,27,45,23,46,44,77,96,101,71,10224,74,78,83,88,90
20160111 04:30,48,26,45,22,49,39,77,96,101,71,10224,74,78,83,88,90
20160111 04:31,43,22,44,22,36,26,77,96,101,71,10224,74,78,83,88,90
20160111 04:32,34,19,43,21,31,24,77,96,101,71,10225,74,78,83,88,90
20160111 04:33,30,18,41,22,29,32,77,96,101,71,10225,74,78,83,88,90
20160111 04:34,29,18,39,21,29,27,77,96,101,71,10225,74,78,83,88,90
20160111 04:35,26,20,38,21,24,28,77,96,101,71,10225,74,78,83,88,90
20160111 04:36,33,23,37,22,42,40,77,96,101,71,10225,74,78,83,88,90
20160111 04:37,34,18,35,21,27,22,77,96,101,71,10225,74,78,83,88,90
20160111 04:38,35,19,36,21,43,37,77,96,101,71,10225,74,78,83,88,90
20160111 04:39,48,23,36,20,52,28,77,96,101,71,10225,74,78,83,88,90
20160111 04:40,46,22,35,20,40,32,77,96,101,71,10225,74,78,83,88,90
20160111 04:41,47,21,37,20,54,28,77,96,101,71,10225,74,78,83,88,90
20160111 04:42,52,19,39,20,51,24,77,96,101,71,10225,74,78,83,88,90
20160111 04:43,52,20,42,20,54,30,77,96,101,71,10225,74,78,83,88,90
20160111 04:44,53,23,44,21,52,34,77,96,101,71,10225,74,78,83,88,90
20160111 04:45,55,27,47,22,58,40,77,96,101,71,10225,74,78,83,88,90
20160111 04:46,57,26,49,21,56,32,77,96,101,71,10225,74,78,83,88,90
20160111 04:47,55,22,51,23,54,43,77,96,101,71,10225,74,78,83,88,90
20160111 04:48,53,25,52,23,53,42,77,96,101,71,10225,74,78,83,88,90
20160111 04:49,52,27,52,23,52,39,77,96,101,71,10225,74,78,83,88,90
20160111 04:50,52,23,54,23,53,31,77,96,101,71,10225,74,78,83,88,90
20160111 04:51,53,26,54,24,53,46,77,96,101,71,10225,74,78,83,88,90
20160111 04:52,48,27,53,25,42,36,77,95,100,70,10225,74,78,83,88,90
20160111 04:53,43,18,52,24,44,21,77,95,100,70,10226,74,78,83,88,90
20160111 04:54,44,15,51,23,45,24,77,95,100,70,10226,74,78,83,88,90
20160111 04:55,45,17,50,22,46,24,76,95,99,69,10226,74,78,83,88,90
20160111 04:56,50,21,50,22,54,34,76,95,99,69,10226,74,78,83,88,90
20160111 04:57,51,23,49,22,49,29,76,95,99,69,10226,74,78,83,88,90
20160111 04:58,51,19,49,21,53,30,76,95,99,69,10226,73,78,83,88,90
20160111 04:59,52,19,49,21,52,26,76,95,99,69,10226,74,78,83,88,90
20160111 05:00,52,22,49,21,51,37,76,95,99,69,10226,73,78,83,88,90
20160111 05:01,45,23,48,20,40,45,76,95,99,69,10226,73,78,83,88,90
20160111 05:02,47,27,49,21,55,47,76,95,99,69,10226,73,78,83,88,90
20160111 05:03,55,29,50,22,56,35,76,95,99,69,10226,73,78,83,88,90
20160111 05:04,54,26,51,23,53,33,76,95,99,69,10225,73,78,83,88,90
20160111 05:05,56,25,52,24,59,33,76,95,99,69,10225,73,78,83,88,90
20160111 05:06,56,27,52,24,53,35,76,95,99,69,10225,73,78,83,88,90
20160111 05:07,55,27,53,25,58,42,76,95,99,69,10225,73,78,83,88,90
20160111 05:08,58,25,54,25,58,36,76,95,99,69,10225,73,78,83,88,90
20160111 05:09,56,26,54,26,54,37,76,94,98,67,10226,73,78,83,88,90
20160111 05:10,55,25,54,26,57,30,76,94,98,67,10226,73,78,83,88,90
20160111 05:11,53,25,55,26,48,45,76,94,98,67,10226,73,78,83,88,90
20160111 05:12,49,27,55,26,49,44,75,94,97,66,10226,73,78,83,88,90
20160111 05:13,46,22,53,25,44,29,75,94,97,66,10226,73,78,83,88,90
20160111 05:14,45,18,53,24,45,27,75,94,97,66,10227,73,78,83,88,90
20160111 05:15,46,18,51,24,47,25,75,94,97,66,10227,73,78,83,88,90
20160111 05:16,46,19,51,23,46,30,75,94,97,66,10227,73,78,83,88,90
20160111 05:17,44,25,49,23,41,48,75,94,97,66,10227,73,78,83,88,90
20160111 05:18,44,29,48,23,46,37,75,94,97,66,10227,73,78,83,88,90
20160111 05:19,43,24,46,23,40,34,75,94,97,66,10227,73,78,83,88,90
20160111 05:20,45,26,46,24,50,47,75,94,97,66,10227,73,78,83,88,90
20160111 05:21,49,32,46,24,49,46,75,94,97,66,10227,73,78,83,88,90
20160111 05:22,46,33,45,25,43,49,75,94,97,66,10227,73,78,83,87,90
20160111 05:23,43,30,45,26,43,38,75,94,97,66,10227,72,78,83,88,90
20160111 05:24,45,28,45,27,46,36,75,94,97,66,10227,72,78,83,87,90
20160111 05:25,45,30,45,28,44,44,75,94,97,66,10227,72,78,83,87,90
20160111 05:26,45,28,45,29,46,37,75,94,97,66,10227,72,78,83,87,90
20160111 05:27,45,25,45,28,43,37,75,94,97,66,10227,72,78,83,87,90
20160111 05:28,43,25,45,28,43,39,75,94,97,66,10227,72,78,83,87,90
20160111 05:29,49,24,46,28,55,29,74,94,97,65,10227,72,77,83,87,90
20160111 05:30,52,21,46,27,49,25,74,94,97,65,10227,72,78,83,87,90
20160111 05:31,49,21,46,26,49,44,74,94,97,65,10227,72,77,83,87,90
20160111 05:32,49,28,47,26,48,59,74,94,97,65,10227,72,77,83,87,90
20160111 05:33,49,29,47,26,50,39,74,94,97,65,10227,72,77,83,87,90
20160111 05:34,53,22,48,25,56,30,74,94,97,65,10227,72,77,83,87,90
20160111 05:35,50,26,48,25,43,46,74,94,97,65,10228,72,77,83,87,90
20160111 05:36,46,23,48,24,49,26,74,94,97,65,10227,72,77,83,87,90
20160111 05:37,44,23,48,25,38,45,74,94,97,65,10227,72,77,83,87,90
20160111 05:38,42,28,48,25,46,35,74,95,98,67,10227,72,77,83,87,90
20160111 05:39,48,19,48,24,50,22,74,95,98,67,10227,72,77,83,87,90
20160111 05:40,58,17,49,24,65,25,74,95,98,67,10227,72,77,83,87,90
20160111 05:41,60,18,50,23,55,26,74,95,98,67,10228,72,77,83,87,90
20160111 05:42,57,20,51,22,60,31,74,95,98,67,10228,72,77,83,87,90
20160111 05:43,59,26,52,22,58,32,74,95,98,67,10228,72,77,83,87,90
20160111 05:44,57,27,52,23,56,34,74,95,98,67,10228,72,77,83,87,90
20160111 05:45,58,26,54,22,61,34,74,95,98,67,10228,72,77,83,87,90
20160111 05:46,59,26,55,24,56,39,74,95,98,67,10228,72,77,83,87,90
20160111 05:47,60,25,57,23,63,30,74,95,98,67,10228,72,77,83,87,90
20160111 05:48,62,26,59,23,61,43,74,95,98,67,10228,72,77,83,87,90
20160111 05:49,58,26,59,24,55,36,74,95,98,67,10228,72,77,83,87,90
20160111 05:50,56,26,58,25,58,50,74,95,98,67,10228,72,77,83,87,90
20160111 05:51,56,34,58,27,54,59,74,95,98,67,10228,72,77,83,87,90
20160111 05:52,52,34,57,28,50,43,74,95,98,67,10229,72,77,83,87,90
20160111 05:53,52,27,57,28,55,39,74,95,98,67,10229,72,77,83,87,90
20160111 05:54,55,28,57,28,56,45,74,95,98,67,10229,72,77,83,87,90
20160111 05:55,50,33,55,29,44,52,74,95,98,67,10229,72,77,83,87,90
20160111 05:56,48,33,55,29,52,46,74,95,98,67,10229,72,77,83,87,90
20160111 05:57,48,28,53,30,43,38,74,95,98,67,10229,72,77,83,87,90
20160111 05:58,47,26,52,29,51,45,74,95,98,67,10230,72,77,83,87,90
20160111 05:59,54,23,52,29,56,27,74,95,98,67,10230,72,77,83,87,90
20160111 06:00,53,24,51,29,49,48,74,95,98,67,10230,72,77,83,87,90
20160111 06:01,50,35,51,29,51,61,74,95,98,67,10231,72,77,83,87,90
20160111 06:02,48,40,50,30,46,56,74,95,98,67,10231,72,77,83,87,90
20160111 06:03,46,34,49,31,47,45,74,95,98,67,10231,72,77,83,87,90
20160111 06:04,46,27,48,30,46,39,74,95,98,67,10231,72,77,83,87,90
20160111 06:05,51,26,50,29,57,37,74,95,98,67,10231,72,77,83,87,90
20160111 06:06,51,24,49,29,46,33,74,95,98,67,10231,72,77,83,87,90
20160111 06:07,45,24,49,29,44,32,74,95,98,67,10231,72,77,83,87,90
20160111 06:08,42,23,48,28,39,29,74,95,98,67,10231,72,77,83,87,90
20160111 06:09,43,28,47,30,47,55,74,95,98,67,10231,72,77,83,87,90
20160111 06:10,46,35,47,30,45,42,74,95,98,67,10231,72,77,83,87,90
20160111 06:11,47,32,47,29,49,44,74,95,98,67,10231,72,77,83,87,90
20160111 06:12,42,30,46,28,36,44,74,95,98,67,10231,72,77,83,87,90
20160111 06:13,38,35,45,29,41,57,74,95,98,67,10231,72,77,83,87,90
20160111 06:14,42,37,45,30,44,49,74,95,98,67,10231,72,77,83,87,90
20160111 06:15,43,33,43,31,43,47,74,95,98,67,10231,72,77,83,87,90
20160111 06:16,41,29,43,31,38,39,74,95,98,67,10232,72,77,83,87,90
20160111 06:17,40,27,42,31,41,42,74,96,99,68,10232,73,77,83,87,90
20160111 06:18,42,26,43,32,43,35,74,96,99,68,10232,72,77,82,87,90
20160111 06:19,43,22,42,30,43,31,74,96,99,68,10232,73,77,82,87,90
20160111 06:20,48,23,43,29,52,41,74,96,99,68,10233,73,77,83,87,90
20160111 06:21,44,23,42,28,37,27,74,96,99,68,10233,73,77,82,87,90
20160111 06:22,38,22,42,28,39,35,74,96,99,68,10233,72,77,82,87,90
20160111 06:23,42,25,42,26,45,48,74,96,99,68,10233,72,77,82,87,90
20160111 06:24,42,23,42,25,39,27,74,96,99,68,10233,72,77,82,87,90
20160111 06:25,33,23,41,24,28,35,74,96,99,68,10233,72,77,82,87,90
20160111 06:26,34,27,41,24,40,37,74,96,99,68,10233,72,77,82,87,90
20160111 06:27,35,28,40,24,30,43,74,96,99,68,10234,72,77,82,87,90
20160111 06:28,31,32,39,25,33,59,74,96,99,68,10233,72,77,82,87,90
20160111 06:29,33,36,38,27,34,48,74,96,99,68,10233,72,77,82,87,90
20160111 06:30,42,26,38,26,51,33,74,96,99,68,10233,72,77,82,87,90
20160111 06:31,46,23,38,27,40,49,74,96,99,68,10233,72,77,82,87,90
20160111 06:32,42,27,38,27,45,35,74,96,99,68,10233,72,77,82,87,90
20160111 06:33,47,22,39,26,49,35,74,96,99,68,10233,72,77,82,87,90
20160111 06:34,41,26,38,27,34,52,74,96,99,68,10233,72,77,82,87,90
20160111 06:35,36,29,39,28,38,47,74,96,99,68,10233,72,77,82,87,90
20160111 06:36,35,26,39,27,32,29,73,96,98,67,10233,72,77,82,87,90
20160111 06:37,36,21,40,26,40,27,73,96,98,67,10233,72,77,82,87,90
20160111 06:38,39,22,40,25,38,34,73,96,98,67,10233,72,77,82,87,90
20160111 06:39,34,28,40,25,31,39,73,96,98,67,10233,72,77,82,87,90
20160111 06:40,34,30,38,26,38,43,73,96,98,67,10233,72,77,82,87,90
20160111 06:41,40,26,39,25,42,30,73,96,98,67,10233,72,77,82,87,90
20160111 06:42,37,23,37,25,32,38,73,96,98,67,10233,72,77,82,87,90
20160111 06:43,34,29,36,27,36,48,73,96,98,67,10233,72,77,82,87,90
20160111 06:44,34,31,36,26,31,42,73,96,98,67,10233,72,77,82,87,90
20160111 06:45,28,29,35,26,25,48,73,96,98,67,10233,72,77,82,87,90
20160111 06:46,32,32,35,27,40,46,73,96,98,67,10233,72,77,82,87,90
20160111 06:47,35,33,34,29,30,48,73,96,98,67,10233,72,77,82,87,90
20160111 06:48,34,33,34,30,38,44,73,96,98,67,10233,72,77,82,87,90
20160111 06:49,35,32,34,30,31,47,73,96,98,67,10233,72,77,82,87,90
20160111 06:50,35,30,34,30,39,44,73,96,98,67,10233,72,77,82,87,90
20160111 06:51,37,31,34,31,36,52,73,96,98,67,10233,72,77,82,87,90
20160111 06:52,38,41,35,33,40,74,73,96,98,67,10233,72,77,82,87,90
20160111 06:53,37,45,35,34,35,57,73,96,98,67,10233,72,77,82,87,90
20160111 06:54,40,42,36,36,45,56,73,96,98,67,10233,72,77,82,87,90
20160111 06:55,45,39,38,36,44,62,73,96,98,67,10233,72,77,82,87,90
20160111 06:56,41,36,38,37,38,56,73,96,98,67,10233,72,77,82,87,90
20160111 06:57,43,35,39,37,48,54,73,96,98,67,10233,72,76,82,87,90
20160111 06:58,43,40,39,38,37,57,73,96,98,67,10233,72,76,82,87,90
20160111 06:59,40,36,40,37,43,43,73,96,98,67,10233,72,76,82,87,90
20160111 07:00,42,30,41,38,41,61,73,96,98,67,10233,72,76,82,87,90
20160111 07:01,42,35,41,38,42,62,73,96,98,67,10233,72,76,82,87,90
20160111 07:02,47,34,43,36,53,51,73,96,98,67,10233,72,76,82,87,90
20160111 07:03,49,36,44,36,45,58,73,96,98,67,10233,72,76,82,87,90
20160111 07:04,45,43,43,37,44,62,73,96,98,67,10233,71,76,82,87,90
20160111 07:05,47,40,44,37,50,62,73,95,97,66,10233,71,76,82,87,90
20160111 07:06,43,42,44,38,36,58,73,95,97,66,10233,71,76,82,87,90
20160111 07:07,39,46,43,39,42,64,73,95,97,66,10233,71,76,82,87,90
20160111 07:08,44,40,44,38,47,47,73,95,97,66,10233,71,76,82,87,90
20160111 07:09,47,38,45,39,48,57,73,95,97,66,10233,71,76,82,87,90
20160111 07:10,46,40,45,40,45,61,73,95,97,66,10233,71,76,82,87,90
20160111 07:11,44,42,45,40,44,56,73,95,97,66,10233,71,76,82,87,90
20160111 07:12,43,38,44,41,43,56,73,95,97,66,10233,71,76,82,87,90
20160111 07:13,44,32,44,40,44,53,73,95,97,66,10233,71,76,82,87,90
20160111 07:14,44,31,44,38,43,47,73,95,97,66,10233,71,76,82,87,90
20160111 07:15,46,28,44,37,50,43,73,95,97,66,10233,71,76,82,87,90
20160111 07:16,47,36,45,37,45,67,73,95,97,66,10233,72,76,82,87,90
20160111 07:17,43,40,45,36,42,53,73,95,97,66,10233,72,76,82,87,90
20160111 07:18,42,30,45,35,42,42,73,95,97,66,10233,72,76,82,87,90
20160111 07:19,43,27,44,34,43,39,73,95,97,66,10234,72,76,82,87,90
20160111 07:20,44,33,44,34,45,54,73,95,97,66,10234,72,76,82,87,90
20160111 07:21,43,31,44,32,40,39,73,95,97,66,10234,72,76,82,87,90
20160111 07:22,39,22,43,31,39,29,73,95,97,66,10234,72,76,82,87,90
20160111 07:23,40,28,43,31,41,45,73,95,97,66,10234,72,76,82,87,90
20160111 07:24,43,36,43,32,45,52,73,95,97,66,10234,72,76,82,87,90
20160111 07:25,45,35,43,33,45,52,73,95,97,66,10234,72,76,82,87,90
20160111 07:26,43,32,42,31,41,42,73,95,97,66,10234,72,76,82,87,90
20160111 07:27,36,28,41,30,31,43,73,95,97,66,10234,72,76,82,87,90
20160111 07:28,37,27,41,30,42,38,73,95,97,66,10234,72,76,82,87,90
20160111 07:29,44,22,42,29,46,36,73,95,97,66,10234,72,76,82,87,90
20160111 07:30,44,22,41,28,41,37,73,96,98,67,10234,72,76,82,87,90
20160111 07:31,37,34,40,29,33,59,73,96,98,67,10234,72,76,82,87,90
20160111 07:32,39,33,41,30,46,38,73,96,98,67,10234,72,76,82,87,90
20160111 07:33,48,27,42,29,49,45,73,96,98,67,10235,72,76,82,87,90
20160111 07:34,48,34,42,30,46,58,73,95,97,66,10235,72,76,82,87,90
20160111 07:35,43,38,42,30,41,53,73,95,97,66,10235,72,76,82,87,90
20160111 07:36,35,31,40,29,29,39,73,95,97,66,10235,73,76,82,87,90
20160111 07:37,34,20,41,28,39,23,74,95,98,67,10235,73,76,82,87,90
20160111 07:38,40,19,41,28,40,33,74,95,98,67,10235,73,76,82,87,90
20160111 07:39,46,27,42,29,52,54,74,95,98,67,10235,73,76,82,87,90
20160111 07:40,44,33,41,30,37,45,74,95,98,67,10235,73,76,82,87,90
20160111 07:41,33,29,41,28,29,34,74,95,98,67,10235,73,76,82,87,90
20160111 07:42,31,27,39,29,33,38,74,95,98,67,10235,73,76,82,87,90
20160111 07:43,37,26,39,28,41,38,74,95,98,67,10235,73,76,82,87,90
20160111 07:44,43,25,39,27,46,37,74,95,98,67,10235,73,76,82,87,90
20160111 07:45,44,29,39,26,41,49,74,95,98,67,10235,73,76,82,87,90
20160111 07:46,42,36,40,28,43,48,74,95,98,67,10235,73,76,82,87,90
20160111 07:47,45,33,41,29,47,38,74,95,98,67,10235,73,76,82,87,90
20160111 07:48,41,31,40,30,35,55,74,95,98,67,10235,73,76,82,87,90
20160111 07:49,41,31,40,30,48,46,74,95,98,67,10235,74,76,82,87,90
20160111 07:50,42,30,40,29,38,51,74,95,98,67,10235,74,76,82,87,90
20160111 07:51,36,35,41,31,35,60,74,95,98,67,10235,74,76,82,87,90
20160111 07:52,39,43,42,33,44,73,74,95,98,67,10235,74,76,82,87,90
20160111 07:53,44,43,42,34,44,51,74,95,98,67,10235,74,76,82,87,90
20160111 07:54,43,39,42,36,42,68,74,95,98,67,10235,74,76,82,87,90
20160111 07:55,38,35,41,36,34,42,74,95,98,67,10235,74,76,82,87,90
20160111 07:56,43,29,42,34,52,39,74,95,98,67,10235,74,76,82,87,90
20160111 07:57,39,20,40,33,26,21,74,95,98,67,10235,74,76,82,87,90
20160111 07:58,35,20,41,32,43,36,74,95,98,67,10235,74,76,82,87,90
20160111 07:59,40,23,39,31,36,34,74,95,98,67,10236,74,76,82,87,90
20160111 08:00,40,20,40,30,45,29,73,95,97,66,10236,74,76,82,87,90
20160111 08:01,36,20,39,28,27,32,73,95,97,66,10236,74,76,82,87,90
20160111 08:02,37,26,40,27,47,41,73,95,97,66,10236,74,76,82,87,90
20160111 08:03,42,29,39,25,36,35,73,95,97,66,10236,74,76,82,87,90
20160111 08:04,37,27,38,24,38,39,73,95,97,66,10236,74,76,82,87,90
20160111 08:05,35,29,38,24,32,52,73,95,97,66,10236,74,76,82,87,90
20160111 08:06,37,33,37,25,41,55,73,95,97,66,10236,74,76,82,87,90
20160111 08:07,35,32,37,27,28,60,73,95,97,66,10236,74,76,82,87,90
20160111 08:08,26,33,35,28,24,46,73,95,97,66,10236,74,76,82,87,90
20160111 08:09,24,36,34,29,23,46,73,95,97,66,10236,74,76,82,87,90
20160111 08:10,23,32,32,30,22,43,73,95,97,66,10236,74,77,82,86,90
20160111 08:11,25,25,32,30,28,43,73,95,97,66,10237,74,77,82,86,90
20160111 08:12,29,27,30,30,30,48,73,95,97,66,10237,75,77,82,87,90
20160111 08:13,30,37,30,32,30,58,73,95,97,66,10237,75,77,82,87,90
20160111 08:14,28,35,28,32,25,42,73,95,97,66,10237,75,77,82,86,90
20160111 08:15,24,35,27,33,24,55,73,95,97,66,10238,75,77,82,86,90
20160111 08:16,24,40,26,34,25,53,73,95,97,66,10238,75,77,82,87,90
20160111 08:17,26,40,26,35,27,54,72,95,96,65,10238,75,77,82,86,90
20160111 08:18,25,44,26,36,23,56,72,95,96,65,10238,75,77,82,86,90
20160111 08:19,23,38,26,35,22,40,72,95,96,65,10239,75,77,82,87,90
20160111 08:20,24,31,26,35,25,52,72,95,96,65,10239,75,77,82,86,90
20160111 08:21,33,38,27,38,41,69,72,95,96,65,10239,75,77,82,86,90
20160111 08:22,40,44,28,39,38,66,72,95,96,65,10240,75,77,82,86,90
20160111 08:23,36,32,28,37,35,32,72,95,96,65,10240,75,77,82,86,90
20160111 08:24,39,30,30,38,44,61,72,95,96,65,10240,75,77,82,86,90
20160111 08:25,42,43,32,38,40,68,72,95,96,65,10240,75,77,82,86,90
20160111 08:26,33,42,32,38,26,54,72,95,96,65,10240,75,77,82,86,90
20160111 08:27,29,40,33,38,32,53,72,95,96,65,10240,75,77,82,86,90
20160111 08:28,30,36,33,37,27,40,72,95,96,65,10241,75,77,82,86,89
20160111 08:29,32,29,35,37,37,41,72,95,96,65,10241,75,77,82,86,90
20160111 08:30,37,29,36,36,37,40,72,95,96,65,10241,75,77,82,86,90
20160111 08:31,30,30,34,35,23,44,72,95,96,65,10241,75,77,82,86,90
20160111 08:32,19,32,32,34,15,47,72,95,96,65,10241,75,77,82,86,90
20160111 08:33,30,33,33,35,45,46,72,95,96,65,10241,75,77,82,86,90
20160111 08:34,39,33,32,35,34,47,71,95,96,64,10241,75,77,82,86,90
20160111 08:35,30,29,30,32,27,35,71,95,96,64,10241,75,77,82,86,90
20160111 08:36,23,27,30,31,19,54,71,95,96,64,10242,76,77,82,86,90
20160111 08:37,24,34,29,31,28,60,71,95,96,64,10242,75,77,82,86,90
20160111 08:38,35,40,31,32,41,57,71,95,96,64,10242,75,77,82,86,90
20160111 08:39,37,37,30,33,34,51,71,95,96,64,10242,75,77,82,86,90
20160111 08:40,39,28,31,32,45,31,71,95,96,64,10242,76,77,82,86,90
20160111 08:41,31,28,30,32,16,42,71,95,96,64,10241,76,77,82,86,90
20160111 08:42,25,36,32,33,34,62,71,95,96,64,10241,76,77,82,86,90
20160111 08:43,38,38,32,33,43,43,71,95,96,64,10241,76,77,82,86,89
20160111 08:44,42,34,33,33,41,60,71,95,96,64,10241,77,77,82,86,89
20160111 08:45,39,36,34,35,37,56,71,95,96,64,10241,77,77,82,86,89
20160111 08:46,38,47,36,37,38,72,71,95,96,64,10241,77,77,82,86,89
20160111 08:47,40,43,37,36,42,51,71,95,96,64,10241,77,77,82,86,89
20160111 08:48,37,36,36,36,32,52,71,95,96,64,10241,77,77,82,86,89
20160111 08:49,37,31,37,35,41,39,71,95,96,64,10241,78,77,82,86,89
20160111 08:50,33,26,35,36,24,44,71,95,96,64,10241,78,77,82,86,90
20160111 08:51,30,27,37,35,36,43,71,95,96,64,10241,78,77,82,86,89
20160111 08:52,34,35,37,35,33,62,71,95,96,64,10241,78,77,82,86,89
20160111 08:53,35,43,36,36,37,72,71,95,96,64,10241,78,78,82,86,89
20160111 08:54,31,46,35,38,26,85,71,95,96,64,10241,78,78,82,86,89
20160111 08:55,28,47,34,38,30,68,71,94,95,62,10241,78,78,82,86,89
20160111 08:56,42,36,35,36,53,43,71,94,95,62,10241,78,78,82,86,89
20160111 08:57,47,32,35,36,41,54,71,94,95,62,10241,78,78,82,86,89
20160111 08:58,40,44,36,37,39,64,71,94,95,62,10241,78,78,82,86,89
20160111 08:59,41,51,36,40,42,78,71,94,95,62,10241,78,78,82,86,89
20160111 09:00,40,52,38,43,39,76,71,94,95,62,10241,78,78,82,86,89
20160111 09:01,42,52,39,45,46,73,71,94,95,62,10241,78,78,82,86,89
20160111 09:02,39,45,38,45,31,64,71,94,95,62,10241,79,78,82,86,89
20160111 09:03,40,38,40,44,49,58,71,94,95,62,10242,79,78,82,86,89
20160111 09:04,45,36,41,43,42,51,71,94,95,62,10242,79,78,82,86,89
20160111 09:05,33,38,41,42,23,51,71,94,95,62,10242,79,78,82,86,89
20160111 09:06,32,38,39,43,41,56,72,94,95,63,10242,80,78,82,86,89
20160111 09:07,42,44,39,44,42,84,72,94,95,63,10242,80,78,82,86,89
20160111 09:08,43,49,40,44,43,74,72,94,95,63,10242,80,78,82,86,89
20160111 09:09,40,45,39,43,37,64,72,94,95,63,10242,80,78,82,86,89
20160111 09:10,38,36,39,41,39,45,72,94,95,63,10242,80,78,82,86,89
20160111 09:11,37,35,38,40,36,65,72,94,95,63,10242,81,78,82,86,89
20160111 09:12,40,39,40,40,45,51,72,94,95,63,10243,81,78,82,86,89
20160111 09:13,42,44,39,41,39,69,72,94,95,63,10243,81,78,82,86,89
20160111 09:14,38,49,38,42,37,58,72,93,94,61,10243,81,79,82,86,89
20160111 09:15,37,48,39,43,36,70,72,93,94,61,10243,81,79,82,86,89
20160111 09:16,41,54,40,45,46,82,72,93,94,61,10243,81,79,82,86,89
20160111 09:17,45,52,40,45,45,64,72,93,94,61,10243,81,79,82,86,89
20160111 09:18,46,42,41,44,48,56,72,93,94,61,10243,81,79,82,86,89
20160111 09:19,46,40,41,44,43,65,72,93,94,61,10243,81,79,82,86,89
20160111 09:20,41,33,41,43,38,38,72,93,94,61,10243,81,79,82,86,89
20160111 09:21,41,33,42,44,44,60,72,94,95,63,10243,82,79,82,86,89
20160111 09:22,36,43,40,44,28,69,72,94,95,63,10243,82,79,82,86,89
20160111 09:23,34,43,41,44,41,63,72,94,95,63,10243,82,79,82,86,89
20160111 09:24,38,43,40,43,35,62,72,94,95,63,10244,82,79,82,86,89
20160111 09:25,38,38,41,42,41,47,72,94,95,63,10244,82,79,82,86,89
20160111 09:26,44,32,41,39,48,39,72,94,95,63,10244,82,79,82,86,89
20160111 09:27,44,36,41,38,40,65,73,94,96,64,10244,82,79,82,86,89
20160111 09:28,38,37,39,38,35,41,73,94,96,64,10244,82,79,82,86,89
20160111 09:29,38,30,39,36,40,51,73,94,96,64,10244,82,79,82,86,89
20160111 09:30,41,29,39,37,41,44,73,94,96,64,10244,82,79,82,86,89
20160111 09:31,40,32,39,36,39,58,73,94,96,64,10244,83,79,82,86,89
20160111 09:32,41,37,40,36,43,68,73,94,96,64,10244,83,80,82,86,89
20160111 09:33,38,45,40,36,34,89,73,94,96,64,10244,83,80,82,86,89
20160111 09:34,39,47,41,36,45,63,73,94,96,64,10244,83,80,82,86,89
20160111 09:35,41,38,40,36,38,53,73,94,96,64,10244,83,80,82,86,89
20160111 09:36,37,34,39,37,36,59,73,94,96,64,10244,83,80,82,86,89
20160111 09:37,40,34,40,36,45,48,73,94,96,64,10244,83,80,82,86,89
20160111 09:38,40,30,40,35,35,42,73,95,97,66,10244,83,80,82,86,89
20160111 09:39,35,29,39,35,34,46,73,95,97,66,10244,83,80,82,86,89
20160111 09:40,37,34,39,36,40,55,73,95,97,66,10244,83,80,82,86,89
20160111 09:41,44,36,40,36,49,42,73,95,97,66,10244,83,80,82,86,89
20160111 09:42,46,35,40,36,44,50,73,95,97,66,10244,83,80,82,86,89
20160111 09:43,36,36,40,34,29,47,73,95,97,66,10244,83,80,82,86,89
20160111 09:44,33,44,39,35,37,73,73,95,97,66,10244,83,80,82,86,89
20160111 09:45,34,52,38,37,32,67,73,95,97,66,10244,82,80,82,86,89
20160111 09:46,42,47,40,38,51,62,73,95,97,66,10244,82,80,82,86,89
20160111 09:47,52,40,40,39,52,47,72,95,96,65,10244,82,80,82,86,89
20160111 09:48,47,34,41,39,42,53,72,95,96,65,10243,82,81,82,86,89
20160111 09:49,41,32,42,39,40,57,73,95,97,66,10243,82,81,82,86,89
20160111 09:50,39,30,41,38,37,46,73,95,97,66,10243,82,81,82,86,89
20160111 09:51,39,32,41,38,42,52,73,95,97,66,10243,82,81,82,86,89
20160111 09:52,45,38,41,39,49,57,72,95,96,65,10243,82,81,82,86,89
20160111 09:53,47,44,43,40,45,71,72,95,96,65,10244,82,81,82,86,89
20160111 09:54,45,44,43,39,44,60,72,95,96,65,10244,82,81,82,86,89
20160111 09:55,43,40,44,38,43,58,72,95,96,65,10244,82,81,82,86,89
20160111 09:56,33,46,42,39,24,63,72,95,96,65,10244,82,81,82,86,89
20160111 09:57,30,47,40,39,36,59,73,95,97,66,10244,81,81,82,86,89
20160111 09:58,38,38,40,39,39,44,73,95,97,66,10243,81,81,82,86,89
20160111 09:59,40,37,40,40,40,70,73,95,97,66,10243,82,81,82,86,89
20160111 10:00,38,51,40,44,36,86,72,95,96,65,10243,82,81,82,86,89
20160111 10:01,34,52,39,44,32,61,72,95,96,65,10242,81,81,82,86,89
20160111 10:02,38,39,38,44,44,42,73,95,97,66,10242,81,81,82,86,89
20160111 10:03,40,38,38,43,37,61,73,95,97,66,10242,81,81,82,86,89
20160111 10:04,36,43,37,43,36,75,72,95,96,65,10242,81,81,82,86,89
20160111 10:05,38,41,36,43,40,67,72,95,96,65,10242,81,81,82,86,89
20160111 10:06,37,37,37,42,33,51,72,95,96,65,10242,81,81,82,86,89
20160111 10:07,38,30,38,40,43,54,73,95,97,66,10242,81,81,82,86,89
20160111 10:08,35,29,37,40,27,45,73,95,97,66,10242,82,81,82,86,89
20160111 10:09,33,28,37,38,39,33,73,95,97,66,10243,82,81,83,86,89
20160111 10:10,42,33,38,36,45,60,73,95,97,66,10243,81,81,83,86,89
20160111 10:11,44,41,39,36,43,65,73,95,97,66,10243,81,81,83,86,89
20160111 10:12,41,44,38,37,39,74,73,95,97,66,10243,81,81,83,86,89
20160111 10:13,44,43,39,37,49,58,73,95,97,66,10243,80,81,83,86,89
20160111 10:14,50,38,41,36,51,54,73,95,97,66,10243,80,81,83,86,89
20160111 10:15,50,44,42,38,50,75,73,95,97,66,10243,80,81,83,86,89
20160111 10:16,50,47,44,38,51,70,73,95,97,66,10243,79,81,83,86,89
20160111 10:17,46,35,44,39,42,43,73,95,97,66,10243,79,81,83,86,89
20160111 10:18,45,28,46,38,47,44,73,95,97,66,10243,79,81,83,86,89
20160111 10:19,40,30,45,39,33,53,73,95,97,66,10242,79,81,83,86,89
20160111 10:20,38,36,45,39,42,53,73,95,97,66,10242,79,81,83,86,89
20160111 10:21,47,43,46,39,51,76,73,95,97,66,10243,79,81,83,86,89
20160111 10:22,48,55,46,41,45,90,73,95,97,66,10243,79,81,83,86,89
20160111 10:23,47,60,46,42,49,66,73,95,97,66,10243,79,81,83,86,89
20160111 10:24,46,57,45,45,43,81,73,95,97,66,10244,79,81,83,86,89
20160111 10:25,47,47,45,43,51,50,73,95,97,66,10244,79,81,83,86,89
20160111 10:26,50,32,45,42,48,42,73,95,97,66,10244,79,81,83,86,89
20160111 10:27,49,31,46,42,50,46,73,95,97,66,10245,80,81,83,86,89
20160111 10:28,51,31,46,42,52,46,73,95,97,66,10245,80,81,83,86,89
20160111 10:29,52,28,48,42,51,42,73,95,97,66,10245,80,81,83,86,89
20160111 10:30,50,37,49,42,49,74,73,95,97,66,10245,80,81,83,86,89
20160111 10:31,47,43,48,42,45,61,73,95,97,66,10244,80,81,83,86,89
20160111 10:32,47,34,49,38,50,51,73,95,97,66,10244,80,81,83,86,89
20160111 10:33,50,38,49,37,50,62,74,95,98,67,10244,80,81,83,86,89
20160111 10:34,50,46,50,36,51,55,74,95,98,67,10245,81,81,83,86,89
20160111 10:35,47,39,49,36,43,60,74,95,98,67,10245,81,81,83,86,89
20160111 10:36,41,36,48,37,40,49,74,95,98,67,10245,81,81,83,86,89
20160111 10:37,37,42,47,38,34,68,74,95,98,67,10245,81,81,83,87,89
20160111 10:38,34,47,45,40,34,64,74,95,98,67,10245,81,81,83,86,89
20160111 10:39,38,43,44,41,43,60,74,95,98,67,10245,81,81,83,86,89
20160111 10:40,40,38,43,40,36,64,74,95,98,67,10244,81,81,83,86,89
20160111 10:41,35,39,41,40,34,55,74,95,98,67,10244,81,81,83,86,89
20160111 10:42,39,47,41,43,42,67,74,95,98,67,10244,81,81,83,86,89
20160111 10:43,37,46,39,42,32,57,74,95,98,67,10244,81,81,83,87,89
20160111 10:44,33,34,37,41,34,44,74,95,98,67,10244,81,81,83,87,89
20160111 10:45,35,35,36,41,35,62,74,95,98,67,10244,81,81,83,87,89
20160111 10:46,33,41,36,42,32,59,74,95,98,67,10245,81,81,83,87,89
20160111 10:47,33,48,36,42,35,76,74,95,98,67,10246,81,81,83,87,89
20160111 10:48,36,42,36,41,38,42,74,95,98,67,10246,81,81,83,87,89
20160111 10:49,35,30,35,40,32,42,74,95,98,67,10246,82,81,83,87,89
20160111 10:50,38,34,36,40,45,58,74,95,98,67,10246,82,81,83,87,89
20160111 10:51,44,39,37,40,44,56,74,95,98,67,10246,82,81,83,87,89
20160111 10:52,42,39,37,38,41,55,74,94,97,65,10245,82,81,83,87,89
20160111 10:53,44,37,38,38,46,43,74,94,97,65,10245,82,81,83,87,89
20160111 10:54,45,37,39,39,44,53,74,94,97,65,10245,83,81,83,87,89
20160111 10:55,44,33,40,37,44,39,74,94,97,65,10245,83,81,83,87,89
20160111 10:56,46,29,42,36,49,53,74,94,97,65,10245,83,81,83,87,89
20160111 10:57,46,36,43,35,42,66,74,94,97,65,10245,84,81,83,87,89
20160111 10:58,44,36,43,35,47,44,75,94,97,66,10245,85,81,83,87,89
20160111 10:59,44,30,44,35,41,48,75,94,97,66,10246,85,81,83,87,89
20160111 11:00,38,38,43,36,36,70,75,94,97,66,10246,85,81,83,87,89
20160111 11:01,40,41,44,36,45,55,75,94,97,66,10247,85,81,83,87,89
20160111 11:02,45,32,44,35,45,42,75,94,97,66,10248,85,81,83,87,89
20160111 11:03,42,29,43,34,39,39,75,94,97,66,10248,85,82,83,87,89
20160111 11:04,40,30,43,33,42,49,75,94,97,66,10246,85,82,83,87,89
20160111 11:05,45,30,43,33,48,40,75,94,97,66,10245,85,82,83,87,89
20160111 11:06,43,35,42,34,39,57,75,94,97,66,10244,86,82,83,87,89
20160111 11:07,43,42,43,35,48,68,75,94,97,66,10244,86,82,83,87,89
20160111 11:08,45,47,43,36,43,70,75,93,96,64,10244,85,82,83,87,89
20160111 11:09,44,46,43,38,46,57,75,93,96,64,10244,85,82,83,87,89
20160111 11:10,45,36,44,36,44,46,75,93,96,64,10245,85,82,83,87,89
20160111 11:11,48,37,44,37,51,59,75,93,96,64,10246,85,82,83,87,89
20160111 11:12,46,48,44,39,40,67,75,93,96,64,10246,84,82,83,87,89
20160111 11:13,46,47,45,41,51,55,75,93,96,64,10245,84,82,83,87,89
20160111 11:14,48,41,46,41,45,58,75,92,95,63,10245,84,82,83,87,89
20160111 11:15,50,37,46,42,54,67,75,92,95,63,10245,84,82,83,87,89
20160111 11:16,52,36,47,42,51,51,75,92,95,63,10245,84,82,83,87,89
20160111 11:17,49,31,47,40,48,39,75,92,95,63,10245,84,82,83,87,89
20160111 11:18,43,27,47,38,38,42,75,92,95,63,10244,84,82,83,87,89
20160111 11:19,42,30,47,36,45,49,75,93,96,64,10243,84,82,83,87,89
20160111 11:20,43,31,46,37,41,50,75,93,96,64,10242,84,82,83,87,89
20160111 11:21,39,35,45,36,36,62,75,93,96,64,10241,84,83,83,87,89
20160111 11:22,36,43,45,36,37,72,75,93,96,64,10241,84,83,83,87,89
20160111 11:23,36,46,43,36,34,59,75,93,96,64,10240,84,83,83,87,89
20160111 11:24,37,44,42,36,40,61,75,93,96,64,10240,84,83,83,87,89
20160111 11:25,40,42,41,37,39,59,75,93,96,64,10240,85,83,83,87,89
20160111 11:26,38,43,39,38,37,63,75,93,96,64,10240,85,83,83,87,89
20160111 11:27,40,41,39,39,42,58,75,93,96,64,10240,85,83,83,87,89
20160111 11:28,42,39,39,40,42,66,75,93,96,64,10240,86,83,83,87,89
20160111 11:29,41,47,39,42,39,74,75,93,96,64,10240,86,83,83,87,89
20160111 11:30,45,45,40,43,51,68,75,93,96,64,10239,86,83,84,87,89
20160111 11:31,50,35,41,42,48,47,75,93,96,64,10239,87,83,84,87,89
20160111 11:32,47,31,42,40,47,39,75,93,96,64,10239,88,83,84,87,89
20160111 11:33,43,31,42,39,40,65,75,93,96,64,10240,89,83,84,87,89
20160111 11:34,40,42,42,40,40,67,75,93,96,64,10240,88,83,84,87,89
20160111 11:35,43,55,43,42,46,79,75,93,96,64,10240,88,83,84,87,89
20160111 11:36,45,51,44,42,44,58,75,93,96,64,10239,88,83,84,87,89
20160111 11:37,42,43,44,42,40,93,75,93,96,64,10238,89,83,84,87,89
20160111 11:38,41,50,44,44,43,80,75,93,96,64,10238,89,83,84,87,89
20160111 11:39,46,44,45,42,50,48,75,93,96,64,10238,90,83,84,87,89
20160111 11:40,47,37,44,42,45,70,76,93,97,65,10238,91,83,84,87,89
20160111 11:41,43,38,44,42,41,56,76,93,97,65,10238,91,83,84,87,89
20160111 11:42,51,34,45,43,62,56,76,93,97,65,10238,91,83,84,87,89
20160111 11:43,54,40,46,44,45,68,76,93,97,65,10238,91,83,84,87,89
20160111 11:44,48,45,47,44,50,63,76,93,97,65,10237,91,84,84,87,89
20160111 11:45,46,52,46,43,42,70,76,93,97,65,10237,92,84,84,87,89
20160111 11:46,51,47,48,43,61,63,76,92,96,64,10237,92,84,84,87,89
20160111 11:47,60,37,50,42,59,48,76,92,96,64,10237,93,84,84,87,89
20160111 11:48,59,44,51,42,59,88,76,92,96,64,10236,93,84,84,87,89
20160111 11:49,55,49,51,43,50,66,76,92,96,64,10236,91,84,84,87,89
20160111 11:50,53,45,52,43,55,63,76,92,96,64,10235,91,84,84,87,89
20160111 11:51,53,43,53,44,51,62,76,92,96,64,10234,92,84,84,87,89
20160111 11:52,53,40,53,44,55,56,76,92,96,64,10234,92,84,84,87,89
20160111 11:53,55,38,54,44,56,65,76,92,96,64,10234,92,85,84,87,89
20160111 11:54,58,39,55,43,61,72,76,92,96,64,10234,93,85,84,87,89
20160111 11:55,59,46,56,43,56,71,76,92,96,64,10234,92,85,84,87,89
20160111 11:56,56,47,56,43,55,65,76,92,96,64,10233,92,85,84,87,89
20160111 11:57,53,40,55,43,50,60,76,91,95,62,10233,92,85,84,87,89
20160111 11:58,47,37,53,42,43,57,76,91,95,62,10233,93,85,84,87,89
20160111 11:59,46,38,53,41,49,53,76,91,95,62,10233,93,85,84,87,89
20160111 12:00,47,40,52,41,45,66,76,91,95,62,10234,94,85,84,87,89
20160111 12:01,44,38,51,40,43,49,76,91,95,62,10234,94,85,84,87,89
20160111 12:02,50,30,52,39,57,41,76,91,95,62,10234,95,85,84,87,89
20160111 12:03,54,26,51,38,51,46,77,91,96,63,10234,95,86,84,87,89
20160111 12:04,47,31,49,37,44,51,77,92,97,65,10234,96,86,84,87,89
20160111 12:05,42,40,48,36,41,65,77,91,96,63,10234,97,86,84,87,89
20160111 12:06,45,39,47,35,49,44,77,91,96,63,10234,97,86,84,87,89
20160111 12:07,48,36,47,36,47,55,77,91,96,63,10235,97,86,84,87,89
20160111 12:08,50,37,48,35,53,51,77,91,96,63,10235,97,86,84,87,89
20160111 12:09,51,34,48,35,49,45,77,91,96,63,10235,97,86,84,87,89
20160111 12:10,48,30,48,33,47,44,78,91,96,64,10234,98,86,84,87,89
20160111 12:11,49,27,49,33,51,40,78,91,96,64,10233,100,86,84,87,89
20160111 12:12,53,29,49,33,56,46,78,91,96,64,10233,100,87,84,87,89
20160111 12:13,54,27,49,33,52,33,78,91,96,64,10232,101,87,84,87,89
20160111 12:14,52,30,50,33,51,60,79,91,97,65,10230,103,87,84,87,89
20160111 12:15,48,37,50,32,44,53,79,91,97,65,10230,104,87,85,87,89
20160111 12:16,48,42,50,34,51,71,79,90,96,64,10230,105,87,85,87,89
20160111 12:17,50,45,50,34,48,56,79,90,96,64,10230,105,87,85,87,89
20160111 12:18,46,42,49,34,45,58,79,89,95,62,10231,105,87,85,87,89
20160111 12:19,54,38,51,35,62,48,80,89,95,63,10231,106,88,85,87,89
20160111 12:20,59,35,52,36,57,55,80,89,95,63,10230,106,88,85,87,89
20160111 12:21,50,34,51,36,42,46,80,89,95,63,10229,105,88,85,87,89
20160111 12:22,47,39,50,38,52,69,80,89,95,63,10229,104,88,85,87,89
20160111 12:23,47,45,49,40,43,62,80,88,94,61,10230,103,88,85,87,89
20160111 12:24,43,38,49,39,44,42,80,88,94,61,10231,102,88,85,87,89
20160111 12:25,40,39,48,40,36,66,80,88,94,61,10232,101,89,85,87,89
20160111 12:26,39,45,47,40,42,63,80,87,93,60,10232,100,89,85,87,89
20160111 12:27,43,44,47,40,44,64,80,87,93,60,10232,99,89,85,87,89
20160111 12:28,42,43,46,40,40,58,80,87,93,60,10232,99,89,85,87,89
20160111 12:29,48,39,46,40,56,57,80,87,93,60,10232,99,89,85,87,89
20160111 12:30,53,40,45,41,50,48,80,86,92,58,10232,98,90,85,87,89
20160111 12:31,45,39,45,41,41,52,80,86,92,58,10231,97,90,85,87,89
20160111 12:32,47,40,45,41,53,59,80,85,91,56,10231,97,90,85,87,89
20160111 12:33,49,35,45,39,44,36,80,85,91,56,10231,97,90,85,87,89
20160111 12:34,45,28,45,39,47,43,80,86,92,58,10231,97,90,85,87,89
20160111 12:35,42,31,45,37,38,46,80,86,92,58,10230,97,90,85,87,89
20160111 12:36,40,32,45,36,42,47,80,85,91,56,10229,98,90,85,87,89
20160111 12:37,40,39,45,37,37,58,80,85,91,56,10228,98,90,85,87,89
20160111 12:38,41,44,45,37,46,60,80,85,91,56,10227,99,90,85,87,90
20160111 12:39,44,48,44,38,43,81,80,84,90,55,10226,99,90,85,87,90
20160111 12:40,44,57,44,40,45,85,80,82,88,51,10227,99,90,85,87,89
20160111 12:41,43,47,44,40,42,53,80,82,88,51,10227,98,90,86,87,89
20160111 12:42,39,33,42,39,37,55,80,82,88,51,10228,97,90,86,87,90
20160111 12:43,43,35,43,40,49,55,80,82,88,51,10228,97,90,86,87,89
20160111 12:44,51,36,43,40,52,50,80,80,86,48,10229,96,90,86,87,90
20160111 12:45,52,39,44,42,52,59,80,79,85,46,10229,95,90,86,87,90
20160111 12:46,47,36,44,41,41,49,80,79,85,46,10228,95,90,86,87,90
20160111 12:47,48,28,46,39,54,56,80,79,85,46,10228,95,90,86,87,90
20160111 12:48,52,33,46,39,49,69,80,79,85,46,10227,96,90,86,87,89
20160111 12:49,50,30,47,36,52,40,80,78,84,44,10227,96,90,86,87,90
20160111 12:50,48,27,47,33,45,50,80,78,84,44,10227,96,90,86,88,90
20160111 12:51,44,31,47,33,43,47,81,78,84,45,10227,96,90,86,88,90
20160111 12:52,45,33,48,33,46,54,81,78,84,45,10228,96,90,86,87,90
20160111 12:53,46,36,48,33,45,56,81,77,83,43,10228,95,90,86,88,90
20160111 12:54,48,34,48,33,50,45,81,76,82,41,10228,95,90,86,88,90
20160111 12:55,55,30,49,31,61,48,81,77,83,43,10227,95,90,86,88,90
20160111 12:56,55,41,49,34,50,83,81,76,82,41,10227,95,90,86,88,90
20160111 12:57,48,56,49,37,46,93,81,75,81,39,10226,94,90,86,88,90
20160111 12:58,49,55,49,38,53,68,81,74,80,38,10226,94,90,86,88,90
20160111 12:59,49,49,48,40,46,69,81,74,80,38,10225,93,90,86,88,90
20160111 13:00,45,43,48,41,45,70,82,74,80,38,10226,93,90,86,88,90
20160111 13:01,49,33,49,41,53,37,82,74,80,38,10226,93,90,86,88,90
20160111 13:02,51,30,50,41,48,56,82,75,82,40,10225,94,90,86,88,90
20160111 13:03,49,30,50,40,49,40,82,75,82,40,10225,94,90,86,88,90
20160111 13:04,47,26,49,39,44,36,82,75,82,40,10224,94,90,86,88,90
20160111 13:05,45,28,48,39,47,46,82,76,83,42,10224,95,90,87,88,90
20160111 13:06,47,35,48,38,46,62,82,75,82,40,10224,95,90,87,88,90
20160111 13:07,50,35,48,35,53,46,82,75,82,40,10224,95,90,87,88,90
20160111 13:08,50,31,48,33,46,44,82,75,82,40,10224,95,90,87,88,90
20160111 13:09,44,32,47,32,41,46,82,75,82,40,10224,95,90,87,88,90
20160111 13:10,47,36,48,32,52,54,82,75,82,40,10224,94,90,87,88,90
20160111 13:11,47,35,47,32,41,50,82,75,82,40,10225,94,90,87,88,90
20160111 13:12,38,34,45,32,35,56,82,75,82,40,10225,93,90,87,88,90
20160111 13:13,39,37,45,33,43,56,82,74,80,38,10225,93,90,87,88,90
20160111 13:14,43,40,45,35,43,77,82,74,80,38,10225,92,90,87,88,90
20160111 13:15,41,43,44,37,39,54,83,73,80,38,10225,91,90,87,88,90
20160111 13:16,41,40,43,36,42,47,83,73,80,38,10225,90,90,87,88,90
20160111 13:17,44,43,43,38,46,74,83,74,81,39,10225,90,90,87,88,90
20160111 13:18,39,47,41,39,32,60,83,73,80,38,10224,89,90,87,88,90
20160111 13:19,37,43,41,40,42,60,83,73,80,38,10223,89,90,87,88,90
20160111 13:20,43,38,41,40,43,55,83,73,80,38,10223,88,90,87,88,90
20160111 13:21,43,36,41,41,42,59,83,74,81,39,10223,88,90,87,88,90
20160111 13:22,43,33,42,40,43,39,83,73,80,38,10223,88,90,87,88,90
20160111 13:23,44,26,42,38,45,31,83,74,81,39,10223,88,90,87,88,90
20160111 13:24,51,23,43,36,57,46,83,74,81,39,10224,88,89,87,88,90
20160111 13:25,48,31,43,36,39,61,83,75,82,41,10224,88,89,87,88,90
20160111 13:26,41,37,43,36,43,60,83,74,81,39,10224,87,89,87,88,90
20160111 13:27,38,33,42,34,32,52,83,74,81,39,10224,88,89,87,88,90
20160111 13:28,34,36,42,33,36,57,83,74,81,39,10225,88,89,87,88,90
20160111 13:29,39,43,42,34,42,56,83,73,80,38,10225,88,89,87,88,90
20160111 13:30,40,42,42,34,38,53,83,73,80,38,10224,88,89,87,88,90
20160111 13:31,36,34,41,33,34,52,83,73,80,38,10223,88,89,87,88,90
20160111 13:32,35,41,40,36,37,66,83,73,80,38,10222,88,89,87,88,90
20160111 13:33,37,42,39,37,37,41,83,73,80,38,10222,88,89,87,88,90
20160111 13:34,39,33,38,38,41,41,83,73,80,38,10223,88,89,87,88,90
20160111 13:35,42,34,38,37,44,50,83,73,80,38,10224,89,89,87,88,90
20160111 13:36,32,30,36,36,19,34,83,73,80,38,10224,88,88,87,88,90
20160111 13:37,26,21,36,35,34,29,83,74,81,39,10225,89,88,87,88,90
20160111 13:38,38,25,37,34,43,56,83,74,81,39,10225,89,88,87,88,90
20160111 13:39,47,29,38,32,51,32,83,74,81,39,10226,89,88,87,88,90
20160111 13:40,44,29,38,32,37,48,83,73,80,38,10226,89,88,87,88,90
20160111 13:41,38,33,38,32,40,46,84,73,80,38,10225,89,88,87,88,90
20160111 13:42,41,34,39,30,42,52,84,73,80,38,10225,88,88,87,88,90
20160111 13:43,41,30,39,29,41,39,84,73,80,38,10224,88,88,87,89,90
20160111 13:44,42,33,40,30,44,58,84,73,80,38,10224,88,88,87,89,90
20160111 13:45,45,40,40,31,46,67,84,73,80,38,10224,88,88,88,89,90
20160111 13:46,47,40,43,32,47,67,84,73,80,38,10223,88,88,87,89,90
20160111 13:47,49,41,44,35,50,65,84,72,79,37,10223,88,88,87,89,90
20160111 13:48,47,43,44,36,43,62,84,72,79,37,10223,88,88,88,89,90
20160111 13:49,44,43,44,37,45,60,84,72,79,37,10222,88,88,88,89,90
20160111 13:50,43,47,44,39,41,73,84,72,79,37,10221,88,88,88,89,90
20160111 13:51,47,44,45,40,53,52,84,72,79,37,10221,88,88,87,89,90
20160111 13:52,49,35,45,40,44,52,84,73,80,38,10221,89,88,88,89,90
20160111 13:53,42,37,45,41,40,58,84,72,79,37,10221,89,88,88,89,90
20160111 13:54,44,36,46,40,47,50,84,72,79,37,10221,89,88,87,89,90
20160111 13:55,51,28,46,39,55,34,84,73,80,38,10221,90,88,88,89,90
20160111 13:56,55,30,47,38,55,67,84,73,80,38,10221,90,88,88,89,90
20160111 13:57,55,40,48,39,55,70,85,73,81,39,10221,90,87,88,89,90
20160111 13:58,51,42,48,38,48,56,85,73,81,39,10221,90,87,88,89,90
20160111 13:59,47,42,49,38,47,65,85,72,80,37,10220,90,87,88,89,90
20160111 14:00,43,45,48,38,39,70,85,72,80,37,10220,90,87,87,89,90
20160111 14:01,40,39,47,37,41,63,85,72,80,37,10220,90,87,88,89,90
20160111 14:02,40,31,47,37,39,44,85,72,80,37,10220,91,87,88,89,90
20160111 14:03,45,31,48,36,51,57,85,73,81,39,10220,90,87,88,89,90
20160111 14:04,45,36,47,37,39,52,85,72,80,37,10220,90,87,88,89,90
20160111 14:05,40,41,45,39,41,62,85,72,80,37,10221,90,87,88,89,90
20160111 14:06,50,43,46,39,60,62,85,72,80,37,10221,89,87,88,89,90
20160111 14:07,53,40,45,39,47,57,85,71,79,35,10222,88,87,88,89,90
20160111 14:08,42,36,44,38,38,49,85,71,79,35,10222,88,87,88,89,90
20160111 14:09,39,41,44,39,41,66,85,72,80,37,10222,88,87,88,89,90
20160111 14:10,44,46,44,39,46,59,85,71,79,35,10221,87,87,88,89,90
20160111 14:11,49,39,45,39,52,60,85,71,79,35,10220,86,87,88,89,90
20160111 14:12,46,36,45,40,40,66,85,72,80,37,10220,86,87,88,89,90
20160111 14:13,39,41,44,41,38,62,85,71,79,35,10220,86,87,88,89,90
20160111 14:14,40,36,44,39,41,42,85,72,80,37,10221,86,87,88,89,90
20160111 14:15,40,28,44,38,39,45,85,72,80,37,10222,86,87,88,89,90
20160111 14:16,39,32,42,37,39,54,85,72,80,37,10222,86,87,88,89,90
20160111 14:17,41,39,42,38,43,61,85,71,79,35,10223,86,87,88,89,90
20160111 14:18,42,39,42,38,41,47,85,71,79,35,10223,86,87,88,89,90
20160111 14:19,35,41,41,38,30,60,86,70,78,34,10223,86,87,88,89,90
20160111 14:20,39,40,41,37,49,45,86,70,78,34,10223,85,87,88,89,90
20160111 14:21,47,29,41,36,46,33,86,70,78,34,10223,86,87,88,89,90
20160111 14:22,44,29,41,35,43,44,86,71,79,36,10222,86,87,88,89,90
20160111 14:23,45,32,42,34,47,45,86,70,78,34,10222,86,87,88,89,90
20160111 14:24,51,37,43,36,55,67,86,70,78,34,10222,86,87,88,89,90
20160111 14:25,48,43,44,37,42,62,86,69,77,32,10222,85,87,88,89,90
20160111 14:26,39,47,43,38,37,66,86,69,77,32,10222,85,87,88,89,90
20160111 14:27,42,44,44,38,48,68,86,68,76,30,10222,84,87,88,89,90
20160111 14:28,45,43,44,39,43,66,86,69,77,32,10221,84,87,88,89,90
20160111 14:29,47,45,46,39,51,62,86,68,76,30,10220,84,87,88,89,90
20160111 14:30,50,37,46,39,48,49,86,69,77,32,10220,84,86,88,89,90
20160111 14:31,46,30,46,39,44,47,86,69,77,32,10221,84,86,88,89,90
20160111 14:32,43,29,46,39,43,43,86,69,77,32,10222,84,86,88,89,90
20160111 14:33,37,24,44,37,32,26,86,69,77,32,10222,84,86,88,89,90
20160111 14:34,34,18,42,35,36,37,86,69,77,32,10223,84,86,88,89,90
20160111 14:35,46,23,44,33,55,44,86,70,78,34,10223,84,86,88,89,90
20160111 14:36,50,31,44,32,44,53,86,69,77,32,10223,84,86,88,89,90
20160111 14:37,43,30,44,30,42,40,86,69,77,32,10222,84,86,88,89,90
20160111 14:38,40,27,43,28,38,39,86,69,77,32,10222,84,86,88,89,90
20160111 14:39,35,24,41,26,32,35,86,69,77,32,10222,84,86,88,89,90
20160111 14:40,36,23,40,26,39,44,86,69,77,32,10221,84,86,88,89,90
20160111 14:41,35,33,39,27,30,59,86,69,77,32,10221,84,86,88,89,90
20160111 14:42,30,43,38,28,30,70,86,68,76,30,10221,85,86,88,89,90
20160111 14:43,34,42,38,30,38,50,86,67,75,28,10221,85,86,88,89,90
20160111 14:44,32,38,37,33,25,52,86,67,75,28,10220,84,86,88,89,90
20160111 14:45,25,38,34,33,25,50,86,67,75,28,10219,84,86,88,89,90
20160111 14:46,31,35,34,33,37,45,86,68,76,30,10219,85,86,87,89,90
20160111 14:47,40,34,34,34,44,63,86,68,76,30,10219,85,85,87,89,90
20160111 14:48,38,38,33,35,31,56,86,68,76,30,10220,85,85,87,89,90
20160111 14:49,35,37,34,37,39,48,86,67,75,28,10220,85,85,87,89,91
20160111 14:50,41,34,34,37,44,46,86,67,75,28,10221,84,85,87,89,90
20160111 14:51,42,30,35,36,40,38,86,67,75,28,10222,84,85,87,89,90
20160111 14:52,31,30,34,35,21,43,87,67,75,29,10222,83,85,87,89,90
20160111 14:53,24,38,33,36,26,61,87,67,75,29,10222,83,85,87,89,91
20160111 14:54,27,38,34,35,28,40,87,67,75,29,10223,83,85,87,89,91
20160111 14:55,29,37,34,35,30,52,87,67,75,29,10223,83,85,87,89,91
20160111 14:56,37,39,35,36,43,63,87,67,75,29,10223,82,85,87,89,91
20160111 14:57,39,36,34,36,35,53,87,67,75,29,10222,82,85,87,89,91
20160111 14:58,36,37,34,36,37,60,87,67,75,29,10222,82,85,87,89,91
20160111 14:59,38,39,34,36,39,60,87,67,75,29,10222,82,85,87,89,91
20160111 15:00,34,41,33,37,28,58,87,67,75,29,10221,82,85,87,89,91
20160111 15:01,31,37,32,38,34,50,87,67,75,29,10221,82,85,87,89,91
20160111 15:02,33,34,33,38,32,44,87,67,75,29,10221,82,85,87,89,91
20160111 15:03,29,37,33,37,27,52,87,67,75,29,10221,82,85,87,89,91
20160111 15:04,27,33,33,37,27,50,87,67,75,29,10221,81,85,87,89,91
20160111 15:05,31,33,34,36,35,54,87,68,76,31,10221,82,85,87,89,91
20160111 15:06,34,38,33,37,33,52,87,68,76,31,10220,81,85,87,89,91
20160111 15:07,31,38,32,37,29,54,87,67,75,29,10220,81,85,87,89,91
20160111 15:08,29,33,31,36,30,46,87,67,75,29,10220,81,85,87,89,91
20160111 15:09,31,31,31,35,32,47,87,67,75,29,10220,81,84,87,89,91
20160111 15:10,35,34,32,34,38,52,87,68,76,31,10220,81,84,87,89,91
20160111 15:11,40,35,32,35,41,50,87,67,75,29,10220,81,84,87,89,91
20160111 15:12,35,32,32,34,28,41,87,67,75,29,10221,81,84,87,89,91
20160111 15:13,25,27,31,33,22,31,87,68,76,31,10222,81,84,87,89,91
20160111 15:14,19,26,30,33,16,42,87,68,76,31,10222,80,84,87,89,91
20160111 15:15,22,30,30,32,27,38,87,68,76,31,10222,80,84,87,89,91
20160111 15:16,24,30,28,31,20,37,87,67,75,29,10222,80,84,87,89,91
20160111 15:17,19,26,27,30,18,32,87,67,75,29,10223,80,84,87,89,91
20160111 15:18,16,26,26,30,15,41,87,68,76,31,10223,80,84,87,89,91
20160111 15:19,16,34,24,30,17,49,87,68,76,31,10223,80,84,87,89,91
20160111 15:20,19,37,22,30,21,47,87,67,75,29,10223,80,84,87,89,91
20160111 15:21,14,31,19,30,6,39,87,67,75,29,10223,79,84,87,89,91
20160111 15:22,15,34,19,31,23,57,87,67,75,29,10223,79,84,87,89,91
20160111 15:23,21,41,18,32,20,55,87,66,74,27,10223,79,84,87,89,91
20160111 15:24,23,34,19,32,27,46,87,66,74,27,10224,79,84,87,89,91
20160111 15:25,23,27,19,32,19,44,87,67,75,29,10224,79,84,87,89,91
20160111 15:26,26,33,20,33,32,61,87,67,75,29,10224,78,84,87,89,91
20160111 15:27,26,31,20,33,20,33,87,67,75,29,10224,78,83,87,89,91
20160111 15:28,26,23,22,33,32,32,87,67,75,29,10224,78,83,87,89,91
20160111 15:29,29,28,23,32,27,46,87,67,75,29,10224,78,83,87,89,91
20160111 15:30,25,33,23,32,23,50,87,67,75,29,10224,78,83,87,89,91
20160111 15:31,24,35,25,32,24,56,87,66,74,27,10224,78,83,87,90,91
20160111 15:32,30,29,26,31,37,35,87,66,74,27,10224,78,83,87,89,91
20160111 15:33,29,19,26,28,22,24,87,67,75,29,10224,78,83,87,90,91
20160111 15:34,28,25,27,29,34,53,87,67,75,29,10224,78,83,87,89,91
20160111 15:35,34,30,29,29,34,46,87,67,75,29,10224,78,83,87,89,91
20160111 15:36,34,28,29,27,34,51,87,67,75,29,10224,78,83,87,89,91
20160111 15:37,32,29,30,28,29,47,87,67,75,29,10224,77,83,87,89,91
20160111 15:38,24,31,28,29,19,44,87,67,75,29,10224,77,83,87,90,91
20160111 15:39,22,38,28,30,24,62,87,66,74,27,10224,77,83,87,90,91
20160111 15:40,33,42,30,31,43,70,87,66,74,27,10224,77,83,87,89,91
20160111 15:41,43,41,32,32,44,66,87,66,74,27,10225,76,83,87,89,91
20160111 15:42,43,33,32,32,41,38,87,66,74,27,10225,76,82,87,89,91
20160111 15:43,42,28,35,33,43,59,87,66,74,27,10225,76,82,87,89,91
20160111 15:44,45,41,36,35,47,64,87,66,74,27,10225,76,82,87,89,91
20160111 15:45,48,43,37,36,49,46,87,67,75,29,10225,75,82,87,89,91
20160111 15:46,45,32,38,36,42,43,87,67,75,29,10225,75,82,87,90,91
20160111 15:47,43,36,40,37,44,56,86,67,75,28,10225,75,82,87,89,91
20160111 15:48,43,42,42,38,41,67,86,68,76,30,10226,75,82,87,89,91
20160111 15:49,42,43,44,38,43,76,86,69,77,32,10226,75,82,87,89,91
20160111 15:50,41,46,43,39,39,63,86,69,77,32,10226,75,82,87,89,91
20160111 15:51,42,36,43,37,46,42,86,70,78,34,10226,74,82,87,89,91
20160111 15:52,43,27,43,38,40,46,86,71,79,36,10226,74,82,87,89,91
20160111 15:53,48,33,45,38,56,53,85,71,79,35,10226,74,82,87,89,91
20160111 15:54,55,35,45,36,54,45,85,73,81,39,10227,74,82,87,89,91
20160111 15:55,53,31,46,36,51,58,85,74,82,41,10227,74,81,87,89,91
20160111 15:56,49,33,46,37,47,55,85,75,83,43,10227,74,81,87,89,91
20160111 15:57,39,31,45,35,32,37,84,75,83,42,10227,74,81,87,89,91
20160111 15:58,36,34,45,35,40,83,84,76,84,44,10227,74,81,87,89,91
20160111 15:59,46,50,46,36,52,94,84,76,84,44,10228,74,81,87,89,91
20160111 16:00,44,51,45,36,36,62,83,78,85,47,10228,74,81,86,89,91
20160111 16:01,42,44,46,38,48,68,83,79,86,49,10228,74,81,86,89,91
20160111 16:02,47,49,46,41,46,71,82,79,86,48,10228,73,81,86,89,91
20160111 16:03,45,56,45,42,43,86,82,80,87,50,10228,73,81,86,89,91
20160111 16:04,46,53,44,44,49,78,81,80,86,49,10229,73,81,86,89,91
20160111 16:05,45,46,44,45,42,61,81,81,87,50,10229,73,81,86,89,91
20160111 16:06,41,39,43,45,39,52,81,82,89,52,10229,73,81,86,90,91
20160111 16:07,38,30,43,45,37,35,81,82,89,52,10229,73,80,86,89,91
20160111 16:08,41,30,44,45,46,50,80,83,89,53,10229,73,80,86,89,91
20160111 16:09,41,32,42,42,37,44,80,83,89,53,10229,73,80,86,89,91
20160111 16:10,42,31,43,41,47,42,80,83,89,53,10230,73,80,86,89,91
20160111 16:11,43,28,42,39,37,38,79,84,89,54,10230,73,80,86,89,91
20160111 16:12,33,28,41,36,28,51,79,84,89,54,10230,73,80,86,89,91
20160111 16:13,35,32,40,34,41,47,79,85,91,55,10230,73,80,86,89,91
20160111 16:14,34,33,38,32,27,49,79,85,91,55,10230,73,80,86,89,91
20160111 16:15,31,39,37,32,35,57,78,85,90,54,10230,73,80,86,89,91
20160111 16:16,33,42,37,33,31,51,78,85,90,54,10231,73,80,86,89,91
20160111 16:17,28,40,35,34,25,50,78,85,90,54,10231,73,80,86,89,91
20160111 16:18,25,34,33,34,26,39,78,86,91,56,10231,72,80,86,89,91
20160111 16:19,24,30,32,34,22,44,77,86,90,55,10231,72,80,86,89,91
20160111 16:20,21,35,29,34,21,47,77,86,90,55,10231,72,80,86,89,91
20160111 16:21,23,36,28,36,25,52,76,87,91,56,10231,72,80,86,89,91
20160111 16:22,27,36,28,36,29,47,76,87,91,56,10231,72,80,86,89,91
20160111 16:23,24,39,26,37,19,60,76,87,91,56,10231,72,80,86,89,91
20160111 16:24,23,39,26,37,27,58,75,88,91,56,10232,72,80,86,89,91
20160111 16:25,32,34,26,36,38,45,75,88,91,56,10232,72,80,86,89,91
20160111 16:26,30,25,25,34,23,28,75,89,92,58,10232,72,79,86,89,91
20160111 16:27,27,19,26,32,31,27,75,89,92,58,10233,72,79,86,89,91
20160111 16:28,31,28,26,33,30,45,75,90,93,60,10233,72,79,86,89,91
20160111 16:29,27,37,27,33,25,48,74,90,93,59,10233,72,79,86,89,91
20160111 16:30,26,28,27,31,27,31,74,91,94,60,10233,72,79,86,89,91
20160111 16:31,30,17,28,29,34,23,74,91,94,60,10233,73,79,86,89,91
20160111 16:32,28,20,28,28,23,40,74,91,94,60,10233,73,79,86,89,91
20160111 16:33,35,31,30,28,47,47,73,92,94,61,10233,73,79,86,89,91
20160111 16:34,44,30,32,26,41,35,73,92,94,61,10233,73,79,86,89,91
20160111 16:35,40,35,32,28,39,75,73,92,94,61,10234,73,79,86,89,91
20160111 16:36,41,46,34,31,43,64,73,92,94,61,10234,72,79,86,89,91
20160111 16:37,49,43,36,33,54,64,73,93,95,62,10234,72,79,86,89,91
20160111 16:38,47,44,37,34,39,61,73,93,95,62,10235,72,79,86,89,91
20160111 16:39,40,45,39,34,41,51,73,93,95,62,10235,72,79,86,89,91
20160111 16:40,41,37,40,36,42,47,73,93,95,62,10235,72,79,85,89,91
20160111 16:41,41,36,41,38,39,53,72,93,94,61,10235,73,79,85,89,91
20160111 16:42,42,37,43,39,44,53,72,93,94,61,10235,73,79,85,89,91
20160111 16:43,34,38,41,39,24,53,72,93,94,61,10236,72,79,85,89,91
20160111 16:44,31,35,40,40,38,39,72,94,95,63,10236,72,79,85,89,91
20160111 16:45,44,33,42,39,51,47,72,94,95,63,10236,72,79,85,89,91
20160111 16:46,46,35,41,38,42,48,72,94,95,63,10236,72,79,85,89,91
20160111 16:47,39,34,40,37,36,40,72,94,95,63,10236,72,79,85,89,91
20160111 16:48,42,30,41,35,49,44,72,94,95,63,10236,72,79,85,89,91
20160111 16:49,49,26,41,33,49,36,72,94,95,63,10236,72,79,85,89,91
20160111 16:50,46,24,42,32,43,36,72,94,95,63,10236,72,79,85,89,91
20160111 16:51,44,30,42,32,46,44,72,94,95,63,10236,72,79,85,89,91
20160111 16:52,43,31,42,31,40,46,72,94,95,63,10236,72,79,85,89,91
20160111 16:53,44,27,44,30,49,35,72,94,95,63,10236,72,79,85,89,91
20160111 16:54,45,28,45,30,42,45,72,94,95,63,10236,72,79,85,89,91
20160111 16:55,44,25,44,28,46,27,72,94,95,63,10236,72,78,85,89,91
20160111 16:56,49,20,45,26,53,36,71,94,95,62,10236,72,78,85,89,91
20160111 16:57,46,26,46,27,40,40,71,94,95,62,10235,72,78,85,89,91
20160111 16:58,42,29,45,26,43,38,71,94,95,62,10235,72,78,85,89,91
20160111 16:59,44,31,45,28,45,50,71,94,95,62,10235,72,78,85,89,91
20160111 17:00,42,42,44,30,38,68,71,94,95,62,10235,71,78,85,89,91
20160111 17:01,40,41,44,30,42,52,71,94,95,62,10235,71,78,85,89,91
20160111 17:02,42,34,44,31,41,52,71,94,95,62,10235,71,78,85,89,91
20160111 17:03,46,32,44,31,51,47,71,94,95,62,10235,71,78,85,89,91
20160111 17:04,44,31,44,31,38,45,71,94,95,62,10235,71,78,85,89,91
20160111 17:05,36,36,42,33,33,54,71,94,95,62,10235,71,78,85,89,91
20160111 17:06,39,37,42,35,45,56,71,94,95,62,10236,71,78,85,89,91
20160111 17:07,45,35,42,35,45,47,71,94,95,62,10236,71,78,85,89,91
20160111 17:08,44,29,42,35,44,36,71,94,95,62,10236,71,78,85,89,91
20160111 17:09,42,30,42,35,41,55,71,94,95,62,10236,71,78,85,89,91
20160111 17:10,43,40,42,34,44,70,71,94,95,62,10236,71,78,85,89,91
20160111 17:11,40,44,42,35,36,68,71,94,95,62,10237,71,78,85,89,91
20160111 17:12,35,44,41,36,34,51,71,94,95,62,10237,70,78,85,89,91
20160111 17:13,43,38,41,36,53,56,71,94,95,62,10237,70,78,85,89,91
20160111 17:14,50,29,42,36,48,51,70,94,94,61,10237,70,78,85,89,91
20160111 17:15,47,37,44,37,47,74,70,94,94,61,10237,70,78,85,89,91
20160111 17:16,46,46,44,38,46,60,70,94,94,61,10237,70,78,85,89,91
20160111 17:17,42,36,43,37,37,47,70,94,94,61,10237,70,78,85,89,91
20160111 17:18,45,33,44,38,52,56,70,94,94,61,10237,70,78,85,89,91
20160111 17:19,48,39,44,39,43,55,70,94,94,61,10238,69,78,85,89,91
20160111 17:20,41,40,43,39,38,57,70,93,93,59,10238,69,78,85,89,91
20160111 17:21,40,34,44,37,42,48,70,93,93,59,10238,69,78,84,89,91
20160111 17:22,44,28,45,35,46,37,70,93,93,59,10238,69,78,84,89,91
20160111 17:23,42,34,44,36,37,59,70,93,93,59,10238,69,78,84,89,91
20160111 17:24,42,38,43,37,46,56,70,93,93,59,10238,69,77,84,89,91
20160111 17:25,46,39,43,37,45,63,70,93,93,59,10238,69,77,84,89,91
20160111 17:26,44,39,43,36,43,53,70,93,93,59,10238,69,77,84,89,91
20160111 17:27,47,31,44,35,51,49,70,93,93,59,10238,69,77,84,89,91
20160111 17:28,52,33,44,36,52,54,70,93,93,59,10237,69,77,84,89,91
20160111 17:29,45,37,44,35,38,56,70,93,93,59,10237,69,77,84,89,91
20160111 17:30,47,29,46,33,57,34,70,93,93,59,10237,68,77,84,89,91
20160111 17:31,52,24,46,33,46,34,70,93,93,59,10237,68,77,84,89,91
20160111 17:32,50,29,47,33,54,43,70,93,93,59,10237,68,77,84,89,91
20160111 17:33,51,29,48,32,49,42,70,93,93,59,10237,68,77,84,89,91
20160111 17:34,48,27,48,31,46,38,70,93,93,59,10237,68,77,84,89,91
20160111 17:35,43,30,48,30,40,45,69,93,92,58,10237,68,77,84,89,91
20160111 17:36,44,32,48,30,48,46,69,93,92,58,10238,68,77,84,89,91
20160111 17:37,45,37,47,32,42,57,69,93,92,58,10238,68,77,84,89,91
20160111 17:38,36,43,45,32,30,52,69,93,92,58,10238,68,77,84,89,91
20160111 17:39,37,33,46,31,43,40,69,92,91,57,10239,68,77,84,89,91
20160111 17:40,46,24,45,31,49,32,69,93,92,58,10239,68,77,84,89,91
20160111 17:41,43,25,44,31,37,42,69,93,92,58,10239,68,77,84,89,91
20160111 17:42,35,24,42,30,32,35,69,93,92,58,10239,68,77,84,89,91
20160111 17:43,38,23,41,30,44,41,69,93,92,58,10239,68,76,84,89,91
20160111 17:44,37,26,39,30,29,45,69,93,92,58,10240,68,76,84,89,91
20160111 17:45,31,26,39,29,32,37,69,93,92,58,10240,68,76,84,89,91
20160111 17:46,40,28,39,29,49,44,69,93,92,58,10240,68,76,84,89,91
20160111 17:47,42,38,38,29,36,58,69,93,92,58,10241,68,76,84,89,91
20160111 17:48,38,36,39,28,41,37,69,93,92,58,10240,68,76,84,89,91
20160111 17:49,42,25,39,27,43,38,69,93,92,58,10240,68,76,84,89,91
20160111 17:50,41,24,38,28,38,47,69,93,92,58,10239,68,76,84,89,91
20160111 17:51,38,29,38,28,38,47,69,93,92,58,10239,68,76,84,89,91
20160111 17:52,40,32,39,29,43,45,69,93,92,58,10239,68,76,84,89,91
20160111 17:53,41,32,39,30,39,55,69,93,92,58,10239,68,76,84,89,91
20160111 17:54,35,28,39,30,31,49,69,93,92,58,10239,68,76,84,89,91
20160111 17:55,35,25,40,30,39,47,69,93,92,58,10239,68,76,84,88,91
20160111 17:56,43,29,39,30,46,54,69,93,92,58,10240,68,76,84,89,91
20160111 17:57,44,31,40,28,41,42,69,93,92,58,10240,68,76,84,89,91
20160111 17:58,44,28,40,28,46,40,69,92,91,57,10241,68,76,84,88,91
20160111 17:59,46,28,41,29,46,40,69,92,91,57,10241,68,76,84,88,91
20160111 18:00,40,27,40,29,33,38,69,92,91,57,10242,68,76,84,88,91
20160111 18:01,38,23,41,28,42,36,69,92,91,57,10242,68,76,84,88,91
20160111 18:02,48,20,42,27,54,36,69,92,91,57,10242,68,76,83,88,91
20160111 18:03,41,24,41,26,28,34,69,92,91,57,10242,68,76,84,88,91
20160111 18:04,24,30,40,27,20,48,69,92,91,57,10242,68,76,83,88,91
20160111 18:05,27,31,39,27,35,45,69,92,91,57,10243,68,76,83,88,91
20160111 18:06,31,29,37,27,27,39,69,92,91,57,10243,68,76,83,88,91
20160111 18:07,26,28,36,27,26,41,69,92,91,57,10243,68,75,83,88,91
20160111 18:08,28,29,34,27,31,40,69,92,91,57,10244,68,75,83,88,91
20160111 18:09,33,33,33,28,35,46,69,92,91,57,10244,67,75,83,88,91
20160111 18:10,36,30,34,28,38,37,69,92,91,57,10245,67,75,83,88,91
20160111 18:11,33,25,32,28,27,31,69,92,91,57,10244,67,75,83,88,91
20160111 18:12,29,24,30,28,30,33,69,92,91,57,10245,67,75,83,88,91
20160111 18:13,27,26,29,29,24,40,69,92,91,57,10245,67,75,83,88,91
20160111 18:14,30,26,31,28,37,43,69,92,91,57,10245,67,75,83,88,91
20160111 18:15,28,29,29,28,19,48,69,92,91,57,10246,67,75,83,88,91
20160111 18:16,23,32,29,28,26,41,69,92,91,57,10246,67,75,83,88,91
20160111 18:17,20,26,28,28,14,33,69,92,91,57,10247,67,75,83,88,91
20160111 18:18,18,28,27,28,22,50,69,92,91,57,10247,67,75,83,88,91
20160111 18:19,27,32,27,28,33,44,69,92,91,57,10247,67,75,83,88,91
20160111 18:20,27,26,25,27,22,38,69,91,90,55,10247,67,75,83,88,91
20160111 18:21,24,25,25,28,26,42,69,91,90,55,10246,67,75,83,88,91
20160111 18:22,19,26,24,28,13,38,69,91,90,55,10246,67,75,83,88,91
20160111 18:23,23,34,24,29,33,54,69,91,90,55,10246,67,75,83,88,91
20160111 18:24,29,38,23,30,24,55,69,91,90,55,10247,67,75,83,88,91
20160111 18:25,23,31,24,29,22,33,69,91,90,55,10247,67,75,83,88,91
20160111 18:26,22,26,23,29,22,35,69,91,90,55,10248,67,75,83,88,91
20160111 18:27,20,23,23,29,17,27,69,91,90,55,10248,67,75,83,88,91
20160111 18:28,15,22,22,28,12,38,69,91,90,55,10248,67,75,83,88,91
20160111 18:29,13,24,20,27,13,44,69,91,90,55,10248,66,75,83,88,91
20160111 18:30,17,25,20,27,20,57,69,91,90,55,10248,66,75,83,88,91
20160111 18:31,21,29,20,28,22,60,69,91,90,55,10248,66,75,83,88,91
20160111 18:32,24,34,21,29,26,45,69,91,90,55,10248,66,75,83,88,91
20160111 18:33,25,37,20,29,25,48,69,91,90,55,10248,66,75,83,88,91
20160111 18:34,24,36,20,29,23,48,69,91,90,55,10248,66,75,83,88,91
20160111 18:35,22,31,20,29,21,43,69,91,90,55,10249,66,75,83,88,91
20160111 18:36,20,30,20,29,18,42,69,91,90,55,10249,66,74,83,88,91
20160111 18:37,21,26,20,29,24,30,69,91,90,55,10250,66,74,83,88,91
20160111 18:38,20,23,21,30,17,38,69,91,90,55,10250,66,74,83,88,91
20160111 18:39,20,30,22,31,23,41,68,91,90,54,10250,66,74,83,88,91
20160111 18:40,20,33,22,31,16,41,68,91,90,54,10250,66,74,83,88,91
20160111 18:41,18,31,21,31,20,49,68,91,90,54,10249,66,74,83,88,91
20160111 18:42,20,29,21,30,20,40,68,91,90,54,10249,66,74,83,88,91
20160111 18:43,24,29,21,29,28,37,68,91,90,54,10249,66,74,83,88,91
20160111 18:44,28,34,21,30,28,51,68,91,90,54,10250,66,74,83,88,91
20160111 18:45,18,33,20,30,9,44,68,91,90,54,10250,66,74,82,88,91
20160111 18:46,14,31,21,30,20,50,68,91,90,54,10250,66,74,83,88,91
20160111 18:47,24,36,21,32,28,55,68,91,90,54,10250,66,74,82,88,91
20160111 18:48,22,35,21,33,16,59,68,91,90,54,10250,66,74,82,88,91
20160111 18:49,21,34,21,32,26,44,68,91,90,54,10250,66,74,82,88,91
20160111 18:50,23,29,22,32,20,33,68,91,90,54,10251,66,74,82,88,91
20160111 18:51,20,25,22,31,21,39,68,91,90,54,10251,66,74,82,88,91
20160111 18:52,21,35,22,33,22,57,68,91,90,54,10251,66,74,82,88,91
20160111 18:53,17,38,20,33,12,43,68,91,90,54,10251,66,74,82,88,91
20160111 18:54,23,30,21,32,34,48,68,91,90,54,10252,66,74,82,88,91
20160111 18:55,28,25,22,32,22,28,68,91,90,54,10252,66,74,82,88,91
20160111 18:56,26,31,23,32,30,58,68,91,90,54,10252,66,74,82,88,91
20160111 18:57,30,38,23,32,31,47,68,91,90,54,10252,66,74,82,88,91
20160111 18:58,24,34,24,32,18,52,68,91,90,54,10252,66,74,82,88,91
20160111 18:59,17,33,23,32,17,42,68,91,90,54,10252,66,74,82,88,91
20160111 19:00,24,38,24,34,31,60,68,91,90,54,10252,66,74,82,88,91
20160111 19:01,28,48,24,37,25,69,68,91,90,54,10252,66,74,82,88,91
20160111 19:02,23,45,24,36,21,58,68,91,90,54,10252,65,74,82,88,91
20160111 19:03,29,37,27,36,38,58,68,91,90,54,10252,65,74,82,88,91
20160111 19:04,33,38,26,37,29,56,68,91,90,54,10253,65,74,82,88,91
20160111 19:05,21,40,25,39,13,48,68,91,90,54,10253,65,74,82,88,91
20160111 19:06,19,38,25,39,26,59,68,91,90,54,10253,65,74,82,88,91
20160111 19:07,34,35,26,39,42,46,68,91,90,54,10253,65,74,82,88,91
20160111 19:08,37,32,27,38,31,58,68,91,90,54,10253,65,73,82,88,91
20160111 19:09,28,41,28,40,25,69,68,91,90,54,10253,65,73,82,88,91
20160111 19:10,26,40,28,39,26,48,68,91,90,54,10253,65,73,82,88,91
20160111 19:11,23,32,27,37,19,50,68,91,90,54,10253,65,73,82,88,91
20160111 19:12,24,32,28,36,28,48,68,91,90,54,10253,65,73,82,88,91
20160111 19:13,29,32,27,36,30,49,68,91,90,54,10254,65,73,82,87,91
20160111 19:14,20,29,25,34,10,32,68,91,90,54,10254,65,73,82,88,91
20160111 19:15,18,27,26,33,26,50,68,91,90,54,10254,65,73,82,87,91
20160111 19:16,26,37,26,34,26,64,68,91,90,54,10254,65,73,82,87,91
20160111 19:17,24,42,24,35,21,62,68,91,90,54,10254,65,73,82,87,91
20160111 19:18,30,36,25,35,40,57,68,90,89,53,10254,65,73,82,87,91
20160111 19:19,33,34,25,33,26,64,68,90,89,53,10254,65,73,82,87,91
20160111 19:20,33,40,27,35,39,57,67,91,89,53,10254,65,73,82,87,91
20160111 19:21,29,35,27,34,19,46,67,90,88,52,10254,65,73,82,87,91
20160111 19:22,25,31,27,34,31,51,67,90,88,52,10255,65,73,82,87,91
20160111 19:23,35,35,28,35,38,65,67,90,88,52,10255,65,73,82,87,90
20160111 19:24,32,36,29,36,26,52,67,90,88,52,10255,64,73,82,87,91
20160111 19:25,23,32,28,35,19,38,67,90,88,52,10255,64,73,82,87,90
20160111 19:26,32,36,30,36,45,66,67,90,88,52,10256,64,73,82,87,91
20160111 19:27,37,34,31,34,30,48,67,90,88,52,10256,64,73,82,87,90
20160111 19:28,32,36,31,36,35,69,67,90,88,52,10257,64,73,82,87,90
20160111 19:29,37,45,32,36,39,67,67,90,88,52,10257,64,73,82,87,90
20160111 19:30,38,41,32,36,37,66,67,90,88,52,10257,64,73,81,87,90
20160111 19:31,32,40,33,37,26,60,67,90,88,52,10256,64,73,81,87,90
20160111 19:32,24,42,32,38,23,60,67,90,88,52,10256,64,73,81,87,90
20160111 19:33,22,35,30,37,20,35,67,90,88,52,10256,64,73,81,87,90
20160111 19:34,24,33,30,37,28,53,67,90,88,52,10256,64,73,81,87,90
20160111 19:35,27,38,31,38,26,52,67,90,88,52,10256,64,73,81,87,90
20160111 19:36,31,29,30,36,36,31,67,90,88,52,10256,64,73,81,87,90
20160111 19:37,37,27,31,37,39,48,66,90,88,51,10256,64,72,81,87,90
20160111 19:38,33,33,30,36,27,39,66,90,88,51,10256,64,72,81,87,90
20160111 19:39,29,33,29,35,30,56,66,90,88,51,10256,64,72,81,87,90
20160111 19:40,34,36,29,35,37,57,66,90,88,51,10257,63,72,81,87,90
20160111 19:41,36,44,30,35,35,65,66,90,88,51,10257,64,72,81,87,90
20160111 19:42,33,40,31,34,31,43,66,90,88,51,10257,63,72,81,87,90
20160111 19:43,29,29,32,34,27,37,66,90,88,51,10257,63,72,81,87,90
20160111 19:44,25,24,31,32,22,34,66,90,88,51,10257,63,72,81,87,90
20160111 19:45,22,28,31,32,22,44,66,90,88,51,10257,63,72,81,87,90
20160111 19:46,24,37,29,34,25,57,66,90,88,51,10257,63,72,81,87,90
20160111 19:47,31,43,29,35,37,58,66,90,88,51,10256,63,72,81,87,90
20160111 19:48,31,39,29,35,25,45,66,90,88,51,10256,63,72,81,87,90
20160111 19:49,23,31,28,35,21,38,66,90,88,51,10257,63,72,81,87,90
20160111 19:50,26,28,28,34,32,41,66,90,88,51,10257,63,72,81,87,90
20160111 19:51,27,29,26,32,21,40,66,90,88,51,10257,63,72,81,87,90
20160111 19:52,26,28,26,31,32,36,66,90,88,51,10257,63,72,81,87,90
20160111 19:53,23,37,25,34,15,57,66,90,88,51,10257,63,72,81,87,90
20160111 19:54,18,44,25,35,21,51,66,90,88,51,10257,63,72,81,87,90
20160111 19:55,31,44,27,37,40,81,66,90,88,51,10258,63,72,81,87,90
20160111 19:56,41,46,29,37,42,65,66,90,88,51,10258,63,72,81,87,90
20160111 19:57,35,37,28,36,27,41,66,90,88,51,10258,63,72,81,87,90
20160111 19:58,27,32,28,36,26,53,66,90,88,51,10258,63,72,81,87,90
20160111 19:59,27,44,28,38,28,71,66,90,88,51,10258,63,72,81,87,90
20160111 20:00,21,46,27,39,14,52,66,90,88,51,10258,63,72,81,87,90
