time_now,wd_avg_2mins,ws_avg_2mins,wd_avg_10mins,ws_avg_10mins,wd_maxsp_this_min,ws_maxsp_this_min,air_temp_by_box,relative_humidity,water_vapor_pressure,dew_temp,station_pressure,ground_temp_pt,ground_tem_5cm,ground_tem_10cm,ground_tem_15cm,ground_tem_20cm
20160131 20:01,54,9,45,8,55,11,34,82,64,6,10304,10,43,64,71,72
20160131 20:02,54,10,45,8,53,14,34,82,64,6,10304,10,43,64,71,72
20160131 20:03,54,11,46,8,55,14,34,83,65,8,10304,10,42,63,71,72
20160131 20:04,56,10,47,9,57,14,33,83,64,7,10304,9,42,63,71,72
20160131 20:05,58,11,50,9,59,17,33,83,64,7,10304,9,42,63,71,72
20160131 20:06,59,10,52,9,60,10,33,83,64,7,10304,9,42,63,71,72
20160131 20:07,61,8,54,9,62,11,33,83,64,7,10304,9,42,63,71,72
20160131 20:08,63,9,57,9,64,11,32,83,64,6,10303,9,42,63,71,72
20160131 20:09,65,9,58,10,66,12,32,84,65,8,10303,9,42,63,71,72
20160131 20:10,68,9,60,10,71,12,32,84,65,8,10302,8,41,63,71,72
20160131 20:11,73,10,62,10,76,14,32,84,65,8,10301,8,41,63,70,72
20160131 20:12,77,13,65,10,78,19,31,84,64,7,10300,8,41,63,70,72
20160131 20:13,78,17,67,11,77,26,31,85,65,8,10299,8,41,63,70,72
20160131 20:14,75,19,69,12,74,23,30,85,64,7,10299,8,41,63,70,72
20160131 20:15,75,18,70,13,76,22,30,85,64,7,10298,8,41,62,70,72
20160131 20:16,78,18,72,14,79,23,30,85,64,7,10298,8,41,62,70,72
20160131 20:17,78,18,74,15,76,21,30,85,64,7,10298,9,40,62,70,72
20160131 20:18,79,16,75,15,81,18,30,85,64,7,10298,8,40,62,70,72
20160131 20:19,80,14,77,16,79,16,30,85,64,7,10298,9,40,62,70,72
20160131 20:20,75,13,77,16,71,16,29,86,65,8,10298,8,40,62,70,72
20160131 20:21,70,11,76,16,69,11,29,86,65,8,10299,8,40,62,70,72
20160131 20:22,67,9,75,15,64,11,29,86,65,8,10299,8,40,62,70,72
20160131 20:23,64,8,73,14,63,10,29,86,65,8,10299,7,40,62,70,72
20160131 20:24,65,8,73,13,68,11,29,86,65,8,10299,7,40,62,70,72
20160131 20:25,66,8,71,12,64,11,28,86,64,7,10298,7,39,62,70,72
20160131 20:26,64,9,70,11,64,14,28,86,64,7,10298,7,39,62,70,72
20160131 20:27,64,9,69,10,64,11,28,86,64,7,10298,6,39,62,70,72
20160131 20:28,64,9,67,10,65,13,27,86,64,6,10297,6,39,61,70,72
20160131 20:29,63,10,65,9,61,14,27,86,64,6,10298,6,39,61,70,72
20160131 20:30,60,10,64,9,60,15,27,86,64,6,10297,6,39,61,70,72
20160131 20:31,61,11,64,9,63,13,27,87,65,8,10297,6,39,61,69,72
20160131 20:32,63,11,63,10,63,17,26,87,64,7,10296,5,38,61,69,72
20160131 20:33,62,13,63,10,62,19,26,87,64,7,10296,5,38,61,69,72
20160131 20:34,62,13,63,11,63,17,26,87,64,7,10295,5,38,61,69,72
20160131 20:35,64,12,63,11,64,17,26,87,64,7,10295,5,38,61,69,72
20160131 20:36,63,12,63,11,62,16,26,87,64,7,10295,5,38,61,69,71
20160131 20:37,62,13,62,12,61,20,25,87,64,6,10295,5,38,61,69,71
20160131 20:38,62,14,62,12,64,19,25,87,64,6,10295,5,38,61,69,71
20160131 20:39,63,14,62,13,62,21,25,87,64,6,10295,5,38,60,69,71
20160131 20:40,61,14,63,13,61,19,25,88,64,7,10295,5,37,60,69,71
20160131 20:41,62,15,63,14,64,22,25,88,64,7,10294,5,37,60,69,71
20160131 20:42,60,16,62,14,56,20,25,88,64,7,10294,5,37,60,69,71
20160131 20:43,54,15,61,14,52,19,25,88,64,7,10294,5,37,60,69,71
20160131 20:44,51,15,60,14,49,20,26,88,65,8,10295,5,37,60,69,71
20160131 20:45,48,13,58,14,47,19,26,88,65,8,10296,5,37,60,69,71
20160131 20:46,47,13,56,15,46,20,26,88,65,8,10296,5,37,60,69,71
20160131 20:47,45,12,54,14,44,13,26,87,64,7,10296,5,37,60,69,71
20160131 20:48,43,11,52,14,43,17,26,87,64,7,10296,5,36,60,69,71
20160131 20:49,39,11,50,13,35,25,26,87,64,7,10296,4,36,60,69,71
20160131 20:50,37,13,47,14,38,24,26,87,64,7,10296,4,36,60,69,71
20160131 20:51,39,15,45,13,40,20,26,87,64,7,10297,4,36,59,68,71
20160131 20:52,39,14,43,13,37,22,26,87,64,7,10296,4,36,59,68,71
20160131 20:53,33,16,41,14,28,23,26,87,64,7,10296,4,36,59,68,71
20160131 20:54,33,17,40,14,37,22,26,87,64,7,10296,4,36,59,68,71
20160131 20:55,33,15,38,14,30,25,26,87,64,7,10296,4,36,59,68,71
20160131 20:56,34,15,37,14,38,21,26,87,64,7,10297,4,35,59,68,71
20160131 20:57,32,18,35,15,26,25,26,87,64,7,10298,4,35,59,68,71
20160131 20:58,31,21,35,16,36,34,26,87,64,7,10299,4,35,59,68,71
20160131 20:59,24,19,32,17,11,22,26,87,64,7,10300,4,35,59,68,71
20160131 21:00,12,17,30,17,13,22,27,86,64,6,10300,4,35,59,68,71
20160131 21:01,20,17,28,17,28,29,27,86,64,6,10301,5,35,59,68,71
20160131 21:02,24,14,27,17,20,14,27,86,64,6,10302,5,35,59,68,71
20160131 21:03,8,10,24,16,357,17,28,86,64,7,10303,4,35,58,68,71
20160131 21:04,0,14,20,16,3,27,28,86,64,7,10305,4,35,58,68,71
20160131 21:05,346,15,14,16,328,19,28,86,64,7,10306,4,35,58,68,71
20160131 21:06,330,17,8,17,332,29,28,85,63,5,10306,4,34,58,68,71
20160131 21:07,342,20,4,16,352,21,29,85,64,6,10307,4,34,58,68,71
20160131 21:08,353,15,0,15,353,19,30,85,64,7,10309,5,34,58,68,71
20160131 21:09,352,15,358,15,351,22,30,85,64,7,10310,4,34,58,68,71
20160131 21:10,345,18,354,15,340,23,30,84,64,6,10311,4,34,58,68,71
20160131 21:11,341,18,350,15,342,24,30,84,64,6,10312,4,34,58,67,71
20160131 21:12,346,18,347,16,351,24,31,84,64,7,10313,4,34,58,67,71
20160131 21:13,349,18,346,17,347,23,31,84,64,7,10314,5,34,58,67,71
20160131 21:14,340,15,343,17,333,15,31,84,64,7,10314,5,34,57,67,71
20160131 21:15,333,13,343,17,333,18,31,84,64,7,10315,4,34,57,67,71
20160131 21:16,331,12,343,16,328,20,31,84,64,7,10315,4,33,57,67,71
20160131 21:17,326,13,340,15,324,22,31,84,64,7,10316,4,33,57,67,71
20160131 21:18,327,16,338,16,330,22,31,84,64,7,10317,4,33,57,67,71
20160131 21:19,336,15,337,15,342,17,31,84,64,7,10317,4,33,57,67,70
20160131 21:20,339,14,337,15,336,23,31,84,64,7,10317,4,33,57,67,70
20160131 21:21,331,17,335,15,326,23,31,84,64,7,10317,4,33,57,67,70
20160131 21:22,327,16,333,15,329,18,31,84,64,7,10318,4,33,57,67,70
20160131 21:23,328,14,331,14,327,22,31,84,64,7,10318,4,33,57,67,70
20160131 21:24,326,14,330,14,324,18,31,84,64,7,10319,4,33,57,67,70
20160131 21:25,331,16,330,15,337,24,31,84,64,7,10319,4,33,57,67,70
20160131 21:26,336,19,331,16,336,26,31,84,64,7,10319,4,33,57,67,70
20160131 21:27,337,19,333,16,339,26,31,84,64,7,10320,4,33,56,67,70
20160131 21:28,342,19,334,16,346,29,32,84,65,8,10320,4,32,56,67,70
20160131 21:29,338,20,333,17,331,25,32,84,65,8,10320,4,32,56,67,70
20160131 21:30,330,19,332,17,330,29,32,84,65,8,10319,4,32,56,67,70
20160131 21:31,333,21,333,18,336,29,32,84,65,8,10320,4,32,56,66,70
20160131 21:32,335,18,334,18,333,25,32,83,64,6,10320,4,32,56,66,70
20160131 21:33,331,15,334,18,330,25,31,83,63,5,10320,5,32,56,66,70
20160131 21:34,329,17,335,19,329,21,31,83,63,5,10321,5,32,56,66,70
20160131 21:35,334,17,335,18,339,20,31,83,63,5,10321,4,32,56,66,70
20160131 21:36,344,15,336,18,350,31,31,83,63,5,10321,5,32,56,66,70
20160131 21:37,351,12,338,17,352,12,31,83,63,5,10320,5,32,56,66,70
20160131 21:38,348,12,337,16,344,21,31,83,63,5,10320,5,32,56,66,70
20160131 21:39,347,12,339,15,350,14,31,83,63,5,10319,4,32,56,66,70
20160131 21:40,0,17,343,16,9,41,31,83,63,5,10319,4,32,55,66,70
20160131 21:41,9,20,346,15,9,25,31,83,63,5,10319,4,32,55,66,70
20160131 21:42,13,22,351,17,17,35,31,83,63,5,10319,4,31,55,66,70
20160131 21:43,17,23,356,17,16,23,32,83,64,6,10318,5,31,55,66,70
20160131 21:44,18,19,1,17,21,25,32,83,64,6,10317,5,31,55,66,70
20160131 21:45,12,19,3,17,3,27,32,83,64,6,10317,5,31,55,66,70
20160131 21:46,7,20,5,18,12,30,32,83,64,6,10317,5,31,55,66,70
20160131 21:47,8,21,7,19,4,28,32,83,64,6,10317,5,31,55,66,70
20160131 21:48,8,18,9,19,13,20,32,83,64,6,10317,5,31,55,66,70
20160131 21:49,16,13,12,19,18,16,32,83,64,6,10318,5,31,55,66,70
20160131 21:50,14,12,12,18,10,17,32,83,64,6,10317,5,31,55,66,70
20160131 21:51,10,12,12,18,10,18,31,83,63,5,10317,4,31,55,65,70
20160131 21:52,12,9,12,16,14,10,31,83,63,5,10317,4,31,55,65,70
20160131 21:53,23,8,14,15,31,11,31,83,63,5,10317,4,31,55,65,70
20160131 21:54,32,9,15,14,34,15,31,83,63,5,10316,3,31,54,65,70
20160131 21:55,40,10,19,13,46,14,31,83,63,5,10316,3,31,54,65,70
20160131 21:56,42,12,22,12,37,16,30,83,63,4,10316,2,31,54,65,70
20160131 21:57,32,12,24,11,26,18,30,83,63,4,10316,2,31,54,65,69
20160131 21:58,27,12,25,11,28,17,30,83,63,4,10317,2,30,54,65,69
20160131 21:59,29,17,27,12,30,25,30,83,63,4,10317,2,30,54,65,69
20160131 22:00,27,19,28,12,25,24,30,84,64,6,10317,2,30,54,65,69
20160131 22:01,20,14,29,12,15,13,30,84,64,6,10317,2,30,54,65,69
20160131 22:02,13,12,28,13,11,18,30,84,64,6,10317,2,30,54,65,69
20160131 22:03,13,13,27,13,14,16,30,84,64,6,10317,1,30,54,65,69
20160131 22:04,16,16,25,14,17,24,29,84,63,5,10318,1,30,54,65,69
20160131 22:05,18,18,22,15,18,22,29,84,63,5,10319,1,30,54,65,69
20160131 22:06,16,16,20,15,13,22,29,84,63,5,10319,1,30,54,65,69
20160131 22:07,16,13,19,15,18,16,29,84,63,5,10319,1,30,54,65,69
20160131 22:08,21,13,18,15,24,21,29,84,63,5,10318,1,30,53,65,69
20160131 22:09,22,13,17,14,20,15,29,84,63,5,10318,1,30,53,64,69
20160131 22:10,20,13,17,14,19,18,29,84,63,5,10318,0,30,53,64,69
20160131 22:11,16,14,17,14,12,25,29,84,63,5,10318,0,30,53,64,69
20160131 22:12,10,20,16,16,8,29,29,84,63,5,10318,0,29,53,64,69
20160131 22:13,8,25,16,17,8,32,29,85,64,6,10318,1,29,53,64,69
20160131 22:14,7,23,15,17,5,30,29,85,64,6,10318,1,29,53,64,69
20160131 22:15,7,16,14,17,9,26,29,85,64,6,10318,1,29,53,64,69
20160131 22:16,7,17,13,17,6,25,29,85,64,6,10318,1,29,53,64,69
20160131 22:17,9,20,12,18,13,31,29,85,64,6,10318,1,29,53,64,69
20160131 22:18,13,19,11,18,14,26,29,85,64,6,10318,1,29,53,64,69
20160131 22:19,19,19,12,19,24,32,29,85,64,6,10318,1,29,53,64,69
20160131 22:20,16,17,11,19,8,22,30,85,64,7,10318,2,29,53,64,69
20160131 22:21,14,13,11,19,20,14,30,84,64,6,10318,2,29,53,64,69
20160131 22:22,11,13,11,18,1,23,30,84,64,6,10318,2,29,53,64,69
20160131 22:23,8,15,11,17,15,21,30,84,64,6,10318,1,29,52,64,69
20160131 22:24,11,18,12,17,6,29,29,84,63,5,10318,1,29,52,64,69
20160131 22:25,9,16,12,17,12,17,29,84,63,5,10318,1,28,52,64,69
20160131 22:26,7,14,11,16,2,20,29,84,63,5,10318,1,28,52,64,69
20160131 22:27,13,14,13,15,25,18,29,84,63,5,10318,1,28,52,64,69
20160131 22:28,17,15,12,15,10,22,29,84,63,5,10318,1,28,52,64,69
20160131 22:29,11,19,11,15,12,30,29,84,63,5,10318,2,28,52,64,69
20160131 22:30,9,19,11,16,6,30,29,84,63,5,10318,2,28,52,64,69
20160131 22:31,3,20,9,17,1,28,29,84,63,5,10318,2,28,52,63,68
20160131 22:32,8,22,10,18,15,28,29,84,63,5,10318,2,28,52,63,68
20160131 22:33,11,19,10,18,7,22,30,85,64,7,10319,3,28,52,63,68
20160131 22:34,10,16,10,17,12,18,30,84,64,6,10318,2,28,52,63,68
20160131 22:35,9,17,9,18,5,25,30,84,64,6,10318,2,28,52,63,68
20160131 22:36,9,19,10,18,12,24,29,84,63,5,10318,2,28,52,63,68
20160131 22:37,8,23,8,20,4,36,29,84,63,5,10318,2,28,52,63,68
20160131 22:38,13,27,10,21,23,38,29,84,63,5,10318,2,28,52,63,68
20160131 22:39,12,23,9,21,1,24,30,84,64,6,10318,3,28,51,63,68
20160131 22:40,3,19,9,21,6,28,30,84,64,6,10318,2,28,51,63,68
20160131 22:41,6,19,9,21,5,32,30,84,64,6,10319,2,27,51,63,68
20160131 22:42,4,18,8,20,3,33,30,84,64,6,10319,2,27,51,63,68
20160131 22:43,10,18,9,20,17,28,29,84,63,5,10319,2,27,51,63,68
20160131 22:44,12,19,8,21,7,26,29,84,63,5,10319,1,27,51,63,68
20160131 22:45,12,22,9,21,17,34,29,84,63,5,10319,1,27,51,63,68
20160131 22:46,11,22,9,21,4,30,29,84,63,5,10319,1,27,51,63,68
20160131 22:47,13,19,10,20,22,27,29,84,63,5,10319,1,27,51,63,68
20160131 22:48,14,18,9,19,6,23,29,84,63,5,10319,1,27,51,63,68
20160131 22:49,6,18,9,20,6,27,29,84,63,5,10319,1,27,51,63,68
20160131 22:50,17,20,11,19,28,26,30,84,64,6,10319,1,27,51,63,68
20160131 22:51,22,19,13,19,16,23,29,84,63,5,10319,1,27,51,62,68
20160131 22:52,16,17,14,19,17,26,29,84,63,5,10319,1,27,51,62,68
20160131 22:53,8,20,12,20,359,29,29,84,63,5,10319,1,27,51,62,68
20160131 22:54,359,21,11,20,359,27,29,84,63,5,10319,1,27,50,62,68
20160131 22:55,9,22,11,20,18,37,29,84,63,5,10319,1,27,50,62,68
20160131 22:56,16,26,13,20,15,37,29,84,63,5,10320,2,27,50,62,68
20160131 22:57,12,25,11,21,9,34,29,84,63,5,10320,2,27,50,62,68
20160131 22:58,11,26,12,22,13,35,29,84,63,5,10320,2,27,50,62,68
20160131 22:59,13,27,13,23,13,28,29,84,63,5,10320,2,27,50,62,68
20160131 23:00,20,24,13,23,28,38,29,84,63,5,10319,2,26,50,62,68
20160131 23:01,23,23,13,23,17,30,30,84,64,6,10319,2,26,50,62,68
20160131 23:02,18,23,13,24,18,37,30,84,64,6,10319,2,26,50,62,68
20160131 23:03,18,23,15,24,17,33,30,83,63,4,10319,2,26,50,62,68
20160131 23:04,14,23,16,24,11,29,30,83,63,4,10318,2,26,50,62,68
20160131 23:05,11,27,15,25,11,47,30,83,63,4,10318,2,26,50,62,68
20160131 23:06,19,28,16,25,27,44,30,83,63,4,10318,3,26,50,62,67
20160131 23:07,21,26,17,25,15,31,29,83,62,3,10318,3,26,50,62,67
20160131 23:08,18,26,18,25,20,38,29,83,62,3,10317,2,26,50,62,67
20160131 23:09,16,24,18,25,12,29,29,83,62,3,10317,2,26,50,62,67
20160131 23:10,12,22,16,24,12,28,29,83,62,3,10317,2,26,50,62,67
20160131 23:11,13,21,16,24,15,24,29,83,62,3,10317,2,26,49,62,67
20160131 23:12,19,18,16,24,22,31,29,83,62,3,10317,2,26,49,62,67
20160131 23:13,19,19,16,23,16,26,29,83,62,3,10317,2,26,49,61,67
20160131 23:14,18,18,17,23,20,23,29,83,62,3,10317,2,26,49,61,67
20160131 23:15,18,15,17,21,15,16,29,83,62,3,10317,1,26,49,61,67
20160131 23:16,15,13,16,20,15,27,28,83,62,2,10316,1,26,49,61,67
20160131 23:17,15,18,16,19,14,30,28,83,62,2,10316,1,26,49,61,67
20160131 23:18,17,22,16,19,20,28,28,84,63,4,10316,1,26,49,61,67
20160131 23:19,22,19,17,18,24,22,28,84,63,4,10316,1,26,49,61,67
20160131 23:20,25,17,19,18,27,22,28,84,63,4,10316,1,26,49,61,67
20160131 23:21,22,15,19,17,16,16,28,84,63,4,10316,0,26,49,61,67
20160131 23:22,16,15,18,17,15,31,28,84,63,4,10316,0,26,49,61,67
20160131 23:23,13,17,18,17,11,22,28,84,63,4,10316,0,26,49,61,67
20160131 23:24,9,14,16,16,7,17,28,84,63,4,10315,0,26,49,61,67
20160131 23:25,9,15,16,17,12,30,28,84,63,4,10315,0,26,49,61,67
20160131 23:26,8,21,15,18,5,30,27,84,62,3,10314,-1,25,49,61,67
20160131 23:27,5,21,14,18,6,22,27,84,62,3,10314,0,25,49,61,67
20160131 23:28,9,15,13,17,12,17,27,84,62,3,10314,0,25,49,61,67
20160131 23:29,13,15,12,17,14,22,27,84,62,3,10315,0,25,48,61,67
20160131 23:30,8,14,10,16,2,16,27,84,62,3,10315,0,25,48,61,67
20160131 23:31,1,14,8,17,0,23,27,84,62,3,10315,-1,25,48,61,67
20160131 23:32,4,17,8,16,8,21,27,84,62,3,10315,-1,25,48,61,67
20160131 23:33,2,17,6,17,356,24,27,84,62,3,10315,-1,25,48,61,67
20160131 23:34,359,17,6,17,2,20,27,84,62,3,10314,-1,25,48,61,67
20160131 23:35,8,15,6,17,14,21,27,85,63,4,10314,-1,25,48,61,67
20160131 23:36,15,13,7,15,16,18,27,85,63,4,10313,-1,25,48,60,67
20160131 23:37,11,15,7,15,6,25,26,85,63,3,10313,-1,25,48,60,67
20160131 23:38,9,19,7,16,13,27,26,85,63,3,10313,-1,25,48,60,67
20160131 23:39,10,15,6,15,7,12,26,85,63,3,10313,-1,25,48,60,67
20160131 23:40,6,10,7,15,4,17,26,85,63,3,10313,-1,25,48,60,67
20160131 23:41,5,12,7,15,6,20,26,85,63,3,10314,-2,25,48,60,66
20160131 23:42,8,14,7,15,10,18,26,85,63,3,10314,-2,25,48,60,66
20160131 23:43,10,13,9,14,9,17,26,85,63,3,10314,-2,25,48,60,66
20160131 23:44,11,12,10,14,12,15,26,85,63,3,10314,-2,25,48,60,66
20160131 23:45,20,11,11,13,28,13,26,85,63,3,10314,-2,24,48,60,66
20160131 23:46,6,11,8,13,344,26,26,85,63,3,10314,-3,24,48,60,66
20160131 23:47,356,16,8,14,8,29,26,85,63,3,10314,-3,24,48,60,66
20160131 23:48,357,16,6,13,347,15,26,85,63,3,10315,-2,24,48,60,66
20160131 23:49,350,12,4,13,353,17,26,85,63,3,10315,-2,24,47,60,66
20160131 23:50,357,13,4,13,1,15,26,85,63,3,10316,-3,24,47,60,66
20160131 23:51,2,11,3,13,2,12,26,85,63,3,10316,-2,24,47,60,66
20160131 23:52,2,11,3,13,2,21,26,85,63,3,10316,-3,24,47,60,66
20160131 23:53,358,9,1,12,354,11,25,85,62,2,10316,-3,24,47,60,66
20160131 23:54,0,9,0,12,5,15,25,85,62,2,10316,-4,24,47,60,66
20160131 23:55,3,16,358,13,1,24,25,85,62,2,10316,-4,24,47,60,66
20160131 23:56,358,18,359,13,355,20,25,85,62,2,10316,-4,24,47,60,66
20160131 23:57,4,14,359,13,14,15,25,85,62,2,10316,-4,24,47,60,66
20160131 23:58,7,13,1,13,0,17,25,85,62,2,10316,-4,24,47,60,66
20160131 23:59,356,16,1,13,352,27,25,85,62,2,10316,-4,24,47,59,66
20160131 00:00,356,17,1,14,1,22,25,85,62,2,10316,-4,24,47,59,66
20160131 00:01,2,15,1,14,3,19,25,85,62,2,10316,-4,23,47,59,66
20160131 00:02,1,14,0,14,359,23,25,85,62,2,10317,-4,23,47,59,66
20160131 00:03,3,15,2,15,8,28,25,85,62,2,10317,-4,23,47,59,66
20160131 00:04,4,17,1,16,0,28,25,85,62,2,10317,-4,23,47,59,66
20160131 00:05,356,16,0,15,352,20,25,85,62,2,10317,-4,23,47,59,66
20160131 00:06,351,17,0,16,350,30,25,85,62,2,10317,-5,23,47,59,66
20160131 00:07,355,20,359,16,1,25,25,85,62,2,10318,-4,23,47,59,66
20160131 00:08,3,20,359,17,6,29,25,85,62,2,10319,-3,23,47,59,66
20160131 00:09,3,17,0,17,0,19,25,85,62,2,10319,-3,23,46,59,66
20160131 00:10,353,12,358,16,345,22,25,85,62,2,10319,-4,23,46,59,66
20160131 00:11,354,15,358,17,3,23,25,85,62,2,10318,-4,23,46,59,66
20160131 00:12,0,18,358,17,356,29,24,85,62,1,10318,-4,23,46,59,66
20160131 00:13,4,21,358,18,11,34,24,85,62,1,10318,-3,23,46,59,66
20160131 00:14,9,22,359,18,7,35,25,85,62,2,10319,-3,23,46,59,65
20160131 00:15,11,20,1,19,15,23,25,85,62,2,10319,-3,22,46,59,65
20160131 00:16,9,18,3,18,3,22,25,85,62,2,10319,-3,22,46,59,65
20160131 00:17,1,19,3,19,359,33,25,85,62,2,10319,-3,22,46,59,65
20160131 00:18,359,21,2,18,359,31,25,85,62,2,10319,-3,22,46,59,65
20160131 00:19,6,21,3,19,14,31,25,85,62,2,10319,-3,22,46,59,65
20160131 00:20,9,20,5,20,4,26,25,85,62,2,10319,-3,22,46,59,65
20160131 00:21,7,20,6,20,9,33,25,85,62,2,10319,-3,22,46,59,65
20160131 00:22,10,25,7,21,11,36,25,84,61,1,10319,-3,22,46,58,65
20160131 00:23,9,21,7,20,6,17,25,84,61,1,10319,-3,22,46,58,65
20160131 00:24,8,14,7,20,10,18,25,84,61,1,10318,-3,22,46,58,65
20160131 00:25,13,12,7,19,15,14,25,84,61,1,10318,-4,22,46,58,65
20160131 00:26,11,13,8,19,8,20,25,84,61,1,10318,-4,22,46,58,65
20160131 00:27,5,16,8,18,1,26,25,84,61,1,10318,-4,22,46,58,65
20160131 00:28,359,17,8,18,357,22,25,84,61,1,10318,-4,22,45,58,65
20160131 00:29,2,16,7,17,7,23,25,84,61,1,10318,-4,22,45,58,65
20160131 00:30,11,18,8,17,15,23,25,84,61,1,10318,-4,22,45,58,65
20160131 00:31,11,22,8,18,8,32,25,84,61,1,10318,-4,22,45,58,65
20160131 00:32,9,24,8,17,11,34,25,84,61,1,10317,-3,22,45,58,65
20160131 00:33,15,19,9,17,20,20,25,84,61,1,10317,-3,22,45,58,65
20160131 00:34,19,14,10,17,18,17,25,84,61,1,10317,-3,22,45,58,65
20160131 00:35,16,15,10,18,15,20,25,84,61,1,10317,-4,21,45,58,65
20160131 00:36,18,15,11,18,20,17,25,84,61,1,10317,-4,21,45,58,65
20160131 00:37,21,16,13,18,22,35,24,84,61,0,10317,-4,21,45,58,65
20160131 00:38,22,19,16,18,21,27,24,84,61,0,10316,-4,21,45,58,65
20160131 00:39,24,20,18,19,27,24,24,84,61,0,10316,-4,21,45,58,65
20160131 00:40,28,18,19,18,29,20,24,84,61,0,10315,-4,21,45,58,65
20160131 00:41,26,15,21,17,24,24,24,84,61,0,10315,-4,21,45,58,65
20160131 00:42,30,19,23,17,36,32,24,84,61,0,10315,-4,21,45,58,65
20160131 00:43,32,23,24,18,28,29,24,84,61,0,10316,-4,21,45,58,65
20160131 00:44,24,19,24,18,20,17,24,84,61,0,10316,-4,21,45,58,65
20160131 00:45,17,18,24,19,15,28,24,84,61,0,10316,-4,21,45,58,65
20160131 00:46,18,21,24,19,22,23,24,84,61,0,10316,-4,21,45,58,65
20160131 00:47,27,19,25,19,32,22,24,84,61,0,10316,-4,21,45,57,65
20160131 00:48,25,16,25,19,18,20,23,84,61,-1,10315,-5,21,45,57,64
20160131 00:49,29,16,26,18,39,23,23,84,61,-1,10315,-5,21,44,57,64
20160131 00:50,30,16,26,18,22,18,23,85,61,0,10315,-5,21,44,57,64
20160131 00:51,21,14,25,18,19,18,23,85,61,0,10314,-6,21,44,57,64
20160131 00:52,26,15,25,17,32,23,23,85,61,0,10314,-6,21,44,57,64
20160131 00:53,29,17,24,17,26,27,23,85,61,0,10314,-6,21,44,57,64
20160131 00:54,31,18,26,17,35,25,23,85,61,0,10314,-6,21,44,57,64
20160131 00:55,30,18,27,17,24,25,23,85,61,0,10314,-6,21,44,57,64
20160131 00:56,25,14,27,16,25,16,22,85,61,-1,10314,-6,20,44,57,64
20160131 00:57,35,13,28,16,45,17,22,85,61,-1,10314,-6,20,44,57,64
20160131 00:58,42,14,31,16,39,18,22,85,61,-1,10314,-7,20,44,57,64
20160131 00:59,34,13,29,15,28,16,22,85,61,-1,10314,-7,20,44,57,64
20160131 01:00,30,12,30,15,32,21,22,85,61,-1,10313,-7,20,44,57,64
20160131 01:01,37,12,33,15,41,15,22,85,61,-1,10313,-7,20,44,57,64
20160131 01:02,40,12,33,14,38,17,22,85,61,-1,10313,-7,20,44,57,64
20160131 01:03,40,15,35,14,41,28,22,85,61,-1,10313,-8,20,44,57,64
20160131 01:04,34,16,34,14,27,18,22,85,61,-1,10313,-7,20,44,57,64
20160131 01:05,26,14,34,13,24,16,21,85,60,-2,10313,-7,20,44,57,64
20160131 01:06,31,17,35,14,38,38,21,85,60,-2,10313,-8,20,44,57,64
20160131 01:07,31,24,33,16,25,33,21,85,60,-2,10313,-7,20,44,57,64
20160131 01:08,25,27,32,17,25,32,21,85,60,-2,10313,-7,20,44,57,64
20160131 01:09,23,25,31,18,20,29,22,85,61,-1,10313,-6,20,43,57,64
20160131 01:10,22,21,30,19,25,23,22,85,61,-1,10313,-6,20,43,57,64
20160131 01:11,25,18,29,19,26,26,21,85,60,-2,10313,-6,20,43,57,64
20160131 01:12,29,15,28,19,32,22,22,85,61,-1,10313,-6,20,43,57,64
20160131 01:13,30,16,27,19,28,29,22,85,61,-1,10313,-6,19,43,56,64
20160131 01:14,23,17,26,19,17,24,22,85,61,-1,10313,-6,19,43,56,64
20160131 01:15,20,17,26,20,22,26,22,85,61,-1,10313,-6,19,43,56,64
20160131 01:16,22,19,24,20,22,23,22,85,61,-1,10314,-6,19,43,56,64
20160131 01:17,11,16,22,19,0,21,22,84,60,-2,10314,-7,19,43,56,64
20160131 01:18,2,13,20,17,5,18,22,84,60,-2,10314,-7,19,43,56,64
20160131 01:19,12,12,20,16,18,15,22,84,60,-2,10314,-7,19,43,56,64
20160131 01:20,18,11,19,15,17,15,22,84,60,-2,10314,-8,19,43,56,64
20160131 01:21,23,11,19,15,29,18,21,84,60,-3,10315,-8,19,43,56,64
20160131 01:22,26,14,18,15,24,23,21,84,60,-3,10315,-8,19,43,56,64
20160131 01:23,23,19,18,15,22,29,21,84,60,-3,10315,-8,19,43,56,63
20160131 01:24,13,16,16,15,5,16,21,84,60,-3,10315,-8,19,43,56,63
20160131 01:25,9,12,16,14,14,14,21,84,60,-3,10315,-8,19,43,56,63
20160131 01:26,6,10,13,13,358,12,21,84,60,-3,10316,-8,19,43,56,63
20160131 01:27,353,8,12,13,348,9,21,84,60,-3,10316,-9,19,43,56,63
20160131 01:28,353,9,11,12,358,11,21,84,60,-3,10316,-9,19,43,56,63
20160131 01:29,2,11,10,12,7,16,21,84,60,-3,10316,-9,19,43,56,63
20160131 01:30,4,12,9,12,1,16,21,84,60,-3,10316,-10,19,43,56,63
20160131 01:31,0,13,6,13,359,19,20,84,59,-4,10316,-9,18,42,56,63
20160131 01:32,0,11,3,12,1,11,21,84,60,-3,10316,-9,18,42,56,63
20160131 01:33,359,10,1,11,357,15,20,84,59,-4,10317,-9,18,42,56,63
20160131 01:34,350,11,359,11,344,12,20,85,60,-3,10317,-10,18,42,56,63
20160131 01:35,348,11,357,11,352,16,20,85,60,-3,10317,-10,18,42,56,63
20160131 01:36,347,10,355,11,341,11,20,85,60,-3,10317,-10,18,42,56,63
20160131 01:37,350,10,356,11,358,17,20,85,60,-3,10318,-11,18,42,56,63
20160131 01:38,358,11,356,11,357,12,20,85,60,-3,10318,-11,18,42,55,63
20160131 01:39,343,10,352,11,330,12,20,85,60,-3,10318,-11,18,42,55,63
20160131 01:40,335,12,350,11,341,19,19,85,60,-4,10318,-11,18,42,55,63
20160131 01:41,338,13,348,11,334,16,19,85,60,-4,10319,-11,18,42,55,63
20160131 01:42,332,11,344,11,329,12,19,85,60,-4,10319,-11,18,42,55,63
20160131 01:43,331,10,342,11,332,12,19,85,60,-4,10320,-11,18,42,55,63
20160131 01:44,335,10,341,11,338,13,18,85,59,-4,10320,-11,18,42,55,63
20160131 01:45,336,10,339,10,333,14,18,85,59,-4,10320,-12,18,42,55,63
20160131 01:46,330,11,338,11,326,14,18,86,60,-3,10320,-12,18,42,55,63
20160131 01:47,332,13,336,11,338,18,18,86,60,-3,10321,-12,17,42,55,63
20160131 01:48,340,13,334,11,342,17,18,86,60,-3,10321,-12,17,42,55,63
20160131 01:49,339,12,335,11,335,14,17,86,59,-4,10322,-12,17,42,55,63
20160131 01:50,345,12,336,11,354,20,17,86,59,-4,10322,-12,17,42,55,63
20160131 01:51,346,12,337,11,339,15,17,86,59,-4,10322,-12,17,42,55,63
20160131 01:52,335,12,337,11,331,14,17,86,59,-4,10322,-12,17,41,55,63
20160131 01:53,335,10,338,11,340,13,17,86,59,-4,10322,-12,17,41,55,63
20160131 01:54,337,11,337,12,335,19,17,86,59,-4,10322,-12,17,41,55,63
20160131 01:55,339,12,338,12,342,19,17,86,59,-4,10321,-12,17,41,55,63
20160131 01:56,337,9,339,11,331,9,17,86,59,-4,10321,-12,17,41,55,63
20160131 01:57,342,5,340,10,353,6,17,86,59,-4,10320,-12,17,41,55,62
20160131 01:58,350,4,341,9,347,8,17,86,59,-4,10320,-13,17,41,55,63
20160131 01:59,344,6,341,9,341,10,17,86,59,-4,10320,-13,17,41,55,62
20160131 02:00,336,7,339,8,331,9,17,86,59,-4,10320,-13,16,41,55,62
20160131 02:01,325,7,337,8,318,12,17,86,59,-4,10320,-14,16,41,55,62
20160131 02:02,321,9,336,8,325,15,17,86,59,-4,10320,-14,16,41,55,62
20160131 02:03,330,8,336,8,335,8,16,86,59,-5,10319,-8,16,41,55,62
20160131 02:04,339,5,337,7,344,6,16,86,59,-5,10319,-2,16,41,54,62
20160131 02:05,347,3,338,6,350,6,16,86,59,-5,10319,-1,16,41,54,62
20160131 02:06,359,5,341,6,9,13,16,86,59,-5,10319,-1,16,41,54,62
20160131 02:07,358,7,340,6,344,10,15,86,59,-6,10319,-1,16,41,54,62
20160131 02:08,343,7,340,7,342,11,15,86,59,-6,10319,-1,16,41,54,62
20160131 02:09,341,10,340,7,340,14,15,86,59,-6,10319,-1,16,41,54,62
20160131 02:10,347,11,342,8,354,18,14,86,58,-7,10319,-1,16,41,54,62
20160131 02:11,1,15,347,8,8,20,14,87,59,-5,10319,-1,16,41,54,62
20160131 02:12,349,13,347,8,329,12,14,87,59,-5,10319,-1,16,41,54,62
20160131 02:13,333,8,348,8,336,9,14,87,59,-5,10319,-1,16,40,54,62
20160131 02:14,342,8,348,9,349,13,14,87,59,-5,10319,-1,16,40,54,62
20160131 02:15,354,9,349,10,0,11,14,87,59,-5,10319,-1,16,40,54,62
20160131 02:16,2,8,349,10,4,9,14,87,59,-5,10319,-1,16,40,54,62
20160131 02:17,354,8,349,10,344,10,13,87,58,-6,10319,-1,16,40,54,62
20160131 02:18,337,9,347,10,330,11,13,87,58,-6,10320,-1,16,40,54,62
20160131 02:19,333,9,347,10,337,13,13,87,58,-6,10320,-1,16,40,54,62
20160131 02:20,334,9,345,9,332,12,13,87,58,-6,10320,-1,16,40,54,62
20160131 02:21,324,10,340,9,317,16,13,88,59,-5,10321,-1,16,40,54,62
20160131 02:22,315,12,338,9,313,16,13,88,59,-5,10321,-1,16,40,54,62
20160131 02:23,312,12,336,10,310,13,13,88,59,-5,10321,-1,16,40,54,62
20160131 02:24,310,11,331,10,309,12,13,88,59,-5,10321,-1,16,40,54,62
20160131 02:25,304,11,325,10,298,15,13,88,59,-5,10321,-1,16,40,54,62
20160131 02:26,303,12,320,10,307,14,13,88,59,-5,10321,-1,17,40,54,62
20160131 02:27,304,11,315,11,300,15,12,88,59,-6,10321,-1,17,40,54,62
20160131 02:28,294,12,311,11,288,14,12,88,59,-6,10321,-1,17,40,54,62
20160131 02:29,291,13,307,12,293,17,12,88,59,-6,10321,-1,17,40,54,62
20160131 02:30,294,14,303,12,295,17,12,88,59,-6,10321,-1,17,40,54,62
20160131 02:31,296,16,301,13,297,21,12,88,59,-6,10322,-1,17,40,54,62
20160131 02:32,300,19,300,14,304,27,12,89,59,-4,10322,-1,17,40,54,62
20160131 02:33,304,18,300,14,304,18,12,89,59,-4,10323,0,17,40,53,62
20160131 02:34,301,14,298,14,298,17,12,89,59,-4,10323,0,17,40,53,61
20160131 02:35,295,14,298,14,292,16,12,89,59,-4,10323,0,17,40,53,61
20160131 02:36,290,12,296,15,288,14,12,89,59,-4,10323,0,17,39,53,61
20160131 02:37,283,12,294,15,278,14,12,89,59,-4,10322,0,17,39,53,61
20160131 02:38,287,11,294,14,295,13,12,89,59,-4,10322,0,17,39,53,61
20160131 02:39,292,10,294,14,288,15,12,89,59,-4,10322,0,17,39,53,61
20160131 02:40,282,10,292,13,276,13,13,89,60,-3,10322,0,17,39,53,61
20160131 02:41,281,11,291,13,285,14,12,89,59,-4,10322,0,17,39,53,61
20160131 02:42,283,13,288,12,280,19,13,89,60,-3,10322,0,17,39,53,61
20160131 02:43,281,12,286,12,281,12,13,89,60,-3,10322,0,17,39,53,61
20160131 02:44,276,8,283,11,271,8,12,89,59,-4,10322,0,17,39,53,61
20160131 02:45,274,8,282,10,278,10,12,89,59,-4,10322,0,17,39,53,61
20160131 02:46,274,11,280,11,270,18,12,89,59,-4,10322,0,17,39,53,61
20160131 02:47,269,15,279,11,269,18,12,90,60,-3,10322,0,17,39,53,61
20160131 02:48,267,15,276,12,265,18,12,90,60,-3,10322,0,17,39,53,61
20160131 02:49,270,15,275,12,276,17,12,90,60,-3,10323,0,17,39,53,61
20160131 02:50,278,15,276,13,280,17,12,90,60,-3,10323,0,17,39,53,61
20160131 02:51,277,15,275,13,275,19,12,90,60,-3,10323,0,17,39,53,61
20160131 02:52,277,16,274,13,278,18,12,90,60,-3,10324,0,17,39,53,61
20160131 02:53,277,16,274,14,276,19,12,90,60,-3,10325,0,17,39,53,61
20160131 02:54,273,16,274,15,269,20,12,91,61,-1,10325,0,17,39,53,61
20160131 02:55,271,16,273,16,273,17,12,91,61,-1,10325,0,17,39,53,61
20160131 02:56,273,15,273,16,273,17,12,91,61,-1,10325,0,17,39,53,61
20160131 02:57,275,16,274,16,277,19,12,91,61,-1,10325,0,18,39,53,61
20160131 02:58,278,16,276,16,280,20,12,91,61,-1,10325,0,17,39,53,61
20160131 02:59,286,16,277,16,292,19,12,91,61,-1,10325,0,17,39,52,61
20160131 03:00,290,15,278,16,288,17,12,91,61,-1,10325,0,18,39,52,61
20160131 03:01,285,15,279,16,283,16,12,91,61,-1,10325,0,18,39,52,61
20160131 03:02,279,14,278,15,274,17,12,91,61,-1,10325,0,18,39,52,61
20160131 03:03,280,13,279,15,286,16,12,92,61,0,10325,0,18,39,52,61
20160131 03:04,288,12,282,14,290,13,12,92,61,0,10325,1,18,39,52,61
20160131 03:05,292,10,284,14,294,12,12,92,61,0,10326,1,18,39,52,61
20160131 03:06,298,10,287,13,302,16,12,92,61,0,10326,1,18,39,52,61
20160131 03:07,288,11,286,13,273,12,12,92,61,0,10326,1,18,38,52,61
20160131 03:08,279,11,287,12,285,16,12,92,61,0,10327,1,18,38,52,61
20160131 03:09,281,12,285,12,278,15,12,92,61,0,10327,1,18,38,52,61
20160131 03:10,279,12,284,12,279,17,12,92,61,0,10327,1,18,38,52,61
20160131 03:11,279,12,284,12,279,14,12,92,61,0,10327,1,18,38,52,60
20160131 03:12,275,11,284,11,272,12,12,92,61,0,10327,1,18,38,52,60
20160131 03:13,274,11,283,11,276,15,12,92,61,0,10328,1,18,38,52,60
20160131 03:14,273,12,281,11,270,14,12,92,61,0,10328,1,18,38,52,60
20160131 03:15,272,12,279,12,275,18,12,92,61,0,10328,1,18,38,52,60
20160131 03:16,272,12,276,12,270,13,12,92,61,0,10328,1,18,38,52,60
20160131 03:17,268,11,275,12,267,16,12,92,61,0,10327,1,18,38,52,60
20160131 03:18,265,10,273,12,263,14,12,92,61,0,10327,1,18,38,52,60
20160131 03:19,260,8,271,11,258,13,13,92,62,1,10328,1,18,38,52,60
20160131 03:20,256,10,268,11,254,16,13,93,62,3,10328,2,18,38,52,60
20160131 03:21,257,12,266,11,259,13,13,93,62,3,10328,2,18,38,52,60
20160131 03:22,256,13,264,11,252,18,13,93,62,3,10328,2,18,38,52,60
20160131 03:23,253,14,262,12,254,16,13,93,62,3,10328,2,18,38,52,60
20160131 03:24,257,12,261,12,259,15,13,93,62,3,10328,2,18,38,52,60
20160131 03:25,266,13,261,12,272,16,14,92,62,2,10329,2,18,38,52,60
20160131 03:26,270,14,261,12,269,18,14,92,62,2,10329,2,18,38,52,60
20160131 03:27,273,16,262,13,276,21,14,92,62,2,10329,3,18,38,52,60
20160131 03:28,275,16,263,13,274,19,14,92,62,2,10328,3,18,38,52,60
20160131 03:29,273,13,264,13,271,14,14,92,62,2,10328,3,18,38,51,60
20160131 03:30,266,10,265,13,261,11,14,92,62,2,10328,3,18,38,51,60
20160131 03:31,265,9,266,13,270,11,14,92,62,2,10327,3,18,38,51,60
20160131 03:32,265,8,267,12,260,12,15,92,63,3,10327,3,18,38,51,60
20160131 03:33,273,9,270,12,287,16,15,92,63,3,10326,3,18,38,51,60
20160131 03:34,310,11,276,12,333,15,15,92,63,3,10326,3,18,38,51,60
20160131 03:35,299,8,275,11,262,10,15,92,63,3,10325,3,18,38,51,60
20160131 03:36,236,2,270,10,212,0,15,92,63,3,10325,3,18,38,51,60
20160131 03:37,220,0,265,8,228,1,15,92,63,3,10325,3,18,38,51,60
20160131 03:38,232,1,261,7,235,3,15,92,63,3,10324,3,19,38,51,60
20160131 03:39,218,3,254,6,202,6,15,91,62,2,10324,3,19,38,51,60
20160131 03:40,184,5,245,6,163,6,15,91,62,2,10323,3,19,38,51,60
20160131 03:41,217,3,250,5,329,2,15,91,62,2,10323,2,19,38,51,60
20160131 03:42,270,0,241,4,199,1,16,91,62,3,10323,2,19,38,51,60
20160131 03:43,206,1,230,3,211,3,16,91,62,3,10323,2,19,38,51,60
20160131 03:44,206,3,219,2,202,6,16,91,62,3,10323,2,19,38,51,60
20160131 03:45,201,4,212,2,200,5,15,91,62,2,10322,2,19,38,51,60
20160131 03:46,214,3,214,3,230,6,15,91,62,2,10322,2,19,38,51,60
20160131 03:47,231,2,215,3,233,3,15,91,62,2,10321,1,19,38,51,59
20160131 03:48,215,2,210,3,197,4,15,91,62,2,10321,1,19,38,51,59
20160131 03:49,200,2,210,2,204,3,15,91,62,2,10321,1,19,38,51,59
20160131 03:50,190,2,212,2,176,3,14,91,61,1,10320,0,19,38,51,59
20160131 03:51,171,1,202,2,167,1,14,91,61,1,10320,0,19,38,51,59
20160131 03:52,150,1,196,2,134,5,14,91,61,1,10320,0,19,38,51,59
20160131 03:53,117,3,187,3,101,6,14,91,61,1,10320,0,19,38,51,59
20160131 03:54,101,5,177,3,102,7,14,91,61,1,10320,0,19,38,51,59
20160131 03:55,74,7,165,3,45,11,14,91,61,1,10319,0,19,38,51,59
20160131 03:56,41,7,145,3,38,9,14,91,61,1,10319,-1,19,38,51,59
20160131 03:57,35,7,122,4,33,11,14,91,61,1,10319,-1,19,38,51,59
20160131 03:58,35,9,99,5,36,11,14,91,61,1,10319,-1,19,38,51,59
20160131 03:59,41,7,83,5,46,8,13,91,61,0,10319,-1,19,38,51,59
20160131 04:00,34,6,67,6,21,7,13,91,61,0,10319,-1,19,38,51,59
20160131 04:01,25,8,56,7,30,13,12,91,61,-1,10319,-1,19,38,51,59
20160131 04:02,37,8,48,7,42,11,13,91,61,0,10319,-1,19,38,51,59
20160131 04:03,46,6,44,7,51,11,13,91,61,0,10319,-1,19,38,51,59
20160131 04:04,38,7,37,7,25,13,12,91,61,-1,10320,-1,19,37,50,59
20160131 04:05,31,7,36,7,38,11,12,90,60,-3,10320,-1,19,37,50,59
20160131 04:06,18,5,32,7,359,8,12,90,60,-3,10320,-1,19,37,50,59
20160131 04:07,2,6,30,7,6,12,12,90,60,-3,10320,-1,18,37,50,59
20160131 04:08,9,8,27,7,12,14,12,90,60,-3,10320,-1,18,37,50,59
20160131 04:09,15,10,24,8,17,17,11,90,60,-4,10320,-1,18,37,50,59
20160131 04:10,15,13,23,8,13,16,11,90,60,-4,10320,-1,18,37,50,59
20160131 04:11,21,11,23,8,28,13,11,90,60,-4,10319,-1,18,37,50,59
20160131 04:12,27,7,21,8,25,7,11,90,60,-4,10319,-1,18,37,50,59
20160131 04:13,20,5,18,8,15,6,11,90,60,-4,10319,-1,18,37,50,59
20160131 04:14,18,5,17,8,21,8,11,90,60,-4,10319,0,18,37,50,59
20160131 04:15,24,6,16,8,28,10,11,90,60,-4,10319,0,18,37,50,59
20160131 04:16,21,7,18,8,14,10,10,90,59,-5,10319,0,18,37,50,59
20160131 04:17,7,7,17,8,0,8,10,90,59,-5,10319,0,18,37,50,59
20160131 04:18,3,6,17,8,6,8,10,90,59,-5,10319,0,18,37,50,59
20160131 04:19,0,7,15,7,355,13,10,90,59,-5,10319,-1,18,37,50,59
20160131 04:20,3,9,14,7,11,16,9,90,59,-6,10319,-1,18,37,50,59
20160131 04:21,9,12,12,8,8,18,10,90,59,-5,10319,-1,18,37,50,59
20160131 04:22,10,14,11,8,12,15,10,90,59,-5,10318,-1,18,37,50,59
20160131 04:23,23,12,13,9,34,15,10,90,59,-5,10318,-1,18,37,50,59
20160131 04:24,33,12,14,10,32,16,10,90,59,-5,10317,-1,18,37,50,58
20160131 04:25,27,11,13,10,22,14,10,90,59,-5,10317,-1,18,37,50,59
20160131 04:26,26,9,15,10,30,12,10,90,59,-5,10317,-1,18,37,50,59
20160131 04:27,26,10,17,10,22,11,10,90,59,-5,10318,-1,18,37,50,58
20160131 04:28,14,9,17,11,6,11,10,90,59,-5,10319,-1,18,37,50,58
20160131 04:29,359,8,17,10,353,11,10,90,59,-5,10319,-1,18,37,50,58
20160131 04:30,359,7,16,10,5,10,10,90,59,-5,10319,-1,18,37,50,58
20160131 04:31,3,6,16,9,1,7,10,90,59,-5,10319,-1,18,37,50,58
20160131 04:32,1,7,14,9,0,13,10,90,59,-5,10319,-1,18,37,50,58
20160131 04:33,3,10,12,9,6,17,9,90,59,-6,10319,-1,18,37,50,58
20160131 04:34,359,12,8,9,353,14,9,90,59,-6,10319,-1,18,37,50,58
20160131 04:35,355,12,5,9,358,18,10,90,59,-5,10319,-1,18,37,50,58
20160131 04:36,0,11,3,9,3,16,10,90,59,-5,10319,-1,18,37,50,58
20160131 04:37,0,11,0,9,357,15,10,90,59,-5,10319,-1,18,37,50,58
20160131 04:38,1,13,0,10,5,19,10,90,59,-5,10319,-1,18,37,50,58
20160131 04:39,0,16,0,11,354,23,11,90,60,-4,10319,-1,18,37,50,58
20160131 04:40,358,15,0,11,3,16,11,90,60,-4,10319,-1,18,37,50,58
20160131 04:41,2,11,0,12,2,12,12,90,60,-3,10319,-1,18,37,50,58
20160131 04:42,3,11,0,12,3,13,12,90,60,-3,10319,-1,18,37,50,58
20160131 04:43,2,11,0,12,2,13,12,89,59,-4,10319,-1,18,37,50,58
20160131 04:44,0,12,1,12,358,18,12,89,59,-4,10320,-1,18,37,50,58
20160131 04:45,358,12,1,12,358,13,12,89,59,-4,10320,-1,18,37,50,58
20160131 04:46,356,13,0,13,353,19,13,89,60,-3,10321,-1,18,37,50,58
20160131 04:47,357,12,0,12,1,12,13,89,60,-3,10321,-1,18,37,50,58
20160131 04:48,358,8,359,12,354,11,13,89,60,-3,10321,-1,18,37,50,58
20160131 04:49,353,10,359,11,352,18,13,89,60,-3,10322,-1,18,37,49,58
20160131 04:50,349,11,357,11,346,12,13,88,59,-5,10322,-1,18,37,49,58
20160131 04:51,345,9,355,11,343,10,13,88,59,-5,10322,-1,17,37,49,58
20160131 04:52,351,9,355,10,358,14,13,88,59,-5,10322,-1,17,37,49,58
20160131 04:53,0,8,354,10,1,10,13,88,59,-5,10322,-1,17,37,49,58
20160131 04:54,1,8,355,10,1,9,13,88,59,-5,10322,-1,17,37,49,58
20160131 04:55,0,9,355,10,359,12,13,88,59,-5,10321,-1,17,37,49,58
20160131 04:56,358,11,355,9,356,21,12,88,59,-6,10321,-1,17,37,49,58
20160131 04:57,5,12,356,10,14,15,12,88,59,-6,10320,-1,17,37,49,58
20160131 04:58,18,11,359,10,21,14,12,88,59,-6,10320,-1,17,37,49,58
20160131 04:59,22,10,2,10,22,13,12,88,59,-6,10319,-1,17,37,49,58
20160131 05:00,21,11,6,10,20,14,12,88,59,-6,10319,-1,17,37,49,58
20160131 05:01,20,13,9,11,21,20,12,88,59,-6,10319,-1,17,37,49,58
20160131 05:02,22,14,12,11,24,21,12,88,59,-6,10319,-1,17,36,49,58
20160131 05:03,22,15,14,12,20,18,12,88,59,-6,10319,-1,17,37,49,58
20160131 05:04,20,14,16,12,19,16,12,88,59,-6,10319,-1,17,36,49,58
20160131 05:05,19,15,18,13,20,19,12,88,59,-6,10319,-1,17,36,49,58
20160131 05:06,18,15,20,13,16,18,12,88,59,-6,10319,-1,17,36,49,58
20160131 05:07,15,14,20,13,15,17,12,88,59,-6,10319,-1,17,36,49,58
20160131 05:08,13,14,19,14,12,19,12,88,59,-6,10319,-1,17,36,49,58
20160131 05:09,14,12,18,14,16,16,12,88,59,-6,10318,-1,17,36,49,58
20160131 05:10,16,11,18,14,16,15,12,88,59,-6,10318,-1,17,36,49,58
20160131 05:11,16,12,17,14,16,19,12,88,59,-6,10318,-1,17,36,49,58
20160131 05:12,22,11,18,13,28,12,12,88,59,-6,10318,-1,17,36,49,57
20160131 05:13,21,10,17,13,13,10,12,88,59,-6,10319,-1,17,36,49,58
20160131 05:14,18,11,17,13,22,17,12,88,59,-6,10319,-1,17,36,49,57
20160131 05:15,22,14,18,12,22,18,12,88,59,-6,10319,-1,17,36,49,57
20160131 05:16,25,13,19,12,28,15,12,88,59,-6,10319,-1,17,36,49,57
20160131 05:17,26,12,20,12,25,19,12,88,59,-6,10319,-1,17,36,49,57
20160131 05:18,22,12,21,12,20,16,12,88,59,-6,10319,-1,17,36,49,57
20160131 05:19,23,13,22,12,27,22,12,88,59,-6,10318,-1,17,36,49,57
20160131 05:20,24,13,22,12,22,16,12,88,59,-6,10318,-1,17,36,49,57
20160131 05:21,27,13,24,12,33,19,12,88,59,-6,10317,-1,17,36,49,57
20160131 05:22,29,15,24,13,26,24,12,88,59,-6,10317,-1,17,36,49,57
20160131 05:23,29,20,26,15,32,28,12,88,59,-6,10317,-1,17,36,49,57
20160131 05:24,26,21,25,15,20,25,12,88,59,-6,10317,-1,17,36,49,57
20160131 05:25,25,16,26,15,30,17,12,88,59,-6,10317,-1,17,36,49,57
20160131 05:26,26,12,26,15,23,13,12,88,59,-6,10317,-1,17,36,49,57
20160131 05:27,22,13,25,15,21,19,12,88,59,-6,10317,-1,17,36,49,57
20160131 05:28,18,16,25,16,15,24,12,88,59,-6,10316,-1,17,36,49,57
20160131 05:29,19,16,24,16,23,18,12,88,59,-6,10316,-2,17,36,49,57
20160131 05:30,21,16,24,16,20,25,12,88,59,-6,10316,-1,17,36,49,57
20160131 05:31,21,18,23,17,23,23,12,88,59,-6,10316,-2,17,36,49,57
20160131 05:32,24,18,23,17,25,20,12,88,59,-6,10316,-1,17,36,49,57
20160131 05:33,27,20,23,17,30,25,12,88,59,-6,10316,-1,17,36,49,57
20160131 05:34,32,19,24,16,33,23,12,88,59,-6,10316,-1,17,36,49,57
20160131 05:35,32,17,24,17,31,24,12,88,59,-6,10315,-1,17,36,49,57
20160131 05:36,30,21,25,18,29,30,12,88,59,-6,10314,-1,17,36,49,57
20160131 05:37,36,19,27,18,43,20,12,88,59,-6,10314,-1,17,36,48,57
20160131 05:38,36,13,29,17,30,18,12,88,59,-6,10314,-1,17,36,48,57
20160131 05:39,33,12,30,17,36,19,12,88,59,-6,10314,-1,17,36,48,57
20160131 05:40,31,14,31,17,27,18,12,88,59,-6,10314,-1,17,36,48,57
20160131 05:41,26,14,31,16,25,17,12,88,59,-6,10314,-1,17,36,48,57
20160131 05:42,24,16,31,16,24,21,12,88,59,-6,10314,-1,17,36,48,57
20160131 05:43,25,17,30,16,26,23,12,88,59,-6,10314,-1,17,36,48,57
20160131 05:44,24,17,29,16,22,26,12,88,59,-6,10314,-1,17,36,48,57
20160131 05:45,26,18,29,16,30,25,12,88,59,-6,10313,-2,17,36,48,57
20160131 05:46,27,19,29,16,25,25,12,88,59,-6,10313,-1,17,36,48,57
20160131 05:47,26,18,27,16,27,27,12,88,59,-6,10312,-1,17,36,48,57
20160131 05:48,30,17,27,16,33,24,12,88,59,-6,10312,-1,17,36,48,57
20160131 05:49,30,15,27,16,27,19,12,88,59,-6,10312,-1,17,36,48,57
20160131 05:50,30,14,27,17,33,22,11,88,58,-7,10312,-1,17,36,48,57
20160131 05:51,29,16,27,17,25,22,11,88,58,-7,10311,-1,17,36,48,57
20160131 05:52,31,15,28,16,37,18,11,88,58,-7,10311,-2,17,35,48,57
20160131 05:53,34,15,29,16,31,18,11,88,58,-7,10311,-2,17,35,48,57
20160131 05:54,34,15,31,16,38,18,11,88,58,-7,10310,-2,17,35,48,57
20160131 05:55,36,16,31,16,34,24,11,88,58,-7,10310,-1,17,35,48,57
20160131 05:56,34,18,32,16,34,24,12,88,59,-6,10310,-1,17,35,48,57
20160131 05:57,36,17,33,16,38,21,12,88,59,-6,10310,-1,17,35,48,57
20160131 05:58,33,15,33,16,28,19,11,88,58,-7,10310,-1,17,35,48,57
20160131 05:59,28,20,33,17,29,33,12,88,59,-6,10310,-1,17,35,48,57
20160131 06:00,26,20,32,17,23,26,12,88,59,-6,10310,-1,17,35,48,57
20160131 06:01,23,17,31,17,22,26,12,88,59,-6,10311,-1,17,35,48,57
20160131 06:02,21,18,30,17,19,23,12,88,59,-6,10311,-1,17,35,48,56
20160131 06:03,20,17,28,17,20,21,12,88,59,-6,10310,-1,17,35,48,56
20160131 06:04,21,16,27,18,22,21,12,88,59,-6,10310,-1,16,35,48,56
20160131 06:05,25,19,26,18,28,25,12,88,59,-6,10310,-1,17,35,48,56
20160131 06:06,24,18,25,18,21,23,12,88,59,-6,10310,-1,16,35,48,56
20160131 06:07,23,17,24,18,24,25,12,88,59,-6,10310,-1,16,35,48,56
20160131 06:08,23,19,23,18,21,22,12,88,59,-6,10310,-1,16,35,48,56
20160131 06:09,27,20,23,18,33,29,13,88,59,-5,10310,-1,16,35,48,56
20160131 06:10,31,19,24,18,30,20,13,87,58,-6,10310,-1,16,35,48,56
20160131 06:11,29,17,24,18,27,29,13,87,58,-6,10310,-1,16,35,48,56
20160131 06:12,29,19,26,18,31,25,13,87,58,-6,10310,-1,16,35,48,56
20160131 06:13,29,21,27,19,28,28,13,87,58,-6,10310,-1,16,35,48,56
20160131 06:14,28,22,27,19,29,30,13,87,58,-6,10310,-1,16,35,48,56
20160131 06:15,29,24,27,20,30,38,13,87,58,-6,10310,-1,16,35,48,56
20160131 06:16,31,25,29,21,32,41,14,87,59,-5,10310,-1,16,35,48,56
20160131 06:17,31,25,29,21,30,40,14,87,59,-5,10310,-1,16,35,48,56
20160131 06:18,32,24,30,22,34,28,14,87,59,-5,10310,-1,16,35,48,56
20160131 06:19,33,28,30,23,33,41,14,87,59,-5,10310,-1,16,35,48,56
20160131 06:20,30,31,30,24,26,33,14,86,58,-7,10309,-1,16,35,48,56
20160131 06:21,28,26,30,25,30,34,15,86,59,-6,10309,-1,16,35,48,56
20160131 06:22,28,20,30,24,25,24,15,86,59,-6,10308,-1,16,35,48,56
20160131 06:23,29,25,30,25,32,43,15,86,59,-6,10308,-1,16,35,48,56
20160131 06:24,28,30,30,26,24,32,15,86,59,-6,10307,-1,16,35,48,56
20160131 06:25,26,22,29,25,27,26,15,86,59,-6,10307,-1,16,35,47,56
20160131 06:26,23,22,28,25,20,32,15,86,59,-6,10307,-1,16,35,47,56
20160131 06:27,23,23,28,25,26,35,15,86,59,-6,10307,-1,16,35,47,56
20160131 06:28,28,26,27,26,30,36,15,86,59,-6,10307,-1,16,35,47,56
20160131 06:29,29,30,27,25,28,35,15,86,59,-6,10306,-1,16,35,47,56
20160131 06:30,30,28,27,25,31,33,15,86,59,-6,10306,-1,16,35,47,56
20160131 06:31,29,24,27,25,26,32,15,86,59,-6,10305,-1,16,35,47,56
20160131 06:32,28,24,27,26,29,39,15,86,59,-6,10305,-1,16,35,47,56
20160131 06:33,32,24,28,25,36,31,15,86,59,-6,10304,-1,16,35,47,56
20160131 06:34,33,25,28,25,31,44,15,85,58,-7,10304,-1,16,35,47,56
20160131 06:35,29,29,28,26,27,42,15,85,58,-7,10304,-1,16,35,47,56
20160131 06:36,33,27,30,26,38,41,15,85,58,-7,10303,-1,16,35,47,56
20160131 06:37,38,27,31,27,38,45,15,85,58,-7,10302,-1,16,35,47,56
20160131 06:38,37,31,32,27,36,40,16,85,58,-6,10302,-1,16,35,47,56
20160131 06:39,38,26,33,26,39,35,16,85,58,-6,10301,0,16,35,47,56
20160131 06:40,44,20,35,25,49,32,16,85,58,-6,10301,-1,16,35,47,56
20160131 06:41,42,22,36,26,36,38,16,85,58,-6,10301,-1,16,35,47,56
20160131 06:42,36,28,36,26,35,40,16,85,58,-6,10301,-1,16,35,47,56
20160131 06:43,38,25,37,26,41,31,16,85,58,-6,10301,0,16,35,47,56
20160131 06:44,42,19,38,25,42,24,16,85,58,-6,10301,0,16,35,47,56
20160131 06:45,40,18,39,24,37,30,16,85,58,-6,10301,-1,16,34,47,56
20160131 06:46,37,21,39,24,37,38,16,85,58,-6,10301,-1,16,34,47,56
20160131 06:47,38,20,39,22,38,37,16,85,58,-6,10302,-1,16,34,47,56
20160131 06:48,39,17,39,21,39,31,16,85,58,-6,10302,-1,16,34,47,56
20160131 06:49,42,19,40,21,45,36,15,85,58,-7,10302,-1,16,34,47,56
20160131 06:50,43,24,39,22,40,38,15,85,58,-7,10302,-1,16,34,47,56
20160131 06:51,39,24,39,22,38,27,15,85,58,-7,10302,-1,16,34,47,56
20160131 06:52,38,24,39,21,37,39,15,85,58,-7,10302,-1,16,34,47,56
20160131 06:53,39,25,39,21,40,36,15,85,58,-7,10303,-1,16,34,47,55
20160131 06:54,41,21,39,22,42,31,15,85,58,-7,10303,-1,16,34,47,55
20160131 06:55,38,19,39,22,34,33,15,85,58,-7,10303,-1,16,34,47,56
20160131 06:56,38,20,39,22,42,29,15,85,58,-7,10303,-1,16,34,47,55
20160131 06:57,42,23,40,22,42,32,15,85,58,-7,10304,-1,16,34,47,55
20160131 06:58,38,26,39,23,34,38,15,85,58,-7,10304,-1,16,34,47,55
20160131 06:59,42,23,40,23,49,24,15,85,58,-7,10304,-1,16,34,47,55
20160131 07:00,44,20,40,22,39,39,15,85,58,-7,10305,-1,16,34,47,55
20160131 07:01,33,21,39,22,26,23,15,85,58,-7,10305,-1,16,34,47,55
20160131 07:02,35,19,39,21,45,26,15,85,58,-7,10305,-1,16,34,47,55
20160131 07:03,39,17,39,21,34,23,15,85,58,-7,10305,-1,16,34,47,55
20160131 07:04,32,17,37,21,30,27,15,85,58,-7,10305,-1,16,34,47,55
20160131 07:05,33,18,38,20,36,23,15,85,58,-7,10306,-1,16,34,47,55
20160131 07:06,34,18,37,20,32,23,15,85,58,-7,10306,-1,16,34,47,55
20160131 07:07,29,17,35,19,25,23,15,85,58,-7,10306,0,16,34,47,55
20160131 07:08,24,16,34,18,23,27,15,85,58,-7,10306,0,16,34,47,55
20160131 07:09,28,14,32,18,33,16,15,85,58,-7,10306,0,16,34,47,55
20160131 07:10,26,14,30,17,19,21,15,85,58,-7,10306,0,16,34,47,55
20160131 07:11,21,14,30,16,25,16,15,85,58,-7,10307,0,16,34,47,55
20160131 07:12,25,13,28,16,24,18,15,85,58,-7,10307,0,16,34,47,55
20160131 07:13,20,17,26,16,16,30,15,85,58,-7,10307,0,16,34,47,55
20160131 07:14,16,20,25,16,16,29,15,85,58,-7,10308,0,16,34,47,55
20160131 07:15,16,19,23,16,16,18,15,85,58,-7,10308,0,16,34,47,55
20160131 07:16,19,18,22,16,21,24,15,85,58,-7,10309,0,16,34,46,55
20160131 07:17,12,16,20,16,4,20,15,85,58,-7,10309,0,16,34,47,55
20160131 07:18,10,16,19,16,16,27,15,85,58,-7,10310,0,16,34,46,55
20160131 07:19,23,19,19,17,30,31,15,85,58,-7,10311,0,16,34,46,55
20160131 07:20,26,20,19,17,22,27,15,85,58,-7,10311,0,16,34,46,55
20160131 07:21,24,21,19,18,25,28,15,85,58,-7,10312,0,16,34,46,55
20160131 07:22,17,19,18,19,10,23,16,85,58,-6,10312,0,16,34,46,55
20160131 07:23,11,16,17,18,12,25,16,85,58,-6,10312,0,16,34,46,55
20160131 07:24,10,12,16,17,8,14,16,85,58,-6,10313,0,16,34,46,55
20160131 07:25,15,7,17,16,22,9,16,85,58,-6,10314,0,16,34,46,55
20160131 07:26,21,6,17,14,19,9,16,85,58,-6,10314,0,16,34,46,55
20160131 07:27,12,9,17,14,6,19,16,85,58,-6,10315,0,16,34,46,55
20160131 07:28,9,12,17,14,12,19,16,85,58,-6,10316,1,16,34,46,55
20160131 07:29,6,10,14,13,0,12,16,85,58,-6,10316,1,16,34,46,55
20160131 07:30,0,11,11,12,0,14,17,85,59,-5,10317,1,16,34,46,55
20160131 07:31,344,13,6,11,328,24,17,85,59,-5,10318,1,16,34,46,55
20160131 07:32,334,17,3,11,340,23,17,85,59,-5,10319,1,16,34,46,55
20160131 07:33,336,16,359,11,331,17,17,85,59,-5,10320,1,16,34,46,55
20160131 07:34,328,12,354,11,324,12,18,85,59,-4,10321,1,16,34,46,55
20160131 07:35,316,9,347,12,307,10,18,85,59,-4,10321,1,16,34,46,55
20160131 07:36,320,8,342,12,332,13,18,84,58,-6,10322,1,16,34,46,55
20160131 07:37,334,11,339,12,337,16,18,84,58,-6,10323,1,16,34,46,55
20160131 07:38,323,12,333,12,309,15,18,84,58,-6,10323,1,16,34,46,55
20160131 07:39,307,10,327,12,305,12,19,84,59,-5,10323,1,16,34,46,55
20160131 07:40,322,10,325,12,339,18,19,84,59,-5,10323,1,16,34,46,55
20160131 07:41,333,12,325,12,327,17,19,84,59,-5,10324,2,16,34,46,55
20160131 07:42,343,14,327,11,359,18,19,84,59,-5,10324,2,16,34,46,55
20160131 07:43,349,13,328,11,338,14,20,84,59,-4,10324,2,16,34,46,55
20160131 07:44,331,13,328,12,324,25,20,84,59,-4,10324,2,16,34,46,55
20160131 07:45,343,14,333,12,2,21,20,83,59,-6,10324,3,16,34,46,55
20160131 07:46,4,15,337,13,6,21,20,83,59,-6,10324,3,16,34,46,55
20160131 07:47,359,14,338,13,352,12,21,83,59,-5,10324,4,16,34,46,55
20160131 07:48,347,12,342,13,342,19,21,83,59,-5,10324,4,16,34,46,54
20160131 07:49,342,16,345,14,342,24,21,83,59,-5,10324,5,16,34,46,54
20160131 07:50,346,17,346,14,350,23,22,83,59,-4,10324,5,16,34,46,54
20160131 07:51,343,14,347,14,336,21,22,83,59,-4,10324,5,16,34,46,54
20160131 07:52,343,15,346,14,351,21,22,83,59,-4,10324,5,16,34,46,54
20160131 07:53,350,14,348,14,350,19,23,82,59,-5,10324,6,16,34,46,54
20160131 07:54,344,12,349,14,338,15,23,82,59,-5,10324,6,16,34,46,54
20160131 07:55,348,12,349,14,359,16,23,82,59,-5,10324,6,16,33,46,54
20160131 07:56,0,14,348,14,2,21,23,82,59,-5,10324,6,16,33,46,54
20160131 07:57,355,16,348,15,347,21,24,82,60,-4,10324,6,16,34,46,54
20160131 07:58,347,13,348,14,346,13,24,82,60,-4,10324,7,16,33,46,54
20160131 07:59,338,10,347,13,331,15,24,82,60,-4,10324,7,16,33,46,54
20160131 08:00,337,12,346,13,343,18,24,82,60,-4,10325,7,16,33,46,54
20160131 08:01,348,14,348,13,353,18,25,82,60,-3,10325,8,16,33,46,54
20160131 08:02,346,14,347,13,339,18,25,81,59,-4,10325,8,16,33,46,54
20160131 08:03,342,13,346,13,344,17,25,81,59,-4,10325,8,16,33,46,54
20160131 08:04,349,13,348,13,353,18,25,82,60,-3,10325,9,16,33,46,54
20160131 08:05,357,10,348,13,1,13,26,82,60,-2,10325,9,17,33,46,54
20160131 08:06,345,12,345,13,328,20,26,82,60,-2,10325,10,17,33,46,54
20160131 08:07,327,17,342,13,326,23,26,81,60,-3,10325,10,17,33,46,54
20160131 08:08,340,17,343,13,353,22,27,81,60,-2,10326,11,17,33,46,54
20160131 08:09,346,14,344,14,339,18,27,81,60,-2,10326,11,17,33,46,54
20160131 08:10,343,14,344,14,348,24,27,81,60,-2,10326,12,17,33,46,54
20160131 08:11,344,22,343,15,341,33,27,81,60,-2,10327,13,17,33,46,54
20160131 08:12,343,27,344,17,345,34,28,80,60,-3,10327,13,17,33,46,54
20160131 08:13,348,25,345,18,351,31,28,80,60,-3,10327,14,17,33,46,54
20160131 08:14,346,26,343,19,341,46,28,80,60,-3,10327,14,17,33,45,54
20160131 08:15,342,32,342,22,343,41,29,80,60,-2,10327,15,17,33,45,54
20160131 08:16,358,29,346,23,15,38,29,80,60,-2,10327,16,17,33,45,54
20160131 08:17,7,24,349,23,359,30,29,80,60,-2,10327,17,17,33,45,54
20160131 08:18,355,20,349,23,351,25,29,80,60,-2,10327,18,17,33,45,54
20160131 08:19,354,16,351,24,357,27,30,79,60,-3,10327,19,17,33,45,54
20160131 08:20,355,21,352,25,354,31,30,79,60,-3,10327,20,17,33,45,54
20160131 08:21,357,26,354,24,1,30,30,79,60,-3,10327,21,17,33,45,54
20160131 08:22,357,20,355,23,354,21,30,79,60,-3,10327,22,17,33,45,54
20160131 08:23,351,18,354,23,349,28,30,79,60,-3,10327,24,17,33,45,54
20160131 08:24,343,17,354,22,338,21,30,79,60,-3,10327,26,18,33,45,54
20160131 08:25,340,16,354,20,342,21,31,79,60,-2,10328,27,18,33,45,54
20160131 08:26,347,18,352,19,352,24,31,79,60,-2,10328,29,18,33,45,54
20160131 08:27,358,20,352,19,3,39,31,78,59,-4,10329,31,18,33,45,54
20160131 08:28,2,22,353,20,1,34,32,78,60,-3,10330,33,18,33,45,54
20160131 08:29,2,20,354,20,3,22,32,78,60,-3,10330,35,18,33,45,54
20160131 08:30,358,19,354,19,353,32,32,78,60,-3,10331,37,18,33,45,54
20160131 08:31,356,22,353,19,359,30,32,77,59,-4,10331,39,18,33,45,54
20160131 08:32,2,20,355,19,6,29,32,77,59,-4,10331,40,19,33,45,54
20160131 08:33,9,21,357,20,12,38,32,77,59,-4,10331,42,19,33,45,54
20160131 08:34,11,21,0,20,9,22,33,77,60,-3,10331,44,19,33,45,54
20160131 08:35,5,20,2,21,1,30,33,77,60,-3,10331,46,19,33,45,54
20160131 08:36,11,23,5,21,22,29,33,77,60,-3,10331,47,20,33,45,54
20160131 08:37,17,24,6,22,13,32,34,77,60,-2,10332,49,20,33,45,54
20160131 08:38,9,24,6,22,5,30,34,77,60,-2,10332,50,20,33,45,54
20160131 08:39,359,24,5,22,353,31,34,77,60,-2,10332,52,21,33,45,54
20160131 08:40,4,24,8,23,15,37,35,77,60,-1,10332,53,21,33,45,54
20160131 08:41,12,20,8,22,8,20,35,76,60,-3,10332,55,21,33,45,54
20160131 08:42,7,18,9,22,7,26,35,77,60,-1,10332,56,22,33,45,54
20160131 08:43,352,21,5,22,337,33,36,77,61,0,10333,57,22,33,45,54
20160131 08:44,346,21,4,22,356,29,36,76,60,-2,10333,57,22,33,45,54
20160131 08:45,349,21,2,22,343,35,36,76,60,-2,10333,58,23,33,45,54
20160131 08:46,0,20,2,21,19,29,36,76,60,-2,10333,59,23,33,45,54
20160131 08:47,12,19,1,21,5,31,37,76,60,-1,10333,60,24,33,45,53
20160131 08:48,356,24,359,21,348,39,37,76,60,-1,10333,61,24,33,45,53
20160131 08:49,354,28,0,22,1,43,37,75,60,-3,10333,61,25,33,45,53
20160131 08:50,357,25,358,22,352,34,37,74,59,-5,10333,62,25,33,45,53
20160131 08:51,3,25,358,23,13,34,37,75,60,-3,10333,63,26,33,45,53
20160131 08:52,1,33,356,25,348,50,38,75,60,-2,10333,64,26,33,45,53
20160131 08:53,350,35,358,26,353,47,38,74,59,-4,10333,65,27,34,45,53
20160131 08:54,350,27,357,26,347,27,38,74,59,-4,10334,65,27,33,45,53
20160131 08:55,349,18,358,25,350,32,38,74,59,-4,10334,66,28,34,45,53
20160131 08:56,5,14,358,25,19,29,38,75,60,-2,10334,67,28,34,45,53
20160131 08:57,9,20,357,25,0,33,39,75,61,-1,10335,69,29,34,45,53
20160131 08:58,10,24,0,25,21,32,39,75,61,-1,10335,70,29,34,45,53
20160131 08:59,13,22,1,24,5,30,40,74,60,-2,10335,71,29,34,45,53
20160131 09:00,6,27,2,25,7,41,40,73,59,-4,10335,72,30,34,45,53
20160131 09:01,1,26,1,24,356,32,40,73,59,-4,10336,73,30,34,45,53
20160131 09:02,349,23,0,23,342,35,41,74,61,-1,10336,74,31,34,45,53
20160131 09:03,358,24,2,22,14,31,41,73,60,-3,10336,74,31,34,45,53
20160131 09:04,3,20,2,22,351,26,41,73,60,-3,10336,75,32,34,45,53
20160131 09:05,346,23,2,23,341,41,41,73,60,-3,10336,77,32,34,45,53
20160131 09:06,356,28,1,25,10,33,42,73,60,-2,10337,77,33,34,45,53
20160131 09:07,5,23,1,23,0,29,42,72,59,-4,10337,77,33,34,45,53
20160131 09:08,5,25,0,25,11,45,42,73,60,-2,10337,78,34,34,45,53
20160131 09:09,2,30,359,25,354,43,42,73,60,-2,10337,78,34,34,45,53
20160131 09:10,359,32,358,26,4,49,42,72,59,-4,10337,77,35,34,45,53
20160131 09:11,3,39,359,28,3,51,42,71,59,-6,10337,75,35,34,45,53
20160131 09:12,358,33,0,28,354,37,42,71,59,-6,10337,73,36,34,45,53
20160131 09:13,352,28,358,29,350,46,42,72,59,-4,10337,73,36,35,45,53
20160131 09:14,353,32,358,30,356,44,42,71,59,-6,10337,73,36,35,45,53
20160131 09:15,12,26,3,29,29,32,42,71,59,-6,10338,76,37,35,45,53
20160131 09:16,6,27,1,30,345,60,43,72,60,-3,10338,78,37,35,45,53
20160131 09:17,359,37,2,32,13,50,43,71,59,-5,10337,78,38,35,45,53
20160131 09:18,12,35,2,32,11,43,43,71,59,-5,10337,78,38,35,45,53
20160131 09:19,6,25,3,31,2,27,43,71,59,-5,10336,80,39,35,45,53
20160131 09:20,6,20,3,30,11,27,43,71,59,-5,10336,82,39,35,45,53
20160131 09:21,11,25,4,28,11,43,44,71,59,-4,10336,84,39,35,45,53
20160131 09:22,8,30,5,29,5,47,44,71,59,-4,10335,84,40,35,45,53
20160131 09:23,12,27,8,28,18,33,44,71,59,-4,10335,85,40,35,45,53
20160131 09:24,26,24,12,27,34,30,45,71,60,-3,10335,87,41,35,45,53
20160131 09:25,32,27,12,28,30,41,45,71,60,-3,10334,88,41,36,45,53
20160131 09:26,39,27,18,27,49,38,45,71,60,-3,10334,88,41,36,45,53
20160131 09:27,37,26,20,26,27,38,46,71,60,-2,10334,89,42,36,45,53
20160131 09:28,18,25,20,25,10,40,46,71,60,-2,10333,90,42,36,45,53
20160131 09:29,7,31,20,27,3,44,47,71,61,-1,10333,91,42,36,45,53
20160131 09:30,358,36,18,28,353,45,47,70,60,-3,10332,91,43,36,45,53
20160131 09:31,4,32,18,29,15,41,46,69,58,-6,10332,91,43,36,45,53
20160131 09:32,15,29,19,28,16,35,47,70,60,-3,10331,92,44,36,45,53
20160131 09:33,22,28,21,29,29,39,47,70,60,-3,10330,93,44,36,45,53
20160131 09:34,30,32,20,30,30,52,47,71,61,-1,10330,95,45,37,45,53
20160131 09:35,27,35,20,30,24,48,47,70,60,-3,10330,95,45,37,45,53
20160131 09:36,14,34,15,31,4,54,48,70,60,-2,10330,95,45,37,45,53
20160131 09:37,8,36,14,32,13,60,48,70,60,-2,10330,95,46,37,45,53
20160131 09:38,10,41,13,34,6,64,47,69,59,-5,10330,95,46,37,45,53
20160131 09:39,13,37,15,34,22,43,47,69,59,-5,10330,95,47,37,45,53
20160131 09:40,14,32,17,34,7,47,47,69,59,-5,10330,98,47,37,45,53
20160131 09:41,2,31,15,33,357,37,47,70,60,-3,10330,99,48,37,45,53
20160131 09:42,3,28,14,33,10,47,48,69,59,-4,10330,101,48,37,45,53
20160131 09:43,11,30,12,34,11,45,48,70,60,-2,10329,102,48,38,45,53
20160131 09:44,18,28,12,33,25,41,48,70,60,-2,10329,102,49,38,45,53
20160131 09:45,17,31,10,33,10,47,49,70,61,-1,10329,103,49,38,45,53
20160131 09:46,20,32,13,32,31,38,49,69,60,-3,10329,104,50,38,45,53
20160131 09:47,39,30,16,32,47,60,49,69,60,-3,10328,104,50,38,45,53
20160131 09:48,47,35,21,31,46,55,50,69,60,-2,10328,103,50,38,45,53
20160131 09:49,40,30,22,30,33,30,50,69,60,-2,10328,103,51,38,45,53
20160131 09:50,27,27,23,30,21,48,50,69,60,-2,10328,105,51,38,45,53
20160131 09:51,33,36,28,31,44,61,50,69,60,-2,10327,107,52,39,45,53
20160131 09:52,42,41,31,33,41,54,50,69,60,-2,10327,105,52,39,45,53
20160131 09:53,36,44,33,34,31,65,50,68,59,-4,10326,103,53,39,45,53
20160131 09:54,39,46,35,36,47,59,50,69,60,-2,10326,104,53,39,45,53
20160131 09:55,45,43,38,37,43,54,50,69,60,-2,10325,105,54,39,45,53
20160131 09:56,35,35,38,37,26,43,50,69,60,-2,10325,106,54,39,45,53
20160131 09:57,27,33,36,37,28,53,51,70,61,1,10325,108,54,39,45,53
20160131 09:58,25,38,34,37,22,50,51,69,61,-1,10325,109,55,40,45,53
20160131 09:59,25,38,33,39,28,49,51,69,61,-1,10324,110,55,40,45,53
20160131 10:00,26,35,33,39,25,42,51,68,60,-3,10324,111,56,40,45,53
20160131 10:01,22,33,31,39,20,41,52,68,60,-2,10324,113,56,40,45,53
20160131 10:02,21,34,29,38,23,52,52,68,60,-2,10324,115,57,40,45,53
20160131 10:03,25,34,29,36,28,48,52,68,60,-2,10324,115,57,40,45,53
20160131 10:04,22,31,26,35,15,39,52,68,60,-2,10323,114,57,40,46,53
20160131 10:05,20,29,24,34,24,43,53,69,61,1,10323,117,58,41,46,53
20160131 10:06,30,28,25,33,35,48,54,70,63,4,10323,119,58,41,46,53
20160131 10:07,41,26,27,32,47,49,54,68,61,0,10323,119,59,41,46,53
20160131 10:08,45,38,29,33,44,67,54,68,61,0,10323,117,59,41,46,53
20160131 10:09,42,46,30,34,40,53,53,66,59,-5,10323,113,60,41,46,53
20160131 10:10,43,42,32,35,46,57,53,66,59,-5,10323,111,60,41,46,53
20160131 10:11,49,38,35,35,52,51,53,67,60,-3,10323,110,60,41,46,53
20160131 10:12,54,34,39,35,56,55,53,68,61,-1,10323,108,61,42,46,53
20160131 10:13,44,32,39,34,31,46,53,68,61,-1,10323,106,61,42,46,53
20160131 10:14,30,37,41,36,30,58,53,68,61,-1,10323,102,62,42,46,53
20160131 10:15,38,42,43,37,46,58,52,67,59,-4,10322,99,62,42,46,53
20160131 10:16,48,43,44,39,50,60,52,68,60,-2,10322,96,62,42,46,53
20160131 10:17,46,42,44,40,41,55,51,67,59,-5,10322,95,63,42,46,53
20160131 10:18,41,37,43,39,40,56,51,68,60,-3,10322,96,63,42,46,53
20160131 10:19,47,37,45,38,54,55,52,69,61,0,10321,100,63,43,46,53
20160131 10:20,51,37,45,38,47,45,52,69,61,0,10321,103,64,43,46,53
20160131 10:21,50,36,45,38,52,50,53,69,61,1,10321,108,64,43,46,53
20160131 10:22,38,38,42,38,24,52,53,68,61,-1,10321,111,64,43,46,53
20160131 10:23,27,41,42,39,31,59,53,67,60,-3,10320,113,64,43,46,53
20160131 10:24,38,34,43,38,45,37,54,68,61,0,10320,114,65,43,46,53
20160131 10:25,55,34,45,38,64,57,54,68,61,0,10319,115,65,44,46,53
20160131 10:26,54,39,44,37,43,50,55,68,61,1,10319,115,65,44,46,53
20160131 10:27,50,41,46,38,56,75,55,67,60,-1,10318,119,65,44,46,53
20160131 10:28,53,43,47,38,49,74,55,67,60,-1,10318,119,65,44,47,53
20160131 10:29,53,44,47,39,57,69,56,67,61,0,10318,118,66,44,47,53
20160131 10:30,58,48,48,40,60,67,55,67,60,-1,10317,117,66,44,47,53
20160131 10:31,67,47,50,41,74,61,55,66,60,-3,10317,117,66,45,47,53
20160131 10:32,71,43,55,41,67,50,55,67,60,-1,10317,117,66,45,47,53
20160131 10:33,66,40,58,41,64,53,54,66,59,-4,10316,118,67,45,47,53
20160131 10:34,64,38,60,42,63,49,54,66,59,-4,10316,120,67,45,47,53
20160131 10:35,58,36,59,42,53,58,55,67,60,-1,10315,121,67,45,47,53
20160131 10:36,58,39,61,42,63,64,55,68,61,1,10315,121,68,45,47,53
20160131 10:37,59,39,60,41,54,48,55,67,60,-1,10314,121,68,46,47,53
20160131 10:38,59,39,62,41,64,55,56,67,61,0,10313,124,68,46,47,53
20160131 10:39,63,43,62,41,63,57,56,67,61,0,10312,125,69,46,47,53
20160131 10:40,59,45,62,41,55,66,56,66,60,-2,10311,125,69,46,47,53
20160131 10:41,61,43,61,40,66,56,56,66,60,-2,10310,124,69,46,47,53
20160131 10:42,70,55,62,43,74,85,56,66,60,-2,10309,125,70,46,47,53
20160131 10:43,70,61,62,45,66,76,55,66,60,-3,10307,123,70,46,47,53
20160131 10:44,69,47,63,45,72,62,55,67,60,-1,10306,121,70,47,47,53
20160131 10:45,69,40,64,46,66,55,55,67,60,-1,10306,118,71,47,47,53
20160131 10:46,72,39,66,45,78,47,55,67,60,-1,10305,119,71,47,48,53
20160131 10:47,72,44,67,46,66,88,56,68,62,2,10305,124,71,47,48,53
20160131 10:48,58,53,66,48,50,86,56,68,62,2,10305,126,72,47,48,53
20160131 10:49,52,43,65,46,54,51,56,67,61,0,10304,127,72,47,48,53
20160131 10:50,52,32,64,45,49,55,57,68,62,3,10304,132,72,48,48,53
20160131 10:51,52,35,63,45,55,49,58,68,63,4,10303,135,73,48,48,53
20160131 10:52,62,36,62,41,68,50,59,68,63,5,10304,137,73,48,48,53
20160131 10:53,71,50,63,42,74,87,60,67,63,3,10304,135,73,48,48,53
20160131 10:54,71,58,63,43,69,65,58,64,59,-5,10304,126,74,48,48,53
20160131 10:55,71,59,64,46,74,84,57,65,59,-4,10304,122,74,48,48,53
20160131 10:56,74,61,63,48,75,71,57,65,59,-4,10304,115,74,49,48,53
20160131 10:57,71,56,64,48,68,74,56,65,59,-5,10304,115,75,49,48,53
20160131 10:58,60,54,64,48,52,73,56,65,59,-5,10305,118,75,49,48,53
20160131 10:59,49,48,63,50,46,61,56,65,59,-5,10305,116,75,49,48,53
20160131 11:00,54,38,64,49,62,49,56,65,59,-5,10305,113,76,49,48,53
20160131 11:01,65,36,66,50,69,57,56,65,59,-5,10305,112,76,49,48,53
20160131 11:02,69,41,66,50,70,54,56,65,59,-5,10306,110,76,50,49,53
20160131 11:03,70,47,66,49,70,67,55,65,59,-5,10306,108,76,50,49,53
20160131 11:04,67,49,65,49,64,60,56,66,60,-2,10306,112,77,50,49,53
20160131 11:05,64,42,64,46,65,49,57,66,60,-1,10306,119,77,50,49,53
20160131 11:06,70,43,64,45,74,58,57,66,60,-1,10305,124,77,50,49,53
20160131 11:07,78,52,65,45,82,72,58,66,61,-1,10306,127,77,50,49,53
20160131 11:08,80,60,68,46,78,93,58,65,60,-3,10306,131,77,51,49,53
20160131 11:09,73,63,70,48,69,79,57,65,59,-4,10307,131,77,51,49,53
20160131 11:10,72,59,72,51,76,74,58,65,60,-3,10307,131,77,51,49,53
20160131 11:11,73,54,72,51,70,66,57,64,59,-6,10308,131,77,51,49,53
20160131 11:12,72,51,72,52,74,67,58,65,60,-3,10309,132,78,51,49,53
20160131 11:13,74,52,73,53,74,73,58,65,60,-3,10310,133,78,51,49,53
20160131 11:14,74,55,74,54,74,75,58,65,60,-3,10312,133,78,51,49,53
20160131 11:15,76,48,75,54,77,56,58,65,60,-3,10313,136,78,52,49,53
20160131 11:16,76,45,75,54,75,66,59,66,61,0,10314,139,78,52,49,53
20160131 11:17,76,46,74,53,77,53,59,65,60,-2,10315,141,79,52,50,53
20160131 11:18,80,42,75,51,83,55,59,64,59,-4,10316,144,79,52,50,53
20160131 11:19,68,34,73,47,53,39,59,64,59,-4,10318,146,79,52,50,53
20160131 11:20,25,21,67,43,357,22,59,64,59,-4,10318,148,80,52,50,53
20160131 11:21,351,16,60,39,346,24,60,65,61,-1,10319,153,80,53,50,53
20160131 11:22,347,14,51,35,348,21,61,65,61,0,10320,157,80,53,50,53
20160131 11:23,4,13,45,31,22,21,62,64,61,-1,10321,161,81,53,50,53
20160131 11:24,37,22,42,29,50,50,63,65,62,2,10323,164,81,53,50,53
20160131 11:25,49,28,39,27,47,33,63,62,59,-4,10324,160,81,53,50,53
20160131 11:26,41,19,34,24,35,30,62,61,58,-8,10326,152,82,53,50,53
20160131 11:27,26,18,28,22,17,30,61,62,58,-6,10327,147,82,54,50,53
20160131 11:28,23,22,23,20,30,29,61,61,57,-8,10328,143,83,54,50,53
20160131 11:29,39,23,22,20,48,31,61,62,58,-6,10329,140,83,54,50,53
20160131 11:30,32,22,24,20,16,23,61,62,58,-6,10330,138,84,54,51,53
20160131 11:31,5,16,25,20,355,21,61,62,58,-6,10332,139,84,54,51,53
20160131 11:32,345,16,24,20,336,31,61,62,58,-6,10333,140,85,54,51,53
20160131 11:33,325,26,18,22,315,41,61,62,58,-6,10335,140,85,54,51,54
20160131 11:34,302,30,7,22,289,43,61,62,58,-6,10336,136,85,55,51,54
20160131 11:35,315,34,0,24,345,49,61,61,57,-8,10337,131,86,55,51,54
20160131 11:36,6,38,359,26,23,44,61,61,57,-8,10337,126,86,55,51,54
20160131 11:37,23,26,359,25,24,28,60,61,57,-9,10336,121,86,55,51,54
20160131 11:38,35,12,1,23,47,11,59,61,57,-10,10335,121,87,55,51,54
20160131 11:39,47,7,1,22,46,11,59,62,58,-8,10334,123,87,55,51,54
20160131 11:40,30,16,1,22,14,32,59,62,58,-8,10333,124,87,56,51,54
20160131 11:41,6,24,1,23,357,36,59,62,58,-8,10332,123,87,56,51,54
20160131 11:42,28,19,10,23,57,22,60,62,58,-7,10331,123,87,56,51,54
20160131 11:43,32,13,13,21,349,24,60,61,57,-9,10330,126,88,56,52,54
20160131 11:44,11,18,21,20,25,31,61,63,59,-4,10330,129,88,56,52,54
20160131 11:45,28,20,26,18,32,29,61,63,59,-4,10330,129,88,56,52,54
20160131 11:46,22,17,24,16,13,23,62,63,60,-3,10330,132,88,57,52,54
20160131 11:47,356,23,20,18,338,33,62,62,59,-5,10330,134,88,57,52,54
20160131 11:48,339,25,13,19,339,32,61,59,56,-13,10330,134,88,57,52,54
20160131 11:49,338,20,6,20,337,22,61,58,55,-15,10329,135,88,57,52,54
20160131 11:50,349,19,4,20,2,32,61,59,56,-13,10328,138,88,57,52,54
20160131 11:51,13,26,7,20,23,39,62,60,57,-10,10328,140,88,57,52,54
20160131 11:52,31,28,6,22,41,36,62,59,56,-12,10327,141,88,58,52,54
20160131 11:53,32,25,10,23,23,34,63,60,57,-9,10326,143,88,58,52,54
20160131 11:54,12,24,7,23,1,31,63,61,58,-7,10326,145,88,58,52,54
20160131 11:55,2,24,4,23,4,42,63,60,57,-9,10326,148,88,58,53,54
20160131 11:56,18,30,6,25,31,45,64,60,58,-8,10326,148,89,58,53,54
20160131 11:57,27,34,11,26,23,42,64,61,59,-6,10326,146,89,58,53,54
20160131 11:58,26,35,16,27,29,50,64,61,59,-6,10326,145,89,59,53,54
20160131 11:59,26,37,20,29,24,39,64,60,58,-8,10326,141,89,59,53,54
20160131 12:00,23,27,22,29,22,29,63,60,57,-9,10325,141,89,59,53,54
20160131 12:01,10,19,19,28,356,25,63,59,56,-11,10324,142,90,59,53,54
20160131 12:02,15,15,19,26,37,23,63,60,57,-9,10323,145,90,59,53,54
20160131 12:03,30,12,19,25,24,27,64,61,59,-6,10323,146,90,59,53,54
20160131 12:04,12,16,19,25,2,28,65,62,60,-2,10322,147,90,59,53,54
20160131 12:05,14,25,21,25,26,42,65,61,59,-5,10322,145,91,60,53,54
20160131 12:06,30,25,22,24,35,28,65,61,59,-5,10322,141,91,60,53,55
20160131 12:07,34,25,23,24,34,43,65,60,58,-7,10321,139,91,60,54,55
20160131 12:08,33,30,23,23,31,47,65,60,58,-7,10321,136,91,60,54,55
20160131 12:09,39,33,25,23,46,43,65,60,58,-7,10320,133,92,60,54,55
20160131 12:10,42,33,27,24,38,39,64,60,58,-8,10320,130,92,60,54,55
20160131 12:11,39,31,32,25,41,35,64,60,58,-8,10320,129,92,60,54,55
20160131 12:12,38,30,31,27,35,36,63,59,56,-11,10319,130,92,61,54,55
20160131 12:13,28,27,31,28,21,36,63,60,57,-9,10318,132,93,61,54,55
20160131 12:14,19,19,32,28,17,24,63,60,57,-9,10317,140,93,61,54,55
20160131 12:15,25,17,33,27,33,46,64,62,60,-3,10316,149,93,61,54,55
20160131 12:16,42,24,35,27,49,41,65,61,59,-5,10315,155,93,61,54,55
20160131 12:17,51,27,36,27,52,44,65,61,59,-5,10315,157,93,61,54,55
20160131 12:18,44,32,37,28,36,47,65,59,57,-9,10315,156,93,62,55,55
20160131 12:19,32,34,35,27,29,40,65,59,57,-9,10314,157,93,62,55,55
20160131 12:20,38,26,36,26,46,26,65,60,58,-7,10314,159,94,62,55,55
20160131 12:21,59,25,39,26,72,40,66,60,58,-6,10314,159,94,62,55,55
20160131 12:22,64,32,41,27,57,54,66,60,58,-6,10314,156,94,62,55,55
20160131 12:23,52,37,44,28,48,51,66,59,57,-8,10314,150,94,62,55,55
20160131 12:24,32,37,44,30,15,43,65,59,57,-9,10314,144,95,62,55,55
20160131 12:25,5,29,40,31,355,43,65,60,58,-7,10315,140,95,63,55,55
20160131 12:26,12,26,38,31,28,33,65,60,58,-7,10315,137,95,63,55,55
20160131 12:27,29,25,36,30,29,32,65,59,57,-9,10315,134,95,63,55,55
20160131 12:28,25,19,34,28,20,21,65,60,58,-7,10315,132,96,63,55,55
20160131 12:29,19,16,33,26,18,20,66,60,58,-6,10314,133,96,63,55,55
20160131 12:30,18,16,30,26,19,22,66,59,57,-8,10314,133,96,63,56,55
20160131 12:31,29,17,27,25,38,29,66,59,57,-8,10314,133,96,63,56,55
20160131 12:32,39,19,25,23,40,24,66,59,57,-8,10314,135,97,64,56,55
20160131 12:33,33,20,23,21,26,32,66,59,57,-8,10314,137,97,64,56,55
20160131 12:34,25,21,24,20,24,26,66,58,56,-11,10314,140,97,64,56,56
20160131 12:35,39,22,29,20,53,48,66,59,57,-8,10314,144,97,64,56,56
20160131 12:36,55,26,32,20,57,39,67,59,58,-7,10314,143,97,64,56,56
20160131 12:37,67,31,37,21,78,47,67,59,58,-7,10314,143,97,64,56,56
20160131 12:38,77,36,43,24,77,49,67,59,58,-7,10314,143,97,64,56,56
20160131 12:39,68,38,47,26,59,49,66,58,56,-11,10315,140,97,65,56,56
20160131 12:40,58,34,51,27,57,40,65,58,56,-12,10315,136,97,65,56,56
20160131 12:41,57,29,53,28,57,37,65,58,56,-12,10314,135,97,65,57,56
20160131 12:42,62,23,56,28,66,31,65,59,57,-9,10313,137,97,65,57,56
20160131 12:43,68,20,60,28,69,26,65,59,57,-9,10313,138,97,65,57,56
20160131 12:44,71,22,65,28,73,38,66,60,58,-6,10312,136,98,65,57,56
20160131 12:45,78,30,68,30,84,50,66,60,58,-6,10312,135,98,65,57,56
20160131 12:46,76,33,69,30,69,45,66,59,57,-8,10312,131,98,66,57,56
20160131 12:47,58,26,66,29,46,36,65,57,55,-14,10312,129,98,66,57,56
20160131 12:48,45,24,62,27,44,38,65,57,55,-14,10312,128,98,66,57,56
20160131 12:49,37,20,60,25,31,24,65,58,56,-12,10312,128,98,66,57,56
20160131 12:50,27,22,56,25,24,42,65,58,56,-12,10311,129,98,66,57,56
20160131 12:51,33,36,55,27,42,55,65,58,56,-12,10310,128,98,66,57,56
20160131 12:52,43,41,53,29,44,50,65,58,56,-12,10310,123,98,66,57,56
20160131 12:53,42,35,50,30,40,43,65,58,56,-12,10310,122,98,67,58,56
20160131 12:54,36,29,45,30,33,32,64,57,55,-15,10309,122,98,67,58,56
20160131 12:55,50,23,44,28,66,32,65,59,57,-9,10309,123,98,67,58,56
20160131 12:56,63,28,43,29,59,48,65,59,57,-9,10308,122,98,67,58,56
20160131 12:57,49,34,42,30,38,48,64,58,56,-13,10308,120,98,67,58,57
20160131 12:58,33,31,40,30,27,43,64,57,55,-15,10307,119,98,67,58,57
20160131 12:59,29,24,40,30,31,27,64,59,57,-10,10307,121,98,67,58,57
20160131 13:00,32,23,41,30,33,33,64,59,57,-10,10307,123,98,67,58,57
20160131 13:01,27,22,39,27,21,26,64,58,56,-13,10306,124,98,68,58,57
20160131 13:02,28,19,38,26,35,32,64,58,56,-13,10306,128,98,68,58,57
20160131 13:03,37,25,38,25,39,47,65,59,57,-9,10305,136,97,68,58,57
20160131 13:04,25,27,36,26,12,40,67,60,59,-5,10306,143,97,68,59,57
20160131 13:05,17,25,32,26,23,31,67,58,57,-10,10306,147,97,68,59,57
20160131 13:06,20,21,28,24,17,24,67,57,56,-12,10306,150,97,68,59,57
20160131 13:07,14,19,25,23,11,29,67,58,57,-10,10306,154,97,68,59,57
20160131 13:08,18,31,25,24,24,50,68,58,57,-9,10305,152,97,68,59,57
20160131 13:09,25,39,24,26,25,46,68,57,56,-11,10304,145,97,69,59,57
20160131 13:10,21,33,22,26,17,39,68,56,55,-14,10303,139,97,69,59,57
20160131 13:11,23,24,23,27,30,23,67,56,55,-15,10302,137,97,69,59,57
20160131 13:12,32,18,23,26,34,22,67,58,57,-10,10303,135,97,69,59,57
20160131 13:13,31,28,22,27,28,50,67,57,56,-12,10304,132,98,69,59,57
20160131 13:14,28,44,24,29,28,59,67,58,57,-10,10304,129,98,69,59,57
20160131 13:15,25,45,24,31,23,56,66,57,56,-13,10305,125,98,69,60,57
20160131 13:16,24,37,25,33,25,40,66,57,56,-13,10304,123,98,69,60,57
20160131 13:17,29,29,27,33,34,34,66,58,56,-11,10304,123,98,69,60,57
20160131 13:18,27,26,26,32,20,33,66,59,57,-8,10303,123,98,70,60,57
20160131 13:19,15,23,25,30,11,26,65,59,57,-9,10302,122,99,70,60,58
20160131 13:20,20,21,26,29,30,36,65,58,56,-12,10302,124,99,70,60,58
20160131 13:21,39,29,28,31,47,45,66,59,57,-8,10301,125,99,70,60,58
20160131 13:22,48,30,29,32,48,36,65,58,56,-12,10301,125,99,70,60,58
20160131 13:23,35,28,29,31,21,40,65,58,56,-12,10301,125,99,70,60,58
20160131 13:24,37,26,31,28,53,26,65,58,56,-12,10300,127,99,70,60,58
20160131 13:25,62,22,36,26,70,46,66,61,59,-4,10300,130,99,70,60,58
20160131 13:26,64,29,39,26,58,46,67,60,59,-5,10300,128,99,70,60,58
20160131 13:27,51,33,40,27,44,46,66,58,56,-11,10299,125,99,70,61,58
20160131 13:28,42,31,42,27,40,40,65,57,55,-14,10299,127,99,71,61,58
20160131 13:29,41,31,45,29,41,39,65,58,56,-12,10298,129,99,71,61,58
20160131 13:30,41,30,46,29,42,43,66,59,57,-8,10299,136,99,71,61,58
20160131 13:31,47,33,47,30,52,53,67,59,58,-7,10299,143,98,71,61,58
20160131 13:32,55,33,48,30,58,43,66,58,56,-11,10300,143,98,71,61,58
20160131 13:33,62,29,52,30,66,37,66,58,56,-11,10301,139,98,71,61,58
20160131 13:34,71,30,55,31,75,48,67,59,58,-7,10301,134,98,71,61,58
20160131 13:35,77,36,55,33,79,50,66,59,57,-8,10301,126,98,71,61,58
20160131 13:36,84,36,59,32,90,37,65,58,56,-12,10301,120,99,71,61,58
20160131 13:37,80,31,61,32,69,45,65,58,56,-12,10300,117,99,71,61,58
20160131 13:38,60,32,62,32,51,49,64,60,58,-8,10299,114,99,72,61,58
20160131 13:39,43,29,62,32,36,33,64,59,57,-10,10297,111,99,72,62,58
20160131 13:40,40,31,62,32,44,50,64,59,57,-10,10296,110,99,72,62,59
20160131 13:41,44,33,61,31,44,48,64,60,58,-8,10296,108,99,72,62,59
20160131 13:42,39,32,59,32,35,45,64,60,58,-8,10298,106,99,72,62,59
20160131 13:43,41,35,57,33,46,44,64,61,59,-6,10299,105,99,72,62,59
20160131 13:44,57,37,56,34,67,51,64,61,59,-6,10299,103,99,72,62,59
20160131 13:45,65,41,54,34,63,53,63,60,57,-9,10297,102,99,72,62,59
20160131 13:46,61,40,51,34,60,54,63,60,57,-9,10296,103,98,72,62,59
20160131 13:47,57,41,50,36,54,58,62,60,57,-10,10295,104,98,72,62,59
20160131 13:48,55,41,50,36,56,56,63,61,58,-7,10296,105,98,72,62,59
20160131 13:49,54,38,52,37,53,52,63,61,58,-7,10296,106,98,73,62,59
20160131 13:50,54,39,53,38,54,55,63,60,57,-9,10297,107,98,73,62,59
20160131 13:51,55,38,54,39,55,52,62,60,57,-10,10296,109,97,73,63,59
20160131 13:52,56,38,56,39,57,54,63,60,57,-9,10296,112,97,73,63,59
20160131 13:53,44,43,55,40,31,59,63,60,57,-9,10296,117,97,73,63,59
20160131 13:54,34,41,52,40,38,47,64,60,58,-8,10296,119,97,73,63,59
20160131 13:55,49,28,52,37,61,50,65,60,58,-7,10296,124,96,73,63,59
20160131 13:56,56,29,51,37,51,51,66,61,59,-4,10296,130,96,73,63,59
20160131 13:57,47,33,50,36,43,45,67,60,59,-5,10297,131,96,73,63,59
20160131 13:58,43,29,49,35,44,42,67,59,58,-7,10297,129,96,73,63,59
20160131 13:59,52,33,49,35,60,62,67,59,58,-7,10297,124,96,73,63,59
20160131 14:00,51,39,48,35,42,50,67,57,56,-12,10298,116,96,73,63,60
20160131 14:01,45,37,47,35,47,45,66,57,56,-13,10298,111,96,74,63,60
20160131 14:02,48,29,47,33,49,35,65,57,55,-14,10298,108,96,74,63,60
20160131 14:03,58,22,50,31,65,34,65,58,56,-12,10298,107,96,74,63,60
20160131 14:04,69,27,54,31,74,37,65,59,57,-9,10298,105,96,74,64,60
20160131 14:05,73,32,55,32,73,48,65,60,58,-7,10297,103,96,74,64,60
20160131 14:06,71,33,57,32,70,50,64,61,59,-6,10297,101,96,74,64,60
20160131 14:07,69,34,59,32,68,43,64,60,58,-8,10297,99,96,74,64,60
20160131 14:08,63,29,61,32,58,32,63,61,58,-7,10296,99,96,74,64,60
20160131 14:09,59,29,61,31,59,40,64,61,59,-6,10296,99,96,74,64,60
20160131 14:10,50,36,60,31,41,55,64,61,59,-6,10296,98,95,74,64,60
20160131 14:11,42,38,60,31,43,45,63,60,57,-9,10296,97,95,74,64,60
20160131 14:12,47,37,60,33,51,45,63,59,56,-11,10296,96,95,74,64,60
20160131 14:13,54,35,59,34,57,45,63,59,56,-11,10297,95,95,74,64,60
20160131 14:14,51,38,57,35,46,55,62,59,56,-12,10296,92,95,74,64,60
20160131 14:15,47,40,54,35,49,52,62,59,56,-12,10296,91,95,74,64,60
20160131 14:16,49,36,52,35,49,49,62,60,57,-10,10296,90,94,74,64,60
20160131 14:17,55,36,51,36,60,54,61,60,56,-11,10296,89,94,74,64,60
20160131 14:18,62,37,52,37,64,52,61,60,56,-11,10296,87,94,74,65,60
20160131 14:19,60,35,52,37,56,50,61,60,56,-11,10296,87,94,74,65,60
20160131 14:20,58,32,54,36,61,49,61,61,57,-8,10295,86,93,74,65,61
20160131 14:21,64,31,56,35,68,48,61,61,57,-8,10295,87,93,75,65,61
20160131 14:22,63,33,57,35,59,45,61,60,56,-11,10294,87,93,75,65,61
20160131 14:23,55,30,56,34,51,39,60,59,55,-14,10294,88,93,75,65,61
20160131 14:24,52,31,57,34,52,47,61,60,56,-11,10294,88,92,75,65,61
20160131 14:25,57,38,58,34,62,57,61,59,56,-13,10294,88,92,75,65,61
20160131 14:26,51,37,57,34,41,48,61,60,56,-11,10294,88,92,75,65,61
20160131 14:27,40,36,55,34,39,53,61,59,56,-13,10293,88,91,75,65,61
20160131 14:28,45,37,54,34,51,50,61,59,56,-13,10293,88,91,75,65,61
20160131 14:29,55,29,54,33,59,41,61,59,56,-13,10293,87,91,75,65,61
20160131 14:30,49,35,52,35,40,66,61,60,56,-11,10293,88,91,75,65,61
20160131 14:31,44,44,50,36,48,53,61,61,57,-8,10293,86,90,75,65,61
20160131 14:32,50,34,50,35,53,52,60,61,57,-9,10293,84,90,75,65,61
20160131 14:33,51,38,49,37,49,63,60,61,57,-9,10292,84,90,75,66,61
20160131 14:34,52,44,50,38,55,56,60,61,57,-9,10291,81,90,75,66,61
20160131 14:35,57,42,49,38,58,57,59,61,57,-10,10291,78,89,75,66,61
20160131 14:36,55,39,50,38,51,57,59,61,57,-10,10291,77,89,75,66,61
20160131 14:37,54,40,52,39,57,54,59,61,57,-10,10290,77,89,75,66,61
20160131 14:38,58,44,53,40,58,66,58,60,55,-14,10290,75,89,75,66,61
20160131 14:39,57,46,53,42,56,68,58,60,55,-14,10290,75,88,75,66,61
20160131 14:40,50,43,53,41,45,62,58,60,55,-14,10290,74,88,75,66,61
20160131 14:41,40,43,52,42,36,69,58,61,56,-11,10290,74,88,75,66,62
20160131 14:42,43,43,52,43,50,57,58,62,57,-9,10291,74,88,75,66,62
20160131 14:43,45,35,51,41,40,48,58,61,56,-11,10292,73,87,75,66,62
20160131 14:44,43,30,50,40,46,43,58,61,56,-11,10293,73,87,75,66,62
20160131 14:45,50,31,49,39,53,56,58,62,57,-9,10294,74,87,75,66,62
20160131 14:46,47,33,48,39,41,41,58,61,56,-11,10294,73,86,75,66,62
20160131 14:47,37,37,46,39,33,67,58,61,56,-11,10295,72,86,75,66,62
20160131 14:48,33,42,43,38,32,55,57,60,55,-15,10295,70,86,75,66,62
20160131 14:49,34,45,41,38,36,65,57,61,56,-12,10295,70,86,75,67,62
20160131 14:50,38,46,41,39,39,56,57,60,55,-15,10295,68,85,75,67,62
20160131 14:51,41,38,41,37,44,46,56,60,55,-15,10295,67,85,75,67,62
20160131 14:52,44,34,41,37,45,61,56,60,55,-15,10295,67,85,75,67,62
20160131 14:53,44,35,41,37,43,58,56,60,55,-15,10295,66,84,75,67,62
20160131 14:54,50,33,42,37,58,43,56,60,55,-15,10294,66,84,75,67,62
20160131 14:55,56,34,43,38,55,54,56,61,55,-13,10294,66,84,75,67,62
20160131 14:56,47,35,42,38,39,46,56,61,55,-13,10294,66,83,75,67,62
20160131 14:57,45,34,44,37,50,52,56,62,56,-11,10294,66,83,75,67,62
20160131 14:58,45,37,45,37,41,50,55,62,56,-12,10294,66,83,75,67,62
20160131 14:59,39,38,45,36,38,57,55,62,56,-12,10293,66,83,75,67,62
20160131 15:00,44,37,46,35,49,48,55,62,56,-12,10293,66,82,75,67,62
20160131 15:01,45,37,46,35,41,48,55,62,56,-12,10292,66,82,75,67,62
20160131 15:02,51,32,48,35,62,47,55,62,56,-12,10292,66,82,75,67,63
20160131 15:03,54,35,48,36,45,67,55,63,57,-10,10292,67,81,75,67,63
20160131 15:04,41,45,46,37,37,57,55,64,58,-8,10292,67,81,75,67,63
20160131 15:05,33,42,43,37,30,59,55,63,57,-10,10292,66,81,75,67,63
20160131 15:06,32,38,43,38,35,56,55,63,57,-10,10292,66,80,75,67,63
20160131 15:07,39,39,42,38,43,54,55,63,57,-10,10293,66,80,75,67,63
20160131 15:08,44,38,42,38,45,55,55,64,58,-8,10293,67,80,75,67,63
20160131 15:09,46,36,43,38,47,52,55,64,58,-8,10293,66,80,75,67,63
20160131 15:10,51,34,44,37,54,42,55,63,57,-10,10294,66,79,75,67,63
20160131 15:11,49,34,44,37,44,50,54,64,57,-9,10294,66,79,75,67,63
20160131 15:12,42,37,42,38,41,57,54,64,57,-9,10295,66,79,75,68,63
20160131 15:13,47,38,43,38,53,54,54,64,57,-9,10295,65,79,75,68,63
20160131 15:14,47,33,43,36,41,38,54,64,57,-9,10295,64,79,75,68,63
20160131 15:15,48,29,46,35,54,49,54,64,57,-9,10296,64,78,75,68,63
20160131 15:16,55,31,48,34,55,39,54,64,57,-9,10296,64,78,74,68,63
20160131 15:17,54,33,49,34,52,74,54,64,57,-9,10297,63,78,74,68,63
20160131 15:18,52,35,49,34,51,57,54,65,58,-6,10298,63,78,74,68,63
20160131 15:19,48,30,49,33,44,37,54,66,59,-4,10299,63,77,74,68,63
20160131 15:20,50,32,49,34,56,56,53,65,58,-7,10299,62,77,74,68,63
20160131 15:21,57,37,51,34,58,64,53,65,58,-7,10299,61,77,74,68,63
20160131 15:22,57,35,52,33,55,48,53,65,58,-7,10300,60,77,74,68,63
20160131 15:23,60,38,53,34,65,56,52,65,57,-8,10300,59,77,74,68,63
20160131 15:24,61,42,55,35,56,63,52,65,57,-8,10301,58,76,74,68,63
20160131 15:25,58,39,55,36,60,41,52,65,57,-8,10301,57,76,74,68,64
20160131 15:26,60,32,56,36,60,43,52,66,58,-6,10301,57,76,74,68,64
20160131 15:27,59,26,56,34,59,34,52,67,59,-4,10300,57,76,74,68,64
20160131 15:28,57,25,57,34,56,39,51,67,59,-5,10300,57,76,74,68,64
20160131 15:29,59,30,59,34,62,51,51,67,59,-5,10300,57,75,74,68,64
20160131 15:30,53,38,57,35,43,71,51,67,59,-5,10301,56,75,74,68,64
20160131 15:31,42,41,56,35,41,56,51,67,59,-5,10301,55,75,74,68,64
20160131 15:32,47,37,56,35,53,52,50,67,58,-6,10302,55,75,74,68,64
20160131 15:33,44,33,53,34,35,42,50,67,58,-6,10302,55,74,74,68,64
20160131 15:34,35,30,50,33,34,41,50,67,58,-6,10303,56,74,74,68,64
20160131 15:35,38,28,49,32,42,29,50,67,58,-6,10303,56,74,74,68,64
20160131 15:36,47,20,48,30,52,26,50,68,59,-4,10303,56,74,74,68,64
20160131 15:37,48,25,46,31,44,55,50,68,59,-4,10303,56,74,74,68,64
20160131 15:38,45,36,45,32,45,54,50,68,59,-4,10303,56,73,73,68,64
20160131 15:39,48,35,44,32,50,44,50,67,58,-6,10303,54,73,73,68,64
20160131 15:40,52,33,45,31,54,50,50,67,58,-6,10304,54,73,73,68,64
20160131 15:41,49,33,45,31,43,52,50,68,59,-4,10304,54,73,73,68,64
20160131 15:42,42,39,44,32,41,53,50,67,58,-6,10304,54,72,73,68,64
20160131 15:43,42,39,45,32,44,41,49,67,58,-7,10304,53,72,73,68,64
20160131 15:44,44,31,46,32,43,40,49,67,58,-7,10304,53,72,73,68,64
20160131 15:45,38,26,45,32,33,38,49,68,59,-5,10304,53,72,73,68,64
20160131 15:46,34,28,43,33,36,44,49,68,59,-5,10304,53,72,73,68,64
20160131 15:47,41,33,44,33,46,50,49,68,59,-5,10304,53,71,73,68,64
20160131 15:48,42,32,43,33,37,48,49,68,59,-5,10304,53,71,73,69,64
20160131 15:49,40,31,42,33,43,51,49,67,58,-7,10304,53,71,73,69,64
20160131 15:50,38,36,40,33,33,58,49,67,58,-7,10304,52,71,73,69,64
20160131 15:51,36,32,40,32,39,36,49,67,58,-7,10303,52,71,73,69,64
20160131 15:52,37,27,39,31,35,38,49,67,58,-7,10303,52,70,73,69,65
20160131 15:53,29,34,37,31,23,53,49,67,58,-7,10303,52,70,73,69,65
20160131 15:54,31,35,36,32,39,52,49,67,58,-7,10303,52,70,73,69,65
20160131 15:55,43,38,38,33,47,62,49,67,58,-7,10303,51,70,73,69,65
20160131 15:56,45,37,39,33,44,47,48,67,58,-8,10303,51,70,72,69,65
20160131 15:57,39,31,37,33,34,52,48,67,58,-8,10304,51,69,72,69,65
20160131 15:58,34,41,37,35,35,61,48,68,58,-6,10304,51,69,72,69,65
20160131 15:59,33,50,36,37,32,58,48,67,58,-8,10304,50,69,72,69,65
20160131 16:00,28,46,35,37,25,51,48,67,58,-8,10304,49,69,72,69,65
20160131 16:01,33,35,36,37,43,38,48,67,58,-8,10304,49,69,72,69,65
20160131 16:02,39,32,36,38,35,51,48,68,58,-6,10304,49,68,72,69,65
20160131 16:03,39,42,38,39,43,74,48,68,58,-6,10304,49,68,72,69,65
20160131 16:04,33,43,36,40,24,55,48,68,58,-6,10304,49,68,72,69,65
20160131 16:05,30,37,35,39,36,45,48,68,58,-6,10304,49,68,72,69,65
20160131 16:06,32,32,34,39,29,49,48,68,58,-6,10303,49,68,72,69,65
20160131 16:07,29,35,33,39,29,52,48,68,58,-6,10303,49,68,72,69,65
20160131 16:08,28,37,32,38,27,41,48,68,58,-6,10303,48,67,72,69,65
20160131 16:09,25,37,31,37,22,54,47,68,58,-7,10303,48,67,72,69,65
20160131 16:10,25,34,32,36,28,36,47,68,58,-7,10303,48,67,72,69,65
20160131 16:11,19,34,28,37,10,54,47,68,58,-7,10303,48,67,71,69,65
20160131 16:12,16,44,27,38,21,65,47,67,57,-9,10303,48,67,71,69,65
20160131 16:13,23,40,25,36,26,47,47,67,57,-9,10303,47,66,71,69,65
20160131 16:14,21,27,24,35,15,33,47,67,57,-9,10303,47,66,71,69,65
20160131 16:15,19,29,23,35,22,49,47,67,57,-9,10303,48,66,71,69,65
20160131 16:16,26,31,23,35,29,43,47,67,57,-9,10303,48,66,71,69,65
20160131 16:17,32,29,24,34,35,40,47,68,58,-7,10303,48,66,71,69,65
20160131 16:18,31,33,23,34,26,47,47,68,58,-7,10303,47,66,71,69,65
20160131 16:19,27,38,24,34,28,54,47,68,58,-7,10303,47,65,71,69,65
20160131 16:20,29,35,24,34,30,41,47,67,57,-9,10302,47,65,71,69,65
20160131 16:21,31,33,27,34,33,46,47,68,58,-7,10302,46,65,71,69,65
20160131 16:22,27,40,27,33,22,59,46,68,58,-8,10303,46,65,71,69,65
20160131 16:23,26,42,27,34,31,58,46,68,58,-8,10303,46,65,71,69,65
20160131 16:24,32,41,29,36,33,68,46,67,57,-10,10303,46,65,71,69,65
20160131 16:25,28,38,29,36,23,41,46,67,57,-10,10303,45,64,71,69,65
20160131 16:26,23,41,29,38,24,61,46,68,58,-8,10303,45,64,70,69,65
20160131 16:27,26,48,28,40,29,71,46,68,58,-8,10303,45,64,70,69,65
20160131 16:28,29,44,28,40,30,50,45,68,57,-9,10303,44,64,70,69,65
20160131 16:29,25,33,28,39,21,54,45,68,57,-9,10303,44,64,70,69,65
20160131 16:30,24,31,27,39,28,65,45,69,58,-7,10304,44,64,70,69,66
20160131 16:31,27,34,27,39,26,46,45,69,58,-7,10304,43,64,70,69,66
20160131 16:32,27,31,27,38,28,39,45,69,58,-7,10304,43,63,70,69,66
20160131 16:33,34,40,28,39,39,74,45,69,58,-7,10304,43,63,70,69,66
20160131 16:34,43,51,29,40,47,77,45,69,58,-7,10304,42,63,70,69,66
20160131 16:35,51,52,33,41,54,73,44,69,58,-8,10304,41,63,70,69,66
20160131 16:36,42,41,33,40,29,42,44,70,59,-6,10304,40,63,70,69,66
20160131 16:37,29,32,33,38,30,47,43,70,58,-7,10304,40,63,70,69,66
20160131 16:38,33,32,34,37,37,48,43,71,59,-5,10304,39,63,70,69,66
20160131 16:39,36,31,35,38,35,71,43,71,59,-5,10304,40,62,70,69,66
20160131 16:40,34,39,36,39,33,59,43,71,59,-5,10305,39,62,70,69,66
20160131 16:41,32,46,36,40,30,65,42,71,59,-6,10305,39,62,69,69,66
20160131 16:42,36,48,38,42,42,63,42,71,59,-6,10305,38,62,69,69,66
20160131 16:43,34,48,36,42,27,71,42,71,59,-6,10305,38,62,69,69,66
20160131 16:44,32,43,35,41,36,53,42,71,59,-6,10305,38,62,69,69,66
20160131 16:45,39,46,34,41,42,77,42,71,59,-6,10305,38,61,69,69,66
20160131 16:46,47,55,36,43,52,78,41,71,58,-7,10305,37,61,69,69,66
20160131 16:47,50,45,38,43,48,54,41,71,58,-7,10305,36,61,69,69,66
20160131 16:48,44,40,38,45,39,70,41,71,58,-7,10305,36,61,69,69,66
20160131 16:49,36,50,38,47,32,78,41,72,59,-5,10305,36,61,69,69,66
20160131 16:50,32,57,38,49,31,80,41,71,58,-7,10306,35,61,69,69,66
20160131 16:51,30,58,38,49,29,91,40,71,58,-8,10306,35,60,69,68,66
20160131 16:52,22,56,35,50,16,81,40,71,58,-8,10306,34,60,69,69,66
20160131 16:53,26,53,36,50,35,71,40,70,57,-10,10307,34,60,69,68,66
20160131 16:54,34,40,36,50,32,49,40,70,57,-10,10307,34,60,69,68,66
20160131 16:55,37,37,36,49,42,61,40,71,58,-8,10307,34,60,68,68,66
20160131 16:56,34,40,33,47,26,45,40,70,57,-10,10307,34,60,68,68,66
20160131 16:57,35,40,33,47,43,58,40,71,58,-8,10307,34,59,68,68,66
20160131 16:58,39,48,32,48,36,76,40,70,57,-10,10307,35,59,68,68,66
20160131 16:59,34,50,32,48,33,59,40,70,57,-10,10308,34,59,68,68,66
20160131 17:00,32,48,32,47,31,68,40,70,57,-10,10308,34,59,68,68,66
20160131 17:01,34,48,33,46,37,61,40,70,57,-10,10308,34,59,68,68,66
20160131 17:02,29,47,34,45,21,58,40,70,57,-10,10308,34,59,68,68,66
20160131 17:03,20,49,32,45,19,64,40,69,56,-12,10308,34,58,68,68,66
20160131 17:04,25,48,32,47,30,64,40,69,56,-12,10309,34,58,68,68,66
20160131 17:05,31,37,31,45,32,49,40,69,56,-12,10309,34,58,68,68,66
20160131 17:06,29,34,31,45,26,44,40,69,56,-12,10309,34,58,68,68,66
20160131 17:07,27,38,29,45,27,62,40,69,56,-12,10309,34,58,68,68,66
20160131 17:08,28,44,28,44,28,63,40,69,56,-12,10309,34,58,68,68,66
20160131 17:09,30,44,28,43,33,53,40,69,56,-12,10309,34,57,67,68,66
20160131 17:10,34,41,29,43,34,60,40,69,56,-12,10309,34,57,67,68,66
20160131 17:11,32,44,28,42,30,55,40,69,56,-12,10309,34,57,67,68,66
20160131 17:12,25,41,28,42,20,48,40,69,56,-12,10310,34,57,67,68,66
20160131 17:13,19,43,28,41,19,73,40,69,56,-12,10310,34,57,67,68,66
20160131 17:14,24,44,28,41,30,68,40,69,56,-12,10310,33,57,67,68,66
20160131 17:15,23,47,26,43,16,73,39,70,56,-11,10310,33,56,67,68,66
20160131 17:16,19,56,26,45,22,72,39,70,56,-11,10310,32,56,67,68,66
20160131 17:17,22,56,25,47,22,61,39,70,56,-11,10310,31,56,67,68,66
20160131 17:18,26,40,26,45,30,47,38,70,56,-12,10310,31,56,67,68,66
20160131 17:19,35,39,26,46,39,68,38,71,57,-10,10310,32,56,67,68,66
20160131 17:20,27,47,24,46,16,58,38,72,58,-8,10309,31,56,67,68,66
20160131 17:21,22,37,24,44,27,37,37,72,57,-9,10309,31,56,67,68,66
20160131 17:22,27,32,25,44,27,43,37,73,58,-7,10309,31,55,67,68,66
20160131 17:23,21,39,24,44,16,67,37,73,58,-7,10310,31,55,67,68,66
20160131 17:24,13,43,22,44,10,77,37,73,58,-7,10310,31,55,66,68,66
20160131 17:25,14,40,23,42,17,60,36,73,58,-8,10310,30,55,66,68,66
20160131 17:26,16,32,22,39,15,40,36,74,58,-6,10310,31,55,66,68,66
20160131 17:27,24,37,23,39,32,74,36,74,58,-6,10311,31,55,66,68,66
20160131 17:28,32,37,23,38,31,40,35,75,59,-5,10312,30,55,66,68,66
20160131 17:29,32,29,22,36,33,38,35,76,60,-3,10312,31,55,66,68,66
20160131 17:30,27,35,23,36,21,50,35,76,60,-3,10312,30,54,66,68,66
20160131 17:31,29,33,24,36,38,35,34,76,59,-4,10313,30,54,66,68,66
20160131 17:32,25,24,23,34,13,27,34,76,59,-4,10313,30,54,66,68,66
20160131 17:33,16,26,23,33,19,50,34,77,60,-2,10313,31,54,66,68,66
20160131 17:34,29,36,26,33,38,57,34,77,60,-2,10314,31,54,66,68,66
20160131 17:35,30,38,26,32,23,43,33,77,60,-3,10314,30,54,66,68,66
20160131 17:36,16,38,26,34,10,59,33,77,60,-3,10314,30,54,66,68,66
20160131 17:37,15,49,25,35,20,72,32,77,59,-4,10314,28,53,65,68,66
20160131 17:38,15,52,22,37,10,60,31,77,59,-5,10315,27,53,65,68,66
20160131 17:39,13,45,21,38,17,62,31,78,59,-4,10315,25,53,65,68,66
20160131 17:40,18,35,21,37,19,51,30,78,59,-5,10315,26,53,65,68,66
20160131 17:41,19,37,19,39,19,67,30,78,59,-5,10315,26,53,65,68,66
20160131 17:42,27,48,21,42,35,69,29,79,59,-4,10315,26,53,65,68,66
20160131 17:43,31,55,22,45,28,72,29,80,60,-2,10316,24,53,65,68,66
20160131 17:44,26,54,20,45,24,69,28,80,60,-3,10317,24,53,65,68,66
20160131 17:45,26,51,21,47,28,71,28,81,60,-1,10317,23,53,65,67,66
20160131 17:46,28,46,23,47,29,62,27,81,60,-2,10317,22,52,65,67,66
20160131 17:47,25,39,23,45,22,45,27,82,61,-1,10318,23,52,65,67,66
20160131 17:48,20,40,24,45,18,67,26,83,61,0,10318,24,52,65,67,66
20160131 17:49,21,38,25,44,25,48,26,83,61,0,10318,24,52,65,67,66
20160131 17:50,27,37,26,45,28,70,25,83,61,-1,10318,23,52,65,67,66
20160131 17:51,29,49,27,46,30,71,25,83,61,-1,10318,23,52,64,67,66
20160131 17:52,27,53,26,46,25,74,24,84,61,0,10317,22,52,64,67,67
20160131 17:53,29,42,26,44,33,46,24,84,61,0,10317,22,51,64,67,67
20160131 17:54,33,38,27,43,34,58,23,85,61,0,10318,23,51,64,67,67
20160131 17:55,33,36,28,41,32,47,23,85,61,0,10318,22,51,64,67,67
20160131 17:56,36,29,29,40,41,43,23,86,62,2,10318,23,51,64,67,66
20160131 17:57,35,33,30,40,30,51,23,86,62,2,10319,23,51,64,67,67
20160131 17:58,34,38,32,39,38,54,22,87,62,3,10319,23,51,64,67,66
20160131 17:59,33,38,32,40,27,57,22,87,62,3,10319,22,50,64,67,67
20160131 18:00,33,36,33,39,40,48,22,87,62,3,10320,22,50,64,67,67
20160131 18:01,29,33,32,37,18,45,21,87,62,2,10320,22,50,64,67,67
20160131 18:02,23,33,32,35,28,44,21,88,63,3,10321,23,50,64,67,67
20160131 18:03,32,33,33,35,37,51,21,88,63,3,10321,22,50,64,67,66
20160131 18:04,33,38,32,35,29,60,20,88,62,2,10321,22,50,64,67,66
20160131 18:05,24,38,31,35,20,41,20,88,62,2,10322,22,50,64,67,67
20160131 18:06,25,27,30,35,31,30,20,89,63,4,10322,22,49,63,67,67
20160131 18:07,18,22,27,33,4,30,20,89,63,4,10323,23,49,63,67,66
20160131 18:08,8,31,25,33,12,51,20,89,63,4,10323,23,49,63,67,66
20160131 18:09,18,36,24,33,24,53,20,89,63,4,10324,23,49,63,67,67
20160131 18:10,23,39,23,34,22,54,19,89,62,3,10324,22,49,63,67,66
20160131 18:11,18,42,22,34,14,51,19,89,62,3,10324,21,49,63,67,66
20160131 18:12,16,40,21,35,17,52,19,89,62,3,10324,21,49,63,67,67
20160131 18:13,15,36,19,35,12,36,19,90,63,4,10324,21,48,63,67,67
20160131 18:14,20,27,18,33,28,30,18,90,63,3,10325,21,48,63,67,66
20160131 18:15,23,21,18,32,18,33,18,90,63,3,10325,22,48,63,67,66
20160131 18:16,28,19,19,31,39,31,18,90,63,3,10325,22,48,63,67,67
20160131 18:17,29,21,21,31,20,29,18,90,63,3,10324,22,48,63,67,67
20160131 18:18,22,24,22,30,24,32,18,90,63,3,10324,22,48,63,67,66
20160131 18:19,12,24,19,29,0,30,18,91,63,5,10324,22,48,63,67,66
20160131 18:20,12,20,20,26,25,23,18,91,63,5,10325,22,47,62,67,66
20160131 18:21,25,18,21,24,26,48,18,91,63,5,10325,22,47,62,67,66
20160131 18:22,18,25,20,23,10,45,17,91,63,4,10325,22,47,62,67,66
20160131 18:23,7,30,19,23,4,43,17,91,63,4,10325,21,47,62,66,67
20160131 18:24,13,23,19,22,22,24,17,91,63,4,10325,21,47,62,66,66
20160131 18:25,11,17,17,22,359,29,17,91,63,4,10325,21,47,62,66,66
20160131 18:26,8,19,15,22,17,32,17,91,63,4,10325,22,47,62,66,67
20160131 18:27,19,22,15,22,21,32,17,92,64,5,10326,21,47,62,66,66
20160131 18:28,22,20,15,22,24,26,16,92,63,4,10326,21,46,62,66,66
20160131 18:29,18,18,16,21,12,27,16,92,63,4,10326,21,46,62,66,66
20160131 18:30,7,21,14,22,2,36,16,92,63,4,10326,21,46,62,66,66
20160131 18:31,6,22,12,22,10,30,16,92,63,4,10326,20,46,62,66,66
20160131 18:32,14,17,13,20,19,25,16,92,63,4,10326,20,46,62,66,66
20160131 18:33,22,15,15,19,25,28,16,92,63,4,10326,20,46,61,66,66
20160131 18:34,32,19,17,19,39,29,16,92,63,4,10327,20,46,61,66,66
20160131 18:35,29,25,19,20,19,38,15,92,63,3,10328,20,46,61,66,66
20160131 18:36,21,24,19,20,23,26,15,92,63,3,10329,19,46,61,66,66
20160131 18:37,17,19,18,20,10,24,15,92,63,3,10329,19,45,61,66,66
20160131 18:38,3,14,15,19,355,16,15,92,63,3,10330,20,45,61,66,66
20160131 18:39,358,12,14,19,1,19,15,93,63,5,10330,20,45,61,66,66
20160131 18:40,8,15,15,18,14,25,15,93,63,5,10330,19,45,61,66,66
20160131 18:41,4,18,14,18,353,22,15,93,63,5,10330,19,45,61,66,66
20160131 18:42,354,18,11,18,355,26,15,93,63,5,10330,19,45,61,66,66
20160131 18:43,4,19,10,19,14,29,14,93,63,4,10330,17,45,61,66,66
20160131 18:44,4,17,6,18,355,25,14,93,63,4,10330,17,45,61,66,66
20160131 18:45,2,13,5,16,9,13,14,93,63,4,10330,17,44,61,66,66
20160131 18:46,1,13,2,16,352,26,14,93,63,4,10330,16,44,61,66,66
20160131 18:47,0,18,2,16,8,23,14,93,63,4,10331,15,44,60,66,66
20160131 18:48,5,15,2,16,1,16,13,93,62,3,10331,14,44,60,66,66
20160131 18:49,5,12,3,16,9,16,13,93,62,3,10332,13,44,60,66,66
20160131 18:50,9,12,3,15,9,16,13,93,62,3,10332,13,44,60,66,66
20160131 18:51,356,15,1,15,342,28,13,93,62,3,10333,12,44,60,66,66
20160131 18:52,346,18,1,15,350,29,13,93,62,3,10333,11,43,60,66,66
20160131 18:53,2,16,1,15,13,24,12,93,62,2,10334,10,43,60,65,66
20160131 18:54,10,16,2,15,6,25,12,93,62,2,10334,10,43,60,65,66
20160131 18:55,4,18,1,16,2,24,12,94,63,3,10334,8,43,60,65,66
20160131 18:56,358,16,1,16,353,23,12,94,63,3,10334,7,43,60,65,66
20160131 18:57,358,11,1,15,2,10,11,94,62,2,10334,7,43,60,65,66
20160131 18:58,352,9,359,14,341,11,11,94,62,2,10333,7,42,60,65,66
20160131 18:59,354,11,358,14,6,18,11,94,62,2,10333,5,42,60,65,66
20160131 19:00,6,13,358,14,6,17,11,94,62,2,10333,5,42,60,65,66
20160131 19:01,3,12,0,14,0,14,11,94,62,2,10333,6,42,59,65,66
20160131 19:02,359,9,1,13,359,9,11,94,62,2,10333,7,42,59,65,66
20160131 19:03,4,7,0,12,9,9,11,94,62,2,10334,6,41,59,65,66
20160131 19:04,359,7,359,11,348,10,10,94,62,1,10334,5,41,59,65,66
20160131 19:05,339,8,356,10,331,12,10,94,62,1,10334,4,41,59,65,66
20160131 19:06,343,9,356,9,354,15,10,94,62,1,10334,4,41,59,65,66
20160131 19:07,351,12,354,10,348,17,10,94,62,1,10334,4,40,59,65,66
20160131 19:08,352,12,356,10,356,13,10,94,62,1,10334,4,40,59,65,66
20160131 19:09,0,8,356,9,5,9,9,94,61,0,10334,2,40,59,65,66
20160131 19:10,5,9,356,9,6,12,9,94,61,0,10333,2,40,59,65,66
20160131 19:11,356,9,354,9,346,10,9,94,61,0,10334,2,39,59,65,66
20160131 19:12,352,6,354,9,358,8,9,94,61,0,10334,2,39,59,65,66
20160131 19:13,358,7,353,9,357,12,9,94,61,0,10334,1,39,59,65,66
20160131 19:14,355,7,353,9,353,9,9,95,62,2,10334,1,39,58,65,66
20160131 19:15,4,8,358,9,14,13,9,95,62,2,10334,1,39,58,65,66
20160131 19:16,17,11,0,9,20,13,9,95,62,2,10334,1,38,58,65,66
20160131 19:17,12,11,2,9,5,13,8,95,61,1,10334,1,38,58,65,66
20160131 19:18,1,8,2,8,357,8,8,95,61,1,10334,1,38,58,65,66
20160131 19:19,6,4,3,8,14,4,8,95,61,1,10335,1,38,58,65,66
20160131 19:20,2,3,1,7,351,8,8,95,61,1,10335,1,37,58,65,66
20160131 19:21,354,6,2,7,356,9,8,95,61,1,10335,1,37,58,65,66
20160131 19:22,4,6,4,7,12,5,8,95,61,1,10335,1,37,58,64,66
20160131 19:23,8,6,5,7,5,15,8,95,61,1,10335,1,37,58,64,66
20160131 19:24,8,10,7,8,12,15,8,95,61,1,10335,1,36,58,64,66
20160131 19:25,2,13,4,8,353,18,8,95,61,1,10336,1,36,58,64,66
20160131 19:26,358,12,3,8,2,13,8,95,61,1,10336,1,36,57,64,66
20160131 19:27,4,9,3,8,5,11,7,95,61,0,10336,1,36,57,64,66
20160131 19:28,355,8,1,8,344,9,7,95,61,0,10337,1,36,57,64,66
20160131 19:29,348,8,359,9,351,13,7,95,61,0,10337,1,35,57,64,66
20160131 19:30,3,8,1,9,14,9,7,95,61,0,10337,1,35,57,64,66
20160131 19:31,8,8,2,9,2,15,7,95,61,0,10336,1,35,57,64,66
20160131 19:32,357,10,0,9,353,14,7,95,61,0,10336,1,35,57,64,66
20160131 19:33,1,11,0,10,8,14,7,95,61,0,10336,1,35,57,64,66
20160131 19:34,5,11,359,10,1,12,7,95,61,0,10336,1,34,57,64,66
20160131 19:35,5,8,1,9,9,11,7,95,61,0,10336,1,34,57,64,66
20160131 19:36,6,7,1,9,4,11,7,95,61,0,10336,1,34,57,64,66
20160131 19:37,0,8,0,9,355,15,7,95,61,0,10336,1,34,56,64,66
20160131 19:38,358,9,2,9,1,15,7,95,61,0,10336,1,34,56,64,66
20160131 19:39,359,7,2,9,357,7,7,95,61,0,10336,1,33,56,64,66
20160131 19:40,353,4,0,8,350,7,6,95,61,-1,10336,0,33,56,64,66
20160131 19:41,344,7,358,8,337,11,6,96,61,0,10336,1,33,56,64,66
20160131 19:42,351,9,359,8,6,12,6,96,61,0,10336,1,33,56,64,66
20160131 19:43,3,7,358,8,0,8,6,96,61,0,10335,1,33,56,64,66
20160131 19:44,349,6,356,7,337,10,6,96,61,0,10335,1,32,56,64,66
20160131 19:45,337,5,352,7,336,9,6,96,61,0,10336,1,32,56,63,66
20160131 19:46,334,5,349,7,331,9,6,96,61,0,10336,1,32,56,64,66
20160131 19:47,330,9,346,7,328,15,6,96,61,0,10336,1,32,55,63,66
20160131 19:48,334,10,344,7,339,15,6,96,61,0,10336,1,32,55,63,66
20160131 19:49,338,10,342,8,338,14,6,96,61,0,10337,0,32,55,63,66
20160131 19:50,336,10,340,8,334,13,6,96,61,0,10337,1,32,55,63,66
20160131 19:51,339,10,341,8,344,14,6,96,61,0,10337,0,31,55,63,66
20160131 19:52,340,12,338,8,336,16,5,96,61,-1,10338,0,31,55,63,66
20160131 19:53,340,12,337,9,345,14,5,96,61,-1,10338,1,31,55,63,66
20160131 19:54,339,10,336,9,333,12,5,96,61,-1,10338,1,31,55,63,66
20160131 19:55,336,13,337,11,339,21,5,96,61,-1,10338,1,31,55,63,66
20160131 19:56,336,13,337,11,332,18,5,96,61,-1,10338,1,31,55,63,66
20160131 19:57,327,10,336,11,320,12,5,96,61,-1,10338,1,30,54,63,66
20160131 19:58,331,12,336,11,341,25,5,96,61,-1,10338,1,30,54,63,66
20160131 19:59,341,15,336,12,340,18,5,96,61,-1,10338,1,30,54,63,66
20160131 20:00,351,15,339,12,3,21,5,96,61,-1,10337,1,30,54,63,66
