time_now,wd_avg_2mins,ws_avg_2mins,wd_avg_10mins,ws_avg_10mins,wd_maxsp_this_min,ws_maxsp_this_min,air_temp_by_box,relative_humidity,water_vapor_pressure,dew_temp,station_pressure,ground_temp_pt,ground_tem_5cm,ground_tem_10cm,ground_tem_15cm,ground_tem_20cm
20150218 20:01,84,17,83,16,84,22,60,63,59,-5,10237,40,89,110,119,117
20150218 20:02,84,17,83,16,83,20,60,63,59,-5,10237,40,89,110,119,117
20150218 20:03,84,16,83,16,85,17,60,63,59,-5,10237,40,89,110,119,117
20150218 20:04,85,16,83,16,85,23,59,63,58,-6,10237,40,89,110,118,117
20150218 20:05,84,17,83,17,83,22,59,63,58,-6,10237,39,89,109,118,116
20150218 20:06,83,18,83,17,83,24,59,63,58,-6,10237,39,88,109,118,116
20150218 20:07,83,18,83,17,84,21,59,63,58,-6,10237,39,88,109,118,116
20150218 20:08,82,18,83,17,81,20,59,64,59,-4,10237,39,88,109,118,116
20150218 20:09,82,18,84,17,83,19,59,64,59,-4,10238,39,88,109,118,116
20150218 20:10,82,18,83,18,81,22,59,64,59,-4,10238,38,88,109,118,116
20150218 20:11,83,18,83,17,84,18,58,64,59,-5,10238,38,87,108,118,116
20150218 20:12,84,17,83,17,84,19,58,64,59,-5,10238,38,87,108,118,116
20150218 20:13,84,17,83,17,84,19,58,64,59,-5,10238,38,87,108,118,116
20150218 20:14,85,17,83,18,85,19,58,64,59,-5,10238,37,87,108,117,116
20150218 20:15,85,17,83,17,85,21,57,64,59,-6,10239,37,87,108,117,116
20150218 20:16,86,17,84,17,86,20,57,65,59,-4,10238,37,86,108,117,116
20150218 20:17,87,17,84,17,87,20,57,65,59,-4,10239,37,86,108,117,116
20150218 20:18,88,16,85,17,90,19,57,65,59,-4,10239,36,86,107,117,116
20150218 20:19,89,16,85,17,89,18,56,65,59,-5,10239,36,86,107,117,116
20150218 20:20,88,16,86,17,87,18,56,65,59,-5,10238,36,86,107,117,116
20150218 20:21,88,16,86,17,88,19,56,65,59,-5,10238,36,86,107,117,116
20150218 20:22,87,17,87,17,85,19,56,66,60,-2,10238,35,85,107,117,116
20150218 20:23,87,17,87,17,89,21,55,66,60,-3,10238,35,85,107,117,116
20150218 20:24,87,16,87,17,85,19,55,66,60,-3,10239,35,85,106,117,116
20150218 20:25,85,16,87,16,85,18,55,66,60,-3,10239,35,85,106,116,116
20150218 20:26,85,16,87,16,84,18,54,67,60,-2,10239,34,85,106,116,116
20150218 20:27,83,16,86,16,82,17,54,67,60,-2,10239,34,84,106,116,116
20150218 20:28,83,15,86,16,84,17,54,68,61,0,10239,33,84,106,116,116
20150218 20:29,84,15,85,16,85,17,53,68,61,-1,10240,33,84,106,116,116
20150218 20:30,84,15,85,16,84,17,53,68,61,-1,10240,33,84,106,116,116
20150218 20:31,85,15,85,16,86,17,53,68,61,-1,10240,32,84,105,116,116
20150218 20:32,86,15,85,15,85,17,53,69,61,1,10240,32,83,105,116,116
20150218 20:33,86,15,85,15,88,17,52,69,61,0,10240,32,83,105,116,116
20150218 20:34,87,15,85,15,87,17,52,69,61,0,10240,32,83,105,116,115
20150218 20:35,87,15,85,15,88,17,52,70,62,2,10240,31,83,105,116,115
20150218 20:36,88,15,86,15,88,17,51,70,61,1,10240,31,83,105,115,115
20150218 20:37,89,14,87,15,91,16,51,70,61,1,10240,31,82,104,115,115
20150218 20:38,92,14,87,15,93,17,51,69,61,-1,10240,31,82,104,115,115
20150218 20:39,93,15,88,15,94,17,51,69,61,-1,10240,30,82,104,115,115
20150218 20:40,98,14,90,15,103,16,51,68,60,-3,10240,30,82,104,115,115
20150218 20:41,103,13,92,14,104,15,50,68,59,-4,10240,30,82,104,115,115
20150218 20:42,103,12,94,14,102,13,50,68,59,-4,10241,30,81,104,115,115
20150218 20:43,101,12,95,14,100,15,50,69,60,-2,10241,30,81,104,115,115
20150218 20:44,99,13,96,14,99,16,50,70,61,0,10241,29,81,103,115,115
20150218 20:45,94,12,96,13,89,13,49,70,61,-1,10241,29,81,103,115,115
20150218 20:46,89,11,96,13,88,13,49,70,61,-1,10241,29,81,103,115,115
20150218 20:47,86,10,96,13,84,13,49,70,61,-1,10241,28,81,103,114,115
20150218 20:48,84,11,95,12,85,13,48,71,61,0,10240,28,80,103,114,115
20150218 20:49,85,12,94,12,85,14,48,71,61,0,10240,28,80,103,114,115
20150218 20:50,84,14,92,12,82,17,48,71,61,0,10241,28,80,103,114,115
20150218 20:51,81,16,89,13,79,18,47,71,61,-1,10241,27,80,102,114,115
20150218 20:52,77,16,87,13,75,17,47,72,61,1,10241,27,80,102,114,115
20150218 20:53,75,15,84,13,75,16,47,73,62,3,10241,27,79,102,114,115
20150218 20:54,75,15,82,13,75,17,46,74,63,4,10241,27,79,102,114,115
20150218 20:55,76,15,80,14,77,16,46,74,63,4,10241,26,79,102,114,115
20150218 20:56,78,15,79,14,78,16,46,74,63,4,10241,26,79,102,114,115
20150218 20:57,78,15,79,15,78,17,46,74,63,4,10241,26,79,101,113,115
20150218 20:58,78,17,78,15,79,18,45,74,62,3,10241,26,78,101,113,115
20150218 20:59,80,17,78,16,81,18,45,74,62,3,10241,26,78,101,113,115
20150218 21:00,82,17,78,16,82,17,45,73,61,1,10241,26,78,101,113,114
20150218 21:01,83,16,78,16,84,16,45,73,61,1,10241,26,78,101,113,114
20150218 21:02,85,14,79,16,86,15,45,73,61,1,10241,25,78,101,113,114
20150218 21:03,86,14,81,16,87,15,44,73,61,0,10242,25,77,101,113,114
20150218 21:04,88,14,82,15,88,14,44,74,62,2,10242,25,77,100,113,114
20150218 21:05,89,13,83,15,90,13,44,74,62,2,10242,25,77,100,113,114
20150218 21:06,90,12,85,15,91,12,44,74,62,2,10242,25,77,100,113,114
20150218 21:07,89,11,85,14,86,13,43,74,61,1,10242,25,77,100,113,114
20150218 21:08,86,12,86,14,86,13,43,74,61,1,10242,25,77,100,112,114
20150218 21:09,86,11,87,13,86,12,43,75,62,3,10242,24,76,100,112,114
20150218 21:10,87,11,87,13,87,12,42,75,62,2,10242,24,76,100,112,114
20150218 21:11,87,11,87,12,87,12,42,76,63,4,10242,24,76,99,112,114
20150218 21:12,87,11,87,12,87,11,42,76,63,4,10242,24,76,99,112,114
20150218 21:13,86,11,87,12,85,13,41,76,62,3,10242,24,76,99,112,114
20150218 21:14,86,12,87,12,87,12,41,77,63,4,10242,23,76,99,112,114
20150218 21:15,86,12,87,12,85,14,41,78,64,6,10242,23,75,99,112,114
20150218 21:16,85,12,86,12,86,14,40,78,63,5,10242,23,75,99,112,114
20150218 21:17,86,12,86,12,86,13,40,79,64,7,10242,23,75,99,112,114
20150218 21:18,87,12,86,12,87,13,40,79,64,7,10242,23,75,98,112,114
20150218 21:19,87,12,86,12,87,13,39,80,65,8,10242,23,75,98,111,114
20150218 21:20,87,11,86,12,87,12,39,80,65,8,10242,22,74,98,111,114
20150218 21:21,89,11,87,12,90,12,39,80,65,8,10242,22,74,98,111,114
20150218 21:22,91,11,87,12,91,11,38,81,65,8,10242,22,74,98,111,114
20150218 21:23,91,10,88,11,90,11,38,81,65,8,10242,22,74,98,111,113
20150218 21:24,90,10,88,11,90,12,38,81,65,8,10242,22,74,98,111,113
20150218 21:25,91,10,89,11,92,11,38,81,65,8,10242,22,74,97,111,113
20150218 21:26,91,9,89,11,90,11,37,81,64,7,10242,22,73,97,111,113
20150218 21:27,91,9,90,10,91,9,37,81,64,7,10242,22,73,97,111,113
20150218 21:28,92,8,90,10,94,11,37,81,64,7,10243,21,73,97,111,113
20150218 21:29,93,8,91,9,92,9,36,82,65,8,10243,21,73,97,111,113
20150218 21:30,90,7,91,9,88,9,36,82,65,8,10243,21,73,97,110,113
20150218 21:31,88,8,91,9,87,9,36,82,65,8,10243,21,73,97,110,113
20150218 21:32,87,8,90,9,86,9,35,82,64,7,10243,21,72,96,110,113
20150218 21:33,86,8,90,8,86,9,35,82,64,7,10243,21,72,96,110,113
20150218 21:34,83,8,89,8,81,9,35,82,64,7,10243,21,72,96,110,113
20150218 21:35,79,8,87,8,78,9,34,83,65,8,10243,21,72,96,110,113
20150218 21:36,76,9,86,8,75,9,34,83,65,8,10243,20,72,96,110,113
20150218 21:37,76,9,85,8,78,9,34,84,65,10,10243,20,72,96,110,113
20150218 21:38,77,9,83,8,77,9,33,84,65,9,10243,20,71,96,110,113
20150218 21:39,74,9,81,9,72,9,33,84,65,9,10243,19,71,95,110,113
20150218 21:40,70,9,79,9,69,10,33,84,65,9,10243,19,71,95,110,113
20150218 21:41,66,9,77,9,64,11,32,84,65,8,10243,19,71,95,109,113
20150218 21:42,63,10,74,9,61,11,32,84,65,8,10243,19,71,95,109,113
20150218 21:43,61,10,72,9,60,12,31,84,64,7,10244,19,71,95,109,113
20150218 21:44,59,11,69,10,58,12,31,85,65,8,10244,19,71,95,109,112
20150218 21:45,58,11,67,10,59,12,31,86,66,10,10244,19,70,95,109,112
20150218 21:46,60,11,66,10,62,13,31,86,66,10,10244,18,70,94,109,112
20150218 21:47,63,12,65,10,65,14,31,87,66,11,10244,18,70,94,109,112
20150218 21:48,68,12,64,11,71,15,31,87,66,11,10243,18,70,94,109,112
20150218 21:49,71,13,64,11,72,14,31,87,66,11,10243,18,70,94,109,112
20150218 21:50,72,12,64,11,72,13,31,87,66,11,10243,18,70,94,109,112
20150218 21:51,72,12,65,11,71,12,31,87,66,11,10244,18,69,94,109,112
20150218 21:52,72,11,66,11,73,11,31,87,66,11,10244,18,69,94,108,112
20150218 21:53,75,10,68,11,77,10,31,86,66,10,10244,18,69,94,108,112
20150218 21:54,78,9,70,11,79,9,31,86,66,10,10243,18,69,93,108,112
20150218 21:55,80,9,72,11,80,9,31,86,66,10,10244,18,69,93,108,112
20150218 21:56,80,8,74,11,80,9,31,86,66,10,10244,18,69,93,108,112
20150218 21:57,79,9,75,10,78,9,30,86,65,9,10244,18,68,93,108,112
20150218 21:58,80,9,76,10,82,9,30,86,65,9,10244,17,68,93,108,112
20150218 21:59,82,8,78,9,83,9,30,85,64,7,10244,17,68,93,108,112
20150218 22:00,82,8,79,9,82,9,30,85,64,7,10244,17,68,93,108,112
20150218 22:01,82,9,80,9,82,10,29,85,64,6,10244,17,68,93,108,112
20150218 22:02,83,9,81,9,84,9,29,85,64,6,10244,17,68,92,107,112
20150218 22:03,83,9,81,9,83,9,29,86,65,8,10243,17,68,92,107,112
20150218 22:04,82,8,82,9,82,9,29,86,65,8,10243,17,68,92,107,112
20150218 22:05,81,9,82,9,79,9,28,86,64,7,10244,17,67,92,107,111
20150218 22:06,78,9,81,9,77,9,28,86,64,7,10244,17,67,92,107,111
20150218 22:07,77,8,81,9,77,9,28,87,65,9,10244,16,67,92,107,111
20150218 22:08,75,8,80,9,74,9,28,87,65,9,10244,16,67,92,107,111
20150218 22:09,73,8,79,9,72,8,28,87,65,9,10244,16,67,91,107,111
20150218 22:10,71,8,78,9,71,9,28,88,66,10,10244,16,67,91,107,111
20150218 22:11,70,9,77,9,70,9,28,88,66,10,10244,16,66,91,107,111
20150218 22:12,70,9,75,9,70,10,27,88,65,9,10244,16,66,91,107,111
20150218 22:13,70,10,74,9,70,10,27,88,65,9,10244,16,66,91,107,111
20150218 22:14,70,10,73,9,70,11,27,88,65,9,10244,15,66,91,106,111
20150218 22:15,70,10,72,9,69,11,27,89,66,11,10244,15,66,91,106,111
20150218 22:16,67,11,71,9,65,11,27,90,67,12,10244,15,66,91,106,111
20150218 22:17,65,11,70,10,65,11,28,90,67,13,10244,15,66,90,106,111
20150218 22:18,65,11,69,10,65,11,28,90,67,13,10244,15,65,90,106,111
20150218 22:19,65,11,68,10,65,11,27,90,67,12,10244,14,65,90,106,111
20150218 22:20,65,11,67,10,65,11,27,90,67,12,10244,14,65,90,106,111
20150218 22:21,65,11,67,11,65,12,28,90,67,13,10244,14,65,90,106,111
20150218 22:22,65,11,66,11,65,12,28,90,67,13,10244,14,65,90,106,111
20150218 22:23,65,12,66,11,65,13,27,90,67,12,10244,14,65,90,106,111
20150218 22:24,66,12,65,11,66,13,27,90,67,12,10244,14,65,90,106,111
20150218 22:25,66,12,65,11,65,13,27,90,67,12,10244,14,65,89,105,110
20150218 22:26,65,12,65,11,65,14,27,89,66,11,10244,14,64,89,105,110
20150218 22:27,65,12,65,12,65,13,27,89,66,11,10244,14,64,89,105,110
20150218 22:28,66,12,65,12,67,14,27,89,66,11,10244,14,64,89,105,110
20150218 22:29,67,13,66,12,68,13,27,89,66,11,10244,14,64,89,105,110
20150218 22:30,67,13,66,12,66,13,27,89,66,11,10244,14,64,89,105,110
20150218 22:31,65,12,66,12,64,13,27,89,66,11,10244,13,64,89,105,110
20150218 22:32,63,11,65,12,62,11,27,89,66,11,10244,13,64,89,105,110
20150218 22:33,62,9,65,12,62,10,26,89,66,10,10244,13,63,88,105,110
20150218 22:34,61,9,65,11,61,10,26,90,66,11,10244,13,63,88,105,110
20150218 22:35,62,9,64,11,62,11,26,90,66,11,10245,13,63,88,105,110
20150218 22:36,62,9,64,11,62,10,26,90,66,11,10245,13,63,88,104,110
20150218 22:37,62,10,64,11,62,11,26,90,66,11,10245,13,63,88,104,110
20150218 22:38,62,10,63,11,62,12,26,90,66,11,10245,13,63,88,104,110
20150218 22:39,63,10,63,10,63,11,26,91,67,13,10245,13,63,88,104,110
20150218 22:40,62,10,62,10,61,11,26,91,67,13,10245,13,63,88,104,110
20150218 22:41,61,9,62,10,60,10,26,91,67,13,10245,13,62,87,104,110
20150218 22:42,59,9,61,10,59,10,26,91,67,13,10245,12,62,87,104,110
20150218 22:43,59,9,61,10,58,10,26,91,67,13,10245,12,62,87,104,110
20150218 22:44,59,9,61,10,59,10,25,91,67,12,10245,12,62,87,104,110
20150218 22:45,59,9,61,10,59,10,25,91,67,12,10245,12,62,87,104,110
20150218 22:46,59,9,60,10,59,10,25,92,67,13,10245,12,62,87,104,109
20150218 22:47,60,9,60,9,60,10,25,92,67,13,10245,12,62,87,104,109
20150218 22:48,60,10,60,9,60,11,25,92,67,13,10245,12,62,87,103,109
20150218 22:49,60,10,59,9,59,10,25,92,67,13,10245,12,61,86,103,109
20150218 22:50,59,10,59,9,58,11,25,92,67,13,10245,12,61,86,103,109
20150218 22:51,57,11,59,10,56,13,25,92,67,13,10245,11,61,86,103,109
20150218 22:52,55,12,58,10,53,14,25,92,67,13,10245,11,61,86,103,109
20150218 22:53,52,13,57,10,51,15,24,92,67,12,10245,11,61,86,103,109
20150218 22:54,49,14,56,11,48,16,24,92,67,12,10245,11,61,86,103,109
20150218 22:55,47,13,55,11,46,13,24,91,66,11,10245,11,61,86,103,109
20150218 22:56,47,12,54,12,49,13,23,91,66,10,10245,11,61,86,103,109
20150218 22:57,50,13,53,12,51,16,23,91,66,10,10245,11,60,86,103,109
20150218 22:58,52,13,52,12,52,14,23,91,66,10,10245,11,60,85,103,109
20150218 22:59,53,12,52,12,54,13,23,91,66,10,10245,11,60,85,102,109
20150218 23:00,54,11,51,12,54,13,23,91,66,10,10245,11,60,85,102,109
20150218 23:01,54,10,51,12,55,11,23,91,66,10,10245,10,60,85,102,109
20150218 23:02,55,9,51,12,54,11,23,91,66,10,10245,10,60,85,102,109
20150218 23:03,56,8,52,11,57,9,22,91,65,9,10245,10,60,85,102,109
20150218 23:04,57,8,53,10,58,9,22,91,65,9,10245,10,60,85,102,108
20150218 23:05,59,8,54,10,60,10,22,91,65,9,10245,10,59,85,102,108
20150218 23:06,60,8,55,10,59,8,22,91,65,9,10245,10,59,85,102,108
20150218 23:07,60,7,56,9,60,9,22,91,65,9,10245,10,59,84,102,108
20150218 23:08,60,8,57,9,61,9,22,91,65,9,10245,10,59,84,102,108
20150218 23:09,62,8,58,8,62,10,22,91,65,9,10245,10,59,84,102,108
20150218 23:10,63,9,59,8,63,10,22,91,65,9,10245,9,59,84,102,108
20150218 23:11,63,9,60,8,63,11,22,92,66,10,10245,9,59,84,101,108
20150218 23:12,64,9,61,8,65,11,22,92,66,10,10245,9,59,84,101,108
20150218 23:13,65,9,62,8,66,10,22,92,66,10,10245,9,58,84,101,108
20150218 23:14,67,8,63,9,69,9,22,92,66,10,10245,9,58,84,101,108
20150218 23:15,70,8,64,9,71,8,22,92,66,10,10245,9,58,84,101,108
20150218 23:16,72,8,65,9,74,8,22,92,66,10,10245,9,58,83,101,108
20150218 23:17,75,8,67,9,75,8,21,93,66,11,10245,9,58,83,101,108
20150218 23:18,75,8,68,9,75,8,21,92,65,9,10245,9,58,83,101,108
20150218 23:19,76,8,70,9,76,8,21,92,65,9,10245,9,58,83,101,108
20150218 23:20,78,8,71,8,80,9,21,92,65,9,10245,8,58,83,101,108
20150218 23:21,79,8,73,8,78,9,20,92,65,8,10245,8,57,83,101,108
20150218 23:22,78,9,74,8,79,9,20,92,65,8,10245,8,57,83,100,108
20150218 23:23,78,9,76,8,78,9,20,92,65,8,10245,8,57,83,100,108
20150218 23:24,79,9,77,8,80,9,20,93,66,10,10245,8,57,83,100,108
20150218 23:25,78,8,77,8,76,9,20,93,66,10,10245,8,57,82,100,107
20150218 23:26,75,8,77,8,75,9,20,93,66,10,10245,8,57,82,100,107
20150218 23:27,75,9,77,8,76,9,20,93,66,10,10245,8,57,82,100,107
20150218 23:28,75,9,77,8,74,9,19,93,65,9,10245,8,57,82,100,107
20150218 23:29,75,8,77,9,76,9,19,93,65,9,10245,7,57,82,100,107
20150218 23:30,76,8,77,9,76,8,20,94,66,11,10245,7,57,82,100,107
20150218 23:31,76,8,77,9,76,8,20,94,66,11,10245,7,56,82,100,107
20150218 23:32,75,8,76,8,75,8,20,93,66,10,10245,7,56,82,100,107
20150218 23:33,74,8,76,8,74,8,20,93,66,10,10245,7,56,82,100,107
20150218 23:34,76,7,76,8,79,8,20,93,66,10,10245,7,56,82,100,107
20150218 23:35,80,7,76,8,81,7,20,93,66,10,10245,7,56,81,99,107
20150218 23:36,83,7,77,8,84,7,20,94,66,11,10245,7,56,81,99,107
20150218 23:37,85,6,78,7,86,7,19,93,65,9,10245,6,56,81,99,107
20150218 23:38,85,6,79,7,84,7,19,93,65,9,10245,6,56,81,99,107
20150218 23:39,84,6,80,7,84,7,19,93,65,9,10245,6,56,81,99,107
20150218 23:40,84,6,81,7,84,7,19,93,65,9,10245,6,55,81,99,107
20150218 23:41,84,6,81,7,83,7,20,94,66,11,10245,6,55,81,99,107
20150218 23:42,82,6,82,6,81,7,20,94,66,11,10245,6,55,81,99,107
20150218 23:43,81,6,83,6,82,6,20,94,66,11,10246,6,55,81,99,106
20150218 23:44,80,6,83,6,78,6,20,94,66,11,10246,6,55,80,99,106
20150218 23:45,77,6,82,6,75,6,20,94,66,11,10246,6,55,80,99,106
20150218 23:46,77,6,82,6,78,6,20,94,66,11,10246,6,55,80,98,106
20150218 23:47,79,6,81,6,79,7,19,94,66,10,10246,6,55,80,98,106
20150218 23:48,76,6,80,6,74,7,19,94,66,10,10246,5,54,80,98,106
20150218 23:49,74,7,79,6,73,8,19,94,66,10,10246,5,54,80,98,106
20150218 23:50,69,7,77,6,65,7,19,94,66,10,10246,5,54,80,98,106
20150218 23:51,63,6,75,6,61,7,19,94,66,10,10246,5,54,80,98,106
20150218 23:52,60,6,72,6,59,6,19,94,66,10,10246,5,54,80,98,106
20150218 23:53,58,6,70,6,57,7,19,94,66,10,10246,5,54,80,98,106
20150218 23:54,58,5,68,6,59,6,19,94,66,10,10246,5,54,79,98,106
20150218 23:55,59,5,66,6,60,7,19,94,66,10,10246,4,54,79,98,106
20150218 23:56,61,7,65,6,62,8,19,94,66,10,10246,4,54,79,98,106
20150218 23:57,62,7,63,6,62,8,19,95,67,12,10246,4,53,79,98,106
20150218 23:58,62,8,62,7,62,8,19,95,67,12,10246,4,53,79,98,106
20150218 23:59,61,8,61,7,61,8,19,95,67,12,10246,4,53,79,97,106
20150218 00:00,61,7,61,7,62,8,19,95,67,12,10246,4,53,79,97,106
20150218 00:01,62,7,61,7,62,7,19,95,67,12,10246,4,53,79,97,106
20150218 00:02,62,7,61,7,62,7,19,95,67,12,10246,4,53,79,97,105
20150218 00:03,61,6,61,7,60,7,19,95,67,12,10246,4,53,78,97,105
20150218 00:04,60,6,61,7,59,6,18,95,66,11,10246,4,53,78,97,105
20150218 00:05,59,5,61,7,59,6,18,95,66,11,10246,4,53,78,97,105
20150218 00:06,58,5,61,7,58,6,18,95,66,11,10246,4,52,78,97,105
20150218 00:07,59,5,60,6,59,6,18,95,66,11,10246,3,52,78,97,105
20150218 00:08,62,5,61,6,64,6,18,95,66,11,10246,3,52,78,97,105
20150218 00:09,65,6,61,6,66,6,18,95,66,11,10246,3,52,78,97,105
20150218 00:10,69,6,62,6,72,7,18,95,66,11,10246,3,52,78,97,105
20150218 00:11,72,6,63,6,72,7,18,95,66,11,10246,3,52,78,97,105
20150218 00:12,73,6,64,6,74,6,17,95,66,10,10246,3,52,78,96,105
20150218 00:13,74,6,66,6,75,6,17,95,66,10,10246,3,52,77,96,105
20150218 00:14,80,5,68,6,85,6,17,95,66,10,10246,3,52,77,96,105
20150218 00:15,85,5,71,6,84,5,17,94,65,8,10246,3,52,77,96,105
20150218 00:16,79,4,72,5,74,5,17,94,65,8,10246,3,51,77,96,105
20150218 00:17,81,4,75,5,88,4,17,94,65,8,10246,3,51,77,96,105
20150218 00:18,92,4,79,5,96,5,17,94,65,8,10246,3,51,77,96,105
20150218 00:19,93,4,81,5,90,5,17,94,65,8,10246,2,51,77,96,105
20150218 00:20,90,4,83,5,89,5,17,95,66,10,10246,2,51,77,96,105
20150218 00:21,92,4,85,5,95,5,17,95,66,10,10246,2,51,77,96,104
20150218 00:22,98,5,88,4,102,6,17,95,66,10,10246,2,51,77,96,104
20150218 00:23,104,5,91,4,106,6,17,95,66,10,10246,2,51,76,96,104
20150218 00:24,103,5,93,4,101,5,16,95,65,9,10246,2,51,76,95,104
20150218 00:25,98,4,94,4,96,6,16,95,65,9,10246,1,50,76,95,104
20150218 00:26,100,5,97,4,104,5,16,95,65,9,10246,1,50,76,95,104
20150218 00:27,104,5,98,4,104,5,16,95,65,9,10246,1,50,76,95,104
20150218 00:28,102,4,99,4,99,4,16,95,65,9,10246,1,50,76,95,104
20150218 00:29,99,4,100,4,99,4,16,95,65,9,10247,1,50,76,95,104
20150218 00:30,101,4,101,4,102,4,16,95,65,9,10247,1,50,76,95,104
20150218 00:31,101,4,101,4,100,4,16,95,65,9,10247,1,50,76,95,104
20150218 00:32,102,4,102,4,104,4,16,95,65,9,10247,1,50,76,95,104
20150218 00:33,103,3,101,4,102,4,15,95,65,8,10247,1,50,76,95,104
20150218 00:34,103,3,101,4,104,4,15,95,65,8,10247,1,50,75,95,104
20150218 00:35,103,4,102,4,102,4,15,95,65,8,10247,1,49,75,95,104
20150218 00:36,100,4,101,4,98,4,15,95,65,8,10247,1,49,75,95,104
20150218 00:37,97,4,101,4,96,4,15,95,65,8,10247,1,49,75,95,104
20150218 00:38,94,3,100,4,92,4,15,95,65,8,10247,1,49,75,94,104
20150218 00:39,93,3,100,4,95,3,15,95,65,8,10247,0,49,75,94,104
20150218 00:40,100,3,100,4,106,3,15,95,65,8,10247,0,49,75,94,103
20150218 00:41,110,3,101,4,113,3,15,95,65,8,10247,0,49,75,94,103
20150218 00:42,110,3,101,3,107,3,14,95,64,7,10248,0,49,75,94,103
20150218 00:43,109,3,102,3,111,3,14,95,64,7,10248,0,49,75,94,103
20150218 00:44,113,2,104,3,116,3,14,95,64,7,10248,0,49,74,94,103
20150218 00:45,117,2,105,3,118,3,14,95,64,7,10248,0,48,74,94,103
20150218 00:46,119,2,107,3,120,3,14,95,64,7,10248,0,48,74,94,103
20150218 00:47,123,2,110,3,125,3,14,95,64,7,10248,0,48,74,94,103
20150218 00:48,127,2,114,3,129,3,14,96,65,8,10248,0,48,74,94,103
20150218 00:49,135,3,119,3,141,4,15,96,65,9,10248,0,48,74,94,103
20150218 00:50,144,3,123,3,147,4,15,96,65,9,10248,0,48,74,93,103
20150218 00:51,144,3,126,3,142,4,14,96,65,8,10248,0,48,74,93,103
20150218 00:52,145,3,130,3,147,4,14,96,65,8,10248,0,48,74,93,103
20150218 00:53,150,4,134,3,153,5,14,96,65,8,10247,-1,48,74,93,103
20150218 00:54,153,4,138,3,154,5,14,96,65,8,10247,-1,48,74,93,103
20150218 00:55,152,4,141,3,150,5,14,96,65,8,10247,-1,47,73,93,103
20150218 00:56,151,4,144,3,151,5,13,96,64,7,10247,-1,47,73,93,103
20150218 00:57,151,4,147,4,151,5,13,95,64,6,10247,-1,47,73,93,103
20150218 00:58,151,4,149,4,151,5,13,95,64,6,10247,-1,47,73,93,103
20150218 00:59,151,4,150,4,151,5,12,95,63,5,10247,-1,47,73,93,102
20150218 01:00,148,4,150,4,146,4,12,95,63,5,10247,-1,47,73,93,102
20150218 01:01,146,4,150,4,147,4,12,95,63,5,10247,-1,47,73,93,102
20150218 01:02,149,3,150,4,150,4,12,95,63,5,10247,-1,47,73,93,102
20150218 01:03,152,3,151,4,154,3,12,95,63,5,10247,-2,47,73,93,102
20150218 01:04,161,3,152,4,168,3,12,95,63,5,10247,-2,47,73,92,102
20150218 01:05,172,4,154,4,176,5,12,95,63,5,10247,-2,46,73,92,102
20150218 01:06,175,5,157,4,174,5,12,96,64,6,10248,-2,46,72,92,102
20150218 01:07,175,5,159,4,177,6,12,96,64,6,10248,-2,46,72,92,102
20150218 01:08,177,5,162,4,178,5,13,96,64,7,10248,-2,46,72,92,102
20150218 01:09,178,5,165,4,179,5,13,96,64,7,10248,-2,46,72,92,102
20150218 01:10,176,5,168,4,173,5,13,96,64,7,10247,-2,46,72,92,102
20150218 01:11,172,4,170,4,172,5,12,96,64,6,10247,-2,46,72,92,102
20150218 01:12,168,4,172,4,164,5,12,96,64,6,10247,-2,46,72,92,102
20150218 01:13,163,4,172,4,163,4,12,96,64,6,10247,-2,46,72,92,102
20150218 01:14,163,3,172,4,163,3,12,96,64,6,10247,-2,46,72,92,102
20150218 01:15,163,2,171,4,164,2,12,96,64,6,10247,-2,45,72,92,102
20150218 01:16,165,1,170,3,166,1,12,96,64,6,10247,-2,45,72,92,102
20150218 01:17,175,0,171,3,185,0,11,96,63,5,10247,-3,45,71,91,102
20150218 01:18,208,0,175,2,230,0,11,96,63,5,10247,-3,45,71,91,102
20150218 01:19,235,0,181,2,240,0,11,96,63,5,10247,-3,45,71,91,101
20150218 01:20,238,0,187,2,236,0,12,96,64,6,10247,-3,45,71,91,101
20150218 01:21,224,0,191,1,211,0,12,96,64,6,10247,-3,45,71,91,101
20150218 01:22,199,0,194,1,188,0,12,96,64,6,10247,-3,45,71,91,101
20150218 01:23,181,0,195,0,174,0,12,96,64,6,10247,-3,45,71,91,101
20150218 01:24,172,0,196,0,171,0,12,96,64,6,10247,-3,45,71,91,101
20150218 01:25,182,0,199,0,193,0,12,96,64,6,10247,-3,45,71,91,101
20150218 01:26,188,0,201,0,184,0,12,96,64,6,10247,-3,44,71,91,101
20150218 01:27,174,0,199,0,165,0,12,96,64,6,10248,-3,44,71,91,101
20150218 01:28,164,0,192,0,163,0,12,96,64,6,10248,-3,44,70,91,101
20150218 01:29,168,0,185,0,173,0,11,96,63,5,10248,-3,44,70,91,101
20150218 01:30,178,0,180,0,182,0,11,96,63,5,10248,-3,44,70,91,101
20150218 01:31,180,0,177,0,179,0,12,96,64,6,10248,-3,44,70,90,101
20150218 01:32,178,0,176,0,177,0,12,96,64,6,10248,-3,44,70,90,101
20150218 01:33,151,0,170,0,96,0,12,96,64,6,10248,-3,44,70,90,101
20150218 01:34,48,0,166,0,25,0,11,96,63,5,10248,-4,44,70,90,101
20150218 01:35,24,0,155,0,22,0,11,96,63,5,10248,-4,44,70,90,101
20150218 01:36,19,0,139,0,15,0,11,96,63,5,10247,-4,44,70,90,101
20150218 01:37,15,0,115,0,15,0,11,96,63,5,10247,-4,44,70,90,101
20150218 01:38,16,0,77,0,17,1,11,96,63,5,10247,-4,44,70,90,100
20150218 01:39,17,0,48,0,16,0,11,96,63,5,10247,-4,43,70,90,100
20150218 01:40,14,0,35,0,12,0,11,96,63,5,10247,-4,43,69,90,100
20150218 01:41,10,0,27,0,8,0,11,96,63,5,10247,-4,43,69,90,100
20150218 01:42,9,0,22,0,11,0,11,96,63,5,10248,-4,43,69,90,100
20150218 01:43,8,0,15,0,6,0,11,96,63,5,10248,-4,43,69,90,100
20150218 01:44,3,0,12,0,359,0,11,96,63,5,10248,-4,43,69,90,100
20150218 01:45,3,0,11,0,7,0,11,97,64,7,10248,-4,43,69,89,100
20150218 01:46,7,0,10,0,7,0,11,97,64,7,10248,-4,43,69,89,100
20150218 01:47,6,0,9,0,6,2,11,97,64,7,10248,-4,43,69,89,100
20150218 01:48,4,1,7,0,2,2,11,97,64,7,10248,-4,43,69,89,100
20150218 01:49,1,1,6,0,0,2,11,97,64,7,10247,-4,43,69,89,100
20150218 01:50,1,1,5,1,1,2,11,97,64,7,10247,-4,42,69,89,100
20150218 01:51,3,2,4,1,5,3,10,97,64,6,10248,-4,42,68,89,100
20150218 01:52,5,2,4,1,5,3,10,97,64,6,10248,-4,42,68,89,100
20150218 01:53,5,3,4,1,6,3,11,97,64,7,10248,-4,42,68,89,100
20150218 01:54,5,3,4,2,5,3,11,97,64,7,10248,-4,42,68,89,100
20150218 01:55,3,3,4,2,1,3,11,97,64,7,10248,-4,42,68,89,100
20150218 01:56,2,2,3,2,3,2,11,97,64,7,10248,-4,42,68,89,100
20150218 01:57,4,2,3,2,5,2,10,97,64,6,10248,-4,42,68,89,99
20150218 01:58,8,2,4,2,10,2,10,97,64,6,10248,-4,42,68,89,99
20150218 01:59,13,2,6,2,17,2,10,97,64,6,10248,-4,42,68,88,99
20150218 02:00,17,2,7,2,17,3,10,97,64,6,10247,-4,42,68,88,99
20150218 02:01,16,2,8,2,16,3,10,97,64,6,10248,-4,42,68,88,99
20150218 02:02,13,2,9,2,10,2,10,97,64,6,10248,-4,42,68,88,99
20150218 02:03,7,2,9,2,3,3,10,97,64,6,10248,-4,42,68,88,99
20150218 02:04,1,3,8,2,358,3,10,97,64,6,10248,-4,41,67,88,99
20150218 02:05,0,3,8,2,1,3,10,97,64,6,10248,-4,41,67,88,99
20150218 02:06,4,2,8,2,6,3,10,97,64,6,10248,-4,41,67,88,99
20150218 02:07,6,3,8,3,5,4,10,97,64,6,10248,-4,41,67,88,99
20150218 02:08,3,4,7,3,1,4,10,97,64,6,10248,-4,41,67,88,99
20150218 02:09,359,3,5,3,356,3,10,97,64,6,10248,-4,41,67,88,99
20150218 02:10,351,2,2,3,345,2,9,97,63,5,10248,-4,41,67,88,99
20150218 02:11,344,2,359,3,343,2,9,97,63,5,10248,-4,41,67,88,99
20150218 02:12,344,1,356,3,346,1,10,97,64,6,10248,-4,41,67,88,99
20150218 02:13,346,0,355,2,346,0,10,97,64,6,10248,-4,41,67,88,99
20150218 02:14,347,0,354,2,348,0,10,97,64,6,10248,-4,41,67,87,99
20150218 02:15,354,0,354,2,0,0,10,97,64,6,10248,-4,41,67,87,99
20150218 02:16,1,0,353,1,2,0,10,97,64,6,10248,-4,41,66,87,99
20150218 02:17,2,0,353,1,2,0,10,97,64,6,10248,-4,41,66,87,99
20150218 02:18,10,0,355,1,18,0,10,97,64,6,10248,-4,41,66,87,98
20150218 02:19,17,0,357,0,17,0,10,97,64,6,10248,-4,41,66,87,98
20150218 02:20,19,0,0,0,21,0,10,97,64,6,10248,-4,40,66,87,98
20150218 02:21,19,0,4,0,17,0,10,97,64,6,10248,-4,40,66,87,98
20150218 02:22,16,0,7,0,15,0,10,97,64,6,10248,-4,40,66,87,98
20150218 02:23,13,0,9,0,12,0,10,97,64,6,10248,-4,40,66,87,98
20150218 02:24,11,0,12,0,11,0,10,97,64,6,10248,-4,40,66,87,98
20150218 02:25,9,0,12,0,6,0,10,97,64,6,10248,-4,40,66,87,98
20150218 02:26,2,0,12,0,358,0,10,97,64,6,10248,-4,40,66,87,98
20150218 02:27,355,0,11,0,351,0,10,97,64,6,10248,-4,40,66,87,98
20150218 02:28,345,0,7,0,339,0,10,97,64,6,10248,-4,40,66,86,98
20150218 02:29,329,0,1,0,318,0,10,97,64,6,10248,-4,40,65,86,98
20150218 02:30,320,0,355,0,322,0,10,97,64,6,10248,-4,40,65,86,98
20150218 02:31,325,0,350,0,327,0,10,97,64,6,10248,-4,40,65,86,98
20150218 02:32,329,0,345,0,331,0,10,97,64,6,10248,-4,40,65,86,98
20150218 02:33,334,0,342,0,337,0,10,97,64,6,10248,-4,40,65,86,98
20150218 02:34,333,0,338,0,328,0,10,97,64,6,10248,-4,40,65,86,98
20150218 02:35,344,0,337,0,359,0,9,97,63,5,10248,-4,40,65,86,98
20150218 02:36,358,0,337,0,357,0,9,97,63,5,10248,-4,40,65,86,98
20150218 02:37,19,0,341,0,40,0,9,97,63,5,10248,-4,39,65,86,97
20150218 02:38,42,0,347,0,44,0,9,97,63,5,10248,-4,39,65,86,97
20150218 02:39,59,0,358,0,73,0,9,97,63,5,10248,-4,39,65,86,97
20150218 02:40,54,0,6,0,35,0,8,97,63,4,10247,-4,39,65,86,97
20150218 02:41,54,0,17,0,73,0,8,97,63,4,10247,-4,39,65,86,97
20150218 02:42,60,0,26,0,48,1,8,97,63,4,10247,-3,39,64,85,97
20150218 02:43,49,0,34,0,49,0,8,97,63,4,10247,-3,39,64,86,97
20150218 02:44,48,0,41,0,48,1,8,97,63,4,10247,-3,39,64,85,97
20150218 02:45,48,0,46,0,48,0,8,97,63,4,10247,-3,39,64,85,97
20150218 02:46,46,0,50,0,43,0,8,97,63,4,10247,-3,39,64,85,97
20150218 02:47,44,0,50,0,44,0,8,97,63,4,10247,-3,39,64,85,97
20150218 02:48,51,0,52,0,58,0,8,97,63,4,10247,-3,39,64,85,97
20150218 02:49,63,0,51,0,67,1,7,97,62,3,10247,-3,39,64,85,97
20150218 02:50,67,1,54,0,66,2,7,97,62,3,10246,-3,39,64,85,97
20150218 02:51,69,2,54,0,72,2,7,97,62,3,10246,-3,39,64,85,97
20150218 02:52,71,2,57,1,71,2,7,97,62,3,10246,-3,39,64,85,97
20150218 02:53,71,2,59,1,71,2,7,97,62,3,10246,-3,39,64,85,97
20150218 02:54,74,1,62,1,76,1,6,97,62,2,10246,-3,39,64,85,97
20150218 02:55,77,1,65,1,77,1,6,97,62,2,10246,-3,39,64,85,97
20150218 02:56,73,1,67,1,69,1,6,97,62,2,10246,-3,38,64,85,97
20150218 02:57,64,0,69,1,60,0,7,97,62,3,10246,-4,38,63,85,96
20150218 02:58,56,0,68,1,52,0,6,97,62,2,10246,-4,38,63,85,96
20150218 02:59,47,0,66,1,41,0,7,97,62,3,10246,-4,38,63,84,96
20150218 03:00,37,0,62,1,32,0,7,97,62,3,10247,-4,38,63,84,96
20150218 03:01,34,0,59,1,36,0,6,97,62,2,10247,-4,38,63,84,96
20150218 03:02,35,0,55,1,34,0,6,97,62,2,10247,-4,38,63,84,96
20150218 03:03,36,0,51,0,37,0,6,97,62,2,10247,-4,38,63,84,96
20150218 03:04,37,0,47,0,37,0,7,97,62,3,10247,-4,38,63,84,96
20150218 03:05,40,0,44,0,43,0,7,98,63,4,10247,-4,38,63,84,96
20150218 03:06,98,0,48,0,152,0,7,98,63,4,10247,-4,38,63,84,96
20150218 03:07,157,0,53,0,162,0,7,98,63,4,10247,-4,38,63,84,96
20150218 03:08,164,0,62,0,165,0,7,98,63,4,10247,-4,38,63,84,96
20150218 03:09,140,0,73,0,111,0,7,98,63,4,10247,-4,38,63,84,96
20150218 03:10,120,0,88,0,127,0,7,98,63,4,10247,-4,38,63,84,96
20150218 03:11,106,0,94,0,83,0,6,98,63,3,10247,-4,38,63,84,96
20150218 03:12,69,0,97,0,56,0,6,98,63,3,10247,-4,38,62,84,96
20150218 03:13,12,0,98,0,327,0,6,97,62,2,10247,-4,38,62,84,96
20150218 03:14,321,0,101,0,315,0,6,98,63,3,10247,-4,37,62,83,96
20150218 03:15,302,0,116,0,290,0,6,98,63,3,10248,-4,37,62,83,96
20150218 03:16,288,0,91,0,287,0,6,98,63,3,10248,-4,37,62,83,96
20150218 03:17,280,0,342,0,274,0,6,98,63,3,10248,-4,37,62,83,96
20150218 03:18,264,0,318,0,254,0,6,98,63,3,10248,-4,37,62,83,95
20150218 03:19,254,0,297,0,254,0,6,98,63,3,10248,-4,37,62,83,95
20150218 03:20,254,0,292,0,254,0,6,98,63,3,10248,-4,37,62,83,95
20150218 03:21,252,0,283,0,250,0,7,98,63,4,10248,-5,37,62,83,95
20150218 03:22,251,0,275,0,252,3,7,98,63,4,10248,-5,37,62,83,95
20150218 03:23,252,2,268,0,251,4,7,98,63,4,10248,-5,37,62,83,95
20150218 03:24,254,4,262,1,257,5,8,98,63,5,10248,-5,37,62,83,95
20150218 03:25,263,5,260,1,269,5,8,98,63,5,10248,-5,37,62,83,95
20150218 03:26,272,5,259,2,274,5,8,98,63,5,10248,-5,37,62,83,95
20150218 03:27,277,5,259,2,280,6,8,98,63,5,10248,-5,37,61,83,95
20150218 03:28,279,5,262,3,279,5,8,98,63,5,10248,-5,37,61,83,95
20150218 03:29,277,4,264,3,275,4,8,98,63,5,10248,-5,37,61,83,95
20150218 03:30,275,4,266,4,276,4,8,98,63,5,10248,-5,37,61,83,95
20150218 03:31,275,4,269,4,274,4,8,98,63,5,10247,-5,37,61,82,95
20150218 03:32,268,4,270,4,263,4,8,98,63,5,10247,-5,37,61,82,95
20150218 03:33,259,3,270,4,255,3,8,98,63,5,10247,-5,36,61,82,95
20150218 03:34,262,3,271,4,269,4,8,98,63,5,10247,-5,36,61,82,95
20150218 03:35,277,3,273,4,286,4,8,98,63,5,10248,-5,36,61,82,95
20150218 03:36,284,3,274,4,281,3,7,98,63,4,10248,-5,36,61,82,95
20150218 03:37,273,2,272,3,265,2,7,98,63,4,10247,-5,36,61,82,95
20150218 03:38,260,2,270,3,255,2,7,98,63,4,10247,-5,36,61,82,94
20150218 03:39,255,2,268,3,256,2,7,98,63,4,10247,-5,36,61,82,94
20150218 03:40,260,1,267,3,265,2,7,98,63,4,10247,-5,36,61,82,94
20150218 03:41,268,1,267,2,272,2,6,98,63,3,10248,-5,36,61,82,94
20150218 03:42,278,2,269,2,283,3,6,98,63,3,10248,-5,36,61,82,94
20150218 03:43,286,2,272,2,289,3,6,98,63,3,10248,-5,36,61,82,94
20150218 03:44,285,2,273,2,281,2,5,98,62,2,10248,-5,36,61,82,94
20150218 03:45,279,2,273,2,278,3,5,98,62,2,10248,-5,36,60,82,94
20150218 03:46,278,2,272,2,278,3,5,98,62,2,10248,-5,36,60,82,94
20150218 03:47,279,3,274,2,281,3,5,98,62,2,10247,-5,36,60,82,94
20150218 03:48,286,3,277,2,291,4,5,98,62,2,10247,-5,36,60,81,94
20150218 03:49,291,3,281,2,290,4,5,98,62,2,10247,-5,36,60,81,94
20150218 03:50,292,3,284,3,294,4,5,98,62,2,10247,-5,36,60,81,94
20150218 03:51,303,3,288,3,311,4,5,98,62,2,10247,-5,36,60,81,94
20150218 03:52,315,3,291,3,320,4,5,98,62,2,10247,-5,35,60,81,94
20150218 03:53,325,4,295,3,330,5,5,98,62,2,10247,-5,35,60,81,94
20150218 03:54,333,4,301,3,336,5,5,98,62,2,10247,-5,35,60,81,94
20150218 03:55,338,5,307,4,340,5,5,98,62,2,10247,-5,35,60,81,94
20150218 03:56,338,5,313,4,335,5,5,98,62,2,10247,-5,35,60,81,94
20150218 03:57,338,5,319,4,341,7,5,98,62,2,10247,-6,35,60,81,94
20150218 03:58,342,6,324,4,343,7,5,98,62,2,10247,-6,35,60,81,94
20150218 03:59,343,7,330,5,343,7,5,98,62,2,10247,-5,35,60,81,94
20150218 04:00,344,6,334,5,345,6,5,98,62,2,10247,-6,35,60,81,93
20150218 04:01,344,5,338,5,343,6,5,98,62,2,10247,-6,35,59,81,93
20150218 04:02,344,5,340,5,345,6,4,98,62,1,10247,-6,35,59,81,93
20150218 04:03,349,5,342,5,353,5,4,98,62,1,10247,-6,35,59,81,93
20150218 04:04,357,4,345,5,1,4,3,98,61,0,10247,-6,35,59,81,93
20150218 04:05,5,3,348,5,10,3,3,98,61,0,10247,-6,35,59,81,93
20150218 04:06,8,2,351,5,6,2,3,98,61,0,10247,-6,35,59,80,93
20150218 04:07,5,1,353,4,4,2,3,98,61,0,10247,-6,35,59,80,93
20150218 04:08,3,1,355,4,3,1,3,98,61,0,10247,-6,35,59,80,93
20150218 04:09,4,1,358,3,5,2,3,98,61,0,10247,-6,35,59,80,93
20150218 04:10,0,1,359,3,355,1,3,98,61,0,10247,-6,35,59,80,93
20150218 04:11,354,1,0,2,353,2,3,98,61,0,10248,-6,35,59,80,93
20150218 04:12,352,1,0,2,352,1,3,98,61,0,10248,-6,34,59,80,93
20150218 04:13,352,1,0,1,352,1,3,98,61,0,10248,-6,34,59,80,93
20150218 04:14,347,0,358,1,341,1,4,98,62,1,10248,-6,34,59,80,93
20150218 04:15,341,0,355,1,340,0,4,98,62,1,10247,-6,34,59,80,93
20150218 04:16,336,0,352,1,332,0,4,98,62,1,10247,-6,34,59,80,93
20150218 04:17,335,1,349,1,337,3,4,98,62,1,10248,-6,34,59,80,93
20150218 04:18,338,2,346,1,338,3,4,98,62,1,10248,-6,34,58,80,93
20150218 04:19,335,3,343,1,332,4,3,98,61,0,10248,-6,34,58,80,93
20150218 04:20,338,4,342,2,343,5,3,98,61,0,10248,-6,34,58,80,93
20150218 04:21,345,4,341,2,347,5,3,98,61,0,10248,-6,34,58,80,92
20150218 04:22,354,4,342,2,0,4,3,98,61,0,10248,-6,34,58,80,92
20150218 04:23,3,4,343,3,5,6,3,98,61,0,10247,-6,34,58,79,92
20150218 04:24,7,4,346,3,8,5,3,98,61,0,10247,-6,34,58,79,92
20150218 04:25,7,5,349,4,6,8,3,98,61,0,10247,-6,34,58,79,92
20150218 04:26,5,7,352,4,5,9,3,98,61,0,10247,-6,34,58,79,92
20150218 04:27,4,8,355,5,2,9,3,98,61,0,10247,-6,34,58,79,92
20150218 04:28,5,8,358,6,8,9,3,98,61,0,10248,-6,34,58,79,92
20150218 04:29,7,8,1,6,6,9,3,98,61,0,10248,-6,34,58,79,92
20150218 04:30,7,8,3,6,7,9,3,98,61,0,10247,-6,34,58,79,92
20150218 04:31,10,7,6,7,13,8,3,98,61,0,10247,-7,34,58,79,92
20150218 04:32,13,7,7,7,14,8,3,98,61,0,10247,-6,34,58,79,92
20150218 04:33,13,7,8,7,12,9,3,98,61,0,10248,-6,33,58,79,92
20150218 04:34,13,8,9,8,14,9,3,98,61,0,10248,-6,33,58,79,92
20150218 04:35,13,9,9,8,12,10,2,98,61,-1,10248,-6,33,58,79,92
20150218 04:36,12,9,10,8,12,9,2,98,61,-1,10249,-6,33,58,79,92
20150218 04:37,14,8,11,8,15,8,2,98,61,-1,10249,-6,33,57,79,92
20150218 04:38,15,8,12,8,15,8,2,98,61,-1,10249,-6,33,57,79,92
20150218 04:39,12,7,12,8,10,8,2,98,61,-1,10249,-7,33,57,79,92
20150218 04:40,8,7,12,8,6,8,2,98,61,-1,10249,-7,33,57,79,92
20150218 04:41,7,7,12,8,8,7,2,98,61,-1,10249,-7,33,57,79,92
20150218 04:42,9,7,12,8,11,8,2,98,61,-1,10249,-7,33,57,78,92
20150218 04:43,11,8,11,8,11,9,2,98,61,-1,10249,-7,33,57,78,92
20150218 04:44,12,9,11,8,12,12,2,98,61,-1,10249,-7,33,57,78,91
20150218 04:45,12,9,11,8,12,12,2,98,61,-1,10249,-7,33,57,78,91
20150218 04:46,11,9,11,8,9,11,2,98,61,-1,10249,-7,33,57,78,91
20150218 04:47,10,9,11,8,11,11,2,98,61,-1,10249,-7,33,57,78,91
20150218 04:48,11,10,10,8,11,14,2,98,61,-1,10249,-7,33,57,78,91
20150218 04:49,13,10,11,8,15,9,2,98,61,-1,10249,-7,33,57,78,91
20150218 04:50,14,9,11,9,13,13,2,98,61,-1,10249,-7,33,57,78,91
20150218 04:51,14,9,12,9,16,10,1,98,60,-2,10249,-7,33,57,78,91
20150218 04:52,16,8,13,9,16,12,1,98,60,-2,10249,-7,33,57,78,91
20150218 04:53,16,8,13,9,16,9,1,98,60,-2,10249,-7,33,57,78,91
20150218 04:54,19,7,14,9,21,8,1,98,60,-2,10249,-7,33,57,78,91
20150218 04:55,21,7,15,9,22,9,1,98,60,-2,10249,-7,32,56,78,91
20150218 04:56,20,7,16,8,18,8,1,98,60,-2,10250,-7,32,56,78,91
20150218 04:57,20,7,17,8,23,10,0,98,60,-3,10250,-7,32,56,78,91
20150218 04:58,24,9,19,8,26,11,1,98,60,-2,10249,-7,32,56,78,91
20150218 04:59,27,10,20,8,29,11,1,98,60,-2,10249,-7,32,56,78,91
20150218 05:00,29,10,22,8,29,11,1,98,60,-2,10249,-7,32,56,78,91
20150218 05:01,29,10,23,9,29,11,2,98,61,-1,10250,-7,32,56,77,91
20150218 05:02,30,9,24,9,30,11,2,98,61,-1,10250,-7,32,56,77,91
20150218 05:03,27,8,25,9,24,8,2,98,61,-1,10250,-7,32,56,77,91
20150218 05:04,23,7,25,9,22,9,2,98,61,-1,10250,-7,32,56,77,91
20150218 05:05,23,7,25,9,23,7,3,98,61,0,10251,-7,32,56,77,91
20150218 05:06,26,7,26,9,28,7,3,98,61,0,10251,-7,32,56,77,90
20150218 05:07,30,6,27,8,31,6,4,98,62,1,10251,-7,32,56,77,90
20150218 05:08,32,5,28,8,34,6,5,98,62,2,10251,-7,32,56,77,90
20150218 05:09,32,5,28,7,31,6,5,98,62,2,10251,-7,32,56,77,90
20150218 05:10,31,6,28,7,32,6,5,98,62,2,10251,-7,32,56,77,90
20150218 05:11,33,5,29,6,35,5,5,98,62,2,10252,-7,32,56,77,90
20150218 05:12,36,4,30,6,37,5,6,98,63,3,10252,-7,32,56,77,90
20150218 05:13,34,3,31,5,32,3,6,98,63,3,10252,-7,32,56,77,90
20150218 05:14,39,4,33,5,46,6,6,98,63,3,10252,-8,32,55,77,90
20150218 05:15,45,5,35,5,43,7,6,98,63,3,10252,-8,32,55,77,90
20150218 05:16,39,5,36,5,36,7,6,98,63,3,10252,-8,32,55,77,90
20150218 05:17,39,5,37,5,42,6,6,98,63,3,10252,-8,31,55,77,90
20150218 05:18,38,5,37,5,34,6,5,98,62,2,10252,-8,31,55,77,90
20150218 05:19,33,5,37,5,33,6,5,98,62,2,10252,-8,31,55,77,90
20150218 05:20,32,5,37,5,30,6,5,98,62,2,10253,-8,31,55,76,90
20150218 05:21,29,5,36,5,27,6,5,98,62,2,10253,-8,31,55,76,90
20150218 05:22,31,5,36,5,36,6,6,98,63,3,10253,-8,31,55,76,90
20150218 05:23,38,4,37,5,41,6,6,98,63,3,10253,-8,31,55,76,90
20150218 05:24,38,3,36,5,35,4,6,98,63,3,10253,-8,31,55,76,90
20150218 05:25,31,2,34,4,27,3,7,98,63,4,10253,-8,31,55,76,90
20150218 05:26,9,1,30,4,349,1,7,98,63,4,10253,-8,31,55,76,90
20150218 05:27,344,0,24,3,339,2,7,98,63,4,10253,-8,31,55,76,90
20150218 05:28,333,1,17,3,326,3,7,98,63,4,10253,-8,31,55,76,90
20150218 05:29,331,0,11,2,335,1,7,98,63,4,10253,-8,31,55,76,89
20150218 05:30,318,0,2,2,301,0,8,98,63,5,10253,-8,31,55,76,89
20150218 05:31,271,1,352,2,245,2,8,98,63,5,10253,-8,31,55,76,89
20150218 05:32,250,1,337,1,256,3,8,98,63,5,10253,-8,31,55,76,89
20150218 05:33,264,2,321,1,273,4,8,98,63,5,10253,-8,31,55,76,89
20150218 05:34,271,3,307,1,268,4,8,98,63,5,10253,-8,31,55,76,89
20150218 05:35,277,3,298,1,285,4,9,98,64,6,10253,-8,31,54,76,89
20150218 05:36,290,4,292,2,295,5,9,98,64,6,10253,-8,31,54,76,89
20150218 05:37,302,4,289,2,310,5,9,98,64,6,10253,-8,31,54,76,89
20150218 05:38,312,4,288,2,314,5,9,98,64,6,10253,-8,31,54,76,89
20150218 05:39,313,3,286,3,312,3,9,98,64,6,10253,-8,31,54,76,89
20150218 05:40,315,3,288,3,318,3,9,98,64,6,10253,-8,31,54,75,89
20150218 05:41,316,2,295,3,314,2,9,98,64,6,10253,-8,30,54,75,89
20150218 05:42,308,2,299,3,302,3,9,98,64,6,10253,-8,30,54,75,89
20150218 05:43,300,2,302,3,298,3,9,98,64,6,10253,-8,30,54,75,89
20150218 05:44,296,2,304,3,294,3,9,98,64,6,10253,-8,30,54,75,89
20150218 05:45,295,2,305,3,296,2,8,98,63,5,10254,-8,30,54,75,89
20150218 05:46,287,1,304,2,278,1,8,98,63,5,10254,-8,30,54,75,89
20150218 05:47,277,0,300,2,276,0,8,98,63,5,10254,-8,30,54,75,89
20150218 05:48,276,0,297,2,277,0,8,98,63,5,10254,-8,30,54,75,89
20150218 05:49,273,0,292,1,270,0,7,98,63,4,10255,-8,30,54,75,89
20150218 05:50,271,0,288,1,273,0,7,98,63,4,10255,-8,30,54,75,89
20150218 05:51,269,0,283,1,265,0,7,98,63,4,10255,-8,30,54,75,89
20150218 05:52,250,0,276,1,233,0,7,98,63,4,10255,-8,30,54,75,89
20150218 05:53,219,0,268,0,205,0,7,98,63,4,10255,-8,30,54,75,88
20150218 05:54,210,0,260,0,215,0,7,98,63,4,10255,-8,30,54,75,88
20150218 05:55,239,0,257,0,264,0,7,98,63,4,10255,-8,30,54,75,88
20150218 05:56,288,0,259,0,310,0,6,98,63,3,10255,-8,30,53,75,88
20150218 05:57,325,0,264,0,339,0,6,98,63,3,10255,-8,30,53,75,88
20150218 05:58,345,0,271,0,350,0,6,98,63,3,10255,-8,30,53,75,88
20150218 05:59,346,0,279,0,342,0,6,98,63,3,10255,-8,30,53,75,88
20150218 06:00,345,0,289,0,347,0,5,98,62,2,10255,-8,30,53,74,88
20150218 06:01,348,0,302,0,349,0,5,98,62,2,10255,-8,30,53,75,88
20150218 06:02,359,0,320,0,9,0,5,98,62,2,10255,-8,30,53,74,88
20150218 06:03,48,0,336,0,86,0,5,98,62,2,10255,-8,30,53,74,88
20150218 06:04,95,0,352,0,103,0,5,98,62,2,10255,-9,30,53,74,88
20150218 06:05,105,0,10,0,106,0,4,98,62,1,10255,-9,29,53,74,88
20150218 06:06,104,1,28,0,101,4,4,98,62,1,10256,-9,29,53,74,88
20150218 06:07,108,2,47,0,114,4,4,98,62,1,10256,-9,29,53,74,88
20150218 06:08,115,3,65,1,116,3,4,98,62,1,10255,-9,29,53,74,88
20150218 06:09,117,2,81,1,118,3,4,98,62,1,10255,-9,29,53,74,88
20150218 06:10,121,2,94,1,123,3,4,98,62,1,10255,-9,29,53,74,88
20150218 06:11,130,2,105,1,137,2,4,98,62,1,10256,-9,29,53,74,88
20150218 06:12,143,1,115,1,150,2,4,98,62,1,10256,-9,29,53,74,88
20150218 06:13,155,2,123,2,160,3,4,98,62,1,10256,-9,29,53,74,88
20150218 06:14,173,2,130,2,187,2,3,98,61,0,10256,-9,29,53,74,88
20150218 06:15,185,2,138,2,183,2,3,98,61,0,10257,-9,29,53,74,88
20150218 06:16,180,2,146,2,177,2,3,98,61,0,10257,-9,29,53,74,88
20150218 06:17,180,2,154,2,183,2,3,98,61,0,10257,-9,29,52,74,87
20150218 06:18,180,2,160,2,177,2,3,98,61,0,10257,-9,29,52,74,87
20150218 06:19,172,1,165,2,168,2,3,98,61,0,10257,-9,29,52,74,87
20150218 06:20,169,1,169,2,170,2,3,98,61,0,10257,-9,29,52,74,87
20150218 06:21,173,1,173,2,176,2,3,98,61,0,10257,-9,29,52,74,87
20150218 06:22,177,1,176,2,179,2,3,98,61,0,10257,-9,29,52,73,87
20150218 06:23,177,1,178,2,176,2,3,98,61,0,10257,-9,29,52,73,87
20150218 06:24,178,1,177,2,179,2,3,98,61,0,10257,-9,29,52,73,87
20150218 06:25,183,0,177,1,187,0,3,98,61,0,10257,-9,29,52,73,87
20150218 06:26,187,0,178,1,187,0,3,98,61,0,10257,-9,29,52,73,87
20150218 06:27,179,0,177,1,170,0,3,98,61,0,10257,-9,29,52,73,87
20150218 06:28,179,0,178,1,188,0,2,98,61,-1,10257,-9,29,52,73,87
20150218 06:29,188,0,180,1,188,0,2,98,61,-1,10257,-9,29,52,73,87
20150218 06:30,191,0,182,1,194,0,2,98,61,-1,10257,-9,29,52,73,87
20150218 06:31,193,0,184,0,192,0,2,98,61,-1,10257,-9,28,52,73,87
20150218 06:32,189,0,185,0,186,0,2,98,61,-1,10257,-9,28,52,73,87
20150218 06:33,187,0,186,0,188,0,1,98,60,-2,10258,-9,28,52,73,87
20150218 06:34,191,0,187,0,194,0,1,98,60,-2,10258,-9,28,52,73,87
20150218 06:35,195,0,188,0,195,0,1,98,60,-2,10258,-9,28,52,73,87
20150218 06:36,198,0,190,0,201,0,1,98,60,-2,10258,-9,28,52,73,87
20150218 06:37,204,0,193,0,207,0,1,98,60,-2,10257,-9,28,52,73,87
20150218 06:38,209,0,196,0,211,0,1,98,60,-2,10257,-9,28,52,73,87
20150218 06:39,212,0,198,0,212,0,1,98,60,-2,10257,-9,28,52,73,87
20150218 06:40,216,0,200,0,219,0,1,98,60,-2,10258,-9,28,51,73,87
20150218 06:41,219,0,203,0,219,0,1,98,60,-2,10258,-9,28,51,73,87
20150218 06:42,216,0,206,0,212,0,1,98,60,-2,10258,-8,28,51,73,86
20150218 06:43,194,0,205,0,175,0,1,98,60,-2,10258,-8,28,51,73,86
20150218 06:44,171,0,202,0,168,0,0,98,60,-3,10258,-8,28,51,73,86
20150218 06:45,163,0,199,0,158,0,0,98,60,-3,10258,-8,28,51,72,86
20150218 06:46,163,0,195,0,167,0,0,98,60,-3,10258,-8,28,51,73,86
20150218 06:47,175,0,192,0,183,0,0,98,60,-3,10258,-8,28,51,72,86
20150218 06:48,182,0,189,0,182,0,0,98,60,-3,10259,-8,28,51,72,86
20150218 06:49,171,0,184,0,159,0,0,98,60,-3,10259,-8,28,51,72,86
20150218 06:50,159,0,178,0,159,0,0,98,60,-3,10259,-8,28,51,72,86
20150218 06:51,155,0,171,0,151,0,0,98,60,-3,10259,-7,28,51,72,86
20150218 06:52,153,0,166,0,154,0,0,98,60,-3,10259,-7,28,51,72,86
20150218 06:53,161,0,165,0,167,0,0,98,60,-3,10260,-7,28,51,72,86
20150218 06:54,171,0,165,0,174,0,0,98,60,-3,10260,-7,28,51,72,86
20150218 06:55,174,0,167,0,175,0,0,98,60,-3,10260,-7,28,51,72,86
20150218 06:56,178,0,169,0,182,0,0,98,60,-3,10260,-6,28,51,72,86
20150218 06:57,183,0,169,0,183,0,0,98,60,-3,10260,-6,28,51,72,86
20150218 06:58,188,0,170,0,194,0,0,98,60,-3,10261,-6,27,51,72,86
20150218 06:59,197,0,174,0,201,0,0,98,60,-3,10261,-6,27,51,72,86
20150218 07:00,203,0,179,0,204,1,0,98,60,-3,10261,-6,27,51,72,86
20150218 07:01,205,1,184,0,205,3,0,98,60,-3,10261,-5,27,51,72,86
20150218 07:02,209,2,190,0,212,2,0,98,60,-3,10261,-5,27,51,72,86
20150218 07:03,215,2,195,1,218,3,1,98,60,-2,10262,-5,27,50,72,86
20150218 07:04,216,4,199,1,215,6,1,98,60,-2,10262,-5,27,50,72,86
20150218 07:05,218,5,204,2,221,6,1,98,60,-2,10262,-5,27,50,72,86
20150218 07:06,221,5,207,2,221,6,2,98,61,-1,10262,-4,27,50,72,86
20150218 07:07,217,5,210,3,212,5,2,98,61,-1,10263,-4,27,50,71,85
20150218 07:08,215,5,213,3,217,6,3,98,61,0,10263,-4,27,50,71,85
20150218 07:09,218,5,214,4,219,6,3,98,61,0,10263,-4,27,50,71,85
20150218 07:10,220,5,216,4,220,6,3,98,61,0,10263,-3,27,50,71,85
20150218 07:11,218,5,217,5,215,7,4,98,62,1,10263,-3,27,50,71,85
20150218 07:12,213,6,217,5,211,7,4,98,62,1,10263,-3,27,50,71,85
20150218 07:13,215,7,217,5,218,8,5,99,63,4,10264,-3,27,50,71,85
20150218 07:14,219,7,217,6,220,8,5,99,63,4,10264,-3,27,50,71,85
20150218 07:15,219,7,217,6,217,8,5,99,63,4,10264,-2,27,50,71,85
20150218 07:16,221,7,217,6,224,7,5,99,63,4,10264,-2,27,50,71,85
20150218 07:17,228,5,219,6,232,5,5,98,62,2,10264,-2,27,50,71,85
20150218 07:18,232,4,221,6,232,4,5,98,62,2,10264,-2,27,50,71,85
20150218 07:19,235,4,223,6,238,4,6,98,63,3,10264,-2,27,50,71,85
20150218 07:20,235,4,224,6,232,5,6,98,63,3,10264,-1,27,50,71,85
20150218 07:21,231,5,225,5,230,5,6,98,63,3,10264,-1,27,50,71,85
20150218 07:22,230,4,227,5,229,4,6,98,63,3,10264,-1,27,50,71,85
20150218 07:23,226,3,228,5,224,3,7,98,63,4,10264,0,27,50,71,85
20150218 07:24,222,2,228,4,220,2,7,98,63,4,10265,0,27,50,71,85
20150218 07:25,220,1,228,4,219,1,7,99,64,6,10265,0,27,50,71,85
20150218 07:26,222,1,228,3,225,2,7,99,64,6,10265,0,27,50,71,85
20150218 07:27,228,2,228,3,230,2,8,99,64,7,10265,1,27,49,71,85
20150218 07:28,230,2,228,3,230,3,8,99,64,7,10265,1,27,49,71,85
20150218 07:29,229,3,227,3,228,3,8,99,64,7,10265,2,27,49,71,85
20150218 07:30,231,3,227,2,234,3,9,99,65,8,10265,2,27,49,71,85
20150218 07:31,235,2,228,2,237,3,9,99,65,8,10265,3,27,49,70,85
20150218 07:32,239,2,229,2,240,2,9,99,65,8,10265,4,27,49,70,85
20150218 07:33,242,1,231,2,244,1,10,99,65,9,10265,5,27,49,70,85
20150218 07:34,247,1,234,2,249,1,10,99,65,9,10265,6,27,49,70,84
20150218 07:35,251,0,237,2,253,0,10,99,65,9,10265,6,27,49,70,84
20150218 07:36,252,0,239,1,250,0,11,99,65,10,10265,7,27,49,70,84
20150218 07:37,255,0,242,1,260,0,11,99,65,10,10265,8,27,49,70,84
20150218 07:38,263,1,246,1,266,11,12,99,66,11,10265,8,27,49,70,84
20150218 07:39,274,2,251,1,282,4,12,99,66,11,10265,9,27,49,70,84
20150218 07:40,287,2,257,1,293,3,13,99,66,12,10265,10,27,49,70,84
20150218 07:41,293,2,263,1,293,3,13,99,66,12,10266,11,27,49,70,84
20150218 07:42,296,2,269,1,299,3,14,99,67,13,10266,12,27,49,70,84
20150218 07:43,306,2,276,1,314,5,14,99,67,13,10266,13,27,49,70,84
20150218 07:44,312,4,282,2,311,6,15,99,67,14,10266,14,27,49,70,84
20150218 07:45,314,5,289,2,317,5,16,99,68,15,10266,15,27,49,70,84
20150218 07:46,317,4,295,3,317,5,16,99,68,15,10266,16,27,49,70,84
20150218 07:47,316,3,301,3,316,3,17,99,68,16,10266,17,27,49,70,84
20150218 07:48,317,2,306,3,317,3,17,99,68,16,10266,18,27,49,70,84
20150218 07:49,320,3,310,3,323,4,17,99,68,16,10266,19,27,49,70,84
20150218 07:50,322,4,313,3,322,5,18,99,69,17,10266,20,27,49,70,84
20150218 07:51,322,4,316,3,322,5,18,99,69,17,10266,22,27,49,70,84
20150218 07:52,324,5,318,4,326,5,19,99,69,18,10266,24,27,49,70,84
20150218 07:53,324,5,319,4,322,6,19,99,69,18,10267,26,27,49,70,84
20150218 07:54,321,5,320,4,321,6,20,99,70,19,10267,28,27,49,70,84
20150218 07:55,323,5,321,4,325,6,21,99,70,20,10267,30,27,49,69,84
20150218 07:56,323,5,322,4,321,6,22,99,71,21,10267,32,27,49,69,84
20150218 07:57,316,4,321,4,311,5,25,99,72,24,10267,35,27,49,69,84
20150218 07:58,306,4,320,5,302,5,27,99,73,26,10267,37,27,49,69,84
20150218 07:59,305,4,318,5,307,4,29,99,74,28,10267,39,28,48,69,83
20150218 08:00,307,4,316,5,306,4,30,99,75,29,10267,41,28,48,69,84
20150218 08:01,304,3,314,4,302,3,32,99,76,31,10267,44,28,48,69,83
20150218 08:02,303,1,312,4,305,1,34,99,77,33,10267,46,28,48,69,83
20150218 08:03,308,0,311,3,312,0,35,99,78,34,10267,49,28,48,69,83
20150218 08:04,296,0,307,3,281,0,36,99,78,35,10267,51,28,48,69,83
20150218 08:05,331,0,310,2,88,0,36,99,78,35,10268,53,28,48,69,83
20150218 08:06,64,0,316,2,49,0,36,99,78,35,10268,55,29,48,69,83
20150218 08:07,59,0,326,2,69,0,37,99,79,36,10267,58,29,48,69,83
20150218 08:08,43,0,338,1,11,0,38,99,79,37,10267,61,29,48,69,83
20150218 08:09,325,0,334,1,276,0,40,99,80,39,10267,63,30,48,69,83
20150218 08:10,302,0,337,0,327,0,41,99,81,40,10267,65,30,48,69,83
20150218 08:11,322,0,340,0,317,3,41,99,81,40,10267,67,30,48,69,83
20150218 08:12,320,0,343,0,322,0,42,99,82,41,10267,70,31,48,69,83
20150218 08:13,309,0,340,0,297,1,42,99,82,41,10268,72,31,48,69,83
20150218 08:14,289,1,340,0,281,2,42,99,82,41,10268,73,31,48,69,83
20150218 08:15,273,2,323,0,265,4,42,99,82,41,10268,75,32,48,69,83
20150218 08:16,273,2,309,1,281,3,43,99,82,42,10268,77,32,48,69,83
20150218 08:17,316,1,310,1,27,1,45,99,83,44,10268,79,33,48,69,83
20150218 08:18,94,1,303,1,125,3,46,99,84,45,10268,81,33,48,69,83
20150218 08:19,116,2,313,1,105,4,48,99,85,47,10269,84,34,48,69,83
20150218 08:20,90,1,323,1,73,1,49,99,86,48,10269,85,34,48,69,83
20150218 08:21,62,0,349,1,50,0,50,99,86,49,10269,87,35,48,69,83
20150218 08:22,51,0,21,1,51,0,50,99,86,49,10269,89,35,48,68,83
20150218 08:23,101,0,59,1,191,0,50,99,86,49,10269,90,36,48,68,83
20150218 08:24,228,0,76,1,250,0,51,99,87,50,10269,92,36,48,68,83
20150218 08:25,239,0,95,0,229,2,50,99,86,49,10269,94,37,48,68,83
20150218 08:26,225,1,117,1,221,4,51,98,86,48,10269,96,37,49,68,83
20150218 08:27,225,3,160,1,229,5,50,98,85,47,10269,97,38,49,68,83
20150218 08:28,223,6,189,2,217,10,51,98,86,48,10269,99,38,49,68,83
20150218 08:29,214,7,209,2,210,8,51,98,86,48,10269,100,39,49,68,82
20150218 08:30,209,5,215,2,208,6,52,98,87,49,10269,101,39,49,68,82
20150218 08:31,211,4,217,3,214,5,53,97,86,49,10270,104,40,49,68,82
20150218 08:32,195,3,215,3,177,5,54,97,87,50,10270,106,41,49,68,82
20150218 08:33,155,4,211,3,133,5,55,97,88,51,10270,107,41,49,68,82
20150218 08:34,133,3,200,4,132,5,57,97,89,53,10270,108,42,49,68,82
20150218 08:35,129,3,189,4,125,4,57,97,89,53,10270,110,42,49,68,82
20150218 08:36,123,3,178,4,121,4,58,97,89,54,10270,112,43,49,68,82
20150218 08:37,145,1,171,4,171,3,58,96,88,52,10270,113,44,49,68,82
20150218 08:38,161,1,163,3,149,4,59,96,89,53,10270,115,44,49,68,82
20150218 08:39,157,1,159,3,171,2,61,95,89,54,10269,116,45,49,68,82
20150218 08:40,172,1,156,2,172,4,62,95,90,55,10269,118,45,50,68,82
20150218 08:41,133,3,145,2,96,8,63,94,90,54,10269,119,46,50,68,82
20150218 08:42,69,6,134,3,40,14,65,94,91,56,10269,120,47,50,68,82
20150218 08:43,34,11,126,4,28,17,65,93,90,55,10269,121,47,50,68,82
20150218 08:44,42,11,117,5,57,17,65,91,88,51,10270,122,48,50,68,82
20150218 08:45,73,8,111,5,88,8,66,91,89,52,10270,123,48,50,68,82
20150218 08:46,77,6,102,6,65,9,67,91,89,53,10270,123,49,50,68,82
20150218 08:47,65,6,89,6,65,8,67,90,88,52,10270,125,50,50,68,82
20150218 08:48,48,9,74,7,28,16,68,89,88,51,10270,127,50,51,68,82
20150218 08:49,23,12,60,8,18,16,68,86,85,46,10270,128,51,51,68,82
20150218 08:50,30,13,52,9,41,18,68,82,81,39,10270,129,52,51,68,82
20150218 08:51,48,14,48,10,54,23,68,77,76,31,10270,129,52,51,68,82
20150218 08:52,54,20,50,12,53,37,69,74,74,26,10270,128,53,51,68,82
20150218 08:53,40,25,49,13,26,35,70,69,69,17,10270,126,54,51,68,82
20150218 08:54,25,27,46,15,24,38,70,66,66,11,10270,126,54,51,68,82
20150218 08:55,27,29,40,17,31,35,71,62,63,3,10270,127,55,52,68,82
20150218 08:56,43,24,39,19,55,31,72,61,62,2,10270,127,55,52,68,81
20150218 08:57,44,23,36,21,33,50,73,62,63,5,10270,129,56,52,68,81
20150218 08:58,36,31,37,23,39,49,74,60,62,2,10270,129,57,52,68,81
20150218 08:59,43,32,40,25,46,47,74,57,59,-6,10270,129,57,52,68,81
20150218 09:00,46,27,41,26,45,41,75,59,61,0,10270,129,58,52,68,81
20150218 09:01,40,28,39,27,35,42,76,57,59,-4,10270,130,58,53,68,81
20150218 09:02,42,25,38,27,50,32,77,56,59,-5,10270,130,59,53,68,81
20150218 09:03,50,23,41,27,49,39,78,57,60,-2,10270,130,59,53,68,81
20150218 09:04,43,24,42,26,37,27,78,57,60,-2,10271,130,60,53,68,81
20150218 09:05,34,21,42,25,31,41,79,57,61,-1,10271,131,60,53,68,81
20150218 09:06,31,30,40,27,31,50,79,57,61,-1,10271,134,61,54,68,81
20150218 09:07,41,33,41,27,51,37,80,55,59,-5,10271,133,61,54,68,81
20150218 09:08,36,29,40,27,21,38,81,56,60,-1,10271,131,62,54,68,81
20150218 09:09,25,31,38,27,30,47,81,55,59,-4,10271,133,62,54,68,81
20150218 09:10,29,34,36,28,28,43,81,55,59,-4,10271,133,63,54,68,81
20150218 09:11,37,30,37,28,46,34,82,53,58,-8,10271,135,63,55,68,81
20150218 09:12,47,25,37,28,48,34,83,56,61,0,10271,135,64,55,68,81
20150218 09:13,35,32,34,29,22,54,83,55,60,-2,10271,136,64,55,68,81
20150218 09:14,36,33,36,30,50,41,83,53,58,-7,10271,137,65,55,68,81
20150218 09:15,53,23,38,30,56,38,84,54,59,-4,10271,139,65,56,68,81
20150218 09:16,47,23,39,29,37,41,84,53,58,-6,10271,141,66,56,68,81
20150218 09:17,41,29,38,29,45,44,85,53,59,-5,10271,141,66,56,68,81
20150218 09:18,45,35,41,30,46,57,85,53,59,-5,10272,142,67,56,68,81
20150218 09:19,41,38,41,30,36,44,85,52,58,-8,10272,141,67,56,68,81
20150218 09:20,38,31,43,29,41,34,85,52,58,-8,10272,141,68,57,68,81
20150218 09:21,38,20,42,29,35,26,85,52,58,-8,10272,141,68,57,68,81
20150218 09:22,42,20,42,28,49,41,86,54,60,-2,10273,143,68,57,68,81
20150218 09:23,47,28,44,28,45,52,87,52,58,-6,10273,145,69,57,68,81
20150218 09:24,51,33,45,28,58,48,87,51,57,-9,10272,145,70,58,68,81
20150218 09:25,45,34,42,30,32,48,87,51,57,-9,10272,143,70,58,68,81
20150218 09:26,36,35,43,31,40,46,87,50,56,-11,10272,144,70,58,68,81
20150218 09:27,44,35,43,31,48,48,88,49,55,-13,10272,145,71,58,68,81
20150218 09:28,41,33,42,31,33,48,88,48,54,-16,10272,145,71,59,68,81
20150218 09:29,40,35,43,31,47,48,88,49,55,-13,10272,144,72,59,68,81
20150218 09:30,42,37,42,32,37,48,88,47,53,-19,10272,144,72,59,68,81
20150218 09:31,41,36,43,34,45,47,88,46,52,-22,10272,145,73,59,68,80
20150218 09:32,42,34,42,35,39,44,88,47,53,-19,10273,144,73,59,68,81
20150218 09:33,39,35,42,35,39,51,88,49,55,-13,10273,146,74,60,68,80
20150218 09:34,41,37,40,35,42,54,89,49,56,-12,10273,142,74,60,68,80
20150218 09:35,35,39,40,36,28,52,89,47,54,-18,10273,136,74,60,68,80
20150218 09:36,28,39,39,36,29,48,89,46,52,-21,10273,134,75,60,68,80
20150218 09:37,33,36,38,36,37,47,89,46,52,-21,10273,135,75,60,68,80
20150218 09:38,44,30,39,35,51,35,89,46,52,-21,10273,139,76,61,68,80
20150218 09:39,46,24,39,34,40,42,90,49,56,-11,10273,142,76,61,68,80
20150218 09:40,37,27,38,33,34,44,90,49,56,-11,10273,146,76,61,69,80
20150218 09:41,31,31,37,33,29,35,90,47,54,-17,10273,148,77,61,69,80
20150218 09:42,31,31,36,33,33,38,90,48,55,-14,10273,150,77,62,69,80
20150218 09:43,41,30,37,32,49,39,90,47,54,-17,10273,153,78,62,69,80
20150218 09:44,46,25,37,30,43,27,91,49,57,-10,10273,154,78,62,69,80
20150218 09:45,48,21,40,29,52,32,92,50,58,-7,10273,157,78,62,69,80
20150218 09:46,49,26,41,28,46,46,93,51,60,-3,10272,157,78,63,69,80
20150218 09:47,55,29,44,27,63,41,94,49,58,-8,10272,158,79,63,69,80
20150218 09:48,57,29,44,28,51,41,94,46,54,-16,10272,157,79,63,69,80
20150218 09:49,39,27,43,28,28,40,94,44,52,-22,10272,157,80,63,69,80
20150218 09:50,38,25,44,27,48,47,95,46,55,-15,10272,159,80,63,69,80
20150218 09:51,49,32,46,28,50,48,95,45,53,-18,10272,160,80,64,69,80
20150218 09:52,52,33,48,28,54,44,95,46,55,-15,10272,161,81,64,69,80
20150218 09:53,52,35,49,29,50,54,95,46,55,-15,10272,161,81,64,69,80
20150218 09:54,45,38,48,30,41,48,95,46,55,-15,10272,161,82,64,69,80
20150218 09:55,44,37,48,32,47,49,95,45,53,-18,10273,161,82,65,69,80
20150218 09:56,43,32,47,32,38,42,94,45,53,-19,10273,162,82,65,69,80
20150218 09:57,40,28,45,32,42,41,95,46,55,-15,10273,164,83,65,69,80
20150218 09:58,38,26,43,31,34,45,95,46,55,-15,10272,166,83,65,70,80
20150218 09:59,35,26,44,31,37,41,96,46,55,-14,10272,169,84,65,70,80
20150218 10:00,50,31,46,32,64,46,97,47,57,-11,10273,170,84,66,70,80
20150218 10:01,66,35,47,32,68,51,97,45,54,-17,10272,168,85,66,70,80
20150218 10:02,67,37,49,33,66,54,97,45,54,-17,10272,166,85,66,70,80
20150218 10:03,59,31,49,31,52,37,97,46,55,-14,10272,164,86,66,70,80
20150218 10:04,54,28,50,31,56,52,97,46,55,-14,10272,165,86,67,70,80
20150218 10:05,54,38,51,32,53,62,98,47,57,-10,10272,166,86,67,70,80
20150218 10:06,54,40,53,32,54,51,97,45,54,-17,10272,167,87,67,70,80
20150218 10:07,55,37,54,33,56,56,97,45,54,-17,10272,167,87,67,70,80
20150218 10:08,56,40,56,35,56,54,97,44,53,-20,10272,169,88,68,70,80
20150218 10:09,63,41,59,36,69,52,97,43,52,-23,10272,168,88,68,70,80
20150218 10:10,64,37,59,37,59,46,97,44,53,-20,10272,167,89,68,70,80
20150218 10:11,59,33,58,36,60,51,97,45,54,-17,10272,168,89,68,70,80
20150218 10:12,62,33,58,36,64,51,98,46,56,-13,10272,172,89,69,71,80
20150218 10:13,64,35,59,37,64,48,98,45,54,-16,10272,170,90,69,71,80
20150218 10:14,61,33,59,37,58,46,98,44,53,-19,10272,169,90,69,71,80
20150218 10:15,54,29,59,35,50,44,98,45,54,-16,10272,170,91,69,71,80
20150218 10:16,48,27,58,34,46,34,98,46,56,-13,10272,174,91,69,71,80
20150218 10:17,52,32,58,34,58,52,99,46,56,-12,10272,176,91,70,71,80
20150218 10:18,61,36,59,33,65,51,99,45,55,-15,10272,175,92,70,71,80
20150218 10:19,64,28,59,31,64,34,99,46,56,-12,10272,174,92,70,71,80
20150218 10:20,62,25,59,31,60,41,99,47,57,-9,10272,174,93,70,71,80
20150218 10:21,55,27,58,30,50,34,99,46,56,-12,10272,175,93,71,71,80
20150218 10:22,51,25,57,29,53,37,99,46,56,-12,10271,178,93,71,71,80
20150218 10:23,52,30,55,29,51,45,100,47,58,-8,10271,180,94,71,71,80
20150218 10:24,55,33,56,30,59,51,100,46,56,-11,10271,182,94,71,71,80
20150218 10:25,56,37,56,31,53,54,100,46,56,-11,10271,182,95,72,72,80
20150218 10:26,45,39,55,32,36,52,99,46,56,-12,10271,181,95,72,72,80
20150218 10:27,40,35,53,31,43,48,100,47,58,-8,10271,183,95,72,72,80
20150218 10:28,39,35,50,32,35,51,100,46,56,-11,10271,185,96,72,72,80
20150218 10:29,49,38,50,33,62,53,100,46,56,-11,10271,186,96,73,72,80
20150218 10:30,62,35,50,34,62,44,100,46,56,-11,10271,183,97,73,72,80
20150218 10:31,54,34,50,35,45,48,100,45,55,-14,10270,183,97,73,72,80
20150218 10:32,32,38,47,36,20,52,100,45,55,-14,10270,184,98,73,72,80
20150218 10:33,20,45,44,38,20,64,101,45,56,-13,10270,186,98,74,72,80
20150218 10:34,30,43,42,38,41,64,100,43,53,-20,10270,186,98,74,72,80
20150218 10:35,43,40,41,38,45,58,101,46,57,-10,10270,188,99,74,72,80
20150218 10:36,49,38,43,38,53,52,101,44,54,-16,10270,189,99,74,73,80
20150218 10:37,43,38,42,39,33,61,101,45,56,-13,10270,187,100,75,73,80
20150218 10:38,36,40,42,39,39,56,101,45,56,-13,10270,188,100,75,73,80
20150218 10:39,32,42,38,40,25,54,101,44,54,-16,10271,189,101,75,73,80
20150218 10:40,26,42,35,40,26,52,101,43,53,-19,10271,191,101,75,73,80
20150218 10:41,31,37,34,40,36,42,101,44,54,-16,10271,192,101,75,73,80
20150218 10:42,36,36,35,40,37,51,102,46,57,-9,10271,195,102,76,73,80
20150218 10:43,30,38,36,39,23,54,102,46,57,-9,10271,196,102,76,73,80
20150218 10:44,23,42,34,40,24,56,102,46,57,-9,10271,197,103,76,73,80
20150218 10:45,32,43,34,40,40,54,102,46,57,-9,10271,195,103,76,73,80
20150218 10:46,43,41,33,40,45,60,102,47,58,-6,10271,195,103,77,74,80
20150218 10:47,47,42,34,40,48,57,102,48,60,-3,10270,194,104,77,74,80
20150218 10:48,34,38,32,40,21,41,103,47,59,-5,10271,194,104,77,74,80
20150218 10:49,16,32,31,38,11,40,103,48,60,-2,10271,198,105,77,74,80
20150218 10:50,24,28,32,37,39,39,103,47,59,-5,10270,201,105,78,74,80
20150218 10:51,55,24,36,36,69,41,104,48,60,-1,10270,201,105,78,74,80
20150218 10:52,70,27,39,35,71,44,105,48,61,0,10270,198,106,78,74,80
20150218 10:53,64,33,43,35,58,49,106,48,61,1,10271,196,106,78,74,80
20150218 10:54,62,33,47,33,66,46,106,49,63,3,10271,198,107,79,74,80
20150218 10:55,62,30,49,32,57,38,107,48,62,1,10271,199,107,79,74,80
20150218 10:56,53,28,49,31,48,32,106,48,61,1,10270,201,108,79,75,80
20150218 10:57,43,22,48,28,38,24,106,47,60,-2,10270,205,108,79,75,80
20150218 10:58,29,22,48,28,20,36,106,48,61,1,10270,210,109,80,75,81
20150218 10:59,13,30,48,28,7,45,107,48,62,1,10270,211,109,80,75,81
20150218 11:00,16,36,46,29,25,44,107,47,60,-1,10270,212,109,80,75,81
20150218 11:01,41,33,45,30,57,41,107,48,62,1,10271,209,110,80,75,81
20150218 11:02,50,33,42,30,42,50,107,49,63,4,10271,206,110,81,75,81
20150218 11:03,41,36,40,30,40,47,108,49,63,5,10271,206,111,81,75,81
20150218 11:04,35,33,36,30,29,35,107,48,62,1,10271,207,111,81,75,81
20150218 11:05,31,31,34,30,32,38,107,48,62,1,10271,209,112,81,76,81
20150218 11:06,37,30,33,31,42,38,106,47,60,-2,10271,210,112,82,76,81
20150218 11:07,38,26,33,31,33,36,106,48,61,1,10271,211,113,82,76,81
20150218 11:08,36,27,35,32,39,38,107,48,62,1,10271,214,113,82,76,81
20150218 11:09,47,29,39,31,56,47,107,48,62,1,10271,217,114,82,76,81
20150218 11:10,54,30,42,30,52,44,108,48,62,2,10271,218,114,83,76,81
20150218 11:11,45,30,40,30,38,44,108,47,61,-1,10270,217,115,83,76,81
20150218 11:12,37,35,40,31,36,52,108,46,60,-3,10270,217,115,83,76,81
20150218 11:13,30,36,38,30,23,48,107,46,59,-4,10270,215,115,84,76,81
20150218 11:14,28,24,38,29,32,26,107,48,62,1,10270,218,116,84,76,81
20150218 11:15,21,18,36,28,9,26,108,47,61,-1,10270,222,116,84,77,81
20150218 11:16,8,26,33,28,7,49,108,49,63,5,10270,226,117,84,77,81
20150218 11:17,8,34,30,29,8,49,108,47,61,-1,10269,226,117,85,77,81
20150218 11:18,19,37,29,30,30,48,108,47,61,-1,10269,224,118,85,77,81
20150218 11:19,28,38,26,31,27,44,108,48,62,2,10270,223,118,85,77,81
20150218 11:20,45,32,27,31,64,37,108,49,63,5,10269,222,119,85,77,81
20150218 11:21,60,29,29,31,57,50,109,49,64,6,10269,221,119,86,77,81
20150218 11:22,53,35,31,31,50,59,110,50,66,10,10269,221,120,86,77,81
20150218 11:23,42,47,32,34,34,64,109,47,61,0,10269,220,120,86,78,81
20150218 11:24,37,45,33,35,41,50,109,46,60,-3,10270,218,121,86,78,81
20150218 11:25,34,38,35,38,28,51,109,46,60,-3,10270,220,121,87,78,81
20150218 11:26,33,39,38,38,37,52,109,46,60,-3,10270,222,122,87,78,81
20150218 11:27,37,34,40,37,37,41,109,47,61,0,10270,223,122,87,78,81
20150218 11:28,32,32,40,37,27,46,109,47,61,0,10270,224,123,87,78,81
20150218 11:29,26,27,40,35,25,34,109,47,61,0,10269,226,123,88,78,81
20150218 11:30,29,24,37,35,32,34,109,46,60,-3,10269,227,124,88,78,81
20150218 11:31,32,27,34,35,31,35,109,47,61,0,10269,228,124,88,78,81
20150218 11:32,33,33,33,35,35,59,110,48,63,4,10269,229,124,89,79,82
20150218 11:33,35,39,33,33,35,57,110,49,64,7,10269,226,125,89,79,82
20150218 11:34,34,33,32,32,33,37,111,49,65,8,10269,225,125,89,79,82
20150218 11:35,37,30,33,31,41,44,111,49,65,8,10269,227,126,89,79,82
20150218 11:36,43,33,34,31,45,56,111,48,63,5,10269,228,126,90,79,82
20150218 11:37,51,37,36,32,56,67,111,48,63,5,10269,227,127,90,79,82
20150218 11:38,48,36,37,32,39,43,111,47,62,2,10269,225,127,90,79,82
20150218 11:39,38,35,38,34,37,47,111,46,61,-1,10269,227,127,91,80,82
20150218 11:40,36,36,39,34,35,43,110,46,60,-2,10269,227,128,91,80,82
20150218 11:41,29,33,38,35,23,44,110,47,62,1,10269,228,128,91,80,82
20150218 11:42,18,32,36,34,14,40,110,47,62,1,10268,231,129,91,80,82
20150218 11:43,22,27,35,33,31,38,110,47,62,1,10268,233,129,92,80,82
20150218 11:44,49,26,39,32,67,43,111,49,65,8,10268,236,130,92,80,82
20150218 11:45,67,31,41,33,68,43,112,50,66,12,10268,233,130,92,80,82
20150218 11:46,67,36,44,33,66,45,112,48,64,6,10268,231,130,93,80,82
20150218 11:47,59,38,43,33,51,52,111,47,62,2,10267,229,131,93,81,82
20150218 11:48,47,35,43,33,43,47,111,47,62,2,10267,227,131,93,81,82
20150218 11:49,40,43,43,35,37,78,112,47,62,3,10266,230,132,94,81,82
20150218 11:50,49,47,46,35,60,51,113,48,64,7,10267,228,132,94,81,82
20150218 11:51,65,41,51,36,69,56,113,48,64,7,10266,225,132,94,81,82
20150218 11:52,77,40,58,37,84,50,113,48,64,7,10266,221,133,94,81,82
20150218 11:53,77,38,62,38,70,50,112,47,62,3,10266,222,133,95,81,82
20150218 11:54,60,38,60,39,49,53,112,48,64,6,10266,223,134,95,81,82
20150218 11:55,55,41,59,40,62,59,112,47,62,3,10266,225,134,95,82,82
20150218 11:56,62,38,59,40,62,40,111,47,62,2,10266,225,134,95,82,83
20150218 11:57,57,31,59,39,51,49,111,47,62,2,10266,227,135,96,82,83
20150218 11:58,45,35,58,40,40,48,111,49,65,8,10266,230,135,96,82,83
20150218 11:59,42,30,59,36,46,32,112,49,65,9,10265,231,135,96,82,83
20150218 12:00,52,22,59,35,59,41,113,50,67,13,10265,233,136,97,82,83
20150218 12:01,55,26,57,33,52,44,115,51,69,17,10265,234,136,97,82,83
20150218 12:02,51,34,54,34,49,53,115,48,65,9,10265,235,136,97,83,83
20150218 12:03,53,40,53,34,57,57,114,46,62,2,10265,235,136,97,83,83
20150218 12:04,56,43,53,34,54,53,114,47,63,5,10265,230,137,98,83,83
20150218 12:05,58,40,53,34,61,47,114,46,62,2,10264,229,137,98,83,83
20150218 12:06,68,40,54,35,74,55,114,48,65,8,10264,230,137,98,83,83
20150218 12:07,74,42,57,36,75,49,115,49,66,12,10264,227,138,98,83,83
20150218 12:08,67,33,58,34,58,56,114,47,63,5,10264,228,138,99,83,83
20150218 12:09,56,25,59,35,53,32,115,47,64,6,10264,234,138,99,84,83
20150218 12:10,56,29,59,36,59,47,115,47,64,6,10264,239,139,99,84,83
20150218 12:11,55,32,59,36,52,39,116,49,67,13,10264,237,139,100,84,83
20150218 12:12,60,31,61,35,68,41,117,48,66,11,10263,236,139,100,84,83
20150218 12:13,66,38,62,35,63,60,116,47,64,7,10263,232,140,100,84,83
20150218 12:14,64,39,63,34,64,46,115,46,62,3,10263,227,140,100,84,83
20150218 12:15,50,27,60,33,37,26,114,47,63,5,10263,226,140,101,84,83
20150218 12:16,34,19,56,30,31,32,115,48,65,9,10263,234,141,101,85,83
20150218 12:17,37,20,53,28,42,36,116,49,67,13,10263,237,141,101,85,84
20150218 12:18,42,27,51,29,42,53,117,48,66,11,10263,239,141,101,85,84
20150218 12:19,43,26,50,29,44,32,117,48,66,11,10263,239,142,102,85,84
20150218 12:20,54,25,51,28,64,48,118,49,68,14,10263,239,142,102,85,84
20150218 12:21,60,31,51,28,57,39,118,49,68,14,10262,238,142,102,85,84
20150218 12:22,67,30,52,28,77,45,119,49,68,15,10262,239,143,102,85,84
20150218 12:23,77,38,53,28,76,55,119,48,67,12,10262,235,143,103,86,84
20150218 12:24,74,45,54,30,73,65,118,47,65,9,10262,231,143,103,86,84
20150218 12:25,73,43,58,32,74,63,118,48,66,12,10261,228,144,103,86,84
20150218 12:26,67,39,61,34,60,53,118,48,66,12,10261,229,144,104,86,84
20150218 12:27,57,39,62,35,55,56,118,47,65,9,10261,231,144,104,86,84
20150218 12:28,50,34,62,35,44,43,118,48,66,12,10261,231,145,104,86,84
20150218 12:29,53,30,64,36,61,39,118,48,66,12,10260,234,145,104,86,84
20150218 12:30,59,29,63,36,57,40,118,49,68,14,10260,234,145,105,87,84
20150218 12:31,64,30,65,36,72,44,119,49,68,15,10260,234,145,105,87,84
20150218 12:32,63,29,63,35,55,40,119,49,68,15,10260,232,146,105,87,84
20150218 12:33,57,28,61,34,59,38,119,49,68,15,10260,235,146,105,87,84
20150218 12:34,61,30,60,32,63,36,118,49,68,14,10260,235,146,106,87,85
20150218 12:35,61,27,59,31,59,31,118,49,68,14,10260,233,146,106,87,85
20150218 12:36,51,30,57,31,43,57,118,49,68,14,10259,237,147,106,87,85
20150218 12:37,52,37,57,30,60,56,119,49,68,15,10259,235,147,106,88,85
20150218 12:38,52,35,57,31,43,44,119,48,67,12,10259,235,147,107,88,85
20150218 12:39,36,30,54,31,29,37,118,48,66,12,10259,238,147,107,88,85
20150218 12:40,31,28,52,30,33,40,118,48,66,12,10259,244,148,107,88,85
20150218 12:41,47,34,50,31,60,59,118,49,68,14,10259,245,148,107,88,85
20150218 12:42,54,44,50,33,48,69,118,49,68,14,10258,239,148,108,88,85
20150218 12:43,51,47,49,35,54,60,118,49,68,14,10258,236,148,108,89,85
20150218 12:44,55,36,49,34,56,37,117,49,67,14,10258,233,149,108,89,85
20150218 12:45,51,22,47,34,46,27,117,49,67,14,10258,239,149,108,89,85
20150218 12:46,50,23,48,33,54,39,117,49,67,14,10257,243,149,109,89,85
20150218 12:47,56,28,48,32,58,50,117,51,70,19,10257,244,150,109,89,85
20150218 12:48,47,35,48,33,37,57,118,51,71,20,10257,243,150,109,89,85
20150218 12:49,40,40,49,34,43,57,119,51,71,21,10257,240,150,109,89,86
20150218 12:50,54,40,52,35,65,47,118,50,69,17,10257,239,150,110,90,86
20150218 12:51,63,35,52,34,62,41,118,51,71,20,10257,238,151,110,90,86
20150218 12:52,61,35,54,34,60,59,118,51,71,20,10257,238,151,110,90,86
20150218 12:53,52,41,53,33,44,62,118,52,72,23,10257,235,151,110,90,86
20150218 12:54,40,32,51,33,36,33,118,50,69,17,10257,237,152,111,90,86
20150218 12:55,50,28,52,34,64,48,119,52,72,24,10256,240,152,111,90,86
20150218 12:56,55,36,52,36,46,48,119,51,71,21,10257,238,152,111,91,86
20150218 12:57,46,35,50,36,46,36,118,49,68,14,10256,238,152,111,91,86
20150218 12:58,51,26,52,34,57,30,118,50,69,17,10256,241,153,111,91,86
20150218 12:59,47,29,52,34,36,48,118,52,72,23,10256,244,153,112,91,86
20150218 13:00,42,35,50,33,48,56,119,51,71,21,10256,244,153,112,91,86
20150218 13:01,34,41,46,35,22,66,119,50,70,18,10256,237,153,112,91,86
20150218 13:02,21,41,42,34,20,48,118,48,66,12,10255,230,153,112,91,86
20150218 13:03,15,34,39,33,10,46,117,49,67,14,10255,234,154,113,92,86
20150218 13:04,34,31,41,34,57,39,118,50,69,17,10255,235,154,113,92,86
20150218 13:05,61,31,41,34,64,46,118,51,71,20,10254,235,154,113,92,87
20150218 13:06,59,34,42,33,54,41,119,51,71,21,10254,237,154,113,92,87
20150218 13:07,54,38,42,34,54,61,119,51,71,21,10255,237,155,114,92,87
20150218 13:08,55,41,42,36,55,54,119,50,70,18,10255,234,155,114,92,87
20150218 13:09,56,34,44,35,57,39,119,50,70,18,10254,234,155,114,92,87
20150218 13:10,55,24,45,34,52,34,119,51,71,21,10254,235,155,114,93,87
20150218 13:11,51,21,48,31,50,34,120,53,74,27,10254,240,155,115,93,87
20150218 13:12,42,29,49,31,35,58,121,52,73,26,10254,242,155,115,93,87
20150218 13:13,32,39,51,32,30,51,121,47,66,11,10254,240,156,115,93,87
20150218 13:14,24,36,47,33,19,37,121,47,66,11,10254,238,156,115,93,87
20150218 13:15,23,32,43,33,27,48,120,47,66,10,10254,240,156,115,93,87
20150218 13:16,34,31,42,32,41,44,119,48,67,12,10254,240,156,116,94,87
20150218 13:17,38,22,40,30,35,35,119,48,67,12,10253,244,156,116,94,87
20150218 13:18,52,23,41,28,68,40,119,49,68,15,10253,247,156,116,94,88
20150218 13:19,67,38,42,30,66,60,120,51,71,22,10253,244,157,116,94,88
20150218 13:20,61,45,43,33,55,69,120,49,69,16,10253,236,157,117,94,88
20150218 13:21,55,44,43,35,54,65,120,47,66,10,10253,232,157,117,94,88
20150218 13:22,54,43,45,36,54,60,120,47,66,10,10253,230,157,117,94,88
20150218 13:23,51,48,47,37,49,67,120,46,64,7,10253,231,157,117,95,88
20150218 13:24,44,40,49,37,40,45,119,47,65,10,10253,232,157,117,95,88
20150218 13:25,45,31,51,37,51,56,120,48,67,13,10253,235,158,118,95,88
20150218 13:26,50,34,52,37,50,46,121,47,66,11,10252,235,158,118,95,88
20150218 13:27,53,36,54,39,57,52,121,47,66,11,10252,236,158,118,95,88
20150218 13:28,58,40,53,41,58,59,121,47,66,11,10253,235,158,118,95,88
20150218 13:29,61,42,53,40,63,57,121,47,66,11,10253,234,158,118,95,88
20150218 13:30,59,45,53,40,54,61,121,46,65,8,10253,232,158,119,96,88
20150218 13:31,37,43,50,40,18,58,120,46,64,7,10253,229,158,119,96,89
20150218 13:32,21,41,47,40,25,55,120,46,64,7,10253,234,159,119,96,89
20150218 13:33,23,39,44,38,22,45,120,45,63,4,10253,236,159,119,96,89
20150218 13:34,33,32,44,38,45,44,120,46,64,7,10253,238,159,119,96,89
20150218 13:35,50,28,45,38,54,37,120,47,66,10,10253,238,159,120,97,89
20150218 13:36,44,34,43,38,33,63,120,47,66,10,10253,236,159,120,97,89
20150218 13:37,36,37,41,38,39,43,121,48,68,14,10253,237,159,120,97,89
20150218 13:38,44,28,40,36,49,33,122,48,68,15,10253,239,159,120,97,89
20150218 13:39,45,31,38,36,42,62,122,47,67,12,10253,239,159,120,97,89
20150218 13:40,39,38,36,35,36,48,122,46,65,9,10253,237,159,121,97,89
20150218 13:41,43,35,40,34,51,62,122,47,67,12,10253,236,160,121,97,89
20150218 13:42,55,35,43,34,59,45,122,46,65,9,10253,231,160,121,97,89
20150218 13:43,63,32,47,33,66,44,121,46,65,8,10253,230,160,121,98,89
20150218 13:44,60,26,48,32,54,34,121,47,66,11,10252,231,160,121,98,89
20150218 13:45,52,17,48,31,50,16,120,47,66,10,10252,233,160,122,98,90
20150218 13:46,51,14,50,28,51,25,121,48,68,14,10252,238,160,122,98,90
20150218 13:47,49,18,50,27,47,24,121,50,71,20,10252,241,160,122,98,90
20150218 13:48,42,22,49,27,37,62,122,49,70,18,10252,242,160,122,98,90
20150218 13:49,44,31,50,27,50,46,122,48,68,15,10253,242,160,122,99,90
20150218 13:50,50,33,51,26,49,46,122,48,68,15,10253,237,161,122,99,90
20150218 13:51,48,26,51,25,47,30,121,47,66,11,10253,233,161,123,99,90
20150218 13:52,47,23,50,24,48,32,121,48,68,14,10253,233,161,123,99,90
20150218 13:53,56,25,50,23,65,35,121,49,69,17,10253,234,161,123,99,90
20150218 13:54,54,31,49,25,44,58,122,50,71,21,10253,233,161,123,99,90
20150218 13:55,33,34,46,27,22,43,122,49,70,18,10253,232,161,123,99,90
20150218 13:56,14,30,42,28,7,37,123,49,70,19,10253,236,161,123,99,90
20150218 13:57,10,32,38,30,12,44,123,48,69,16,10253,239,162,124,100,91
20150218 13:58,14,39,36,31,15,60,123,47,67,13,10253,238,162,124,100,91
20150218 13:59,30,40,35,31,45,58,123,47,67,13,10253,235,162,124,100,91
20150218 14:00,53,35,37,32,60,55,122,48,68,15,10253,233,162,124,100,91
20150218 14:01,54,33,37,33,49,48,122,48,68,15,10253,232,162,124,100,91
20150218 14:02,47,32,36,33,45,44,121,48,68,14,10253,232,162,124,100,91
20150218 14:03,48,37,35,35,51,56,121,49,69,17,10253,230,162,125,101,91
20150218 14:04,62,41,38,35,73,51,120,49,69,16,10253,228,162,125,101,91
20150218 14:05,76,34,44,35,79,36,121,50,71,20,10253,224,162,125,101,91
20150218 14:06,78,27,51,35,76,32,121,50,71,20,10253,223,162,125,101,91
20150218 14:07,64,25,55,34,52,40,120,49,69,16,10253,223,163,125,101,91
20150218 14:08,60,26,60,32,67,37,121,50,71,20,10253,226,163,125,101,91
20150218 14:09,50,30,58,32,32,46,122,50,71,21,10254,228,163,126,101,92
20150218 14:10,32,40,56,33,31,56,123,49,70,19,10254,230,163,126,101,92
20150218 14:11,37,43,55,34,43,53,122,48,68,15,10254,228,163,126,102,92
20150218 14:12,35,38,53,34,27,61,122,49,70,18,10254,227,163,126,102,92
20150218 14:13,13,42,48,35,359,63,122,48,68,15,10255,226,163,126,102,92
20150218 14:14,357,43,40,35,355,53,121,47,66,11,10255,226,163,126,102,92
20150218 14:15,5,37,34,35,17,43,121,47,66,11,10255,227,163,127,102,92
20150218 14:16,25,32,30,36,33,41,121,48,68,14,10254,228,163,127,102,92
20150218 14:17,36,38,28,38,39,65,121,47,66,11,10254,227,163,127,102,92
20150218 14:18,46,48,27,40,54,66,121,47,66,11,10254,224,163,127,103,92
20150218 14:19,53,48,29,41,52,60,119,46,64,7,10253,218,163,127,103,92
20150218 14:20,53,44,32,41,54,53,118,46,64,6,10253,215,163,127,103,92
20150218 14:21,49,36,32,40,44,45,118,47,65,9,10253,215,163,127,103,93
20150218 14:22,41,25,33,38,38,28,119,48,67,12,10253,218,163,128,103,93
20150218 14:23,33,26,36,37,29,50,120,48,67,13,10254,224,163,128,103,93
20150218 14:24,33,44,40,38,37,69,120,47,66,10,10254,221,163,128,103,93
20150218 14:25,31,51,40,40,25,66,120,46,64,7,10254,217,163,128,104,93
20150218 14:26,29,43,41,41,34,46,119,46,64,7,10254,217,163,128,104,93
20150218 14:27,26,38,39,40,18,63,119,46,64,7,10254,218,163,128,104,93
20150218 14:28,20,41,35,39,21,56,119,46,64,7,10254,219,163,128,104,93
20150218 14:29,21,42,32,39,20,54,119,46,64,7,10254,219,163,129,104,93
20150218 14:30,20,38,29,38,21,47,119,46,64,7,10254,220,163,129,104,93
20150218 14:31,29,28,28,37,37,41,118,46,64,6,10254,222,163,129,104,93
20150218 14:32,35,28,27,39,33,46,118,46,64,6,10254,222,163,129,104,93
20150218 14:33,41,33,29,39,49,45,118,45,62,3,10254,222,163,129,105,94
20150218 14:34,46,38,30,37,43,67,119,47,65,10,10254,221,163,129,105,94
20150218 14:35,40,48,31,38,37,70,118,46,64,6,10254,218,163,129,105,94
20150218 14:36,29,48,30,38,21,56,118,46,64,6,10254,215,163,129,105,94
20150218 14:37,20,45,30,39,20,55,118,46,64,6,10254,215,162,130,105,94
20150218 14:38,29,48,32,40,38,68,118,45,62,3,10254,214,162,130,105,94
20150218 14:39,39,44,34,39,41,68,118,46,64,6,10254,213,162,130,105,94
20150218 14:40,39,40,36,40,38,66,118,46,64,6,10254,212,162,130,106,94
20150218 14:41,33,40,35,42,29,57,119,46,64,7,10254,211,162,130,106,94
20150218 14:42,33,40,35,43,37,56,118,45,62,3,10255,210,162,130,106,94
20150218 14:43,42,42,35,44,47,55,118,45,62,3,10255,208,162,130,106,94
20150218 14:44,52,37,36,43,57,44,118,46,64,6,10254,206,162,130,106,94
20150218 14:45,58,28,39,40,59,40,118,46,64,6,10255,208,162,130,106,94
20150218 14:46,61,25,43,38,64,42,118,47,65,9,10255,212,162,130,106,95
20150218 14:47,57,28,46,37,50,43,119,47,65,10,10255,211,162,131,106,95
20150218 14:48,45,29,46,34,40,39,119,47,65,10,10255,211,162,131,107,95
20150218 14:49,15,30,42,34,352,42,119,47,65,10,10255,213,162,131,107,95
20150218 14:50,4,28,40,32,16,35,119,47,65,10,10255,215,162,131,107,95
20150218 14:51,15,21,38,30,14,23,119,46,64,7,10255,217,162,131,107,95
20150218 14:52,28,17,39,27,42,27,120,46,64,7,10255,218,162,131,107,95
20150218 14:53,30,28,35,27,18,57,121,47,66,11,10255,219,161,131,107,95
20150218 14:54,17,36,31,27,16,50,121,47,66,11,10255,218,161,131,107,95
20150218 14:55,25,38,29,29,35,61,121,45,63,5,10256,216,161,131,107,95
20150218 14:56,28,39,24,30,21,47,119,45,63,4,10255,213,161,131,107,95
20150218 14:57,34,32,24,30,48,37,119,46,64,7,10255,212,161,131,108,95
20150218 14:58,40,34,23,31,32,58,118,46,64,6,10256,209,161,132,108,96
20150218 14:59,35,37,28,31,39,45,118,46,64,6,10256,207,161,132,108,96
20150218 15:00,38,36,30,33,38,54,118,47,65,9,10256,208,161,132,108,96
20150218 15:01,41,40,33,35,44,51,118,47,65,9,10257,206,161,132,108,96
20150218 15:02,41,40,33,37,38,51,117,46,63,5,10257,203,161,132,108,96
20150218 15:03,42,42,36,38,46,63,117,47,65,8,10257,205,161,132,108,96
20150218 15:04,45,44,38,39,43,58,117,46,63,5,10257,202,161,132,108,96
20150218 15:05,44,46,39,40,45,64,116,47,64,7,10257,201,161,132,109,96
20150218 15:06,48,48,42,41,50,65,116,46,63,4,10256,199,161,132,109,96
20150218 15:07,46,49,42,43,42,63,116,47,64,7,10256,196,161,132,109,96
20150218 15:08,41,45,42,43,39,55,115,47,64,6,10256,195,161,132,109,96
20150218 15:09,39,34,42,42,39,35,116,48,66,10,10257,196,161,132,109,97
20150218 15:10,45,30,44,42,51,48,116,49,67,13,10257,198,160,132,109,97
20150218 15:11,47,34,44,41,44,53,116,47,64,7,10257,197,160,133,109,97
20150218 15:12,48,32,45,40,52,44,116,47,64,7,10257,196,160,133,109,97
20150218 15:13,51,34,45,40,50,55,116,47,64,7,10258,196,160,133,109,97
20150218 15:14,55,38,47,39,60,57,115,46,62,3,10258,195,160,133,110,97
20150218 15:15,63,37,49,38,66,59,115,47,64,6,10258,194,160,133,110,97
20150218 15:16,67,47,51,39,68,76,115,48,65,9,10257,192,160,133,110,97
20150218 15:17,63,57,53,39,59,89,115,47,64,6,10257,187,159,133,110,97
20150218 15:18,49,50,53,39,38,65,115,47,64,6,10258,184,159,133,110,97
20150218 15:19,22,44,50,41,7,62,115,47,64,6,10258,185,159,133,110,97
20150218 15:20,20,44,48,42,34,52,115,46,62,3,10258,187,159,133,110,97
20150218 15:21,35,41,47,43,36,53,115,47,64,6,10258,189,159,133,110,97
20150218 15:22,38,41,46,44,41,59,116,47,64,7,10258,191,159,133,110,98
20150218 15:23,39,39,45,43,37,51,116,46,63,4,10258,191,158,133,110,98
20150218 15:24,27,35,40,43,17,44,115,46,62,3,10258,190,158,133,111,98
20150218 15:25,12,35,34,43,8,46,116,47,64,7,10258,191,158,133,111,98
20150218 15:26,15,41,30,42,22,62,116,46,63,4,10259,190,158,133,111,98
20150218 15:27,16,40,25,40,9,43,116,45,61,1,10259,190,158,133,111,98
20150218 15:28,16,35,23,39,22,46,116,46,63,4,10259,191,158,133,111,98
20150218 15:29,27,33,26,37,32,42,116,46,63,4,10259,191,157,133,111,98
20150218 15:30,32,33,26,37,31,53,116,46,63,4,10259,191,157,133,111,98
20150218 15:31,39,34,27,36,48,51,116,45,61,1,10259,189,157,133,111,98
20150218 15:32,42,36,26,36,35,52,116,45,61,1,10259,185,157,134,111,98
20150218 15:33,32,39,25,36,30,56,115,45,61,0,10259,180,157,134,111,98
20150218 15:34,36,39,28,37,43,53,115,46,62,3,10259,177,157,134,111,99
20150218 15:35,32,33,29,36,20,36,115,46,62,3,10259,177,156,134,112,99
20150218 15:36,23,27,30,34,26,40,115,47,64,6,10259,181,156,134,112,99
20150218 15:37,30,32,32,34,34,41,116,46,63,4,10260,183,156,134,112,99
20150218 15:38,34,30,33,33,35,39,115,46,62,3,10260,179,156,134,112,99
20150218 15:39,32,29,33,33,30,48,115,46,62,3,10260,177,156,134,112,99
20150218 15:40,34,38,34,34,39,64,114,46,62,2,10260,177,156,134,112,99
20150218 15:41,33,39,32,34,27,48,114,47,63,5,10260,176,155,134,112,99
20150218 15:42,28,35,31,34,30,53,114,47,63,5,10260,175,155,134,112,99
20150218 15:43,27,36,31,34,25,46,114,47,63,5,10261,174,155,134,112,99
20150218 15:44,39,34,32,33,53,42,114,47,63,5,10261,174,155,134,112,99
20150218 15:45,51,37,35,35,49,63,114,48,65,8,10261,173,155,134,112,99
20150218 15:46,48,42,37,36,47,59,114,48,65,8,10261,171,154,134,113,99
20150218 15:47,46,44,38,37,45,74,113,47,63,4,10261,170,154,134,113,99
20150218 15:48,49,37,40,37,54,43,113,48,64,7,10261,171,154,134,113,100
20150218 15:49,50,34,42,38,46,52,113,48,64,7,10261,171,154,134,113,100
20150218 15:50,42,42,41,38,38,63,113,47,63,4,10261,168,154,134,113,100
20150218 15:51,46,42,44,39,53,56,113,47,63,4,10261,166,153,134,113,100
20150218 15:52,43,42,44,39,34,64,113,47,63,4,10261,166,153,134,113,100
20150218 15:53,29,48,44,41,25,62,112,47,62,3,10261,165,153,134,113,100
20150218 15:54,31,41,43,41,37,52,112,46,61,0,10261,165,153,134,113,100
20150218 15:55,42,36,43,41,47,53,112,48,64,6,10261,166,152,134,113,100
20150218 15:56,48,35,43,39,49,43,112,47,62,3,10261,165,152,134,113,100
20150218 15:57,49,31,43,38,49,47,112,47,62,3,10261,164,152,134,113,100
20150218 15:58,44,33,42,39,40,48,112,46,61,0,10261,163,152,134,113,100
20150218 15:59,41,33,41,38,42,47,112,47,62,3,10262,164,151,134,113,100
20150218 16:00,36,38,41,38,31,62,112,46,61,0,10262,164,151,134,114,100
20150218 16:01,26,43,38,38,21,53,112,45,60,-3,10261,162,151,134,114,101
20150218 16:02,21,40,36,38,21,54,112,45,60,-3,10261,161,151,134,114,101
20150218 16:03,27,41,37,37,34,56,111,44,58,-7,10262,160,150,134,114,101
20150218 16:04,26,39,35,37,18,45,111,45,59,-4,10262,160,150,134,114,101
20150218 16:05,23,34,33,36,28,49,111,45,59,-4,10262,160,150,134,114,101
20150218 16:06,26,33,31,37,25,53,111,45,59,-4,10262,160,150,134,114,101
20150218 16:07,26,29,29,36,27,48,111,44,58,-7,10262,159,149,134,114,101
20150218 16:08,21,30,26,36,15,48,111,44,58,-7,10263,159,149,134,114,101
20150218 16:09,14,32,23,36,13,40,111,44,58,-7,10263,159,149,133,114,101
20150218 16:10,7,35,20,35,0,58,111,44,58,-7,10263,156,149,133,114,101
20150218 16:11,5,41,19,36,9,57,111,43,57,-10,10263,153,148,133,114,101
20150218 16:12,354,38,15,35,338,52,110,43,56,-11,10263,153,148,133,114,101
20150218 16:13,345,35,11,35,352,53,110,43,56,-11,10263,154,148,133,114,101
20150218 16:14,358,32,9,34,3,50,110,43,56,-11,10263,154,148,133,115,101
20150218 16:15,19,38,10,36,34,74,110,43,56,-11,10263,154,147,133,115,102
20150218 16:16,27,44,9,36,20,53,110,43,56,-11,10263,152,147,133,115,102
20150218 16:17,16,32,8,36,11,37,110,44,58,-8,10263,154,147,133,115,102
20150218 16:18,18,26,8,35,24,36,110,44,58,-8,10264,155,147,133,115,102
20150218 16:19,35,24,12,34,45,47,110,44,58,-8,10264,155,146,133,115,102
20150218 16:20,43,30,16,34,40,53,110,44,58,-8,10264,153,146,133,115,102
20150218 16:21,40,36,19,33,39,47,110,44,58,-8,10265,152,146,133,115,102
20150218 16:22,35,44,24,35,32,62,110,43,56,-11,10265,150,146,133,115,102
20150218 16:23,33,48,28,36,34,55,110,43,56,-11,10265,150,145,133,115,102
20150218 16:24,30,39,30,37,25,47,109,43,56,-12,10265,149,145,133,115,102
20150218 16:25,28,28,30,34,31,34,109,43,56,-12,10265,149,145,133,115,102
20150218 16:26,26,26,30,33,21,39,109,43,56,-12,10265,148,145,133,115,102
20150218 16:27,16,32,30,34,11,51,109,43,56,-12,10265,143,144,133,115,102
20150218 16:28,20,38,31,35,30,65,109,42,55,-15,10265,139,144,133,115,102
20150218 16:29,29,44,29,38,28,62,108,42,54,-16,10266,135,144,133,115,102
20150218 16:30,30,39,28,37,31,46,108,42,54,-16,10266,132,144,132,115,103
20150218 16:31,30,34,27,37,29,49,108,43,56,-13,10266,131,144,132,115,103
20150218 16:32,13,31,24,35,357,34,108,44,57,-10,10266,130,143,132,115,103
20150218 16:33,4,24,21,32,10,34,108,43,56,-13,10266,130,143,132,116,103
20150218 16:34,11,22,20,31,12,35,108,44,57,-10,10266,131,143,132,116,103
20150218 16:35,10,23,18,32,8,33,108,43,56,-13,10267,133,142,132,116,103
20150218 16:36,10,24,17,31,11,40,108,42,54,-16,10267,135,142,132,116,103
20150218 16:37,7,20,16,29,4,30,108,42,54,-16,10267,136,142,132,116,103
20150218 16:38,2,24,13,28,0,51,108,43,56,-13,10267,137,141,132,116,103
20150218 16:39,13,34,13,27,25,48,108,42,54,-16,10267,136,141,132,116,103
20150218 16:40,19,35,11,27,13,47,108,43,56,-13,10267,135,141,132,116,103
20150218 16:41,12,28,9,26,10,30,108,43,56,-13,10267,133,141,132,116,103
20150218 16:42,26,27,13,26,41,37,107,43,55,-14,10267,131,140,132,116,103
20150218 16:43,36,26,15,26,31,30,107,43,55,-14,10267,129,140,131,116,103
20150218 16:44,24,24,16,27,18,32,107,43,55,-14,10267,129,140,131,116,103
20150218 16:45,19,23,17,26,20,25,107,44,57,-10,10267,129,139,131,116,103
20150218 16:46,24,22,19,26,28,47,107,45,58,-7,10267,129,139,131,116,103
20150218 16:47,36,33,23,29,43,57,106,45,57,-8,10267,127,139,131,116,104
20150218 16:48,31,43,25,30,20,60,106,44,56,-11,10267,123,139,131,116,104
20150218 16:49,30,43,26,31,40,62,106,44,56,-11,10267,121,138,131,116,104
20150218 16:50,37,42,29,32,34,59,105,45,57,-9,10267,118,138,131,116,104
20150218 16:51,27,44,29,34,20,55,105,44,56,-12,10268,117,138,131,116,104
20150218 16:52,21,39,28,34,22,46,105,44,56,-12,10268,116,137,131,116,104
20150218 16:53,23,31,27,35,25,40,104,45,57,-10,10268,115,137,131,116,104
20150218 16:54,26,33,28,36,26,46,104,45,57,-10,10268,115,137,131,116,104
20150218 16:55,25,39,28,38,25,58,104,45,57,-10,10268,114,137,130,116,104
20150218 16:56,23,44,28,40,21,58,103,45,56,-11,10268,113,136,130,116,104
20150218 16:57,22,36,26,39,23,36,103,45,56,-11,10268,111,136,130,116,104
20150218 16:58,26,35,26,39,28,58,103,45,56,-11,10268,111,136,130,116,104
20150218 16:59,32,43,26,39,37,52,102,45,56,-12,10268,110,135,130,116,104
20150218 17:00,35,35,26,37,34,41,102,46,57,-9,10268,109,135,130,116,104
20150218 17:01,31,24,27,35,28,31,102,46,57,-9,10268,108,135,130,116,104
20150218 17:02,32,17,28,33,36,22,101,46,57,-10,10268,109,134,130,116,104
20150218 17:03,36,20,29,32,37,41,101,46,57,-10,10268,109,134,130,116,104
20150218 17:04,38,30,31,32,39,42,101,47,58,-7,10268,108,134,130,116,104
20150218 17:05,40,28,32,30,41,32,101,46,57,-10,10269,108,133,130,116,104
20150218 17:06,33,29,33,29,26,55,101,47,58,-7,10269,108,133,129,117,105
20150218 17:07,28,38,34,31,30,57,100,47,58,-8,10269,107,132,129,117,105
20150218 17:08,39,34,36,29,48,38,100,47,58,-8,10269,107,132,129,117,105
20150218 17:09,47,31,36,28,46,68,100,47,58,-8,10269,107,132,129,117,105
20150218 17:10,39,36,36,29,30,55,99,47,57,-9,10269,105,132,129,117,105
20150218 17:11,28,34,36,30,26,48,99,47,57,-9,10269,105,131,129,117,105
20150218 17:12,30,28,36,32,35,41,99,48,59,-6,10269,105,131,129,117,105
20150218 17:13,29,27,34,32,24,41,99,48,59,-6,10269,105,131,129,117,105
20150218 17:14,26,28,33,31,29,40,99,48,59,-6,10269,104,130,128,117,105
20150218 17:15,29,34,32,33,30,63,98,49,59,-4,10269,104,130,128,117,105
20150218 17:16,34,42,34,34,38,57,98,49,59,-4,10269,103,130,128,117,105
20150218 17:17,41,36,35,33,44,44,97,49,59,-5,10268,102,129,128,117,105
20150218 17:18,43,32,34,33,43,51,97,50,60,-2,10269,101,129,128,117,105
20150218 17:19,50,34,36,33,58,49,97,50,60,-2,10268,101,129,128,117,105
20150218 17:20,54,36,38,33,49,46,96,50,60,-3,10269,100,128,128,117,105
20150218 17:21,49,36,40,34,48,54,96,50,60,-3,10269,99,128,128,117,105
20150218 17:22,48,31,41,34,49,40,96,50,60,-3,10269,99,128,128,117,105
20150218 17:23,51,28,44,34,54,43,95,51,61,-1,10269,98,127,127,117,105
20150218 17:24,51,28,46,34,48,43,95,51,61,-1,10269,97,127,127,117,105
20150218 17:25,52,30,49,33,55,45,95,51,61,-1,10269,96,127,127,117,105
20150218 17:26,54,29,50,31,54,37,94,51,60,-2,10269,96,127,127,117,105
20150218 17:27,47,25,50,30,40,44,94,52,61,0,10270,96,126,127,117,105
20150218 17:28,37,25,49,30,33,40,94,52,61,0,10270,95,126,127,117,106
20150218 17:29,28,31,45,30,22,44,94,52,61,0,10270,95,126,127,117,106
20150218 17:30,29,41,44,31,37,62,94,51,60,-2,10270,94,125,126,117,106
20150218 17:31,38,39,43,31,39,52,93,51,60,-3,10270,93,125,126,117,106
20150218 17:32,41,34,42,31,42,54,93,52,61,0,10270,93,125,126,117,106
20150218 17:33,37,28,40,31,32,34,93,52,61,0,10270,92,125,126,117,106
20150218 17:34,34,21,39,30,36,60,93,52,61,0,10270,92,124,126,117,106
20150218 17:35,33,29,37,30,31,59,92,52,60,-1,10270,92,124,126,117,106
20150218 17:36,30,40,34,32,30,62,92,52,60,-1,10270,91,124,126,117,106
20150218 17:37,31,47,33,35,32,58,92,52,60,-1,10271,91,123,126,117,106
20150218 17:38,33,44,33,36,33,48,92,51,59,-4,10271,90,123,125,117,106
20150218 17:39,32,31,34,35,31,34,91,51,59,-5,10271,89,123,125,117,106
20150218 17:40,29,24,33,33,27,41,91,52,60,-2,10271,90,122,125,117,106
20150218 17:41,26,29,32,33,26,54,91,52,60,-2,10271,89,122,125,117,106
20150218 17:42,29,30,31,32,31,40,91,53,61,0,10271,89,122,125,117,106
20150218 17:43,30,27,30,32,28,36,91,53,61,0,10271,88,122,125,116,106
20150218 17:44,34,25,31,33,41,32,90,53,61,-1,10271,88,121,125,116,106
20150218 17:45,36,24,31,31,31,32,90,54,62,2,10271,87,121,124,116,106
20150218 17:46,37,29,32,30,43,57,89,54,62,1,10271,86,121,124,116,106
20150218 17:47,41,39,33,30,39,62,89,53,60,-2,10271,85,120,124,116,106
20150218 17:48,42,36,34,29,45,44,89,53,60,-2,10271,84,120,124,116,106
20150218 17:49,43,32,35,30,40,54,89,54,62,1,10271,83,120,124,116,106
20150218 17:50,40,38,36,32,39,50,88,54,61,0,10271,82,120,124,116,106
20150218 17:51,43,36,39,32,48,43,88,54,61,0,10271,82,119,124,116,106
20150218 17:52,43,34,39,33,38,45,88,55,62,3,10271,81,119,123,116,106
20150218 17:53,38,30,40,32,38,33,87,55,62,2,10271,81,119,123,116,106
20150218 17:54,39,27,40,33,40,48,87,55,62,2,10271,80,118,123,116,106
20150218 17:55,35,35,40,35,31,53,87,55,62,2,10271,80,118,123,116,106
20150218 17:56,32,37,39,35,33,47,86,55,61,1,10271,79,118,123,116,106
20150218 17:57,27,32,37,33,21,42,86,55,61,1,10271,78,118,123,116,107
20150218 17:58,29,28,37,33,37,34,86,55,61,1,10271,78,117,123,116,107
20150218 17:59,30,25,35,32,23,39,85,55,61,0,10271,77,117,122,116,107
20150218 18:00,27,30,34,31,32,54,85,55,61,0,10271,77,117,122,116,107
20150218 18:01,31,41,32,33,31,62,85,54,60,-3,10271,76,116,122,116,107
20150218 18:02,30,38,32,32,30,38,84,54,59,-4,10271,75,116,122,116,107
20150218 18:03,26,34,30,33,23,54,84,54,59,-4,10271,75,116,122,116,107
20150218 18:04,26,41,29,35,29,59,84,54,59,-4,10271,74,115,122,116,107
20150218 18:05,25,41,28,35,21,47,84,54,59,-4,10271,73,115,121,116,107
20150218 18:06,23,37,27,35,26,50,83,54,59,-5,10271,73,115,121,116,107
20150218 18:07,27,36,28,35,29,48,83,54,59,-5,10271,72,114,121,116,107
20150218 18:08,30,29,28,35,31,37,83,55,60,-2,10271,72,114,121,116,107
20150218 18:09,28,26,28,36,26,37,82,55,60,-3,10271,71,114,121,116,107
20150218 18:10,25,22,27,34,24,25,82,56,61,0,10271,71,113,121,116,107
20150218 18:11,34,21,28,32,43,41,82,56,61,0,10271,71,113,121,116,107
20150218 18:12,43,31,29,32,43,59,81,56,60,-1,10272,70,113,120,116,107
20150218 18:13,38,43,30,33,33,64,81,56,60,-1,10272,70,113,120,116,107
20150218 18:14,35,42,31,32,37,49,81,56,60,-1,10272,70,112,120,116,107
20150218 18:15,35,35,32,32,33,56,81,56,60,-1,10272,69,112,120,116,107
20150218 18:16,32,38,33,32,32,58,81,56,60,-1,10272,69,112,120,116,107
20150218 18:17,31,40,33,33,31,49,80,56,60,-2,10272,69,111,120,116,107
20150218 18:18,32,31,34,33,34,30,80,56,60,-2,10273,69,111,119,116,107
20150218 18:19,33,27,34,33,33,42,80,56,60,-2,10273,69,111,119,116,107
20150218 18:20,36,34,36,35,39,54,79,57,61,-1,10273,69,110,119,115,107
20150218 18:21,39,38,35,36,40,53,79,56,60,-3,10273,69,110,119,115,107
20150218 18:22,39,38,35,36,39,58,79,56,60,-3,10273,68,110,119,115,107
20150218 18:23,34,38,35,35,29,50,79,56,60,-3,10274,68,109,119,115,107
20150218 18:24,35,33,35,35,42,54,79,56,60,-3,10273,68,109,119,115,107
20150218 18:25,36,34,35,35,31,49,78,56,59,-4,10274,68,109,118,115,107
20150218 18:26,30,39,35,35,28,54,78,56,59,-4,10274,68,108,118,115,107
20150218 18:27,25,35,34,34,22,50,78,56,59,-4,10274,67,108,118,115,107
20150218 18:28,24,30,33,35,26,39,78,57,60,-2,10273,67,108,118,115,107
20150218 18:29,23,28,32,35,19,41,77,57,60,-3,10273,67,108,118,115,107
20150218 18:30,25,30,31,34,31,46,77,56,59,-5,10274,67,107,118,115,107
20150218 18:31,28,32,29,34,26,55,77,56,59,-5,10274,66,107,117,115,107
20150218 18:32,25,34,28,33,23,51,77,56,59,-5,10274,66,107,117,115,107
20150218 18:33,26,35,28,33,28,57,77,56,59,-5,10274,66,107,117,115,107
20150218 18:34,28,42,26,35,28,62,76,56,58,-6,10274,65,106,117,115,107
20150218 18:35,30,46,26,35,33,55,76,56,58,-6,10274,65,106,117,115,107
20150218 18:36,34,42,27,36,35,59,76,56,58,-6,10274,64,106,117,115,107
20150218 18:37,29,39,27,36,23,49,76,57,59,-4,10274,64,106,116,115,107
20150218 18:38,23,38,27,37,23,57,76,57,59,-4,10274,64,105,116,115,107
20150218 18:39,26,35,28,38,29,35,76,57,59,-4,10274,64,105,116,115,107
20150218 18:40,34,25,29,36,39,32,75,57,59,-5,10274,63,105,116,115,107
20150218 18:41,38,21,30,35,36,31,75,58,60,-2,10274,63,104,116,115,107
20150218 18:42,39,22,32,34,42,37,75,58,60,-2,10274,62,104,116,114,107
20150218 18:43,47,23,34,33,53,31,74,58,60,-3,10274,62,104,115,114,107
20150218 18:44,44,23,35,30,35,33,74,59,61,-1,10274,61,104,115,114,107
20150218 18:45,35,25,35,28,34,32,74,59,61,-1,10274,61,104,115,114,107
20150218 18:46,27,27,33,27,20,39,74,59,61,-1,10274,61,103,115,114,107
20150218 18:47,25,29,34,26,31,40,74,59,61,-1,10274,60,103,115,114,107
20150218 18:48,37,24,36,24,43,28,73,59,60,-2,10274,60,103,115,114,107
20150218 18:49,37,22,36,24,31,38,73,59,60,-2,10274,59,102,115,114,107
20150218 18:50,37,25,37,24,44,42,73,60,61,1,10274,59,102,114,114,107
20150218 18:51,46,34,38,26,48,52,72,60,61,0,10274,59,102,114,114,107
20150218 18:52,45,33,38,27,42,36,72,60,61,0,10275,59,102,114,114,107
20150218 18:53,40,24,37,27,38,33,72,60,61,0,10275,58,101,114,114,107
20150218 18:54,39,30,37,28,39,49,72,60,61,0,10275,58,101,114,114,107
20150218 18:55,35,32,37,28,32,41,72,60,61,0,10275,58,101,113,114,107
20150218 18:56,34,29,38,28,37,40,72,60,61,0,10275,57,101,113,114,107
20150218 18:57,36,30,39,29,35,41,72,60,61,0,10275,57,100,113,114,107
20150218 18:58,35,26,38,29,36,31,71,60,60,-1,10275,57,100,113,114,107
20150218 18:59,41,21,40,28,46,28,71,60,60,-1,10275,56,100,113,114,107
20150218 19:00,46,24,40,29,47,38,71,61,61,1,10275,56,100,113,114,107
20150218 19:01,42,28,39,27,37,36,71,60,60,-1,10275,56,100,113,113,107
20150218 19:02,35,26,38,27,33,36,70,61,61,0,10276,55,99,112,113,107
20150218 19:03,40,23,39,27,47,32,70,61,61,0,10276,55,99,112,113,107
20150218 19:04,43,21,39,26,39,37,70,61,61,0,10276,54,99,112,113,107
20150218 19:05,47,23,41,25,56,30,69,61,61,-1,10276,54,99,112,113,107
20150218 19:06,56,24,43,24,57,30,69,61,61,-1,10276,54,98,112,113,107
20150218 19:07,47,28,43,25,37,41,69,61,61,-1,10276,54,98,112,113,107
20150218 19:08,39,29,44,25,41,41,69,61,61,-1,10276,53,98,111,113,107
20150218 19:09,44,30,44,26,47,46,68,61,60,-2,10276,53,98,111,113,107
20150218 19:10,42,32,43,27,36,40,68,61,60,-2,10277,53,97,111,113,107
20150218 19:11,35,33,43,28,34,50,68,61,60,-2,10277,53,97,111,113,107
20150218 19:12,38,30,44,27,42,35,68,60,59,-4,10277,52,97,111,113,107
20150218 19:13,44,20,43,27,46,23,68,60,59,-4,10277,52,97,111,113,107
20150218 19:14,42,23,43,28,37,40,68,60,59,-4,10277,52,96,111,113,107
20150218 19:15,44,30,43,28,50,54,67,60,59,-5,10277,52,96,110,113,107
20150218 19:16,46,31,41,29,43,46,67,60,59,-5,10277,52,96,110,112,107
20150218 19:17,44,32,42,29,46,51,67,60,59,-5,10277,52,96,110,112,107
20150218 19:18,41,27,42,29,37,36,67,60,59,-5,10277,52,95,110,112,107
20150218 19:19,38,19,41,27,39,25,67,60,59,-5,10277,52,95,110,112,107
20150218 19:20,41,19,42,26,42,32,67,60,59,-5,10277,52,95,110,112,107
20150218 19:21,45,23,43,25,48,44,66,61,59,-4,10277,51,95,109,112,107
20150218 19:22,45,29,43,26,42,43,66,61,59,-4,10277,52,94,109,112,107
20150218 19:23,37,28,42,26,33,32,66,61,59,-4,10278,52,94,109,112,107
20150218 19:24,30,26,41,26,27,35,66,61,59,-4,10278,52,94,109,112,107
20150218 19:25,33,27,40,26,40,36,66,61,59,-4,10278,52,94,109,112,107
20150218 19:26,40,26,39,25,40,35,66,61,59,-4,10278,52,94,109,112,107
20150218 19:27,41,31,39,25,42,58,66,61,59,-4,10278,52,93,108,112,107
20150218 19:28,36,35,38,27,30,47,66,61,59,-4,10279,52,93,108,112,107
20150218 19:29,37,29,39,27,45,40,65,61,59,-5,10278,52,93,108,112,107
20150218 19:30,35,29,37,29,26,44,65,62,60,-2,10279,52,93,108,112,107
20150218 19:31,28,33,35,29,29,46,65,62,60,-2,10279,52,92,108,112,107
20150218 19:32,35,32,35,30,40,49,65,61,59,-5,10279,52,92,108,111,107
20150218 19:33,45,29,37,30,50,35,65,61,59,-5,10279,52,92,107,111,107
20150218 19:34,46,26,38,30,42,51,65,62,60,-2,10279,52,92,107,111,107
20150218 19:35,45,26,39,30,48,43,65,62,60,-2,10279,52,92,107,111,107
20150218 19:36,45,29,40,30,43,52,65,62,60,-2,10280,53,92,107,111,107
20150218 19:37,34,34,38,30,25,53,65,62,60,-2,10280,53,91,107,111,107
20150218 19:38,24,37,37,31,22,55,65,62,60,-2,10280,53,91,107,111,107
20150218 19:39,26,36,35,32,29,46,65,62,60,-2,10280,54,91,107,111,107
20150218 19:40,36,28,37,31,44,28,65,63,61,0,10280,54,91,106,111,107
20150218 19:41,48,24,40,30,52,33,64,63,61,-1,10280,54,91,106,111,107
20150218 19:42,48,24,40,29,44,29,64,63,61,-1,10280,54,90,106,111,107
20150218 19:43,45,26,40,29,46,44,64,63,61,-1,10280,53,90,106,111,107
20150218 19:44,39,30,39,30,33,47,64,63,61,-1,10280,53,90,106,111,107
20150218 19:45,33,39,37,32,32,59,64,63,61,-1,10280,53,90,106,111,107
20150218 19:46,35,40,36,32,38,50,64,63,61,-1,10280,53,90,105,110,107
20150218 19:47,36,32,37,32,34,57,64,63,61,-1,10280,52,90,105,110,107
20150218 19:48,30,38,38,32,26,57,64,63,61,-1,10280,52,89,105,110,107
20150218 19:49,28,38,38,32,29,45,64,64,61,1,10280,51,89,105,110,107
20150218 19:50,31,31,37,33,32,41,64,64,61,1,10280,51,89,105,110,107
20150218 19:51,34,36,35,34,36,57,63,64,61,0,10280,51,89,105,110,107
20150218 19:52,40,32,35,34,45,36,63,64,61,0,10280,50,89,105,110,107
20150218 19:53,34,28,33,34,23,45,63,64,61,0,10281,50,89,105,110,107
20150218 19:54,29,31,33,34,34,34,63,64,61,0,10281,50,89,104,110,107
20150218 19:55,36,30,33,33,38,43,63,64,61,0,10281,49,88,104,110,107
20150218 19:56,39,27,34,32,41,33,63,65,62,2,10280,49,88,104,110,107
20150218 19:57,39,28,34,32,37,46,63,65,62,2,10281,49,88,104,110,107
20150218 19:58,41,25,36,29,44,22,63,65,62,2,10281,48,88,104,110,107
20150218 19:59,42,15,37,27,39,22,62,65,62,1,10281,48,88,104,110,107
20150218 20:00,40,17,38,26,41,30,62,66,63,3,10280,47,88,104,109,107
