time_now,wd_avg_2mins,ws_avg_2mins,wd_avg_10mins,ws_avg_10mins,wd_maxsp_this_min,ws_maxsp_this_min,air_temp_by_box,relative_humidity,water_vapor_pressure,dew_temp,station_pressure,ground_temp_pt,ground_tem_5cm,ground_tem_10cm,ground_tem_15cm,ground_tem_20cm
20160129 20:01,313,20,312,16,302,27,75,99,103,74,10208,74,72,70,68,65
20160129 20:02,305,19,313,16,308,27,75,99,103,74,10208,74,72,70,68,65
20160129 20:03,304,18,313,16,300,23,75,99,103,74,10208,74,72,70,68,65
20160129 20:04,301,18,312,17,301,23,75,99,103,74,10208,74,72,70,68,65
20160129 20:05,302,18,311,17,303,24,75,99,103,74,10208,74,72,70,68,65
20160129 20:06,300,16,309,17,297,18,75,99,103,74,10208,74,72,70,68,65
20160129 20:07,297,14,306,17,298,20,75,99,103,74,10208,74,72,70,68,65
20160129 20:08,301,12,305,17,305,15,75,99,103,74,10207,74,72,70,68,65
20160129 20:09,303,12,304,16,300,17,75,99,103,74,10207,74,72,70,68,65
20160129 20:10,295,13,301,16,291,20,75,99,103,74,10208,74,72,70,68,65
20160129 20:11,292,14,300,15,293,20,75,99,103,74,10208,74,72,70,68,65
20160129 20:12,290,13,297,14,286,17,75,99,103,74,10208,74,72,70,68,65
20160129 20:13,280,10,295,14,274,13,75,99,103,74,10207,74,72,70,68,65
20160129 20:14,269,9,291,13,264,17,75,99,103,74,10208,74,72,70,68,65
20160129 20:15,270,11,289,12,277,16,75,99,103,74,10208,74,72,70,68,65
20160129 20:16,272,11,286,12,268,12,75,99,103,74,10208,74,72,70,68,65
20160129 20:17,269,10,283,12,271,15,75,99,103,74,10208,74,72,70,68,65
20160129 20:18,267,9,279,11,263,10,75,99,103,74,10207,74,72,70,68,65
20160129 20:19,264,7,275,11,266,7,75,99,103,74,10206,74,72,70,68,65
20160129 20:20,271,6,274,10,276,9,75,99,103,74,10206,74,72,70,68,65
20160129 20:21,278,7,272,9,280,9,75,99,103,74,10207,74,72,70,68,65
20160129 20:22,287,8,273,9,294,13,75,99,103,74,10207,74,72,69,68,65
20160129 20:23,295,9,276,9,297,10,75,99,103,74,10207,74,72,70,68,65
20160129 20:24,297,10,279,9,296,12,75,99,103,74,10206,74,72,69,68,65
20160129 20:25,299,11,281,9,301,13,75,99,103,74,10206,74,72,69,68,65
20160129 20:26,304,12,285,9,308,15,75,99,103,74,10206,74,72,69,68,65
20160129 20:27,308,14,289,10,307,18,75,99,103,74,10206,74,72,69,68,65
20160129 20:28,306,15,293,10,305,16,75,99,103,74,10207,74,72,69,68,65
20160129 20:29,306,16,297,12,307,22,75,99,103,74,10207,74,72,69,68,65
20160129 20:30,305,18,300,13,303,20,75,99,103,74,10207,74,72,69,68,65
20160129 20:31,302,14,302,13,300,17,75,99,103,74,10207,74,72,69,68,65
20160129 20:32,295,14,301,14,290,20,75,99,103,74,10207,74,72,69,68,65
20160129 20:33,293,15,301,14,296,16,75,99,103,74,10208,74,72,69,68,65
20160129 20:34,294,12,301,14,292,13,75,99,103,74,10208,74,72,69,68,65
20160129 20:35,295,11,301,14,299,17,75,99,103,74,10208,74,72,69,68,65
20160129 20:36,298,13,300,15,296,18,75,99,103,74,10208,74,72,69,68,65
20160129 20:37,296,15,298,15,295,21,75,99,103,74,10209,74,72,69,68,65
20160129 20:38,297,15,298,15,298,20,75,99,103,74,10208,74,72,69,68,65
20160129 20:39,301,13,297,14,305,14,75,99,103,74,10208,74,72,69,68,65
20160129 20:40,307,9,298,13,309,9,75,99,103,74,10207,74,72,69,68,65
20160129 20:41,306,6,298,12,303,11,75,99,103,74,10207,74,72,69,68,65
20160129 20:42,297,8,298,12,292,16,75,99,103,74,10207,74,72,69,68,65
20160129 20:43,288,11,297,11,284,17,75,99,103,74,10207,74,72,69,68,65
20160129 20:44,285,12,297,12,287,15,75,99,103,74,10208,74,72,69,68,65
20160129 20:45,285,13,295,12,283,17,75,99,103,74,10208,74,72,69,68,65
20160129 20:46,286,14,295,12,290,23,75,99,103,74,10209,74,72,69,68,65
20160129 20:47,289,17,294,12,289,27,75,99,103,74,10209,74,72,69,68,65
20160129 20:48,286,19,293,13,284,26,75,99,103,74,10209,74,72,69,68,65
20160129 20:49,290,19,292,14,297,26,75,99,103,74,10210,74,72,69,68,65
20160129 20:50,300,17,291,14,303,19,75,99,103,74,10210,74,72,69,68,65
20160129 20:51,306,14,292,15,308,21,75,99,103,74,10210,74,72,69,68,65
20160129 20:52,308,16,293,16,308,23,75,99,103,74,10210,74,72,69,68,65
20160129 20:53,308,18,296,16,308,20,76,99,103,75,10209,74,72,69,68,65
20160129 20:54,309,17,298,17,310,20,76,99,103,75,10209,74,72,69,68,65
20160129 20:55,311,17,301,17,313,22,76,99,103,75,10209,74,72,69,68,65
20160129 20:56,316,18,304,17,318,24,76,99,103,75,10209,74,72,69,68,65
20160129 20:57,314,18,306,17,311,21,76,99,103,75,10209,74,72,69,68,65
20160129 20:58,309,16,308,17,306,19,76,99,103,75,10209,74,72,69,68,65
20160129 20:59,314,15,311,16,322,20,76,99,103,75,10209,74,72,69,68,65
20160129 21:00,318,15,312,16,314,19,76,99,103,75,10209,74,72,69,68,65
20160129 21:01,315,15,313,16,317,25,76,99,103,75,10210,74,72,69,68,65
20160129 21:02,311,15,312,16,305,25,76,99,103,75,10210,74,72,69,68,65
20160129 21:03,307,18,313,16,310,23,76,99,103,75,10211,74,72,69,68,65
20160129 21:04,309,17,312,16,309,18,76,99,103,75,10211,74,72,69,68,65
20160129 21:05,305,15,311,16,302,22,76,99,103,75,10211,74,72,69,68,65
20160129 21:06,302,17,310,16,302,20,76,99,103,75,10211,74,72,69,68,65
20160129 21:07,305,17,309,16,308,22,76,99,103,75,10211,74,72,69,68,65
20160129 21:08,305,14,309,15,302,16,76,99,103,75,10211,74,72,69,68,66
20160129 21:09,299,13,306,16,296,24,76,99,103,75,10211,74,72,69,68,65
20160129 21:10,300,17,305,16,304,26,76,99,103,75,10211,74,72,69,68,65
20160129 21:11,302,16,304,16,299,19,76,99,103,75,10211,74,72,69,68,66
20160129 21:12,306,13,304,16,313,15,76,99,103,75,10211,74,72,69,68,66
20160129 21:13,308,13,304,15,303,17,76,99,103,75,10211,74,72,69,68,66
20160129 21:14,302,11,303,15,301,14,76,99,103,75,10211,74,72,69,68,66
20160129 21:15,298,10,302,14,294,17,76,99,103,75,10211,74,72,69,68,66
20160129 21:16,300,12,303,14,306,16,76,99,103,75,10211,74,72,69,68,66
20160129 21:17,302,14,302,13,298,18,76,99,103,75,10211,74,72,69,68,66
20160129 21:18,296,14,301,14,293,15,76,99,103,75,10211,74,72,69,68,66
20160129 21:19,292,13,300,13,290,17,76,99,103,75,10211,74,72,69,68,66
20160129 21:20,297,12,300,13,304,16,76,99,103,75,10211,74,72,69,68,66
20160129 21:21,297,11,299,12,289,13,76,99,103,75,10212,74,72,69,68,66
20160129 21:22,291,10,297,12,294,14,76,99,103,75,10212,74,72,69,68,66
20160129 21:23,291,11,296,12,288,17,76,99,103,75,10212,74,72,69,68,66
20160129 21:24,292,12,295,12,296,17,76,99,103,75,10212,74,72,69,68,66
20160129 21:25,291,12,294,12,286,15,76,99,103,75,10211,74,72,69,68,66
20160129 21:26,293,11,294,12,300,13,76,99,103,75,10211,74,72,69,68,66
20160129 21:27,298,10,293,11,295,14,76,99,103,75,10211,74,72,69,68,66
20160129 21:28,311,10,297,11,328,13,76,99,103,75,10211,74,72,69,68,66
20160129 21:29,316,8,298,10,304,13,76,99,103,75,10211,74,72,69,68,66
20160129 21:30,308,8,299,10,312,13,76,99,103,75,10211,74,72,69,68,66
20160129 21:31,314,10,302,10,316,14,76,99,103,75,10211,74,72,69,68,66
20160129 21:32,314,11,304,10,313,11,76,99,103,75,10212,74,72,69,68,66
20160129 21:33,311,9,306,10,308,16,76,99,103,75,10212,74,72,69,68,66
20160129 21:34,315,10,308,10,322,14,76,99,103,75,10211,74,72,69,68,66
20160129 21:35,314,10,310,9,307,13,76,99,103,75,10211,74,72,69,68,66
20160129 21:36,305,10,311,10,302,13,76,99,103,75,10212,74,72,69,68,66
20160129 21:37,304,9,312,9,307,12,76,99,103,75,10212,74,72,69,68,66
20160129 21:38,306,8,310,9,305,10,76,99,103,75,10212,74,72,69,68,66
20160129 21:39,303,7,309,9,302,9,76,99,103,75,10212,74,71,69,68,66
20160129 21:40,306,7,309,9,311,10,76,99,103,75,10212,74,71,69,68,66
20160129 21:41,312,7,309,8,314,8,76,99,103,75,10212,74,71,69,68,66
20160129 21:42,306,6,308,8,298,11,76,99,103,75,10212,74,71,69,68,66
20160129 21:43,294,8,306,8,291,11,76,99,103,75,10213,74,71,69,68,66
20160129 21:44,290,9,303,8,289,15,76,99,103,75,10213,74,71,69,68,66
20160129 21:45,287,11,300,8,284,14,76,99,103,75,10214,74,71,69,68,66
20160129 21:46,282,11,298,8,280,11,76,99,103,75,10213,74,71,69,68,66
20160129 21:47,273,9,294,8,266,12,76,99,103,75,10213,74,71,69,68,66
20160129 21:48,264,9,290,9,262,12,76,99,103,75,10213,74,71,69,68,66
20160129 21:49,251,6,284,8,239,6,76,99,103,75,10213,74,71,69,68,66
20160129 21:50,231,3,275,8,223,4,76,99,103,75,10212,74,71,69,68,66
20160129 21:51,221,3,266,8,220,5,76,99,103,75,10212,74,71,69,68,66
20160129 21:52,215,4,257,7,210,6,76,99,103,75,10212,74,71,69,68,66
20160129 21:53,214,5,249,7,218,7,76,99,103,75,10212,74,71,69,68,66
20160129 21:54,217,6,241,7,215,8,75,99,103,74,10212,74,71,69,68,66
20160129 21:55,222,6,236,6,229,8,75,99,103,74,10212,74,71,69,68,66
20160129 21:56,236,7,232,6,243,10,75,99,103,74,10212,74,71,69,68,66
20160129 21:57,254,8,232,6,265,10,75,99,103,74,10213,74,71,69,68,66
20160129 21:58,270,9,233,6,275,11,75,99,103,74,10213,74,71,69,68,66
20160129 21:59,275,11,237,7,275,14,75,99,103,74,10214,74,71,69,68,66
20160129 22:00,278,12,243,8,281,14,75,99,103,74,10214,73,71,69,68,66
20160129 22:01,284,13,250,9,287,15,75,99,103,74,10215,73,71,69,68,66
20160129 22:02,287,15,258,10,288,19,75,99,103,74,10216,73,71,69,68,66
20160129 22:03,286,15,265,11,283,18,75,99,103,74,10216,73,71,69,68,66
20160129 22:04,283,16,271,12,283,23,75,99,103,74,10216,73,71,69,68,66
20160129 22:05,284,18,277,13,285,23,75,99,103,74,10216,73,71,69,68,66
20160129 22:06,281,17,280,14,277,20,75,99,103,74,10216,73,71,69,68,66
20160129 22:07,274,17,281,15,272,23,75,99,103,74,10216,73,71,69,68,66
20160129 22:08,267,18,279,16,262,22,75,99,103,74,10216,73,71,69,68,66
20160129 22:09,264,16,279,16,267,19,75,99,103,74,10216,73,71,69,68,66
20160129 22:10,268,11,277,15,268,16,75,99,103,74,10216,73,71,69,68,66
20160129 22:11,259,9,273,15,248,14,75,99,103,74,10216,73,71,69,68,66
20160129 22:12,243,8,268,14,238,11,75,99,103,74,10215,73,71,69,68,66
20160129 22:13,230,7,262,13,221,9,75,99,103,74,10215,73,71,69,68,66
20160129 22:14,227,7,257,12,233,11,75,99,103,74,10215,73,71,69,68,66
20160129 22:15,232,7,252,11,230,9,75,99,103,74,10215,73,71,69,68,66
20160129 22:16,229,8,247,10,228,11,75,99,103,74,10215,73,71,69,68,66
20160129 22:17,225,8,242,9,223,9,75,99,103,74,10215,73,71,69,68,66
20160129 22:18,225,7,238,8,227,7,75,99,103,74,10214,73,71,69,68,66
20160129 22:19,225,6,234,7,223,8,75,99,103,74,10213,73,71,69,68,66
20160129 22:20,224,7,229,7,224,11,75,99,103,74,10213,73,71,69,68,66
20160129 22:21,228,8,228,7,232,10,75,99,103,74,10213,73,71,69,68,66
20160129 22:22,239,7,229,7,246,8,74,99,102,73,10213,73,71,69,68,66
20160129 22:23,247,5,231,7,248,7,74,99,102,73,10213,73,71,69,68,66
20160129 22:24,253,5,234,6,257,7,74,99,102,73,10212,73,71,69,68,66
20160129 22:25,273,5,239,6,289,6,74,99,102,73,10212,73,71,69,68,66
20160129 22:26,292,5,246,6,295,6,74,99,102,73,10212,73,71,69,68,66
20160129 22:27,293,5,253,6,292,8,74,99,102,73,10211,73,71,69,68,66
20160129 22:28,299,6,261,6,307,8,74,99,102,73,10212,73,71,69,68,66
20160129 22:29,303,7,269,6,299,12,74,99,102,73,10212,73,71,69,68,66
20160129 22:30,295,10,276,7,291,13,74,99,102,73,10213,73,71,69,68,66
20160129 22:31,292,13,282,7,292,18,74,99,102,73,10213,73,71,69,68,66
20160129 22:32,291,15,286,8,290,21,74,99,102,73,10213,73,71,69,68,66
20160129 22:33,288,16,290,9,287,19,74,99,102,73,10213,73,71,69,68,66
20160129 22:34,287,14,293,10,287,17,74,99,102,73,10213,73,71,69,68,66
20160129 22:35,280,13,291,11,274,17,74,99,102,73,10214,73,71,69,68,66
20160129 22:36,273,14,289,12,272,18,74,99,102,73,10213,73,71,69,68,66
20160129 22:37,268,14,286,13,264,15,74,99,102,73,10213,73,71,69,68,66
20160129 22:38,263,14,282,14,262,17,74,99,102,73,10213,73,71,69,68,66
20160129 22:39,261,13,278,14,260,15,74,99,102,73,10213,73,71,69,68,66
20160129 22:40,264,12,276,14,269,16,74,99,102,73,10213,73,71,69,68,66
20160129 22:41,268,13,273,14,267,15,74,99,102,73,10213,72,71,69,68,66
20160129 22:42,278,11,273,13,290,11,74,99,102,73,10213,72,71,69,68,66
20160129 22:43,285,9,273,12,281,11,74,99,102,73,10212,72,71,69,68,66
20160129 22:44,282,10,272,12,282,14,74,99,102,73,10212,72,71,69,68,66
20160129 22:45,286,11,274,12,291,17,74,99,102,73,10212,72,71,69,68,66
20160129 22:46,292,10,276,11,292,10,74,99,102,73,10212,72,71,69,68,66
20160129 22:47,291,10,278,11,290,16,74,99,102,73,10211,72,71,69,68,66
20160129 22:48,283,11,280,11,276,16,74,99,102,73,10211,72,71,69,68,66
20160129 22:49,280,10,282,11,285,13,74,99,102,73,10211,72,71,69,68,66
20160129 22:50,280,9,283,10,275,11,73,99,101,72,10211,72,71,69,68,66
20160129 22:51,273,9,283,10,272,12,73,99,101,72,10211,72,71,69,68,66
20160129 22:52,275,8,282,10,278,9,73,99,101,72,10210,72,71,69,68,66
20160129 22:53,283,8,283,10,287,12,73,99,101,72,10210,72,71,69,68,66
20160129 22:54,285,9,283,9,283,12,73,99,101,72,10210,72,71,69,68,66
20160129 22:55,291,10,284,9,299,14,73,99,101,72,10210,72,71,69,68,66
20160129 22:56,293,11,283,10,288,13,73,99,101,72,10209,72,71,69,68,66
20160129 22:57,292,10,284,9,296,10,73,99,101,72,10209,72,71,69,68,66
20160129 22:58,294,8,286,9,292,11,73,99,101,72,10209,72,71,69,68,66
20160129 22:59,295,7,287,9,297,7,73,99,101,72,10208,72,71,69,68,66
20160129 23:00,299,6,289,8,302,7,73,99,101,72,10208,72,71,69,68,66
20160129 23:01,298,6,292,8,294,9,73,99,101,72,10208,72,71,69,68,66
20160129 23:02,285,5,291,8,276,5,73,99,101,72,10207,72,71,69,68,66
20160129 23:03,285,4,292,7,293,6,73,99,101,72,10207,72,71,69,68,66
20160129 23:04,294,6,293,7,295,12,73,99,101,72,10207,72,71,69,68,66
20160129 23:05,300,10,294,7,304,14,73,99,101,72,10207,72,71,69,68,66
20160129 23:06,306,11,296,7,308,13,73,99,101,72,10206,72,71,69,68,66
20160129 23:07,305,12,296,8,302,18,73,99,101,72,10206,72,71,69,68,66
20160129 23:08,304,15,298,9,307,22,73,99,101,72,10206,72,71,69,68,66
20160129 23:09,305,17,299,10,304,22,73,99,101,72,10206,72,71,69,68,66
20160129 23:10,302,19,298,11,299,23,73,99,101,72,10206,72,71,69,68,66
20160129 23:11,299,19,299,13,299,21,73,99,101,72,10207,72,71,69,68,66
20160129 23:12,288,16,299,14,277,15,73,99,101,72,10207,72,71,69,68,66
20160129 23:13,278,14,297,15,279,18,73,99,101,72,10207,72,71,69,68,66
20160129 23:14,282,16,296,15,285,22,73,99,101,72,10207,72,71,69,68,66
20160129 23:15,287,17,295,16,289,19,73,99,101,72,10207,72,71,69,68,66
20160129 23:16,287,15,293,16,285,19,73,99,101,72,10206,72,71,69,68,66
20160129 23:17,292,12,292,16,300,20,73,99,101,72,10207,72,71,69,68,66
20160129 23:18,294,11,291,15,289,20,73,99,101,72,10207,72,71,69,68,66
20160129 23:19,286,12,289,15,284,15,73,99,101,72,10206,72,71,69,68,66
20160129 23:20,290,12,288,14,296,14,73,99,101,72,10205,72,71,69,68,66
20160129 23:21,303,12,289,13,311,17,73,99,101,72,10205,72,71,69,68,66
20160129 23:22,315,12,294,13,319,17,73,99,101,72,10206,72,71,69,68,66
20160129 23:23,312,11,296,13,305,14,73,99,101,72,10206,72,71,69,68,66
20160129 23:24,307,10,299,12,310,16,73,99,101,72,10207,72,71,69,68,66
20160129 23:25,305,12,300,12,300,17,73,99,101,72,10207,72,71,69,68,66
20160129 23:26,290,12,300,12,281,15,73,99,101,72,10208,72,71,69,68,66
20160129 23:27,283,12,298,12,285,16,73,99,101,72,10208,72,71,69,68,66
20160129 23:28,284,15,297,13,282,23,73,99,101,72,10208,72,71,69,68,66
20160129 23:29,284,18,297,13,285,21,73,99,101,72,10208,72,71,69,68,66
20160129 23:30,280,17,295,14,275,20,73,99,101,72,10209,72,71,69,68,66
20160129 23:31,276,15,292,14,277,17,73,99,101,72,10209,72,71,69,68,66
20160129 23:32,275,11,287,13,272,11,73,99,101,72,10209,72,71,69,68,66
20160129 23:33,282,10,286,13,292,15,73,99,101,72,10209,72,70,69,68,66
20160129 23:34,285,11,283,13,278,15,73,99,101,72,10209,72,71,69,68,66
20160129 23:35,292,12,283,13,307,17,73,99,101,72,10209,72,70,69,68,66
20160129 23:36,307,11,286,13,307,15,73,99,101,72,10210,72,70,69,68,66
20160129 23:37,297,10,286,13,286,12,73,99,101,72,10210,72,70,69,68,66
20160129 23:38,292,6,288,11,299,6,73,99,101,72,10210,72,70,69,68,66
20160129 23:39,290,6,287,10,282,11,73,99,101,72,10211,72,70,69,68,66
20160129 23:40,280,8,288,9,278,10,73,99,101,72,10211,72,70,69,68,66
20160129 23:41,277,9,288,9,275,11,73,99,101,72,10211,72,70,69,68,66
20160129 23:42,274,10,288,9,273,13,73,99,101,72,10212,72,70,69,68,66
20160129 23:43,267,11,285,9,262,13,73,99,101,72,10212,72,70,69,68,66
20160129 23:44,260,10,283,9,259,14,73,99,101,72,10212,72,70,69,68,66
20160129 23:45,261,11,278,9,263,13,73,99,101,72,10212,72,70,69,68,66
20160129 23:46,258,12,273,9,253,16,73,99,101,72,10212,72,70,69,68,66
20160129 23:47,251,12,269,10,249,13,73,99,101,72,10212,72,70,69,68,66
20160129 23:48,249,10,264,10,249,11,73,99,101,72,10212,72,70,69,68,66
20160129 23:49,264,10,264,10,279,12,73,99,101,72,10212,72,70,69,68,66
20160129 23:50,280,7,264,10,280,7,73,99,101,72,10211,72,70,69,68,66
20160129 23:51,330,3,269,9,29,4,73,99,101,72,10210,72,70,69,68,66
20160129 23:52,9,1,276,8,350,1,73,99,101,72,10209,72,70,69,68,66
20160129 23:53,11,1,286,7,30,6,73,99,101,72,10208,72,70,69,68,66
20160129 23:54,21,4,301,7,12,7,73,99,101,72,10208,72,70,69,68,66
20160129 23:55,28,4,321,6,44,5,73,99,101,72,10207,72,70,69,68,66
20160129 23:56,33,4,341,5,23,6,73,99,101,72,10207,72,70,69,68,66
20160129 23:57,26,3,357,4,29,5,73,99,101,72,10206,72,70,69,68,66
20160129 23:58,27,5,8,4,26,14,73,99,101,72,10206,72,70,69,68,66
20160129 23:59,19,8,15,4,13,14,73,99,101,72,10206,72,70,69,68,66
20160129 00:00,8,9,20,4,4,11,73,99,101,72,10206,72,70,69,68,66
20160129 00:01,14,9,19,5,23,21,73,99,101,72,10205,72,70,69,68,66
20160129 00:02,18,12,22,7,14,18,73,99,101,72,10205,72,70,69,68,66
20160129 00:03,16,11,21,7,19,14,74,99,102,73,10205,72,70,69,68,66
20160129 00:04,18,11,21,8,17,13,74,99,102,73,10206,72,70,69,68,66
20160129 00:05,7,9,17,8,358,9,74,99,102,73,10207,72,70,69,68,66
20160129 00:06,9,8,16,9,20,15,74,99,102,73,10207,72,70,69,68,66
20160129 00:07,22,9,16,10,24,13,74,99,102,73,10207,72,70,69,68,66
20160129 00:08,23,9,15,10,22,16,75,99,103,74,10206,72,70,69,68,66
20160129 00:09,27,11,17,10,32,17,75,99,103,74,10206,72,70,69,68,66
20160129 00:10,35,12,21,10,39,19,75,99,103,74,10206,72,70,69,68,66
20160129 00:11,34,13,21,11,29,18,76,99,103,75,10206,72,70,69,68,66
20160129 00:12,29,16,23,11,29,29,76,99,103,75,10207,73,70,69,68,66
20160129 00:13,23,17,23,12,18,19,76,99,103,75,10207,73,70,69,68,66
20160129 00:14,22,15,24,12,26,18,77,99,104,76,10207,73,70,69,68,66
20160129 00:15,20,12,25,12,14,14,77,99,104,76,10208,73,70,69,68,66
20160129 00:16,13,11,24,13,12,20,77,99,104,76,10208,73,70,69,68,66
20160129 00:17,17,13,24,13,22,21,77,99,104,76,10208,73,70,69,68,66
20160129 00:18,18,11,23,13,14,13,77,99,104,76,10208,73,70,69,68,66
20160129 00:19,17,14,22,14,20,30,78,99,105,77,10209,73,70,69,68,66
20160129 00:20,22,21,21,15,25,29,78,99,105,77,10209,73,70,69,68,66
20160129 00:21,31,23,22,16,38,32,78,99,105,77,10209,73,70,69,68,66
20160129 00:22,32,18,22,15,27,18,78,99,105,77,10209,73,70,69,68,66
20160129 00:23,31,14,23,15,36,23,78,99,105,77,10209,73,70,69,68,66
20160129 00:24,28,15,23,15,20,22,78,99,105,77,10209,73,70,69,68,66
20160129 00:25,24,12,24,15,28,15,78,99,105,77,10209,73,70,69,68,66
20160129 00:26,31,12,26,15,33,19,78,99,105,77,10209,73,70,69,68,66
20160129 00:27,33,13,27,15,32,16,78,99,105,77,10209,73,70,69,68,66
20160129 00:28,30,15,29,16,27,31,78,99,105,77,10209,74,70,69,68,67
20160129 00:29,27,20,29,16,27,30,79,99,105,78,10208,74,70,69,68,66
20160129 00:30,28,17,30,16,28,17,79,99,105,78,10208,74,70,69,68,66
20160129 00:31,29,15,29,15,30,22,79,99,105,78,10208,74,70,69,68,66
20160129 00:32,35,16,30,15,40,29,79,99,105,78,10208,74,70,69,68,66
20160129 00:33,34,12,29,14,29,10,79,99,105,78,10207,74,70,69,68,67
20160129 00:34,22,9,29,14,15,13,79,99,105,78,10207,74,70,69,68,67
20160129 00:35,18,13,28,15,22,21,79,99,105,78,10206,74,70,69,68,67
20160129 00:36,26,14,28,15,31,17,79,99,105,78,10205,74,70,69,68,67
20160129 00:37,36,13,29,15,42,15,79,99,105,78,10205,74,70,69,68,67
20160129 00:38,37,10,30,14,31,14,79,99,105,78,10205,74,70,69,68,67
20160129 00:39,34,9,31,12,37,14,79,99,105,78,10205,74,70,69,68,67
20160129 00:40,30,12,30,12,23,22,79,99,105,78,10204,74,70,69,68,67
20160129 00:41,26,14,30,12,28,19,79,99,105,78,10204,74,70,69,68,67
20160129 00:42,37,12,30,12,47,14,79,99,105,78,10204,74,70,69,68,67
20160129 00:43,49,11,33,12,52,21,79,99,105,78,10203,74,70,69,68,67
20160129 00:44,43,15,35,13,35,23,79,99,105,78,10203,74,70,69,68,67
20160129 00:45,37,20,36,13,39,26,79,99,105,78,10203,74,70,69,68,67
20160129 00:46,39,24,37,14,39,32,79,99,105,78,10203,74,70,69,68,67
20160129 00:47,36,23,36,16,34,30,79,99,105,78,10203,74,70,69,68,67
20160129 00:48,40,19,38,16,45,23,79,99,105,78,10203,74,71,69,68,67
20160129 00:49,47,17,39,17,48,25,79,99,105,78,10202,74,70,69,68,67
20160129 00:50,51,16,42,17,53,22,79,99,105,78,10202,74,71,69,68,67
20160129 00:51,48,19,43,18,42,35,79,99,105,78,10202,74,71,69,68,67
20160129 00:52,48,21,44,19,53,33,79,99,105,78,10201,74,71,69,68,67
20160129 00:53,58,21,45,20,62,31,79,99,105,78,10201,74,71,69,68,67
20160129 00:54,58,22,47,21,53,31,78,99,105,77,10201,74,71,69,68,67
20160129 00:55,57,20,49,20,62,24,78,99,105,77,10201,74,71,69,68,67
20160129 00:56,57,17,50,19,51,29,78,99,105,77,10201,74,71,69,68,67
20160129 00:57,58,17,53,19,65,25,78,99,105,77,10201,74,71,69,68,67
20160129 00:58,61,22,55,20,58,37,78,99,105,77,10201,74,71,69,68,67
20160129 00:59,61,26,56,21,65,36,78,99,105,77,10201,74,71,69,68,67
20160129 01:00,61,24,57,22,57,29,78,99,105,77,10201,74,71,69,68,67
20160129 01:01,58,22,59,21,60,29,78,99,105,77,10201,74,71,69,68,67
20160129 01:02,53,21,58,22,47,30,78,99,105,77,10201,74,71,69,68,67
20160129 01:03,50,22,57,22,54,42,78,99,105,77,10201,74,71,69,68,67
20160129 01:04,58,23,58,22,63,31,78,99,105,77,10200,74,71,69,68,67
20160129 01:05,64,24,59,22,65,41,78,99,105,77,10200,74,71,69,68,67
20160129 01:06,59,25,59,23,52,33,78,99,105,77,10200,74,71,69,68,67
20160129 01:07,55,26,58,24,57,46,78,99,105,77,10200,74,71,69,68,67
20160129 01:08,59,25,58,24,61,28,78,99,105,77,10200,74,71,69,68,67
20160129 01:09,59,21,57,23,57,24,78,99,105,77,10200,74,71,69,68,67
20160129 01:10,57,21,57,23,57,30,78,99,105,77,10200,74,71,69,68,67
20160129 01:11,62,21,58,23,68,31,78,99,105,77,10200,74,71,69,68,67
20160129 01:12,62,24,59,24,56,42,78,99,105,77,10200,74,71,69,68,67
20160129 01:13,55,25,59,24,55,32,78,99,105,77,10200,74,71,69,68,67
20160129 01:14,50,28,57,25,46,43,78,99,105,77,10200,74,71,69,68,67
20160129 01:15,50,25,56,24,54,27,77,99,104,76,10200,74,71,69,68,67
20160129 01:16,55,21,57,24,56,38,77,99,104,76,10199,74,71,69,68,67
20160129 01:17,56,24,57,23,56,38,77,99,104,76,10199,74,71,69,68,67
20160129 01:18,55,23,56,23,55,27,77,99,104,76,10200,74,71,69,68,67
20160129 01:19,51,22,55,24,47,35,77,99,104,76,10200,74,71,69,68,67
20160129 01:20,49,25,54,24,51,39,77,99,104,76,10200,74,71,69,68,67
20160129 01:21,52,27,53,25,54,39,77,99,104,76,10200,74,71,69,68,67
20160129 01:22,54,22,53,24,55,28,77,99,104,76,10201,74,71,69,68,67
20160129 01:23,57,19,53,23,58,28,77,99,104,76,10201,74,71,69,68,67
20160129 01:24,59,22,55,23,59,38,77,99,104,76,10201,74,71,69,68,67
20160129 01:25,54,27,54,24,49,36,77,99,104,76,10201,74,71,69,68,67
20160129 01:26,53,27,54,24,57,30,77,99,104,76,10201,74,71,69,68,67
20160129 01:27,54,23,54,24,52,28,77,99,104,76,10201,74,71,69,68,67
20160129 01:28,53,24,54,24,55,39,77,99,104,76,10201,74,71,69,68,67
20160129 01:29,55,25,55,24,56,32,77,99,104,76,10201,74,71,69,68,67
20160129 01:30,60,24,56,24,64,32,77,99,104,76,10201,74,71,69,68,67
20160129 01:31,60,27,56,24,57,37,77,99,104,76,10201,74,71,69,68,67
20160129 01:32,54,26,56,25,51,32,77,99,104,76,10201,74,71,69,68,67
20160129 01:33,49,23,55,25,47,39,77,99,104,76,10201,74,71,69,68,67
20160129 01:34,47,23,53,25,47,32,77,99,104,76,10201,74,71,69,68,67
20160129 01:35,54,20,55,24,61,26,77,99,104,76,10201,74,71,69,68,67
20160129 01:36,58,15,55,22,56,24,77,99,104,76,10201,74,71,69,68,67
20160129 01:37,58,19,56,23,61,32,77,99,104,76,10201,74,71,69,68,67
20160129 01:38,56,25,55,23,51,38,77,99,104,76,10201,74,71,69,68,67
20160129 01:39,56,23,56,22,62,28,77,99,104,76,10201,74,71,69,68,67
20160129 01:40,55,19,54,22,47,27,77,99,104,76,10201,74,71,69,68,67
20160129 01:41,46,16,53,20,46,24,77,99,104,76,10202,74,71,69,68,67
20160129 01:42,47,17,52,20,47,29,77,99,104,76,10202,74,71,69,68,67
20160129 01:43,53,20,54,20,59,29,77,99,104,76,10202,74,71,69,68,67
20160129 01:44,56,23,54,20,54,38,77,99,104,76,10202,74,71,69,68,67
20160129 01:45,53,22,54,20,53,24,77,99,104,76,10202,74,71,69,68,67
20160129 01:46,55,18,54,20,56,31,77,99,104,76,10202,74,71,69,68,67
20160129 01:47,56,21,53,20,55,35,77,99,104,76,10202,74,71,69,68,67
20160129 01:48,53,23,53,20,51,38,77,99,104,76,10202,74,71,69,68,67
20160129 01:49,50,18,52,19,48,23,77,99,104,76,10202,74,71,69,68,67
20160129 01:50,54,15,53,19,60,22,77,99,104,76,10202,74,71,69,68,67
20160129 01:51,56,15,54,19,52,23,77,99,104,76,10202,74,71,69,68,67
20160129 01:52,53,16,54,19,55,25,77,99,104,76,10201,74,71,69,68,67
20160129 01:53,53,18,53,19,51,28,77,99,104,76,10201,73,71,69,68,67
20160129 01:54,49,25,53,19,48,45,77,99,104,76,10201,73,71,69,68,67
20160129 01:55,55,28,54,20,62,37,77,99,104,76,10201,73,71,69,68,67
20160129 01:56,58,27,54,21,55,37,77,99,104,76,10201,74,71,69,68,67
20160129 01:57,56,25,54,21,58,33,77,99,104,76,10201,74,71,69,68,67
20160129 01:58,55,20,54,20,53,30,77,99,104,76,10201,74,71,69,68,67
20160129 01:59,58,18,56,21,63,30,77,99,104,76,10201,74,71,69,68,67
20160129 02:00,59,19,55,21,55,27,77,99,104,76,10202,74,71,69,68,67
20160129 02:01,55,21,55,22,54,38,77,99,104,76,10202,74,71,69,68,67
20160129 02:02,54,21,55,23,55,35,77,99,104,76,10202,73,71,69,68,67
20160129 02:03,53,20,55,23,52,27,76,99,103,75,10201,73,71,69,68,67
20160129 02:04,48,19,55,21,45,23,76,99,103,75,10201,73,71,69,68,67
20160129 02:05,50,19,54,21,54,29,76,99,103,75,10201,73,71,69,68,67
20160129 02:06,53,19,54,20,51,22,76,99,103,75,10202,73,71,69,68,67
20160129 02:07,55,15,54,19,58,21,76,99,103,75,10202,73,71,69,68,67
20160129 02:08,56,16,54,19,55,23,76,99,103,75,10202,73,71,69,68,67
20160129 02:09,50,18,52,19,44,25,76,99,103,75,10202,73,71,69,68,67
20160129 02:10,45,16,52,18,47,26,76,99,103,75,10202,73,71,69,68,67
20160129 02:11,53,15,52,18,58,23,76,99,103,75,10202,73,71,69,68,67
20160129 02:12,48,14,50,17,38,20,76,99,103,75,10203,73,71,69,68,67
20160129 02:13,40,14,49,17,42,23,76,99,103,75,10203,73,71,69,68,67
20160129 02:14,42,13,49,16,43,16,76,99,103,75,10203,73,71,69,68,67
20160129 02:15,40,15,47,16,37,35,76,99,103,75,10203,73,71,69,68,67
20160129 02:16,40,20,47,16,44,32,76,99,103,75,10203,73,71,69,68,67
20160129 02:17,47,18,46,16,50,21,76,99,103,75,10203,73,71,69,68,67
20160129 02:18,47,16,45,16,44,24,76,99,103,75,10203,73,71,69,68,67
20160129 02:19,52,18,46,16,60,26,76,99,103,75,10203,73,71,69,68,67
20160129 02:20,52,18,46,16,45,26,76,99,103,75,10203,73,71,69,68,67
20160129 02:21,44,19,44,17,42,28,76,99,103,75,10203,73,71,69,68,67
20160129 02:22,46,20,46,17,51,25,76,99,103,75,10203,73,71,69,68,67
20160129 02:23,49,17,46,18,47,24,76,99,103,75,10203,73,71,69,68,67
20160129 02:24,52,15,48,18,57,20,76,99,103,75,10203,73,71,69,68,67
20160129 02:25,54,13,49,17,50,18,76,99,103,75,10203,73,71,69,68,67
20160129 02:26,47,15,49,17,44,27,76,99,103,75,10202,73,71,69,68,67
20160129 02:27,45,17,49,17,46,21,76,99,103,75,10202,73,71,69,68,67
20160129 02:28,49,19,49,17,52,27,76,99,103,75,10202,73,71,69,68,67
20160129 02:29,54,21,49,18,57,29,76,99,103,75,10202,73,71,69,68,67
20160129 02:30,49,18,49,17,42,21,76,99,103,75,10202,73,71,69,68,67
20160129 02:31,44,13,49,16,45,20,76,99,103,75,10202,73,71,69,68,67
20160129 02:32,39,12,47,16,32,17,76,99,103,75,10202,73,71,69,68,67
20160129 02:33,33,14,46,16,34,30,76,99,103,75,10202,73,71,69,68,67
20160129 02:34,32,20,43,17,30,35,76,99,103,75,10201,73,71,69,68,67
20160129 02:35,33,23,42,18,35,29,76,99,103,75,10201,73,71,69,68,67
20160129 02:36,39,18,41,18,42,23,76,99,103,75,10201,73,71,69,68,67
20160129 02:37,43,17,41,18,43,31,76,99,103,75,10200,73,71,69,68,67
20160129 02:38,41,22,40,18,38,33,76,99,103,75,10200,73,71,69,68,67
20160129 02:39,43,20,39,18,48,26,76,99,103,75,10200,73,71,69,68,67
20160129 02:40,44,14,39,17,39,18,76,99,103,75,10200,73,71,69,68,67
20160129 02:41,36,14,37,18,33,33,76,99,103,75,10200,73,71,69,68,67
20160129 02:42,39,18,39,18,45,29,76,99,103,75,10199,73,71,69,68,67
20160129 02:43,46,22,40,19,47,36,76,99,103,75,10199,73,71,69,68,67
20160129 02:44,42,23,41,19,36,27,76,99,103,75,10199,73,71,69,68,67
20160129 02:45,40,18,42,18,44,23,76,99,103,75,10199,73,71,69,68,67
20160129 02:46,39,16,41,18,35,25,76,99,103,75,10199,73,71,69,68,67
20160129 02:47,40,14,41,18,45,20,76,99,103,75,10199,73,71,69,68,67
20160129 02:48,39,10,40,16,32,12,76,99,103,75,10200,73,71,69,68,67
20160129 02:49,36,8,40,15,40,12,76,99,103,75,10200,73,71,69,68,67
20160129 02:50,40,13,40,16,41,28,76,99,103,75,10199,73,71,69,68,67
20160129 02:51,41,22,41,17,41,38,76,99,103,75,10199,73,71,69,68,67
20160129 02:52,46,24,41,17,50,26,75,99,103,74,10199,73,71,69,68,67
20160129 02:53,43,19,40,16,37,22,75,99,103,74,10199,73,71,69,68,67
20160129 02:54,31,17,39,16,25,28,75,99,103,74,10199,73,71,69,68,67
20160129 02:55,27,19,38,16,29,28,75,99,103,74,10199,73,71,69,68,67
20160129 02:56,35,16,38,16,41,22,75,99,103,74,10199,73,71,69,68,67
20160129 02:57,43,13,38,16,46,16,75,99,103,74,10199,73,71,69,68,67
20160129 02:58,45,13,39,17,44,19,75,99,103,74,10199,73,71,69,68,67
20160129 02:59,33,17,38,18,22,26,75,99,103,74,10199,72,71,69,68,67
20160129 03:00,28,19,37,18,35,27,75,99,103,74,10199,72,71,69,68,67
20160129 03:01,39,16,37,16,43,19,75,99,103,74,10199,72,71,69,68,67
20160129 03:02,36,12,35,15,29,15,75,99,103,74,10199,72,71,69,68,67
20160129 03:03,30,16,35,16,32,28,75,99,103,74,10199,72,71,69,68,67
20160129 03:04,35,16,36,15,38,17,75,99,103,74,10198,72,71,69,68,67
20160129 03:05,39,12,37,15,40,14,75,99,103,74,10197,72,71,69,68,67
20160129 03:06,43,12,38,15,46,23,75,99,103,74,10197,72,71,69,68,67
20160129 03:07,45,17,37,16,43,27,75,99,103,74,10197,72,71,69,68,67
20160129 03:08,51,16,39,15,60,15,75,99,103,74,10196,72,71,69,68,67
20160129 03:09,52,13,41,15,45,19,75,99,103,74,10196,72,71,69,68,67
20160129 03:10,52,13,43,14,59,18,75,99,103,74,10196,72,71,69,68,67
20160129 03:11,59,14,45,14,59,22,75,99,103,74,10196,72,71,69,68,67
20160129 03:12,51,16,46,15,43,20,75,99,103,74,10196,72,71,69,68,67
20160129 03:13,50,13,49,14,57,15,75,99,103,74,10196,72,71,69,68,67
20160129 03:14,59,13,51,14,61,23,75,99,103,74,10196,72,71,69,68,67
20160129 03:15,62,18,54,15,63,29,75,99,103,74,10196,72,71,69,68,67
20160129 03:16,66,20,56,16,70,27,75,99,103,74,10196,72,71,69,68,67
20160129 03:17,66,17,58,15,62,27,75,99,103,74,10196,72,71,69,68,67
20160129 03:18,62,15,58,15,63,19,75,99,103,74,10196,72,71,69,68,67
20160129 03:19,66,15,61,16,69,24,75,99,103,74,10195,72,71,69,68,67
20160129 03:20,69,16,62,16,68,25,75,99,103,74,10195,72,71,69,68,67
20160129 03:21,69,15,63,16,70,20,75,99,103,74,10195,72,71,69,68,67
20160129 03:22,67,12,65,15,63,12,75,99,103,74,10195,72,71,69,68,67
20160129 03:23,63,11,65,16,63,17,75,99,103,74,10195,72,71,69,68,67
20160129 03:24,63,15,65,16,64,23,75,99,103,74,10195,72,71,69,69,67
20160129 03:25,63,15,65,15,63,17,75,99,103,74,10195,72,71,69,69,67
20160129 03:26,61,14,64,14,58,19,75,99,103,74,10195,72,71,69,68,67
20160129 03:27,61,12,64,14,64,13,75,99,103,74,10195,72,71,69,68,67
20160129 03:28,61,12,64,14,59,17,75,99,103,74,10195,72,71,69,69,67
20160129 03:29,61,13,63,13,63,17,75,99,103,74,10194,72,71,69,68,67
20160129 03:30,59,14,62,13,56,23,75,99,103,74,10194,72,71,69,68,67
20160129 03:31,58,14,61,13,61,22,74,99,102,73,10193,72,71,69,69,67
20160129 03:32,64,14,62,14,67,18,74,99,102,73,10193,72,71,69,69,67
20160129 03:33,66,15,62,14,64,20,74,99,102,73,10193,72,71,69,69,67
20160129 03:34,63,14,62,14,62,23,74,99,102,73,10192,72,71,69,69,67
20160129 03:35,62,16,62,14,63,23,74,99,102,73,10192,72,71,69,69,67
20160129 03:36,60,17,62,14,57,21,74,99,102,73,10192,72,70,69,69,67
20160129 03:37,54,18,60,15,50,28,74,99,102,73,10193,72,70,69,69,67
20160129 03:38,47,18,59,15,43,21,74,99,102,73,10193,72,71,69,69,67
20160129 03:39,50,14,58,15,57,19,74,99,102,73,10193,72,71,69,69,67
20160129 03:40,50,13,57,15,43,29,74,99,102,73,10193,72,70,69,69,67
20160129 03:41,42,15,55,15,42,21,74,99,102,73,10194,72,70,69,69,67
20160129 03:42,37,17,51,16,32,33,74,99,102,73,10194,72,70,69,69,67
20160129 03:43,32,19,48,16,31,27,74,99,102,73,10195,72,70,69,69,67
20160129 03:44,38,16,46,16,45,20,74,99,102,73,10195,72,70,69,69,67
20160129 03:45,32,12,42,16,19,18,74,99,102,73,10195,72,70,69,69,67
20160129 03:46,29,14,40,16,40,30,74,99,102,73,10196,72,70,69,69,67
20160129 03:47,32,14,38,15,24,16,74,99,102,73,10196,72,70,69,69,67
20160129 03:48,18,15,34,15,11,31,74,99,102,73,10196,72,70,69,69,67
20160129 03:49,24,15,33,15,38,18,74,99,102,73,10197,72,70,69,69,67
20160129 03:50,30,13,31,15,23,17,74,99,102,73,10197,72,70,69,69,67
20160129 03:51,23,13,29,15,23,19,74,99,102,73,10197,72,70,69,69,67
20160129 03:52,28,11,29,14,32,13,74,99,102,73,10197,72,70,69,69,67
20160129 03:53,34,11,29,13,37,14,74,99,102,73,10197,72,70,69,69,67
20160129 03:54,35,9,28,13,32,9,74,99,102,73,10197,72,70,69,69,67
20160129 03:55,30,9,29,13,28,17,74,99,102,73,10197,72,70,69,69,67
20160129 03:56,32,9,28,11,36,9,74,99,102,73,10197,72,70,69,69,67
20160129 03:57,43,10,31,12,50,19,74,99,102,73,10197,72,70,69,69,67
20160129 03:58,45,16,34,12,41,32,74,99,102,73,10197,72,70,69,69,67
20160129 03:59,40,19,34,12,38,28,74,99,102,73,10197,72,70,69,69,67
20160129 04:00,35,19,35,13,32,24,74,99,102,73,10197,72,70,69,69,67
20160129 04:01,39,17,37,13,46,25,74,99,102,73,10197,72,70,69,69,67
20160129 04:02,43,14,38,13,40,24,74,99,102,73,10197,72,70,69,69,67
20160129 04:03,41,14,38,14,42,21,74,99,102,73,10197,72,70,69,69,67
20160129 04:04,44,15,40,14,47,22,74,99,102,73,10197,72,70,69,69,67
20160129 04:05,45,15,42,15,43,26,74,99,102,73,10197,72,70,69,69,67
20160129 04:06,43,13,42,15,43,18,74,99,102,73,10197,72,70,69,69,67
20160129 04:07,41,13,41,16,38,28,74,99,102,73,10196,72,70,69,69,67
20160129 04:08,38,19,41,16,38,32,74,99,102,73,10196,72,70,69,69,67
20160129 04:09,41,19,41,16,44,20,74,99,102,73,10196,72,70,69,69,67
20160129 04:10,40,15,42,15,35,26,74,99,102,73,10196,72,70,69,69,67
20160129 04:11,41,18,42,16,48,26,74,99,102,73,10196,72,70,69,69,67
20160129 04:12,45,19,42,16,42,26,74,99,102,73,10196,72,70,69,69,67
20160129 04:13,40,18,42,17,39,28,74,99,102,73,10196,72,70,69,69,67
20160129 04:14,45,18,42,17,51,28,74,99,102,73,10195,72,70,69,69,67
20160129 04:15,47,23,42,18,43,36,74,99,102,73,10195,72,70,69,69,67
20160129 04:16,44,24,42,19,45,29,74,99,102,73,10195,72,70,69,69,67
20160129 04:17,49,18,44,19,52,25,74,99,102,73,10196,72,70,69,69,67
20160129 04:18,44,19,44,19,36,34,74,99,102,73,10196,72,70,69,69,67
20160129 04:19,41,20,44,19,46,29,74,99,102,73,10197,72,70,69,69,67
20160129 04:20,32,13,42,19,17,13,74,99,102,73,10197,72,70,69,69,67
20160129 04:21,10,9,38,18,2,13,74,99,102,73,10197,72,70,69,69,67
20160129 04:22,1,14,33,18,359,26,74,99,102,73,10197,72,70,69,69,67
20160129 04:23,21,17,33,18,40,23,74,99,102,73,10197,72,70,69,69,67
20160129 04:24,39,19,32,18,38,29,74,99,102,73,10197,72,70,69,69,67
20160129 04:25,33,22,30,17,28,30,74,99,102,73,10197,72,70,69,69,67
20160129 04:26,38,22,31,18,49,30,74,99,102,73,10197,72,70,69,69,67
20160129 04:27,41,16,29,17,33,16,74,99,102,73,10197,72,70,69,69,67
20160129 04:28,35,12,29,16,36,22,74,99,102,73,10197,72,70,69,69,67
20160129 04:29,38,13,28,16,39,17,74,99,102,73,10197,72,70,69,69,67
20160129 04:30,33,13,29,16,27,23,74,99,102,73,10197,72,70,69,69,67
20160129 04:31,32,15,33,17,37,22,74,99,102,73,10198,72,70,69,69,67
20160129 04:32,24,14,34,16,10,16,74,99,102,73,10198,72,70,69,69,67
20160129 04:33,24,11,34,15,38,15,74,99,102,73,10198,72,70,69,69,67
20160129 04:34,33,10,33,14,29,16,74,99,102,73,10198,72,70,69,69,67
20160129 04:35,25,15,32,14,21,30,74,99,102,73,10199,72,70,69,69,67
20160129 04:36,18,19,29,14,16,22,74,99,102,73,10199,72,70,69,69,67
20160129 04:37,20,15,28,14,24,18,74,99,102,73,10199,72,70,69,69,67
20160129 04:38,21,13,26,14,18,18,74,99,102,73,10200,72,70,69,69,67
20160129 04:39,17,13,23,14,15,22,74,99,102,73,10200,72,70,69,69,67
20160129 04:40,9,16,21,14,2,26,74,99,102,73,10200,72,70,69,69,67
20160129 04:41,7,17,18,14,12,17,75,99,103,74,10200,72,70,69,69,67
20160129 04:42,10,15,18,15,8,21,75,99,103,74,10200,72,70,69,69,67
20160129 04:43,12,14,16,15,15,18,75,99,103,74,10200,72,70,69,69,67
20160129 04:44,11,11,14,15,6,13,75,99,103,74,10199,72,70,69,69,67
20160129 04:45,9,10,13,14,11,14,75,99,103,74,10199,72,70,69,69,67
20160129 04:46,11,13,12,14,11,19,75,99,103,74,10199,72,70,69,69,67
20160129 04:47,9,16,11,14,8,20,75,99,103,74,10199,71,70,69,69,68
20160129 04:48,6,15,9,14,4,18,75,99,103,74,10199,72,70,69,69,67
20160129 04:49,10,11,9,13,15,12,75,99,103,74,10199,72,70,69,69,67
20160129 04:50,11,9,10,12,7,14,75,99,103,74,10198,71,70,69,69,67
20160129 04:51,11,9,10,12,15,11,75,99,103,74,10198,71,70,69,69,67
20160129 04:52,9,10,9,11,3,12,75,99,103,74,10198,71,70,69,69,68
20160129 04:53,6,10,9,11,8,13,75,99,103,74,10198,71,70,69,69,68
20160129 04:54,6,10,9,11,4,16,75,99,103,74,10198,71,70,69,69,67
20160129 04:55,6,10,8,11,9,11,75,99,103,74,10198,71,70,69,69,68
20160129 04:56,4,8,7,10,0,15,75,99,103,74,10198,71,70,69,69,68
20160129 04:57,0,10,6,10,0,15,75,99,103,74,10198,71,70,69,69,68
20160129 04:58,348,10,4,9,336,14,75,99,103,74,10198,71,70,69,69,68
20160129 04:59,350,8,3,9,3,10,75,99,103,74,10197,71,70,69,69,68
20160129 05:00,16,7,5,9,29,14,75,99,103,74,10196,71,70,69,69,68
20160129 05:01,19,9,4,9,9,18,75,99,103,74,10195,71,70,69,69,68
20160129 05:02,13,10,6,9,17,13,75,99,103,74,10195,71,70,69,69,68
20160129 05:03,15,10,6,9,13,14,75,99,103,74,10196,71,70,69,69,68
20160129 05:04,1,12,5,9,350,19,75,99,103,74,10197,71,70,69,69,68
20160129 05:05,353,13,3,10,356,14,75,99,103,74,10197,71,70,69,69,68
20160129 05:06,351,13,2,10,346,21,75,99,103,74,10198,71,70,69,69,68
20160129 05:07,346,15,0,11,346,22,75,99,103,74,10199,71,70,69,69,68
20160129 05:08,344,16,1,12,342,22,75,99,103,74,10200,71,70,69,69,68
20160129 05:09,345,16,359,12,347,23,75,99,103,74,10201,71,70,69,69,68
20160129 05:10,342,17,354,14,336,21,75,99,103,74,10202,71,70,69,69,68
20160129 05:11,340,19,352,15,345,23,75,99,103,74,10202,71,70,69,69,68
20160129 05:12,341,19,348,16,337,27,75,99,103,74,10203,71,70,69,69,68
20160129 05:13,338,16,344,16,338,21,75,99,103,74,10203,71,70,69,69,68
20160129 05:14,341,17,344,17,343,27,75,99,103,74,10203,72,70,69,69,68
20160129 05:15,337,18,341,17,331,22,75,99,103,74,10204,71,70,69,69,68
20160129 05:16,334,15,340,17,337,23,75,99,103,74,10204,71,70,69,69,68
20160129 05:17,337,17,339,17,336,23,75,99,103,74,10205,71,70,69,69,68
20160129 05:18,334,16,338,17,331,22,75,99,103,74,10205,71,70,69,69,68
20160129 05:19,334,16,337,17,337,22,75,99,103,74,10206,71,70,69,69,68
20160129 05:20,332,20,336,18,326,29,75,99,103,74,10206,72,70,69,69,68
20160129 05:21,323,25,334,18,320,32,75,99,103,74,10207,72,70,69,69,68
20160129 05:22,314,24,331,19,307,28,75,99,103,74,10207,72,70,69,69,68
20160129 05:23,307,22,327,20,306,36,75,99,103,74,10207,72,70,69,69,68
20160129 05:24,309,25,324,20,313,35,75,99,103,74,10208,72,70,69,69,68
20160129 05:25,314,25,323,21,316,28,75,99,103,74,10208,72,70,69,69,68
20160129 05:26,313,21,320,21,311,31,76,99,103,75,10208,72,70,69,69,68
20160129 05:27,304,19,316,22,297,29,76,99,103,75,10209,72,70,69,69,68
20160129 05:28,302,19,314,22,307,27,76,99,103,75,10209,72,70,69,69,68
20160129 05:29,314,19,312,22,321,22,76,99,103,75,10209,72,70,69,69,68
20160129 05:30,324,15,313,21,327,19,76,99,103,75,10208,72,70,69,69,68
20160129 05:31,337,13,315,20,348,24,76,99,103,75,10207,72,70,69,69,68
20160129 05:32,345,16,319,20,342,30,76,99,103,75,10206,72,70,69,69,68
20160129 05:33,352,13,324,18,4,11,76,99,103,75,10205,72,70,69,69,68
20160129 05:34,2,7,329,16,0,11,76,99,103,75,10205,72,70,69,69,68
20160129 05:35,9,11,335,15,17,20,76,99,103,75,10205,72,70,69,69,68
20160129 05:36,10,13,341,14,2,17,76,99,103,75,10205,72,70,69,69,68
20160129 05:37,350,12,345,13,338,13,76,99,103,75,10205,72,70,69,69,68
20160129 05:38,338,13,348,13,338,23,76,99,103,75,10206,72,70,69,69,68
20160129 05:39,328,15,347,13,318,17,76,99,103,75,10207,72,70,69,69,68
20160129 05:40,316,16,346,13,314,24,76,99,103,75,10208,72,70,69,69,68
20160129 05:41,319,18,344,14,324,22,76,99,103,75,10209,72,70,69,69,68
20160129 05:42,333,18,344,14,342,24,76,99,103,75,10210,72,70,69,69,68
20160129 05:43,337,17,340,14,332,18,76,99,103,75,10210,72,70,69,69,68
20160129 05:44,340,16,339,15,349,22,76,99,103,75,10210,72,70,69,69,68
20160129 05:45,358,17,338,16,6,22,76,99,103,75,10210,72,70,69,69,68
20160129 05:46,2,17,338,16,358,21,76,99,103,75,10209,72,70,69,69,68
20160129 05:47,1,16,340,17,4,24,76,99,103,75,10209,72,70,69,69,68
20160129 05:48,3,18,343,17,1,24,76,99,103,75,10209,72,70,69,69,68
20160129 05:49,359,18,347,17,357,26,76,99,103,75,10209,72,70,69,69,68
20160129 05:50,0,17,352,17,3,23,76,99,103,75,10209,72,70,69,69,68
20160129 05:51,5,21,356,18,7,27,76,99,103,75,10209,72,70,69,69,68
20160129 05:52,7,25,359,19,8,31,76,99,103,75,10209,72,70,69,69,68
20160129 05:53,6,22,2,19,5,25,76,99,103,75,10209,72,70,69,69,68
20160129 05:54,6,24,4,20,7,36,76,99,103,75,10210,72,70,69,69,68
20160129 05:55,8,30,4,22,10,44,76,99,103,75,10209,72,70,69,69,68
20160129 05:56,6,33,4,24,2,51,76,99,103,75,10209,72,70,69,69,68
20160129 05:57,5,31,5,25,8,34,76,99,103,75,10210,72,70,69,69,68
20160129 05:58,3,25,5,25,358,29,76,99,103,75,10210,72,70,69,69,68
20160129 05:59,3,21,6,25,8,24,76,99,103,75,10210,72,70,69,69,68
20160129 06:00,2,22,5,26,355,34,75,99,103,74,10210,72,70,69,69,68
20160129 06:01,2,25,5,26,9,32,75,99,103,74,10210,72,70,69,69,68
20160129 06:02,3,23,4,26,357,28,75,99,103,74,10210,72,70,69,69,68
20160129 06:03,3,17,4,25,9,21,75,99,103,74,10210,72,70,69,69,68
20160129 06:04,11,12,5,23,13,15,75,99,103,74,10210,71,70,69,69,68
20160129 06:05,8,11,4,21,4,14,75,99,103,74,10210,71,70,69,69,68
20160129 06:06,10,9,6,18,18,13,75,99,103,74,10210,71,70,69,69,68
20160129 06:07,357,12,3,17,338,25,75,99,103,74,10211,71,70,69,69,68
20160129 06:08,344,18,2,17,350,28,75,99,103,74,10211,71,70,69,69,68
20160129 06:09,3,24,3,18,15,32,75,99,103,74,10211,71,70,69,69,68
20160129 06:10,21,20,6,17,28,19,75,99,103,74,10211,71,70,69,69,68
20160129 06:11,30,11,8,15,32,11,75,98,102,72,10211,71,70,69,69,68
20160129 06:12,24,8,10,14,15,11,75,98,102,72,10211,71,70,69,69,68
20160129 06:13,13,11,10,14,10,21,75,98,102,72,10211,71,70,69,69,68
20160129 06:14,5,15,9,14,0,19,75,98,102,72,10211,71,70,69,69,68
20160129 06:15,3,21,9,16,5,30,75,98,102,72,10211,71,70,69,69,68
20160129 06:16,4,25,8,17,3,30,75,98,102,72,10211,71,70,69,69,68
20160129 06:17,355,20,8,17,346,21,75,98,102,72,10211,71,70,69,69,68
20160129 06:18,347,16,8,17,349,23,75,98,102,72,10211,71,70,69,69,68
20160129 06:19,354,19,7,16,359,32,75,98,102,72,10212,71,70,69,69,68
20160129 06:20,0,22,4,17,0,32,75,98,102,72,10212,71,70,69,69,68
20160129 06:21,355,20,0,18,351,23,74,98,101,71,10212,71,70,69,69,68
20160129 06:22,353,14,358,18,355,14,74,98,101,71,10211,71,70,69,69,68
20160129 06:23,9,12,359,18,20,19,74,98,101,71,10211,71,70,69,69,68
20160129 06:24,16,11,0,18,11,13,74,98,101,71,10210,71,70,69,69,68
20160129 06:25,14,10,1,16,18,15,74,98,101,71,10209,71,70,69,69,68
20160129 06:26,22,10,3,15,26,13,74,98,101,71,10209,71,70,69,69,68
20160129 06:27,30,8,8,14,34,10,74,98,101,71,10209,71,70,69,69,68
20160129 06:28,20,11,10,14,6,19,74,98,101,71,10210,71,70,69,69,68
20160129 06:29,1,18,10,14,357,28,74,98,101,71,10210,71,70,69,69,68
20160129 06:30,356,22,9,14,354,29,74,98,101,71,10211,71,70,69,69,68
20160129 06:31,350,21,9,14,346,26,74,98,101,71,10212,71,70,69,69,68
20160129 06:32,350,20,8,15,353,26,74,98,101,71,10212,71,70,69,69,68
20160129 06:33,347,21,4,16,340,32,74,98,101,71,10212,71,70,69,69,68
20160129 06:34,341,21,1,17,342,34,74,98,101,71,10213,71,70,69,69,68
20160129 06:35,344,22,358,18,346,35,74,98,101,71,10213,71,70,69,69,68
20160129 06:36,350,23,355,19,355,29,74,98,101,71,10213,71,70,69,69,68
20160129 06:37,346,22,350,21,337,30,74,98,101,71,10213,71,70,69,69,68
20160129 06:38,356,24,350,22,15,29,74,98,101,71,10213,71,70,69,69,68
20160129 06:39,11,19,351,21,5,25,74,98,101,71,10213,71,70,69,69,68
20160129 06:40,8,16,353,21,9,24,74,98,101,71,10213,71,70,69,69,68
20160129 06:41,12,16,356,20,14,21,74,98,101,71,10213,71,70,69,69,68
20160129 06:42,8,15,357,20,2,24,74,98,101,71,10214,71,70,69,69,68
20160129 06:43,3,14,359,19,4,19,73,98,100,70,10214,70,70,69,69,68
20160129 06:44,10,15,2,19,15,24,73,98,100,70,10214,70,70,69,69,68
20160129 06:45,8,15,4,17,1,17,73,98,100,70,10214,70,70,69,69,68
20160129 06:46,6,13,5,17,10,25,73,98,100,70,10214,70,70,69,69,68
20160129 06:47,2,14,7,16,353,19,73,98,100,70,10214,70,70,69,69,68
20160129 06:48,0,15,6,15,7,20,73,98,100,70,10214,70,70,69,69,68
20160129 06:49,4,17,6,15,1,23,73,98,100,70,10214,70,70,69,69,68
20160129 06:50,356,20,4,16,352,33,73,98,100,70,10214,70,70,69,69,68
20160129 06:51,354,22,2,16,356,27,73,98,100,70,10214,70,70,69,69,68
20160129 06:52,355,27,1,18,354,48,73,98,100,70,10214,70,70,69,69,68
20160129 06:53,2,26,2,19,10,36,73,98,100,70,10214,70,70,69,69,68
20160129 06:54,6,20,0,19,1,30,73,98,100,70,10215,70,70,69,69,68
20160129 06:55,5,21,1,20,10,28,73,98,100,70,10215,70,70,69,69,68
20160129 06:56,4,21,0,21,358,30,73,98,100,70,10214,70,70,69,69,68
20160129 06:57,1,22,1,21,3,31,73,98,100,70,10214,70,70,69,69,68
20160129 06:58,0,22,0,22,357,30,73,98,100,70,10214,70,70,69,69,68
20160129 06:59,0,25,0,23,4,46,73,98,100,70,10213,70,70,69,69,68
20160129 07:00,2,29,1,24,359,46,73,98,100,70,10213,70,70,69,69,68
20160129 07:01,10,22,4,23,20,20,73,98,100,70,10212,70,70,69,69,68
20160129 07:02,21,19,6,22,22,32,72,98,99,69,10212,70,70,69,69,68
20160129 07:03,22,23,7,23,21,32,72,98,99,69,10212,70,70,69,69,68
20160129 07:04,21,22,9,23,21,28,72,98,99,69,10211,70,70,69,69,68
20160129 07:05,20,22,11,23,20,36,72,98,99,69,10211,70,70,69,69,68
20160129 07:06,26,26,14,24,32,43,72,98,99,69,10211,70,70,69,69,68
20160129 07:07,21,30,15,24,10,44,72,98,99,69,10211,70,70,69,69,68
20160129 07:08,16,22,17,24,21,21,72,98,99,69,10211,70,70,69,69,68
20160129 07:09,13,17,17,23,5,25,72,98,99,69,10211,70,70,69,69,68
20160129 07:10,13,22,19,22,21,37,72,98,99,69,10211,70,70,69,69,68
20160129 07:11,22,27,20,24,23,42,72,98,99,69,10211,70,70,69,69,68
20160129 07:12,22,29,19,24,20,39,72,98,99,69,10210,70,70,69,69,68
20160129 07:13,16,24,19,24,12,24,72,98,99,69,10210,70,70,69,69,68
20160129 07:14,15,22,18,24,17,38,71,98,99,68,10210,70,70,69,69,68
20160129 07:15,18,27,18,25,18,39,71,98,99,68,10211,70,69,69,69,68
20160129 07:16,16,34,16,26,14,55,71,98,99,68,10212,69,70,69,69,68
20160129 07:17,8,38,15,26,2,56,71,98,99,68,10212,69,69,69,69,68
20160129 07:18,13,32,15,28,22,39,71,98,99,68,10212,69,69,69,69,68
20160129 07:19,22,29,17,29,22,40,71,98,99,68,10212,69,69,69,69,68
20160129 07:20,20,29,17,29,19,40,71,98,99,68,10213,69,69,69,69,68
20160129 07:21,18,28,16,29,17,40,71,98,99,68,10213,69,69,69,69,68
20160129 07:22,11,30,15,30,5,39,71,98,99,68,10214,69,69,69,69,68
20160129 07:23,2,33,14,31,359,52,71,98,99,68,10214,69,69,69,69,68
20160129 07:24,357,35,11,32,356,57,71,98,99,68,10215,69,69,69,69,68
20160129 07:25,8,29,12,32,21,34,71,98,99,68,10215,69,69,69,69,68
20160129 07:26,14,27,11,31,8,43,71,98,99,68,10216,69,69,69,69,68
20160129 07:27,6,28,11,30,4,45,71,98,99,68,10216,69,69,69,69,68
20160129 07:28,0,24,9,29,356,33,71,98,99,68,10216,69,69,69,69,68
20160129 07:29,3,28,7,29,9,46,71,97,98,67,10217,69,69,69,69,68
20160129 07:30,11,28,7,29,13,29,71,97,98,67,10217,69,69,69,69,68
20160129 07:31,13,21,6,28,14,32,71,97,98,67,10217,69,69,69,69,68
20160129 07:32,6,27,6,28,358,52,71,97,98,67,10217,69,69,69,69,68
20160129 07:33,359,32,6,28,1,40,71,97,98,67,10218,69,69,69,69,68
20160129 07:34,5,32,7,27,9,50,71,97,98,67,10218,69,69,69,69,68
20160129 07:35,5,36,5,29,1,52,71,97,98,67,10218,69,69,69,69,68
20160129 07:36,9,37,6,29,17,42,71,97,98,67,10218,69,69,69,69,68
20160129 07:37,7,38,5,31,357,59,70,97,97,66,10219,69,69,69,69,68
20160129 07:38,0,36,6,32,4,42,71,97,98,67,10219,69,69,69,69,68
20160129 07:39,3,27,6,31,3,28,71,97,98,67,10220,69,69,69,69,68
20160129 07:40,4,15,5,29,5,18,70,97,97,66,10220,69,69,69,69,68
20160129 07:41,6,10,4,29,8,18,70,97,97,66,10220,69,69,69,69,68
20160129 07:42,6,18,5,28,4,31,70,97,97,66,10220,69,69,69,69,68
20160129 07:43,359,26,4,28,354,44,70,97,97,66,10220,69,69,69,69,68
20160129 07:44,2,27,4,27,9,34,70,97,97,66,10220,69,69,69,69,68
20160129 07:45,8,25,5,25,8,39,70,97,97,66,10220,69,69,69,69,68
20160129 07:46,5,29,3,25,2,51,70,97,97,66,10220,69,69,69,69,68
20160129 07:47,359,36,3,25,355,53,70,97,97,66,10220,69,69,69,69,68
20160129 07:48,359,30,3,24,4,29,70,97,97,66,10220,69,69,69,69,68
20160129 07:49,357,20,2,23,350,22,70,97,97,66,10221,69,69,69,69,68
20160129 07:50,6,20,4,25,25,34,70,97,97,66,10221,69,69,69,69,68
20160129 07:51,9,27,3,27,356,52,70,97,97,66,10222,69,69,69,69,68
20160129 07:52,352,33,1,28,349,46,70,97,97,66,10223,69,69,69,69,68
20160129 07:53,356,28,2,27,2,37,70,97,97,66,10223,69,69,69,69,68
20160129 07:54,10,23,3,27,18,31,70,97,97,66,10223,69,69,69,69,68
20160129 07:55,21,21,4,26,24,26,70,97,97,66,10222,69,69,69,69,68
20160129 07:56,20,22,6,26,17,40,70,97,97,66,10221,69,69,69,69,68
20160129 07:57,24,28,10,25,30,48,70,97,97,66,10220,69,69,69,69,68
20160129 07:58,30,32,12,26,31,42,70,97,97,66,10219,69,69,69,69,68
20160129 07:59,23,32,15,27,16,40,70,97,97,66,10219,69,69,69,69,68
20160129 08:00,14,33,14,29,12,52,70,97,97,66,10219,69,69,69,69,68
20160129 08:01,13,33,15,28,14,45,69,97,96,65,10220,69,69,69,69,68
20160129 08:02,13,24,18,27,12,32,69,97,96,65,10220,69,69,69,69,68
20160129 08:03,8,23,18,27,4,38,69,97,96,65,10220,69,69,69,69,68
20160129 08:04,7,27,17,28,10,43,69,97,96,65,10221,69,69,69,69,68
20160129 08:05,0,26,14,28,349,36,69,97,96,65,10221,69,69,69,69,68
20160129 08:06,5,26,14,28,23,36,69,97,96,65,10221,69,69,69,69,68
20160129 08:07,44,25,17,28,63,32,69,97,96,65,10220,69,69,69,69,68
20160129 08:08,51,26,18,27,40,40,69,97,96,65,10219,70,69,69,69,68
20160129 08:09,41,24,21,26,43,30,69,97,96,65,10218,70,69,69,69,68
20160129 08:10,34,16,22,24,26,16,69,97,96,65,10219,70,69,69,69,68
20160129 08:11,13,23,21,24,1,45,69,97,96,65,10220,70,69,69,69,68
20160129 08:12,0,34,20,26,0,43,69,97,96,65,10222,70,69,69,69,68
20160129 08:13,0,28,19,25,1,34,69,97,96,65,10222,70,69,69,69,68
20160129 08:14,359,25,18,25,358,40,69,97,96,65,10223,70,69,69,69,68
20160129 08:15,353,29,18,26,348,40,69,97,96,65,10223,70,69,69,69,68
20160129 08:16,351,31,15,26,354,44,69,97,96,65,10223,70,69,69,69,68
20160129 08:17,358,31,9,27,1,47,69,97,96,65,10223,69,69,69,69,68
20160129 08:18,2,26,5,26,2,35,69,97,96,65,10223,69,69,69,69,68
20160129 08:19,358,23,0,27,354,35,69,97,96,65,10223,70,69,69,69,68
20160129 08:20,358,30,358,29,1,44,69,97,96,65,10224,70,69,69,69,68
20160129 08:21,11,34,0,29,21,39,69,97,96,65,10222,70,69,69,69,68
20160129 08:22,22,30,2,29,24,37,68,97,96,64,10221,70,69,69,69,68
20160129 08:23,32,23,6,28,40,23,68,97,96,64,10220,70,69,69,69,68
20160129 08:24,39,19,10,27,38,28,68,97,96,64,10221,70,69,69,69,68
20160129 08:25,28,21,13,26,19,33,68,97,96,64,10221,71,69,69,69,68
20160129 08:26,22,20,16,25,25,25,68,97,96,64,10219,71,69,69,69,68
20160129 08:27,30,18,20,24,36,27,68,97,96,64,10217,71,69,69,69,68
20160129 08:28,35,23,23,24,33,40,68,97,96,64,10217,71,69,69,69,68
20160129 08:29,27,27,26,25,21,37,68,97,96,64,10219,71,69,69,69,68
20160129 08:30,9,27,25,24,357,38,68,97,96,64,10220,71,69,69,69,68
20160129 08:31,358,28,23,23,0,40,68,97,96,64,10221,71,69,69,69,68
20160129 08:32,3,29,22,24,6,37,68,97,96,64,10222,71,69,69,69,68
20160129 08:33,355,31,16,25,343,39,68,97,96,64,10223,71,69,69,69,68
20160129 08:34,352,28,12,25,1,40,68,97,96,64,10225,71,69,69,69,68
20160129 08:35,7,24,12,26,13,30,68,97,96,64,10225,71,69,69,69,68
20160129 08:36,5,25,9,26,358,40,68,97,96,64,10226,71,69,69,69,68
20160129 08:37,355,30,4,28,352,45,68,97,96,64,10226,71,69,69,69,68
20160129 08:38,1,28,2,27,11,43,68,97,96,64,10226,71,69,69,69,68
20160129 08:39,10,19,1,26,10,28,68,97,96,64,10226,71,69,69,69,68
20160129 08:40,6,21,2,26,2,39,68,97,96,64,10227,71,69,69,69,68
20160129 08:41,4,27,2,26,6,34,68,97,96,64,10226,71,69,69,69,68
20160129 08:42,13,23,4,25,20,25,68,97,96,64,10225,71,69,69,69,68
20160129 08:43,24,20,8,24,27,28,68,97,96,64,10225,72,69,69,69,68
20160129 08:44,13,24,8,24,359,42,68,97,96,64,10225,72,69,69,69,68
20160129 08:45,2,24,7,24,4,31,68,97,96,64,10226,72,69,69,69,68
20160129 08:46,9,19,9,23,15,23,68,97,96,64,10226,72,69,69,69,68
20160129 08:47,11,22,10,22,7,39,68,97,96,64,10225,72,69,69,69,68
20160129 08:48,16,27,11,23,24,35,68,97,96,64,10225,72,69,69,69,68
20160129 08:49,18,28,12,24,12,38,68,97,96,64,10225,72,69,69,69,68
20160129 08:50,12,28,13,24,12,43,68,97,96,64,10225,72,69,69,69,68
20160129 08:51,11,27,13,24,9,38,68,97,96,64,10225,72,69,69,69,68
20160129 08:52,2,26,10,25,355,35,68,97,96,64,10225,73,69,69,69,68
20160129 08:53,359,26,8,25,2,37,68,97,96,64,10226,73,69,69,69,68
20160129 08:54,9,25,10,25,16,36,68,97,96,64,10226,73,69,69,69,68
20160129 08:55,22,27,12,26,27,38,68,97,96,64,10225,73,69,69,69,68
20160129 08:56,26,32,13,28,25,44,68,97,96,64,10225,74,69,69,69,68
20160129 08:57,27,35,15,29,29,54,68,97,96,64,10224,74,69,69,69,68
20160129 08:58,28,35,15,30,26,44,68,97,96,64,10223,74,69,69,69,68
20160129 08:59,30,30,18,29,35,54,68,97,96,64,10222,74,69,69,69,68
20160129 09:00,27,34,18,31,19,55,68,97,96,64,10222,75,70,69,69,68
20160129 09:01,21,40,20,32,24,54,68,97,96,64,10222,75,70,69,69,68
20160129 09:02,17,31,21,32,9,38,68,97,96,64,10222,76,70,69,69,68
20160129 09:03,18,29,24,32,26,42,68,97,96,64,10222,77,70,69,69,68
20160129 09:04,17,27,23,32,8,31,68,97,96,64,10222,77,70,69,69,68
20160129 09:05,10,21,21,31,13,32,68,97,96,64,10224,77,70,69,69,68
20160129 09:06,5,24,19,30,356,38,68,97,96,64,10226,77,70,69,69,68
20160129 09:07,351,29,14,30,345,40,68,97,96,64,10228,77,70,69,69,68
20160129 09:08,353,29,12,29,1,41,68,97,96,64,10228,76,70,69,69,68
20160129 09:09,2,24,8,29,3,31,68,97,96,64,10228,76,70,69,69,68
20160129 09:10,358,23,6,27,354,35,68,97,96,64,10229,76,70,69,69,68
20160129 09:11,349,24,2,25,345,35,68,97,96,64,10231,75,70,69,69,68
20160129 09:12,347,23,0,25,350,30,68,97,96,64,10231,75,70,69,69,68
20160129 09:13,352,20,357,24,354,20,68,97,96,64,10230,75,70,69,69,68
20160129 09:14,356,18,356,23,357,25,68,97,96,64,10228,74,70,69,69,68
20160129 09:15,359,25,355,24,2,36,68,97,96,64,10228,75,70,69,69,68
20160129 09:16,356,37,354,26,350,68,68,97,96,64,10228,75,70,69,69,68
20160129 09:17,0,45,357,28,10,63,68,97,96,64,10228,74,70,69,69,68
20160129 09:18,5,42,356,29,0,49,68,97,96,64,10227,74,70,69,69,68
20160129 09:19,6,37,357,30,12,68,68,97,96,64,10227,74,71,69,69,68
20160129 09:20,8,30,358,30,3,34,68,97,96,64,10230,74,71,69,69,68
20160129 09:21,357,28,359,31,351,52,68,97,96,64,10232,74,71,69,69,68
20160129 09:22,354,35,0,32,357,61,68,97,96,64,10232,74,71,69,69,68
20160129 09:23,3,31,1,33,10,41,68,97,96,64,10231,74,71,69,69,68
20160129 09:24,6,22,2,33,3,36,68,97,96,64,10230,74,71,69,69,68
20160129 09:25,359,25,1,33,355,40,67,97,95,63,10230,74,71,69,69,68
20160129 09:26,6,35,4,33,16,52,67,97,95,63,10232,74,71,69,69,68
20160129 09:27,6,33,2,31,356,39,67,97,95,63,10233,74,71,69,69,68
20160129 09:28,358,30,2,30,0,44,67,97,95,63,10233,74,71,69,69,68
20160129 09:29,3,34,2,30,6,56,67,97,95,63,10233,74,71,69,69,68
20160129 09:30,12,33,3,31,18,38,67,97,95,63,10231,74,71,69,69,68
20160129 09:31,18,25,6,30,18,27,67,97,95,63,10231,74,71,69,69,68
20160129 09:32,11,20,7,28,4,28,67,97,95,63,10233,74,71,69,69,68
20160129 09:33,4,18,6,27,5,31,67,97,95,63,10234,74,71,69,69,68
20160129 09:34,1,25,6,29,358,47,67,97,95,63,10234,75,71,69,69,68
20160129 09:35,7,30,8,28,17,38,67,97,95,63,10234,75,71,69,69,68
20160129 09:36,12,34,7,28,7,55,67,97,95,63,10234,74,71,69,69,68
20160129 09:37,6,36,8,29,4,53,67,97,95,63,10235,74,71,69,69,68
20160129 09:38,2,28,8,28,359,40,67,97,95,63,10236,74,71,69,69,68
20160129 09:39,2,25,8,27,6,32,67,97,95,63,10236,74,71,69,69,68
20160129 09:40,5,23,6,26,4,31,67,97,95,63,10236,74,71,69,69,68
20160129 09:41,1,25,4,27,359,39,67,97,95,63,10237,74,71,69,69,68
20160129 09:42,7,29,5,28,14,33,67,97,95,63,10237,74,71,69,69,68
20160129 09:43,7,29,5,29,358,48,67,97,95,63,10238,74,71,69,69,68
20160129 09:44,6,31,6,29,12,38,67,96,94,61,10237,73,71,69,69,68
20160129 09:45,16,31,6,29,20,55,67,96,94,61,10235,74,71,69,69,68
20160129 09:46,22,31,8,28,24,49,67,96,94,61,10233,74,71,69,69,68
20160129 09:47,15,36,8,29,5,62,67,96,94,61,10234,74,71,69,69,68
20160129 09:48,15,39,11,30,25,45,67,96,94,61,10235,74,71,69,69,68
20160129 09:49,21,36,12,31,17,44,67,96,94,61,10234,74,71,69,69,68
20160129 09:50,18,33,13,32,20,39,67,96,94,61,10232,74,71,69,69,68
20160129 09:51,25,36,16,34,29,52,67,96,94,61,10231,74,71,69,69,68
20160129 09:52,24,48,17,36,18,81,66,96,94,60,10232,74,71,69,69,68
20160129 09:53,5,41,16,36,351,40,67,96,94,61,10235,74,71,69,69,68
20160129 09:54,2,27,16,35,12,38,67,96,94,61,10234,74,71,69,69,68
20160129 09:55,23,37,17,37,33,70,67,96,94,61,10232,74,71,69,69,68
20160129 09:56,24,36,16,36,14,37,67,96,94,61,10231,74,71,69,69,68
20160129 09:57,14,28,17,36,14,43,67,96,94,61,10234,74,71,69,69,68
20160129 09:58,9,35,15,36,5,52,67,95,93,60,10237,74,71,69,69,68
20160129 09:59,6,30,14,34,8,37,67,95,93,60,10239,74,71,69,69,68
20160129 10:00,1,27,12,35,355,44,67,95,93,60,10239,74,71,69,69,68
20160129 10:01,354,28,8,33,352,34,67,95,93,60,10238,74,71,69,69,68
20160129 10:02,349,23,5,29,345,33,67,95,93,60,10237,74,71,69,69,68
20160129 10:03,352,21,6,29,358,26,67,95,93,60,10237,74,71,69,69,68
20160129 10:04,354,23,3,29,351,34,67,95,93,60,10239,74,71,69,69,68
20160129 10:05,352,28,359,27,353,39,67,95,93,60,10240,74,71,69,69,68
20160129 10:06,354,35,358,28,356,57,67,95,93,60,10239,73,71,69,69,68
20160129 10:07,356,39,356,29,357,49,67,95,93,60,10239,73,71,69,69,68
20160129 10:08,353,39,354,29,349,62,67,95,93,60,10238,73,71,69,69,68
20160129 10:09,354,36,354,30,359,49,67,95,93,60,10238,72,71,69,69,68
20160129 10:10,5,32,355,30,11,50,67,95,93,60,10239,72,71,69,69,68
20160129 10:11,13,33,357,31,14,49,66,95,93,59,10238,72,71,69,69,68
20160129 10:12,14,32,0,32,14,38,66,95,93,59,10237,72,71,69,69,68
20160129 10:13,16,27,2,33,18,35,66,95,93,59,10238,72,71,69,69,68
20160129 10:14,15,29,4,33,13,52,66,95,93,59,10238,72,71,69,69,68
20160129 10:15,5,34,5,34,357,45,66,95,93,59,10238,72,71,69,69,68
20160129 10:16,3,35,6,33,8,49,66,95,93,59,10238,72,71,69,69,68
20160129 10:17,8,32,7,32,8,51,66,94,92,57,10238,72,71,69,69,68
20160129 10:18,10,31,9,32,12,66,66,94,92,57,10238,72,71,69,69,68
20160129 10:19,17,25,12,30,21,27,66,94,92,57,10238,71,71,69,69,68
20160129 10:20,12,28,11,31,1,68,66,94,92,57,10239,72,71,69,69,68
20160129 10:21,13,39,12,32,25,53,66,94,92,57,10239,71,71,69,69,68
20160129 10:22,14,37,11,32,4,46,66,94,92,57,10239,71,71,69,69,68
20160129 10:23,10,30,10,32,16,35,66,94,92,57,10239,71,71,69,69,68
20160129 10:24,7,23,9,31,359,28,66,94,92,57,10239,71,71,69,69,68
20160129 10:25,350,25,8,30,341,43,66,94,92,57,10239,72,71,69,69,68
20160129 10:26,352,25,7,29,2,31,66,94,92,57,10239,72,71,69,69,68
20160129 10:27,13,28,8,30,23,49,66,94,92,57,10238,72,71,69,69,68
20160129 10:28,25,40,10,31,28,62,65,94,91,56,10238,71,71,69,69,68
20160129 10:29,26,42,10,33,25,53,65,94,91,56,10238,71,71,69,69,68
20160129 10:30,23,33,13,32,22,43,65,94,91,56,10238,71,71,69,69,68
20160129 10:31,22,29,12,31,22,45,65,94,91,56,10238,71,71,69,69,68
20160129 10:32,20,23,14,29,17,28,65,94,91,56,10236,71,71,69,69,68
20160129 10:33,18,28,14,30,18,51,65,94,91,56,10236,72,71,69,69,68
20160129 10:34,13,29,15,30,7,32,65,94,91,56,10237,71,71,69,69,68
20160129 10:35,3,18,16,29,0,24,65,94,91,56,10237,72,71,69,69,68
20160129 10:36,18,20,20,29,35,33,65,94,91,56,10238,72,71,69,69,68
20160129 10:37,25,27,19,29,15,41,65,94,91,56,10238,72,71,69,69,68
20160129 10:38,4,34,15,28,353,50,65,94,91,56,10240,71,71,69,69,68
20160129 10:39,9,36,15,28,23,60,65,94,91,56,10240,71,71,69,69,68
20160129 10:40,17,34,14,28,10,55,65,94,91,56,10240,71,71,69,69,68
20160129 10:41,12,35,13,29,15,55,65,94,91,56,10240,70,71,69,69,68
20160129 10:42,15,33,13,30,16,45,65,94,91,56,10240,70,71,69,69,68
20160129 10:43,15,34,13,30,14,55,64,94,90,55,10240,70,71,69,69,68
20160129 10:44,22,39,15,32,30,60,64,94,90,55,10240,70,71,69,69,68
20160129 10:45,20,36,16,34,9,52,64,94,90,55,10239,70,71,69,69,68
20160129 10:46,8,30,13,34,7,43,64,94,90,55,10239,70,71,69,69,68
20160129 10:47,19,30,15,34,30,43,64,94,90,55,10238,70,71,69,69,68
20160129 10:48,28,34,18,34,26,53,64,94,90,55,10238,70,71,69,69,68
20160129 10:49,17,36,16,34,7,47,64,94,90,55,10238,70,71,69,69,68
20160129 10:50,15,37,18,35,24,51,64,94,90,55,10238,70,71,69,69,68
20160129 10:51,17,35,17,34,11,38,63,94,90,54,10237,70,71,69,69,68
20160129 10:52,21,33,19,35,30,52,63,94,90,54,10237,70,71,69,69,69
20160129 10:53,18,36,18,34,5,43,63,95,91,56,10237,70,71,69,69,68
20160129 10:54,11,36,17,34,17,51,63,95,91,56,10238,70,71,69,69,68
20160129 10:55,16,35,17,34,15,39,63,95,91,56,10237,70,70,69,69,68
20160129 10:56,16,36,18,35,18,54,63,95,91,56,10235,70,70,69,69,69
20160129 10:57,14,33,16,35,10,34,63,95,91,56,10235,70,70,69,69,68
20160129 10:58,15,29,16,34,19,46,63,95,91,56,10235,70,70,69,69,68
20160129 10:59,23,30,17,34,26,35,63,95,91,56,10236,71,70,69,69,68
20160129 11:00,21,32,17,33,15,48,63,95,91,56,10237,71,70,69,69,68
20160129 11:01,18,33,17,33,20,42,63,95,91,56,10237,71,70,69,69,69
20160129 11:02,23,37,17,34,25,57,63,95,91,56,10237,71,70,69,69,68
20160129 11:03,24,40,19,34,23,51,63,95,91,56,10236,72,70,69,69,69
20160129 11:04,24,36,20,34,25,50,63,95,91,56,10235,72,70,69,69,69
20160129 11:05,24,36,21,34,24,50,63,95,91,56,10233,73,70,69,69,69
20160129 11:06,25,36,21,34,26,54,63,95,91,56,10234,73,70,69,69,68
20160129 11:07,24,40,23,36,22,68,63,95,91,56,10235,74,70,69,69,69
20160129 11:08,22,48,23,38,23,66,63,95,91,56,10235,73,70,69,69,69
20160129 11:09,17,43,22,38,12,52,63,95,91,56,10233,74,70,69,69,69
20160129 11:10,17,31,22,38,21,35,63,95,91,56,10232,74,70,69,69,69
20160129 11:11,23,25,23,37,24,37,63,95,91,56,10232,75,70,69,69,69
20160129 11:12,24,28,22,36,23,44,63,95,91,56,10233,75,70,69,69,69
20160129 11:13,21,33,22,35,19,62,63,95,91,56,10234,75,70,69,69,69
20160129 11:14,12,30,20,35,6,38,62,95,90,55,10234,75,70,69,69,69
20160129 11:15,17,33,20,35,28,60,63,95,91,56,10234,75,71,69,69,69
20160129 11:16,19,37,19,35,11,42,63,95,91,56,10234,74,71,69,69,69
20160129 11:17,20,28,20,33,31,37,62,95,90,55,10233,74,71,69,69,69
20160129 11:18,23,31,19,32,16,62,62,95,90,55,10232,75,71,69,69,69
20160129 11:19,18,32,20,31,20,43,62,95,90,55,10231,75,71,69,69,69
20160129 11:20,20,28,20,31,20,45,63,95,91,56,10231,75,71,69,69,69
20160129 11:21,19,29,19,31,18,40,63,95,91,56,10231,76,71,69,69,69
20160129 11:22,24,31,20,31,30,49,63,95,91,56,10230,77,71,69,69,69
20160129 11:23,29,40,21,33,29,65,63,96,92,57,10230,76,71,69,69,69
20160129 11:24,30,43,24,34,32,53,62,95,90,55,10230,76,71,69,69,69
20160129 11:25,32,36,24,33,32,47,62,95,90,55,10230,76,71,69,69,69
20160129 11:26,26,31,25,33,21,38,62,95,90,55,10231,76,71,69,69,69
20160129 11:27,20,28,24,33,20,36,62,95,90,55,10231,77,71,69,69,69
20160129 11:28,22,24,25,31,25,30,63,95,91,56,10230,77,71,69,69,69
20160129 11:29,15,26,23,32,5,36,63,96,92,57,10230,78,71,69,69,69
20160129 11:30,15,31,24,32,25,65,63,96,92,57,10230,77,71,69,69,69
20160129 11:31,22,36,24,33,18,60,62,96,91,56,10230,77,71,69,69,69
20160129 11:32,16,39,22,34,13,54,62,95,90,55,10230,77,71,69,69,69
20160129 11:33,21,40,22,33,28,55,62,95,90,55,10230,77,71,69,69,69
20160129 11:34,28,38,22,33,28,46,62,95,90,55,10229,77,71,69,69,69
20160129 11:35,26,30,21,32,23,35,62,95,90,55,10229,77,71,69,69,69
20160129 11:36,24,31,21,33,25,51,62,95,90,55,10229,77,72,69,69,69
20160129 11:37,29,42,22,35,32,76,62,95,90,55,10228,77,72,69,69,69
20160129 11:38,27,44,22,37,21,47,62,95,90,55,10228,77,72,69,69,69
20160129 11:39,20,32,23,36,18,44,62,95,90,55,10228,78,72,69,69,69
20160129 11:40,27,36,24,37,35,73,62,95,90,55,10228,78,72,69,69,69
20160129 11:41,31,41,25,37,26,69,62,95,90,55,10227,77,72,69,69,69
20160129 11:42,22,44,25,38,18,68,62,95,90,55,10227,78,72,69,69,69
20160129 11:43,19,41,25,37,21,42,62,95,90,55,10227,78,72,69,69,69
20160129 11:44,26,31,25,37,31,45,62,95,90,55,10227,78,72,69,69,69
20160129 11:45,22,31,24,37,12,39,63,95,91,56,10228,79,72,69,69,69
20160129 11:46,17,29,24,37,22,38,63,95,91,56,10230,79,72,69,69,69
20160129 11:47,18,31,22,35,15,45,63,95,91,56,10231,79,72,69,69,69
20160129 11:48,23,35,23,35,31,59,63,95,91,56,10231,79,72,69,69,69
20160129 11:49,20,38,22,36,8,62,63,95,91,56,10231,78,72,69,70,69
20160129 11:50,20,34,22,35,31,41,63,95,91,56,10231,77,72,69,69,69
20160129 11:51,15,41,19,36,359,78,63,95,91,56,10231,77,72,69,69,69
20160129 11:52,1,45,17,35,3,73,63,95,91,56,10230,76,72,69,69,69
20160129 11:53,11,30,17,34,19,36,63,95,91,56,10230,76,72,69,69,69
20160129 11:54,23,21,17,33,28,29,63,95,91,56,10230,76,72,69,69,69
20160129 11:55,16,20,16,32,5,41,63,95,91,56,10230,77,73,69,69,69
20160129 11:56,16,30,17,33,27,59,63,95,91,56,10231,77,73,69,69,69
20160129 11:57,24,41,17,34,20,60,63,95,91,56,10231,77,73,70,70,69
20160129 11:58,19,41,16,34,19,43,63,94,90,54,10231,77,73,69,70,69
20160129 11:59,20,33,17,33,21,43,63,94,90,54,10231,77,73,69,69,69
20160129 12:00,17,28,16,33,14,36,63,94,90,54,10230,77,73,69,69,69
20160129 12:01,13,25,17,30,12,36,63,94,90,54,10230,77,73,70,69,69
20160129 12:02,5,32,16,30,358,69,63,94,90,54,10230,78,73,70,70,69
20160129 12:03,13,36,17,31,28,55,63,94,90,54,10230,78,73,70,70,69
20160129 12:04,24,33,16,33,19,45,63,94,90,54,10230,77,73,70,70,69
20160129 12:05,20,29,18,33,21,41,63,94,90,54,10230,78,73,70,69,69
20160129 12:06,16,28,16,33,11,48,63,94,90,54,10230,77,73,70,70,69
20160129 12:07,7,32,15,31,4,40,63,93,89,53,10230,77,73,70,70,69
20160129 12:08,13,25,15,29,23,37,63,93,89,53,10230,77,73,70,70,69
20160129 12:09,15,22,14,29,7,40,63,93,89,53,10230,78,73,70,70,69
20160129 12:10,6,27,13,29,5,60,63,93,89,53,10230,77,73,70,70,69
20160129 12:11,1,33,11,30,358,51,63,93,89,53,10229,77,73,70,70,69
20160129 12:12,7,30,13,29,18,40,63,93,89,53,10229,77,73,70,70,69
20160129 12:13,10,28,11,29,4,47,63,93,89,53,10229,77,73,70,70,69
20160129 12:14,10,31,11,28,16,42,63,93,89,53,10230,76,73,70,70,69
20160129 12:15,17,26,10,28,17,29,63,93,89,53,10230,76,73,70,70,69
20160129 12:16,17,20,11,27,17,27,63,93,89,53,10230,76,73,70,70,69
20160129 12:17,17,23,12,26,17,47,63,93,89,53,10229,77,73,70,70,69
20160129 12:18,8,30,10,28,359,41,63,93,89,53,10229,76,73,70,70,69
20160129 12:19,358,34,9,29,357,63,62,93,88,52,10228,76,73,70,70,69
20160129 12:20,5,43,10,31,13,59,62,93,88,52,10228,75,73,70,70,69
20160129 12:21,13,40,11,30,13,49,62,93,88,52,10228,74,73,70,70,69
20160129 12:22,16,30,11,31,20,41,62,93,88,52,10228,74,73,70,70,69
20160129 12:23,16,33,12,31,12,68,62,93,88,52,10228,74,73,70,70,69
20160129 12:24,19,33,13,32,26,52,61,93,88,51,10229,74,73,70,70,69
20160129 12:25,23,29,13,32,19,45,61,93,88,51,10229,74,73,70,70,69
20160129 12:26,12,25,12,32,3,29,61,93,88,51,10229,74,73,70,70,69
20160129 12:27,9,32,12,34,14,68,61,93,88,51,10228,74,73,70,70,69
20160129 12:28,13,42,13,35,12,56,61,93,88,51,10226,74,73,70,70,69
20160129 12:29,13,45,15,36,14,81,61,93,88,51,10225,74,73,70,70,69
20160129 12:30,13,50,14,36,12,69,61,92,87,49,10225,74,73,70,70,69
20160129 12:31,18,49,16,38,23,72,61,92,87,49,10226,74,73,70,70,69
20160129 12:32,23,44,16,39,23,66,61,92,87,49,10227,75,73,70,70,69
20160129 12:33,21,43,17,40,19,67,61,92,87,49,10227,75,73,70,70,69
20160129 12:34,17,45,15,41,15,57,61,92,87,49,10226,75,73,70,70,69
20160129 12:35,26,49,17,43,36,68,61,92,87,49,10224,74,73,70,70,69
20160129 12:36,25,44,18,45,14,50,61,92,87,49,10224,73,73,70,70,69
20160129 12:37,14,34,18,44,14,49,61,92,87,49,10224,73,73,70,70,69
20160129 12:38,15,28,19,42,16,34,61,92,87,49,10226,73,73,70,70,69
20160129 12:39,8,20,17,39,359,26,61,92,87,49,10228,73,73,70,70,69
20160129 12:40,354,19,15,36,350,28,61,92,87,49,10229,73,73,70,70,69
20160129 12:41,353,22,12,34,356,31,61,92,87,49,10229,73,73,70,70,69
20160129 12:42,3,20,11,31,11,27,61,92,87,49,10228,73,73,70,70,69
20160129 12:43,6,23,9,29,2,36,61,92,87,49,10229,73,73,70,70,69
20160129 12:44,351,29,6,28,340,49,61,92,87,49,10231,73,73,70,70,69
20160129 12:45,348,31,2,26,357,45,60,92,86,48,10232,72,73,70,70,69
20160129 12:46,358,34,1,26,0,51,60,92,86,48,10232,72,73,70,70,69
20160129 12:47,356,37,358,26,352,57,60,92,86,48,10232,71,73,70,70,69
20160129 12:48,0,41,358,29,8,79,60,92,86,48,10232,70,72,70,70,69
20160129 12:49,9,46,359,32,11,65,60,92,86,48,10232,70,72,70,70,69
20160129 12:50,20,40,2,33,28,46,60,92,86,48,10232,70,72,70,70,69
20160129 12:51,21,46,4,37,15,86,59,92,85,47,10232,70,72,70,70,69
20160129 12:52,20,49,6,39,24,54,59,92,85,47,10232,69,72,70,70,69
20160129 12:53,22,45,8,41,20,77,59,92,85,47,10231,69,72,70,70,69
20160129 12:54,19,43,11,42,18,46,59,92,85,47,10231,69,72,70,70,69
20160129 12:55,12,42,12,43,5,60,59,92,85,47,10231,70,72,70,70,69
20160129 12:56,10,38,14,42,15,43,59,92,85,47,10231,69,72,70,70,69
20160129 12:57,10,25,15,41,4,39,59,92,85,47,10231,69,72,70,70,69
20160129 12:58,18,30,17,40,30,61,59,92,85,47,10231,70,72,70,70,69
20160129 12:59,27,42,18,40,24,57,59,92,85,47,10231,70,72,70,70,69
20160129 13:00,25,39,18,40,27,43,59,92,85,47,10231,70,72,70,70,69
20160129 13:01,25,37,19,38,23,60,59,92,85,47,10231,70,72,70,70,69
20160129 13:02,29,44,20,39,35,64,59,92,85,47,10231,70,72,70,70,69
20160129 13:03,33,43,21,38,32,71,58,91,84,44,10230,69,72,70,70,69
20160129 13:04,27,43,22,39,22,55,58,92,85,46,10230,69,72,70,70,69
20160129 13:05,20,43,23,38,18,60,58,91,84,44,10230,69,72,70,70,69
20160129 13:06,19,45,23,40,19,54,58,91,84,44,10230,69,72,70,70,69
20160129 13:07,19,42,25,42,19,55,58,91,84,44,10230,69,72,70,70,69
20160129 13:08,19,41,24,42,20,60,58,91,84,44,10230,70,72,70,70,69
20160129 13:09,17,42,23,42,15,56,58,91,84,44,10230,70,71,70,70,69
20160129 13:10,9,36,21,42,3,49,58,91,84,44,10231,69,71,70,70,69
20160129 13:11,7,34,19,41,12,54,58,91,84,44,10231,69,71,70,70,69
20160129 13:12,15,30,18,39,19,35,58,91,84,44,10231,69,71,70,70,69
20160129 13:13,24,21,18,37,30,29,58,91,84,44,10231,69,71,70,70,69
20160129 13:14,23,20,17,34,15,28,58,92,85,46,10231,69,71,70,70,69
20160129 13:15,15,27,17,33,15,49,58,92,85,46,10230,70,71,70,70,69
20160129 13:16,16,35,17,32,18,51,58,92,85,46,10230,69,71,70,70,69
20160129 13:17,21,36,17,32,24,50,57,92,84,45,10229,68,71,70,70,69
20160129 13:18,26,34,18,31,28,43,57,92,84,45,10228,68,71,70,70,69
20160129 13:19,26,34,19,30,24,43,57,92,84,45,10228,68,71,70,70,69
20160129 13:20,27,34,21,31,29,55,57,92,84,45,10227,69,71,70,70,69
20160129 13:21,28,31,23,30,27,43,57,92,84,45,10227,69,71,70,70,69
20160129 13:22,20,27,22,30,13,31,57,92,84,45,10228,70,71,70,70,69
20160129 13:23,12,25,20,31,12,37,57,92,84,45,10228,69,71,70,70,69
20160129 13:24,21,24,22,31,31,31,57,92,84,45,10229,69,71,70,70,69
20160129 13:25,22,26,22,31,14,44,57,92,84,45,10230,69,71,70,70,69
20160129 13:26,13,37,21,31,12,63,57,92,84,45,10230,69,71,70,70,69
20160129 13:27,10,43,20,32,9,61,57,92,84,45,10230,69,71,70,70,69
20160129 13:28,12,40,19,33,15,57,57,92,84,45,10229,69,71,70,70,69
20160129 13:29,15,45,18,34,15,72,57,92,84,45,10229,68,71,70,70,69
20160129 13:30,20,51,17,36,24,66,57,92,84,45,10229,67,71,70,70,69
20160129 13:31,23,46,17,37,22,57,56,92,84,44,10229,67,71,70,70,69
20160129 13:32,17,35,17,38,12,39,56,92,84,44,10229,67,71,70,70,69
20160129 13:33,13,28,17,38,14,32,56,92,84,44,10229,67,71,70,70,69
20160129 13:34,16,29,15,39,18,43,56,92,84,44,10229,67,71,70,70,69
20160129 13:35,26,33,17,39,34,60,56,92,84,44,10228,67,71,70,70,69
20160129 13:36,26,38,18,39,18,54,56,92,84,44,10228,67,71,70,70,69
20160129 13:37,13,40,18,39,8,58,56,92,84,44,10227,67,71,70,70,69
20160129 13:38,14,40,18,39,20,55,56,92,84,44,10226,67,71,70,70,69
20160129 13:39,19,39,19,37,19,51,56,92,84,44,10226,67,70,70,70,69
20160129 13:40,12,28,17,34,5,28,56,92,84,44,10226,67,70,70,70,69
20160129 13:41,10,23,16,33,15,40,56,92,84,44,10226,68,70,70,70,69
20160129 13:42,21,27,18,32,27,42,56,92,84,44,10226,69,70,70,70,69
20160129 13:43,21,31,18,33,15,63,56,92,84,44,10227,69,70,70,70,69
20160129 13:44,14,35,17,34,13,50,56,92,84,44,10227,68,70,70,70,69
20160129 13:45,10,26,15,32,7,24,56,92,84,44,10227,67,70,70,70,69
20160129 13:46,8,27,14,31,8,53,56,92,84,44,10228,68,70,70,70,69
20160129 13:47,15,36,15,31,21,56,56,92,84,44,10228,67,70,70,70,69
20160129 13:48,17,35,14,30,13,44,55,92,83,43,10228,68,70,70,70,69
20160129 13:49,12,33,14,30,12,46,55,92,83,43,10228,68,70,70,70,69
20160129 13:50,16,31,15,31,21,41,55,92,83,43,10227,67,70,70,70,69
20160129 13:51,16,24,15,30,12,55,55,92,83,43,10227,68,70,70,70,69
20160129 13:52,14,22,14,30,16,32,55,92,83,43,10227,68,70,70,70,69
20160129 13:53,17,23,14,29,17,31,55,92,83,43,10227,68,70,70,70,69
20160129 13:54,15,28,14,28,13,45,55,92,83,43,10227,68,70,70,70,69
20160129 13:55,14,30,15,30,14,38,55,92,83,43,10226,67,70,70,70,69
20160129 13:56,16,31,16,29,18,45,55,92,83,43,10227,66,70,70,70,69
20160129 13:57,16,34,15,29,14,46,55,92,83,43,10227,66,70,70,70,69
20160129 13:58,13,38,15,30,12,57,55,92,83,43,10228,66,70,70,70,69
20160129 13:59,17,37,16,30,22,44,54,92,82,42,10228,65,70,70,70,69
20160129 14:00,23,34,16,31,24,55,54,91,82,41,10228,65,70,70,70,69
20160129 14:01,19,38,16,33,14,51,54,91,82,41,10228,65,70,70,70,69
20160129 14:02,11,39,16,34,8,50,54,92,82,42,10229,65,70,70,70,69
20160129 14:03,11,34,15,35,14,39,54,91,82,41,10228,64,70,70,70,69
20160129 14:04,10,33,15,35,6,57,54,91,82,41,10228,65,70,70,70,69
20160129 14:05,11,33,15,35,17,57,54,91,82,41,10228,64,70,70,70,69
20160129 14:06,15,40,14,37,13,63,54,91,82,41,10228,65,70,70,70,69
20160129 14:07,13,50,14,38,12,65,54,91,82,41,10228,65,70,70,70,69
20160129 14:08,17,43,15,38,21,45,54,91,82,41,10227,65,70,70,70,69
20160129 14:09,23,31,15,37,25,33,54,91,82,41,10227,66,70,70,70,69
20160129 14:10,14,23,13,36,2,29,54,91,82,41,10227,68,70,70,70,69
20160129 14:11,2,23,12,34,2,47,54,91,82,41,10227,69,70,70,70,69
20160129 14:12,7,32,12,34,12,54,54,92,82,42,10228,69,70,70,70,69
20160129 14:13,5,29,11,33,359,46,54,92,82,42,10228,68,69,70,70,69
20160129 14:14,357,23,10,32,356,29,54,91,82,41,10228,69,69,70,70,69
20160129 14:15,10,24,10,32,22,42,54,91,82,41,10228,69,69,70,70,69
20160129 14:16,14,27,9,29,4,38,54,91,82,41,10228,69,69,70,70,69
20160129 14:17,7,33,9,28,10,46,54,92,82,42,10228,69,69,70,70,69
20160129 14:18,17,36,10,28,24,46,54,91,82,41,10228,68,69,70,70,69
20160129 14:19,22,36,9,29,21,57,54,91,82,41,10228,68,69,70,70,69
20160129 14:20,18,35,11,30,15,46,54,91,82,41,10228,69,69,70,70,69
20160129 14:21,10,30,11,30,4,44,54,91,82,41,10228,69,69,70,70,69
20160129 14:22,7,27,10,29,10,44,54,91,82,41,10229,69,69,70,70,69
20160129 14:23,9,30,11,30,8,39,54,91,82,41,10229,69,69,70,70,69
20160129 14:24,18,34,15,32,28,48,54,91,82,41,10229,68,69,70,70,69
20160129 14:25,18,36,13,33,8,50,54,91,82,41,10230,68,69,70,70,69
20160129 14:26,14,36,15,33,20,45,54,91,82,41,10230,68,69,70,70,69
20160129 14:27,22,31,16,33,24,38,54,91,82,41,10230,67,69,70,70,69
20160129 14:28,26,25,17,31,28,37,54,91,82,41,10230,67,69,70,70,69
20160129 14:29,16,25,15,30,5,37,54,91,82,41,10231,68,69,70,70,69
20160129 14:30,3,34,14,31,2,51,54,91,82,41,10231,68,69,70,70,69
20160129 14:31,4,35,14,32,5,41,54,91,82,41,10232,67,69,70,70,69
20160129 14:32,2,28,13,31,358,34,54,91,82,41,10232,67,69,70,70,69
20160129 14:33,1,23,12,30,4,31,54,91,82,41,10232,67,69,70,70,69
20160129 14:34,3,24,10,30,2,58,54,92,82,42,10232,67,69,70,70,69
20160129 14:35,3,33,9,29,5,57,54,92,82,42,10232,66,69,70,70,69
20160129 14:36,6,33,8,29,7,41,54,92,82,42,10232,66,69,70,70,69
20160129 14:37,6,30,6,29,4,40,54,92,82,42,10232,66,69,70,70,69
20160129 14:38,357,30,2,30,350,38,54,92,82,42,10232,66,69,70,70,69
20160129 14:39,355,32,2,31,0,45,54,92,82,42,10232,65,69,70,70,69
20160129 14:40,5,30,2,29,9,34,54,92,82,42,10232,64,69,70,70,69
20160129 14:41,6,25,2,28,3,37,54,92,82,42,10231,64,69,70,70,69
20160129 14:42,1,27,2,29,0,39,54,92,82,42,10231,64,69,70,70,69
20160129 14:43,5,25,3,29,11,27,54,92,82,42,10230,64,69,70,70,69
20160129 14:44,356,26,1,29,342,57,54,92,82,42,10230,64,69,70,70,69
20160129 14:45,0,29,3,28,19,42,54,92,82,42,10229,64,69,70,70,69
20160129 14:46,3,33,1,29,347,68,54,92,82,42,10229,64,69,70,70,69
20160129 14:47,357,35,1,29,7,47,53,92,82,41,10229,64,69,70,70,69
20160129 14:48,5,30,2,29,4,46,53,92,82,41,10228,64,69,70,70,69
20160129 14:49,4,28,3,28,4,35,53,92,82,41,10228,64,69,70,70,69
20160129 14:50,5,32,2,30,6,52,53,92,82,41,10228,66,69,70,70,69
20160129 14:51,10,33,4,30,15,32,53,92,82,41,10228,66,69,70,70,69
20160129 14:52,5,25,3,29,355,32,53,92,82,41,10229,68,69,70,70,69
20160129 14:53,353,25,1,30,352,34,53,92,82,41,10229,68,69,70,70,69
20160129 14:54,357,26,3,29,1,35,53,92,82,41,10229,69,69,70,70,69
20160129 14:55,9,21,3,28,18,27,53,93,83,43,10229,69,69,70,70,69
20160129 14:56,10,21,4,27,2,37,53,93,83,43,10229,69,69,69,70,69
20160129 14:57,357,25,3,26,351,35,53,93,83,43,10230,68,69,69,70,69
20160129 14:58,348,30,1,27,345,44,53,93,83,43,10230,68,69,70,70,69
20160129 14:59,354,37,1,28,3,62,53,93,83,43,10231,67,69,70,70,69
20160129 15:00,359,40,0,28,355,52,53,93,83,43,10230,65,69,69,70,69
20160129 15:01,355,42,358,30,355,65,53,92,82,41,10230,65,69,70,70,69
20160129 15:02,351,47,357,33,348,68,53,92,82,41,10230,64,69,70,70,69
20160129 15:03,355,41,358,33,2,46,52,92,81,40,10230,64,69,69,70,69
20160129 15:04,6,30,359,34,10,56,52,92,81,40,10231,65,69,69,70,69
20160129 15:05,14,34,359,36,18,50,52,92,81,40,10232,65,69,69,70,69
20160129 15:06,13,27,359,35,7,26,52,92,81,40,10232,65,69,69,70,69
20160129 15:07,9,26,1,36,11,49,52,92,81,40,10232,66,69,69,70,69
20160129 15:08,7,41,3,37,3,54,52,92,81,40,10232,65,69,69,70,69
20160129 15:09,4,41,3,37,5,51,52,91,80,39,10232,65,69,69,70,69
20160129 15:10,13,33,6,36,21,58,52,91,80,39,10232,65,69,69,70,69
20160129 15:11,16,28,8,34,11,36,52,91,80,39,10232,65,69,69,70,69
20160129 15:12,18,36,11,34,26,85,52,91,80,39,10232,66,69,69,70,69
20160129 15:13,21,43,13,34,17,59,52,91,80,39,10231,65,69,69,70,69
20160129 15:14,20,37,14,35,23,61,52,91,80,39,10231,65,69,69,70,69
20160129 15:15,19,33,14,34,16,46,52,91,80,39,10231,65,69,69,70,69
20160129 15:16,20,34,16,36,23,45,52,91,80,39,10230,65,69,69,70,69
20160129 15:17,27,32,18,36,30,36,52,90,80,37,10229,66,69,69,70,70
20160129 15:18,32,28,21,34,34,47,52,90,80,37,10228,67,69,69,70,69
20160129 15:19,26,31,22,34,19,54,52,90,80,37,10229,67,69,69,70,69
20160129 15:20,22,30,22,33,26,49,52,90,80,37,10229,66,68,69,70,70
20160129 15:21,21,25,23,33,16,33,52,90,80,37,10230,66,68,69,70,70
20160129 15:22,10,23,21,31,5,32,52,90,80,37,10230,65,68,69,70,69
20160129 15:23,10,23,21,29,14,31,52,90,80,37,10229,65,68,69,70,70
20160129 15:24,13,23,20,28,13,32,52,90,80,37,10228,65,68,69,70,70
20160129 15:25,13,19,19,26,14,20,52,90,80,37,10228,65,68,69,70,70
20160129 15:26,14,16,18,24,13,27,52,90,80,37,10228,65,68,69,70,69
20160129 15:27,21,19,18,24,29,32,52,90,80,37,10229,64,68,69,70,69
20160129 15:28,27,21,17,23,24,32,52,90,80,37,10229,64,68,69,70,70
20160129 15:29,18,23,16,22,11,29,52,90,80,37,10230,64,68,69,70,70
20160129 15:30,17,25,16,22,22,37,52,90,80,37,10230,64,68,69,70,70
20160129 15:31,22,23,17,21,22,30,52,90,80,37,10230,64,68,69,70,70
20160129 15:32,24,22,19,21,26,32,52,90,80,37,10231,63,68,69,70,69
20160129 15:33,15,27,18,22,4,44,52,90,80,37,10231,63,68,69,70,69
20160129 15:34,5,33,17,23,5,55,52,90,80,37,10232,62,68,69,70,69
20160129 15:35,10,32,17,25,15,40,52,90,80,37,10233,62,68,69,70,70
20160129 15:36,13,33,17,27,12,51,52,90,80,37,10233,61,68,69,70,70
20160129 15:37,12,32,15,27,12,37,52,90,80,37,10232,61,68,69,70,70
20160129 15:38,19,26,16,28,27,41,52,90,80,37,10232,61,68,69,70,70
20160129 15:39,34,25,19,28,42,41,52,90,80,37,10232,61,68,69,70,70
20160129 15:40,36,26,19,28,30,36,52,90,80,37,10232,61,68,69,70,69
20160129 15:41,20,30,18,29,10,41,52,90,80,37,10233,61,68,69,70,70
20160129 15:42,11,30,17,30,11,39,52,90,80,37,10234,61,68,69,70,70
20160129 15:43,9,24,17,29,7,26,52,90,80,37,10235,61,68,69,70,70
20160129 15:44,0,21,16,27,353,32,52,90,80,37,10235,61,68,69,70,70
20160129 15:45,358,28,15,28,2,51,52,90,80,37,10235,61,68,69,70,70
20160129 15:46,355,34,12,27,348,51,52,90,80,37,10235,60,68,69,70,69
20160129 15:47,352,32,11,28,357,47,52,90,80,37,10234,59,68,69,70,70
20160129 15:48,7,26,10,27,17,33,52,90,80,37,10235,59,68,69,70,69
20160129 15:49,18,24,7,28,19,41,52,90,80,37,10235,59,68,69,70,69
20160129 15:50,24,23,7,27,30,28,52,90,80,37,10235,59,68,69,70,70
20160129 15:51,20,17,7,25,11,22,52,90,80,37,10235,59,67,69,70,70
20160129 15:52,3,18,6,24,355,40,52,90,80,37,10236,59,67,69,70,70
20160129 15:53,351,19,4,24,347,31,52,90,80,37,10237,60,67,69,70,70
20160129 15:54,353,24,4,25,358,44,52,90,80,37,10237,60,67,69,70,70
20160129 15:55,352,30,3,24,346,40,52,90,80,37,10238,59,67,69,70,70
20160129 15:56,6,27,7,24,28,39,52,90,80,37,10238,59,67,69,70,70
20160129 15:57,34,26,11,23,39,46,52,90,80,37,10237,59,67,69,70,70
20160129 15:58,39,32,13,25,38,61,52,90,80,37,10236,60,67,69,70,70
20160129 15:59,36,38,15,26,34,52,52,89,79,35,10237,59,67,69,70,70
20160129 16:00,23,35,13,27,11,38,52,89,79,35,10238,59,67,69,70,70
20160129 16:01,9,32,12,29,6,48,52,89,79,35,10238,60,67,69,70,70
20160129 16:02,22,33,17,30,38,43,52,89,79,35,10237,60,67,69,70,70
20160129 16:03,28,30,20,31,17,32,52,89,79,35,10238,60,67,69,70,70
20160129 16:04,20,23,22,30,23,29,52,89,79,35,10238,61,67,69,70,70
20160129 16:05,8,24,23,30,353,38,52,89,79,35,10238,61,66,69,70,70
20160129 16:06,351,22,19,29,348,23,52,89,79,35,10238,61,66,69,70,70
20160129 16:07,359,21,16,29,9,34,52,89,79,35,10239,61,66,69,70,70
20160129 16:08,13,22,14,27,16,28,52,89,79,35,10239,61,66,69,70,70
20160129 16:09,12,16,11,24,8,17,52,89,79,35,10239,60,66,69,70,70
20160129 16:10,3,14,10,23,358,20,52,89,79,35,10239,61,66,69,70,70
20160129 16:11,3,15,10,21,7,21,52,89,79,35,10239,61,66,69,70,70
20160129 16:12,12,16,8,20,16,31,52,89,79,35,10240,61,66,69,70,70
20160129 16:13,24,21,9,19,32,34,52,89,79,35,10240,61,66,69,70,70
20160129 16:14,24,27,8,20,17,40,52,89,79,35,10240,61,66,69,70,70
20160129 16:15,12,32,10,21,8,47,52,88,78,34,10240,60,66,69,70,70
20160129 16:16,358,32,10,22,348,42,52,88,78,34,10239,60,66,69,70,70
20160129 16:17,354,26,9,22,1,29,53,88,78,35,10238,61,66,69,70,70
20160129 16:18,359,25,7,23,358,43,53,88,78,35,10237,61,66,69,70,70
20160129 16:19,3,25,7,24,8,30,53,88,78,35,10237,61,66,69,70,70
20160129 16:20,7,21,8,24,6,26,53,88,78,35,10237,61,66,69,70,70
20160129 16:21,2,24,7,26,359,45,53,88,78,35,10237,61,66,69,70,70
20160129 16:22,8,26,7,26,17,33,53,89,79,36,10237,61,66,69,70,70
20160129 16:23,14,26,5,27,11,38,53,89,79,36,10236,60,66,69,70,70
20160129 16:24,10,30,5,27,9,49,53,89,79,36,10235,60,66,69,70,70
20160129 16:25,16,27,6,26,22,44,53,88,78,35,10235,60,66,69,70,70
20160129 16:26,22,29,9,26,22,49,53,88,78,35,10235,60,66,69,70,70
20160129 16:27,14,32,10,27,6,45,53,88,78,35,10234,60,66,69,70,70
20160129 16:28,5,37,10,29,4,74,53,88,78,35,10233,60,66,69,70,70
20160129 16:29,4,45,10,31,3,62,53,88,78,35,10233,60,66,69,70,70
20160129 16:30,3,33,9,31,2,35,53,88,78,35,10234,60,66,69,70,70
20160129 16:31,8,21,11,30,14,38,53,88,78,35,10235,60,66,69,70,70
20160129 16:32,15,22,11,31,17,39,53,88,78,35,10235,60,66,68,70,70
20160129 16:33,18,25,12,30,20,37,53,88,78,35,10236,61,65,68,70,70
20160129 16:34,19,26,13,30,17,42,53,88,78,35,10237,61,65,68,70,70
20160129 16:35,13,36,11,32,10,58,53,88,78,35,10238,60,65,68,70,70
20160129 16:36,3,44,9,33,355,61,53,87,77,33,10238,59,65,68,70,70
20160129 16:37,357,36,8,33,0,45,53,87,77,33,10239,59,65,68,70,70
20160129 16:38,4,26,9,30,8,33,53,87,77,33,10239,59,65,68,70,70
20160129 16:39,9,25,9,29,10,36,53,87,77,33,10239,59,65,68,70,70
20160129 16:40,10,23,10,28,10,28,53,87,77,33,10239,60,65,68,70,70
20160129 16:41,7,33,9,31,4,68,53,87,77,33,10239,60,65,68,70,70
20160129 16:42,9,49,9,33,13,65,53,87,77,33,10238,60,65,68,70,70
20160129 16:43,6,45,7,35,0,54,53,87,77,33,10237,60,65,68,70,70
20160129 16:44,6,35,6,35,12,49,53,87,77,33,10237,60,65,68,70,70
20160129 16:45,14,32,7,34,15,45,53,87,77,33,10236,60,65,68,70,70
20160129 16:46,3,34,6,33,351,45,53,87,77,33,10236,60,65,68,70,70
20160129 16:47,355,33,6,34,359,37,53,87,77,33,10236,60,65,68,70,70
20160129 16:48,359,24,5,33,359,28,53,87,77,33,10237,60,65,68,70,70
20160129 16:49,354,22,3,33,349,54,53,87,77,33,10238,59,65,68,70,70
20160129 16:50,356,31,2,35,2,48,53,87,77,33,10239,59,65,68,70,70
20160129 16:51,0,31,2,33,359,42,53,87,77,33,10239,58,65,68,70,70
20160129 16:52,4,31,2,31,10,53,53,87,77,33,10240,58,65,68,70,70
20160129 16:53,2,32,1,30,354,40,53,87,77,33,10240,58,65,68,70,70
20160129 16:54,351,36,358,31,347,55,53,87,77,33,10241,58,65,68,70,70
20160129 16:55,355,36,357,31,3,43,53,86,77,32,10242,57,65,68,70,70
20160129 16:56,7,38,359,32,12,64,53,86,77,32,10242,57,65,68,70,70
20160129 16:57,10,44,0,33,9,57,53,86,77,32,10242,56,65,68,70,70
20160129 16:58,12,35,2,34,15,37,53,86,77,32,10242,55,65,68,70,70
20160129 16:59,7,34,3,35,359,54,53,86,77,32,10244,56,65,68,70,70
20160129 17:00,3,36,4,35,7,44,53,86,77,32,10245,56,65,68,70,70
20160129 17:01,359,33,3,36,351,43,53,86,77,32,10246,55,65,68,70,70
20160129 17:02,1,29,3,35,12,41,53,86,77,32,10246,55,65,68,70,70
20160129 17:03,9,27,4,35,6,38,53,86,77,32,10247,55,65,68,70,70
20160129 17:04,1,29,5,33,356,42,53,86,77,32,10247,55,64,68,70,70
20160129 17:05,356,30,4,33,357,42,53,86,77,32,10247,55,64,68,70,70
20160129 17:06,355,31,3,32,354,39,53,86,77,32,10246,55,64,68,70,70
20160129 17:07,359,36,2,32,3,52,53,86,77,32,10246,55,64,68,70,70
20160129 17:08,9,35,2,32,16,44,53,86,77,32,10245,54,64,68,70,70
20160129 17:09,4,30,1,31,351,44,53,86,77,32,10245,54,64,68,70,70
20160129 17:10,355,30,0,31,359,38,53,86,77,32,10245,54,64,68,70,70
20160129 17:11,3,26,2,30,7,31,53,86,77,32,10245,54,64,68,70,70
20160129 17:12,9,34,2,32,11,65,53,86,77,32,10246,54,64,68,70,70
20160129 17:13,17,38,4,32,23,45,53,86,77,32,10246,53,64,68,70,70
20160129 17:14,16,30,5,32,10,43,53,86,77,32,10246,53,64,68,70,70
20160129 17:15,19,27,8,31,28,42,53,86,77,32,10246,53,64,68,70,70
20160129 17:16,15,33,9,32,2,64,53,86,77,32,10246,53,64,68,70,70
20160129 17:17,12,39,11,32,22,56,53,86,77,32,10247,53,64,68,70,70
20160129 17:18,20,37,11,33,18,51,53,86,77,32,10248,53,63,68,70,70
20160129 17:19,16,33,13,32,13,49,53,86,77,32,10248,52,63,68,70,70
20160129 17:20,8,26,14,32,4,36,53,86,77,32,10248,52,63,68,70,70
20160129 17:21,4,29,14,33,5,43,53,86,77,32,10248,52,63,68,70,70
20160129 17:22,5,34,13,32,5,44,53,86,77,32,10247,52,63,68,70,70
20160129 17:23,11,28,12,31,18,32,53,86,77,32,10247,52,63,68,70,70
20160129 17:24,13,24,12,31,8,34,53,86,77,32,10248,52,63,68,70,70
20160129 17:25,2,25,9,31,355,35,52,86,76,31,10248,52,63,68,70,70
20160129 17:26,0,25,9,30,5,37,52,86,76,31,10248,52,63,68,70,70
20160129 17:27,5,27,7,28,4,45,52,86,76,31,10249,52,63,68,70,70
20160129 17:28,359,28,5,28,354,37,52,86,76,31,10250,52,63,68,70,70
20160129 17:29,359,28,4,27,4,33,53,86,77,32,10251,52,63,67,70,70
20160129 17:30,1,25,3,27,357,30,53,86,77,32,10252,52,63,67,70,70
20160129 17:31,348,21,1,26,339,35,53,86,77,32,10253,52,62,67,70,70
20160129 17:32,353,24,1,25,7,38,53,86,77,32,10253,52,62,67,70,70
20160129 17:33,7,25,0,25,7,37,53,86,77,32,10254,52,62,67,70,70
20160129 17:34,357,23,358,25,347,30,53,86,77,32,10254,52,62,67,69,70
20160129 17:35,352,25,358,25,356,35,53,86,77,32,10253,52,62,67,69,70
20160129 17:36,0,30,358,26,4,54,53,86,77,32,10252,52,62,67,70,70
20160129 17:37,10,32,359,26,17,47,53,86,77,32,10251,52,62,67,70,70
20160129 17:38,16,33,1,27,14,46,52,86,76,31,10251,51,62,67,69,70
20160129 17:39,20,33,3,27,25,41,52,86,76,31,10251,51,62,67,69,70
20160129 17:40,14,28,4,28,2,35,52,86,76,31,10252,51,62,67,69,70
20160129 17:41,0,26,6,28,357,33,52,86,76,31,10252,51,62,67,69,70
20160129 17:42,3,28,6,28,9,45,52,86,76,31,10253,52,62,67,69,70
20160129 17:43,6,30,5,29,4,39,52,86,76,31,10252,51,62,67,69,70
20160129 17:44,3,37,7,31,2,58,52,86,76,31,10253,51,62,67,69,70
20160129 17:45,351,40,5,32,340,53,52,86,76,31,10255,51,61,67,69,70
20160129 17:46,344,30,4,31,347,29,52,86,76,31,10255,51,61,67,69,70
20160129 17:47,350,27,1,31,353,40,52,86,76,31,10254,51,61,67,69,70
20160129 17:48,355,29,359,31,356,52,52,86,76,31,10254,51,61,67,69,69
20160129 17:49,0,32,357,31,4,50,52,86,76,31,10255,51,61,67,69,70
20160129 17:50,6,30,358,31,9,34,52,86,76,31,10255,51,61,67,69,70
20160129 17:51,3,31,358,32,357,49,52,86,76,31,10255,51,61,67,69,70
20160129 17:52,3,38,358,33,10,48,52,86,76,31,10255,50,61,67,69,70
20160129 17:53,356,32,356,33,342,35,52,86,76,31,10254,50,61,67,69,70
20160129 17:54,351,23,356,30,0,34,52,86,76,31,10253,50,61,67,69,69
20160129 17:55,3,22,358,29,6,29,52,86,76,31,10253,50,61,67,69,70
20160129 17:56,13,19,2,28,21,21,52,86,76,31,10254,50,61,67,69,70
20160129 17:57,20,19,4,28,19,30,52,86,76,31,10254,50,61,67,69,70
20160129 17:58,10,24,5,27,0,34,52,86,76,31,10253,50,61,67,69,69
20160129 17:59,8,28,6,27,16,42,52,86,76,31,10252,50,61,67,69,69
20160129 18:00,26,25,9,26,37,29,52,86,76,31,10252,50,61,67,69,69
20160129 18:01,19,17,9,24,0,21,52,86,76,31,10252,50,60,67,69,70
20160129 18:02,0,21,8,22,0,35,52,86,76,31,10252,50,60,67,69,69
20160129 18:03,9,22,12,22,18,24,52,86,76,31,10252,50,60,67,69,69
20160129 18:04,19,18,14,21,19,28,52,86,76,31,10253,50,60,67,69,70
20160129 18:05,6,17,12,20,352,20,51,86,76,30,10254,50,60,67,69,70
20160129 18:06,6,11,12,20,19,13,51,86,76,30,10254,50,60,67,69,69
20160129 18:07,9,19,10,20,358,38,51,86,76,30,10255,50,60,67,69,69
20160129 18:08,4,24,11,20,9,37,51,86,76,30,10255,50,60,66,69,69
20160129 18:09,14,16,11,18,18,20,52,86,76,31,10255,50,60,66,69,69
20160129 18:10,9,17,7,18,359,30,52,86,76,31,10255,50,60,66,69,69
20160129 18:11,0,23,7,19,1,37,52,86,76,31,10255,50,60,66,69,69
20160129 18:12,6,28,8,20,10,47,52,86,76,31,10254,50,60,66,69,69
20160129 18:13,11,24,8,20,13,25,52,86,76,31,10254,50,60,66,69,69
20160129 18:14,18,19,8,20,22,34,52,86,76,31,10254,50,60,66,69,69
20160129 18:15,10,16,9,20,357,16,51,86,76,30,10255,50,60,66,69,69
20160129 18:16,5,12,8,20,13,24,51,86,76,30,10256,50,60,66,69,69
20160129 18:17,6,18,8,20,359,33,51,86,76,30,10256,50,60,66,69,69
20160129 18:18,354,20,6,19,349,25,51,86,76,30,10256,50,60,66,69,69
20160129 18:19,347,16,3,19,345,21,51,86,76,30,10257,50,59,66,69,69
20160129 18:20,347,15,2,19,350,20,51,86,76,30,10257,50,59,66,69,69
20160129 18:21,355,19,2,19,1,42,51,86,76,30,10257,50,59,66,69,69
20160129 18:22,357,28,0,19,354,45,52,86,76,31,10257,50,59,66,69,69
20160129 18:23,358,35,359,21,2,43,52,86,76,31,10256,50,59,66,69,69
20160129 18:24,0,30,357,21,357,40,52,86,76,31,10256,50,59,66,69,69
20160129 18:25,1,25,358,23,6,33,52,86,76,31,10256,50,59,66,69,69
20160129 18:26,0,24,356,24,354,32,52,86,76,31,10255,50,59,66,69,69
20160129 18:27,1,22,356,23,7,28,52,86,76,31,10255,50,59,66,69,69
20160129 18:28,13,24,359,24,18,43,52,86,76,31,10255,50,59,66,69,69
20160129 18:29,1,30,359,26,345,47,52,86,76,31,10255,50,59,66,69,69
20160129 18:30,353,33,1,28,2,42,52,86,76,31,10255,50,59,66,69,69
20160129 18:31,2,29,1,28,3,33,52,86,76,31,10254,50,59,66,69,69
20160129 18:32,0,26,1,27,358,33,52,86,76,31,10255,50,59,66,69,69
20160129 18:33,3,28,2,27,8,42,52,86,76,31,10255,50,59,66,69,69
20160129 18:34,18,30,5,28,28,39,52,86,76,31,10255,49,59,66,69,69
20160129 18:35,20,29,6,28,13,37,52,85,75,29,10256,49,59,66,69,69
20160129 18:36,3,22,5,27,353,25,52,85,75,29,10257,49,59,66,69,69
20160129 18:37,356,17,5,27,359,28,52,85,75,29,10258,49,59,66,69,69
20160129 18:38,0,18,3,26,1,35,52,86,76,31,10258,50,59,66,69,69
20160129 18:39,4,21,5,25,7,40,52,86,76,31,10258,49,59,66,69,69
20160129 18:40,2,30,5,25,357,43,52,85,75,29,10259,49,59,66,69,69
20160129 18:41,357,31,4,25,357,42,52,85,75,29,10259,49,59,66,69,69
20160129 18:42,4,29,5,26,10,44,52,85,75,29,10258,49,58,65,69,69
20160129 18:43,6,27,5,25,2,40,52,85,75,29,10258,49,58,65,69,69
20160129 18:44,3,29,2,25,5,53,52,86,76,31,10259,49,58,65,69,69
20160129 18:45,12,30,3,25,20,35,52,86,76,31,10259,49,58,65,69,69
20160129 18:46,5,29,3,27,350,42,52,86,76,31,10260,49,58,65,69,69
20160129 18:47,353,31,2,28,356,44,52,86,76,31,10260,49,58,65,69,69
20160129 18:48,7,31,4,30,18,48,52,86,76,31,10259,49,58,65,69,69
20160129 18:49,11,32,4,30,5,54,52,86,76,31,10259,49,58,65,69,69
20160129 18:50,5,28,5,29,4,33,52,86,76,31,10259,49,58,65,69,69
20160129 18:51,4,27,5,30,5,44,52,86,76,31,10260,49,58,65,69,69
20160129 18:52,7,39,5,31,9,64,52,86,76,31,10260,49,58,65,69,69
20160129 18:53,9,37,6,32,8,49,52,86,76,31,10260,49,58,65,69,69
20160129 18:54,7,31,6,32,5,41,52,86,76,31,10260,48,58,65,69,69
20160129 18:55,358,32,3,32,351,47,52,86,76,31,10260,48,58,65,69,69
20160129 18:56,3,34,6,33,15,50,52,86,76,31,10260,48,58,65,69,69
20160129 18:57,9,33,6,33,4,42,51,86,76,30,10260,48,58,65,69,69
20160129 18:58,3,31,5,33,3,40,51,86,76,30,10260,48,58,65,69,69
20160129 18:59,358,33,4,33,354,48,51,86,76,30,10260,48,58,65,69,69
20160129 19:00,356,32,3,33,358,46,51,86,76,30,10259,48,58,65,68,69
20160129 19:01,6,28,4,33,13,39,51,87,76,31,10259,48,58,65,68,69
20160129 19:02,14,27,5,31,15,35,51,87,76,31,10259,48,58,65,68,69
20160129 19:03,11,30,5,32,7,45,51,87,76,31,10259,48,58,65,68,69
20160129 19:04,6,36,4,32,4,52,51,87,76,31,10260,48,58,65,68,69
20160129 19:05,3,36,5,32,2,52,51,87,76,31,10260,48,58,65,68,69
20160129 19:06,7,27,5,31,13,27,51,87,76,31,10261,48,58,65,68,69
20160129 19:07,10,26,6,31,7,52,50,87,76,30,10262,48,58,65,68,69
20160129 19:08,6,30,6,30,5,39,50,87,76,30,10262,48,58,65,68,69
20160129 19:09,14,23,9,29,22,31,50,87,76,30,10262,48,57,65,68,69
20160129 19:10,13,18,9,28,3,29,50,88,77,32,10263,48,57,65,68,69
20160129 19:11,0,19,7,27,356,38,50,88,77,32,10263,48,57,65,68,69
20160129 19:12,356,21,5,26,355,31,50,88,77,32,10262,48,57,65,68,69
20160129 19:13,3,17,6,24,11,16,50,88,77,32,10262,48,57,65,68,69
20160129 19:14,19,14,8,22,27,27,50,88,77,32,10261,48,57,65,68,69
20160129 19:15,18,23,9,21,9,40,50,88,77,32,10261,48,57,65,68,69
20160129 19:16,8,26,8,22,6,42,50,88,77,32,10261,48,57,65,68,69
20160129 19:17,2,25,7,21,357,38,49,88,76,31,10262,48,57,64,68,69
20160129 19:18,351,24,5,21,344,35,49,89,77,32,10262,48,57,65,68,69
20160129 19:19,347,20,2,21,350,33,49,89,77,32,10263,48,57,65,68,69
20160129 19:20,351,23,1,22,354,36,49,89,77,32,10263,48,57,64,68,69
20160129 19:21,352,22,0,21,351,23,49,89,77,32,10263,48,57,64,68,69
20160129 19:22,352,22,0,22,353,42,49,89,77,32,10263,48,57,64,68,69
20160129 19:23,355,25,359,23,358,32,49,89,77,32,10263,48,57,64,68,69
20160129 19:24,7,22,358,23,17,29,49,89,77,32,10263,48,57,64,68,69
20160129 19:25,10,23,357,23,3,38,49,89,77,32,10263,48,57,64,68,69
20160129 19:26,2,29,357,24,0,44,49,89,77,32,10262,48,57,64,68,69
20160129 19:27,10,28,359,24,19,30,49,89,77,32,10263,48,57,64,68,69
20160129 19:28,12,22,1,24,6,40,49,89,77,32,10263,48,57,64,68,69
20160129 19:29,3,27,2,25,0,53,49,89,77,32,10263,48,57,64,68,69
20160129 19:30,0,32,3,25,359,38,49,89,77,32,10262,48,57,64,68,69
20160129 19:31,6,23,5,25,13,21,49,89,77,32,10262,48,57,64,68,69
20160129 19:32,10,20,6,25,8,34,49,89,77,32,10262,48,57,64,68,69
20160129 19:33,1,22,6,25,354,36,49,89,77,32,10262,48,57,64,68,69
20160129 19:34,357,18,4,24,1,22,49,89,77,32,10262,48,57,64,68,69
20160129 19:35,355,19,3,24,350,28,49,89,77,32,10262,48,57,64,68,69
20160129 19:36,359,17,4,22,9,18,49,89,77,32,10262,48,57,64,68,69
20160129 19:37,10,14,3,21,10,20,48,89,77,31,10263,48,57,64,68,69
20160129 19:38,8,14,3,20,7,22,48,89,77,31,10263,48,56,64,68,69
20160129 19:39,4,17,3,19,0,30,48,90,77,33,10263,48,56,64,68,69
20160129 19:40,6,21,4,18,11,28,48,90,77,33,10263,48,56,64,68,69
20160129 19:41,16,18,5,18,21,23,48,90,77,33,10263,48,56,64,68,69
20160129 19:42,7,16,4,17,353,24,48,90,77,33,10263,48,56,64,68,69
20160129 19:43,354,18,4,17,354,25,48,90,77,33,10264,48,56,64,68,69
20160129 19:44,347,20,1,18,339,26,48,90,77,33,10264,48,56,64,68,69
20160129 19:45,348,24,2,18,357,45,48,90,77,33,10264,48,56,64,68,69
20160129 19:46,347,29,359,20,338,40,48,90,77,33,10264,48,56,64,68,69
20160129 19:47,344,30,357,21,351,35,48,90,77,33,10264,48,56,64,68,69
20160129 19:48,356,26,356,22,1,28,48,89,77,31,10264,48,56,64,68,69
20160129 19:49,2,23,357,23,3,32,48,89,77,31,10264,48,56,64,68,69
20160129 19:50,5,25,356,23,7,36,48,89,77,31,10264,48,56,64,68,69
20160129 19:51,5,25,355,24,3,31,48,89,77,31,10263,48,56,64,68,69
20160129 19:52,9,25,357,25,14,42,48,89,77,31,10263,47,56,64,68,69
20160129 19:53,9,31,358,27,4,44,48,89,77,31,10263,47,56,64,68,69
20160129 19:54,356,31,359,27,348,38,48,89,77,31,10262,47,56,64,68,69
20160129 19:55,348,25,358,27,349,35,48,89,77,31,10262,47,56,64,68,69
20160129 19:56,354,27,0,27,0,50,48,89,77,31,10262,47,56,64,68,69
20160129 19:57,358,31,1,27,357,42,48,89,77,31,10262,47,56,64,68,69
20160129 19:58,352,30,359,28,347,41,48,89,77,31,10263,47,56,63,68,69
20160129 19:59,348,30,358,29,349,52,48,89,77,31,10262,47,56,64,68,69
20160129 20:00,351,31,356,29,353,45,48,89,77,31,10262,47,56,63,68,69
