time_now,wd_avg_2mins,ws_avg_2mins,wd_avg_10mins,ws_avg_10mins,wd_maxsp_this_min,ws_maxsp_this_min,air_temp_by_box,relative_humidity,water_vapor_pressure,dew_temp,station_pressure,ground_temp_pt,ground_tem_5cm,ground_tem_10cm,ground_tem_15cm,ground_tem_20cm
20150129 20:01,55,27,50,26,56,48,49,73,63,5,10274,41,50,59,68,73
20150129 20:02,55,30,52,27,54,48,49,73,63,5,10274,41,50,59,68,73
20150129 20:03,54,28,52,26,54,37,49,73,63,5,10274,41,50,59,68,73
20150129 20:04,55,26,53,26,56,35,49,73,63,5,10274,41,50,59,68,73
20150129 20:05,54,26,53,26,53,42,49,73,63,5,10274,41,50,59,68,73
20150129 20:06,54,30,53,27,54,43,49,73,63,5,10273,41,50,59,68,73
20150129 20:07,55,32,53,27,55,48,49,73,63,5,10273,41,50,59,68,73
20150129 20:08,60,33,55,28,64,48,49,73,63,5,10274,41,50,59,68,73
20150129 20:09,57,31,55,29,50,35,49,73,63,5,10274,41,50,59,68,73
20150129 20:10,52,31,55,30,53,43,49,73,63,5,10274,40,50,59,68,73
20150129 20:11,53,29,55,30,54,34,49,73,63,5,10274,40,50,59,68,73
20150129 20:12,52,23,54,29,50,38,49,73,63,5,10274,40,50,59,68,73
20150129 20:13,59,26,56,29,68,45,49,73,63,5,10274,40,50,59,68,73
20150129 20:14,60,23,55,28,53,24,49,73,63,5,10274,40,50,59,68,73
20150129 20:15,53,20,55,28,53,36,49,73,63,5,10274,40,50,59,68,73
20150129 20:16,55,24,56,27,57,36,49,73,63,5,10274,40,50,59,68,73
20150129 20:17,58,24,56,26,58,35,49,73,63,5,10274,40,50,59,68,73
20150129 20:18,56,25,55,25,54,41,49,73,63,5,10274,40,50,59,68,73
20150129 20:19,56,26,56,25,58,36,49,73,63,5,10273,40,50,59,68,73
20150129 20:20,58,27,56,24,58,33,49,73,63,5,10273,40,50,59,68,73
20150129 20:21,56,26,56,24,55,34,49,73,63,5,10273,40,50,59,68,73
20150129 20:22,53,25,57,25,52,35,49,73,63,5,10273,40,49,59,68,73
20150129 20:23,55,24,56,24,57,32,49,73,63,5,10273,40,49,59,68,73
20150129 20:24,57,24,56,25,56,36,49,73,63,5,10273,40,49,59,68,73
20150129 20:25,54,25,56,25,52,33,49,73,63,5,10274,40,49,59,68,73
20150129 20:26,51,27,55,25,49,39,49,73,63,5,10274,40,49,59,68,73
20150129 20:27,45,26,53,25,41,37,49,73,63,5,10274,40,49,59,68,73
20150129 20:28,47,26,53,26,53,36,49,73,63,5,10274,40,49,59,68,73
20150129 20:29,52,26,53,25,52,34,49,73,63,5,10274,40,49,59,68,73
20150129 20:30,52,22,52,25,52,25,49,73,63,5,10274,40,49,59,68,73
20150129 20:31,54,19,52,24,57,35,49,73,63,5,10273,40,49,59,68,73
20150129 20:32,53,26,52,25,49,44,49,73,63,5,10273,40,49,59,68,73
20150129 20:33,52,29,52,25,54,35,49,73,63,5,10273,40,49,58,68,73
20150129 20:34,56,28,52,26,57,41,49,73,63,5,10273,40,49,59,67,73
20150129 20:35,53,29,51,26,49,36,49,73,63,5,10273,40,49,58,67,73
20150129 20:36,54,27,52,26,59,42,49,73,63,5,10273,40,49,58,67,73
20150129 20:37,60,24,54,25,60,35,49,73,63,5,10273,40,49,58,67,73
20150129 20:38,61,22,55,25,62,28,49,73,63,5,10273,40,49,58,67,73
20150129 20:39,60,21,56,24,58,28,49,73,63,5,10274,40,49,58,67,73
20150129 20:40,56,24,56,25,53,42,49,73,63,5,10274,40,49,58,67,73
20150129 20:41,51,33,55,27,48,51,49,73,63,5,10274,40,49,58,67,73
20150129 20:42,51,28,55,26,54,28,49,73,63,5,10274,40,49,58,67,73
20150129 20:43,55,21,56,25,56,35,49,73,63,5,10274,40,49,58,67,73
20150129 20:44,58,24,56,25,60,34,49,73,63,5,10274,40,49,58,67,73
20150129 20:45,56,29,56,26,52,49,49,73,63,5,10274,40,49,58,67,73
20150129 20:46,53,36,56,27,54,53,49,72,62,3,10274,40,49,58,67,73
20150129 20:47,53,35,55,28,53,47,49,72,62,3,10274,40,49,58,67,73
20150129 20:48,51,31,54,29,50,45,49,72,62,3,10274,40,49,58,67,73
20150129 20:49,55,28,54,29,60,32,49,72,62,3,10274,40,49,58,67,73
20150129 20:50,57,26,54,29,55,35,49,72,62,3,10274,40,49,58,67,73
20150129 20:51,58,27,55,28,60,38,49,72,62,3,10274,40,49,58,67,73
20150129 20:52,57,31,55,30,54,47,49,72,62,3,10274,40,49,58,67,73
20150129 20:53,57,32,56,30,60,38,49,72,62,3,10274,40,49,58,67,73
20150129 20:54,58,30,55,31,56,41,49,72,62,3,10274,40,49,58,67,73
20150129 20:55,56,29,56,30,57,40,49,72,62,3,10274,40,49,58,67,73
20150129 20:56,56,25,56,29,54,32,49,72,62,3,10274,40,49,58,67,73
20150129 20:57,61,25,57,28,67,40,49,72,62,3,10274,39,49,58,67,73
20150129 20:58,65,23,59,27,63,30,49,72,62,3,10274,39,49,58,67,73
20150129 20:59,65,20,59,27,66,30,49,72,62,3,10274,39,49,58,67,73
20150129 21:00,62,20,60,26,59,30,49,73,63,5,10274,39,49,58,67,73
20150129 21:01,58,22,59,26,57,31,49,73,63,5,10274,39,49,58,67,73
20150129 21:02,63,22,61,24,68,31,49,72,62,3,10275,39,49,58,67,73
20150129 21:03,63,18,60,23,57,25,49,72,62,3,10275,39,49,58,67,73
20150129 21:04,56,24,60,23,55,45,49,73,63,5,10275,39,49,58,67,73
20150129 21:05,57,29,60,23,58,38,49,72,62,3,10275,39,49,58,67,73
20150129 21:06,54,27,60,23,50,32,49,72,62,3,10275,39,49,58,67,73
20150129 21:07,53,26,59,23,55,35,49,72,62,3,10275,39,49,58,67,73
20150129 21:08,58,22,59,23,62,23,49,72,62,3,10275,39,49,58,67,73
20150129 21:09,57,22,57,24,52,34,49,72,62,3,10275,39,48,58,67,73
20150129 21:10,47,25,56,24,42,36,49,72,62,3,10275,39,48,58,67,73
20150129 21:11,49,23,56,24,56,36,49,72,62,3,10275,39,48,58,67,73
20150129 21:12,59,22,55,24,62,37,49,72,62,3,10275,39,48,58,67,73
20150129 21:13,58,23,55,25,54,33,49,72,62,3,10275,39,48,58,67,73
20150129 21:14,57,22,55,24,60,30,49,72,62,3,10275,39,48,58,67,73
20150129 21:15,58,22,55,23,55,36,49,72,62,3,10275,39,48,58,67,73
20150129 21:16,57,24,56,23,59,38,49,73,63,5,10275,39,48,58,67,73
20150129 21:17,56,28,56,24,54,44,49,72,62,3,10274,39,48,58,67,73
20150129 21:18,56,30,55,25,58,40,49,72,62,3,10274,39,48,58,67,73
20150129 21:19,54,28,55,25,50,45,49,72,62,3,10274,39,48,58,67,73
20150129 21:20,50,25,56,25,51,31,49,72,62,3,10274,39,48,58,67,73
20150129 21:21,51,23,55,25,51,34,49,72,62,3,10274,39,48,58,67,73
20150129 21:22,52,25,54,25,53,39,49,72,62,3,10274,39,48,58,67,73
20150129 21:23,54,26,55,26,55,36,49,72,62,3,10274,39,48,58,67,73
20150129 21:24,52,23,53,26,49,29,49,73,63,5,10274,39,48,58,67,73
20150129 21:25,53,21,54,25,56,25,49,73,63,5,10274,39,48,57,67,73
20150129 21:26,56,24,53,26,55,42,49,73,63,5,10274,39,48,57,67,73
20150129 21:27,55,26,53,25,55,32,49,72,62,3,10274,39,48,57,67,73
20150129 21:28,59,28,54,25,63,46,49,72,62,3,10274,39,48,58,67,73
20150129 21:29,59,28,54,25,56,32,49,72,62,3,10274,39,48,57,67,73
20150129 21:30,57,24,55,25,58,40,49,73,63,5,10273,39,48,57,67,73
20150129 21:31,57,24,56,25,56,34,49,73,63,5,10273,39,48,57,67,73
20150129 21:32,56,26,56,25,56,39,48,73,63,4,10273,39,48,57,67,73
20150129 21:33,59,27,57,25,62,42,48,73,63,4,10273,39,48,57,67,73
20150129 21:34,56,30,57,27,51,43,49,73,63,5,10273,39,48,57,67,73
20150129 21:35,49,28,56,27,47,40,49,72,62,3,10273,39,48,57,67,73
20150129 21:36,52,21,56,26,56,33,49,73,63,5,10273,39,48,57,67,73
20150129 21:37,54,20,56,26,52,33,49,73,63,5,10273,39,48,57,67,73
20150129 21:38,54,21,55,25,56,28,49,73,63,5,10273,39,48,57,67,73
20150129 21:39,55,21,55,24,55,30,49,73,63,5,10273,39,48,57,67,72
20150129 21:40,58,20,55,24,62,31,48,73,63,4,10273,39,48,57,66,72
20150129 21:41,56,18,55,23,49,22,48,73,63,4,10274,39,48,57,66,73
20150129 21:42,46,18,53,22,42,35,48,73,63,4,10274,39,48,57,66,72
20150129 21:43,45,20,52,22,49,35,48,73,63,4,10274,39,48,57,66,72
20150129 21:44,49,19,52,20,49,28,48,73,63,4,10274,39,48,57,67,72
20150129 21:45,53,16,53,19,57,33,48,73,63,4,10273,39,48,57,66,72
20150129 21:46,60,19,53,19,63,29,48,73,63,4,10273,39,48,57,66,72
20150129 21:47,60,22,54,19,57,31,48,73,63,4,10273,39,48,57,66,72
20150129 21:48,57,22,54,20,57,28,48,73,63,4,10273,39,48,57,66,72
20150129 21:49,57,22,54,19,57,27,48,73,63,4,10273,39,48,57,66,72
20150129 21:50,54,25,53,21,51,42,48,73,63,4,10273,39,48,57,66,72
20150129 21:51,53,26,54,21,55,35,48,73,63,4,10273,39,48,57,66,72
20150129 21:52,56,29,55,23,57,43,48,73,63,4,10273,39,48,57,66,72
20150129 21:53,54,33,55,24,50,45,48,73,63,4,10273,39,48,57,66,72
20150129 21:54,49,27,55,24,48,30,48,72,62,2,10273,39,48,57,66,72
20150129 21:55,51,20,55,25,53,35,48,72,62,2,10273,39,48,57,66,72
20150129 21:56,53,22,54,25,54,38,48,72,62,2,10273,39,48,57,66,72
20150129 21:57,55,27,54,26,56,41,49,72,62,3,10273,39,48,57,66,72
20150129 21:58,56,31,54,27,56,45,49,72,62,3,10273,39,48,57,66,72
20150129 21:59,56,31,54,28,56,39,49,72,62,3,10273,39,48,57,66,72
20150129 22:00,57,26,54,27,59,31,49,72,62,3,10273,39,48,57,66,72
20150129 22:01,56,24,54,27,52,33,49,72,62,3,10273,39,48,57,66,72
20150129 22:02,52,27,54,27,52,40,49,72,62,3,10273,39,48,57,66,72
20150129 22:03,54,26,54,26,56,38,49,72,62,3,10273,39,48,57,66,72
20150129 22:04,58,28,55,27,59,37,49,72,62,3,10273,39,48,57,66,72
20150129 22:05,58,31,56,28,56,45,49,72,62,3,10273,39,48,57,66,72
20150129 22:06,60,30,57,28,65,41,49,72,62,3,10273,39,48,57,66,72
20150129 22:07,64,22,57,27,62,27,49,72,62,3,10273,39,48,57,66,72
20150129 22:08,61,21,58,26,60,38,48,73,63,4,10272,39,48,57,66,72
20150129 22:09,60,27,58,26,60,37,48,72,62,2,10272,39,48,57,66,72
20150129 22:10,61,25,58,26,62,31,48,72,62,2,10272,39,48,57,66,72
20150129 22:11,60,24,59,26,58,35,48,72,62,2,10272,39,48,57,66,72
20150129 22:12,54,26,59,26,51,37,48,72,62,2,10272,39,48,57,66,72
20150129 22:13,56,23,59,26,61,37,48,72,62,2,10272,39,48,57,66,72
20150129 22:14,62,20,60,24,63,23,48,73,63,4,10272,39,48,57,66,72
20150129 22:15,60,20,60,23,58,36,48,73,63,4,10272,39,48,57,66,72
20150129 22:16,59,23,60,23,60,39,48,73,63,4,10272,39,48,57,66,72
20150129 22:17,60,21,59,23,61,23,48,73,63,4,10272,39,47,57,66,72
20150129 22:18,59,21,59,23,57,38,48,72,62,2,10273,39,48,57,66,72
20150129 22:19,51,24,58,23,44,39,48,72,62,2,10273,39,47,57,66,72
20150129 22:20,49,27,57,23,54,41,48,72,62,2,10273,39,47,57,66,72
20150129 22:21,55,27,57,23,56,34,48,72,62,2,10274,39,47,57,66,72
20150129 22:22,57,22,57,23,58,28,48,72,62,2,10273,39,47,57,66,72
20150129 22:23,59,20,57,23,61,24,48,72,62,2,10273,39,47,57,66,72
20150129 22:24,62,20,57,23,63,28,48,72,62,2,10273,39,47,57,66,72
20150129 22:25,59,18,57,22,56,23,48,72,62,2,10273,39,47,57,66,72
20150129 22:26,57,18,57,22,58,25,48,73,63,4,10273,39,47,57,66,72
20150129 22:27,55,17,56,21,52,21,48,73,63,4,10273,39,47,57,66,72
20150129 22:28,53,16,56,21,54,30,48,73,63,4,10273,39,47,57,66,72
20150129 22:29,54,15,57,19,54,20,48,73,63,4,10273,39,47,56,66,72
20150129 22:30,52,21,56,20,51,37,48,73,63,4,10273,39,47,57,66,72
20150129 22:31,53,28,56,20,56,35,48,72,62,2,10273,39,47,57,66,72
20150129 22:32,59,24,57,20,61,28,48,72,62,2,10273,39,47,56,66,72
20150129 22:33,58,22,56,20,54,36,48,72,62,2,10273,39,47,56,66,72
20150129 22:34,60,23,56,20,66,36,48,72,62,2,10273,39,47,56,66,72
20150129 22:35,63,25,56,21,59,36,48,72,62,2,10272,39,47,56,66,72
20150129 22:36,57,27,56,22,55,41,48,72,62,2,10272,39,47,56,66,72
20150129 22:37,51,24,56,23,47,33,49,72,62,3,10273,39,47,56,66,72
20150129 22:38,52,18,56,23,57,29,49,72,62,3,10273,39,47,56,66,72
20150129 22:39,55,20,56,24,53,42,49,73,63,5,10273,39,47,56,66,72
20150129 22:40,46,22,55,23,39,29,49,73,63,5,10273,39,47,56,66,72
20150129 22:41,42,20,54,23,44,35,49,72,62,3,10273,39,47,56,66,72
20150129 22:42,47,23,52,23,49,32,49,73,63,5,10274,39,47,56,66,72
20150129 22:43,48,26,51,23,46,37,49,73,63,5,10274,39,47,56,66,72
20150129 22:44,47,31,50,24,49,51,49,73,63,5,10274,39,47,56,66,72
20150129 22:45,47,28,49,24,46,36,49,73,63,5,10274,39,47,56,66,72
20150129 22:46,49,19,48,23,52,33,49,73,63,5,10274,39,47,56,66,72
20150129 22:47,44,19,47,23,37,35,49,73,63,5,10274,39,47,56,66,72
20150129 22:48,43,23,46,24,49,33,49,73,63,5,10274,39,47,56,66,72
20150129 22:49,47,24,46,23,44,37,49,73,63,5,10274,39,47,56,66,72
20150129 22:50,45,24,46,24,45,35,49,73,63,5,10274,39,47,56,66,72
20150129 22:51,50,21,47,24,55,28,49,73,63,5,10273,39,47,56,66,72
20150129 22:52,47,23,46,24,40,45,49,73,63,5,10273,39,47,56,66,72
20150129 22:53,43,23,46,23,47,27,49,73,63,5,10273,39,47,56,66,72
20150129 22:54,53,21,47,22,58,33,49,73,63,5,10272,39,47,56,66,72
20150129 22:55,54,21,48,22,49,26,49,73,63,5,10272,39,47,56,66,72
20150129 22:56,43,21,46,22,36,29,49,73,63,5,10273,39,47,56,66,72
20150129 22:57,43,23,47,23,49,27,49,73,63,5,10273,39,47,56,66,72
20150129 22:58,45,21,46,22,40,28,49,73,63,5,10273,39,47,56,66,72
20150129 22:59,42,23,46,22,43,35,49,73,63,5,10273,39,47,56,65,72
20150129 23:00,41,22,45,22,38,28,49,73,63,5,10273,39,47,56,66,72
20150129 23:01,41,24,44,23,43,36,49,73,63,5,10273,39,47,56,66,72
20150129 23:02,49,31,46,23,54,44,49,73,63,5,10273,39,47,56,65,72
20150129 23:03,50,29,46,24,46,38,49,73,63,5,10273,39,47,56,65,72
20150129 23:04,46,29,44,25,46,50,49,73,63,5,10272,39,47,56,65,72
20150129 23:05,45,33,44,26,44,44,49,73,63,5,10272,39,47,56,65,72
20150129 23:06,46,33,45,27,47,42,49,73,63,5,10272,39,47,56,65,72
20150129 23:07,51,27,45,27,54,32,49,73,63,5,10272,39,47,56,65,72
20150129 23:08,48,25,46,28,42,40,49,73,63,5,10272,39,47,56,65,72
20150129 23:09,46,27,46,28,51,42,49,73,63,5,10273,38,47,56,65,72
20150129 23:10,50,28,48,29,49,40,49,73,63,5,10273,38,47,56,65,72
20150129 23:11,44,33,47,30,39,48,49,73,63,5,10273,38,47,56,65,72
20150129 23:12,39,35,46,30,39,44,49,73,63,5,10273,38,47,56,65,72
20150129 23:13,40,30,45,30,42,41,49,73,63,5,10273,38,47,56,65,72
20150129 23:14,44,25,45,29,45,35,49,73,63,5,10273,38,47,56,65,72
20150129 23:15,45,29,45,29,44,49,49,73,63,5,10273,38,47,56,65,72
20150129 23:16,47,35,45,30,49,57,49,73,63,5,10273,38,47,56,65,72
20150129 23:17,44,31,44,30,40,38,49,73,63,5,10273,38,47,56,65,72
20150129 23:18,44,30,45,31,48,44,49,73,63,5,10272,38,47,56,65,72
20150129 23:19,48,27,44,30,48,29,49,73,63,5,10272,39,47,56,65,72
20150129 23:20,47,24,44,30,46,38,49,73,63,5,10273,39,47,56,65,72
20150129 23:21,44,32,44,30,41,57,49,73,63,5,10274,39,47,56,65,72
20150129 23:22,42,30,45,29,43,31,49,73,63,5,10274,39,47,56,65,72
20150129 23:23,46,25,45,29,49,34,49,73,63,5,10273,39,47,56,65,72
20150129 23:24,46,30,45,30,43,51,49,73,63,5,10272,39,47,56,65,72
20150129 23:25,47,35,46,30,51,58,49,73,63,5,10271,39,47,56,65,72
20150129 23:26,52,37,46,30,53,59,49,73,63,5,10271,39,47,56,65,72
20150129 23:27,54,31,48,30,55,33,49,73,63,5,10270,39,47,56,65,72
20150129 23:28,60,25,49,29,64,37,49,73,63,5,10270,39,47,56,65,72
20150129 23:29,63,27,51,30,61,42,49,73,63,5,10270,39,47,56,65,72
20150129 23:30,60,28,52,30,58,47,49,73,63,5,10270,39,47,56,65,72
20150129 23:31,58,32,53,30,57,52,49,73,63,5,10270,39,47,56,65,72
20150129 23:32,60,39,56,32,64,57,49,73,63,5,10270,39,47,56,65,72
20150129 23:33,55,36,55,32,46,45,49,73,63,5,10270,39,47,56,65,72
20150129 23:34,50,27,56,31,54,30,49,73,63,5,10270,39,47,56,65,72
20150129 23:35,56,30,57,31,58,51,49,73,63,5,10270,39,46,56,65,71
20150129 23:36,55,32,57,30,52,41,49,73,63,5,10270,39,46,56,65,72
20150129 23:37,51,26,56,30,50,39,49,73,63,5,10270,39,46,56,65,71
20150129 23:38,54,29,56,31,57,49,49,73,63,5,10270,39,46,56,65,72
20150129 23:39,53,35,54,32,49,48,49,73,63,5,10270,39,46,56,65,72
20150129 23:40,48,33,53,32,47,41,49,73,63,5,10270,39,46,56,65,71
20150129 23:41,48,24,52,31,48,29,49,73,63,5,10270,39,46,56,65,71
20150129 23:42,51,24,51,29,53,41,49,73,63,5,10270,39,46,56,65,71
20150129 23:43,52,29,52,29,51,39,48,73,63,4,10270,39,46,56,65,71
20150129 23:44,47,34,51,30,43,54,49,73,63,5,10270,39,46,56,65,71
20150129 23:45,45,37,50,30,47,51,49,73,63,5,10270,39,46,56,65,71
20150129 23:46,46,32,49,30,44,40,49,73,63,5,10270,39,46,56,65,71
20150129 23:47,50,24,49,30,55,27,49,73,63,5,10270,38,46,55,65,71
20150129 23:48,51,26,48,30,47,40,48,74,64,6,10270,38,46,55,65,71
20150129 23:49,51,35,49,30,56,58,48,74,64,6,10270,38,46,55,65,71
20150129 23:50,53,37,49,31,50,57,48,73,63,4,10271,39,46,55,65,71
20150129 23:51,42,33,48,32,34,44,49,73,63,5,10271,39,46,55,65,71
20150129 23:52,39,31,47,32,44,47,49,73,63,5,10270,39,46,55,65,71
20150129 23:53,42,34,46,33,40,54,49,73,63,5,10270,39,46,55,65,71
20150129 23:54,44,34,47,32,48,44,49,73,63,5,10269,38,46,55,65,71
20150129 23:55,46,33,46,32,44,54,48,74,64,6,10269,38,46,55,65,71
20150129 23:56,49,34,47,33,54,46,48,74,64,6,10268,38,46,55,65,71
20150129 23:57,50,34,46,34,45,67,48,74,64,6,10268,38,46,55,65,71
20150129 23:58,44,41,46,36,44,66,48,74,64,6,10268,38,46,55,65,71
20150129 23:59,44,46,45,36,45,54,48,74,64,6,10268,38,46,55,65,71
20150129 00:00,48,36,45,35,50,39,48,74,64,6,10267,38,46,55,65,71
20150129 00:01,52,30,47,35,54,52,48,75,64,7,10267,38,46,55,65,71
20150129 00:02,56,32,48,36,58,52,48,75,64,7,10266,38,46,55,65,71
20150129 00:03,57,35,50,36,56,46,48,75,64,7,10266,38,46,55,65,71
20150129 00:04,55,34,50,35,54,49,48,75,64,7,10266,38,46,55,65,71
20150129 00:05,51,33,51,35,48,50,48,75,64,7,10266,37,46,55,65,71
20150129 00:06,49,39,50,36,51,60,48,76,65,9,10266,37,46,55,65,71
20150129 00:07,52,37,51,36,54,47,48,76,65,9,10266,37,46,55,65,71
20150129 00:08,53,33,52,35,52,57,48,76,65,9,10265,37,46,55,65,71
20150129 00:09,52,38,53,35,53,53,47,76,65,8,10265,37,46,55,65,71
20150129 00:10,54,36,54,35,55,51,47,76,65,8,10265,37,46,55,65,71
20150129 00:11,56,30,54,35,56,39,47,77,66,10,10264,37,46,55,65,71
20150129 00:12,57,35,54,36,57,55,47,77,66,10,10264,37,46,55,65,71
20150129 00:13,55,39,53,35,53,54,47,77,66,10,10264,37,46,55,65,71
20150129 00:14,54,37,53,36,55,50,47,77,66,10,10265,37,46,55,65,71
20150129 00:15,54,37,54,36,52,49,47,77,66,10,10264,36,46,55,65,71
20150129 00:16,45,37,53,36,39,62,47,78,67,12,10264,36,46,55,65,71
20150129 00:17,46,38,53,36,54,52,47,78,67,12,10264,36,46,55,65,71
20150129 00:18,55,36,53,37,57,58,47,78,67,12,10264,36,46,55,65,71
20150129 00:19,55,40,53,37,54,60,47,78,67,12,10264,36,46,55,65,71
20150129 00:20,50,41,52,37,45,59,46,78,66,11,10264,36,46,55,65,71
20150129 00:21,48,45,52,40,51,82,46,78,66,11,10264,36,46,55,65,71
20150129 00:22,57,51,52,40,62,73,46,78,66,11,10265,36,46,55,65,71
20150129 00:23,58,44,52,41,54,56,46,78,66,11,10265,35,46,55,65,71
20150129 00:24,51,37,52,40,48,52,46,79,67,13,10265,35,46,55,65,71
20150129 00:25,54,36,52,41,60,45,46,79,67,13,10265,35,46,55,65,71
20150129 00:26,54,35,53,40,48,45,46,79,67,13,10265,35,46,55,65,71
20150129 00:27,51,30,53,39,54,41,46,80,68,15,10265,35,46,55,65,71
20150129 00:28,49,30,52,39,45,46,46,80,68,15,10265,34,46,55,65,71
20150129 00:29,51,29,52,37,57,45,46,80,68,15,10265,34,46,55,65,71
20150129 00:30,56,28,54,36,56,48,45,80,67,14,10266,34,46,55,64,71
20150129 00:31,49,27,53,33,42,29,45,80,67,14,10266,35,46,55,65,71
20150129 00:32,45,22,51,31,48,38,45,81,68,15,10266,35,46,55,64,71
20150129 00:33,41,23,49,29,34,46,45,81,68,15,10266,35,46,55,65,71
20150129 00:34,41,28,49,29,47,48,45,81,68,15,10266,35,46,55,64,71
20150129 00:35,45,30,47,28,43,41,45,81,68,15,10266,35,46,55,64,71
20150129 00:36,46,30,48,28,49,44,45,81,68,15,10265,35,46,55,64,71
20150129 00:37,51,29,47,28,53,46,45,81,68,15,10265,35,46,55,64,71
20150129 00:38,52,23,48,27,50,34,45,81,68,15,10264,35,46,55,64,71
20150129 00:39,55,24,48,27,60,36,45,81,68,15,10264,35,46,55,64,71
20150129 00:40,56,22,48,25,52,22,45,81,68,15,10264,35,46,55,64,71
20150129 00:41,53,22,49,26,53,44,45,82,69,17,10263,35,46,55,64,71
20150129 00:42,57,28,50,26,61,51,45,82,69,17,10263,35,46,55,64,71
20150129 00:43,57,31,52,27,53,60,45,82,69,17,10263,35,46,55,64,71
20150129 00:44,53,36,53,28,52,51,45,82,69,17,10263,35,46,55,64,71
20150129 00:45,53,32,54,28,53,41,45,81,68,15,10262,35,46,55,64,71
20150129 00:46,53,29,54,28,54,48,45,81,68,15,10262,35,46,55,64,71
20150129 00:47,55,32,54,29,55,42,45,81,68,15,10262,35,46,55,64,71
20150129 00:48,49,37,54,30,43,59,45,81,68,15,10262,35,46,55,64,71
20150129 00:49,48,36,53,31,52,51,45,81,68,15,10262,35,46,55,64,71
20150129 00:50,52,28,53,32,52,41,45,82,69,17,10262,35,46,55,64,71
20150129 00:51,54,25,53,31,57,36,45,82,69,17,10262,35,46,55,64,71
20150129 00:52,51,31,52,32,44,51,45,82,69,17,10262,35,46,55,64,71
20150129 00:53,46,30,51,31,48,36,45,82,69,17,10262,36,46,55,64,71
20150129 00:54,53,28,52,30,57,43,45,82,69,17,10262,36,46,55,64,71
20150129 00:55,53,28,51,30,50,40,45,82,69,17,10263,36,46,55,64,71
20150129 00:56,48,23,50,29,46,30,45,82,69,17,10263,36,46,55,64,71
20150129 00:57,47,21,50,28,49,32,45,82,69,17,10263,35,46,55,64,71
20150129 00:58,42,22,49,26,35,43,45,83,70,19,10263,35,46,55,64,71
20150129 00:59,38,26,48,26,41,39,45,83,70,19,10263,35,46,55,64,71
20150129 01:00,40,30,46,27,38,45,44,83,69,18,10263,35,46,55,64,71
20150129 01:01,40,30,45,27,41,36,44,83,69,18,10263,35,46,55,64,71
20150129 01:02,38,32,44,27,35,52,44,83,69,18,10263,35,46,55,64,71
20150129 01:03,45,30,45,27,55,40,44,83,69,18,10263,34,46,55,64,71
20150129 01:04,50,27,44,27,46,37,44,84,70,19,10263,34,46,55,64,71
20150129 01:05,41,31,42,27,36,42,44,84,70,19,10263,34,46,55,64,71
20150129 01:06,36,33,41,29,37,45,44,84,70,19,10264,34,46,55,64,71
20150129 01:07,41,35,41,30,45,48,44,84,70,19,10264,34,46,55,64,71
20150129 01:08,45,34,42,31,45,44,44,84,70,19,10264,34,46,55,64,71
20150129 01:09,44,33,42,32,44,44,44,84,70,19,10263,34,46,55,64,71
20150129 01:10,47,31,43,31,49,38,44,85,71,21,10263,34,46,55,64,71
20150129 01:11,45,26,43,31,41,32,43,85,71,20,10263,34,46,55,64,71
20150129 01:12,47,27,45,30,54,43,43,85,71,20,10262,34,46,54,64,71
20150129 01:13,51,31,44,31,47,49,43,85,71,20,10262,34,46,55,64,71
20150129 01:14,46,33,44,32,45,45,43,85,71,20,10263,34,46,55,64,71
20150129 01:15,45,28,45,31,45,41,43,85,71,20,10263,34,46,54,64,71
20150129 01:16,48,29,47,31,51,49,43,86,71,22,10263,34,46,54,64,71
20150129 01:17,50,31,47,30,50,35,43,86,71,22,10263,34,46,54,64,71
20150129 01:18,46,24,47,29,41,29,43,86,71,22,10262,34,46,54,64,71
20150129 01:19,48,24,48,28,54,37,43,86,71,22,10262,34,46,54,64,71
20150129 01:20,54,25,48,27,54,31,43,86,71,22,10262,34,46,54,64,71
20150129 01:21,51,27,49,28,48,43,43,86,71,22,10262,34,46,54,64,71
20150129 01:22,50,27,49,28,53,38,43,87,72,23,10262,34,46,54,64,71
20150129 01:23,50,23,49,27,47,37,42,87,72,22,10262,34,46,54,64,71
20150129 01:24,48,21,49,25,49,26,42,87,72,22,10262,34,46,54,64,71
20150129 01:25,49,23,50,26,50,37,42,87,72,22,10262,34,46,54,64,71
20150129 01:26,46,27,49,25,42,45,42,88,73,24,10262,34,46,54,64,71
20150129 01:27,45,28,49,25,49,38,42,88,73,24,10262,34,46,54,64,71
20150129 01:28,50,29,50,26,50,42,42,88,73,24,10262,34,46,54,64,71
20150129 01:29,49,33,49,27,48,51,42,88,73,24,10262,34,46,54,64,71
20150129 01:30,49,31,49,27,50,45,42,88,73,24,10262,34,46,54,64,71
20150129 01:31,52,26,49,27,54,35,42,88,73,24,10262,34,46,54,64,71
20150129 01:32,53,25,49,27,53,46,42,88,73,24,10261,34,46,54,64,71
20150129 01:33,52,31,50,28,52,54,42,88,73,24,10261,34,46,54,64,71
20150129 01:34,49,35,50,30,47,54,42,88,73,24,10261,34,46,54,64,71
20150129 01:35,49,28,50,29,51,35,42,88,73,24,10261,34,46,54,64,71
20150129 01:36,55,24,51,29,58,33,41,89,73,25,10261,34,46,54,64,71
20150129 01:37,53,29,51,29,48,43,41,89,73,25,10261,34,46,54,64,71
20150129 01:38,50,30,51,29,51,43,41,89,73,25,10261,34,46,54,64,71
20150129 01:39,51,23,51,28,51,26,41,89,73,25,10260,35,46,54,64,71
20150129 01:40,56,18,52,26,60,23,41,89,73,25,10260,35,46,54,64,71
20150129 01:41,58,21,53,26,57,32,41,89,73,25,10260,35,46,54,64,71
20150129 01:42,54,24,53,26,52,34,41,89,73,25,10260,35,46,54,64,70
20150129 01:43,54,23,53,25,56,32,41,89,73,25,10261,35,46,54,64,70
20150129 01:44,53,22,53,24,51,33,41,89,73,25,10261,35,46,54,64,70
20150129 01:45,54,20,54,23,56,31,41,89,73,25,10261,35,46,54,64,70
20150129 01:46,55,21,54,23,54,34,41,90,74,26,10261,35,46,54,64,70
20150129 01:47,53,24,54,22,52,39,41,90,74,26,10260,35,46,54,64,71
20150129 01:48,52,26,54,22,53,44,41,90,74,26,10260,35,46,54,64,70
20150129 01:49,54,28,54,23,54,40,41,90,74,26,10260,35,46,54,64,70
20150129 01:50,56,27,54,24,57,36,41,90,74,26,10260,35,46,54,64,70
20150129 01:51,56,29,54,25,55,48,41,90,74,26,10260,35,46,54,64,70
20150129 01:52,56,33,55,26,57,44,41,90,74,26,10260,34,46,54,64,70
20150129 01:53,54,29,54,26,50,41,41,89,73,25,10261,34,46,54,64,70
20150129 01:54,49,28,54,27,47,46,41,89,73,25,10261,34,46,54,64,70
20150129 01:55,52,26,54,27,56,30,41,89,73,25,10260,34,46,54,64,70
20150129 01:56,55,19,54,27,54,26,41,90,74,26,10260,35,46,54,64,70
20150129 01:57,54,19,54,26,54,30,40,90,73,25,10260,35,46,54,64,70
20150129 01:58,52,27,53,27,50,56,40,90,73,25,10260,35,46,54,64,70
20150129 01:59,51,34,53,28,52,52,40,90,73,25,10260,34,46,54,64,70
20150129 02:00,52,33,53,28,52,40,40,90,73,25,10260,35,46,54,64,70
20150129 02:01,50,33,52,28,49,54,40,90,73,25,10260,35,46,54,64,70
20150129 02:02,45,32,51,28,42,40,40,90,73,25,10260,34,46,54,64,70
20150129 02:03,43,29,50,28,45,44,40,90,73,25,10260,34,46,54,64,70
20150129 02:04,48,27,51,28,51,34,40,90,73,25,10260,35,46,54,64,70
20150129 02:05,52,26,50,28,53,35,40,90,73,25,10260,35,46,54,64,70
20150129 02:06,45,27,48,29,36,47,40,90,73,25,10260,35,46,54,64,70
20150129 02:07,42,28,48,30,47,39,40,90,73,25,10260,35,46,54,64,70
20150129 02:08,44,26,47,29,41,34,40,90,73,25,10260,35,46,54,64,70
20150129 02:09,44,23,46,28,47,31,40,90,73,25,10260,35,46,54,64,70
20150129 02:10,44,24,45,27,41,45,40,91,74,27,10260,35,46,54,64,70
20150129 02:11,44,26,45,27,47,34,40,91,74,27,10260,35,46,54,64,70
20150129 02:12,48,28,46,27,49,42,40,91,74,27,10260,35,46,54,64,70
20150129 02:13,53,30,47,27,58,35,40,91,74,27,10260,35,46,54,64,70
20150129 02:14,51,29,46,27,44,45,40,91,74,27,10260,35,46,54,64,70
20150129 02:15,48,32,46,28,53,50,40,91,74,27,10260,35,46,54,64,70
20150129 02:16,51,37,48,29,50,54,40,91,74,27,10260,35,46,54,64,70
20150129 02:17,50,30,48,28,51,30,40,91,74,27,10260,35,46,54,64,70
20150129 02:18,50,20,49,28,50,28,40,91,74,27,10260,35,46,54,63,70
20150129 02:19,52,28,50,29,55,51,40,91,74,27,10260,35,46,54,63,70
20150129 02:20,52,34,51,30,49,39,40,91,74,27,10260,35,46,54,64,70
20150129 02:21,49,32,51,30,48,42,40,91,74,27,10260,35,46,54,64,70
20150129 02:22,48,31,50,30,47,39,40,91,74,27,10260,35,46,54,64,70
20150129 02:23,48,26,50,30,50,41,40,91,74,27,10260,35,46,54,64,70
20150129 02:24,45,26,49,30,41,35,40,91,74,27,10261,35,46,54,63,70
20150129 02:25,43,26,49,28,46,33,40,91,74,27,10261,35,46,54,64,70
20150129 02:26,41,21,47,26,36,28,40,91,74,27,10261,35,46,54,63,70
20150129 02:27,37,25,46,27,39,39,40,91,74,27,10261,35,46,54,63,70
20150129 02:28,41,27,46,28,44,37,40,91,74,27,10261,31,46,54,63,70
20150129 02:29,44,24,44,27,44,36,40,91,74,27,10261,33,46,54,63,70
20150129 02:30,43,24,44,26,41,34,40,92,75,28,10262,34,46,54,63,70
20150129 02:31,40,24,43,25,39,41,40,92,75,28,10261,35,46,54,63,70
20150129 02:32,37,25,41,25,35,32,40,92,75,28,10261,35,46,54,63,70
20150129 02:33,34,26,40,25,34,37,39,92,74,27,10261,35,46,54,63,70
20150129 02:34,40,25,41,24,47,33,39,92,74,27,10260,35,46,54,63,70
20150129 02:35,43,24,40,25,39,36,39,92,74,27,10260,35,46,54,63,70
20150129 02:36,40,29,40,26,40,50,39,92,74,27,10260,35,46,54,63,70
20150129 02:37,42,33,41,27,43,54,39,92,74,27,10260,35,46,54,63,70
20150129 02:38,43,29,41,27,43,31,39,92,74,27,10260,35,46,54,63,70
20150129 02:39,40,27,40,27,37,53,39,92,74,27,10260,35,46,54,63,70
20150129 02:40,37,32,39,28,38,44,39,92,74,27,10260,35,46,54,63,70
20150129 02:41,41,32,40,29,44,62,39,92,74,27,10261,35,46,54,63,70
20150129 02:42,42,35,41,30,41,54,39,92,74,27,10261,35,46,54,63,70
20150129 02:43,40,34,41,30,39,46,39,92,74,27,10261,35,46,54,63,70
20150129 02:44,39,30,40,31,40,41,39,92,74,27,10261,35,46,54,63,70
20150129 02:45,33,26,39,31,26,38,39,92,74,27,10261,35,46,54,63,70
20150129 02:46,32,19,39,29,39,21,39,92,74,27,10261,35,46,54,63,70
20150129 02:47,38,22,38,28,37,45,39,92,74,27,10260,35,46,54,63,70
20150129 02:48,40,29,39,29,44,45,39,92,74,27,10260,35,46,54,63,70
20150129 02:49,47,32,40,29,50,50,39,92,74,27,10260,35,46,54,63,70
20150129 02:50,44,36,40,30,38,48,39,92,74,27,10260,35,46,54,63,70
20150129 02:51,39,33,39,29,40,46,39,92,74,27,10260,35,46,54,63,70
20150129 02:52,41,29,40,29,43,41,39,92,74,27,10260,35,46,54,63,70
20150129 02:53,41,29,40,29,39,41,39,92,74,27,10260,35,46,54,63,70
20150129 02:54,42,28,40,28,45,46,39,92,74,27,10260,35,46,54,63,70
20150129 02:55,43,29,42,29,41,45,39,92,74,27,10260,35,46,54,63,70
20150129 02:56,42,36,42,31,44,57,39,92,74,27,10260,35,46,54,63,70
20150129 02:57,46,39,43,33,49,53,39,92,74,27,10260,35,46,54,63,70
20150129 02:58,47,36,43,33,45,52,39,92,74,27,10260,35,46,54,63,70
20150129 02:59,43,34,42,33,40,55,39,92,74,27,10260,35,46,54,63,70
20150129 03:00,43,30,43,32,46,28,39,92,74,27,10260,35,46,54,63,70
20150129 03:01,38,24,42,31,29,34,39,92,74,27,10260,35,46,54,63,70
20150129 03:02,34,30,42,32,39,48,39,92,74,27,10261,35,46,54,63,70
20150129 03:03,38,34,42,32,37,47,39,92,74,27,10261,35,46,54,63,70
20150129 03:04,38,35,41,33,39,43,39,92,74,27,10261,35,46,54,63,70
20150129 03:05,40,32,41,33,41,44,39,92,74,27,10261,35,46,54,63,70
20150129 03:06,37,26,40,31,32,27,39,92,74,27,10261,35,46,54,63,70
20150129 03:07,33,24,38,30,34,44,39,92,74,27,10261,35,46,54,63,70
20150129 03:08,37,33,38,31,40,50,39,93,75,29,10260,35,46,54,63,70
20150129 03:09,44,35,38,30,47,45,38,93,75,28,10260,35,46,54,63,70
20150129 03:10,44,27,38,30,42,34,38,93,75,28,10260,35,46,54,63,70
20150129 03:11,43,27,40,31,45,50,38,93,75,28,10260,35,46,54,63,70
20150129 03:12,42,27,40,30,39,32,38,93,75,28,10260,35,46,54,63,70
20150129 03:13,41,29,40,29,43,47,38,93,75,28,10260,35,46,54,63,70
20150129 03:14,44,34,41,29,44,47,38,93,75,28,10260,35,46,54,63,70
20150129 03:15,42,34,41,30,40,49,38,93,75,28,10261,35,46,54,63,70
20150129 03:16,39,35,41,31,38,43,38,93,75,28,10261,35,46,54,63,70
20150129 03:17,38,36,42,32,38,51,38,93,75,28,10261,35,46,54,63,70
20150129 03:18,43,37,42,32,49,49,38,93,75,28,10261,35,46,54,63,70
20150129 03:19,42,40,41,33,35,53,38,93,75,28,10261,35,46,54,63,70
20150129 03:20,35,35,41,33,35,45,38,93,75,28,10261,34,46,54,63,70
20150129 03:21,36,28,40,33,36,39,38,93,75,28,10261,35,46,54,63,70
20150129 03:22,43,32,41,34,50,43,38,93,75,28,10261,35,46,54,63,70
20150129 03:23,45,36,41,35,41,54,38,93,75,28,10261,35,46,54,63,70
20150129 03:24,44,36,41,35,46,43,38,92,74,26,10261,35,46,54,63,70
20150129 03:25,42,30,40,34,37,34,38,92,74,26,10261,35,46,54,63,70
20150129 03:26,39,28,41,33,40,39,38,92,74,26,10261,35,46,54,63,70
20150129 03:27,37,31,40,33,34,40,38,93,75,28,10261,35,46,54,63,70
20150129 03:28,36,34,39,33,38,48,38,92,74,26,10261,35,46,54,63,70
20150129 03:29,37,34,39,32,37,49,38,92,74,26,10260,34,46,54,63,70
20150129 03:30,36,33,39,32,35,57,38,92,74,26,10260,34,46,54,63,70
20150129 03:31,39,34,40,33,43,51,38,92,74,26,10260,35,46,54,63,70
20150129 03:32,40,34,39,33,38,50,38,92,74,26,10261,34,46,54,63,70
20150129 03:33,39,39,39,33,40,60,38,92,74,26,10261,34,46,54,63,70
20150129 03:34,38,38,38,33,36,46,38,92,74,26,10261,34,46,54,63,70
20150129 03:35,38,35,38,34,41,48,38,92,74,26,10261,34,46,54,63,70
20150129 03:36,40,34,38,35,40,63,38,92,74,26,10261,34,46,54,63,70
20150129 03:37,36,32,38,35,33,57,38,92,74,26,10261,34,46,54,63,70
20150129 03:38,38,42,39,36,43,69,38,92,74,26,10260,34,46,54,63,70
20150129 03:39,42,49,39,38,41,63,38,92,74,26,10260,34,46,54,63,70
20150129 03:40,39,44,39,38,38,69,38,92,74,26,10260,34,46,54,63,70
20150129 03:41,41,43,39,40,44,60,38,92,74,26,10260,34,46,54,63,70
20150129 03:42,43,40,40,40,42,59,38,92,74,26,10260,34,46,54,63,70
20150129 03:43,43,37,40,39,44,60,38,92,74,26,10260,34,46,54,63,70
20150129 03:44,42,38,41,40,39,51,38,92,74,26,10260,34,46,54,63,70
20150129 03:45,43,34,41,39,47,55,38,92,74,26,10260,34,46,54,63,70
20150129 03:46,45,33,41,40,42,52,37,92,73,25,10260,34,46,54,63,70
20150129 03:47,46,36,43,40,51,52,37,92,73,25,10259,34,46,54,63,70
20150129 03:48,48,39,43,39,45,61,37,92,73,25,10259,34,45,54,63,70
20150129 03:49,45,46,44,39,44,66,37,92,73,25,10259,34,46,54,63,70
20150129 03:50,42,47,44,39,39,60,37,92,73,25,10259,34,45,54,63,70
20150129 03:51,40,37,43,38,40,45,37,92,73,25,10260,34,45,54,63,70
20150129 03:52,41,31,43,38,43,47,37,92,73,25,10260,34,46,54,63,70
20150129 03:53,39,34,43,38,36,51,37,92,73,25,10260,34,45,54,63,70
20150129 03:54,35,36,42,37,34,43,37,92,73,25,10260,34,45,54,63,70
20150129 03:55,35,32,41,37,36,37,37,92,73,25,10260,34,45,54,63,70
20150129 03:56,39,29,41,36,41,41,37,92,73,25,10260,34,45,54,63,70
20150129 03:57,40,28,40,36,38,47,37,92,73,25,10260,34,45,54,63,70
20150129 03:58,42,35,40,36,46,69,37,92,73,25,10259,34,45,54,63,70
20150129 03:59,40,43,39,35,34,63,37,92,73,25,10259,34,45,54,63,70
20150129 04:00,36,42,39,35,38,64,37,92,73,25,10259,34,45,54,63,70
20150129 04:01,43,42,39,36,48,67,37,92,73,25,10259,34,45,54,63,70
20150129 04:02,43,46,39,38,37,74,37,92,73,25,10259,33,45,54,63,70
20150129 04:03,40,48,39,39,42,70,36,92,73,24,10260,33,45,54,63,70
20150129 04:04,42,47,40,40,42,67,36,92,73,24,10260,33,45,54,63,70
20150129 04:05,45,44,41,41,49,62,36,92,73,24,10260,33,45,54,63,69
20150129 04:06,47,36,42,42,46,59,36,92,73,24,10259,33,45,54,63,70
20150129 04:07,45,33,43,42,44,46,36,92,73,24,10259,33,45,54,63,70
20150129 04:08,49,29,43,40,54,38,36,92,73,24,10259,33,45,54,63,69
20150129 04:09,49,25,44,39,43,37,36,92,73,24,10259,33,45,54,63,69
20150129 04:10,41,33,44,39,39,58,36,92,73,24,10259,34,45,54,63,70
20150129 04:11,39,39,43,38,38,48,36,92,73,24,10259,33,45,54,63,69
20150129 04:12,39,41,44,38,39,59,36,92,73,24,10259,33,45,54,63,69
20150129 04:13,44,47,44,38,48,67,36,92,73,24,10259,33,45,54,63,69
20150129 04:14,48,45,45,37,48,58,36,92,73,24,10258,33,45,54,63,69
20150129 04:15,52,36,45,36,55,40,35,92,72,23,10257,32,45,54,63,69
20150129 04:16,51,30,45,36,47,47,35,92,72,23,10257,33,45,54,63,69
20150129 04:17,52,33,47,36,57,57,35,93,73,25,10257,33,45,54,63,69
20150129 04:18,48,43,45,39,39,62,35,93,73,25,10257,33,45,54,63,69
20150129 04:19,44,43,46,40,49,62,35,93,73,25,10257,33,45,54,63,69
20150129 04:20,48,39,47,40,46,60,35,93,73,25,10257,33,45,54,63,69
20150129 04:21,45,43,47,40,43,61,35,93,73,25,10257,33,45,54,63,69
20150129 04:22,44,46,48,41,45,71,35,93,73,25,10257,33,45,54,63,69
20150129 04:23,41,46,47,40,37,63,35,93,73,25,10257,32,45,54,63,69
20150129 04:24,39,43,46,41,40,59,35,93,73,25,10257,33,45,54,63,69
20150129 04:25,44,46,45,43,48,64,35,93,73,25,10257,32,45,54,63,69
20150129 04:26,49,45,45,44,51,59,35,93,73,25,10257,32,45,54,63,69
20150129 04:27,47,45,44,45,43,65,34,93,72,24,10256,32,45,54,63,69
20150129 04:28,42,43,44,44,41,63,34,93,72,24,10256,32,45,54,63,69
20150129 04:29,42,33,44,43,44,51,34,93,72,24,10256,32,45,53,63,69
20150129 04:30,46,29,44,41,48,46,34,93,72,24,10256,33,45,54,63,69
20150129 04:31,46,39,44,42,43,67,34,93,72,24,10256,33,45,54,63,69
20150129 04:32,41,44,43,41,39,67,34,93,72,24,10256,32,45,54,63,69
20150129 04:33,40,38,44,40,41,47,34,93,72,24,10256,32,45,54,63,69
20150129 04:34,45,29,45,38,49,31,34,93,72,24,10256,32,45,53,63,69
20150129 04:35,51,24,45,36,52,44,34,93,72,24,10256,33,45,54,63,69
20150129 04:36,48,30,44,35,43,58,34,93,72,24,10256,33,45,53,63,69
20150129 04:37,42,38,44,34,41,54,34,94,73,25,10256,33,45,53,63,69
20150129 04:38,44,37,45,34,47,44,34,94,73,25,10257,32,45,53,63,69
20150129 04:39,46,34,45,35,44,61,34,94,73,25,10257,32,45,53,63,69
20150129 04:40,41,38,44,36,39,62,34,94,73,25,10258,32,45,53,63,69
20150129 04:41,39,36,43,34,39,46,34,94,73,25,10258,32,45,53,63,69
20150129 04:42,39,33,43,33,40,56,34,94,73,25,10258,32,45,53,63,69
20150129 04:43,39,46,43,35,38,93,33,94,73,24,10259,33,45,53,63,69
20150129 04:44,45,55,43,38,51,79,33,94,73,24,10258,32,45,53,63,69
20150129 04:45,48,40,43,39,46,41,33,94,73,24,10258,32,45,53,63,69
20150129 04:46,45,34,43,39,44,69,33,94,73,24,10258,32,45,53,63,69
20150129 04:47,40,38,42,39,37,62,33,94,73,24,10258,32,45,53,63,69
20150129 04:48,42,41,42,40,47,57,33,94,73,24,10258,29,45,53,63,69
20150129 04:49,47,44,43,41,48,62,33,93,72,23,10258,28,45,53,63,69
20150129 04:50,40,39,42,40,33,50,33,93,72,23,10258,29,45,53,63,69
20150129 04:51,42,29,44,39,51,36,33,93,72,23,10258,30,45,53,63,69
20150129 04:52,53,30,45,40,55,54,33,93,72,23,10258,30,45,53,63,69
20150129 04:53,51,43,46,39,46,74,33,93,72,23,10259,30,45,53,63,69
20150129 04:54,47,44,45,38,47,57,32,93,71,22,10259,27,45,53,63,69
20150129 04:55,47,46,46,40,47,66,32,93,71,22,10259,28,45,53,63,69
20150129 04:56,47,46,46,40,47,73,32,93,71,22,10258,29,45,53,63,69
20150129 04:57,47,47,47,42,47,76,32,93,71,22,10258,29,45,53,63,69
20150129 04:58,49,52,47,42,50,85,32,93,71,22,10258,28,45,53,63,69
20150129 04:59,46,48,47,43,42,64,32,93,71,22,10258,29,44,53,62,69
20150129 05:00,42,43,47,43,42,64,32,93,71,22,10258,29,44,53,63,69
20150129 05:01,44,34,47,44,47,43,32,93,71,22,10259,29,44,53,63,69
20150129 05:02,47,34,46,44,46,58,32,93,71,22,10259,28,44,53,63,69
20150129 05:03,44,47,46,45,42,77,32,93,71,22,10259,28,44,53,63,69
20150129 05:04,43,48,46,45,45,60,32,93,71,22,10259,27,44,53,62,69
20150129 05:05,42,47,45,45,39,79,31,93,71,21,10259,28,44,53,63,69
20150129 05:06,45,45,45,45,50,63,31,93,71,21,10259,28,44,53,63,69
20150129 05:07,49,43,45,44,47,64,31,93,71,21,10259,28,44,53,63,69
20150129 05:08,50,46,45,43,53,69,31,93,71,21,10259,28,44,53,62,69
20150129 05:09,55,43,47,43,57,58,31,93,71,21,10259,29,44,53,62,69
20150129 05:10,54,44,48,43,51,70,31,93,71,21,10259,29,44,53,62,69
20150129 05:11,48,42,48,45,46,75,31,93,71,21,10259,29,44,53,62,69
20150129 05:12,48,46,48,46,50,90,30,93,70,20,10259,28,44,53,62,69
20150129 05:13,49,51,49,45,48,67,30,93,70,20,10259,28,44,53,62,69
20150129 05:14,47,49,49,46,47,71,30,93,70,20,10260,28,44,53,62,69
20150129 05:15,45,50,49,46,42,81,30,93,70,20,10260,28,44,53,62,69
20150129 05:16,41,49,48,47,41,62,30,93,70,20,10260,26,44,53,62,69
20150129 05:17,43,49,48,47,45,69,30,93,70,20,10260,26,43,53,62,69
20150129 05:18,47,46,48,47,50,61,30,93,70,20,10260,26,43,53,62,69
20150129 05:19,50,41,47,47,49,59,29,93,70,19,10260,25,43,53,62,69
20150129 05:20,51,35,47,45,52,43,29,93,70,19,10259,26,43,53,62,69
20150129 05:21,53,37,48,46,54,72,29,93,70,19,10259,26,43,53,62,69
20150129 05:22,49,43,47,45,45,57,29,93,70,19,10259,26,43,53,62,69
20150129 05:23,51,42,48,44,56,60,29,93,70,19,10259,26,43,53,62,69
20150129 05:24,53,44,48,44,50,62,29,93,70,19,10259,27,43,53,62,69
20150129 05:25,52,43,50,42,55,54,29,93,70,19,10259,27,43,53,62,69
20150129 05:26,55,39,51,41,55,46,28,93,69,18,10259,27,43,53,62,69
20150129 05:27,54,38,52,40,52,56,28,93,69,18,10260,27,43,53,62,69
20150129 05:28,52,35,52,39,53,45,28,93,69,18,10260,27,43,53,62,69
20150129 05:29,52,38,52,40,51,73,28,94,70,19,10260,26,43,53,62,69
20150129 05:30,47,42,51,40,43,58,28,94,70,19,10261,25,43,53,62,69
20150129 05:31,45,31,51,39,47,41,28,94,70,19,10261,26,43,53,62,69
20150129 05:32,48,26,51,37,49,35,28,94,70,19,10261,27,43,53,62,69
20150129 05:33,47,26,50,35,45,44,28,94,70,19,10261,27,43,53,62,69
20150129 05:34,49,34,50,35,53,57,28,94,70,19,10261,27,43,53,62,69
20150129 05:35,51,46,50,36,48,65,28,94,70,19,10261,27,43,53,62,69
20150129 05:36,45,44,48,36,42,60,28,94,70,19,10261,26,43,53,62,69
20150129 05:37,49,35,49,35,55,54,28,94,70,19,10261,26,43,53,62,69
20150129 05:38,52,43,48,38,48,72,28,94,70,19,10261,26,42,53,62,69
20150129 05:39,47,49,48,37,47,66,27,94,70,18,10261,26,42,53,62,69
20150129 05:40,47,40,48,38,46,58,27,94,70,18,10261,26,42,53,62,69
20150129 05:41,48,35,48,38,49,50,27,94,70,18,10261,26,42,53,62,69
20150129 05:42,49,29,48,38,49,35,27,94,70,18,10261,26,42,53,62,69
20150129 05:43,48,32,48,39,47,55,27,94,70,18,10261,27,42,53,62,69
20150129 05:44,42,43,47,40,36,68,27,94,70,18,10261,26,42,53,62,69
20150129 05:45,43,39,47,38,50,48,27,94,70,18,10261,26,42,53,62,69
20150129 05:46,46,31,47,37,41,46,27,94,70,18,10261,27,42,52,62,69
20150129 05:47,43,28,46,37,45,41,27,94,70,18,10261,27,42,52,62,69
20150129 05:48,45,30,45,35,44,53,27,94,70,18,10261,27,42,52,62,69
20150129 05:49,43,34,45,34,41,55,27,94,70,18,10262,27,42,52,62,69
20150129 05:50,40,32,44,33,38,49,27,94,70,18,10262,27,42,52,62,69
20150129 05:51,39,32,43,33,40,42,27,94,70,18,10262,27,42,52,62,69
20150129 05:52,42,37,42,35,43,59,27,94,70,18,10262,26,42,52,62,69
20150129 05:53,43,38,42,34,42,43,27,94,70,18,10262,26,42,52,62,69
20150129 05:54,43,38,43,34,44,68,27,94,70,18,10261,26,42,52,62,69
20150129 05:55,46,38,43,34,49,53,26,94,69,17,10261,26,42,52,62,69
20150129 05:56,44,44,42,36,39,71,26,94,69,17,10261,26,42,52,62,69
20150129 05:57,41,46,42,38,43,58,26,94,69,17,10262,26,42,52,62,69
20150129 05:58,39,33,41,37,34,49,26,94,69,17,10262,26,42,52,62,69
20150129 05:59,40,26,42,36,46,39,26,94,69,17,10262,26,42,52,62,69
20150129 06:00,46,25,43,36,46,40,26,95,70,19,10262,26,42,52,62,69
20150129 06:01,44,26,43,35,42,42,26,95,70,19,10262,26,42,52,62,69
20150129 06:02,39,24,42,33,35,42,26,95,70,19,10262,26,41,52,62,69
20150129 06:03,42,23,43,32,49,34,26,95,70,19,10262,27,41,52,62,69
20150129 06:04,45,34,42,32,41,75,26,95,70,19,10262,26,41,52,62,69
20150129 06:05,41,40,42,32,41,48,26,95,70,19,10262,26,41,52,62,69
20150129 06:06,45,36,43,31,49,50,26,95,70,19,10262,26,41,52,62,69
20150129 06:07,44,38,42,31,40,62,26,95,70,19,10262,26,41,52,62,69
20150129 06:08,47,36,44,31,54,46,26,95,70,19,10262,26,41,52,62,69
20150129 06:09,52,35,45,32,51,52,26,95,70,19,10262,26,41,52,62,69
20150129 06:10,46,34,44,33,42,45,26,95,70,19,10263,26,41,52,62,69
20150129 06:11,40,33,44,34,38,53,26,95,70,19,10263,26,41,52,62,69
20150129 06:12,44,32,45,34,49,44,26,95,70,19,10263,26,41,52,62,69
20150129 06:13,47,34,45,36,46,48,26,95,70,19,10263,26,41,52,62,69
20150129 06:14,44,37,45,35,43,56,26,95,70,19,10263,26,41,52,62,69
20150129 06:15,44,36,46,35,45,58,26,95,70,19,10263,26,41,52,62,69
20150129 06:16,43,34,45,34,40,49,26,95,70,19,10263,26,41,52,62,69
20150129 06:17,44,30,46,33,48,41,26,95,70,19,10263,26,41,52,62,69
20150129 06:18,43,28,44,33,39,51,26,95,70,19,10263,27,41,52,62,69
20150129 06:19,41,28,43,32,42,44,26,95,70,19,10262,27,41,52,62,69
20150129 06:20,49,24,45,31,56,30,26,95,70,19,10262,27,41,52,62,69
20150129 06:21,52,21,45,30,47,35,26,95,70,19,10262,27,41,52,62,69
20150129 06:22,44,27,45,30,41,48,26,95,70,19,10262,27,41,52,62,69
20150129 06:23,47,29,45,29,52,42,26,95,70,19,10262,27,41,52,62,69
20150129 06:24,56,26,47,28,60,41,26,95,70,19,10262,27,41,52,62,69
20150129 06:25,52,28,47,27,44,50,26,95,70,19,10262,27,41,52,62,69
20150129 06:26,47,30,48,27,49,45,26,95,70,19,10262,27,41,52,62,69
20150129 06:27,46,30,47,27,42,50,26,95,70,19,10262,27,41,52,62,69
20150129 06:28,46,31,48,28,51,52,26,95,70,19,10262,27,41,51,62,69
20150129 06:29,43,33,48,28,36,59,26,95,70,19,10262,27,41,51,62,69
20150129 06:30,46,32,48,29,56,44,26,95,70,19,10262,27,41,51,62,69
20150129 06:31,53,33,48,31,49,48,26,95,70,19,10262,27,41,51,62,69
20150129 06:32,47,40,48,32,45,58,26,95,70,19,10262,27,41,51,62,69
20150129 06:33,49,35,49,32,53,38,26,95,70,19,10262,27,41,51,62,69
20150129 06:34,51,33,47,33,49,57,26,95,70,19,10262,27,41,51,62,69
20150129 06:35,50,38,48,34,51,53,26,95,70,19,10262,27,41,51,62,69
20150129 06:36,47,34,48,34,44,46,26,95,70,19,10262,27,41,51,62,69
20150129 06:37,45,28,48,34,47,35,27,95,70,20,10263,27,41,51,62,69
20150129 06:38,44,29,47,34,41,58,27,95,70,20,10263,27,41,51,62,69
20150129 06:39,44,40,48,35,48,65,27,95,70,20,10263,28,41,51,62,69
20150129 06:40,47,43,47,36,47,56,27,95,70,20,10263,27,41,51,62,69
20150129 06:41,49,38,48,36,50,49,27,95,70,20,10263,27,41,51,62,69
20150129 06:42,47,37,47,35,44,50,27,95,70,20,10263,28,41,51,62,69
20150129 06:43,43,34,46,36,42,51,27,95,70,20,10263,27,41,51,62,69
20150129 06:44,45,28,46,34,48,35,27,95,70,20,10263,28,41,51,62,69
20150129 06:45,45,28,45,34,42,46,27,95,70,20,10263,28,41,51,62,69
20150129 06:46,41,34,45,34,40,51,27,95,70,20,10263,28,41,51,62,69
20150129 06:47,46,36,45,35,52,56,27,95,70,20,10263,28,41,51,62,69
20150129 06:48,47,37,45,36,41,48,27,95,70,20,10263,28,41,51,62,69
20150129 06:49,43,32,45,34,45,41,27,95,70,20,10263,28,41,51,61,68
20150129 06:50,45,28,45,33,46,45,28,95,71,21,10263,28,41,51,61,69
20150129 06:51,48,33,45,33,49,52,28,95,71,21,10263,28,41,51,61,69
20150129 06:52,44,37,44,33,39,59,28,95,71,21,10263,28,41,51,61,69
20150129 06:53,41,41,44,34,43,58,28,95,71,21,10263,28,41,51,61,68
20150129 06:54,45,41,44,35,46,52,28,95,71,21,10264,28,41,51,61,69
20150129 06:55,46,34,45,35,46,53,28,95,71,21,10263,28,41,51,61,69
20150129 06:56,48,34,46,35,50,52,28,95,71,21,10263,28,41,51,61,68
20150129 06:57,52,38,46,36,54,48,28,95,71,21,10263,28,41,51,61,69
20150129 06:58,53,39,47,36,51,57,28,95,71,21,10263,28,41,51,61,68
20150129 06:59,47,39,47,37,43,51,28,95,71,21,10263,29,41,51,61,68
20150129 07:00,48,36,47,38,53,49,28,95,71,21,10263,29,41,51,61,68
20150129 07:01,49,35,47,38,44,62,28,95,71,21,10263,29,41,51,61,68
20150129 07:02,47,30,48,36,50,38,28,95,71,21,10263,29,41,51,61,68
20150129 07:03,48,27,48,35,46,48,29,95,71,22,10263,29,41,51,61,68
20150129 07:04,43,28,48,34,40,43,29,95,71,22,10263,29,41,51,61,68
20150129 07:05,40,24,47,33,40,30,29,95,71,22,10263,29,41,51,61,68
20150129 07:06,47,25,48,32,54,47,29,95,71,22,10264,30,41,51,61,68
20150129 07:07,45,31,46,31,36,43,29,95,71,22,10264,30,41,51,61,68
20150129 07:08,43,32,46,30,51,50,29,95,71,22,10264,30,41,51,61,68
20150129 07:09,48,33,46,30,45,52,29,95,71,22,10264,30,41,51,61,68
20150129 07:10,49,33,46,30,53,42,29,95,71,22,10264,30,41,51,61,68
20150129 07:11,52,37,47,30,51,64,29,95,71,22,10264,30,41,51,61,68
20150129 07:12,50,36,47,31,49,41,29,95,71,22,10264,30,41,51,61,68
20150129 07:13,44,30,46,31,39,50,29,95,71,22,10264,30,41,51,61,68
20150129 07:14,41,32,46,32,44,50,29,95,71,22,10264,30,41,51,61,68
20150129 07:15,49,34,48,33,54,51,29,95,71,22,10265,30,41,51,61,68
20150129 07:16,49,31,47,33,44,47,30,95,72,23,10265,30,41,51,61,68
20150129 07:17,49,30,48,33,53,49,30,95,72,23,10265,30,41,51,61,68
20150129 07:18,49,31,48,33,45,39,30,95,72,23,10265,30,41,51,61,68
20150129 07:19,44,31,48,32,43,51,30,95,72,23,10265,30,41,51,61,68
20150129 07:20,42,37,46,34,41,48,30,95,72,23,10265,30,41,51,61,68
20150129 07:21,40,37,45,32,40,45,30,95,72,23,10265,30,41,51,61,68
20150129 07:22,41,33,45,33,43,46,30,95,72,23,10265,30,41,51,61,68
20150129 07:23,42,40,45,34,42,60,30,95,72,23,10265,30,41,51,61,68
20150129 07:24,47,40,46,35,52,52,30,95,72,23,10264,30,41,51,61,68
20150129 07:25,53,36,46,35,54,47,30,95,72,23,10264,30,41,51,61,68
20150129 07:26,52,35,46,35,49,56,30,95,72,23,10264,30,41,51,61,68
20150129 07:27,47,37,45,36,45,62,30,95,72,23,10263,31,41,51,61,68
20150129 07:28,47,35,46,36,49,45,30,95,72,23,10263,31,41,50,61,68
20150129 07:29,52,30,47,36,56,43,30,95,72,23,10263,31,41,51,61,68
20150129 07:30,53,24,48,34,51,26,30,95,72,23,10263,31,41,50,61,68
20150129 07:31,43,23,48,33,36,50,30,95,72,23,10263,31,41,51,61,68
20150129 07:32,42,26,48,32,48,34,30,95,72,23,10263,31,41,51,61,68
20150129 07:33,47,22,49,30,46,41,30,95,72,23,10263,32,41,50,61,68
20150129 07:34,48,27,48,29,50,52,30,95,72,23,10263,32,41,50,61,68
20150129 07:35,52,36,48,30,54,56,30,95,72,23,10263,32,41,50,61,68
20150129 07:36,55,33,49,29,56,32,30,95,72,23,10263,31,41,50,61,68
20150129 07:37,53,26,50,28,50,40,30,95,72,23,10263,32,41,50,61,68
20150129 07:38,51,25,50,27,51,29,30,95,72,23,10263,32,41,50,61,68
20150129 07:39,50,26,49,27,48,39,30,95,72,23,10264,32,41,50,61,68
20150129 07:40,42,25,48,27,37,34,31,95,72,24,10264,32,41,50,61,68
20150129 07:41,42,18,49,26,46,28,31,95,72,24,10264,32,41,50,61,68
20150129 07:42,47,18,49,26,48,29,31,95,72,24,10264,32,42,50,61,68
20150129 07:43,43,23,48,26,38,36,31,95,72,24,10264,33,41,50,61,68
20150129 07:44,39,21,47,24,40,31,31,95,72,24,10265,33,42,50,61,68
20150129 07:45,37,24,45,23,35,43,31,95,72,24,10264,33,42,50,61,68
20150129 07:46,41,31,44,24,47,49,31,95,72,24,10264,33,42,50,61,68
20150129 07:47,44,32,43,25,42,46,31,95,72,24,10264,33,42,50,61,68
20150129 07:48,45,36,43,26,48,56,31,95,72,24,10264,33,42,50,61,68
20150129 07:49,43,36,42,27,38,42,31,95,72,24,10264,33,42,50,61,68
20150129 07:50,45,28,43,27,52,37,31,95,72,24,10264,33,42,50,61,68
20150129 07:51,44,23,42,28,37,37,31,95,72,24,10264,33,42,50,61,68
20150129 07:52,42,23,42,28,47,30,31,95,72,24,10264,33,42,50,61,68
20150129 07:53,40,26,42,28,33,40,31,95,72,24,10264,33,42,50,61,68
20150129 07:54,35,27,41,29,36,36,31,95,72,24,10264,33,42,50,61,68
20150129 07:55,38,25,42,29,40,43,31,96,73,25,10264,34,42,50,61,68
20150129 07:56,40,26,41,28,41,42,31,96,73,25,10264,34,42,50,61,68
20150129 07:57,41,30,41,28,41,47,31,96,73,25,10264,34,42,50,61,68
20150129 07:58,45,30,41,27,49,34,31,95,72,24,10264,34,42,50,61,68
20150129 07:59,47,24,42,26,45,35,31,96,73,25,10264,34,42,50,61,68
20150129 08:00,43,27,41,26,41,47,32,96,74,26,10264,34,42,50,61,68
20150129 08:01,43,33,42,28,44,51,32,96,74,26,10264,34,42,50,61,68
20150129 08:02,44,38,41,29,43,50,32,96,74,26,10264,34,42,50,61,68
20150129 08:03,46,33,43,29,49,38,32,96,74,26,10264,34,42,50,61,68
20150129 08:04,45,29,43,30,41,53,32,95,73,25,10264,34,42,50,61,68
20150129 08:05,43,37,44,31,45,52,32,96,74,26,10264,35,42,50,61,68
20150129 08:06,42,39,44,33,38,52,32,95,73,25,10264,34,42,50,61,68
20150129 08:07,41,33,44,32,44,44,32,95,73,25,10264,34,42,50,61,68
20150129 08:08,44,30,43,33,43,45,32,95,73,25,10264,34,42,50,61,68
20150129 08:09,41,31,43,33,39,48,32,95,73,25,10264,35,42,50,61,68
20150129 08:10,40,28,43,33,41,28,32,95,73,25,10264,34,42,50,61,68
20150129 08:11,43,25,43,32,44,37,32,95,73,25,10264,35,43,50,61,68
20150129 08:12,42,29,42,31,41,48,32,95,73,25,10264,35,43,50,61,68
20150129 08:13,41,29,42,31,41,42,32,95,73,25,10264,35,43,50,60,68
20150129 08:14,41,28,42,31,41,46,33,95,74,26,10263,35,43,50,60,68
20150129 08:15,42,36,42,31,43,59,33,95,74,26,10263,35,43,50,60,68
20150129 08:16,44,37,42,30,44,55,33,95,74,26,10263,35,43,50,60,68
20150129 08:17,45,28,42,30,46,33,33,95,74,26,10263,35,43,50,60,68
20150129 08:18,52,28,44,30,57,57,33,95,74,26,10263,36,43,50,60,68
20150129 08:19,52,30,44,29,46,39,33,95,74,26,10263,36,43,50,60,68
20150129 08:20,48,26,45,30,51,40,33,95,74,26,10263,36,43,50,60,68
20150129 08:21,52,30,46,30,52,44,33,95,74,26,10263,36,43,50,60,68
20150129 08:22,49,29,47,30,46,38,33,95,74,26,10262,36,43,51,60,68
20150129 08:23,48,21,48,29,51,37,33,95,74,26,10262,36,43,50,60,68
20150129 08:24,49,27,48,29,48,54,33,95,74,26,10262,37,43,50,60,68
20150129 08:25,48,34,49,28,48,41,33,95,74,26,10262,37,43,51,60,68
20150129 08:26,48,28,49,27,48,35,33,95,74,26,10262,37,43,51,60,68
20150129 08:27,46,31,49,29,44,55,33,95,74,26,10262,37,43,51,60,68
20150129 08:28,39,34,47,29,33,45,33,95,74,26,10262,37,43,51,60,68
20150129 08:29,35,33,46,30,37,47,34,95,74,27,10262,37,43,51,60,68
20150129 08:30,39,33,45,30,41,40,34,95,74,27,10262,37,43,51,60,68
20150129 08:31,43,31,44,30,45,53,34,95,74,27,10262,37,43,51,60,68
20150129 08:32,46,37,44,32,47,62,34,95,74,27,10262,37,43,51,60,68
20150129 08:33,40,43,43,34,34,53,34,95,74,27,10262,37,43,51,60,68
20150129 08:34,37,42,42,35,41,54,34,95,74,27,10261,37,43,51,60,68
20150129 08:35,39,34,41,34,38,53,34,95,74,27,10261,37,44,51,60,68
20150129 08:36,44,30,41,35,50,48,34,95,74,27,10261,38,44,51,60,68
20150129 08:37,51,30,42,34,52,41,34,95,74,27,10261,38,44,51,60,68
20150129 08:38,51,29,44,34,50,48,34,95,74,27,10262,38,44,51,60,68
20150129 08:39,49,32,45,34,48,45,34,95,74,27,10262,38,44,51,60,68
20150129 08:40,44,31,45,34,40,41,34,95,74,27,10262,38,44,51,60,68
20150129 08:41,44,30,45,34,48,48,34,95,74,27,10262,39,44,51,60,68
20150129 08:42,47,29,45,32,46,49,34,95,74,27,10262,39,44,51,60,68
20150129 08:43,45,31,46,31,45,44,35,95,75,28,10262,39,44,51,60,68
20150129 08:44,49,32,47,30,54,45,35,95,75,28,10262,40,44,51,60,68
20150129 08:45,49,29,48,30,43,46,35,95,75,28,10262,40,44,51,60,68
20150129 08:46,44,33,47,31,44,50,35,95,75,28,10263,40,44,51,60,68
20150129 08:47,46,31,46,31,47,39,35,95,75,28,10263,40,44,51,60,68
20150129 08:48,44,25,45,30,40,29,35,95,75,28,10263,40,44,51,60,68
20150129 08:49,37,19,44,28,34,29,35,95,75,28,10263,41,44,51,60,68
20150129 08:50,35,21,44,28,37,41,35,95,75,28,10262,41,44,51,60,67
20150129 08:51,42,28,44,28,46,46,35,95,75,28,10262,41,44,51,60,68
20150129 08:52,43,31,43,28,39,45,35,95,75,28,10262,42,45,51,60,68
20150129 08:53,39,28,42,27,39,42,36,95,75,29,10262,42,45,51,60,68
20150129 08:54,41,24,41,27,44,37,36,95,75,29,10262,42,45,51,60,67
20150129 08:55,45,25,42,26,47,44,36,95,75,29,10261,42,45,51,60,67
20150129 08:56,49,27,42,26,52,36,36,95,75,29,10261,43,45,51,60,67
20150129 08:57,50,27,43,26,48,38,36,95,75,29,10261,42,45,51,60,67
20150129 08:58,47,27,43,26,46,42,36,95,75,29,10262,42,45,51,60,67
20150129 08:59,44,29,44,28,43,41,36,95,75,29,10261,42,45,51,60,67
20150129 09:00,46,34,45,29,49,46,36,95,75,29,10261,42,45,51,60,67
20150129 09:01,46,40,45,30,43,54,36,95,75,29,10261,42,45,51,60,67
20150129 09:02,46,39,46,31,49,48,36,95,75,29,10261,42,45,51,60,67
20150129 09:03,48,33,47,31,48,40,36,95,75,29,10261,42,45,51,60,67
20150129 09:04,51,32,48,32,55,46,36,95,75,29,10261,43,45,51,60,67
20150129 09:05,49,32,47,33,42,40,36,95,75,29,10261,43,46,51,60,67
20150129 09:06,41,27,46,32,39,35,37,95,76,30,10261,43,46,51,60,67
20150129 09:07,42,25,46,32,45,36,37,95,76,30,10261,44,46,51,60,67
20150129 09:08,44,26,45,32,42,42,37,95,76,30,10261,44,46,51,60,67
20150129 09:09,38,26,45,31,34,35,37,95,76,30,10261,45,46,51,60,67
20150129 09:10,43,27,45,30,51,44,37,95,76,30,10261,45,46,51,60,67
20150129 09:11,49,29,45,29,47,40,37,95,76,30,10261,45,46,51,60,67
20150129 09:12,45,30,44,28,42,42,37,95,76,30,10261,45,46,51,60,67
20150129 09:13,45,34,44,29,47,47,37,95,76,30,10261,45,46,51,60,67
20150129 09:14,46,30,43,28,45,32,37,95,76,30,10261,45,46,51,60,67
20150129 09:15,42,22,43,27,39,33,37,95,76,30,10260,45,46,51,60,67
20150129 09:16,41,19,43,26,42,24,37,95,76,30,10261,46,46,51,60,67
20150129 09:17,46,20,44,26,50,36,38,95,76,31,10261,46,47,51,60,67
20150129 09:18,47,20,44,25,44,26,38,95,76,31,10261,46,47,51,60,67
20150129 09:19,48,21,46,25,52,32,38,95,76,31,10261,46,47,51,60,67
20150129 09:20,45,25,45,25,38,37,38,95,76,31,10261,46,47,51,60,67
20150129 09:21,41,27,44,25,43,36,38,95,76,31,10262,47,47,51,60,67
20150129 09:22,40,32,44,25,37,50,38,95,76,31,10262,47,47,51,60,67
20150129 09:23,37,33,43,25,38,38,38,94,75,29,10262,47,47,51,60,67
20150129 09:24,41,29,43,25,45,37,38,94,75,29,10262,47,47,52,60,67
20150129 09:25,45,27,43,26,44,37,38,94,75,29,10262,48,47,52,60,67
20150129 09:26,43,26,43,26,42,43,38,94,75,29,10262,48,47,52,60,67
20150129 09:27,42,26,42,27,42,33,39,94,76,30,10261,48,47,52,60,67
20150129 09:28,31,23,40,27,21,24,39,94,76,30,10261,48,47,52,60,67
20150129 09:29,31,21,39,27,43,39,39,94,76,30,10261,49,48,52,60,67
20150129 09:30,44,25,40,27,45,43,39,94,76,30,10261,49,48,52,60,67
20150129 09:31,47,21,41,26,49,25,39,94,76,30,10261,49,48,52,60,67
20150129 09:32,49,17,42,24,49,26,39,94,76,30,10261,49,48,52,60,67
20150129 09:33,46,19,42,23,43,29,39,94,76,30,10261,49,48,52,60,67
20150129 09:34,46,23,43,23,50,37,39,94,76,30,10262,49,48,52,60,67
20150129 09:35,49,26,43,23,48,35,39,94,76,30,10262,49,48,52,60,67
20150129 09:36,49,28,44,23,50,42,39,94,76,30,10262,48,48,52,60,67
20150129 09:37,48,27,44,23,45,33,40,94,76,31,10262,48,48,52,60,67
20150129 09:38,44,25,47,24,43,41,40,94,76,31,10262,48,48,52,60,67
20150129 09:39,41,30,46,24,39,42,40,94,76,31,10262,48,48,52,60,67
20150129 09:40,41,30,46,25,43,40,40,94,76,31,10262,48,48,52,60,67
20150129 09:41,40,24,45,25,38,36,40,94,76,31,10261,49,49,52,60,67
20150129 09:42,41,23,44,26,45,35,40,94,76,31,10261,49,49,52,60,67
20150129 09:43,48,22,45,26,52,30,40,94,76,31,10261,50,49,52,60,67
20150129 09:44,52,22,46,26,52,32,40,94,76,31,10261,50,49,52,60,67
20150129 09:45,50,21,46,25,48,33,40,94,76,31,10261,50,49,52,60,67
20150129 09:46,46,25,45,25,44,38,41,94,77,32,10261,51,49,52,60,67
20150129 09:47,43,30,44,26,41,46,41,94,77,32,10261,50,49,52,60,67
20150129 09:48,39,29,44,26,37,45,41,94,77,32,10261,50,49,52,60,67
20150129 09:49,45,32,45,26,53,52,41,93,76,31,10261,51,49,52,60,67
20150129 09:50,53,31,46,26,52,35,41,93,76,31,10261,51,49,52,60,67
20150129 09:51,51,25,47,26,50,38,41,93,76,31,10261,51,49,52,60,67
20150129 09:52,46,24,47,26,42,36,41,93,76,31,10261,52,49,52,60,67
20150129 09:53,45,24,47,27,47,32,41,93,76,31,10260,53,50,52,60,67
20150129 09:54,45,19,46,26,43,26,41,93,76,31,10260,54,50,53,60,67
20150129 09:55,49,16,46,25,55,20,41,93,76,31,10261,55,50,53,60,67
20150129 09:56,52,23,47,25,49,49,42,93,77,32,10261,55,50,53,60,67
20150129 09:57,50,32,48,26,51,46,42,93,77,32,10261,55,50,53,60,67
20150129 09:58,47,31,48,26,42,37,42,93,77,32,10261,55,50,53,60,67
20150129 09:59,46,24,48,24,50,30,42,93,77,32,10261,56,50,53,60,67
20150129 10:00,50,29,48,25,51,58,42,93,77,32,10261,57,50,53,60,67
20150129 10:01,51,33,48,26,50,44,42,93,77,32,10260,57,50,53,60,67
20150129 10:02,46,24,48,25,42,31,42,93,77,32,10260,58,51,53,60,67
20150129 10:03,47,24,49,26,52,35,43,93,77,33,10260,59,51,53,60,67
20150129 10:04,39,28,47,27,25,43,43,93,77,33,10260,59,51,53,60,67
20150129 10:05,36,28,46,28,48,43,43,93,77,33,10260,59,51,53,60,67
20150129 10:06,40,29,44,28,33,46,43,93,77,33,10260,60,51,53,60,67
20150129 10:07,38,28,44,27,43,33,43,93,77,33,10260,60,51,53,60,67
20150129 10:08,39,23,43,27,35,38,44,93,78,34,10260,60,51,53,60,67
20150129 10:09,46,25,44,28,58,46,44,93,78,34,10260,60,51,53,60,67
20150129 10:10,54,34,44,28,51,60,44,92,77,32,10260,59,52,53,60,67
20150129 10:11,46,35,43,28,41,45,44,92,77,32,10259,59,52,53,60,67
20150129 10:12,41,28,43,29,40,41,44,92,77,32,10259,60,52,53,60,67
20150129 10:13,46,26,43,29,51,36,44,92,77,32,10258,61,52,53,60,67
20150129 10:14,46,24,44,28,41,34,44,92,77,32,10258,61,52,53,60,67
20150129 10:15,49,28,45,29,57,62,44,92,77,32,10258,62,52,53,60,67
20150129 10:16,50,34,46,29,43,63,44,92,77,32,10258,62,53,53,60,67
20150129 10:17,40,32,45,29,38,55,45,91,77,32,10258,63,53,53,60,67
20150129 10:18,43,36,47,31,48,64,45,91,77,32,10258,63,53,54,61,67
20150129 10:19,42,36,44,31,35,46,45,91,77,32,10258,62,53,54,60,67
20150129 10:20,39,27,44,30,43,29,45,91,77,32,10258,62,53,54,61,67
20150129 10:21,45,24,44,29,46,46,45,91,77,32,10258,64,53,54,61,67
20150129 10:22,42,33,44,31,37,53,45,91,77,32,10258,64,53,54,61,67
20150129 10:23,37,39,42,32,36,68,45,91,77,32,10258,63,54,54,61,67
20150129 10:24,38,37,42,33,40,60,45,90,76,30,10258,63,54,54,61,67
20150129 10:25,39,35,40,33,39,46,45,90,76,30,10258,62,54,54,61,67
20150129 10:26,42,40,41,35,45,63,45,90,76,30,10258,62,54,54,61,67
20150129 10:27,42,50,41,37,40,66,45,90,76,30,10258,61,54,54,61,67
20150129 10:28,42,43,40,36,44,47,45,89,75,28,10257,62,54,54,61,67
20150129 10:29,45,33,42,36,47,52,45,89,75,28,10257,62,55,54,61,67
20150129 10:30,46,34,42,38,45,45,46,90,76,31,10257,63,55,54,61,67
20150129 10:31,40,38,41,39,36,56,46,90,76,31,10256,63,55,54,61,67
20150129 10:32,44,38,42,39,51,59,46,89,75,29,10256,62,55,54,61,67
20150129 10:33,51,39,44,39,51,56,46,89,75,29,10256,62,55,54,61,67
20150129 10:34,44,39,43,39,37,50,46,89,75,29,10256,62,55,54,61,67
20150129 10:35,39,36,44,39,40,51,46,89,75,29,10256,63,55,54,61,67
20150129 10:36,40,37,43,38,40,47,46,89,75,29,10256,62,55,55,61,67
20150129 10:37,43,32,44,36,45,43,46,89,75,29,10256,63,56,55,61,67
20150129 10:38,45,32,44,36,45,54,46,89,75,29,10256,63,56,55,61,67
20150129 10:39,45,32,43,36,45,38,47,89,76,30,10256,64,56,55,61,67
20150129 10:40,45,26,43,35,45,38,47,89,76,30,10256,64,56,55,61,67
20150129 10:41,45,24,44,33,44,33,47,89,76,30,10256,65,56,55,61,67
20150129 10:42,40,31,43,33,36,50,47,89,76,30,10255,65,56,55,61,67
20150129 10:43,43,31,43,31,50,34,47,89,76,30,10255,65,56,55,61,67
20150129 10:44,44,25,43,30,37,38,47,89,76,30,10255,65,56,55,61,67
20150129 10:45,40,27,43,29,43,41,47,89,76,30,10255,65,56,55,61,67
20150129 10:46,46,29,44,29,48,40,48,89,77,31,10255,65,57,55,61,67
20150129 10:47,43,28,43,29,37,51,48,89,77,31,10255,65,57,55,61,67
20150129 10:48,39,38,43,30,41,59,47,89,76,30,10255,64,57,55,61,67
20150129 10:49,43,43,43,31,45,50,47,88,75,29,10255,63,57,55,61,67
20150129 10:50,44,33,42,31,43,41,47,88,75,29,10255,63,57,55,61,67
20150129 10:51,41,28,42,32,39,44,48,88,76,30,10255,63,57,55,61,67
20150129 10:52,41,35,43,32,44,55,48,88,76,30,10255,63,57,56,61,67
20150129 10:53,40,37,41,33,37,54,48,88,76,30,10255,63,57,56,61,67
20150129 10:54,40,29,42,33,43,34,48,88,76,30,10255,63,57,56,61,67
20150129 10:55,40,21,41,32,37,32,48,88,76,30,10255,64,57,56,61,67
20150129 10:56,43,20,42,31,50,43,48,88,76,30,10255,64,58,56,61,67
20150129 10:57,45,25,42,31,40,31,48,88,76,30,10256,64,58,56,61,67
20150129 10:58,32,29,40,29,25,41,48,88,76,30,10256,64,58,56,61,67
20150129 10:59,35,28,40,28,46,36,48,88,76,30,10256,63,58,56,61,67
20150129 11:00,43,25,40,28,40,42,48,88,76,30,10256,63,58,56,61,67
20150129 11:01,39,32,40,28,37,49,48,88,76,30,10256,63,58,56,61,67
20150129 11:02,39,35,40,27,41,44,48,88,76,30,10256,62,58,56,61,67
20150129 11:03,41,27,40,27,41,34,48,88,76,30,10256,62,58,56,61,67
20150129 11:04,36,30,39,28,32,50,48,88,76,30,10256,62,58,56,61,67
20150129 11:05,38,37,40,30,44,52,48,88,76,30,10256,62,58,56,61,67
20150129 11:06,43,37,39,31,43,45,48,88,76,30,10255,62,58,56,61,67
20150129 11:07,34,34,37,32,25,45,48,88,76,30,10255,62,58,57,61,67
20150129 11:08,28,31,38,31,32,49,48,88,76,30,10255,63,58,57,61,67
20150129 11:09,32,40,37,34,31,58,48,88,76,30,10255,63,58,57,61,67
20150129 11:10,31,42,36,35,30,50,48,87,75,28,10255,62,58,57,61,67
20150129 11:11,29,37,35,35,28,47,48,87,75,28,10255,62,59,57,61,67
20150129 11:12,31,40,34,36,33,53,48,87,75,28,10255,62,59,57,61,67
20150129 11:13,33,40,33,38,34,52,48,87,75,28,10255,62,59,57,61,67
20150129 11:14,34,39,33,38,33,52,48,87,75,28,10254,62,59,57,61,67
20150129 11:15,34,36,32,38,35,43,48,87,75,28,10254,62,59,57,61,67
20150129 11:16,37,30,32,36,39,35,48,87,75,28,10254,62,59,57,61,67
20150129 11:17,45,27,35,36,51,42,49,88,76,31,10253,63,59,57,62,67
20150129 11:18,44,28,35,36,38,41,49,88,76,31,10253,64,59,57,62,67
20150129 11:19,41,22,36,33,44,40,49,88,76,31,10253,65,59,57,62,67
20150129 11:20,43,21,38,32,41,38,49,88,76,31,10253,66,59,57,62,67
20150129 11:21,42,20,39,29,44,25,49,88,76,31,10253,66,59,57,62,67
20150129 11:22,38,27,39,29,33,50,49,88,76,31,10253,67,59,57,62,67
20150129 11:23,33,38,39,29,32,48,49,88,76,31,10253,67,59,57,62,67
20150129 11:24,38,30,40,27,44,32,49,87,75,29,10252,66,59,58,62,67
20150129 11:25,40,20,40,26,35,27,49,87,75,29,10252,67,59,58,62,67
20150129 11:26,30,22,39,26,25,38,50,88,77,32,10251,67,59,58,62,67
20150129 11:27,26,32,36,27,27,54,50,88,77,32,10251,66,59,58,62,67
20150129 11:28,34,38,37,28,41,49,50,87,76,30,10251,66,59,58,62,67
20150129 11:29,44,27,37,28,48,27,50,87,76,30,10251,66,59,58,62,67
20150129 11:30,46,22,37,28,44,37,50,87,76,30,10251,66,59,58,62,67
20150129 11:31,43,25,37,29,42,34,50,87,76,30,10251,66,60,58,62,67
20150129 11:32,40,27,38,28,38,58,50,87,76,30,10251,66,60,58,62,67
20150129 11:33,42,33,39,28,47,51,50,87,76,30,10251,65,60,58,62,67
20150129 11:34,44,35,39,29,41,46,50,87,76,30,10251,65,60,58,62,67
20150129 11:35,37,36,39,31,34,51,50,87,76,30,10251,64,60,58,62,67
20150129 11:36,29,36,39,32,25,50,50,87,76,30,10251,64,60,58,62,67
20150129 11:37,21,36,38,32,18,44,50,87,76,30,10251,64,60,58,62,67
20150129 11:38,25,33,37,31,33,44,50,86,75,29,10251,63,60,58,62,67
20150129 11:39,31,32,35,33,28,55,50,87,76,30,10250,64,60,58,62,67
20150129 11:40,34,32,35,33,40,44,50,87,76,30,10250,63,60,58,62,67
20150129 11:41,30,27,32,33,20,37,50,87,76,30,10250,63,60,58,62,67
20150129 11:42,29,29,32,33,37,53,50,87,76,30,10250,64,60,58,62,67
20150129 11:43,39,33,32,33,41,49,50,87,76,30,10250,64,60,58,62,67
20150129 11:44,43,32,32,33,45,39,50,87,76,30,10250,64,60,59,62,67
20150129 11:45,42,26,33,31,38,32,50,87,76,30,10250,63,60,59,62,67
20150129 11:46,36,30,33,31,33,51,50,87,76,30,10250,64,60,59,62,67
20150129 11:47,29,34,34,31,25,44,50,87,76,30,10250,63,61,59,62,67
20150129 11:48,28,34,34,31,30,53,50,87,76,30,10250,63,61,59,62,67
20150129 11:49,31,34,34,31,32,41,50,87,76,30,10250,63,61,59,62,67
20150129 11:50,25,28,32,31,19,37,50,87,76,30,10250,63,61,59,62,67
20150129 11:51,23,28,33,31,28,40,50,87,76,30,10250,63,61,59,62,67
20150129 11:52,28,32,32,31,28,41,50,87,76,30,10250,63,61,59,62,67
20150129 11:53,31,29,31,30,34,34,50,87,76,30,10250,62,61,59,62,67
20150129 11:54,37,22,31,29,40,28,50,87,76,30,10250,62,61,59,62,67
20150129 11:55,31,22,29,29,22,33,50,87,76,30,10250,62,61,59,63,67
20150129 11:56,16,27,27,29,9,45,50,87,76,30,10250,62,61,59,63,67
20150129 11:57,16,31,27,29,23,45,50,87,76,30,10250,62,61,59,63,67
20150129 11:58,19,27,25,27,15,35,50,87,76,30,10250,62,61,59,63,67
20150129 11:59,21,27,25,27,27,42,50,87,76,30,10250,62,61,59,63,67
20150129 12:00,16,36,23,29,6,54,50,87,76,30,10250,61,61,59,63,67
20150129 12:01,19,40,24,30,31,49,50,86,75,29,10251,61,61,59,63,67
20150129 12:02,26,35,23,30,21,47,50,86,75,29,10251,60,61,59,63,67
20150129 12:03,17,30,21,30,12,38,50,86,75,29,10251,59,61,59,63,67
20150129 12:04,18,23,19,30,25,30,50,86,75,29,10251,60,61,59,63,67
20150129 12:05,23,22,19,30,21,35,50,86,75,29,10250,60,61,59,63,67
20150129 12:06,25,19,21,28,29,26,50,86,75,29,10250,60,61,60,63,67
20150129 12:07,36,16,23,27,42,27,50,86,75,29,10250,60,61,60,63,67
20150129 12:08,44,18,26,26,45,36,50,87,76,30,10249,60,61,60,63,67
20150129 12:09,35,19,26,25,24,31,50,87,76,30,10249,60,61,60,63,67
20150129 12:10,22,17,27,23,20,22,50,87,76,30,10248,61,61,60,63,67
20150129 12:11,24,22,27,22,29,56,50,87,76,30,10248,61,61,60,63,67
20150129 12:12,27,38,27,23,25,61,50,87,76,30,10248,60,61,60,63,67
20150129 12:13,35,37,30,23,45,37,50,87,76,30,10248,60,61,60,63,68
20150129 12:14,40,34,32,25,36,58,50,86,75,29,10248,59,61,60,63,68
20150129 12:15,37,36,33,26,39,50,50,86,75,29,10248,59,61,60,63,68
20150129 12:16,31,30,33,28,23,42,50,86,75,29,10248,59,61,60,63,68
20150129 12:17,26,31,31,29,28,52,50,86,75,29,10248,60,61,60,63,68
20150129 12:18,28,36,30,31,27,53,50,86,75,29,10248,60,61,60,63,68
20150129 12:19,30,37,30,33,32,48,50,86,75,29,10248,60,61,60,63,68
20150129 12:20,34,30,32,34,35,34,50,86,75,29,10248,60,61,60,63,68
20150129 12:21,36,27,33,34,37,41,50,86,75,29,10248,60,60,60,63,68
20150129 12:22,35,32,33,32,33,45,51,86,76,30,10248,60,60,60,63,68
20150129 12:23,37,33,33,33,40,41,51,86,76,30,10248,59,60,60,63,68
20150129 12:24,38,29,33,31,36,32,51,86,76,30,10248,59,60,60,63,68
20150129 12:25,33,24,32,30,30,28,51,86,76,30,10248,59,60,60,63,68
20150129 12:26,32,20,33,29,33,23,51,86,76,30,10248,59,60,60,63,68
20150129 12:27,32,19,33,28,31,27,51,86,76,30,10248,59,60,60,63,68
20150129 12:28,22,23,32,27,13,40,51,86,76,30,10248,59,60,60,63,68
20150129 12:29,14,23,30,25,16,25,51,86,76,30,10248,59,60,60,63,68
20150129 12:30,14,20,28,25,12,28,51,86,76,30,10248,59,60,60,63,68
20150129 12:31,18,21,27,24,25,30,51,86,76,30,10249,59,60,60,63,68
20150129 12:32,20,29,25,24,16,48,51,86,76,30,10249,58,60,60,63,68
20150129 12:33,15,34,22,24,13,54,51,85,75,28,10249,58,60,60,64,68
20150129 12:34,18,37,21,26,23,53,51,85,75,28,10248,57,60,60,64,68
20150129 12:35,17,35,19,26,11,42,51,85,75,28,10248,56,60,60,64,68
20150129 12:36,15,30,18,28,18,42,51,85,75,28,10248,56,60,60,64,68
20150129 12:37,16,29,16,28,15,33,51,85,75,28,10248,56,60,60,64,68
20150129 12:38,18,29,17,29,22,42,51,85,75,28,10249,56,60,60,64,68
20150129 12:39,20,32,17,30,18,50,51,85,75,28,10249,56,60,61,64,68
20150129 12:40,13,30,17,31,9,39,51,85,75,28,10249,55,60,61,64,68
20150129 12:41,9,22,15,30,10,23,51,85,75,28,10249,56,60,61,64,68
20150129 12:42,10,20,15,29,10,33,51,85,75,28,10249,56,60,61,64,68
20150129 12:43,10,25,14,29,9,41,51,85,75,28,10249,56,60,61,64,68
20150129 12:44,11,27,13,27,13,35,51,85,75,28,10248,56,60,61,64,68
20150129 12:45,21,30,15,28,30,52,51,85,75,28,10248,56,60,61,64,68
20150129 12:46,26,34,16,28,23,44,51,85,75,28,10248,55,60,61,64,68
20150129 12:47,26,29,17,28,28,32,51,85,75,28,10247,55,60,61,64,68
20150129 12:48,22,30,17,28,16,50,51,85,75,28,10247,55,60,61,64,68
20150129 12:49,10,34,15,28,4,42,51,85,75,28,10247,55,60,61,64,68
20150129 12:50,12,38,16,30,20,51,50,85,74,27,10246,55,60,61,64,68
20150129 12:51,19,39,17,32,19,42,50,85,74,27,10246,55,60,61,64,68
20150129 12:52,20,29,18,32,20,38,50,85,74,27,10245,55,60,61,64,68
20150129 12:53,25,25,20,32,30,35,50,85,74,27,10245,55,60,61,64,68
20150129 12:54,30,28,22,32,31,46,50,85,74,27,10245,55,60,61,64,68
20150129 12:55,21,25,20,31,11,33,50,85,74,27,10244,55,59,61,64,68
20150129 12:56,15,28,20,31,18,48,50,85,74,27,10244,56,59,61,64,68
20150129 12:57,14,33,18,31,10,39,50,85,74,27,10244,55,59,61,64,68
20150129 12:58,13,34,18,32,16,56,50,85,74,27,10244,55,59,61,64,68
20150129 12:59,12,38,18,32,8,52,50,85,74,27,10245,55,59,61,64,68
20150129 13:00,9,32,17,30,10,34,50,85,74,27,10245,55,59,61,64,68
20150129 13:01,19,28,18,30,27,44,50,85,74,27,10245,55,59,61,64,68
20150129 13:02,25,28,18,30,23,35,50,85,74,27,10245,55,59,61,64,68
20150129 13:03,22,26,17,30,20,45,50,85,74,27,10245,56,59,61,64,68
20150129 13:04,21,28,16,30,22,44,51,85,75,28,10245,56,59,61,64,68
20150129 13:05,21,26,17,30,19,30,51,85,75,28,10245,56,59,61,64,68
20150129 13:06,28,25,19,29,37,44,51,85,75,28,10245,56,59,61,64,68
20150129 13:07,29,27,20,29,21,40,51,85,75,28,10245,56,59,61,64,68
20150129 13:08,15,28,20,28,10,40,51,85,75,28,10245,56,59,61,64,68
20150129 13:09,14,27,21,27,18,41,51,85,75,28,10245,56,59,61,64,68
20150129 13:10,16,27,21,27,13,42,51,85,75,28,10244,57,59,61,64,68
20150129 13:11,24,31,22,27,35,43,51,85,75,28,10244,57,59,61,64,68
20150129 13:12,30,30,22,27,24,40,51,85,75,28,10244,57,59,61,64,68
20150129 13:13,30,23,23,27,35,23,51,85,75,28,10244,57,59,61,64,68
20150129 13:14,29,22,23,26,22,34,51,86,76,30,10244,57,59,61,64,68
20150129 13:15,25,27,24,27,28,38,51,86,76,30,10244,57,59,61,64,68
20150129 13:16,24,35,23,28,21,55,51,86,76,30,10244,57,59,61,64,68
20150129 13:17,20,41,23,30,20,52,51,85,75,28,10244,56,59,61,64,68
20150129 13:18,24,41,24,31,28,53,51,85,75,28,10243,56,59,61,64,68
20150129 13:19,37,37,27,32,46,64,51,85,75,28,10243,56,59,61,65,68
20150129 13:20,39,35,29,33,33,53,51,85,75,28,10242,55,59,61,65,68
20150129 13:21,33,41,29,34,33,57,51,85,75,28,10242,55,59,61,65,68
20150129 13:22,29,43,29,35,26,58,51,85,75,28,10241,55,59,61,65,68
20150129 13:23,33,39,30,37,41,48,51,85,75,28,10241,55,59,61,65,68
20150129 13:24,38,34,31,38,36,46,51,85,75,28,10241,56,59,61,65,68
20150129 13:25,31,34,31,38,27,46,51,86,76,30,10241,56,59,61,65,68
20150129 13:26,22,28,31,36,16,41,51,86,76,30,10241,56,59,61,65,68
20150129 13:27,15,25,30,35,14,35,51,86,76,30,10241,56,59,61,65,68
20150129 13:28,14,29,29,34,14,42,51,86,76,30,10241,56,59,61,65,68
20150129 13:29,19,27,26,33,24,34,51,86,76,30,10242,56,59,61,65,68
20150129 13:30,19,25,24,32,13,32,51,86,76,30,10242,57,59,61,65,68
20150129 13:31,15,26,23,30,16,47,51,86,76,30,10241,57,59,61,65,68
20150129 13:32,12,28,21,29,9,33,51,86,76,30,10241,57,59,61,65,68
20150129 13:33,16,26,19,28,23,31,50,86,75,29,10241,57,59,61,65,68
20150129 13:34,24,28,18,28,25,39,50,86,75,29,10241,56,59,61,65,68
20150129 13:35,24,37,18,28,22,56,50,86,75,29,10241,56,59,61,65,68
20150129 13:36,26,40,19,30,29,67,50,86,75,29,10241,56,59,61,65,68
20150129 13:37,21,42,19,32,13,70,50,86,75,29,10241,55,59,61,65,68
20150129 13:38,22,36,20,31,30,41,50,86,75,29,10242,55,59,61,65,68
20150129 13:39,16,27,18,32,1,43,50,87,76,30,10242,55,59,61,65,68
20150129 13:40,8,30,18,33,15,45,49,87,75,29,10243,55,59,61,65,68
20150129 13:41,17,27,19,32,19,34,49,87,75,29,10243,55,59,61,65,68
20150129 13:42,14,25,19,32,8,36,49,87,75,29,10243,55,59,61,65,68
20150129 13:43,11,29,18,33,15,59,49,87,75,29,10243,54,59,61,65,68
20150129 13:44,18,37,17,34,21,52,49,87,75,29,10243,54,59,61,65,69
20150129 13:45,22,43,17,34,23,57,49,87,75,29,10244,53,59,61,65,69
20150129 13:46,14,36,15,33,5,40,49,87,75,29,10244,53,59,61,65,69
20150129 13:47,11,33,15,32,17,46,48,88,76,30,10244,53,59,61,65,69
20150129 13:48,14,30,14,32,12,30,48,88,76,30,10244,53,59,61,65,69
20150129 13:49,20,24,16,31,28,32,48,88,76,30,10243,53,59,61,65,69
20150129 13:50,28,19,18,30,28,22,48,88,76,30,10243,54,59,61,65,69
20150129 13:51,30,21,19,30,31,54,48,88,76,30,10243,54,59,61,65,69
20150129 13:52,24,30,20,31,17,39,48,88,76,30,10243,54,59,61,65,69
20150129 13:53,17,28,20,30,18,40,48,88,76,30,10242,54,59,61,65,69
20150129 13:54,23,27,21,28,29,44,48,89,77,31,10243,54,59,61,65,69
20150129 13:55,20,30,20,27,11,41,48,89,77,31,10243,53,59,61,65,69
20150129 13:56,18,28,22,27,25,32,48,89,77,31,10243,53,59,61,65,69
20150129 13:57,16,22,21,25,7,27,48,89,77,31,10244,53,59,61,65,69
20150129 13:58,11,14,21,24,14,15,48,89,77,31,10244,53,59,61,65,69
20150129 13:59,7,21,18,24,359,53,48,90,77,33,10244,53,59,61,65,69
20150129 14:00,0,31,15,26,0,39,48,90,77,33,10244,53,59,61,65,69
20150129 14:01,12,24,14,25,23,25,48,90,77,33,10244,52,58,61,65,69
20150129 14:02,13,15,13,23,3,19,47,90,77,32,10244,52,58,61,65,69
20150129 14:03,19,17,14,23,34,31,47,90,77,32,10244,53,58,61,65,69
20150129 14:04,19,20,12,22,4,25,47,91,78,34,10244,52,58,61,65,69
20150129 14:05,4,19,11,21,4,28,47,91,78,34,10244,52,58,61,65,69
20150129 14:06,16,19,12,20,29,23,47,91,78,34,10243,52,58,61,65,69
20150129 14:07,30,16,14,20,32,19,47,91,78,34,10242,52,58,61,65,69
20150129 14:08,34,21,16,21,36,44,47,91,78,34,10242,52,58,61,65,69
20150129 14:09,36,27,20,21,36,43,47,92,79,35,10242,52,58,61,65,69
20150129 14:10,30,25,23,20,25,30,47,92,79,35,10243,52,58,61,65,69
20150129 14:11,15,23,21,21,5,33,47,92,79,35,10243,52,58,61,65,69
20150129 14:12,9,28,22,23,13,44,47,92,79,35,10243,51,58,61,65,69
20150129 14:13,13,31,20,24,13,44,47,92,79,35,10243,51,58,61,65,69
20150129 14:14,14,32,21,25,14,44,46,92,78,34,10243,51,58,61,65,69
20150129 14:15,18,30,23,26,23,33,46,92,78,34,10243,51,58,61,65,69
20150129 14:16,26,22,23,26,30,30,46,92,78,34,10243,51,58,61,65,69
20150129 14:17,23,21,21,27,16,47,46,92,78,34,10243,52,58,61,65,69
20150129 14:18,20,21,20,26,24,26,46,93,79,36,10243,52,58,61,65,69
20150129 14:19,30,22,20,25,36,46,46,93,79,36,10243,52,58,61,65,69
20150129 14:20,36,29,21,26,35,57,46,93,79,36,10243,52,58,61,65,69
20150129 14:21,36,40,24,29,36,57,46,93,79,36,10242,51,58,61,65,69
20150129 14:22,36,46,26,30,35,56,46,93,79,36,10242,50,58,61,65,69
20150129 14:23,32,48,28,32,30,74,46,93,79,36,10242,50,58,61,65,69
20150129 14:24,31,39,30,32,32,39,46,93,79,36,10242,50,58,61,65,69
20150129 14:25,31,31,31,32,31,44,46,93,79,36,10242,50,58,61,65,69
20150129 14:26,32,33,31,34,33,48,46,93,79,36,10242,50,58,61,65,69
20150129 14:27,33,38,33,36,34,57,45,93,78,35,10242,51,58,61,65,69
20150129 14:28,34,37,34,37,34,43,45,93,78,35,10242,50,58,61,65,69
20150129 14:29,24,31,31,38,12,45,45,93,78,35,10243,51,58,61,65,69
20150129 14:30,20,23,31,36,28,25,46,93,79,36,10243,51,58,61,65,69
20150129 14:31,33,27,31,35,39,53,45,93,78,35,10243,51,58,61,65,69
20150129 14:32,29,34,29,33,19,42,45,93,78,35,10243,51,58,61,65,69
20150129 14:33,22,29,29,31,25,40,45,93,78,35,10243,52,58,61,65,69
20150129 14:34,30,27,29,31,35,36,45,93,78,35,10242,51,58,61,65,69
20150129 14:35,39,28,30,30,43,50,45,93,78,35,10242,52,58,61,65,69
20150129 14:36,38,30,30,30,34,42,45,94,79,36,10241,52,58,61,65,69
20150129 14:37,35,36,31,30,36,56,45,94,79,36,10241,52,58,61,65,69
20150129 14:38,39,39,31,31,41,50,45,94,79,36,10241,52,58,61,65,69
20150129 14:39,34,36,33,31,27,46,45,94,79,36,10242,51,58,61,65,69
20150129 14:40,26,34,33,33,26,50,45,94,79,36,10242,52,58,61,65,69
20150129 14:41,24,34,31,33,22,59,45,94,79,36,10242,52,58,61,65,69
20150129 14:42,26,41,32,34,31,61,45,94,79,36,10242,52,58,61,65,69
20150129 14:43,26,41,32,35,22,47,45,94,79,36,10242,52,58,61,65,69
20150129 14:44,18,32,30,35,14,37,45,94,79,36,10242,52,58,61,65,69
20150129 14:45,13,31,27,36,13,50,45,94,79,36,10243,53,58,61,65,69
20150129 14:46,26,36,27,37,39,62,45,94,79,36,10243,52,58,61,65,69
20150129 14:47,25,32,24,35,10,47,45,94,79,36,10244,52,58,61,65,69
20150129 14:48,12,31,22,35,14,50,45,94,79,36,10244,53,58,61,65,69
20150129 14:49,20,30,22,34,25,37,45,94,79,36,10244,53,58,61,65,69
20150129 14:50,24,32,21,34,23,47,45,94,79,36,10244,53,58,61,65,69
20150129 14:51,27,41,22,35,31,59,45,94,79,36,10243,52,58,61,65,69
20150129 14:52,33,40,23,34,36,56,45,94,79,36,10242,52,58,61,65,69
20150129 14:53,31,38,23,35,26,59,45,94,79,36,10242,52,58,61,66,69
20150129 14:54,33,40,26,36,41,50,45,94,79,36,10242,53,58,61,65,69
20150129 14:55,37,39,28,36,33,62,45,94,79,36,10242,53,58,61,66,69
20150129 14:56,40,39,29,36,46,62,45,94,79,36,10242,53,58,61,66,69
20150129 14:57,39,38,31,37,32,57,45,94,79,36,10242,53,58,61,66,69
20150129 14:58,29,44,32,39,26,63,45,94,79,36,10242,52,58,61,66,69
20150129 14:59,27,49,32,41,28,65,44,94,79,35,10242,52,58,61,66,69
20150129 15:00,26,49,32,42,25,71,44,94,79,35,10243,52,58,61,65,69
20150129 15:01,30,47,33,42,34,61,44,94,79,35,10242,52,58,61,66,69
20150129 15:02,29,37,31,42,24,45,44,94,79,35,10242,52,58,61,66,69
20150129 15:03,30,31,32,41,35,39,44,94,79,35,10242,53,59,61,66,69
20150129 15:04,36,27,32,39,37,31,44,94,79,35,10242,53,58,61,66,69
20150129 15:05,35,34,32,40,32,58,44,94,79,35,10242,54,59,61,66,69
20150129 15:06,34,42,31,40,36,51,44,94,79,35,10242,53,59,61,66,69
20150129 15:07,32,42,30,41,27,61,44,94,79,35,10242,53,59,61,66,69
20150129 15:08,34,44,32,40,41,58,44,94,79,35,10243,53,59,61,66,69
20150129 15:09,36,38,32,39,32,50,44,94,79,35,10243,53,59,61,66,69
20150129 15:10,29,34,32,37,26,42,44,94,79,35,10243,52,59,61,66,69
20150129 15:11,22,31,31,36,17,41,44,94,79,35,10243,53,59,61,66,69
20150129 15:12,24,29,31,35,31,42,44,94,79,35,10243,53,59,61,66,69
20150129 15:13,28,31,30,35,25,43,44,94,79,35,10243,54,59,61,66,69
20150129 15:14,29,35,30,37,33,58,44,94,79,35,10243,54,59,61,66,69
20150129 15:15,32,41,30,37,31,56,44,94,79,35,10243,53,59,61,66,69
20150129 15:16,28,37,29,36,25,42,44,94,79,35,10243,52,59,61,66,69
20150129 15:17,21,30,28,34,17,40,44,94,79,35,10243,53,59,61,66,69
20150129 15:18,18,35,26,34,19,54,44,94,79,35,10243,53,59,61,66,69
20150129 15:19,24,41,25,35,30,54,44,94,79,35,10243,52,59,61,66,69
20150129 15:20,29,35,26,34,28,47,44,94,79,35,10243,51,59,61,66,69
20150129 15:21,23,26,26,34,19,40,44,94,79,35,10243,52,59,61,66,69
20150129 15:22,24,30,26,34,30,42,44,94,79,35,10243,52,59,61,66,69
20150129 15:23,28,31,26,34,26,44,44,94,79,35,10243,52,59,61,66,69
20150129 15:24,24,30,25,33,22,52,44,95,79,37,10243,53,59,61,66,69
20150129 15:25,22,35,24,33,22,54,44,95,79,37,10243,53,59,61,66,69
20150129 15:26,20,37,23,33,19,49,44,94,79,35,10243,53,59,61,66,69
20150129 15:27,20,32,24,33,22,36,44,94,79,35,10244,53,59,61,66,69
20150129 15:28,19,26,23,32,15,35,44,94,79,35,10244,53,59,61,66,69
20150129 15:29,19,26,23,30,23,36,44,95,79,37,10244,53,59,61,66,69
20150129 15:30,18,26,21,30,12,40,44,95,79,37,10245,53,59,61,66,69
20150129 15:31,17,23,21,29,22,29,45,95,80,38,10245,53,59,61,66,69
20150129 15:32,22,20,20,28,21,35,45,95,80,38,10245,53,59,61,66,69
20150129 15:33,32,23,22,28,43,37,45,95,80,38,10245,53,59,61,66,69
20150129 15:34,37,21,23,26,31,23,45,95,80,38,10245,53,59,61,66,69
20150129 15:35,30,19,24,24,28,25,45,95,80,38,10245,54,59,61,66,69
20150129 15:36,24,27,24,24,20,48,45,95,80,38,10245,54,59,61,66,69
20150129 15:37,29,31,25,24,38,46,45,95,80,38,10244,53,59,61,66,69
20150129 15:38,36,33,27,26,35,55,45,95,80,38,10244,53,59,61,66,69
20150129 15:39,35,41,29,27,35,60,45,95,80,38,10244,52,59,61,66,69
20150129 15:40,34,45,31,29,34,63,45,95,80,38,10244,51,59,61,66,69
20150129 15:41,32,35,32,30,31,34,45,94,79,36,10244,51,59,61,66,69
20150129 15:42,33,27,33,31,34,39,45,95,80,38,10244,52,59,61,66,69
20150129 15:43,24,23,30,30,14,24,45,95,80,38,10245,52,59,61,66,69
20150129 15:44,22,13,30,29,29,16,45,95,80,38,10245,53,59,61,66,69
20150129 15:45,25,16,29,29,21,46,45,95,80,38,10245,53,59,61,66,69
20150129 15:46,25,26,30,29,29,46,45,95,80,38,10245,52,59,61,66,69
20150129 15:47,26,29,28,29,22,40,45,95,80,38,10244,52,59,61,66,69
20150129 15:48,24,32,27,29,25,50,45,95,80,38,10244,52,59,61,66,69
20150129 15:49,26,33,27,27,27,38,45,95,80,38,10244,51,59,61,66,69
20150129 15:50,22,29,25,26,16,35,45,94,79,36,10244,52,59,61,66,69
20150129 15:51,18,27,24,26,20,32,45,94,79,36,10244,52,59,61,66,69
20150129 15:52,21,29,23,26,22,47,45,94,79,36,10245,52,59,61,66,69
20150129 15:53,21,34,23,28,19,45,45,94,79,36,10245,51,59,61,66,69
20150129 15:54,23,31,23,30,26,54,45,94,79,36,10245,51,59,61,66,69
20150129 15:55,22,34,22,31,18,57,45,94,79,36,10245,51,59,61,66,69
20150129 15:56,18,30,21,31,19,28,45,94,79,36,10245,50,59,61,66,70
20150129 15:57,20,30,21,32,21,56,45,94,79,36,10245,51,59,62,66,70
20150129 15:58,20,36,21,31,18,43,45,94,79,36,10245,50,59,61,66,70
20150129 15:59,27,31,22,31,37,37,45,94,79,36,10245,50,59,61,66,69
20150129 16:00,30,29,22,31,22,45,45,94,79,36,10245,50,59,62,66,70
20150129 16:01,25,31,23,32,28,44,45,94,79,36,10246,50,59,62,66,70
20150129 16:02,26,36,23,33,23,64,45,94,79,36,10246,50,59,62,66,70
20150129 16:03,23,46,23,34,23,72,45,93,78,35,10246,49,59,62,66,70
20150129 16:04,20,44,23,35,18,51,45,93,78,35,10246,49,59,62,66,70
20150129 16:05,23,38,24,35,28,53,45,93,78,35,10246,49,59,61,66,70
20150129 16:06,29,36,25,36,31,42,45,93,78,35,10246,49,59,62,66,70
20150129 16:07,35,30,27,35,39,40,45,93,78,35,10246,50,59,62,66,70
20150129 16:08,36,29,28,35,33,49,45,93,78,35,10247,50,59,62,66,70
20150129 16:09,32,34,27,36,30,51,45,93,78,35,10247,50,59,62,66,70
20150129 16:10,30,37,28,36,31,53,45,93,78,35,10247,50,59,62,66,70
20150129 16:11,28,37,28,37,25,48,45,93,78,35,10247,49,58,62,66,70
20150129 16:12,25,31,28,35,25,38,45,93,78,35,10247,49,58,62,66,70
20150129 16:13,21,27,28,33,17,34,45,93,78,35,10247,50,58,62,66,70
20150129 16:14,23,24,29,32,28,27,45,93,78,35,10247,50,58,62,66,70
20150129 16:15,32,22,30,30,36,34,45,93,78,35,10247,50,58,62,66,70
20150129 16:16,33,27,29,30,30,40,45,93,78,35,10247,50,58,62,66,70
20150129 16:17,27,32,28,30,25,43,45,93,78,35,10247,49,58,62,66,70
20150129 16:18,24,30,27,30,24,38,45,93,78,35,10248,49,58,62,66,70
20150129 16:19,29,29,27,29,33,43,45,93,78,35,10248,49,58,62,66,70
20150129 16:20,29,33,27,29,24,46,45,93,78,35,10248,49,58,62,66,70
20150129 16:21,25,37,27,30,26,45,45,93,78,35,10248,48,58,62,66,70
20150129 16:22,27,35,27,30,29,41,45,93,78,35,10248,48,58,62,66,70
20150129 16:23,26,31,28,30,23,39,45,93,78,35,10248,48,58,62,66,70
20150129 16:24,26,28,28,31,30,31,45,93,78,35,10248,48,58,62,66,70
20150129 16:25,25,29,26,32,19,46,44,93,78,34,10248,48,58,62,66,70
20150129 16:26,25,37,26,33,31,56,44,93,78,34,10248,49,58,62,66,70
20150129 16:27,32,40,27,33,33,54,44,93,78,34,10248,48,58,62,66,70
20150129 16:28,35,39,29,34,37,52,44,93,78,34,10248,48,58,61,66,70
20150129 16:29,36,34,29,34,35,51,44,93,78,34,10248,48,58,62,66,70
20150129 16:30,29,33,29,34,23,55,44,93,78,34,10248,48,58,62,66,70
20150129 16:31,28,36,29,34,33,48,44,93,78,34,10249,48,58,62,66,70
20150129 16:32,31,36,29,34,29,46,44,93,78,34,10249,48,58,62,66,70
20150129 16:33,27,30,29,34,24,38,44,92,77,32,10249,47,58,61,66,70
20150129 16:34,23,30,29,35,22,49,44,92,77,32,10249,47,58,62,66,70
20150129 16:35,20,33,29,35,19,39,44,92,77,32,10249,47,58,62,66,70
20150129 16:36,27,26,29,33,36,29,44,92,77,32,10249,47,58,62,66,70
20150129 16:37,29,27,28,32,23,48,44,92,77,32,10249,47,58,62,66,70
20150129 16:38,27,35,27,32,30,49,44,92,77,32,10249,47,58,61,66,70
20150129 16:39,23,32,25,32,15,31,44,92,77,32,10249,46,58,61,66,70
20150129 16:40,22,31,26,32,30,51,43,92,76,31,10250,46,57,61,66,70
20150129 16:41,29,37,26,32,29,51,43,92,76,31,10250,46,57,61,66,70
20150129 16:42,25,38,25,32,21,49,43,92,76,31,10250,45,57,61,66,70
20150129 16:43,29,36,26,33,37,49,43,92,76,31,10250,46,57,61,66,70
20150129 16:44,41,27,28,32,45,31,43,92,76,31,10250,46,57,62,66,70
20150129 16:45,37,24,30,31,30,44,43,92,76,31,10250,46,57,61,66,70
20150129 16:46,26,31,28,32,21,46,43,92,76,31,10250,46,57,61,66,70
20150129 16:47,31,30,30,32,41,39,43,92,76,31,10250,46,57,61,66,70
20150129 16:48,38,24,30,30,34,38,43,93,77,33,10250,46,57,61,66,70
20150129 16:49,37,22,33,30,41,39,43,93,77,33,10250,46,57,61,66,70
20150129 16:50,37,22,33,29,33,41,43,93,77,33,10250,46,57,61,66,70
20150129 16:51,30,24,33,27,27,30,43,93,77,33,10250,46,57,61,66,70
20150129 16:52,27,29,34,27,27,49,43,93,77,33,10251,46,57,61,66,70
20150129 16:53,25,38,32,28,23,57,43,92,76,31,10251,45,57,61,66,70
20150129 16:54,25,34,30,28,26,40,43,92,76,31,10251,45,57,61,66,70
20150129 16:55,22,28,29,29,18,38,43,92,76,31,10251,45,57,61,66,70
20150129 16:56,24,25,30,27,30,30,43,92,76,31,10251,45,57,61,66,70
20150129 16:57,33,24,29,27,36,36,43,92,76,31,10252,45,57,61,66,70
20150129 16:58,34,31,29,28,31,49,43,92,76,31,10252,44,57,61,66,70
20150129 16:59,29,32,28,29,26,48,43,92,76,31,10252,44,56,61,66,70
20150129 17:00,28,28,27,29,30,39,43,92,76,31,10252,44,56,61,66,70
20150129 17:01,29,22,27,29,27,25,43,92,76,31,10252,44,56,61,66,70
20150129 17:02,30,19,28,27,33,39,43,92,76,31,10252,44,56,61,66,70
20150129 17:03,32,21,29,25,32,34,43,92,76,31,10252,44,56,61,66,70
20150129 17:04,31,23,29,25,31,36,43,92,76,31,10252,44,56,61,66,70
20150129 17:05,34,25,31,25,36,43,43,92,76,31,10252,44,56,61,66,70
20150129 17:06,40,24,33,25,44,35,43,92,76,31,10252,44,56,61,66,70
20150129 17:07,42,28,33,26,40,47,43,92,76,31,10251,44,56,61,66,70
20150129 17:08,39,30,34,25,38,44,43,92,76,31,10252,44,56,61,66,70
20150129 17:09,37,28,35,25,37,42,43,92,76,31,10252,44,56,61,66,70
20150129 17:10,29,30,34,25,22,39,42,92,76,30,10252,43,56,61,66,70
20150129 17:11,22,31,33,27,21,37,42,92,76,30,10252,43,56,61,66,70
20150129 17:12,26,32,33,28,31,45,42,92,76,30,10252,43,56,61,66,70
20150129 17:13,32,37,33,30,34,57,42,92,76,30,10252,43,56,61,66,70
20150129 17:14,37,39,34,31,40,57,42,92,76,30,10252,42,56,61,66,70
20150129 17:15,39,36,35,32,38,44,42,92,76,30,10253,42,56,61,66,70
20150129 17:16,41,28,35,32,44,40,42,92,76,30,10253,42,55,61,66,70
20150129 17:17,38,24,34,31,32,47,42,92,76,30,10253,42,55,61,66,70
20150129 17:18,34,33,34,33,36,63,42,92,76,30,10253,42,55,61,66,70
20150129 17:19,36,41,33,34,36,54,42,92,76,30,10253,42,55,61,66,70
20150129 17:20,39,40,35,35,41,54,42,91,75,29,10253,41,55,61,66,70
20150129 17:21,38,38,37,35,34,49,42,91,75,29,10253,41,55,61,66,70
20150129 17:22,34,34,37,35,35,44,42,91,75,29,10253,41,55,61,66,70
20150129 17:23,35,34,37,34,36,46,41,91,74,28,10253,41,55,61,66,70
20150129 17:24,26,29,35,33,17,32,41,91,74,28,10254,41,55,61,66,70
20150129 17:25,18,24,33,32,20,31,41,91,74,28,10254,41,55,61,66,70
20150129 17:26,22,23,31,32,25,30,41,91,74,28,10254,41,55,61,66,70
20150129 17:27,27,19,31,31,30,34,41,91,74,28,10254,42,55,61,66,70
20150129 17:28,30,21,30,29,30,35,41,91,74,28,10254,42,55,61,66,70
20150129 17:29,31,23,30,28,31,45,41,92,75,29,10254,41,55,61,66,70
20150129 17:30,32,30,29,27,33,47,41,92,75,29,10254,41,55,61,66,70
20150129 17:31,31,29,29,26,30,37,41,92,75,29,10254,41,55,61,66,70
20150129 17:32,28,22,28,25,26,35,41,92,75,29,10254,41,54,61,66,70
20150129 17:33,30,25,28,24,34,31,41,92,75,29,10255,41,54,61,66,70
20150129 17:34,38,25,30,24,41,32,41,92,75,29,10255,41,54,61,66,70
20150129 17:35,41,22,32,24,41,29,41,92,75,29,10255,41,54,61,66,70
20150129 17:36,32,20,32,24,24,29,41,92,75,29,10256,41,54,61,66,70
20150129 17:37,26,23,32,25,29,48,41,92,75,29,10256,41,54,61,66,70
20150129 17:38,31,30,32,26,32,42,41,92,75,29,10256,41,54,61,66,70
20150129 17:39,32,35,32,27,31,53,41,92,75,29,10256,41,54,61,66,70
20150129 17:40,29,37,31,27,26,48,41,92,75,29,10257,41,54,60,66,70
20150129 17:41,26,33,31,28,25,46,41,92,75,29,10257,41,54,60,66,70
20150129 17:42,25,29,31,28,26,37,41,92,75,29,10257,41,54,60,66,70
20150129 17:43,25,26,30,28,25,28,41,92,75,29,10258,41,54,60,66,70
20150129 17:44,27,30,29,29,29,47,41,92,75,29,10258,41,54,60,66,70
20150129 17:45,31,35,28,31,33,54,41,92,75,29,10258,41,54,60,66,70
20150129 17:46,32,32,29,31,31,49,41,92,75,29,10258,40,53,60,66,70
20150129 17:47,26,32,28,32,21,44,41,92,75,29,10258,40,53,60,66,70
20150129 17:48,21,30,27,31,20,40,41,92,75,29,10258,40,53,60,66,70
20150129 17:49,28,35,27,32,36,51,41,92,75,29,10258,40,53,60,66,70
20150129 17:50,30,36,27,31,24,44,41,91,74,28,10258,40,53,60,66,70
20150129 17:51,15,27,25,31,5,38,40,91,74,27,10258,40,53,60,66,70
20150129 17:52,4,27,23,31,3,41,40,91,74,27,10258,39,53,60,66,70
20150129 17:53,8,25,21,31,12,35,40,91,74,27,10258,40,53,60,66,70
20150129 17:54,16,24,21,29,20,34,40,91,74,27,10259,40,53,60,66,70
20150129 17:55,22,25,20,28,25,32,40,91,74,27,10259,40,53,60,66,70
20150129 17:56,13,21,17,27,2,23,40,91,74,27,10259,40,53,60,66,70
20150129 17:57,5,18,16,26,9,27,40,91,74,27,10259,39,53,60,66,70
20150129 17:58,9,24,14,26,9,40,40,91,74,27,10259,39,53,60,66,70
20150129 17:59,16,30,13,25,22,43,40,91,74,27,10259,39,53,60,66,70
20150129 18:00,26,32,14,26,30,45,40,91,74,27,10259,39,53,60,66,70
20150129 18:01,37,33,17,26,43,48,40,91,74,27,10259,39,53,60,66,70
20150129 18:02,33,30,19,26,23,44,40,90,73,25,10259,39,53,60,66,70
20150129 18:03,26,29,21,27,28,45,39,90,73,24,10259,39,52,60,66,70
20150129 18:04,28,31,22,28,27,49,39,91,73,26,10259,39,52,60,66,70
20150129 18:05,20,30,21,28,13,41,39,90,73,24,10258,39,52,60,66,70
20150129 18:06,24,22,24,28,34,25,39,90,73,24,10259,39,52,60,66,70
20150129 18:07,28,25,25,30,21,43,39,91,73,26,10259,39,52,60,66,70
20150129 18:08,18,37,26,31,15,54,39,90,73,24,10259,39,52,60,66,70
20150129 18:09,16,36,25,31,18,47,39,90,73,24,10260,38,52,60,66,70
20150129 18:10,27,28,26,30,36,34,39,90,73,24,10260,38,52,60,66,70
20150129 18:11,32,25,24,29,28,35,39,90,73,24,10260,38,52,60,66,70
20150129 18:12,24,25,24,29,21,32,39,90,73,24,10260,38,52,60,66,70
20150129 18:13,21,20,23,28,21,25,38,91,73,25,10260,38,52,60,66,70
20150129 18:14,20,17,23,26,19,29,38,91,73,25,10260,39,52,59,66,70
20150129 18:15,22,22,24,26,25,35,38,91,73,25,10261,39,52,59,66,70
20150129 18:16,28,27,23,27,30,32,38,91,73,25,10261,39,52,59,66,70
20150129 18:17,25,24,23,26,21,31,38,91,73,25,10262,38,52,59,66,70
20150129 18:18,13,22,23,24,6,34,38,91,73,25,10262,38,52,59,66,70
20150129 18:19,14,22,23,23,22,28,38,91,73,25,10262,38,52,59,66,70
20150129 18:20,20,21,21,22,18,24,38,91,73,25,10262,38,52,59,66,70
20150129 18:21,17,21,20,22,16,34,38,91,73,25,10262,38,51,59,66,70
20150129 18:22,14,29,19,23,12,42,38,91,73,25,10262,38,51,59,66,70
20150129 18:23,18,31,19,24,23,39,38,91,73,25,10262,38,51,59,66,70
20150129 18:24,22,28,19,25,21,34,37,91,72,24,10263,38,51,59,66,70
20150129 18:25,28,33,20,26,36,55,37,91,72,24,10263,38,51,59,66,70
20150129 18:26,25,29,19,26,14,29,37,91,72,24,10263,37,51,59,66,70
20150129 18:27,16,25,18,27,17,46,37,91,72,24,10263,37,51,59,66,70
20150129 18:28,17,32,19,28,16,46,37,91,72,24,10263,37,51,59,66,70
20150129 18:29,17,32,19,29,19,43,37,91,72,24,10263,37,51,59,66,70
20150129 18:30,18,25,19,29,18,28,37,91,72,24,10263,37,51,59,66,70
20150129 18:31,15,20,19,28,12,22,37,91,72,24,10263,37,51,59,66,70
20150129 18:32,16,18,20,27,21,21,37,91,72,24,10263,37,51,59,66,70
20150129 18:33,22,18,20,26,24,25,37,91,72,24,10264,37,51,59,66,70
20150129 18:34,17,16,19,24,9,18,37,91,72,24,10264,38,51,59,66,70
20150129 18:35,16,20,17,23,23,38,36,91,72,23,10264,38,51,59,66,70
20150129 18:36,16,25,17,23,9,34,36,92,73,24,10264,38,51,59,66,70
20150129 18:37,13,25,17,23,16,35,36,92,73,24,10264,37,51,59,66,70
20150129 18:38,16,23,17,21,16,28,36,92,73,24,10264,37,51,59,66,70
20150129 18:39,22,22,18,21,28,29,36,92,73,24,10264,38,51,59,66,70
20150129 18:40,28,22,19,21,28,29,36,92,73,24,10264,38,50,59,66,70
20150129 18:41,22,21,19,21,17,28,36,92,73,24,10265,38,50,59,66,70
20150129 18:42,13,23,18,22,10,36,36,92,73,24,10265,38,50,59,66,70
20150129 18:43,19,26,18,23,28,33,36,92,73,24,10265,37,50,58,66,70
20150129 18:44,33,21,21,23,38,20,36,92,73,24,10265,37,50,58,66,70
20150129 18:45,32,16,22,22,27,26,36,92,73,24,10265,37,50,58,66,70
20150129 18:46,20,17,22,21,14,20,36,92,73,24,10265,38,50,58,66,70
20150129 18:47,17,16,23,20,20,20,36,92,73,24,10265,38,50,58,66,70
20150129 18:48,10,16,21,20,0,20,36,92,73,24,10265,38,50,58,66,70
20150129 18:49,9,17,20,19,19,25,36,92,73,24,10265,37,50,58,66,70
20150129 18:50,20,16,20,19,22,23,36,92,73,24,10266,38,50,58,66,70
20150129 18:51,23,20,20,19,24,35,36,92,73,24,10266,38,50,58,66,70
20150129 18:52,24,24,22,19,23,35,36,92,73,24,10266,38,50,58,66,70
20150129 18:53,25,24,21,19,26,31,36,92,73,24,10266,37,50,58,66,70
20150129 18:54,25,21,20,19,24,31,36,92,73,24,10266,38,50,58,66,70
20150129 18:55,25,20,20,19,26,25,36,92,73,24,10266,38,50,58,66,70
20150129 18:56,26,18,21,19,26,22,36,93,73,26,10266,38,50,58,66,70
20150129 18:57,25,17,21,19,24,21,36,93,73,26,10266,38,50,58,66,70
20150129 18:58,22,18,23,20,19,33,36,93,73,26,10266,38,50,58,66,70
20150129 18:59,21,20,24,20,23,28,36,93,73,26,10266,38,50,58,66,70
20150129 19:00,21,19,24,20,20,24,36,93,73,26,10266,38,50,58,66,70
20150129 19:01,22,18,24,20,24,30,36,93,73,26,10266,38,50,58,66,70
20150129 19:02,22,18,23,19,20,24,36,93,73,26,10266,38,50,58,66,70
20150129 19:03,20,17,23,18,19,20,36,93,73,26,10266,38,50,58,65,70
20150129 19:04,19,13,22,17,18,16,36,93,73,26,10266,38,50,58,65,70
20150129 19:05,13,14,20,17,9,21,36,93,73,26,10266,38,50,58,65,70
20150129 19:06,5,19,18,18,0,26,36,93,73,26,10267,38,50,58,65,70
20150129 19:07,6,18,17,17,13,19,36,93,73,26,10267,38,50,58,65,70
20150129 19:08,3,19,14,18,353,32,36,93,73,26,10267,38,49,58,65,70
20150129 19:09,355,22,11,18,358,23,36,93,73,26,10268,37,49,58,65,70
20150129 19:10,7,17,11,17,15,18,36,93,73,26,10268,37,49,58,65,70
20150129 19:11,13,14,10,17,10,20,36,93,73,26,10268,38,49,58,65,70
20150129 19:12,9,18,8,17,8,25,36,93,73,26,10268,38,49,58,65,70
20150129 19:13,14,18,8,17,19,20,36,93,73,26,10268,38,49,58,65,70
20150129 19:14,14,15,7,18,9,23,36,93,73,26,10268,38,49,58,65,70
20150129 19:15,358,20,5,19,347,30,36,93,73,26,10268,38,49,57,65,70
20150129 19:16,356,24,6,19,5,36,36,93,73,26,10268,37,49,57,65,70
20150129 19:17,3,23,5,19,2,27,36,93,73,26,10269,37,49,57,65,70
20150129 19:18,3,25,6,20,4,45,36,93,73,26,10269,37,49,57,65,70
20150129 19:19,9,25,7,20,15,32,36,93,73,26,10269,37,49,57,65,70
20150129 19:20,9,24,6,21,3,42,36,93,73,26,10269,37,49,57,65,70
20150129 19:21,7,25,6,22,11,29,36,93,73,26,10269,37,49,57,65,70
20150129 19:22,10,21,6,22,9,24,36,93,73,26,10269,37,49,57,65,70
20150129 19:23,13,22,6,23,18,36,36,93,73,26,10269,37,49,57,65,70
20150129 19:24,15,24,7,23,11,30,36,93,73,26,10269,37,49,57,65,70
20150129 19:25,355,19,6,23,338,24,36,93,73,26,10269,37,49,57,65,70
20150129 19:26,351,15,6,22,4,20,36,93,73,26,10269,37,49,57,65,70
20150129 19:27,8,16,7,21,11,31,36,93,73,26,10269,37,49,57,65,70
20150129 19:28,4,18,6,20,356,32,36,93,73,26,10269,37,49,57,65,70
20150129 19:29,357,17,4,20,358,19,36,93,73,26,10269,37,49,57,65,70
20150129 19:30,356,15,3,19,353,22,36,93,73,26,10269,37,49,57,65,70
20150129 19:31,359,12,2,17,5,14,36,93,73,26,10269,37,49,57,65,70
20150129 19:32,12,11,3,17,19,19,36,93,73,26,10269,37,49,57,65,70
20150129 19:33,8,13,1,15,357,18,36,93,73,26,10269,37,49,57,65,70
20150129 19:34,7,13,2,14,17,16,36,93,73,26,10269,37,49,57,65,70
20150129 19:35,17,11,6,14,18,16,36,93,73,26,10269,38,49,57,65,70
20150129 19:36,16,12,7,14,15,23,36,93,73,26,10269,38,49,57,65,70
20150129 19:37,1,16,4,14,347,27,36,93,73,26,10269,38,49,57,65,70
20150129 19:38,350,16,4,14,353,25,36,93,73,26,10270,37,49,57,65,70
20150129 19:39,358,16,5,14,3,26,36,93,73,26,10270,37,49,57,65,70
20150129 19:40,3,23,6,15,3,35,36,93,73,26,10270,37,49,57,65,70
20150129 19:41,357,24,4,16,351,26,36,93,73,26,10269,37,49,57,65,70
20150129 19:42,350,20,1,17,349,24,36,93,73,26,10269,37,49,57,65,70
20150129 19:43,3,16,3,17,16,18,36,93,73,26,10269,37,49,57,65,70
20150129 19:44,16,13,3,17,17,18,36,93,73,26,10269,37,49,57,65,70
20150129 19:45,9,12,2,17,2,14,36,93,73,26,10269,38,49,57,65,70
20150129 19:46,352,10,358,16,343,11,36,93,73,26,10269,38,49,57,65,70
20150129 19:47,2,13,2,16,20,25,36,93,73,26,10269,38,49,57,65,70
20150129 19:48,17,17,4,17,14,23,36,93,73,26,10269,38,49,57,65,70
20150129 19:49,1,15,2,16,348,16,36,93,73,26,10270,37,49,57,65,70
20150129 19:50,350,14,1,15,353,26,36,94,74,27,10270,38,48,57,65,70
20150129 19:51,2,18,3,15,10,25,36,94,74,27,10270,37,48,57,65,70
20150129 19:52,6,21,4,15,1,27,36,94,74,27,10270,37,48,56,65,70
20150129 19:53,8,22,4,16,14,26,36,94,74,27,10270,37,48,56,65,70
20150129 19:54,16,21,4,17,18,25,36,94,74,27,10269,37,48,56,65,70
20150129 19:55,11,16,4,17,3,16,36,94,74,27,10269,37,48,56,65,70
20150129 19:56,8,12,7,17,13,19,36,94,74,27,10269,37,48,56,65,70
20150129 19:57,9,13,6,17,5,20,36,94,74,27,10269,38,48,56,65,70
20150129 19:58,7,16,5,17,8,24,36,94,74,27,10270,38,48,56,65,70
20150129 19:59,3,18,6,18,357,22,36,94,74,27,10270,38,48,56,65,70
20150129 20:00,355,16,6,17,354,20,36,94,74,27,10270,37,48,56,65,70
