time_now,wd_avg_2mins,ws_avg_2mins,wd_avg_10mins,ws_avg_10mins,wd_maxsp_this_min,ws_maxsp_this_min,air_temp_by_box,relative_humidity,water_vapor_pressure,dew_temp,station_pressure,ground_temp_pt,ground_tem_5cm,ground_tem_10cm,ground_tem_15cm,ground_tem_20cm
20150118 20:01,77,22,81,23,79,27,29,69,52,-22,10330,9,38,60,75,80
20150118 20:02,80,20,82,22,82,23,29,68,51,-24,10330,9,38,60,75,80
20150118 20:03,81,18,81,22,80,20,29,69,52,-22,10330,9,38,60,75,80
20150118 20:04,81,17,81,22,81,22,29,69,52,-22,10330,8,38,60,75,80
20150118 20:05,83,19,81,21,85,29,29,69,52,-22,10330,8,38,60,75,80
20150118 20:06,87,23,81,21,88,29,29,69,52,-22,10330,9,38,60,75,80
20150118 20:07,87,23,82,21,86,27,29,68,51,-24,10330,8,38,60,74,80
20150118 20:08,86,22,82,21,86,29,29,68,51,-24,10330,8,38,60,74,80
20150118 20:09,86,22,83,21,87,27,29,68,51,-24,10330,8,37,59,74,80
20150118 20:10,86,22,84,21,86,30,29,68,51,-24,10329,8,37,59,74,80
20150118 20:11,88,23,85,21,89,30,29,68,51,-24,10329,8,37,59,74,80
20150118 20:12,89,24,86,22,88,30,29,68,51,-24,10329,8,37,59,74,80
20150118 20:13,86,24,86,22,84,32,29,68,51,-24,10329,8,37,59,74,80
20150118 20:14,84,25,86,23,85,36,30,68,52,-23,10329,7,37,59,74,79
20150118 20:15,84,24,86,23,83,31,30,68,52,-23,10329,7,37,59,74,79
20150118 20:16,82,23,86,23,81,28,29,68,51,-24,10329,7,37,59,74,79
20150118 20:17,81,24,85,23,82,31,29,68,51,-24,10330,7,36,59,74,79
20150118 20:18,80,23,84,24,77,30,29,68,51,-24,10330,7,36,59,74,79
20150118 20:19,78,21,83,23,79,26,29,68,51,-24,10330,7,36,58,74,79
20150118 20:20,78,21,83,23,78,27,29,69,52,-22,10330,7,36,58,74,79
20150118 20:21,80,24,82,24,82,33,29,69,52,-22,10330,7,36,58,73,79
20150118 20:22,79,24,81,24,77,30,28,69,52,-23,10330,6,36,58,73,79
20150118 20:23,77,21,80,23,76,25,28,69,52,-23,10330,6,36,58,73,79
20150118 20:24,75,18,79,22,73,24,28,69,52,-23,10330,6,36,58,73,79
20150118 20:25,74,17,78,21,74,23,28,69,52,-23,10330,6,35,58,73,79
20150118 20:26,74,16,77,21,74,21,28,69,52,-23,10330,5,35,58,73,79
20150118 20:27,73,16,76,20,72,18,28,69,52,-23,10330,5,35,58,73,79
20150118 20:28,72,17,76,19,73,20,27,69,51,-24,10330,5,35,57,73,79
20150118 20:29,72,15,75,19,72,18,27,69,51,-24,10330,5,35,57,73,79
20150118 20:30,73,14,75,18,74,18,27,69,51,-24,10330,5,35,57,73,79
20150118 20:31,73,15,74,17,72,19,27,69,51,-24,10330,5,35,57,73,79
20150118 20:32,72,14,73,16,73,16,27,69,51,-24,10330,5,35,57,73,79
20150118 20:33,72,14,73,15,70,18,27,69,51,-24,10330,4,35,57,73,79
20150118 20:34,70,15,73,15,71,20,26,69,51,-25,10330,4,34,57,73,79
20150118 20:35,71,16,72,15,71,19,26,70,52,-23,10329,4,34,57,72,79
20150118 20:36,72,17,72,16,73,20,26,70,52,-23,10329,4,34,57,72,79
20150118 20:37,75,18,72,16,76,22,26,70,52,-23,10329,4,34,57,72,79
20150118 20:38,73,18,72,16,70,21,25,70,51,-24,10329,4,34,56,72,79
20150118 20:39,72,17,72,16,73,20,25,70,51,-24,10329,4,34,56,72,79
20150118 20:40,74,16,72,16,74,20,25,70,51,-24,10329,4,34,56,72,79
20150118 20:41,75,15,73,16,75,18,25,70,51,-24,10329,4,34,56,72,79
20150118 20:42,76,16,73,17,76,21,25,70,51,-24,10330,4,34,56,72,78
20150118 20:43,74,17,73,17,73,23,25,71,52,-22,10330,4,33,56,72,78
20150118 20:44,72,18,73,17,72,22,24,71,52,-23,10330,4,33,56,72,78
20150118 20:45,71,17,73,17,70,20,24,71,52,-23,10330,4,33,56,72,78
20150118 20:46,70,17,73,17,70,22,24,71,52,-23,10329,4,33,56,72,78
20150118 20:47,69,17,72,17,68,20,24,71,52,-23,10328,4,33,56,72,78
20150118 20:48,68,18,72,17,69,22,24,71,52,-23,10327,4,33,55,72,78
20150118 20:49,71,17,72,17,73,20,24,71,52,-23,10326,4,33,55,71,78
20150118 20:50,73,17,72,17,74,20,24,71,52,-23,10326,4,33,55,71,78
20150118 20:51,75,16,72,17,76,18,24,71,52,-23,10325,4,33,55,71,78
20150118 20:52,75,15,72,17,74,17,24,71,52,-23,10325,4,33,55,71,78
20150118 20:53,74,15,72,17,74,18,23,71,51,-24,10325,4,33,55,71,78
20150118 20:54,74,16,72,16,75,19,23,71,51,-24,10325,3,32,55,71,78
20150118 20:55,75,17,73,17,75,22,23,72,52,-22,10325,3,32,55,71,78
20150118 20:56,74,17,73,17,74,21,23,72,52,-22,10325,3,32,55,71,78
20150118 20:57,73,16,74,16,72,16,23,72,52,-22,10325,3,32,55,71,78
20150118 20:58,71,14,74,16,70,16,23,72,52,-22,10325,3,32,55,71,78
20150118 20:59,70,14,73,16,70,16,23,72,52,-22,10325,3,32,54,71,78
20150118 21:00,71,15,73,16,71,19,23,72,52,-22,10325,3,32,54,71,78
20150118 21:01,71,16,73,16,71,18,22,72,52,-23,10325,3,32,54,71,78
20150118 21:02,70,15,72,16,70,18,22,72,52,-23,10325,3,32,54,71,78
20150118 21:03,71,17,72,16,71,26,22,72,52,-23,10325,3,32,54,70,78
20150118 21:04,71,16,71,16,70,15,22,72,52,-23,10324,3,32,54,70,78
20150118 21:05,72,14,71,15,74,16,22,72,52,-23,10324,3,32,54,70,78
20150118 21:06,76,15,72,15,78,17,22,72,52,-23,10323,3,32,54,70,78
20150118 21:07,79,16,72,15,80,18,22,73,52,-21,10323,3,31,54,70,78
20150118 21:08,79,17,73,16,78,19,22,73,52,-21,10323,3,31,54,70,78
20150118 21:09,77,18,74,16,77,19,22,73,52,-21,10322,3,31,54,70,78
20150118 21:10,75,18,74,16,73,19,21,74,53,-20,10322,2,31,53,70,78
20150118 21:11,73,17,74,17,73,18,21,74,53,-20,10322,2,31,53,70,77
20150118 21:12,73,16,75,16,73,16,21,74,53,-20,10322,2,31,53,70,77
20150118 21:13,72,12,75,16,71,14,21,74,53,-20,10322,2,31,53,70,77
20150118 21:14,69,9,75,15,68,10,21,74,53,-20,10322,2,31,53,70,77
20150118 21:15,67,8,74,14,67,10,21,74,53,-20,10322,1,31,53,70,77
20150118 21:16,68,5,73,13,70,7,21,74,53,-20,10322,1,31,53,70,77
20150118 21:17,68,3,72,12,66,5,20,74,52,-21,10322,1,31,53,70,77
20150118 21:18,63,3,70,10,60,4,20,75,53,-20,10322,0,31,53,70,77
20150118 21:19,61,2,68,9,62,3,20,75,53,-20,10322,0,31,53,69,77
20150118 21:20,57,2,66,7,53,4,20,75,53,-20,10322,0,30,53,69,77
20150118 21:21,53,3,64,6,53,5,19,75,53,-21,10322,0,30,53,69,77
20150118 21:22,52,4,62,5,51,6,19,75,53,-21,10322,0,30,52,69,77
20150118 21:23,53,5,61,4,55,7,18,75,52,-22,10322,-1,30,52,69,77
20150118 21:24,57,6,60,4,59,8,18,76,53,-20,10322,-1,30,52,69,77
20150118 21:25,59,6,59,4,59,7,17,76,52,-21,10322,-1,30,52,69,77
20150118 21:26,58,6,58,4,58,6,17,76,52,-21,10322,-2,30,52,69,77
20150118 21:27,58,5,57,5,57,7,16,77,53,-20,10322,-2,30,52,69,77
20150118 21:28,57,5,56,5,57,6,16,77,53,-20,10322,-3,30,52,69,77
20150118 21:29,54,6,55,5,51,8,16,77,53,-20,10322,-3,30,52,69,77
20150118 21:30,51,7,55,6,51,8,15,77,52,-21,10322,-3,30,52,69,77
20150118 21:31,50,7,55,6,50,8,15,78,53,-19,10322,-3,29,52,69,77
20150118 21:32,46,6,54,6,42,7,14,78,53,-20,10322,-3,29,52,69,77
20150118 21:33,43,4,53,6,45,4,14,79,53,-18,10322,-3,29,52,69,77
20150118 21:34,47,3,52,5,50,4,13,79,53,-19,10322,-3,29,51,68,77
20150118 21:35,50,3,51,5,50,4,13,80,54,-18,10322,-4,29,51,68,77
20150118 21:36,51,3,51,5,52,5,13,80,54,-18,10321,-4,29,51,68,76
20150118 21:37,56,2,51,4,60,1,12,80,53,-19,10321,-4,29,51,68,76
20150118 21:38,61,0,51,4,62,0,12,80,53,-19,10322,-4,29,51,68,76
20150118 21:39,62,0,52,3,62,0,11,81,54,-18,10322,-4,29,51,68,76
20150118 21:40,62,0,54,2,62,0,11,81,54,-18,10323,-4,28,51,68,76
20150118 21:41,61,0,55,2,60,0,11,81,54,-18,10323,-4,28,51,68,76
20150118 21:42,55,0,55,1,50,0,11,81,54,-18,10323,-4,28,51,68,76
20150118 21:43,50,0,56,1,49,2,10,81,53,-19,10322,-4,28,51,68,76
20150118 21:44,50,2,56,1,51,5,10,81,53,-19,10322,-5,28,51,68,76
20150118 21:45,56,4,57,1,61,4,9,81,53,-20,10321,-5,28,50,68,76
20150118 21:46,64,5,58,1,66,6,9,81,53,-20,10321,-5,28,50,68,76
20150118 21:47,67,6,59,2,68,6,9,82,53,-18,10321,-5,28,50,68,76
20150118 21:48,66,5,59,2,65,5,9,82,53,-18,10321,-5,27,50,68,76
20150118 21:49,61,3,59,3,58,3,9,82,53,-18,10321,-5,27,50,68,76
20150118 21:50,52,3,57,3,46,4,8,82,53,-19,10322,-4,27,50,68,76
20150118 21:51,38,3,55,3,31,3,8,82,53,-19,10322,-4,27,50,67,76
20150118 21:52,27,2,52,3,23,3,8,82,53,-19,10322,-4,27,50,67,76
20150118 21:53,20,2,49,4,16,2,7,82,53,-20,10322,-4,27,50,67,76
20150118 21:54,19,2,46,3,22,2,7,83,53,-19,10322,-4,27,50,67,76
20150118 21:55,25,2,42,3,29,2,7,83,53,-19,10322,-3,27,50,67,76
20150118 21:56,35,2,40,3,42,2,7,83,53,-19,10322,-3,27,50,67,76
20150118 21:57,46,2,38,2,49,3,7,83,53,-19,10322,-2,27,50,67,76
20150118 21:58,49,3,36,2,49,3,7,83,53,-19,10322,-2,26,49,67,76
20150118 21:59,49,3,36,2,49,3,7,83,53,-19,10322,-2,26,49,67,76
20150118 22:00,45,3,35,2,41,3,6,84,54,-18,10322,-1,26,49,67,76
20150118 22:01,35,2,35,2,30,3,6,84,54,-18,10322,-1,26,49,67,76
20150118 22:02,26,2,35,2,21,2,6,84,54,-18,10322,-1,26,49,67,76
20150118 22:03,18,1,35,2,14,1,6,84,54,-18,10322,0,26,49,67,76
20150118 22:04,15,0,34,2,16,0,6,84,54,-18,10322,0,26,49,67,75
20150118 22:05,23,0,34,2,29,2,6,85,54,-16,10322,0,26,49,67,75
20150118 22:06,35,1,34,2,40,2,6,85,54,-16,10322,1,26,49,66,75
20150118 22:07,46,2,34,2,52,3,6,86,55,-15,10323,1,26,49,66,75
20150118 22:08,58,2,36,2,65,2,6,85,54,-16,10323,1,26,49,66,75
20150118 22:09,71,2,38,2,78,3,6,85,54,-16,10322,2,26,48,66,75
20150118 22:10,80,3,42,2,82,4,6,85,54,-16,10322,2,26,48,66,75
20150118 22:11,81,3,48,2,81,3,6,85,54,-16,10322,2,26,48,66,75
20150118 22:12,80,1,54,2,79,2,6,85,54,-16,10322,3,26,48,66,75
20150118 22:13,71,0,59,2,63,0,6,85,54,-16,10321,3,26,48,66,75
20150118 22:14,53,0,61,2,43,0,6,85,54,-16,10321,3,26,48,66,75
20150118 22:15,42,0,62,1,40,3,6,85,54,-16,10320,3,26,48,66,75
20150118 22:16,44,1,63,1,48,3,6,85,54,-16,10319,3,26,48,66,75
20150118 22:17,49,2,63,1,50,3,6,85,54,-16,10318,3,26,48,66,75
20150118 22:18,61,1,64,1,73,2,6,85,54,-16,10318,3,26,48,66,75
20150118 22:19,94,1,67,1,115,1,6,85,54,-16,10319,3,26,48,66,75
20150118 22:20,133,1,72,1,151,1,6,85,54,-16,10320,3,26,48,66,75
20150118 22:21,166,0,78,1,181,0,7,85,55,-15,10320,3,26,48,66,75
20150118 22:22,194,0,86,1,207,0,7,85,55,-15,10320,3,26,48,65,75
20150118 22:23,209,0,103,1,211,0,7,85,55,-15,10320,3,26,47,65,75
20150118 22:24,211,0,130,1,211,0,7,85,55,-15,10320,3,26,47,65,75
20150118 22:25,208,0,155,1,203,0,7,85,55,-15,10320,3,26,47,65,75
20150118 22:26,39,0,157,1,29,0,7,86,55,-14,10320,3,26,47,65,75
20150118 22:27,19,0,164,0,8,0,8,86,56,-13,10320,3,26,47,65,75
20150118 22:28,1,0,180,0,354,0,8,86,56,-13,10320,3,26,47,65,75
20150118 22:29,355,0,212,0,356,0,8,86,56,-13,10320,3,26,47,65,74
20150118 22:30,1,0,284,0,6,0,8,87,56,-11,10320,3,26,47,65,74
20150118 22:31,10,0,335,0,15,0,8,87,56,-11,10319,3,26,47,65,74
20150118 22:32,17,1,356,0,20,3,8,87,56,-11,10319,3,26,47,65,74
20150118 22:33,23,2,7,0,26,3,8,87,56,-11,10318,3,26,47,65,74
20150118 22:34,25,3,12,1,25,5,8,87,56,-11,10317,4,26,47,65,74
20150118 22:35,25,4,14,1,25,6,8,87,56,-11,10317,4,26,47,65,74
20150118 22:36,26,6,14,2,27,6,8,87,56,-11,10316,4,26,47,65,74
20150118 22:37,30,6,17,3,33,7,8,87,56,-11,10315,4,26,47,65,74
20150118 22:38,32,7,20,3,31,8,8,87,56,-11,10315,4,26,47,65,74
20150118 22:39,32,7,24,4,32,9,8,87,56,-11,10315,4,26,46,65,74
20150118 22:40,35,8,27,5,38,10,8,87,56,-11,10315,4,26,46,64,74
20150118 22:41,42,10,30,6,46,12,8,87,56,-11,10315,5,26,46,64,74
20150118 22:42,48,12,33,7,50,14,8,88,57,-10,10315,5,26,46,64,74
20150118 22:43,50,13,36,8,51,14,8,88,57,-10,10316,5,26,46,64,74
20150118 22:44,49,13,38,9,48,14,8,88,57,-10,10315,5,26,46,64,74
20150118 22:45,46,13,40,10,44,13,9,88,57,-9,10315,6,26,46,64,74
20150118 22:46,42,12,41,11,40,14,9,88,57,-9,10315,6,26,46,64,74
20150118 22:47,38,12,42,11,35,12,9,88,57,-9,10315,6,26,46,64,74
20150118 22:48,33,10,41,11,30,10,9,88,57,-9,10315,6,26,46,64,74
20150118 22:49,29,9,41,11,28,9,9,88,57,-9,10315,6,26,46,64,74
20150118 22:50,28,8,40,11,29,9,9,88,57,-9,10316,6,26,46,64,74
20150118 22:51,29,8,38,11,29,9,9,89,58,-7,10316,7,26,46,64,74
20150118 22:52,29,7,36,10,29,7,9,89,58,-7,10316,7,26,46,64,74
20150118 22:53,33,6,35,9,37,6,9,89,58,-7,10316,7,26,46,64,74
20150118 22:54,43,6,35,9,48,7,9,89,58,-7,10316,8,26,46,64,74
20150118 22:55,51,7,36,8,54,8,10,89,58,-6,10315,8,26,46,64,73
20150118 22:56,54,7,37,8,55,9,10,88,58,-8,10314,8,26,46,64,73
20150118 22:57,54,8,39,7,53,10,10,88,58,-8,10314,8,26,46,64,73
20150118 22:58,52,9,41,8,51,11,10,88,58,-8,10314,9,26,45,63,73
20150118 22:59,50,10,44,8,50,11,10,88,58,-8,10314,9,26,45,63,73
20150118 23:00,49,11,46,8,49,12,10,87,57,-9,10314,9,26,45,63,73
20150118 23:01,49,11,48,8,49,12,10,87,57,-9,10314,9,26,45,63,73
20150118 23:02,46,11,49,9,44,12,11,88,58,-7,10314,9,26,45,63,73
20150118 23:03,41,10,49,9,38,10,11,88,58,-7,10314,9,26,45,63,73
20150118 23:04,35,9,48,9,32,9,11,88,58,-7,10314,9,27,45,63,73
20150118 23:05,28,7,45,9,24,8,11,88,58,-7,10314,9,27,45,63,73
20150118 23:06,23,7,41,9,22,8,11,88,58,-7,10314,10,27,45,63,73
20150118 23:07,21,7,38,9,19,8,11,89,59,-5,10313,10,27,45,63,73
20150118 23:08,21,7,35,9,22,8,11,89,59,-5,10313,10,27,45,63,73
20150118 23:09,25,8,33,9,27,8,11,89,59,-5,10312,10,27,45,63,73
20150118 23:10,21,8,29,8,15,8,12,89,59,-4,10312,10,27,45,63,73
20150118 23:11,4,6,24,8,352,8,12,89,59,-4,10312,10,27,45,63,73
20150118 23:12,345,6,17,7,338,8,12,89,59,-4,10313,10,27,45,63,73
20150118 23:13,335,6,11,7,333,8,12,88,59,-6,10313,10,27,45,63,73
20150118 23:14,340,6,6,7,347,7,12,88,59,-6,10313,10,27,45,63,73
20150118 23:15,342,6,1,7,338,7,13,88,59,-5,10313,10,27,45,63,73
20150118 23:16,337,6,357,7,336,8,13,88,59,-5,10312,11,27,45,63,73
20150118 23:17,335,6,352,6,334,7,13,88,59,-5,10312,10,27,45,62,73
20150118 23:18,337,5,348,6,340,5,13,88,59,-5,10311,10,27,45,62,73
20150118 23:19,348,4,345,6,356,5,13,88,59,-5,10311,10,27,45,62,73
20150118 23:20,7,4,345,5,17,6,13,87,58,-6,10310,10,27,45,62,73
20150118 23:21,26,5,349,6,35,9,13,87,58,-6,10310,10,27,45,62,72
20150118 23:22,40,7,355,6,45,9,13,87,58,-6,10309,10,27,45,62,72
20150118 23:23,48,9,3,6,50,14,13,87,58,-6,10309,10,27,45,62,72
20150118 23:24,48,12,9,7,45,15,14,87,59,-5,10309,10,27,45,62,72
20150118 23:25,44,13,17,7,43,17,14,87,59,-5,10309,10,27,45,62,72
20150118 23:26,42,13,23,8,41,16,14,87,59,-5,10309,10,27,45,62,72
20150118 23:27,39,12,29,9,36,14,14,87,59,-5,10309,10,27,45,62,72
20150118 23:28,35,11,34,9,33,13,14,86,58,-7,10309,10,27,44,62,72
20150118 23:29,28,9,37,10,23,9,14,86,58,-7,10309,11,27,44,62,72
20150118 23:30,21,8,37,10,18,10,15,86,59,-6,10309,11,27,44,62,72
20150118 23:31,16,7,35,10,14,9,15,86,59,-6,10309,11,28,44,62,72
20150118 23:32,14,6,32,10,14,8,16,85,58,-6,10309,11,28,44,62,72
20150118 23:33,11,4,27,9,7,3,16,85,58,-6,10309,11,28,44,62,72
20150118 23:34,14,3,25,8,21,7,16,84,58,-8,10309,11,28,44,62,72
20150118 23:35,36,3,26,7,49,4,17,84,58,-7,10309,11,28,44,62,72
20150118 23:36,48,2,26,6,46,3,17,83,57,-9,10309,11,28,44,62,72
20150118 23:37,49,1,28,5,52,2,18,82,57,-9,10309,11,28,44,62,72
20150118 23:38,37,0,26,4,20,1,18,82,57,-9,10309,11,28,44,61,72
20150118 23:39,16,0,25,3,11,0,18,82,57,-9,10309,11,28,44,61,72
20150118 23:40,2,0,23,2,354,1,18,82,57,-9,10309,11,28,44,61,72
20150118 23:41,358,0,21,2,2,0,18,83,58,-8,10308,11,28,44,61,72
20150118 23:42,328,0,16,1,293,0,17,83,57,-9,10307,11,28,44,61,72
20150118 23:43,295,0,9,1,297,0,17,83,57,-9,10307,11,28,44,61,72
20150118 23:44,290,0,0,1,283,1,17,83,57,-9,10307,11,28,44,61,72
20150118 23:45,269,2,344,1,255,5,18,82,57,-9,10308,10,28,44,61,72
20150118 23:46,251,5,325,1,247,9,18,81,56,-11,10308,10,28,44,61,72
20150118 23:47,252,7,309,2,258,9,18,81,56,-11,10308,10,28,44,61,72
20150118 23:48,257,9,294,3,256,9,19,80,56,-12,10308,10,28,44,61,71
20150118 23:49,262,8,284,3,269,9,19,81,57,-10,10307,10,28,44,61,71
20150118 23:50,281,8,279,4,293,8,19,80,56,-12,10307,10,28,44,61,71
20150118 23:51,303,7,276,5,313,8,19,80,56,-12,10308,10,28,44,61,71
20150118 23:52,325,6,280,5,336,7,18,80,56,-13,10308,10,28,44,61,71
20150118 23:53,356,6,285,6,17,8,18,81,56,-11,10308,10,28,44,61,71
20150118 23:54,27,7,294,7,37,8,18,81,56,-11,10308,10,28,44,61,71
20150118 23:55,44,7,310,7,50,9,18,81,56,-11,10307,10,28,44,61,71
20150118 23:56,49,8,330,7,49,9,18,81,56,-11,10307,10,28,44,61,71
20150118 23:57,46,7,351,7,44,7,18,81,56,-11,10306,10,28,44,61,71
20150118 23:58,43,4,6,7,42,5,18,81,56,-11,10306,10,28,44,61,71
20150118 23:59,46,4,19,6,49,5,18,81,56,-11,10306,10,28,44,61,71
20150118 00:00,53,5,30,6,56,12,18,82,57,-9,10306,10,28,44,61,71
20150118 00:01,57,7,39,6,59,10,18,82,57,-9,10307,9,28,44,61,71
20150118 00:02,56,8,46,6,54,12,18,82,57,-9,10307,9,28,44,61,71
20150118 00:03,51,10,49,7,49,15,17,82,57,-10,10308,8,28,44,60,71
20150118 00:04,49,12,50,7,48,13,17,82,57,-10,10307,8,28,44,60,71
20150118 00:05,49,10,50,8,50,11,17,81,56,-12,10307,8,28,44,60,71
20150118 00:06,46,7,49,7,41,9,17,81,56,-12,10307,7,28,44,60,71
20150118 00:07,43,5,49,7,45,5,17,81,56,-12,10307,6,28,44,60,71
20150118 00:08,44,3,49,7,43,4,17,80,55,-14,10307,6,28,44,60,71
20150118 00:09,40,4,48,7,38,6,17,80,55,-14,10306,5,28,44,60,71
20150118 00:10,38,5,46,7,38,8,17,80,55,-14,10306,5,28,44,60,71
20150118 00:11,37,6,44,7,36,8,17,80,55,-14,10306,5,28,44,60,71
20150118 00:12,38,7,43,7,39,7,17,79,55,-15,10306,4,28,44,60,71
20150118 00:13,36,7,41,7,33,10,17,80,55,-14,10305,4,28,44,60,71
20150118 00:14,36,9,40,6,39,12,17,80,55,-14,10304,3,27,44,60,71
20150118 00:15,40,10,39,7,42,14,17,80,55,-14,10304,3,27,44,60,71
20150118 00:16,48,10,41,7,53,14,17,80,55,-14,10303,2,27,44,60,71
20150118 00:17,53,12,41,8,53,17,16,81,56,-13,10303,2,27,44,60,71
20150118 00:18,53,14,42,9,53,16,16,80,55,-15,10303,2,27,44,60,71
20150118 00:19,52,12,44,10,52,13,16,81,56,-13,10303,2,27,44,60,70
20150118 00:20,52,10,45,10,53,13,16,81,56,-13,10303,2,27,44,60,70
20150118 00:21,49,8,46,10,45,9,16,82,56,-11,10303,1,27,44,60,70
20150118 00:22,41,7,46,10,38,8,16,82,56,-11,10304,1,27,44,60,70
20150118 00:23,38,7,47,10,38,7,15,83,56,-11,10304,1,27,44,60,70
20150118 00:24,33,6,46,10,28,8,15,83,56,-11,10304,1,27,44,60,70
20150118 00:25,23,6,43,9,18,6,14,84,57,-10,10305,0,26,43,60,70
20150118 00:26,14,5,39,9,9,7,14,84,57,-10,10305,0,26,43,60,70
20150118 00:27,9,6,34,8,9,7,14,84,57,-10,10306,0,26,43,60,70
20150118 00:28,10,6,30,7,10,6,13,84,56,-11,10306,0,26,43,60,70
20150118 00:29,12,5,26,6,14,7,13,84,56,-11,10306,0,26,43,60,70
20150118 00:30,17,4,23,6,19,6,13,83,56,-13,10306,0,26,43,60,70
20150118 00:31,22,4,21,5,26,5,13,83,56,-13,10305,-1,26,43,60,70
20150118 00:32,21,3,19,5,16,5,12,83,55,-14,10305,-1,26,43,60,70
20150118 00:33,15,1,16,4,14,2,12,83,55,-14,10305,-1,26,43,60,70
20150118 00:34,357,1,12,4,342,2,12,83,55,-14,10304,-1,25,43,60,70
20150118 00:35,348,1,9,3,355,3,12,83,55,-14,10304,-1,25,43,59,70
20150118 00:36,351,3,7,3,348,5,11,83,55,-15,10304,-2,25,43,59,70
20150118 00:37,345,4,5,3,342,7,10,83,54,-16,10304,-2,25,43,59,70
20150118 00:38,340,5,1,3,338,7,10,83,54,-16,10304,-2,25,43,59,70
20150118 00:39,343,5,359,3,349,6,10,84,55,-14,10305,-2,25,43,59,70
20150118 00:40,353,6,356,3,356,8,10,85,56,-12,10305,-3,25,43,59,70
20150118 00:41,2,6,355,4,9,8,9,85,55,-13,10306,-3,25,43,59,70
20150118 00:42,14,6,355,4,19,7,9,85,55,-13,10306,-3,24,43,59,70
20150118 00:43,22,8,356,5,25,12,9,85,55,-13,10307,-3,24,43,59,70
20150118 00:44,26,10,1,6,28,13,9,86,56,-12,10307,-4,24,43,59,70
20150118 00:45,32,11,5,7,36,15,8,86,56,-13,10307,-3,24,43,59,70
20150118 00:46,33,12,9,8,31,13,8,86,56,-13,10307,-3,24,43,59,70
20150118 00:47,33,10,15,8,36,10,8,87,56,-11,10307,-2,24,43,59,70
20150118 00:48,33,8,20,8,31,10,8,87,56,-11,10307,-2,24,43,59,70
20150118 00:49,27,8,24,9,24,13,8,87,56,-11,10307,-2,24,43,59,70
20150118 00:50,25,7,27,8,27,6,8,87,56,-11,10307,-2,24,43,59,70
20150118 00:51,19,5,27,8,11,6,8,87,56,-11,10307,-2,23,43,59,70
20150118 00:52,8,5,26,8,6,6,7,87,56,-12,10307,-2,23,42,59,69
20150118 00:53,4,4,23,8,2,5,7,87,56,-12,10306,-2,23,42,59,69
20150118 00:54,11,5,23,7,21,6,7,87,56,-12,10306,-2,23,42,59,69
20150118 00:55,22,5,21,6,24,6,7,87,56,-12,10306,-2,23,42,59,69
20150118 00:56,31,7,22,6,38,14,6,86,55,-15,10306,-2,23,42,59,69
20150118 00:57,35,8,22,6,32,11,6,86,55,-15,10306,-2,23,42,59,69
20150118 00:58,34,10,22,6,37,14,6,86,55,-15,10306,-2,23,42,59,69
20150118 00:59,36,12,23,7,36,14,5,87,55,-14,10306,-2,23,42,59,69
20150118 01:00,34,12,24,8,31,15,5,87,55,-14,10306,-2,23,42,59,69
20150118 01:01,30,12,26,8,28,14,5,87,55,-14,10306,-2,22,42,59,69
20150118 01:02,29,12,28,9,31,13,5,87,55,-14,10307,-2,22,42,59,69
20150118 01:03,28,12,30,10,25,14,5,88,56,-13,10307,-2,22,42,59,69
20150118 01:04,26,12,31,10,27,12,4,88,55,-14,10307,-2,22,42,59,69
20150118 01:05,31,10,32,11,36,13,4,88,55,-14,10306,-2,22,42,58,69
20150118 01:06,35,10,32,11,35,13,4,88,55,-14,10306,-2,22,42,58,69
20150118 01:07,37,11,33,12,39,14,4,88,55,-14,10306,-2,22,42,58,69
20150118 01:08,39,12,33,12,40,17,4,88,55,-14,10305,-2,22,42,58,69
20150118 01:09,37,13,33,12,34,18,4,89,56,-12,10305,-2,22,42,58,69
20150118 01:10,33,16,33,12,32,22,4,89,56,-12,10305,-2,22,41,58,69
20150118 01:11,30,17,33,13,29,19,4,89,56,-12,10305,-2,22,41,58,69
20150118 01:12,32,16,33,13,34,18,4,89,56,-12,10304,-2,22,41,58,69
20150118 01:13,36,15,34,13,38,17,4,89,56,-12,10304,-2,21,41,58,69
20150118 01:14,38,14,36,14,39,18,5,89,56,-11,10303,-2,21,41,58,69
20150118 01:15,38,14,36,14,38,16,5,89,56,-11,10303,-2,21,41,58,69
20150118 01:16,39,15,36,15,40,18,5,88,56,-13,10303,-2,21,41,58,69
20150118 01:17,42,14,37,15,44,17,5,88,56,-13,10302,-2,21,41,58,69
20150118 01:18,44,14,37,15,44,17,6,88,56,-12,10302,-2,21,41,58,69
20150118 01:19,45,15,39,15,47,18,6,88,56,-12,10302,-2,21,41,58,69
20150118 01:20,46,14,40,15,45,15,6,88,56,-12,10303,-2,21,41,58,69
20150118 01:21,44,13,41,14,43,15,6,87,55,-13,10303,-2,21,41,58,69
20150118 01:22,42,14,42,14,40,16,6,87,55,-13,10303,-2,21,41,58,69
20150118 01:23,38,14,42,14,36,16,7,87,56,-12,10303,-2,21,41,58,69
20150118 01:24,35,14,41,14,33,16,7,86,55,-14,10303,-2,21,41,58,69
20150118 01:25,31,14,40,14,30,16,7,86,55,-14,10304,-2,21,41,58,69
20150118 01:26,30,14,39,14,29,17,6,86,55,-15,10304,-2,21,41,58,69
20150118 01:27,31,13,38,14,33,17,6,86,55,-15,10305,-2,21,41,58,68
20150118 01:28,31,11,36,13,28,13,6,86,55,-15,10305,-2,21,40,58,68
20150118 01:29,30,11,35,13,32,15,6,86,55,-15,10305,-2,20,40,58,68
20150118 01:30,34,11,34,13,36,12,6,86,55,-15,10305,-2,20,40,58,68
20150118 01:31,34,8,33,12,32,10,5,86,54,-16,10306,-2,20,40,58,68
20150118 01:32,32,9,32,12,32,16,5,86,54,-16,10305,-2,20,40,58,68
20150118 01:33,36,10,32,11,40,14,5,86,54,-16,10305,-2,20,40,58,68
20150118 01:34,41,13,33,11,42,19,5,86,54,-16,10304,-2,20,40,58,68
20150118 01:35,40,15,34,12,38,17,5,86,54,-16,10304,-2,20,40,57,68
20150118 01:36,36,15,35,12,33,18,6,86,55,-15,10304,-2,20,40,57,68
20150118 01:37,32,15,34,12,31,20,6,86,55,-15,10305,-2,20,40,57,68
20150118 01:38,30,14,34,12,29,19,6,86,55,-15,10305,-2,20,40,57,68
20150118 01:39,26,13,34,12,23,19,6,86,55,-15,10305,-2,20,40,57,68
20150118 01:40,23,14,32,13,23,19,6,86,55,-15,10305,-2,20,40,57,68
20150118 01:41,24,13,32,13,25,13,6,86,55,-15,10305,-2,20,40,57,68
20150118 01:42,29,10,32,13,33,11,6,85,54,-16,10304,-2,20,40,57,68
20150118 01:43,32,10,31,13,32,13,6,85,54,-16,10304,-2,20,40,57,68
20150118 01:44,32,11,30,13,33,17,6,85,54,-16,10304,-2,20,40,57,68
20150118 01:45,36,11,30,12,40,15,7,85,55,-15,10303,-2,20,40,57,68
20150118 01:46,39,11,31,12,38,15,7,85,55,-15,10303,-2,20,39,57,68
20150118 01:47,36,12,31,12,35,18,7,85,55,-15,10303,-2,19,39,57,68
20150118 01:48,35,14,32,12,35,19,7,84,54,-17,10303,-2,19,39,57,68
20150118 01:49,37,13,33,12,39,15,7,84,54,-17,10303,-2,19,39,57,68
20150118 01:50,37,12,35,12,35,18,7,84,54,-17,10303,-2,19,39,57,68
20150118 01:51,35,13,35,12,34,17,7,84,54,-17,10303,-2,19,39,57,68
20150118 01:52,37,13,36,12,39,20,8,84,54,-16,10303,-2,19,39,57,68
20150118 01:53,38,11,36,12,37,17,8,84,54,-16,10302,-2,19,39,57,68
20150118 01:54,41,9,38,12,45,11,9,84,55,-15,10302,-2,19,39,57,68
20150118 01:55,44,10,38,12,42,20,8,84,54,-16,10302,-2,19,39,57,68
20150118 01:56,42,12,38,12,43,14,9,84,55,-15,10302,-2,19,39,57,68
20150118 01:57,44,11,39,12,45,12,9,84,55,-15,10302,-2,19,39,57,68
20150118 01:58,47,10,41,11,49,15,9,83,54,-17,10302,-2,19,39,57,68
20150118 01:59,50,12,42,11,52,16,10,83,54,-16,10301,-2,19,39,57,68
20150118 02:00,53,13,44,11,54,15,10,83,54,-16,10300,-2,19,39,57,68
20150118 02:01,54,13,46,11,54,19,10,83,54,-16,10300,-2,19,39,56,68
20150118 02:02,51,15,47,11,49,17,10,83,54,-16,10300,-2,19,39,56,67
20150118 02:03,47,14,48,12,45,14,11,83,55,-15,10299,-2,19,39,56,68
20150118 02:04,45,12,48,12,45,14,11,83,55,-15,10299,-2,19,39,56,67
20150118 02:05,44,12,48,12,42,14,11,82,54,-16,10299,-2,19,39,56,67
20150118 02:06,42,12,48,12,41,14,11,82,54,-16,10299,-2,19,38,56,67
20150118 02:07,40,13,47,13,38,18,11,82,54,-16,10299,-2,19,38,56,67
20150118 02:08,36,14,46,13,35,18,11,82,54,-16,10299,-2,19,38,56,67
20150118 02:09,35,15,44,13,36,19,12,82,55,-15,10299,-2,19,38,56,67
20150118 02:10,38,15,42,14,39,21,12,82,55,-15,10299,-2,19,38,56,67
20150118 02:11,38,15,41,14,36,20,12,82,55,-15,10299,-2,19,38,56,67
20150118 02:12,35,15,39,14,33,20,12,82,55,-15,10299,-2,19,38,56,67
20150118 02:13,33,12,38,13,32,12,12,82,55,-15,10300,-2,19,38,56,67
20150118 02:14,29,9,36,13,26,13,12,82,55,-15,10300,-2,19,38,56,67
20150118 02:15,20,6,33,12,13,8,12,82,55,-15,10300,-2,19,38,56,67
20150118 02:16,11,3,30,11,9,4,12,82,55,-15,10300,-2,19,38,56,67
20150118 02:17,6,2,26,10,4,4,12,82,55,-15,10300,-2,19,38,56,67
20150118 02:18,345,2,20,9,326,3,13,82,55,-14,10300,-2,19,38,56,67
20150118 02:19,297,1,12,7,268,1,13,81,54,-16,10300,-2,19,38,56,67
20150118 02:20,294,0,3,6,323,0,13,81,54,-16,10300,-2,19,38,56,67
20150118 02:21,288,0,350,4,256,1,14,81,55,-15,10299,-2,19,38,56,67
20150118 02:22,290,0,343,3,333,1,14,81,55,-15,10299,-2,19,38,56,67
20150118 02:23,25,0,345,2,71,1,14,81,55,-15,10299,-2,19,38,56,67
20150118 02:24,66,0,347,1,46,2,14,80,54,-17,10299,-2,19,38,56,67
20150118 02:25,49,0,351,1,51,1,14,80,54,-17,10298,-2,19,38,56,67
20150118 02:26,30,0,353,1,21,1,14,81,55,-15,10298,-2,19,38,56,67
20150118 02:27,3,0,350,0,345,0,13,81,54,-16,10298,-2,18,38,55,67
20150118 02:28,325,0,346,0,303,0,13,81,54,-16,10298,-2,18,37,55,67
20150118 02:29,39,0,7,0,108,1,13,81,54,-16,10297,-2,18,37,55,67
20150118 02:30,130,1,26,0,150,3,13,82,55,-14,10297,-2,18,37,55,67
20150118 02:31,150,2,47,0,150,2,13,81,54,-16,10296,-2,18,37,55,67
20150118 02:32,160,1,74,1,170,2,13,81,54,-16,10296,-2,18,37,55,67
20150118 02:33,174,1,95,1,179,2,13,81,54,-16,10297,-2,18,37,55,67
20150118 02:34,174,1,129,1,169,2,13,82,55,-14,10297,-2,18,37,55,67
20150118 02:35,130,1,134,1,87,2,13,82,55,-14,10297,-2,18,37,55,67
20150118 02:36,80,1,135,1,74,3,13,83,56,-13,10296,-2,18,37,55,67
20150118 02:37,61,2,130,1,49,5,12,83,55,-14,10296,-2,18,37,55,66
20150118 02:38,58,4,121,2,67,8,12,83,55,-14,10296,-2,18,37,55,66
20150118 02:39,72,8,117,3,76,12,12,83,55,-14,10296,-2,18,37,55,66
20150118 02:40,77,12,107,4,77,16,12,83,55,-14,10295,-2,18,37,55,66
20150118 02:41,77,14,97,5,76,16,11,84,56,-13,10294,-2,18,37,55,66
20150118 02:42,76,15,87,7,76,16,12,84,56,-12,10294,-2,18,37,55,66
20150118 02:43,73,15,79,8,71,15,12,84,56,-12,10294,-2,18,37,55,66
20150118 02:44,71,13,72,9,71,13,12,83,55,-14,10294,-2,18,37,55,66
20150118 02:45,69,11,71,10,68,11,12,83,55,-14,10294,-2,18,37,55,66
20150118 02:46,68,9,70,11,68,11,11,83,55,-15,10294,-2,18,37,55,66
20150118 02:47,68,9,72,11,67,10,11,83,55,-15,10294,-2,18,37,55,66
20150118 02:48,67,8,72,11,66,8,11,83,55,-15,10293,-2,18,37,55,66
20150118 02:49,65,8,70,11,64,9,10,83,54,-16,10293,-2,18,37,55,66
20150118 02:50,64,9,69,11,64,10,10,84,55,-14,10293,-2,18,37,55,66
20150118 02:51,64,9,68,10,63,10,10,84,55,-14,10293,-2,18,37,55,66
20150118 02:52,59,8,66,9,56,10,10,84,55,-14,10293,-2,18,37,55,66
20150118 02:53,56,7,64,9,57,9,10,84,55,-14,10293,-2,18,37,55,66
20150118 02:54,56,7,63,8,55,10,9,85,55,-13,10293,-2,18,37,54,66
20150118 02:55,58,7,62,8,61,8,9,85,55,-13,10293,-2,18,37,54,66
20150118 02:56,61,7,62,8,62,7,9,85,55,-13,10293,-2,18,37,54,66
20150118 02:57,68,7,62,8,74,9,10,86,56,-11,10293,-2,18,37,54,66
20150118 02:58,73,9,63,8,73,10,10,86,56,-11,10292,-2,18,36,54,66
20150118 02:59,76,10,64,8,79,12,10,85,56,-12,10292,-2,18,36,54,66
20150118 03:00,82,12,66,9,84,14,10,85,56,-12,10291,-2,18,36,54,66
20150118 03:01,83,13,68,9,82,14,10,86,56,-11,10291,-2,18,36,54,66
20150118 03:02,82,13,71,10,82,14,10,86,56,-11,10290,-2,18,36,54,66
20150118 03:03,82,12,74,10,83,12,10,86,56,-11,10290,-2,18,36,54,66
20150118 03:04,84,10,77,10,86,11,10,87,57,-9,10291,-2,18,36,54,66
20150118 03:05,88,7,80,10,91,7,9,87,57,-10,10291,-2,18,36,54,66
20150118 03:06,89,5,82,10,87,6,8,86,56,-13,10292,-2,18,36,54,66
20150118 03:07,89,2,84,9,92,2,8,86,56,-13,10292,-2,18,36,54,66
20150118 03:08,91,1,86,8,90,2,8,87,56,-11,10293,-2,18,36,54,66
20150118 03:09,86,2,86,7,82,3,8,87,56,-11,10293,-2,18,36,54,66
20150118 03:10,84,4,86,7,86,6,8,87,56,-11,10292,-2,18,36,54,66
20150118 03:11,88,6,87,6,90,8,8,87,56,-11,10292,-2,18,36,54,66
20150118 03:12,94,8,88,5,98,9,8,87,56,-11,10291,-2,18,36,54,66
20150118 03:13,98,9,90,5,97,10,8,88,57,-10,10292,-2,18,36,54,65
20150118 03:14,101,9,92,5,104,10,8,88,57,-10,10292,-2,17,36,54,65
20150118 03:15,108,9,94,6,112,10,7,88,57,-11,10292,-2,17,36,54,65
20150118 03:16,109,10,96,6,106,11,7,88,57,-11,10291,-2,17,36,54,65
20150118 03:17,102,10,96,7,99,11,6,88,56,-12,10289,-2,17,36,54,65
20150118 03:18,98,11,97,8,97,11,6,88,56,-12,10289,-2,17,36,54,65
20150118 03:19,96,10,98,9,95,11,6,88,56,-12,10289,-2,17,36,54,65
20150118 03:20,95,9,99,9,95,9,5,89,56,-11,10290,-2,17,36,54,65
20150118 03:21,95,7,100,9,96,6,5,89,56,-11,10290,-2,17,36,54,65
20150118 03:22,92,5,99,9,87,6,5,89,56,-11,10291,-2,17,36,54,65
20150118 03:23,82,6,97,9,76,9,5,89,56,-11,10290,-2,17,36,54,65
20150118 03:24,73,9,93,9,69,13,5,89,56,-11,10289,-2,17,36,53,65
20150118 03:25,69,12,89,9,69,14,5,89,56,-11,10289,-2,17,36,53,65
20150118 03:26,70,13,85,9,70,14,4,90,57,-10,10289,-2,17,36,53,65
20150118 03:27,69,13,82,10,68,14,4,90,57,-10,10290,-2,17,36,53,65
20150118 03:28,65,12,79,10,63,13,4,90,57,-10,10290,-2,17,36,53,65
20150118 03:29,62,10,75,10,61,10,4,90,57,-10,10291,-2,17,35,53,65
20150118 03:30,60,7,72,9,59,7,4,90,57,-10,10291,-2,17,35,53,65
20150118 03:31,56,7,67,10,52,11,4,90,57,-10,10291,-2,17,35,53,65
20150118 03:32,53,8,64,10,54,11,4,90,57,-10,10291,-2,17,35,53,65
20150118 03:33,51,10,61,10,49,13,4,90,57,-10,10291,-2,17,35,53,65
20150118 03:34,48,12,59,11,46,13,4,90,57,-10,10291,-2,17,35,53,65
20150118 03:35,42,11,56,10,38,11,4,91,57,-9,10291,-2,17,35,53,65
20150118 03:36,37,10,53,10,36,11,4,90,57,-10,10292,-2,17,35,53,65
20150118 03:37,34,10,49,10,32,11,4,90,57,-10,10292,-2,17,35,53,65
20150118 03:38,32,11,46,10,32,12,3,90,56,-11,10291,-2,17,35,53,65
20150118 03:39,36,10,44,10,39,12,3,90,56,-11,10291,-2,17,35,53,65
20150118 03:40,39,8,42,10,38,10,3,90,56,-11,10291,-2,17,35,53,65
20150118 03:41,43,6,41,9,48,7,3,90,56,-11,10291,-2,17,35,53,65
20150118 03:42,45,5,40,9,43,7,3,90,56,-11,10291,-2,17,35,53,65
20150118 03:43,48,6,40,9,52,12,2,90,56,-12,10290,-2,17,35,53,65
20150118 03:44,53,8,41,8,53,12,2,90,56,-12,10289,-2,17,35,53,65
20150118 03:45,56,8,43,8,60,12,3,90,56,-11,10289,-2,17,35,53,65
20150118 03:46,59,7,45,8,57,9,2,90,56,-12,10289,-2,17,35,53,65
20150118 03:47,55,7,47,7,52,9,2,90,56,-12,10290,-2,17,35,53,64
20150118 03:48,54,7,50,7,56,7,2,91,56,-11,10290,-2,17,35,53,64
20150118 03:49,60,6,52,7,64,7,2,90,56,-12,10289,-2,17,35,53,65
20150118 03:50,66,7,55,7,68,8,2,90,56,-12,10289,-2,17,35,53,64
20150118 03:51,70,7,58,7,73,8,2,90,56,-12,10289,-2,17,35,53,64
20150118 03:52,72,7,60,7,70,7,1,91,56,-12,10289,-2,17,35,53,64
20150118 03:53,72,6,63,7,73,8,1,91,56,-12,10289,-2,17,35,53,64
20150118 03:54,77,8,65,7,81,10,1,91,56,-12,10288,-2,17,35,53,64
20150118 03:55,83,9,68,7,86,11,1,91,56,-12,10287,-2,17,35,53,64
20150118 03:56,89,8,72,7,93,8,1,91,56,-12,10288,-2,17,35,52,64
20150118 03:57,95,7,76,7,98,8,1,91,56,-12,10288,-2,17,35,53,64
20150118 03:58,102,7,81,7,107,8,1,91,56,-12,10289,-2,17,35,52,64
20150118 03:59,110,7,86,7,113,9,1,91,56,-12,10288,-3,17,35,52,64
20150118 04:00,113,9,91,8,113,11,1,91,56,-12,10288,-2,17,35,52,64
20150118 04:01,109,10,94,8,105,10,0,91,56,-13,10287,-3,17,35,52,64
20150118 04:02,106,10,98,8,107,10,0,91,56,-13,10286,-2,16,35,52,64
20150118 04:03,108,10,101,9,109,10,0,91,56,-13,10286,-2,16,35,52,64
20150118 04:04,108,10,104,9,106,11,0,91,56,-13,10286,-3,16,35,52,64
20150118 04:05,105,10,106,9,105,11,0,91,56,-13,10285,-3,16,35,52,64
20150118 04:06,103,11,106,9,101,12,0,91,56,-13,10284,-3,16,34,52,64
20150118 04:07,100,12,107,10,99,12,0,91,56,-13,10284,-3,16,34,52,64
20150118 04:08,99,12,106,10,98,13,0,92,56,-11,10283,-3,16,34,52,64
20150118 04:09,99,13,104,11,99,14,0,92,56,-11,10283,-2,16,34,52,64
20150118 04:10,99,13,103,11,99,14,0,92,56,-11,10284,-3,16,34,52,64
20150118 04:11,98,13,102,11,97,14,-1,92,56,-12,10284,-3,16,34,52,64
20150118 04:12,98,12,101,12,99,12,-1,92,56,-12,10284,-3,16,34,52,64
20150118 04:13,100,11,100,12,100,11,-1,92,56,-12,10285,-3,16,34,52,64
20150118 04:14,101,10,100,12,102,11,-1,92,56,-12,10285,-3,16,34,52,64
20150118 04:15,102,8,100,11,102,9,-1,92,56,-12,10286,-3,16,34,52,64
20150118 04:16,102,7,100,11,102,8,-1,92,56,-12,10286,-3,16,34,52,64
20150118 04:17,102,7,100,10,102,8,-1,92,56,-12,10286,-3,16,34,52,64
20150118 04:18,101,7,100,10,99,8,-1,92,56,-12,10285,-3,16,34,52,64
20150118 04:19,99,7,100,9,98,8,-2,92,55,-13,10285,-3,16,34,52,64
20150118 04:20,99,7,100,9,99,8,-2,92,55,-13,10285,-3,16,34,52,64
20150118 04:21,99,8,100,8,98,9,-2,92,55,-13,10285,-3,16,34,52,64
20150118 04:22,100,9,100,8,101,10,-2,92,55,-13,10285,-3,16,34,52,64
20150118 04:23,101,9,101,8,102,10,-2,92,55,-13,10284,-3,16,34,52,64
20150118 04:24,100,9,100,8,98,10,-3,92,55,-14,10284,-3,16,34,52,64
20150118 04:25,97,9,100,8,96,9,-3,92,55,-14,10284,-3,16,34,52,64
20150118 04:26,96,9,99,8,96,9,-3,92,55,-14,10284,-3,16,34,52,64
20150118 04:27,96,9,98,8,96,9,-3,92,55,-14,10283,-3,16,34,52,63
20150118 04:28,96,9,98,9,97,9,-4,92,55,-15,10283,-3,16,34,52,63
20150118 04:29,99,9,98,9,101,9,-4,93,55,-14,10284,-3,16,34,52,63
20150118 04:30,102,8,99,9,104,8,-4,93,55,-14,10284,-3,16,34,51,63
20150118 04:31,106,7,100,9,107,7,-4,93,55,-14,10285,-3,16,34,51,63
20150118 04:32,107,6,100,8,108,6,-4,92,55,-15,10285,-3,16,34,51,63
20150118 04:33,111,4,102,8,115,5,-4,93,55,-14,10286,-3,16,34,51,63
20150118 04:34,116,4,104,7,117,4,-4,93,55,-14,10286,-3,16,34,51,63
20150118 04:35,118,4,106,7,119,5,-5,93,55,-15,10286,-3,16,34,51,63
20150118 04:36,119,6,108,7,119,8,-5,93,55,-15,10286,-3,16,34,51,63
20150118 04:37,119,7,111,6,119,9,-5,93,55,-15,10286,-3,16,34,51,63
20150118 04:38,119,9,113,6,119,10,-5,93,55,-15,10285,-3,16,34,51,63
20150118 04:39,118,10,115,7,118,12,-5,93,55,-15,10284,-2,16,34,51,63
20150118 04:40,118,12,116,7,118,13,-5,93,55,-15,10283,-2,16,34,51,63
20150118 04:41,118,13,117,8,118,14,-5,93,55,-15,10283,-2,16,34,51,63
20150118 04:42,120,13,118,9,121,14,-5,93,55,-15,10282,-2,16,34,51,63
20150118 04:43,123,13,119,9,124,14,-5,93,55,-15,10282,-2,16,34,51,63
20150118 04:44,125,13,120,10,125,13,-5,93,55,-15,10282,-2,16,33,51,63
20150118 04:45,124,12,120,11,123,13,-5,93,55,-15,10282,-2,16,33,51,63
20150118 04:46,122,12,121,12,121,12,-4,94,56,-12,10282,-2,16,33,51,63
20150118 04:47,119,9,120,12,118,9,-4,94,56,-12,10282,-2,16,33,51,63
20150118 04:48,114,7,120,11,110,8,-4,94,56,-12,10282,-2,16,33,51,63
20150118 04:49,97,4,116,10,84,5,-4,94,56,-12,10282,-2,16,33,51,63
20150118 04:50,68,3,111,9,51,4,-3,94,56,-11,10283,-2,16,33,51,63
20150118 04:51,52,3,104,9,52,5,-3,94,56,-11,10283,-2,16,33,51,63
20150118 04:52,52,4,97,8,51,6,-2,94,57,-10,10283,-2,16,33,51,63
20150118 04:53,53,5,89,7,54,7,-2,94,57,-10,10283,-2,16,33,51,63
20150118 04:54,56,5,82,6,57,5,-2,94,57,-10,10284,-2,16,33,51,63
20150118 04:55,58,4,75,5,58,5,-2,94,57,-10,10284,-2,16,33,51,63
20150118 04:56,57,4,68,5,56,6,-2,94,57,-10,10284,-2,16,33,51,63
20150118 04:57,51,5,61,4,46,6,-2,94,57,-10,10284,-2,16,33,51,63
20150118 04:58,41,5,54,4,35,6,-2,94,57,-10,10284,-2,16,33,51,63
20150118 04:59,32,6,49,5,29,7,-2,94,57,-10,10284,-2,16,33,51,63
20150118 05:00,27,7,46,5,24,7,-2,94,57,-10,10285,-2,16,33,51,63
20150118 05:01,21,7,43,6,19,7,-2,94,57,-10,10285,-2,16,33,51,63
20150118 05:02,17,6,39,6,15,7,-2,94,57,-10,10285,-2,16,33,51,63
20150118 05:03,19,6,36,6,22,7,-2,94,57,-10,10285,-2,16,33,51,63
20150118 05:04,23,6,33,6,24,6,-2,94,57,-10,10285,-2,16,33,51,63
20150118 05:05,23,6,29,6,22,7,-2,94,57,-10,10286,-2,16,33,51,63
20150118 05:06,10,5,23,6,357,6,-2,95,57,-9,10287,-2,16,33,51,63
20150118 05:07,342,4,16,6,328,5,-2,95,57,-9,10288,-2,16,33,50,63
20150118 05:08,322,5,9,6,316,8,-2,95,57,-9,10288,-2,16,33,50,62
20150118 05:09,318,7,1,6,320,9,-2,95,57,-9,10289,-2,16,33,50,62
20150118 05:10,316,8,354,6,312,11,-2,95,57,-9,10289,-2,16,33,50,62
20150118 05:11,313,9,347,7,313,11,-2,95,57,-9,10289,-2,16,33,50,62
20150118 05:12,318,9,341,7,323,10,-2,95,57,-9,10290,-2,16,33,50,62
20150118 05:13,327,8,336,7,330,11,-2,95,57,-9,10290,-2,16,33,50,62
20150118 05:14,334,8,331,7,337,11,-2,95,57,-9,10290,-2,16,33,50,62
20150118 05:15,335,7,327,7,333,8,-2,95,57,-9,10289,-2,15,33,50,62
20150118 05:16,334,5,325,7,334,6,-2,95,57,-9,10289,-2,15,33,50,62
20150118 05:17,342,5,327,7,350,6,-2,95,57,-9,10289,-2,15,33,50,62
20150118 05:18,348,4,330,7,347,5,-2,95,57,-9,10288,-2,15,33,50,62
20150118 05:19,331,4,329,7,315,5,-2,95,57,-9,10288,-2,16,33,50,62
20150118 05:20,315,4,330,6,315,6,-2,95,57,-9,10289,-3,15,33,50,62
20150118 05:21,308,6,329,6,301,7,-2,95,57,-9,10290,-3,15,33,50,62
20150118 05:22,306,7,327,6,310,8,-2,95,57,-9,10290,-3,15,33,50,62
20150118 05:23,310,8,325,6,310,10,-2,95,57,-9,10290,-3,15,33,50,62
20150118 05:24,311,9,323,6,312,10,-2,95,57,-9,10290,-3,15,33,50,62
20150118 05:25,308,9,320,6,304,10,-2,94,57,-10,10291,-3,15,33,50,62
20150118 05:26,301,10,316,7,298,12,-3,94,56,-11,10291,-3,15,33,50,62
20150118 05:27,303,10,312,7,307,11,-3,94,56,-11,10291,-3,15,33,50,62
20150118 05:28,305,8,308,7,303,8,-3,94,56,-11,10291,-3,15,33,50,62
20150118 05:29,301,6,306,8,299,6,-3,94,56,-11,10291,-3,15,33,50,62
20150118 05:30,298,5,304,8,296,6,-3,94,56,-11,10291,-3,15,32,50,62
20150118 05:31,293,5,303,7,291,6,-3,94,56,-11,10291,-3,15,33,50,62
20150118 05:32,287,4,300,7,284,5,-3,94,56,-11,10291,-3,15,32,50,62
20150118 05:33,280,3,297,7,275,3,-3,94,56,-11,10290,-3,15,32,50,62
20150118 05:34,282,1,295,6,289,0,-3,94,56,-11,10289,-3,15,32,50,62
20150118 05:35,288,0,293,5,287,0,-2,95,57,-9,10289,-3,15,32,50,62
20150118 05:36,286,0,291,4,284,0,-2,95,57,-9,10288,-3,15,32,50,62
20150118 05:37,277,0,288,3,269,0,-2,95,57,-9,10288,-3,15,32,50,62
20150118 05:38,224,0,280,2,183,0,-3,94,56,-11,10287,-3,15,32,50,62
20150118 05:39,170,0,270,2,158,0,-3,94,56,-11,10287,-3,15,32,50,62
20150118 05:40,146,0,259,1,134,1,-3,94,56,-11,10286,-3,15,32,50,62
20150118 05:41,128,0,244,1,121,0,-3,94,56,-11,10286,-3,15,32,50,62
20150118 05:42,120,0,218,0,120,2,-3,94,56,-11,10286,-3,15,32,50,62
20150118 05:43,123,1,185,0,127,2,-4,94,56,-12,10286,-3,15,32,50,62
20150118 05:44,123,2,160,1,118,3,-4,94,56,-12,10286,-3,15,32,50,62
20150118 05:45,111,3,144,1,104,6,-4,94,56,-12,10286,-3,15,32,49,62
20150118 05:46,104,5,134,2,103,7,-4,94,56,-12,10286,-3,15,32,50,62
20150118 05:47,102,7,126,2,100,10,-5,94,55,-13,10285,-3,15,32,49,62
20150118 05:48,99,9,118,3,97,10,-5,94,55,-13,10284,-3,15,32,49,62
20150118 05:49,96,10,112,4,95,11,-5,94,55,-13,10284,-3,15,32,49,62
20150118 05:50,97,10,108,5,99,10,-5,94,55,-13,10284,-3,15,32,49,61
20150118 05:51,106,9,107,6,112,9,-5,94,55,-13,10284,-3,15,32,49,61
20150118 05:52,116,8,107,7,119,8,-6,94,55,-14,10284,-3,15,32,49,61
20150118 05:53,119,7,107,7,119,7,-6,94,55,-14,10284,-3,15,32,49,61
20150118 05:54,123,6,107,8,127,6,-7,94,55,-15,10284,-3,15,32,49,61
20150118 05:55,133,6,111,8,138,6,-7,94,55,-15,10285,-3,15,32,49,61
20150118 05:56,146,5,116,8,155,7,-7,94,55,-15,10284,-3,15,32,49,61
20150118 05:57,161,4,122,7,167,5,-6,95,56,-13,10284,-3,15,32,49,61
20150118 05:58,166,3,129,6,165,4,-6,95,56,-13,10284,-3,15,32,49,61
20150118 05:59,172,2,138,6,180,3,-6,95,56,-13,10284,-3,15,32,49,61
20150118 06:00,197,1,149,5,214,2,-6,95,56,-13,10284,-3,15,32,49,61
20150118 06:01,223,1,160,4,231,1,-6,95,56,-13,10284,-3,15,32,49,61
20150118 06:02,231,0,172,3,231,0,-6,95,56,-13,10285,-3,15,32,49,61
20150118 06:03,230,0,183,3,228,0,-6,95,56,-13,10285,-3,15,32,49,61
20150118 06:04,232,0,195,2,236,0,-7,95,55,-14,10285,-3,15,32,49,61
20150118 06:05,238,0,205,2,240,1,-7,95,55,-14,10286,-3,15,32,49,61
20150118 06:06,237,1,214,1,234,2,-7,95,55,-14,10286,-3,15,32,49,61
20150118 06:07,233,3,220,1,231,5,-7,95,55,-14,10285,-3,15,32,49,61
20150118 06:08,228,4,226,1,226,6,-7,95,55,-14,10285,-3,15,32,49,61
20150118 06:09,223,5,229,2,221,6,-7,95,55,-14,10285,-3,15,32,49,61
20150118 06:10,218,6,229,2,216,7,-7,95,55,-14,10285,-3,15,32,49,61
20150118 06:11,215,6,228,3,214,7,-7,95,55,-14,10284,-3,15,32,49,61
20150118 06:12,208,5,225,3,201,5,-7,95,55,-14,10284,-3,15,32,49,61
20150118 06:13,200,3,222,4,199,4,-8,95,55,-15,10284,-3,15,32,49,61
20150118 06:14,198,2,218,4,197,3,-8,95,55,-15,10284,-3,15,32,49,61
20150118 06:15,195,2,213,4,193,3,-8,95,55,-15,10284,-3,15,32,49,61
20150118 06:16,193,3,209,4,193,4,-8,95,55,-15,10284,-3,15,32,49,61
20150118 06:17,188,3,204,4,183,4,-8,95,55,-15,10284,-3,15,32,49,61
20150118 06:18,178,4,199,4,174,5,-8,95,55,-15,10284,-3,15,32,49,61
20150118 06:19,170,5,194,4,167,6,-9,95,54,-16,10284,-3,15,32,49,61
20150118 06:20,161,5,188,4,155,6,-9,95,54,-16,10284,-3,15,32,49,61
20150118 06:21,157,5,182,4,159,5,-9,95,54,-16,10284,-3,15,32,49,61
20150118 06:22,159,5,178,4,160,6,-9,95,54,-16,10284,-3,15,32,49,61
20150118 06:23,160,5,174,4,161,6,-9,95,54,-16,10284,-3,15,32,49,61
20150118 06:24,163,5,171,4,165,6,-9,95,54,-16,10284,-3,15,32,49,61
20150118 06:25,167,4,168,5,168,5,-9,95,54,-16,10285,-3,15,32,49,61
20150118 06:26,170,4,166,5,171,5,-10,95,54,-17,10285,-3,15,31,49,61
20150118 06:27,172,5,165,5,173,6,-9,95,54,-16,10285,-3,15,31,49,61
20150118 06:28,173,5,165,5,173,5,-9,95,54,-16,10285,-3,15,31,49,61
20150118 06:29,173,4,166,5,173,5,-10,95,54,-17,10285,-3,15,31,49,61
20150118 06:30,171,4,167,4,168,4,-10,95,54,-17,10285,-3,15,31,49,61
20150118 06:31,170,4,168,4,171,5,-10,95,54,-17,10285,-3,15,31,49,61
20150118 06:32,172,4,170,4,174,4,-10,95,54,-17,10285,-3,15,31,49,61
20150118 06:33,178,3,172,4,182,4,-10,95,54,-17,10285,-3,15,31,48,61
20150118 06:34,188,3,175,4,195,3,-10,95,54,-17,10285,-3,15,31,48,61
20150118 06:35,202,2,179,4,210,2,-10,95,54,-17,10285,-3,15,31,48,60
20150118 06:36,220,2,184,3,230,2,-10,95,54,-17,10285,-3,15,31,48,60
20150118 06:37,228,2,190,3,227,3,-11,95,54,-18,10286,-3,15,31,48,60
20150118 06:38,222,3,194,3,217,3,-11,95,54,-18,10285,-3,15,31,48,60
20150118 06:39,212,3,198,3,206,4,-11,95,54,-18,10285,-3,15,31,48,60
20150118 06:40,201,4,201,3,197,4,-11,95,54,-18,10285,-3,15,31,48,60
20150118 06:41,191,4,202,3,184,5,-11,95,54,-18,10284,-3,15,31,48,60
20150118 06:42,175,4,201,3,166,5,-11,95,54,-18,10284,-3,15,31,48,60
20150118 06:43,166,4,200,3,165,6,-11,95,54,-18,10284,-3,15,31,48,60
20150118 06:44,164,5,197,3,163,7,-11,96,54,-17,10284,-3,15,31,48,60
20150118 06:45,164,6,192,4,164,7,-10,96,55,-16,10284,-3,14,31,48,60
20150118 06:46,163,7,185,5,162,8,-10,96,55,-16,10284,-3,14,31,48,60
20150118 06:47,160,7,178,5,158,8,-10,96,55,-16,10284,-3,14,31,48,60
20150118 06:48,156,8,172,6,153,8,-10,96,55,-16,10283,-3,14,31,48,60
20150118 06:49,152,7,166,6,151,9,-10,96,55,-16,10283,-3,14,31,48,60
20150118 06:50,152,7,162,6,152,7,-10,96,55,-16,10283,-3,14,31,48,60
20150118 06:51,156,7,159,6,159,9,-10,96,55,-16,10283,-3,14,31,48,60
20150118 06:52,161,6,159,7,163,7,-10,96,55,-16,10284,-3,14,31,48,60
20150118 06:53,164,5,159,7,164,5,-10,96,55,-16,10283,-3,14,31,48,60
20150118 06:54,161,5,158,7,158,7,-10,96,55,-16,10283,-3,14,31,48,60
20150118 06:55,158,6,158,7,158,7,-9,96,55,-15,10283,-3,14,31,48,60
20150118 06:56,159,7,158,6,159,7,-9,96,55,-15,10283,-3,14,31,48,60
20150118 06:57,160,7,158,7,160,11,-9,96,55,-15,10282,-3,14,31,48,60
20150118 06:58,160,9,158,7,159,11,-8,96,55,-14,10283,-3,14,31,48,60
20150118 06:59,160,10,159,7,160,12,-8,97,56,-12,10283,-3,14,31,48,60
20150118 07:00,163,9,160,7,165,10,-8,97,56,-12,10284,-3,14,31,48,60
20150118 07:01,172,7,162,7,178,8,-8,96,55,-14,10284,-3,14,31,48,60
20150118 07:02,178,7,164,7,177,8,-9,96,55,-15,10285,-3,14,31,48,60
20150118 07:03,184,6,167,7,192,6,-9,96,55,-15,10285,-3,14,31,48,60
20150118 07:04,212,2,173,7,233,2,-8,96,55,-14,10286,-3,14,31,48,60
20150118 07:05,249,0,182,6,265,0,-8,96,55,-14,10286,-3,14,31,48,60
20150118 07:06,262,0,192,5,259,1,-8,96,55,-14,10286,-2,14,31,48,60
20150118 07:07,265,1,204,5,272,2,-8,96,55,-14,10286,-2,14,31,48,60
20150118 07:08,275,1,218,4,279,2,-8,96,55,-14,10285,-2,14,31,48,60
20150118 07:09,279,1,231,3,278,1,-8,96,55,-14,10285,-2,14,31,48,60
20150118 07:10,247,0,236,2,211,4,-8,96,55,-14,10284,-2,14,31,48,60
20150118 07:11,190,2,235,2,171,5,-8,96,55,-14,10284,-2,14,31,48,60
20150118 07:12,171,2,235,1,170,2,-7,96,56,-13,10285,-2,14,31,48,60
20150118 07:13,158,1,232,1,146,0,-7,96,56,-13,10284,-2,14,31,48,60
20150118 07:14,150,0,223,1,154,2,-7,96,56,-13,10284,-2,14,31,48,60
20150118 07:15,161,1,209,1,169,2,-7,96,56,-13,10284,-2,14,31,48,60
20150118 07:16,172,2,197,1,175,3,-7,96,56,-13,10284,-1,14,31,48,60
20150118 07:17,170,3,185,1,165,4,-7,96,56,-13,10284,-1,14,31,48,60
20150118 07:18,156,3,174,2,147,5,-7,96,56,-13,10284,-1,14,31,48,60
20150118 07:19,146,4,165,2,145,5,-7,97,56,-11,10284,-1,14,31,48,60
20150118 07:20,149,5,160,3,153,7,-6,97,57,-10,10284,-1,14,31,48,60
20150118 07:21,152,6,158,3,152,8,-6,97,57,-10,10284,-1,14,31,47,60
20150118 07:22,153,7,156,4,154,9,-5,97,57,-9,10284,-1,14,31,47,60
20150118 07:23,148,8,156,4,142,10,-5,97,57,-9,10283,-1,14,31,47,60
20150118 07:24,141,9,154,5,139,10,-5,97,57,-9,10283,-1,14,31,47,59
20150118 07:25,133,11,150,6,126,15,-4,97,58,-8,10283,-1,14,30,47,59
20150118 07:26,122,13,144,8,118,15,-3,97,58,-7,10283,-1,14,30,47,59
20150118 07:27,117,13,139,8,116,13,-2,97,58,-6,10283,-1,14,31,47,59
20150118 07:28,116,12,136,9,116,15,-2,97,58,-6,10282,-1,14,30,47,59
20150118 07:29,112,12,132,10,109,14,-1,97,59,-5,10282,-1,14,30,47,59
20150118 07:30,107,11,128,10,105,11,0,97,59,-4,10282,-1,14,30,47,59
20150118 07:31,104,9,123,11,103,10,0,97,59,-4,10282,-1,14,30,47,59
20150118 07:32,96,7,116,10,89,7,1,97,60,-3,10283,-1,14,30,47,59
20150118 07:33,92,6,111,10,94,7,1,97,60,-3,10284,-1,14,30,47,59
20150118 07:34,96,6,107,10,97,7,2,97,60,-2,10284,-1,14,30,47,59
20150118 07:35,92,5,104,9,88,6,2,97,60,-2,10284,-1,14,30,47,59
20150118 07:36,84,5,100,8,79,6,3,97,61,-1,10285,-1,14,30,47,59
20150118 07:37,81,5,96,7,83,5,3,97,61,-1,10285,-1,14,30,47,59
20150118 07:38,85,5,93,7,87,6,4,97,61,0,10285,-1,14,30,47,59
20150118 07:39,89,5,92,6,91,7,4,97,61,0,10285,-1,14,30,47,59
20150118 07:40,93,5,91,6,95,6,4,97,61,0,10284,0,14,30,47,59
20150118 07:41,97,6,90,5,100,7,5,97,61,1,10284,0,14,30,47,59
20150118 07:42,100,6,91,5,100,7,6,97,62,2,10283,0,14,30,47,59
20150118 07:43,99,7,92,5,98,8,6,97,62,2,10283,0,14,30,47,59
20150118 07:44,102,7,93,6,106,9,7,97,62,3,10283,0,14,30,47,59
20150118 07:45,111,7,95,6,115,9,8,97,63,4,10282,0,14,30,47,59
20150118 07:46,114,7,99,6,113,10,9,97,63,5,10282,0,14,30,47,59
20150118 07:47,116,8,102,6,118,10,9,97,63,5,10282,1,14,30,47,59
20150118 07:48,119,8,106,7,120,12,10,97,64,6,10282,1,14,30,47,59
20150118 07:49,119,10,108,7,119,15,11,97,64,7,10282,1,14,30,47,59
20150118 07:50,118,11,111,8,118,13,12,97,65,8,10282,1,14,30,47,59
20150118 07:51,119,12,113,9,121,15,13,98,66,10,10282,0,14,30,47,59
20150118 07:52,121,13,115,9,121,19,14,98,66,11,10282,0,14,30,47,59
20150118 07:53,119,15,117,10,117,19,15,97,66,11,10282,0,14,30,47,59
20150118 07:54,119,16,118,11,120,21,16,97,66,12,10281,0,14,30,47,59
20150118 07:55,116,15,118,12,111,17,16,96,66,10,10281,1,14,30,47,59
20150118 07:56,113,14,118,12,114,19,17,96,66,11,10281,1,15,30,47,59
20150118 07:57,112,11,117,12,109,13,18,95,66,11,10281,1,15,30,47,59
20150118 07:58,108,8,116,12,107,11,18,95,66,11,10281,1,15,30,47,59
20150118 07:59,102,6,114,12,98,11,18,95,66,11,10281,1,15,30,47,59
20150118 08:00,106,6,113,11,115,11,18,95,66,11,10281,1,15,30,47,59
20150118 08:01,115,5,113,10,115,5,19,95,67,12,10282,1,15,30,47,59
20150118 08:02,108,4,111,10,100,4,19,94,66,10,10282,1,15,30,47,59
20150118 08:03,92,3,107,8,84,4,19,94,66,10,10282,1,15,30,47,59
20150118 08:04,87,3,104,7,90,4,19,94,66,10,10282,1,15,30,47,59
20150118 08:05,87,3,102,6,84,4,19,93,65,9,10283,1,15,30,47,59
20150118 08:06,88,3,99,5,91,6,20,93,66,10,10283,2,15,30,47,59
20150118 08:07,97,4,99,4,102,5,20,93,66,10,10283,2,15,30,47,59
20150118 08:08,98,4,97,4,95,5,20,93,66,10,10283,2,15,30,47,59
20150118 08:09,95,5,97,4,96,8,21,92,65,9,10283,2,15,30,47,59
20150118 08:10,95,6,95,4,94,9,21,92,65,9,10283,3,15,30,47,59
20150118 08:11,93,7,93,5,92,9,22,92,66,10,10283,3,15,30,47,59
20150118 08:12,93,9,92,5,94,12,22,91,65,9,10283,3,15,30,47,58
20150118 08:13,96,9,94,6,97,11,23,91,66,10,10282,4,15,30,47,59
20150118 08:14,98,9,95,6,100,12,23,91,66,10,10282,4,15,30,46,58
20150118 08:15,104,9,97,7,107,13,24,90,65,9,10282,5,15,30,46,59
20150118 08:16,107,9,98,7,107,12,25,90,66,10,10282,5,15,30,46,58
20150118 08:17,107,7,99,8,107,9,26,90,66,11,10282,5,15,30,46,58
20150118 08:18,104,7,99,8,101,9,26,90,66,11,10282,6,16,30,46,58
20150118 08:19,97,9,99,8,93,12,26,90,66,11,10282,6,16,30,46,58
20150118 08:20,89,6,98,8,85,7,27,89,66,11,10282,7,16,30,46,58
20150118 08:21,93,2,99,7,102,3,28,88,66,10,10283,7,16,30,46,58
20150118 08:22,89,1,97,6,75,1,28,88,66,10,10283,7,16,30,46,58
20150118 08:23,53,0,92,6,29,0,28,89,66,12,10284,8,16,30,46,58
20150118 08:24,47,0,88,5,63,0,28,89,66,12,10284,9,16,30,46,58
20150118 08:25,68,0,85,4,78,1,28,89,66,12,10285,10,16,30,46,58
20150118 08:26,97,1,85,3,109,5,29,89,67,13,10285,10,16,30,46,58
20150118 08:27,110,3,85,3,110,5,30,88,67,12,10285,10,16,30,46,58
20150118 08:28,112,4,87,2,114,7,31,87,66,11,10285,11,17,30,46,58
20150118 08:29,108,5,88,2,103,7,32,86,66,11,10284,11,17,30,46,58
20150118 08:30,102,8,89,3,100,12,33,85,66,10,10284,12,17,30,46,58
20150118 08:31,105,9,90,4,110,11,34,85,66,11,10284,13,17,30,46,58
20150118 08:32,115,8,95,4,120,9,34,84,65,10,10284,14,17,30,46,58
20150118 08:33,103,4,99,4,82,5,35,84,66,11,10284,16,17,30,46,58
20150118 08:34,100,3,104,5,115,6,36,84,66,12,10284,17,17,30,46,58
20150118 08:35,125,2,110,5,135,2,37,84,67,13,10285,20,18,30,46,58
20150118 08:36,164,0,116,4,219,2,37,85,68,14,10285,23,18,30,46,58
20150118 08:37,175,1,120,4,144,2,38,84,67,13,10285,28,18,30,46,58
20150118 08:38,127,1,115,4,351,1,39,84,68,14,10285,35,18,30,46,58
20150118 08:39,94,1,117,3,116,4,40,84,68,15,10285,37,18,30,46,58
20150118 08:40,110,2,117,3,105,4,41,83,68,15,10285,40,18,30,46,58
20150118 08:41,104,4,116,2,102,8,42,82,68,14,10285,43,19,30,46,58
20150118 08:42,116,6,118,2,130,7,43,82,68,15,10285,45,19,30,46,58
20150118 08:43,125,6,123,3,121,10,44,80,67,13,10285,48,19,30,46,58
20150118 08:44,138,5,129,3,156,10,46,80,68,15,10286,51,20,30,46,58
20150118 08:45,141,5,127,3,127,7,47,79,67,14,10286,54,20,31,46,58
20150118 08:46,115,5,117,4,102,9,47,78,67,12,10286,57,20,31,46,58
20150118 08:47,133,5,119,4,164,5,48,78,67,13,10286,59,21,31,46,58
20150118 08:48,185,2,131,4,214,4,49,78,68,14,10286,61,21,31,46,58
20150118 08:49,238,4,140,5,255,10,50,79,69,17,10286,64,22,31,46,58
20150118 08:50,231,8,153,5,207,12,50,78,68,15,10286,66,22,31,46,58
20150118 08:51,207,8,166,5,208,10,51,78,68,16,10286,69,23,31,46,58
20150118 08:52,223,6,180,5,238,9,52,78,69,17,10286,73,23,31,46,58
20150118 08:53,245,8,196,6,252,12,52,78,69,17,10286,77,24,31,46,58
20150118 08:54,244,8,207,6,237,10,53,78,69,18,10286,80,24,31,46,58
20150118 08:55,241,9,219,7,245,13,54,78,70,19,10286,84,25,31,46,58
20150118 08:56,249,11,228,7,252,16,54,78,70,19,10286,87,25,31,46,58
20150118 08:57,241,13,234,8,229,20,56,78,71,21,10286,88,26,31,46,58
20150118 08:58,233,12,236,9,237,13,57,78,71,22,10286,88,26,31,46,58
20150118 08:59,250,11,237,9,263,18,58,77,71,21,10286,88,27,31,46,58
20150118 09:00,249,12,239,10,233,37,58,78,72,23,10286,90,28,31,46,58
20150118 09:01,222,20,240,12,212,37,60,78,73,25,10286,92,29,31,46,58
20150118 09:02,207,21,236,13,201,26,62,78,74,27,10286,91,29,31,46,58
20150118 09:03,199,22,231,15,197,36,63,77,73,26,10286,89,30,32,46,58
20150118 09:04,191,33,226,18,186,43,64,77,74,27,10286,88,31,32,46,58
20150118 09:05,189,31,220,19,192,32,64,75,72,23,10286,87,32,32,46,58
20150118 09:06,199,24,215,20,207,34,65,76,74,26,10286,89,32,32,46,58
20150118 09:07,216,29,215,23,225,46,65,76,74,26,10286,93,33,32,46,58
20150118 09:08,254,34,218,25,280,38,65,75,73,24,10286,96,34,32,46,58
20150118 09:09,280,24,220,26,280,30,65,75,73,24,10286,97,35,32,46,57
20150118 09:10,261,16,220,26,240,27,66,76,74,27,10286,96,35,32,46,58
20150118 09:11,230,15,222,25,222,23,66,75,73,25,10286,96,36,32,46,57
20150118 09:12,232,18,226,25,241,25,66,75,73,25,10286,96,37,33,46,57
20150118 09:13,250,22,233,25,258,26,66,75,73,25,10287,95,38,33,46,57
20150118 09:14,247,22,238,23,235,27,66,74,72,23,10287,96,38,33,46,57
20150118 09:15,241,22,243,23,247,28,66,74,72,23,10287,95,39,33,46,57
20150118 09:16,261,25,250,23,276,41,65,74,72,22,10288,94,40,33,46,57
20150118 09:17,277,27,256,22,279,35,65,75,73,24,10288,94,40,33,46,57
20150118 09:18,272,24,254,21,265,27,65,75,73,24,10288,95,41,34,46,57
20150118 09:19,260,21,252,22,255,26,65,75,73,24,10289,96,42,34,46,57
20150118 09:20,260,23,254,23,265,32,65,75,73,24,10288,98,42,34,46,57
20150118 09:21,262,25,258,23,259,31,65,76,74,26,10288,98,43,34,46,57
20150118 09:22,261,21,260,23,264,21,65,75,73,24,10288,97,43,34,46,57
20150118 09:23,276,18,263,23,289,28,65,75,73,24,10288,97,44,34,46,57
20150118 09:24,293,17,269,22,296,27,65,76,74,26,10287,97,45,35,46,57
20150118 09:25,292,18,273,22,287,26,66,76,74,27,10287,99,45,35,46,57
20150118 09:26,292,20,276,21,297,24,66,76,74,27,10286,102,46,35,46,57
20150118 09:27,280,18,274,20,264,25,66,76,74,27,10286,106,46,35,46,57
20150118 09:28,266,14,274,19,268,15,67,76,75,28,10287,113,47,35,46,57
20150118 09:29,265,15,275,19,261,26,68,77,76,31,10287,117,47,36,46,57
20150118 09:30,272,21,277,19,282,29,69,76,76,30,10288,118,48,36,46,57
20150118 09:31,272,22,277,18,261,26,69,75,75,28,10288,117,49,36,46,57
20150118 09:32,256,22,276,19,251,34,69,74,74,26,10288,115,49,36,46,57
20150118 09:33,253,29,272,20,254,44,69,75,75,28,10288,111,50,36,46,57
20150118 09:34,254,33,268,22,253,42,69,74,74,26,10288,106,50,37,46,57
20150118 09:35,248,34,263,24,244,40,68,72,71,21,10288,102,51,37,46,57
20150118 09:36,244,31,258,25,244,33,68,72,71,21,10288,101,52,37,46,57
20150118 09:37,249,22,257,25,254,31,68,72,71,21,10288,100,52,37,46,57
20150118 09:38,241,22,253,26,228,35,68,73,72,23,10288,100,53,38,46,57
20150118 09:39,238,25,252,26,248,37,69,74,74,26,10288,100,53,38,46,57
20150118 09:40,248,25,249,27,248,44,69,74,74,26,10288,99,54,38,46,57
20150118 09:41,249,32,247,29,250,49,69,72,72,22,10287,98,55,38,46,57
20150118 09:42,248,31,247,29,247,31,68,71,70,19,10287,98,55,39,46,57
20150118 09:43,242,26,245,28,238,38,68,71,70,19,10287,99,55,39,46,57
20150118 09:44,235,25,243,27,233,33,69,72,72,22,10287,100,56,39,46,57
20150118 09:45,236,24,243,26,239,38,69,72,72,22,10287,102,56,39,46,57
20150118 09:46,230,29,241,26,222,43,69,71,71,20,10286,103,57,39,46,57
20150118 09:47,226,29,238,27,229,33,69,71,71,20,10286,103,57,40,46,57
20150118 09:48,241,24,241,27,253,30,70,70,70,19,10285,105,57,40,47,57
20150118 09:49,241,24,239,27,230,35,70,70,70,19,10285,106,58,40,47,57
20150118 09:50,225,25,236,27,220,29,71,69,70,18,10285,109,58,40,47,57
20150118 09:51,213,27,232,27,207,44,72,70,71,21,10285,117,59,41,47,57
20150118 09:52,209,30,228,27,212,44,72,68,69,17,10284,122,59,41,47,57
20150118 09:53,208,35,225,28,205,47,72,67,68,15,10284,123,59,41,47,57
20150118 09:54,196,31,220,28,186,31,72,67,68,15,10283,122,60,41,47,57
20150118 09:55,203,25,218,28,219,37,73,68,69,18,10282,124,60,42,47,57
20150118 09:56,221,24,218,27,224,32,73,69,71,20,10281,129,60,42,47,57
20150118 09:57,215,24,216,27,207,42,75,70,73,24,10281,135,61,42,47,57
20150118 09:58,210,30,212,28,212,43,76,69,72,23,10281,138,61,42,47,57
20150118 09:59,210,32,210,29,207,39,75,67,69,18,10280,136,62,43,47,57
20150118 10:00,216,27,210,29,225,29,75,67,69,18,10280,132,63,43,47,57
20150118 10:01,218,26,211,29,210,40,75,67,69,18,10280,127,63,43,47,57
20150118 10:02,218,27,212,28,227,31,75,67,69,18,10280,126,64,43,47,57
20150118 10:03,225,22,214,26,222,32,75,68,70,20,10280,129,64,44,47,57
20150118 10:04,220,24,217,26,219,38,76,68,71,21,10280,128,65,44,47,57
20150118 10:05,224,25,218,26,230,38,76,68,71,21,10279,130,66,44,47,57
20150118 10:06,224,20,218,26,218,23,76,66,69,17,10279,132,66,44,48,57
20150118 10:07,222,19,220,25,226,32,77,67,70,20,10279,137,67,45,48,57
20150118 10:08,226,28,221,25,225,42,77,66,69,18,10280,134,67,45,48,57
20150118 10:09,226,33,223,25,227,42,77,66,69,18,10280,128,68,45,48,57
20150118 10:10,217,33,221,26,206,46,77,66,69,18,10281,126,68,45,48,57
20150118 10:11,210,30,222,26,215,40,77,66,69,18,10280,130,69,46,48,57
20150118 10:12,224,30,222,27,232,45,77,66,69,18,10280,132,70,46,48,57
20150118 10:13,227,38,222,29,222,52,77,65,68,15,10280,130,70,46,48,57
20150118 10:14,221,39,222,30,220,55,75,64,66,11,10281,128,71,46,48,57
20150118 10:15,225,39,222,32,229,60,75,64,66,11,10282,132,71,47,48,57
20150118 10:16,231,44,223,35,232,61,75,64,66,11,10282,132,72,47,48,57
20150118 10:17,233,47,224,37,233,53,74,64,66,10,10283,131,72,47,48,57
20150118 10:18,231,46,224,38,228,58,73,64,65,9,10283,128,73,48,48,57
20150118 10:19,232,38,225,38,236,39,74,65,67,13,10283,128,73,48,48,57
20150118 10:20,234,31,228,38,231,53,75,66,68,16,10283,132,74,48,48,57
20150118 10:21,232,41,230,40,233,64,75,66,68,16,10283,133,74,48,49,57
20150118 10:22,231,45,229,41,229,51,75,65,67,14,10283,131,74,49,49,57
20150118 10:23,232,39,231,41,235,45,75,65,67,14,10284,133,75,49,49,57
20150118 10:24,231,39,231,41,228,51,75,65,67,14,10284,134,75,49,49,57
20150118 10:25,223,35,230,40,219,45,75,65,67,14,10283,134,76,49,49,57
20150118 10:26,216,29,229,38,213,39,76,66,69,17,10283,136,76,50,49,57
20150118 10:27,205,32,225,37,198,60,76,66,69,17,10282,139,77,50,49,57
20150118 10:28,194,39,221,37,190,56,77,65,68,15,10282,139,77,50,49,57
20150118 10:29,198,37,218,37,205,52,77,65,68,15,10282,140,77,50,49,57
20150118 10:30,212,28,217,36,219,29,77,65,68,15,10282,141,78,51,49,57
20150118 10:31,218,23,215,33,217,41,78,66,70,19,10282,141,78,51,49,57
20150118 10:32,212,26,213,32,206,44,78,66,70,19,10282,144,79,51,50,57
20150118 10:33,206,28,210,31,205,41,78,65,69,16,10282,146,79,52,50,57
20150118 10:34,211,33,209,31,217,50,79,65,69,17,10282,145,80,52,50,57
20150118 10:35,215,38,208,32,213,51,78,65,69,16,10282,144,80,52,50,57
20150118 10:36,214,36,209,32,216,46,79,65,69,17,10281,145,80,52,50,57
20150118 10:37,215,32,210,31,215,42,80,65,70,18,10281,148,81,53,50,57
20150118 10:38,218,33,213,31,221,52,79,64,68,15,10280,146,81,53,50,57
20150118 10:39,228,34,216,31,235,46,78,64,68,14,10280,144,82,53,50,57
20150118 10:40,235,33,218,32,235,53,78,64,68,14,10280,144,82,54,50,57
20150118 10:41,232,36,219,34,229,54,78,65,69,16,10279,145,83,54,50,57
20150118 10:42,232,32,222,34,235,36,79,65,69,17,10279,147,83,54,50,57
20150118 10:43,226,25,223,33,215,40,79,66,70,19,10279,150,84,54,51,57
20150118 10:44,214,29,223,33,213,41,80,66,71,20,10280,150,84,55,51,57
20150118 10:45,208,35,222,33,203,45,81,65,70,19,10280,150,85,55,51,57
20150118 10:46,205,33,221,32,208,41,80,64,69,16,10280,148,85,55,51,57
20150118 10:47,219,32,222,33,230,47,80,65,70,18,10280,149,85,55,51,57
20150118 10:48,226,33,222,32,221,37,80,65,70,18,10280,149,86,56,51,57
20150118 10:49,228,27,222,31,234,38,80,65,70,18,10280,153,86,56,51,57
20150118 10:50,230,28,221,31,226,38,81,66,71,21,10280,155,87,56,51,57
20150118 10:51,226,34,221,31,226,47,80,64,69,16,10280,154,87,56,51,57
20150118 10:52,218,35,219,31,211,47,80,63,68,14,10279,153,88,57,52,57
20150118 10:53,208,31,218,32,205,40,81,64,69,17,10278,157,88,57,52,57
20150118 10:54,207,28,217,31,209,35,81,65,70,19,10278,161,89,57,52,57
20150118 10:55,210,29,218,31,212,42,82,65,71,20,10278,165,89,58,52,57
20150118 10:56,219,31,220,31,225,43,83,65,71,21,10277,167,90,58,52,58
20150118 10:57,227,35,220,31,230,48,83,64,70,19,10277,165,90,58,52,58
20150118 10:58,235,34,222,31,240,50,83,63,69,17,10277,161,91,58,52,58
20150118 10:59,242,32,223,32,243,47,83,63,69,17,10276,157,91,59,52,58
20150118 11:00,240,31,224,32,237,48,83,64,70,19,10276,154,92,59,52,58
20150118 11:01,230,36,223,33,223,49,83,63,69,17,10276,155,92,59,52,58
20150118 11:02,227,35,225,32,230,38,82,62,67,14,10275,155,93,60,53,58
20150118 11:03,226,30,227,32,222,43,82,62,67,14,10275,157,93,60,53,58
20150118 11:04,219,28,228,32,216,33,82,62,67,14,10275,159,94,60,53,58
20150118 11:05,223,26,230,32,230,35,82,62,67,14,10274,161,94,60,53,58
20150118 11:06,238,31,232,32,246,44,83,63,69,17,10274,159,95,61,53,58
20150118 11:07,253,30,235,31,262,32,82,61,66,11,10273,153,95,61,53,58
20150118 11:08,256,25,236,30,249,32,82,61,66,11,10273,152,95,61,53,58
20150118 11:09,244,22,235,29,239,25,82,62,67,14,10273,150,96,61,53,58
20150118 11:10,235,19,235,28,230,31,82,62,67,14,10272,151,96,62,54,58
20150118 11:11,226,18,234,25,220,26,82,62,67,14,10271,152,97,62,54,58
20150118 11:12,226,18,234,24,231,29,83,62,68,15,10271,153,97,62,54,58
20150118 11:13,225,21,234,24,219,36,84,63,69,18,10270,155,98,63,54,58
20150118 11:14,219,26,235,24,220,39,84,60,66,11,10270,153,98,63,54,58
20150118 11:15,212,31,232,25,205,47,84,60,66,11,10270,151,98,63,54,58
20150118 11:16,213,31,230,24,222,41,84,59,65,9,10270,153,98,63,54,58
20150118 11:17,219,35,225,26,216,53,84,60,66,11,10269,154,99,64,54,58
20150118 11:18,221,37,223,26,226,46,83,58,63,5,10269,151,99,64,55,58
20150118 11:19,233,35,223,28,240,47,83,58,63,5,10268,150,99,64,55,58
20150118 11:20,234,30,223,29,228,32,83,59,65,8,10268,148,100,64,55,58
20150118 11:21,233,27,225,30,238,36,83,59,65,8,10267,149,100,65,55,58
20150118 11:22,243,27,226,30,247,35,83,60,66,10,10267,148,100,65,55,58
20150118 11:23,231,28,226,31,215,43,84,61,67,13,10267,147,100,65,55,58
20150118 11:24,223,29,227,31,231,33,84,60,66,11,10267,147,101,66,55,58
20150118 11:25,229,24,229,30,227,27,84,61,67,13,10267,147,101,66,55,58
20150118 11:26,230,25,230,30,233,36,84,60,66,11,10267,148,101,66,56,59
20150118 11:27,236,31,232,29,239,43,84,60,66,11,10267,150,101,66,56,59
20150118 11:28,239,30,234,28,238,38,84,60,66,11,10266,156,101,67,56,59
20150118 11:29,238,32,233,28,238,47,85,61,68,14,10265,161,102,67,56,59
20150118 11:30,233,39,234,30,229,56,86,61,68,15,10265,161,102,67,56,59
20150118 11:31,217,41,230,31,206,55,86,60,67,13,10266,154,102,68,56,59
20150118 11:32,209,36,227,32,212,46,85,60,67,12,10265,154,102,68,56,59
20150118 11:33,214,37,227,33,215,52,85,61,68,14,10265,155,102,68,56,59
20150118 11:34,216,39,225,34,217,47,85,61,68,14,10265,154,103,68,57,59
20150118 11:35,226,39,226,36,236,57,85,61,68,14,10264,152,103,69,57,59
20150118 11:36,236,42,227,37,236,51,85,60,67,12,10263,147,103,69,57,59
20150118 11:37,245,39,228,38,254,49,85,61,68,14,10263,141,104,69,57,59
20150118 11:38,252,38,229,39,250,53,85,61,68,14,10263,139,104,69,57,59
20150118 11:39,241,39,229,39,232,59,84,61,67,13,10263,140,104,70,57,59
20150118 11:40,237,39,230,39,242,58,84,61,67,13,10263,139,104,70,57,59
20150118 11:41,233,32,232,37,223,45,83,61,67,12,10262,140,104,70,58,59
20150118 11:42,228,29,234,37,232,47,84,62,68,15,10263,147,105,70,58,59
20150118 11:43,228,33,234,37,223,45,85,63,70,19,10263,154,105,71,58,59
20150118 11:44,232,29,237,35,242,33,85,62,69,16,10263,159,105,71,58,59
20150118 11:45,245,31,238,35,248,56,88,64,72,24,10264,165,105,71,58,59
20150118 11:46,249,42,240,35,251,56,89,61,70,18,10265,166,105,71,58,59
20150118 11:47,253,49,240,37,256,62,88,59,67,12,10265,160,105,72,58,59
20150118 11:48,251,48,239,37,245,63,87,59,66,11,10265,153,105,72,58,59
20150118 11:49,238,42,239,37,231,54,87,61,69,16,10265,152,106,72,59,60
20150118 11:50,234,43,239,38,236,58,87,60,67,14,10265,156,106,72,59,60
20150118 11:51,242,39,241,39,248,45,87,60,67,14,10265,156,106,72,59,60
20150118 11:52,243,34,242,39,238,46,88,62,70,19,10264,157,106,73,59,60
20150118 11:53,241,34,244,39,244,43,88,61,69,17,10264,160,107,73,59,60
20150118 11:54,240,34,243,40,236,44,88,61,69,17,10264,158,107,73,59,60
20150118 11:55,243,37,244,40,251,44,88,61,69,17,10264,161,107,73,59,60
20150118 11:56,247,44,243,40,243,73,88,61,69,17,10264,160,108,74,60,60
20150118 11:57,239,51,241,41,236,67,89,61,70,18,10264,156,108,74,60,60
20150118 11:58,236,48,240,41,236,55,88,61,69,17,10265,152,108,74,60,60
20150118 11:59,242,46,242,42,248,59,88,61,69,17,10265,153,108,74,60,60
20150118 12:00,247,50,242,42,245,67,88,61,69,17,10265,154,109,74,60,60
20150118 12:01,251,42,243,42,258,47,88,61,69,17,10264,153,109,75,60,60
20150118 12:02,255,37,245,43,252,59,88,62,70,19,10264,155,109,75,60,60
20150118 12:03,256,38,246,43,259,50,89,62,71,20,10263,156,109,75,61,60
20150118 12:04,246,36,246,43,232,47,89,62,71,20,10263,157,110,75,61,60
20150118 12:05,235,38,245,43,239,54,89,62,71,20,10262,156,110,76,61,60
20150118 12:06,239,34,244,41,240,35,89,61,70,18,10261,157,110,76,61,61
20150118 12:07,242,25,245,38,243,34,90,62,71,21,10261,158,110,76,61,61
20150118 12:08,246,24,247,36,249,35,91,62,72,22,10260,161,110,76,61,61
20150118 12:09,251,27,247,34,254,36,92,62,72,23,10260,162,111,76,61,61
20150118 12:10,250,31,247,33,246,58,93,62,73,24,10260,163,111,77,62,61
20150118 12:11,254,41,248,34,263,64,92,59,69,16,10261,159,111,77,62,61
20150118 12:12,259,47,248,35,255,61,92,59,69,16,10261,160,111,77,62,61
20150118 12:13,255,47,248,36,254,62,92,59,69,16,10261,156,111,77,62,61
20150118 12:14,257,44,250,36,261,54,93,59,69,17,10260,155,112,77,62,61
20150118 12:15,265,40,253,36,268,52,93,59,69,17,10260,159,112,78,62,61
20150118 12:16,259,44,254,38,249,63,93,59,69,17,10260,162,112,78,62,61
20150118 12:17,252,42,255,40,256,57,92,58,67,14,10260,161,112,78,62,61
20150118 12:18,259,36,257,40,263,45,93,59,69,17,10260,162,112,78,63,61
20150118 12:19,262,42,258,43,261,69,93,59,69,17,10259,161,113,78,63,61
20150118 12:20,260,47,259,44,259,57,93,58,68,15,10259,159,113,79,63,61
20150118 12:21,262,53,259,45,266,78,93,57,67,12,10259,157,113,79,63,61
20150118 12:22,269,55,261,45,271,60,92,57,66,11,10259,153,113,79,63,61
20150118 12:23,271,46,263,45,272,58,93,57,67,12,10259,154,113,79,63,62
20150118 12:24,273,47,264,46,273,68,93,57,67,12,10259,154,114,79,63,62
20150118 12:25,269,45,263,46,264,58,92,57,66,11,10258,154,114,80,64,62
20150118 12:26,266,41,265,45,269,54,93,58,68,15,10258,151,114,80,64,62
20150118 12:27,272,40,267,45,275,54,93,58,68,15,10258,153,114,80,64,62
20150118 12:28,264,39,266,46,252,55,93,58,68,15,10258,154,114,80,64,62
20150118 12:29,261,43,267,45,270,59,93,58,68,15,10257,152,114,80,64,62
20150118 12:30,267,37,268,44,264,42,94,58,68,16,10256,156,115,81,64,62
20150118 12:31,262,34,267,41,260,53,94,58,68,16,10256,158,115,81,64,62
20150118 12:32,253,47,265,42,247,71,95,58,69,17,10256,158,115,81,64,62
20150118 12:33,249,51,262,42,250,64,94,56,66,11,10256,156,115,81,65,62
20150118 12:34,247,47,260,42,244,71,94,57,67,13,10256,157,115,81,65,62
20150118 12:35,247,47,258,43,251,65,94,57,67,13,10256,155,115,82,65,62
20150118 12:36,255,48,257,44,260,68,94,58,68,16,10256,153,115,82,65,62
20150118 12:37,260,53,256,45,261,75,94,58,68,16,10256,153,115,82,65,62
20150118 12:38,263,51,257,46,265,56,93,57,67,12,10256,152,115,82,65,62
20150118 12:39,262,40,256,45,258,42,94,57,67,13,10256,153,116,82,65,63
20150118 12:40,250,39,254,46,242,73,95,58,69,17,10255,156,116,83,66,63
20150118 12:41,243,47,252,48,244,75,94,58,68,16,10255,152,116,83,66,63
20150118 12:42,245,56,252,48,247,76,94,57,67,13,10254,151,116,83,66,63
20150118 12:43,247,60,252,49,248,71,93,57,67,12,10254,154,116,83,66,63
20150118 12:44,256,54,254,50,264,59,94,58,68,16,10254,152,116,83,66,63
20150118 12:45,263,46,255,49,262,78,94,57,67,13,10254,152,116,84,66,63
20150118 12:46,261,45,255,49,260,62,94,58,68,16,10254,152,116,84,66,63
20150118 12:47,271,43,257,47,283,55,94,58,68,16,10254,151,116,84,66,63
20150118 12:48,275,38,258,46,268,61,94,58,68,16,10253,153,116,84,67,63
20150118 12:49,266,42,258,48,265,59,94,58,68,16,10253,155,116,84,67,63
20150118 12:50,271,42,262,47,278,48,95,58,69,17,10252,158,116,84,67,63
20150118 12:51,267,40,263,46,255,63,96,57,68,15,10252,161,117,84,67,63
20150118 12:52,255,51,264,46,255,77,96,57,68,15,10251,159,117,85,67,63
20150118 12:53,256,55,265,45,258,73,96,56,67,13,10251,156,117,85,67,64
20150118 12:54,261,47,265,45,265,60,95,56,66,12,10251,157,117,85,67,64
20150118 12:55,272,46,267,45,279,68,96,57,68,15,10251,157,117,85,68,64
20150118 12:56,280,56,269,47,281,83,96,56,67,13,10251,157,117,85,68,64
20150118 12:57,274,55,267,48,266,64,95,55,65,9,10251,155,117,85,68,64
20150118 12:58,267,40,267,47,267,57,95,55,65,9,10251,156,117,86,68,64
20150118 12:59,268,39,267,47,269,57,96,56,67,13,10251,156,117,86,68,64
20150118 13:00,267,49,266,49,265,80,96,56,67,13,10250,154,117,86,68,64
20150118 13:01,268,49,267,49,270,75,95,55,65,9,10249,155,118,86,68,64
20150118 13:02,267,43,268,47,264,60,95,55,65,9,10249,151,118,86,68,64
20150118 13:03,269,42,270,46,272,55,95,56,66,12,10250,149,118,86,69,64
20150118 13:04,266,43,269,46,259,65,96,56,67,13,10250,152,118,86,69,64
20150118 13:05,262,42,268,46,266,65,96,55,66,10,10250,155,118,87,69,64
20150118 13:06,274,50,268,45,282,91,96,55,66,10,10250,162,118,87,69,64
20150118 13:07,281,61,269,47,281,80,96,54,65,8,10249,159,118,87,69,64
20150118 13:08,276,60,270,49,271,73,96,53,63,5,10249,153,118,87,69,65
20150118 13:09,267,56,269,50,263,78,95,54,64,7,10249,150,118,87,69,65
20150118 13:10,259,60,268,51,254,78,96,54,65,8,10249,145,118,87,69,65
20150118 13:11,262,54,268,51,270,64,94,54,64,6,10249,142,118,87,70,65
20150118 13:12,274,45,270,51,279,65,95,55,65,9,10249,142,118,88,70,65
20150118 13:13,276,40,270,51,272,47,96,56,67,13,10249,141,119,88,70,65
20150118 13:14,275,30,272,49,277,45,96,55,66,10,10248,141,119,88,70,65
20150118 13:15,270,39,271,50,263,73,96,56,67,13,10248,140,119,88,70,65
20150118 13:16,261,49,269,49,259,59,95,55,65,9,10248,136,119,88,70,65
20150118 13:17,258,45,266,47,257,58,95,55,65,9,10247,135,119,88,70,65
20150118 13:18,260,41,266,45,264,56,95,55,65,9,10247,135,118,88,70,65
20150118 13:19,262,48,265,45,260,71,95,55,65,9,10247,134,118,89,71,65
20150118 13:20,268,47,268,43,276,60,95,55,65,9,10246,134,118,89,71,65
20150118 13:21,277,42,269,43,278,61,95,55,65,9,10246,133,118,89,71,65
20150118 13:22,283,43,269,42,288,52,95,55,65,9,10247,133,118,89,71,66
20150118 13:23,279,43,269,43,270,63,95,54,64,7,10247,131,118,89,71,66
20150118 13:24,267,48,268,46,265,77,95,54,64,7,10247,130,118,89,71,66
20150118 13:25,266,53,268,46,266,76,95,53,63,4,10247,129,118,89,71,66
20150118 13:26,267,54,269,47,267,62,95,54,64,7,10247,129,117,90,71,66
20150118 13:27,267,48,270,47,267,59,95,54,64,7,10247,128,117,90,72,66
20150118 13:28,273,42,271,47,278,62,95,54,64,7,10246,128,117,90,72,66
20150118 13:29,273,36,272,44,268,54,95,54,64,7,10246,129,117,90,72,66
20150118 13:30,268,29,271,43,267,36,95,54,64,7,10246,131,117,90,72,66
20150118 13:31,268,30,270,42,269,46,95,55,65,9,10245,132,116,90,72,66
20150118 13:32,266,36,268,42,263,65,96,55,66,10,10245,131,116,90,72,66
20150118 13:33,267,45,268,42,271,73,96,55,66,10,10245,129,116,90,72,66
20150118 13:34,271,42,269,41,271,48,96,55,66,10,10244,134,116,90,72,66
20150118 13:35,274,39,270,39,278,60,96,55,66,10,10244,140,115,90,72,66
20150118 13:36,278,47,271,39,279,67,98,55,67,12,10244,146,115,91,73,67
20150118 13:37,278,45,272,39,277,57,98,54,65,9,10244,149,115,91,73,67
20150118 13:38,275,41,271,39,272,62,98,53,64,7,10244,142,115,91,73,67
20150118 13:39,265,42,271,40,258,60,98,54,65,9,10243,136,115,91,73,67
20150118 13:40,265,40,271,41,273,53,98,54,65,9,10243,134,115,91,73,67
20150118 13:41,272,50,271,44,271,88,98,54,65,9,10243,138,115,91,73,67
20150118 13:42,270,59,272,46,269,76,98,51,62,2,10242,138,115,91,73,67
20150118 13:43,269,53,272,46,269,62,98,50,61,-1,10242,135,115,91,73,67
20150118 13:44,276,51,273,48,283,71,98,51,62,2,10243,131,115,91,73,67
20150118 13:45,276,55,272,49,270,75,98,50,61,-1,10243,132,115,91,74,67
20150118 13:46,276,53,273,49,283,71,98,50,61,-1,10244,136,115,91,74,67
20150118 13:47,278,53,272,50,274,77,98,50,61,-1,10244,141,115,91,74,67
20150118 13:48,273,54,272,51,272,66,98,50,61,-1,10244,143,114,91,74,67
20150118 13:49,277,50,275,52,282,68,99,50,61,0,10244,142,114,91,74,67
20150118 13:50,279,48,275,53,276,76,99,50,61,0,10244,142,114,92,74,68
20150118 13:51,277,45,276,51,278,59,100,50,61,1,10244,144,114,92,74,68
20150118 13:52,280,43,277,50,282,63,100,50,61,1,10244,139,114,92,74,68
20150118 13:53,291,37,280,48,300,39,99,51,62,2,10243,134,114,92,74,68
20150118 13:54,292,41,280,48,284,69,99,51,62,2,10243,134,114,92,75,68
20150118 13:55,285,49,282,47,287,55,98,50,61,-1,10243,128,114,92,75,68
20150118 13:56,292,47,283,47,298,86,97,51,61,1,10243,125,114,92,75,68
20150118 13:57,299,55,286,47,301,85,97,52,63,3,10243,122,114,92,75,68
20150118 13:58,297,50,288,46,293,59,96,51,61,0,10242,120,114,92,75,68
20150118 13:59,290,41,289,45,288,65,96,52,62,2,10242,119,114,92,75,68
20150118 14:00,289,35,290,43,290,37,96,52,62,2,10242,118,114,92,75,68
20150118 14:01,295,31,292,43,300,50,95,53,63,4,10242,119,114,92,75,68
20150118 14:02,296,42,293,43,292,67,95,53,63,4,10243,120,114,92,75,68
20150118 14:03,291,46,292,44,289,61,95,52,62,1,10243,120,114,92,75,68
20150118 14:04,290,48,293,44,292,72,94,52,61,0,10243,118,113,92,76,69
20150118 14:05,290,52,293,45,288,74,94,52,61,0,10243,118,113,92,76,69
20150118 14:06,287,49,292,45,286,60,94,51,60,-2,10243,119,113,92,76,69
20150118 14:07,281,46,289,43,276,61,94,52,61,0,10243,120,113,92,76,69
20150118 14:08,278,50,288,45,280,68,94,52,61,0,10243,120,112,92,76,69
20150118 14:09,280,44,287,44,280,55,94,52,61,0,10243,119,112,93,76,69
20150118 14:10,275,39,285,46,270,54,95,52,62,1,10243,122,112,93,76,69
20150118 14:11,271,49,283,47,273,85,95,51,61,-1,10242,122,112,93,76,69
20150118 14:12,275,51,281,47,278,63,95,51,61,-1,10242,122,111,93,76,69
20150118 14:13,276,40,280,46,274,62,95,50,59,-4,10242,126,111,93,76,69
20150118 14:14,276,32,278,44,277,54,95,51,61,-1,10241,131,111,93,76,69
20150118 14:15,272,44,276,45,266,84,96,51,61,0,10241,135,111,93,77,69
20150118 14:16,271,53,275,45,275,57,96,51,61,0,10241,131,111,93,77,69
20150118 14:17,270,48,274,45,265,57,96,51,61,0,10240,131,110,93,77,69
20150118 14:18,268,45,273,44,270,65,96,51,61,0,10241,132,110,93,77,70
20150118 14:19,270,43,272,45,269,58,96,51,61,0,10241,135,110,93,77,70
20150118 14:20,271,43,272,45,272,61,97,52,63,3,10241,138,110,93,77,70
20150118 14:21,270,38,271,43,269,55,97,50,60,-2,10241,138,110,93,77,70
20150118 14:22,271,39,271,43,274,72,98,52,63,4,10241,134,110,93,77,70
20150118 14:23,278,54,272,45,282,83,97,51,61,1,10241,128,110,93,77,70
20150118 14:24,277,60,271,48,273,74,96,51,61,0,10240,122,110,93,77,70
20150118 14:25,275,50,273,47,278,59,95,51,61,-1,10240,122,110,93,77,70
20150118 14:26,277,44,273,46,277,78,95,52,62,1,10239,129,110,93,77,70
20150118 14:27,281,45,275,46,285,67,95,52,62,1,10239,132,110,93,78,70
20150118 14:28,281,42,276,46,278,53,96,52,62,2,10239,134,110,93,78,70
20150118 14:29,275,38,276,45,273,63,96,52,62,2,10238,136,110,93,78,70
20150118 14:30,279,39,277,45,284,60,96,53,63,5,10238,133,110,93,78,70
20150118 14:31,275,40,277,46,266,50,96,52,62,2,10239,128,110,93,78,70
20150118 14:32,269,42,277,46,272,68,96,52,62,2,10238,123,110,93,78,71
20150118 14:33,271,45,276,44,270,69,95,52,62,1,10238,121,110,93,78,71
20150118 14:34,266,43,275,42,262,66,95,53,63,4,10238,120,110,93,78,71
20150118 14:35,271,47,275,43,280,67,95,53,63,4,10237,122,110,93,78,71
20150118 14:36,276,45,274,43,272,55,95,52,62,1,10236,128,110,93,78,71
20150118 14:37,267,40,272,42,262,57,96,52,62,2,10236,131,110,93,78,71
20150118 14:38,263,39,270,42,263,50,97,52,63,3,10236,131,110,93,78,71
20150118 14:39,261,42,269,43,259,62,97,51,61,1,10236,132,110,93,78,71
20150118 14:40,263,46,267,43,267,61,98,51,62,2,10236,129,109,93,79,71
20150118 14:41,275,41,269,43,283,57,98,51,62,2,10237,130,109,93,79,71
20150118 14:42,282,41,270,43,282,57,98,52,63,4,10236,128,109,93,79,71
20150118 14:43,277,39,270,42,272,44,98,51,62,2,10236,122,109,93,79,71
20150118 14:44,272,32,271,41,272,45,98,51,62,2,10236,118,109,93,79,71
20150118 14:45,268,27,269,38,263,33,98,52,63,4,10236,116,109,93,79,71
20150118 14:46,273,29,270,37,282,44,97,52,63,3,10236,114,109,93,79,71
20150118 14:47,289,35,274,37,296,49,97,52,63,3,10236,115,109,93,79,71
20150118 14:48,296,36,277,37,296,53,97,52,63,3,10236,117,109,93,79,72
20150118 14:49,291,40,280,36,285,62,97,52,63,3,10236,119,109,93,79,72
20150118 14:50,285,39,282,35,285,55,97,51,61,1,10235,120,109,93,79,72
20150118 14:51,280,39,281,36,275,58,97,50,60,-2,10235,120,108,93,79,72
20150118 14:52,275,40,280,35,275,53,98,46,56,-13,10235,118,108,93,79,72
20150118 14:53,276,40,281,36,277,58,98,45,54,-16,10235,117,108,93,79,72
20150118 14:54,284,38,283,36,291,43,98,44,53,-19,10235,116,108,93,79,72
20150118 14:55,299,43,287,40,308,74,99,43,52,-21,10234,119,108,93,79,72
20150118 14:56,306,52,289,41,304,70,99,40,49,-31,10233,120,108,93,80,72
20150118 14:57,304,45,290,42,304,71,99,39,48,-34,10233,122,107,93,80,72
20150118 14:58,301,50,290,44,297,93,100,38,47,-37,10234,122,107,93,80,72
20150118 14:59,285,58,289,45,273,70,100,38,47,-37,10234,120,107,93,80,72
20150118 15:00,276,50,288,46,279,59,100,38,47,-37,10234,123,107,93,80,72
20150118 15:01,284,40,290,46,289,55,101,38,47,-36,10235,128,107,93,80,72
20150118 15:02,285,40,290,46,281,61,102,39,49,-31,10236,129,107,93,80,72
20150118 15:03,288,44,292,46,294,74,102,37,46,-38,10236,123,107,93,80,72
20150118 15:04,292,41,292,47,290,60,102,36,45,-42,10237,117,106,93,80,73
20150118 15:05,287,51,290,48,285,87,102,36,45,-42,10237,113,106,93,80,73
20150118 15:06,290,61,289,48,296,83,101,35,43,-47,10238,114,106,93,80,73
20150118 15:07,291,50,287,49,287,73,101,35,43,-47,10237,118,106,93,80,73
20150118 15:08,286,54,286,49,286,74,101,35,43,-47,10237,120,106,93,80,73
20150118 15:09,288,56,288,48,291,71,102,35,44,-46,10237,120,106,93,80,73
20150118 15:10,293,48,289,49,295,69,102,35,44,-46,10237,116,106,93,80,73
20150118 15:11,289,51,289,50,284,76,101,36,44,-43,10237,115,106,93,80,73
20150118 15:12,282,57,289,52,279,87,101,35,43,-47,10237,114,106,93,80,73
20150118 15:13,283,56,288,53,287,73,101,35,43,-47,10236,113,105,93,80,73
20150118 15:14,291,41,288,52,294,47,101,36,44,-43,10236,111,105,93,81,73
20150118 15:15,286,39,288,50,279,79,101,37,46,-39,10235,114,105,93,81,73
20150118 15:16,288,55,288,51,296,94,101,35,43,-47,10235,115,105,93,81,73
20150118 15:17,293,58,288,52,289,74,101,34,42,-50,10234,115,105,93,81,73
20150118 15:18,287,54,288,51,285,79,101,35,43,-47,10235,114,104,93,81,73
20150118 15:19,283,56,287,52,282,71,101,34,42,-50,10236,114,104,93,81,73
20150118 15:20,287,58,287,53,293,79,101,35,43,-47,10237,114,104,93,81,73
20150118 15:21,293,54,288,53,293,66,101,36,44,-43,10237,115,104,93,81,74
20150118 15:22,284,48,287,51,275,70,100,36,44,-44,10237,117,104,93,81,74
20150118 15:23,283,53,288,52,291,80,100,36,44,-44,10238,116,103,93,81,74
20150118 15:24,283,51,286,53,276,60,100,37,45,-40,10237,116,103,93,81,74
20150118 15:25,276,42,286,53,276,57,100,37,45,-40,10237,114,103,93,81,74
20150118 15:26,279,40,284,50,281,54,100,38,47,-37,10236,113,103,93,81,74
20150118 15:27,279,46,283,50,276,73,100,37,45,-40,10236,111,103,93,81,74
20150118 15:28,276,54,282,50,275,72,99,36,44,-45,10236,109,102,93,81,74
20150118 15:29,282,51,282,49,289,69,99,36,44,-45,10237,108,102,93,81,74
20150118 15:30,289,48,282,48,288,67,99,37,45,-41,10237,106,102,93,81,74
20150118 15:31,290,50,282,48,291,68,98,37,45,-42,10238,101,102,93,81,74
20150118 15:32,288,43,283,47,285,47,98,37,45,-42,10238,97,102,93,81,74
20150118 15:33,290,41,283,46,295,68,98,37,45,-42,10239,97,101,93,81,74
20150118 15:34,294,47,285,46,293,68,97,36,43,-46,10239,96,101,93,82,74
20150118 15:35,290,48,286,47,287,67,97,36,43,-46,10239,95,101,93,82,74
20150118 15:36,288,55,287,50,290,81,97,36,43,-46,10239,95,101,93,82,74
20150118 15:37,289,53,288,49,288,70,96,35,42,-51,10239,94,100,92,82,74
20150118 15:38,285,46,289,48,282,62,96,35,42,-51,10239,94,100,92,82,74
20150118 15:39,285,48,289,48,289,64,96,36,43,-47,10239,94,100,92,82,74
20150118 15:40,288,46,289,48,288,72,96,37,44,-44,10239,95,99,92,82,74
20150118 15:41,292,46,289,47,296,66,96,37,44,-44,10239,95,99,92,82,75
20150118 15:42,291,41,289,47,287,55,96,37,44,-44,10239,98,99,92,82,75
20150118 15:43,285,33,288,46,283,45,96,38,45,-40,10239,103,99,92,82,75
20150118 15:44,286,37,288,45,289,65,97,38,46,-39,10239,107,98,92,82,75
20150118 15:45,289,40,288,44,290,54,97,38,46,-39,10239,109,98,92,82,75
20150118 15:46,287,34,288,41,284,40,98,38,46,-38,10239,111,98,92,82,75
20150118 15:47,291,42,288,42,297,66,98,38,46,-38,10239,112,98,92,82,75
20150118 15:48,295,48,290,41,294,54,98,38,46,-38,10239,112,97,92,82,75
20150118 15:49,292,47,290,42,290,71,98,38,46,-38,10239,111,97,92,82,75
20150118 15:50,286,48,289,42,282,64,98,38,46,-38,10239,108,97,92,82,75
20150118 15:51,281,40,288,40,280,42,98,39,47,-35,10239,105,97,92,82,75
20150118 15:52,289,37,289,41,297,49,97,39,47,-36,10239,101,97,92,82,75
20150118 15:53,296,46,290,43,294,63,97,39,47,-36,10239,98,97,92,82,75
20150118 15:54,289,45,289,42,284,54,96,39,47,-37,10239,96,97,92,82,75
20150118 15:55,283,36,288,42,281,56,96,39,47,-37,10239,97,96,92,82,75
20150118 15:56,283,36,288,43,284,47,96,40,48,-33,10240,99,96,91,82,75
20150118 15:57,285,33,287,40,285,40,96,40,48,-33,10240,100,96,91,82,75
20150118 15:58,291,28,287,39,297,37,96,40,48,-33,10240,98,96,91,82,75
20150118 15:59,302,31,289,37,307,60,96,41,49,-30,10240,97,96,91,82,75
20150118 16:00,300,39,290,37,294,54,95,40,47,-34,10240,97,96,91,82,75
20150118 16:01,294,44,292,38,294,59,95,40,47,-34,10240,95,96,91,82,75
20150118 16:02,293,44,291,38,292,54,95,40,47,-34,10240,96,95,91,82,76
20150118 16:03,288,42,290,37,283,66,95,40,47,-34,10239,98,95,91,82,76
20150118 16:04,283,46,290,38,283,75,95,39,46,-38,10240,98,95,91,82,76
20150118 16:05,281,43,290,38,279,55,95,39,46,-38,10240,100,95,91,83,76
20150118 16:06,282,40,290,39,285,60,95,40,47,-34,10240,100,95,91,83,76
20150118 16:07,282,41,289,40,280,56,95,40,47,-34,10240,100,94,91,83,76
20150118 16:08,293,32,290,40,307,38,95,40,47,-34,10240,98,94,91,82,76
20150118 16:09,298,26,289,39,290,32,95,41,49,-31,10239,98,94,91,83,76
20150118 16:10,299,28,290,38,307,53,95,41,49,-31,10239,98,94,91,83,76
20150118 16:11,302,41,290,38,296,70,95,41,49,-31,10239,98,94,90,83,76
20150118 16:12,298,45,291,38,299,54,95,40,47,-34,10240,96,94,90,83,76
20150118 16:13,298,39,292,38,297,52,94,41,48,-32,10240,96,93,90,83,76
20150118 16:14,290,35,292,36,282,48,94,41,48,-32,10240,97,93,90,83,76
20150118 16:15,283,30,293,35,283,36,94,41,48,-32,10240,97,93,90,83,76
20150118 16:16,285,29,293,34,287,56,94,42,50,-29,10240,97,93,90,83,76
20150118 16:17,292,33,294,34,296,48,94,41,48,-32,10241,95,93,90,83,76
20150118 16:18,292,37,292,35,288,57,94,41,48,-32,10242,93,93,90,83,76
20150118 16:19,285,51,292,39,282,86,94,42,50,-29,10243,90,92,90,83,76
20150118 16:20,285,56,290,41,288,72,93,41,48,-33,10243,86,92,90,83,76
20150118 16:21,287,52,289,41,286,70,93,41,48,-33,10243,85,92,90,83,76
20150118 16:22,290,55,288,43,294,80,93,41,48,-33,10243,85,92,90,83,76
20150118 16:23,295,50,288,43,296,58,93,41,48,-33,10243,84,92,90,83,76
20150118 16:24,290,41,288,44,283,53,92,42,49,-30,10243,83,92,90,83,77
20150118 16:25,290,41,290,45,296,57,92,42,49,-30,10242,82,91,90,83,77
20150118 16:26,293,41,290,46,291,62,92,42,49,-30,10242,81,91,89,83,77
20150118 16:27,291,41,290,47,291,63,92,42,49,-30,10241,80,91,89,83,77
20150118 16:28,292,49,290,49,293,77,91,42,49,-31,10241,79,91,89,83,77
20150118 16:29,290,53,291,47,288,69,91,42,49,-31,10241,77,90,89,83,77
20150118 16:30,292,48,291,47,296,63,91,43,50,-28,10241,76,90,89,83,77
20150118 16:31,292,42,292,45,287,66,90,43,49,-29,10241,76,90,89,83,77
20150118 16:32,289,40,291,44,291,67,90,43,49,-29,10241,75,90,89,83,77
20150118 16:33,288,40,290,43,286,60,90,44,50,-26,10241,74,89,89,83,77
20150118 16:34,289,35,291,43,293,43,90,44,50,-26,10241,74,89,89,83,77
20150118 16:35,294,41,291,43,295,65,90,44,50,-26,10241,73,89,89,83,77
20150118 16:36,294,46,291,44,294,56,89,44,50,-27,10241,73,88,89,83,77
20150118 16:37,292,40,291,43,289,59,89,45,51,-24,10241,73,88,89,83,77
20150118 16:38,280,43,289,42,271,64,89,45,51,-24,10241,73,88,89,83,77
20150118 16:39,284,44,290,42,296,58,89,45,51,-24,10241,73,87,88,83,77
20150118 16:40,288,42,288,41,280,56,89,45,51,-24,10241,73,87,88,83,77
20150118 16:41,279,38,287,41,278,51,89,45,51,-24,10241,73,87,88,83,77
20150118 16:42,292,29,289,39,308,33,89,45,51,-24,10241,74,86,88,83,77
20150118 16:43,296,27,289,38,285,42,89,45,51,-24,10241,74,86,88,83,77
20150118 16:44,287,31,288,38,289,49,89,46,52,-21,10241,74,86,88,83,77
20150118 16:45,282,34,287,37,276,56,89,46,52,-21,10241,74,86,88,83,77
20150118 16:46,283,36,286,36,291,60,89,45,51,-24,10241,73,85,88,83,77
20150118 16:47,285,36,285,36,280,50,89,46,52,-21,10241,73,85,88,83,77
20150118 16:48,282,39,287,36,284,63,89,46,52,-21,10241,73,85,88,83,77
20150118 16:49,288,40,286,35,292,61,89,45,51,-24,10241,72,84,88,83,77
20150118 16:50,294,39,288,35,297,54,89,46,52,-21,10241,72,84,88,83,77
20150118 16:51,292,35,289,35,288,48,88,46,52,-22,10242,72,84,87,83,77
20150118 16:52,289,36,287,36,291,64,88,47,53,-19,10242,71,84,87,83,77
20150118 16:53,288,40,287,37,286,63,88,46,52,-22,10242,70,84,87,83,77
20150118 16:54,285,31,287,36,285,34,88,46,52,-22,10242,70,83,87,83,77
20150118 16:55,288,32,289,37,291,52,88,47,53,-19,10243,69,83,87,83,77
20150118 16:56,290,39,288,37,290,51,88,47,53,-19,10243,68,83,87,83,78
20150118 16:57,291,41,290,38,292,55,88,47,53,-19,10243,68,83,87,83,78
20150118 16:58,291,41,290,37,291,47,87,47,53,-20,10243,67,82,87,83,78
20150118 16:59,295,35,291,37,299,50,87,47,53,-20,10242,66,82,87,83,78
20150118 17:00,291,31,289,35,282,38,87,48,54,-17,10242,65,82,86,83,78
20150118 17:01,284,25,289,35,286,39,86,48,54,-18,10242,64,82,86,83,78
20150118 17:02,291,27,290,34,296,49,86,48,54,-18,10243,64,82,86,83,78
20150118 17:03,294,31,290,33,292,41,86,48,54,-18,10243,64,81,86,83,78
20150118 17:04,294,32,291,34,295,44,86,48,54,-18,10243,64,81,86,83,78
20150118 17:05,290,31,291,33,285,37,86,48,54,-18,10244,63,81,86,83,78
20150118 17:06,284,33,290,33,283,47,86,48,54,-18,10244,63,80,86,83,78
20150118 17:07,284,34,289,31,285,42,86,48,54,-18,10245,63,80,86,83,78
20150118 17:08,283,26,288,30,280,27,85,49,54,-16,10245,63,80,86,83,78
20150118 17:09,283,21,287,29,286,30,85,49,54,-16,10245,62,80,86,83,78
20150118 17:10,279,21,286,28,272,30,85,49,54,-16,10246,62,80,85,83,78
20150118 17:11,274,24,285,28,277,49,85,50,55,-13,10246,62,79,85,83,78
20150118 17:12,281,25,284,28,286,37,85,50,55,-13,10246,62,79,85,83,78
20150118 17:13,282,25,283,27,279,33,84,50,55,-14,10246,62,79,85,83,78
20150118 17:14,278,26,281,26,277,39,84,50,55,-14,10246,61,79,85,83,78
20150118 17:15,278,27,281,26,280,36,84,51,56,-11,10246,61,78,85,83,78
20150118 17:16,281,27,280,25,282,36,84,51,56,-11,10246,60,78,85,83,78
20150118 17:17,281,25,280,24,281,39,84,51,56,-11,10246,59,78,85,83,78
20150118 17:18,281,26,280,25,282,36,83,51,56,-12,10247,58,78,85,83,78
20150118 17:19,281,27,280,26,281,34,83,51,56,-12,10247,57,77,84,83,78
20150118 17:20,288,23,282,25,295,25,82,52,57,-11,10246,57,77,84,83,78
20150118 17:21,292,20,283,25,289,26,82,52,57,-11,10245,56,77,84,83,78
20150118 17:22,291,23,284,25,292,47,82,52,57,-11,10244,55,77,84,83,78
20150118 17:23,291,25,285,25,290,38,82,52,57,-11,10244,54,77,84,83,78
20150118 17:24,290,28,286,26,290,44,81,52,56,-12,10245,53,76,84,83,78
20150118 17:25,288,25,287,25,287,29,81,51,55,-14,10245,53,76,84,83,78
20150118 17:26,286,18,287,24,286,19,81,52,56,-12,10245,52,76,84,83,78
20150118 17:27,287,23,288,24,288,45,80,52,56,-12,10246,52,76,83,83,78
20150118 17:28,285,29,288,24,282,40,80,52,56,-12,10246,51,75,83,82,78
20150118 17:29,278,30,287,25,275,47,80,52,56,-12,10247,50,75,83,82,78
20150118 17:30,278,28,286,25,282,38,80,52,56,-12,10247,50,75,83,82,78
20150118 17:31,280,21,285,25,278,29,80,52,56,-12,10248,50,75,83,82,78
20150118 17:32,276,20,283,25,274,27,80,53,57,-10,10248,49,74,83,82,78
20150118 17:33,283,21,283,24,291,30,79,53,56,-11,10248,49,74,83,82,78
20150118 17:34,290,22,283,23,288,29,79,53,56,-11,10248,49,74,83,82,78
20150118 17:35,286,20,283,23,285,24,79,53,56,-11,10248,48,74,83,82,78
20150118 17:36,287,19,283,24,289,26,78,53,56,-12,10248,48,73,82,82,78
20150118 17:37,288,19,283,23,286,23,78,54,57,-9,10247,47,73,82,82,78
20150118 17:38,287,22,284,22,288,34,78,54,57,-9,10247,47,73,82,82,79
20150118 17:39,287,20,285,21,286,28,77,54,57,-10,10247,47,72,82,82,78
20150118 17:40,290,19,286,20,293,32,77,54,57,-10,10248,47,72,82,82,78
20150118 17:41,290,22,287,21,287,31,77,54,57,-10,10248,47,72,82,82,79
20150118 17:42,289,19,288,20,292,20,77,54,57,-10,10247,47,72,82,82,79
20150118 17:43,294,20,289,20,297,39,77,54,57,-10,10247,47,71,82,82,79
20150118 17:44,291,24,289,21,284,32,77,54,57,-10,10248,47,71,82,82,79
20150118 17:45,283,22,288,21,282,25,77,54,57,-10,10248,47,71,81,82,79
20150118 17:46,282,24,288,22,282,37,77,54,57,-10,10248,47,71,81,82,79
20150118 17:47,281,28,287,22,280,40,77,54,57,-10,10248,47,70,81,82,79
20150118 17:48,283,25,287,22,286,33,77,54,57,-10,10248,47,70,81,82,79
20150118 17:49,284,27,286,24,282,40,77,54,57,-10,10249,47,70,81,82,79
20150118 17:50,281,31,285,25,280,44,77,54,57,-10,10249,47,70,81,82,79
20150118 17:51,287,32,286,26,294,53,77,54,57,-10,10249,47,70,81,82,79
20150118 17:52,290,32,285,27,286,44,78,54,57,-9,10249,47,69,81,82,79
20150118 17:53,287,28,284,27,289,37,78,54,57,-9,10249,47,69,80,82,79
20150118 17:54,288,25,285,28,288,42,77,54,57,-10,10249,47,69,80,82,79
20150118 17:55,290,30,286,29,292,53,77,54,57,-10,10249,47,69,80,82,79
20150118 17:56,289,32,286,29,286,37,77,54,57,-10,10250,48,68,80,82,79
20150118 17:57,288,27,287,29,290,33,77,54,57,-10,10250,48,68,80,82,79
20150118 17:58,289,27,288,29,288,44,77,55,58,-8,10250,48,68,80,82,79
20150118 17:59,287,27,288,29,287,35,77,54,57,-10,10250,47,68,80,82,79
20150118 18:00,282,27,288,29,277,44,77,55,58,-8,10250,47,68,79,82,79
20150118 18:01,284,28,287,28,291,40,77,55,58,-8,10250,47,67,79,82,79
20150118 18:02,284,28,287,28,278,39,77,54,57,-10,10250,47,67,79,82,79
20150118 18:03,278,33,285,29,277,55,77,54,57,-10,10250,47,67,79,81,79
20150118 18:04,280,36,285,30,284,53,77,54,57,-10,10250,46,67,79,81,79
20150118 18:05,279,31,283,29,274,33,77,54,57,-10,10250,46,67,79,81,79
20150118 18:06,273,25,282,29,273,30,77,54,57,-10,10250,45,66,79,81,79
20150118 18:07,278,27,281,29,283,44,77,54,57,-10,10250,45,66,79,81,79
20150118 18:08,281,30,280,29,278,38,77,54,57,-10,10249,44,66,78,81,79
20150118 18:09,278,26,279,29,278,29,77,54,57,-10,10249,44,66,78,81,79
20150118 18:10,274,26,278,29,269,33,77,54,57,-10,10248,43,66,78,81,79
20150118 18:11,274,25,277,28,280,34,77,54,57,-10,10249,43,66,78,81,79
20150118 18:12,277,26,277,28,274,42,76,54,56,-11,10249,43,65,78,81,79
20150118 18:13,275,27,277,27,277,33,76,54,56,-11,10249,43,65,78,81,79
20150118 18:14,277,23,276,26,276,27,76,54,56,-11,10249,42,65,78,81,79
20150118 18:15,276,21,276,25,275,27,76,55,57,-9,10249,41,65,78,81,79
20150118 18:16,275,21,277,25,276,33,75,55,57,-9,10250,41,65,77,81,79
20150118 18:17,274,23,276,24,273,32,75,55,57,-9,10250,41,64,77,81,79
20150118 18:18,270,21,275,23,268,24,75,55,57,-9,10250,41,64,77,81,79
20150118 18:19,266,18,273,23,264,24,75,56,58,-7,10250,40,64,77,81,79
20150118 18:20,262,20,272,22,260,30,75,56,58,-7,10250,40,64,77,81,79
20150118 18:21,262,21,271,22,264,27,74,56,58,-8,10251,39,64,77,81,79
20150118 18:22,262,21,269,21,260,27,74,56,58,-8,10251,39,63,77,81,79
20150118 18:23,262,20,268,21,264,26,74,57,59,-6,10251,39,63,77,81,79
20150118 18:24,263,18,267,20,262,22,73,57,58,-6,10252,38,63,76,81,79
20150118 18:25,263,18,265,20,263,23,73,57,58,-6,10252,38,63,76,81,79
20150118 18:26,263,20,264,20,264,26,73,57,58,-6,10251,37,63,76,81,79
20150118 18:27,265,19,263,19,266,23,72,57,58,-7,10252,37,62,76,80,79
20150118 18:28,266,18,263,20,265,24,72,57,58,-7,10252,36,62,76,80,79
20150118 18:29,263,19,263,20,260,22,72,58,59,-5,10253,36,62,76,80,79
20150118 18:30,258,18,263,19,257,20,71,58,58,-6,10253,36,62,76,80,79
20150118 18:31,259,17,262,19,261,22,71,58,58,-6,10253,36,62,76,80,79
20150118 18:32,262,18,263,18,263,25,70,59,59,-5,10253,35,62,76,80,79
20150118 18:33,264,19,263,19,266,28,70,59,59,-5,10254,35,61,75,80,79
20150118 18:34,268,18,263,18,269,19,70,60,60,-2,10254,35,61,75,80,79
20150118 18:35,270,16,264,18,270,18,69,60,60,-3,10254,34,61,75,80,79
20150118 18:36,272,16,265,18,274,20,69,60,60,-3,10254,34,61,75,80,79
20150118 18:37,274,15,266,17,274,18,68,60,59,-4,10253,34,61,75,80,79
20150118 18:38,275,16,267,17,276,23,68,60,59,-4,10254,33,61,75,80,79
20150118 18:39,278,15,269,17,280,18,68,61,60,-2,10254,33,60,75,80,79
20150118 18:40,280,15,271,17,279,19,67,61,60,-3,10254,32,60,75,80,79
20150118 18:41,277,15,273,16,274,18,67,61,60,-3,10254,32,60,74,80,79
20150118 18:42,273,14,273,16,271,16,67,61,60,-3,10254,32,60,74,80,79
20150118 18:43,272,13,274,15,272,15,66,61,59,-4,10254,32,60,74,80,79
20150118 18:44,272,13,274,15,272,14,66,61,59,-4,10255,31,60,74,80,79
20150118 18:45,267,11,273,14,261,13,66,62,60,-2,10255,31,59,74,80,79
20150118 18:46,261,10,272,14,261,13,65,62,60,-2,10255,31,59,74,80,79
20150118 18:47,259,10,270,13,257,13,65,63,61,0,10255,31,59,74,80,79
20150118 18:48,257,11,268,13,256,15,64,63,61,-1,10256,31,59,74,80,79
20150118 18:49,255,14,266,13,253,18,64,64,61,1,10256,30,59,74,79,79
20150118 18:50,251,15,263,13,249,20,63,64,61,0,10256,30,59,73,79,79
20150118 18:51,251,16,260,13,252,18,63,65,62,2,10256,30,58,73,79,79
20150118 18:52,254,16,259,13,255,19,62,65,62,1,10256,29,58,73,79,79
20150118 18:53,257,18,257,14,259,22,62,65,62,1,10257,29,58,73,79,79
20150118 18:54,260,18,256,14,261,21,62,65,62,1,10257,29,58,73,79,79
20150118 18:55,260,17,256,15,260,21,61,66,62,2,10258,28,58,73,79,79
20150118 18:56,261,15,256,15,261,18,61,66,62,2,10258,28,58,73,79,79
20150118 18:57,265,14,257,16,268,17,61,66,62,2,10258,28,57,72,79,79
20150118 18:58,270,12,259,15,272,14,60,66,62,1,10258,27,57,72,79,79
20150118 18:59,272,12,261,15,272,14,60,66,62,1,10258,27,57,72,79,79
20150118 19:00,271,12,263,15,271,16,59,66,61,0,10258,27,57,72,79,79
20150118 19:01,271,13,265,15,271,17,59,66,61,0,10258,26,57,72,79,79
20150118 19:02,272,11,267,14,274,17,59,67,62,2,10258,26,57,72,79,79
20150118 19:03,275,10,269,13,276,11,59,67,62,2,10258,27,56,72,79,79
20150118 19:04,276,9,270,12,277,11,58,67,62,2,10258,27,56,72,79,79
20150118 19:05,277,8,272,11,278,11,58,67,62,2,10258,27,56,72,79,79
20150118 19:06,276,8,273,11,274,10,57,67,61,1,10259,27,56,71,79,79
20150118 19:07,272,9,273,10,270,10,57,67,61,1,10259,27,56,71,79,79
20150118 19:08,270,10,273,10,271,13,57,68,62,3,10259,27,56,71,78,79
20150118 19:09,267,11,273,10,264,12,56,68,62,2,10258,27,55,71,78,79
20150118 19:10,261,10,271,10,258,12,56,68,62,2,10259,27,55,71,78,79
20150118 19:11,258,9,270,9,258,12,55,69,62,3,10259,27,55,71,78,79
20150118 19:12,255,9,268,9,251,10,55,69,62,3,10259,27,55,71,78,79
20150118 19:13,250,9,265,9,248,12,54,70,63,4,10260,28,55,71,78,79
20150118 19:14,248,10,262,9,247,14,54,70,63,4,10260,28,55,71,78,79
20150118 19:15,248,12,259,10,249,14,54,70,63,4,10261,28,55,71,78,79
20150118 19:16,252,13,257,10,255,17,53,71,63,5,10261,28,55,70,78,79
20150118 19:17,256,13,256,11,256,15,53,71,63,5,10261,28,54,70,78,79
20150118 19:18,255,12,254,11,254,15,53,71,63,5,10260,28,54,70,78,79
20150118 19:19,257,12,254,11,260,14,53,71,63,5,10260,28,54,70,78,79
20150118 19:20,262,10,254,11,264,13,53,71,63,5,10260,28,54,70,78,79
20150118 19:21,266,10,255,11,269,14,52,71,63,4,10260,28,54,70,78,79
20150118 19:22,269,11,257,12,269,14,52,71,63,4,10260,27,54,70,78,79
20150118 19:23,269,13,259,12,268,17,52,71,63,4,10260,27,54,70,78,79
20150118 19:24,265,13,261,12,263,17,52,71,63,4,10260,26,54,69,78,79
20150118 19:25,258,13,261,12,254,16,52,72,64,6,10261,26,54,69,78,79
20150118 19:26,254,12,261,12,253,14,52,72,64,6,10261,25,53,69,78,79
20150118 19:27,250,11,260,12,246,13,52,72,64,6,10261,25,53,69,77,79
20150118 19:28,244,12,259,12,242,14,52,72,64,6,10261,24,53,69,77,78
20150118 19:29,245,12,258,12,248,15,51,72,63,5,10261,24,53,69,77,78
20150118 19:30,247,12,256,12,245,15,51,72,63,5,10261,23,53,69,77,78
20150118 19:31,245,12,253,12,245,14,51,72,63,5,10261,23,53,69,77,78
20150118 19:32,245,12,251,12,244,14,50,72,63,4,10262,22,53,69,77,78
20150118 19:33,244,11,248,12,245,13,50,72,63,4,10262,22,53,69,77,78
20150118 19:34,245,10,247,11,245,11,50,72,63,4,10262,21,53,68,77,78
20150118 19:35,247,10,246,11,249,12,50,72,63,4,10261,21,52,68,77,78
20150118 19:36,249,9,246,11,250,10,49,73,63,5,10262,21,52,68,77,78
20150118 19:37,249,9,246,11,249,11,49,73,63,5,10262,20,52,68,77,78
20150118 19:38,251,10,247,10,252,11,48,74,64,6,10262,20,52,68,77,78
20150118 19:39,251,10,247,10,249,13,48,74,64,6,10262,19,52,68,77,78
20150118 19:40,252,11,248,10,254,14,48,74,64,6,10262,19,52,68,77,78
20150118 19:41,254,12,249,10,254,15,47,74,63,5,10262,19,52,68,77,78
20150118 19:42,254,13,250,11,254,15,47,75,64,7,10262,19,51,68,77,78
20150118 19:43,254,13,251,11,254,15,46,75,64,6,10262,19,51,68,77,78
20150118 19:44,254,14,252,11,254,17,46,75,64,6,10262,19,51,67,77,78
20150118 19:45,251,14,252,12,249,16,45,76,64,6,10262,18,51,67,77,78
20150118 19:46,247,16,251,13,245,18,45,76,64,6,10262,18,51,67,76,78
20150118 19:47,245,17,251,14,246,20,45,76,64,6,10262,18,50,67,76,78
20150118 19:48,246,18,251,15,247,21,45,76,64,6,10263,18,50,67,76,78
20150118 19:49,248,17,251,15,249,17,45,77,65,8,10263,18,50,67,76,78
20150118 19:50,248,14,250,15,248,14,45,76,64,6,10263,18,50,67,76,78
20150118 19:51,247,12,249,15,246,13,44,76,64,5,10263,18,50,67,76,78
20150118 19:52,246,10,248,15,245,11,44,76,64,5,10263,17,50,67,76,78
20150118 19:53,247,10,248,14,250,11,44,76,64,5,10263,17,49,67,76,78
20150118 19:54,251,9,248,14,252,9,43,76,63,4,10263,17,49,66,76,78
20150118 19:55,251,8,248,13,249,10,43,77,64,6,10263,17,49,66,76,78
20150118 19:56,245,9,247,12,240,10,43,77,64,6,10263,16,49,66,76,78
20150118 19:57,241,10,247,12,241,13,42,78,64,7,10263,16,49,66,76,78
20150118 19:58,241,12,246,11,241,13,42,78,64,7,10264,16,49,66,76,78
20150118 19:59,241,13,245,11,241,16,42,78,64,7,10264,16,49,66,76,78
20150118 20:00,243,15,245,11,245,17,42,79,65,9,10264,16,48,66,76,78
