time_now,wd_avg_2mins,ws_avg_2mins,wd_avg_10mins,ws_avg_10mins,wd_maxsp_this_min,ws_maxsp_this_min,air_temp_by_box,relative_humidity,water_vapor_pressure,dew_temp,station_pressure,ground_temp_pt,ground_tem_5cm,ground_tem_10cm,ground_tem_15cm,ground_tem_20cm
20151208 20:01,44,12,46,11,43,15,65,90,87,50,10318,50,75,95,103,104
20151208 20:02,43,11,45,11,43,12,65,90,87,50,10318,50,75,95,103,104
20151208 20:03,45,11,45,11,47,13,65,90,87,50,10318,50,75,95,102,104
20151208 20:04,47,11,44,11,46,12,65,90,87,50,10318,49,75,95,102,104
20151208 20:05,46,10,44,11,46,12,64,90,86,49,10318,49,75,95,102,104
20151208 20:06,45,10,45,11,45,12,64,90,86,49,10318,49,75,95,102,104
20151208 20:07,43,11,45,11,42,16,64,90,86,49,10318,49,75,95,102,104
20151208 20:08,42,11,44,11,42,12,64,91,87,50,10318,49,75,95,102,104
20151208 20:09,41,10,44,11,40,12,63,91,87,49,10318,49,75,95,102,104
20151208 20:10,40,11,43,11,41,12,63,91,87,49,10318,49,74,95,102,104
20151208 20:11,40,11,43,11,39,11,63,91,87,49,10318,49,74,94,102,104
20151208 20:12,38,10,43,11,38,11,63,92,88,51,10319,49,74,94,102,104
20151208 20:13,35,11,41,11,32,11,63,92,88,51,10319,49,74,94,102,103
20151208 20:14,32,11,40,11,32,12,63,92,88,51,10319,49,74,94,102,103
20151208 20:15,30,11,38,11,28,12,63,92,88,51,10319,49,74,94,102,104
20151208 20:16,28,11,36,11,28,12,62,92,87,50,10319,49,74,94,102,103
20151208 20:17,28,11,35,11,29,13,62,92,87,50,10319,49,74,94,102,103
20151208 20:18,30,11,34,11,31,13,62,92,87,50,10319,50,74,94,102,103
20151208 20:19,30,12,33,11,29,13,62,92,87,50,10319,50,73,94,102,103
20151208 20:20,29,12,32,11,30,16,62,92,87,50,10320,50,73,94,102,103
20151208 20:21,29,13,31,11,29,15,62,92,87,50,10320,50,73,94,102,103
20151208 20:22,30,12,30,12,31,13,61,92,87,49,10320,50,73,93,102,103
20151208 20:23,31,12,30,12,31,14,61,92,87,49,10320,50,73,93,102,103
20151208 20:24,32,11,30,12,32,12,61,92,87,49,10320,50,73,93,101,103
20151208 20:25,29,10,30,12,27,11,61,92,87,49,10320,51,73,93,101,103
20151208 20:26,27,10,30,12,28,12,61,92,87,49,10320,51,73,93,101,103
20151208 20:27,27,10,29,11,26,10,61,93,88,51,10320,51,73,93,101,103
20151208 20:28,28,10,29,11,30,14,61,93,88,51,10320,51,73,93,101,103
20151208 20:29,29,10,29,11,29,14,61,93,88,51,10320,51,73,93,101,103
20151208 20:30,25,11,29,11,22,14,61,93,88,51,10321,50,72,93,101,103
20151208 20:31,24,12,28,11,27,14,61,93,88,51,10321,50,72,93,101,103
20151208 20:32,28,12,28,11,30,15,61,94,88,52,10321,50,72,93,101,103
20151208 20:33,28,13,28,11,25,16,62,94,89,53,10321,50,72,93,101,103
20151208 20:34,29,14,28,11,34,17,62,94,89,53,10321,50,72,92,101,103
20151208 20:35,33,14,28,12,32,18,63,94,90,54,10321,50,72,92,101,103
20151208 20:36,34,14,29,12,36,16,63,94,90,54,10321,49,72,92,101,103
20151208 20:37,36,13,30,13,36,16,64,94,90,55,10321,49,72,92,101,103
20151208 20:38,37,14,31,13,37,17,64,94,90,55,10321,49,72,92,101,103
20151208 20:39,37,14,32,13,37,17,65,93,90,55,10321,49,72,92,101,103
20151208 20:40,35,15,33,14,32,19,65,93,90,55,10321,48,72,92,101,103
20151208 20:41,34,15,33,14,35,18,65,93,90,55,10321,48,72,92,101,103
20151208 20:42,36,16,34,14,37,19,65,93,90,55,10321,48,72,92,101,103
20151208 20:43,38,17,35,15,38,21,66,93,91,56,10321,48,72,92,100,103
20151208 20:44,40,16,36,15,42,19,66,92,90,54,10321,47,71,92,100,103
20151208 20:45,41,15,37,15,40,18,67,92,90,55,10321,47,71,92,100,103
20151208 20:46,42,16,38,15,44,20,67,92,90,55,10321,47,71,91,100,103
20151208 20:47,42,16,38,15,40,19,68,91,90,54,10321,47,71,91,100,103
20151208 20:48,40,15,39,15,40,17,68,91,90,54,10321,46,71,91,100,103
20151208 20:49,41,14,39,15,41,18,68,91,90,54,10321,46,71,91,100,103
20151208 20:50,45,14,41,15,49,17,68,90,89,53,10321,46,71,91,100,103
20151208 20:51,49,15,42,15,49,17,69,90,89,54,10321,46,71,91,100,103
20151208 20:52,49,15,43,15,50,19,69,90,89,54,10321,45,71,91,100,103
20151208 20:53,49,17,44,15,49,22,69,89,88,52,10322,45,71,91,100,103
20151208 20:54,48,17,45,15,48,17,69,89,88,52,10322,45,71,91,100,103
20151208 20:55,46,15,45,15,44,19,69,89,88,52,10322,45,70,91,100,103
20151208 20:56,44,14,45,15,43,16,69,89,88,52,10322,45,70,91,100,103
20151208 20:57,42,14,46,15,42,18,69,89,88,52,10322,44,70,91,100,103
20151208 20:58,43,14,46,15,45,18,69,89,88,52,10322,44,70,91,100,103
20151208 20:59,45,13,47,15,46,15,69,89,88,52,10322,44,70,90,100,103
20151208 21:00,46,12,46,14,46,16,69,88,88,51,10322,44,70,90,100,103
20151208 21:01,46,12,46,14,46,16,69,88,88,51,10322,43,70,90,100,103
20151208 21:02,43,12,45,14,40,15,69,88,88,51,10322,43,70,90,100,103
20151208 21:03,40,13,44,13,39,16,69,88,88,51,10322,43,70,90,100,103
20151208 21:04,41,14,43,13,43,18,69,88,88,51,10322,43,69,90,99,103
20151208 21:05,40,15,43,13,37,20,69,88,88,51,10323,43,69,90,99,103
20151208 21:06,37,14,42,13,36,18,69,88,88,51,10323,42,69,90,99,103
20151208 21:07,37,13,42,13,37,18,69,88,88,51,10323,42,69,90,99,103
20151208 21:08,40,13,41,13,43,15,70,88,88,52,10322,42,69,90,99,103
20151208 21:09,41,13,41,13,40,16,70,88,88,52,10322,42,69,90,99,103
20151208 21:10,39,14,40,13,38,18,70,88,88,52,10322,42,69,90,99,102
20151208 21:11,37,13,39,13,36,13,69,88,88,51,10322,42,69,90,99,103
20151208 21:12,36,11,38,13,36,13,69,88,88,51,10323,41,68,90,99,103
20151208 21:13,36,10,38,13,36,11,69,88,88,51,10323,41,68,89,99,102
20151208 21:14,39,10,38,12,42,12,70,88,88,52,10323,41,68,89,99,102
20151208 21:15,40,10,38,12,37,13,70,88,88,52,10322,41,68,89,99,102
20151208 21:16,40,10,39,12,43,12,70,88,88,52,10322,41,68,89,99,102
20151208 21:17,42,11,39,12,40,14,70,88,88,52,10322,41,68,89,99,102
20151208 21:18,43,13,39,12,46,17,70,88,88,52,10322,40,68,89,99,102
20151208 21:19,46,13,40,12,45,17,70,88,88,52,10322,40,67,89,99,102
20151208 21:20,44,13,40,11,44,15,69,88,88,51,10322,40,67,89,99,102
20151208 21:21,45,12,42,11,47,14,69,88,88,51,10322,40,67,89,99,102
20151208 21:22,46,11,43,11,45,13,69,88,88,51,10322,40,67,89,99,102
20151208 21:23,46,10,44,11,46,13,69,88,88,51,10322,40,67,89,99,102
20151208 21:24,42,10,43,11,37,13,69,88,88,51,10322,39,67,89,99,102
20151208 21:25,39,9,43,11,40,9,69,88,88,51,10322,39,67,89,98,102
20151208 21:26,42,9,44,11,45,11,69,88,88,51,10322,39,67,88,98,102
20151208 21:27,45,10,44,11,45,12,69,88,88,51,10322,39,66,88,98,102
20151208 21:28,44,11,44,11,43,15,69,88,88,51,10322,39,66,88,98,102
20151208 21:29,43,12,44,10,44,13,69,88,88,51,10322,39,66,88,98,102
20151208 21:30,44,11,44,10,45,13,69,88,88,51,10322,38,66,88,98,102
20151208 21:31,45,12,44,11,45,15,69,88,88,51,10322,38,66,88,98,102
20151208 21:32,43,11,43,10,41,12,69,89,88,52,10322,38,66,88,98,102
20151208 21:33,40,10,42,11,39,13,68,89,88,51,10323,38,66,88,98,102
20151208 21:34,40,11,43,11,41,11,68,89,88,51,10323,38,66,88,98,102
20151208 21:35,41,11,43,11,41,12,68,89,88,51,10323,37,65,88,98,102
20151208 21:36,43,12,43,11,44,15,68,89,88,51,10323,37,65,88,98,102
20151208 21:37,47,13,43,11,49,14,68,89,88,51,10323,37,65,88,98,102
20151208 21:38,50,12,44,11,51,13,68,89,88,51,10323,37,65,88,98,102
20151208 21:39,49,11,44,11,46,13,67,89,87,50,10323,37,65,88,98,102
20151208 21:40,44,11,44,11,41,13,67,89,87,50,10323,37,65,87,98,102
20151208 21:41,42,11,43,11,42,12,67,89,87,50,10323,37,65,87,98,102
20151208 21:42,41,11,43,11,40,11,66,89,87,49,10323,36,65,87,98,102
20151208 21:43,37,11,43,11,35,14,66,89,87,49,10323,36,64,87,98,102
20151208 21:44,35,12,42,12,35,13,65,89,86,48,10323,36,64,87,98,102
20151208 21:45,35,12,42,12,36,13,65,89,86,48,10323,36,64,87,97,102
20151208 21:46,36,12,41,12,37,13,65,89,86,48,10323,36,64,87,97,102
20151208 21:47,36,11,40,11,35,12,64,89,86,47,10323,36,64,87,97,102
20151208 21:48,35,11,38,12,34,14,64,90,86,49,10323,36,64,87,97,102
20151208 21:49,36,12,37,11,37,13,63,90,86,48,10323,36,64,87,97,102
20151208 21:50,36,12,37,12,36,13,63,90,86,48,10323,36,64,87,97,102
20151208 21:51,38,13,36,12,40,15,63,90,86,48,10323,35,63,87,97,102
20151208 21:52,39,13,36,12,38,14,63,90,86,48,10323,35,63,86,97,102
20151208 21:53,38,12,37,12,38,16,63,91,87,49,10323,35,63,86,97,102
20151208 21:54,37,11,37,12,37,12,63,91,87,49,10323,35,63,86,97,102
20151208 21:55,35,11,37,12,34,14,62,91,86,48,10323,35,63,86,97,102
20151208 21:56,32,10,36,11,31,11,62,91,86,48,10323,35,63,86,97,102
20151208 21:57,31,10,36,11,31,13,61,91,86,47,10323,35,63,86,97,101
20151208 21:58,31,12,35,11,30,14,61,91,86,47,10323,34,63,86,97,101
20151208 21:59,28,12,34,11,26,13,61,91,86,47,10323,34,63,86,97,101
20151208 22:00,25,12,33,11,23,15,61,91,86,47,10323,34,62,86,97,101
20151208 22:01,22,12,31,11,21,15,60,91,85,46,10323,34,62,86,97,101
20151208 22:02,24,12,30,11,26,15,60,91,85,46,10323,34,62,86,97,101
20151208 22:03,27,13,29,12,28,18,60,91,85,46,10323,34,62,86,97,101
20151208 22:04,28,14,28,12,29,17,60,91,85,46,10323,34,62,85,97,101
20151208 22:05,29,14,27,12,28,19,59,91,84,45,10323,33,62,85,97,101
20151208 22:06,25,15,26,13,21,20,59,91,84,45,10323,33,62,85,97,101
20151208 22:07,23,16,26,14,25,24,59,91,84,45,10323,33,62,85,96,101
20151208 22:08,25,16,25,14,25,22,59,92,85,47,10323,33,61,85,96,101
20151208 22:09,25,16,25,14,25,20,58,92,85,46,10323,33,61,85,96,101
20151208 22:10,26,16,25,15,26,19,59,92,85,47,10323,33,61,85,96,101
20151208 22:11,26,16,26,15,26,20,59,92,85,47,10323,33,61,85,96,101
20151208 22:12,24,16,26,15,23,20,59,92,85,47,10323,33,61,85,96,101
20151208 22:13,24,15,25,15,25,20,60,92,86,48,10323,33,61,85,96,101
20151208 22:14,26,15,25,16,27,19,60,92,86,48,10324,33,61,85,96,101
20151208 22:15,27,15,25,16,28,20,60,92,86,48,10324,33,61,85,96,101
20151208 22:16,23,14,25,15,19,18,60,92,86,48,10323,33,61,85,96,101
20151208 22:17,20,15,25,15,21,20,61,91,86,47,10323,32,60,85,96,101
20151208 22:18,22,15,24,15,23,18,61,91,86,47,10323,32,60,84,96,101
20151208 22:19,24,16,24,15,25,23,62,91,86,48,10323,32,60,84,96,101
20151208 22:20,22,18,24,16,19,23,62,91,86,48,10323,32,60,84,96,101
20151208 22:21,23,18,24,16,26,21,62,91,86,48,10323,32,60,84,96,101
20151208 22:22,29,18,24,16,31,21,63,90,86,48,10323,32,60,84,96,101
20151208 22:23,30,17,25,16,29,25,63,90,86,48,10322,32,60,84,96,101
20151208 22:24,30,17,25,17,30,26,63,90,86,48,10322,32,60,84,96,101
20151208 22:25,29,17,25,17,28,19,64,90,86,49,10322,32,60,84,96,101
20151208 22:26,27,15,26,17,27,18,64,89,86,47,10322,32,59,84,96,101
20151208 22:27,28,15,27,17,29,21,64,89,86,47,10322,32,59,84,96,101
20151208 22:28,30,15,28,17,31,17,64,89,86,47,10322,32,59,84,95,101
20151208 22:29,29,15,28,17,26,23,64,89,86,47,10322,32,59,84,95,101
20151208 22:30,27,15,29,16,29,17,64,89,86,47,10322,32,59,84,95,101
20151208 22:31,28,16,29,16,26,21,64,89,86,47,10322,32,59,83,95,101
20151208 22:32,26,16,28,16,26,19,64,89,86,47,10322,32,59,83,95,101
20151208 22:33,27,14,28,16,28,19,65,89,86,48,10322,32,59,83,95,101
20151208 22:34,28,13,28,15,27,16,65,88,85,47,10322,31,59,83,95,101
20151208 22:35,28,13,28,15,29,16,65,88,85,47,10322,31,59,83,95,101
20151208 22:36,30,15,28,15,31,22,65,88,85,47,10322,31,59,83,95,101
20151208 22:37,30,16,28,15,30,19,65,88,85,47,10322,31,58,83,95,101
20151208 22:38,29,15,28,15,29,17,65,88,85,47,10322,31,58,83,95,101
20151208 22:39,28,15,28,15,28,19,65,88,85,47,10322,31,58,83,95,101
20151208 22:40,29,15,28,15,30,17,65,88,85,47,10321,31,58,83,95,101
20151208 22:41,32,15,29,15,35,18,65,88,85,47,10321,31,58,83,95,100
20151208 22:42,34,15,30,15,33,16,65,88,85,47,10321,31,58,83,95,100
20151208 22:43,35,14,31,15,37,18,65,88,85,47,10321,31,58,83,95,100
20151208 22:44,35,14,32,15,34,17,65,88,85,47,10321,31,58,82,95,100
20151208 22:45,35,14,32,15,36,17,65,88,85,47,10321,31,58,82,95,100
20151208 22:46,35,13,33,14,35,14,65,88,85,47,10321,31,58,82,95,100
20151208 22:47,37,12,34,14,39,13,65,88,85,47,10321,30,57,82,95,100
20151208 22:48,40,12,35,14,40,15,65,88,85,47,10320,30,57,82,95,100
20151208 22:49,43,13,36,14,45,15,65,88,85,47,10320,30,57,82,94,100
20151208 22:50,43,14,37,14,41,22,65,88,85,47,10320,30,57,82,94,100
20151208 22:51,42,14,38,13,42,15,65,88,85,47,10320,30,57,82,94,100
20151208 22:52,41,13,39,13,40,15,65,88,85,47,10320,30,57,82,94,100
20151208 22:53,39,13,39,13,38,15,65,88,85,47,10320,30,57,82,94,100
20151208 22:54,36,13,39,13,34,16,64,88,85,46,10320,30,57,82,94,100
20151208 22:55,35,14,39,13,35,15,64,88,85,46,10320,30,57,82,94,100
20151208 22:56,36,13,39,13,37,15,64,88,85,46,10320,30,57,82,94,100
20151208 22:57,37,13,39,13,37,15,64,88,85,46,10320,29,57,81,94,100
20151208 22:58,38,14,39,13,39,16,64,89,86,47,10320,29,57,81,94,100
20151208 22:59,39,13,38,13,40,13,64,89,86,47,10320,29,57,81,94,100
20151208 23:00,39,11,38,13,38,12,64,89,86,47,10320,29,56,81,94,100
20151208 23:01,41,11,38,13,45,12,64,89,86,47,10321,29,56,81,94,100
20151208 23:02,42,12,38,13,40,16,64,89,86,47,10321,29,56,81,94,100
20151208 23:03,40,11,38,13,40,12,64,89,86,47,10321,29,56,81,94,100
20151208 23:04,41,11,39,12,43,13,64,89,86,47,10321,29,56,81,94,100
20151208 23:05,43,11,40,12,43,12,64,89,86,47,10321,29,56,81,94,100
20151208 23:06,40,11,40,12,37,12,63,89,85,46,10321,29,56,81,94,100
20151208 23:07,39,11,41,11,42,12,63,89,85,46,10321,28,56,81,94,100
20151208 23:08,40,10,41,11,39,12,63,89,85,46,10321,28,56,81,93,100
20151208 23:09,38,10,40,11,36,11,62,89,84,45,10321,28,56,81,93,100
20151208 23:10,37,10,40,11,39,12,61,89,84,44,10321,28,56,81,93,100
20151208 23:11,40,9,40,11,41,10,61,89,84,44,10321,28,55,80,93,100
20151208 23:12,41,9,40,10,42,10,60,89,83,43,10321,28,55,80,93,100
20151208 23:13,42,9,41,10,43,11,59,89,83,42,10321,28,55,80,93,100
20151208 23:14,40,10,40,10,38,11,59,89,83,42,10321,28,55,80,93,100
20151208 23:15,38,9,39,10,38,10,59,90,84,44,10321,28,55,80,93,100
20151208 23:16,38,9,40,10,38,11,58,90,83,43,10321,28,55,80,93,100
20151208 23:17,37,9,39,10,36,11,57,90,82,42,10321,27,55,80,93,99
20151208 23:18,35,9,39,10,35,12,57,90,82,42,10321,27,55,80,93,99
20151208 23:19,35,10,39,10,36,13,57,90,82,42,10321,27,55,80,93,99
20151208 23:20,36,11,38,10,37,12,56,91,83,42,10321,27,55,80,93,99
20151208 23:21,36,11,38,10,35,13,56,91,83,42,10320,27,55,80,93,99
20151208 23:22,35,11,37,10,36,12,56,91,83,42,10320,27,54,80,93,99
20151208 23:23,35,11,36,10,34,13,55,91,82,41,10320,27,54,80,93,99
20151208 23:24,33,11,36,10,32,12,55,92,83,43,10320,27,54,80,93,99
20151208 23:25,30,11,35,11,27,13,55,92,83,43,10321,27,54,79,93,99
20151208 23:26,27,12,33,11,26,14,54,92,82,42,10321,26,54,79,93,99
20151208 23:27,27,12,33,11,28,13,54,92,82,42,10321,26,54,79,93,99
20151208 23:28,29,11,32,11,29,12,53,92,82,41,10321,26,54,79,93,99
20151208 23:29,29,11,31,11,29,12,53,92,82,41,10321,26,54,79,93,99
20151208 23:30,28,11,30,11,26,15,53,93,83,43,10321,26,54,79,92,99
20151208 23:31,26,12,29,11,27,17,52,92,81,40,10321,26,54,79,92,99
20151208 23:32,28,11,29,11,29,12,52,93,82,42,10321,26,54,79,92,99
20151208 23:33,29,12,28,11,29,15,51,93,82,41,10321,26,53,79,92,99
20151208 23:34,27,12,28,12,26,15,51,93,82,41,10321,26,53,79,92,99
20151208 23:35,26,12,28,12,26,16,50,92,80,38,10320,26,53,79,92,99
20151208 23:36,25,13,27,12,24,19,50,93,81,40,10320,25,53,79,92,99
20151208 23:37,27,14,27,12,29,18,50,93,81,40,10320,25,53,79,92,99
20151208 23:38,28,13,27,12,27,15,49,93,81,39,10320,25,53,79,92,99
20151208 23:39,28,13,27,12,29,16,49,93,81,39,10320,25,53,79,92,99
20151208 23:40,27,14,27,13,25,18,49,93,81,39,10320,25,53,78,92,99
20151208 23:41,26,13,27,13,27,13,48,93,80,38,10320,25,53,78,92,99
20151208 23:42,27,12,27,13,28,16,48,93,80,38,10320,25,53,78,92,99
20151208 23:43,30,12,27,13,32,13,48,93,80,38,10320,25,53,78,92,99
20151208 23:44,33,11,28,13,34,14,48,93,80,38,10320,25,53,78,92,99
20151208 23:45,35,12,29,13,36,15,48,94,81,39,10320,25,52,78,92,99
20151208 23:46,34,12,30,12,32,14,48,94,81,39,10320,25,52,78,92,99
20151208 23:47,32,12,30,12,32,15,49,94,81,40,10320,25,52,78,92,99
20151208 23:48,33,13,31,12,33,17,49,94,81,40,10320,25,52,78,92,99
20151208 23:49,32,13,31,12,31,13,49,94,81,40,10320,24,52,78,92,99
20151208 23:50,31,12,32,12,32,14,49,95,82,42,10320,24,52,78,91,99
20151208 23:51,33,11,32,12,34,12,49,95,82,42,10319,24,52,78,91,99
20151208 23:52,33,10,33,12,33,11,49,95,82,42,10319,24,52,78,91,99
20151208 23:53,34,10,33,11,36,12,49,95,82,42,10319,24,52,78,91,99
20151208 23:54,33,10,33,11,30,14,49,95,82,42,10319,24,52,77,91,99
20151208 23:55,29,11,32,11,29,14,49,95,82,42,10319,24,52,77,91,98
20151208 23:56,30,11,32,11,31,12,49,95,82,42,10319,24,51,77,91,98
20151208 23:57,32,11,32,11,32,13,49,95,82,42,10319,24,51,77,91,98
20151208 23:58,32,11,32,11,32,13,49,95,82,42,10319,24,51,77,91,98
20151208 23:59,33,11,32,11,33,15,49,95,82,42,10319,24,51,77,91,98
20151208 00:00,35,11,33,11,36,16,48,95,82,41,10320,24,51,77,91,98
20151208 00:01,35,11,32,11,33,12,49,95,82,42,10320,24,51,77,91,98
20151208 00:02,34,9,33,11,36,11,48,95,82,41,10320,23,51,77,91,98
20151208 00:03,35,9,33,11,35,13,48,95,82,41,10320,23,51,77,91,98
20151208 00:04,37,9,33,10,38,12,47,95,81,40,10320,23,51,77,91,98
20151208 00:05,38,8,34,10,37,10,48,95,82,41,10319,23,51,77,91,98
20151208 00:06,36,9,35,10,35,11,48,95,82,41,10319,23,51,77,91,98
20151208 00:07,35,10,35,10,34,11,48,95,82,41,10319,23,51,77,91,98
20151208 00:08,34,9,35,10,34,11,48,95,82,41,10319,23,51,77,91,98
20151208 00:09,32,10,35,10,30,12,47,95,81,40,10319,23,50,76,91,98
20151208 00:10,30,11,34,10,30,14,47,95,81,40,10319,23,50,76,91,98
20151208 00:11,30,12,34,10,29,16,47,95,81,40,10319,23,50,76,90,98
20151208 00:12,28,13,33,10,27,14,47,95,81,40,10319,23,50,76,90,98
20151208 00:13,28,13,32,11,29,16,47,95,81,40,10319,23,50,76,90,98
20151208 00:14,30,13,32,11,31,15,47,95,81,40,10319,22,50,76,90,98
20151208 00:15,30,13,31,12,29,15,46,95,81,39,10319,22,50,76,90,98
20151208 00:16,28,13,30,12,27,15,46,95,81,39,10319,22,50,76,90,98
20151208 00:17,25,13,29,12,23,18,46,95,81,39,10319,22,50,76,90,98
20151208 00:18,24,15,28,13,25,17,46,95,81,39,10319,22,50,76,90,98
20151208 00:19,25,15,28,13,25,18,45,95,80,38,10319,22,50,76,90,98
20151208 00:20,26,15,27,14,28,18,45,95,80,38,10319,22,50,76,90,98
20151208 00:21,27,15,27,14,26,18,46,95,81,39,10319,22,50,76,90,98
20151208 00:22,24,15,27,14,23,20,46,96,81,40,10319,22,49,76,90,98
20151208 00:23,24,14,26,14,25,16,46,96,81,40,10319,22,49,76,90,98
20151208 00:24,25,14,26,14,25,20,45,96,81,39,10319,22,49,75,90,98
20151208 00:25,28,13,26,14,31,18,46,96,81,40,10319,22,49,76,90,98
20151208 00:26,30,13,26,14,29,17,46,96,81,40,10319,22,49,75,90,98
20151208 00:27,30,12,27,14,31,13,46,96,81,40,10319,22,49,75,90,98
20151208 00:28,30,11,27,14,28,13,46,96,81,40,10319,22,49,75,90,98
20151208 00:29,30,11,28,13,32,13,46,96,81,40,10319,22,49,75,90,97
20151208 00:30,29,13,28,13,26,18,47,96,82,41,10319,22,49,75,90,98
20151208 00:31,28,15,28,13,30,18,46,96,81,40,10319,21,49,75,90,97
20151208 00:32,29,13,29,13,28,12,47,96,82,41,10319,21,49,75,89,97
20151208 00:33,31,12,29,13,33,15,47,96,82,41,10319,21,49,75,89,97
20151208 00:34,33,12,30,12,32,13,48,96,83,42,10319,21,49,75,89,97
20151208 00:35,32,12,30,12,32,19,48,96,83,42,10319,21,48,75,89,97
20151208 00:36,33,13,31,12,35,16,49,96,83,43,10319,21,48,75,89,97
20151208 00:37,35,13,31,12,35,17,49,96,83,43,10318,21,48,75,89,97
20151208 00:38,34,12,32,12,32,12,50,96,84,44,10318,21,48,75,89,97
20151208 00:39,33,11,32,12,35,13,50,96,84,44,10318,21,48,75,89,97
20151208 00:40,36,10,33,12,38,12,50,96,84,44,10318,21,48,74,89,97
20151208 00:41,36,11,33,12,33,13,50,96,84,44,10318,21,48,74,89,97
20151208 00:42,34,12,34,12,36,13,50,96,84,44,10318,21,48,74,89,97
20151208 00:43,33,11,34,12,30,12,50,96,84,44,10318,21,48,74,89,97
20151208 00:44,30,10,34,11,31,11,50,96,84,44,10318,21,48,74,89,97
20151208 00:45,31,9,34,11,32,11,50,96,84,44,10318,21,48,74,89,97
20151208 00:46,29,10,33,11,26,14,51,96,84,45,10318,20,48,74,89,97
20151208 00:47,29,10,33,10,32,13,51,96,84,45,10318,20,48,74,89,97
20151208 00:48,34,10,33,11,36,17,50,96,84,44,10318,20,48,74,89,97
20151208 00:49,33,12,33,11,31,14,50,96,84,44,10318,20,47,74,89,97
20151208 00:50,33,11,32,11,34,12,50,96,84,44,10319,20,47,74,89,97
20151208 00:51,32,11,32,11,29,15,49,95,82,42,10319,20,47,74,89,97
20151208 00:52,28,12,31,11,26,15,49,95,82,42,10319,20,47,74,89,97
20151208 00:53,26,12,30,11,26,15,49,95,82,42,10319,20,47,74,89,97
20151208 00:54,24,13,29,11,22,16,48,95,82,41,10319,20,47,74,88,97
20151208 00:55,24,13,29,12,25,17,48,95,82,41,10319,20,47,74,88,97
20151208 00:56,24,13,28,12,22,18,48,95,82,41,10319,20,47,73,88,97
20151208 00:57,25,14,28,12,28,18,47,95,81,40,10319,20,47,73,88,97
20151208 00:58,27,14,27,13,25,18,47,95,81,40,10320,20,47,73,88,97
20151208 00:59,26,13,26,13,26,19,47,95,81,40,10320,20,47,73,88,97
20151208 01:00,26,15,25,13,25,19,47,95,81,40,10320,19,47,73,88,97
20151208 01:01,24,15,25,13,23,18,47,95,81,40,10320,19,47,73,88,97
20151208 01:02,25,14,25,14,28,21,47,95,81,40,10320,19,47,73,88,96
20151208 01:03,25,15,25,14,23,18,48,95,82,41,10320,19,46,73,88,97
20151208 01:04,28,14,26,14,33,17,48,96,83,42,10320,19,46,73,88,96
20151208 01:05,30,14,26,14,27,19,48,96,83,42,10320,19,46,73,88,96
20151208 01:06,28,14,27,14,29,14,48,96,83,42,10320,19,46,73,88,96
20151208 01:07,29,13,27,14,28,17,49,96,83,43,10320,19,46,73,88,96
20151208 01:08,30,13,27,14,31,17,49,96,83,43,10320,19,46,73,88,96
20151208 01:09,32,14,28,14,32,18,49,96,83,43,10320,19,46,73,88,96
20151208 01:10,32,14,29,14,32,18,49,96,83,43,10320,19,46,73,88,96
20151208 01:11,30,13,29,14,29,18,49,96,83,43,10320,19,46,73,88,96
20151208 01:12,28,13,29,14,28,18,50,96,84,44,10319,19,46,72,88,96
20151208 01:13,27,13,29,13,26,17,50,96,84,44,10319,19,46,72,88,96
20151208 01:14,27,14,29,14,28,21,50,96,84,44,10319,19,46,72,88,96
20151208 01:15,27,16,29,14,26,22,50,96,84,44,10319,19,46,72,88,96
20151208 01:16,29,14,29,14,32,15,50,96,84,44,10319,19,46,72,87,96
20151208 01:17,33,12,30,14,33,18,51,96,84,45,10319,19,45,72,87,96
20151208 01:18,30,12,29,14,28,15,51,96,84,45,10319,19,45,72,87,96
20151208 01:19,29,12,29,13,31,16,52,96,85,46,10319,19,45,72,87,96
20151208 01:20,31,12,29,13,31,15,52,96,85,46,10319,18,45,72,87,96
20151208 01:21,31,11,30,13,32,12,52,96,85,46,10319,18,45,72,87,96
20151208 01:22,32,12,30,13,31,20,53,96,85,47,10319,18,45,72,87,96
20151208 01:23,29,14,30,13,27,19,53,96,85,47,10319,18,45,72,87,96
20151208 01:24,28,14,30,13,29,17,53,96,85,47,10319,18,45,72,87,96
20151208 01:25,29,13,30,13,28,19,53,96,85,47,10319,18,45,72,87,96
20151208 01:26,27,14,30,13,27,17,52,96,85,46,10319,18,45,72,87,96
20151208 01:27,28,13,29,13,30,15,52,95,84,45,10319,18,45,72,87,96
20151208 01:28,26,12,29,13,22,16,52,95,84,45,10319,18,45,72,87,96
20151208 01:29,26,12,29,13,31,15,52,95,84,45,10319,18,45,72,87,96
20151208 01:30,28,11,28,12,26,13,53,95,85,46,10319,18,45,71,87,96
20151208 01:31,26,12,28,13,26,17,52,95,84,45,10319,18,45,71,87,96
20151208 01:32,27,13,27,13,27,16,52,95,84,45,10319,18,45,71,87,96
20151208 01:33,25,13,27,12,24,15,51,95,83,44,10319,18,44,71,87,96
20151208 01:34,25,13,27,12,26,18,51,95,83,44,10319,18,44,71,87,96
20151208 01:35,24,14,26,13,22,19,50,95,83,43,10318,18,44,71,87,96
20151208 01:36,22,15,25,13,21,19,50,95,83,43,10318,18,44,71,87,96
20151208 01:37,22,17,25,13,23,23,49,95,82,42,10318,18,44,71,87,96
20151208 01:38,22,16,25,14,21,19,49,95,82,42,10318,18,44,71,86,95
20151208 01:39,21,15,24,14,21,21,49,95,82,42,10318,17,44,71,86,95
20151208 01:40,20,16,23,15,18,24,50,95,83,43,10318,17,44,71,86,95
20151208 01:41,21,15,23,15,23,18,50,95,83,43,10318,17,44,71,86,95
20151208 01:42,22,14,22,15,21,19,50,95,83,43,10318,17,44,71,86,95
20151208 01:43,23,16,22,15,25,22,50,95,83,43,10318,17,44,71,86,95
20151208 01:44,25,15,22,15,25,19,50,95,83,43,10318,17,44,71,86,95
20151208 01:45,27,14,23,15,29,19,50,95,83,43,10318,17,44,71,86,95
20151208 01:46,25,14,23,15,22,17,50,95,83,43,10318,17,44,70,86,95
20151208 01:47,25,14,23,15,28,18,50,95,83,43,10318,17,44,70,86,95
20151208 01:48,26,14,24,15,24,15,50,95,83,43,10318,17,44,70,86,95
20151208 01:49,27,14,25,15,31,18,50,95,83,43,10318,17,44,70,86,95
20151208 01:50,30,14,26,14,28,15,51,95,83,44,10318,17,43,70,86,95
20151208 01:51,28,14,26,14,28,18,50,95,83,43,10318,17,43,70,86,95
20151208 01:52,26,13,26,14,24,16,50,95,83,43,10318,17,43,70,86,95
20151208 01:53,26,13,27,14,29,19,51,95,83,44,10318,17,43,70,86,95
20151208 01:54,27,13,27,14,26,15,51,95,83,44,10318,17,43,70,86,95
20151208 01:55,27,11,27,13,28,13,51,95,83,44,10318,17,43,70,86,95
20151208 01:56,28,9,28,13,29,13,51,95,83,44,10318,17,43,70,86,95
20151208 01:57,26,11,27,13,23,18,50,95,83,43,10317,17,43,70,86,95
20151208 01:58,24,15,27,13,26,19,50,95,83,43,10317,17,43,70,86,95
20151208 01:59,26,13,27,13,26,14,51,95,83,44,10317,16,43,70,86,95
20151208 02:00,23,13,26,13,19,19,50,95,83,43,10317,16,43,70,85,95
20151208 02:01,22,15,26,13,26,20,50,95,83,43,10317,16,43,70,85,95
20151208 02:02,24,16,26,13,23,20,50,95,83,43,10317,16,43,70,85,95
20151208 02:03,24,16,25,14,26,23,51,95,83,44,10317,16,43,70,85,95
20151208 02:04,27,17,25,14,28,22,51,95,83,44,10316,16,43,70,85,95
20151208 02:05,27,17,25,15,26,22,51,95,83,44,10316,16,43,69,85,95
20151208 02:06,27,15,25,15,27,21,51,95,83,44,10316,16,43,69,85,95
20151208 02:07,26,16,25,16,24,22,52,96,85,46,10316,16,42,69,85,95
20151208 02:08,25,17,25,16,26,19,52,96,85,46,10316,17,42,69,85,95
20151208 02:09,23,18,25,16,21,21,52,95,84,45,10316,16,42,69,85,95
20151208 02:10,20,19,25,17,18,24,52,95,84,45,10316,16,42,69,85,94
20151208 02:11,23,16,25,16,28,16,53,95,85,46,10316,17,42,69,85,94
20151208 02:12,28,15,25,17,27,21,53,95,85,46,10316,17,42,69,85,94
20151208 02:13,29,16,26,17,30,21,53,95,85,46,10316,17,42,69,85,94
20151208 02:14,29,16,26,17,28,21,53,95,85,46,10316,17,42,69,85,94
20151208 02:15,26,18,25,17,24,25,53,95,85,46,10316,17,42,69,85,94
20151208 02:16,25,19,25,17,26,22,54,95,85,47,10316,17,42,69,85,94
20151208 02:17,26,19,26,18,27,27,54,95,85,47,10316,17,42,69,85,94
20151208 02:18,27,18,26,18,27,22,54,95,85,47,10316,17,42,69,85,94
20151208 02:19,26,18,26,18,25,24,55,95,86,48,10315,17,42,69,85,94
20151208 02:20,25,18,27,17,24,23,55,95,86,48,10315,17,42,69,85,94
20151208 02:21,25,18,26,18,26,24,55,94,85,46,10315,17,42,69,85,94
20151208 02:22,25,18,26,18,25,25,55,94,85,46,10315,17,42,68,84,94
20151208 02:23,26,17,26,18,27,23,56,94,85,47,10315,16,42,68,84,94
20151208 02:24,25,16,25,18,22,21,56,94,85,47,10315,16,42,68,84,94
20151208 02:25,25,18,26,18,28,25,56,94,85,47,10315,16,42,68,84,94
20151208 02:26,28,20,26,18,27,25,56,94,85,47,10315,16,42,68,84,94
20151208 02:27,26,20,26,18,25,24,56,94,85,47,10315,16,41,68,84,94
20151208 02:28,24,19,25,18,23,22,57,94,86,48,10315,17,41,68,84,94
20151208 02:29,24,19,25,18,24,21,58,94,87,49,10314,17,41,68,84,94
20151208 02:30,25,19,25,19,26,27,58,93,86,48,10314,17,41,68,84,94
20151208 02:31,27,21,25,19,27,29,58,93,86,48,10315,18,41,68,84,94
20151208 02:32,27,19,26,19,27,24,59,93,86,49,10315,18,41,68,84,94
20151208 02:33,27,19,26,19,26,25,59,93,86,49,10315,18,41,68,84,94
20151208 02:34,28,20,26,20,30,24,60,92,86,48,10315,19,41,68,84,94
20151208 02:35,28,19,26,19,27,29,60,92,86,48,10315,19,41,68,84,94
20151208 02:36,25,17,26,19,23,34,60,92,86,48,10315,19,41,68,84,94
20151208 02:37,24,17,26,19,24,23,60,92,86,48,10315,19,41,68,84,94
20151208 02:38,27,16,26,19,30,20,60,92,86,48,10315,19,41,68,84,94
20151208 02:39,27,16,26,18,24,24,60,91,85,46,10314,19,41,68,84,94
20151208 02:40,25,19,26,18,26,30,61,91,86,47,10314,19,41,68,84,94
20151208 02:41,23,22,26,18,20,29,61,91,86,47,10314,19,41,68,84,94
20151208 02:42,21,21,25,19,22,24,61,91,86,47,10314,20,41,67,84,94
20151208 02:43,23,21,25,19,25,31,62,91,86,48,10314,20,41,67,84,93
20151208 02:44,23,20,24,19,22,25,62,91,86,48,10314,20,41,67,84,94
20151208 02:45,22,19,24,19,21,25,62,91,86,48,10314,21,41,67,84,93
20151208 02:46,24,20,24,19,26,25,63,91,87,49,10314,21,41,67,83,93
20151208 02:47,26,20,24,20,26,25,63,90,86,48,10314,21,41,67,83,93
20151208 02:48,24,17,23,20,22,19,63,90,86,48,10314,21,41,67,83,93
20151208 02:49,23,17,23,20,24,30,63,90,86,48,10314,21,41,67,83,93
20151208 02:50,25,20,23,20,25,30,63,90,86,48,10314,21,41,67,83,93
20151208 02:51,29,19,25,19,33,23,63,90,86,48,10314,21,41,67,83,93
20151208 02:52,28,18,25,19,22,29,64,90,86,49,10314,21,41,67,83,93
20151208 02:53,25,17,25,18,28,24,64,90,86,49,10314,22,41,67,83,93
20151208 02:54,28,15,25,18,28,20,65,89,86,48,10314,22,41,67,83,93
20151208 02:55,27,16,26,18,27,19,65,89,86,48,10314,22,41,67,83,93
20151208 02:56,30,16,27,17,32,21,65,89,86,48,10314,21,41,67,83,93
20151208 02:57,34,15,28,17,35,18,64,89,86,47,10314,21,41,67,83,93
20151208 02:58,32,14,28,17,30,21,64,89,86,47,10314,21,41,67,83,93
20151208 02:59,33,14,30,16,36,18,65,89,86,48,10314,20,41,67,83,93
20151208 03:00,33,16,30,16,29,25,64,89,86,47,10314,20,41,67,83,93
20151208 03:01,30,17,30,16,32,20,64,89,86,47,10314,20,41,67,83,93
20151208 03:02,32,17,31,16,31,23,64,89,86,47,10314,20,41,67,83,93
20151208 03:03,32,18,31,16,33,21,64,89,86,47,10314,20,41,66,83,93
20151208 03:04,30,17,31,16,28,21,64,89,86,47,10314,20,41,66,83,93
20151208 03:05,29,17,32,16,31,19,64,89,86,47,10313,20,41,66,83,93
20151208 03:06,32,17,32,16,32,23,63,89,85,46,10313,20,41,66,83,93
20151208 03:07,29,17,31,17,25,21,63,89,85,46,10313,19,41,66,83,93
20151208 03:08,26,17,30,17,26,22,63,89,85,46,10313,19,41,66,83,93
20151208 03:09,26,16,29,17,26,23,63,89,85,46,10313,19,41,66,83,93
20151208 03:10,27,16,29,17,27,21,63,89,85,46,10313,19,41,66,83,93
20151208 03:11,27,17,29,17,28,26,63,89,85,46,10313,19,41,66,82,93
20151208 03:12,26,17,28,17,24,19,63,89,85,46,10313,19,41,66,82,93
20151208 03:13,21,16,27,17,19,25,63,89,85,46,10313,18,41,66,82,93
20151208 03:14,21,15,26,16,23,20,63,89,85,46,10313,18,41,66,82,93
20151208 03:15,24,15,25,16,24,22,63,89,85,46,10313,18,41,66,82,93
20151208 03:16,24,15,25,16,24,20,63,89,85,46,10313,18,41,66,82,92
20151208 03:17,24,15,25,16,25,28,62,89,84,45,10313,18,41,66,82,92
20151208 03:18,23,14,24,15,22,16,63,89,85,46,10313,18,41,66,82,92
20151208 03:19,21,14,24,15,21,20,63,89,85,46,10313,18,41,66,82,92
20151208 03:20,22,14,23,15,23,15,63,89,85,46,10313,18,41,66,82,92
20151208 03:21,24,12,23,14,25,19,63,89,85,46,10313,18,41,66,82,92
20151208 03:22,23,13,23,14,21,21,63,89,85,46,10314,17,41,66,82,92
20151208 03:23,21,13,23,14,21,16,63,89,85,46,10314,17,41,66,82,92
20151208 03:24,18,12,22,13,15,14,63,89,85,46,10314,17,41,66,82,92
20151208 03:25,16,10,21,13,17,13,63,89,85,46,10314,17,41,66,82,92
20151208 03:26,21,9,22,12,25,10,62,89,84,45,10314,17,41,66,82,92
20151208 03:27,20,9,21,12,16,13,62,89,84,45,10314,17,41,66,82,92
20151208 03:28,19,10,21,12,22,12,62,89,84,45,10314,17,41,66,82,92
20151208 03:29,17,11,20,11,13,14,61,88,83,43,10314,16,41,66,82,92
20151208 03:30,18,11,20,11,24,12,61,88,83,43,10314,16,41,65,82,92
20151208 03:31,23,10,20,11,22,14,60,88,82,42,10314,16,41,65,82,92
20151208 03:32,21,11,20,10,21,13,60,89,83,43,10314,16,41,65,82,92
20151208 03:33,19,11,19,10,16,13,60,89,83,43,10314,16,41,65,82,92
20151208 03:34,13,12,19,11,10,18,60,89,83,43,10314,16,41,65,82,92
20151208 03:35,15,12,19,11,19,15,60,89,83,43,10314,16,41,65,82,92
20151208 03:36,18,11,18,11,17,13,59,90,84,44,10314,16,40,65,81,92
20151208 03:37,18,10,18,11,18,12,59,90,84,44,10314,15,40,65,81,92
20151208 03:38,18,11,18,11,18,17,59,90,84,44,10314,15,40,65,81,92
20151208 03:39,20,11,19,11,23,13,59,90,84,44,10314,15,40,65,81,92
20151208 03:40,23,9,19,11,22,10,59,90,84,44,10314,15,40,65,81,92
20151208 03:41,20,9,18,11,18,10,58,90,83,43,10314,15,40,65,81,92
20151208 03:42,19,10,18,11,20,12,58,90,83,43,10314,15,40,65,81,92
20151208 03:43,18,11,18,11,17,14,57,90,82,42,10314,15,40,65,81,92
20151208 03:44,18,11,19,10,19,12,57,90,82,42,10314,15,40,65,81,92
20151208 03:45,16,10,19,10,13,17,57,90,82,42,10314,14,40,65,81,92
20151208 03:46,17,10,19,10,22,12,57,90,82,42,10314,14,40,65,81,92
20151208 03:47,20,9,19,10,17,11,57,90,82,42,10314,14,40,65,81,92
20151208 03:48,13,11,18,10,9,19,56,90,82,41,10314,14,40,65,81,92
20151208 03:49,13,11,17,10,17,11,56,90,82,41,10314,14,40,65,81,92
20151208 03:50,17,11,17,10,17,19,56,90,82,41,10314,14,40,65,81,91
20151208 03:51,14,11,16,10,10,10,55,90,81,40,10314,14,40,65,81,91
20151208 03:52,13,8,16,10,16,11,55,90,81,40,10314,14,40,65,81,91
20151208 03:53,16,9,16,10,15,15,54,90,81,39,10314,14,40,65,81,91
20151208 03:54,19,11,16,10,24,16,54,91,82,41,10314,14,40,65,81,91
20151208 03:55,21,10,17,10,18,11,54,91,82,41,10314,13,39,65,81,91
20151208 03:56,14,9,15,10,9,10,53,91,81,40,10314,13,39,65,81,91
20151208 03:57,11,9,15,10,12,14,53,91,81,40,10314,13,39,64,81,91
20151208 03:58,18,9,16,9,24,9,52,91,80,39,10314,13,39,65,81,91
20151208 03:59,22,7,16,9,20,8,52,91,80,39,10314,13,39,64,81,91
20151208 04:00,21,6,17,9,22,9,52,91,80,39,10314,13,39,64,81,91
20151208 04:01,25,7,19,8,28,12,52,91,80,39,10314,13,39,64,81,91
20151208 04:02,25,8,19,9,22,16,52,92,81,40,10314,13,39,64,81,91
20151208 04:03,25,9,21,8,28,15,52,92,81,40,10314,13,39,64,81,91
20151208 04:04,27,9,21,8,27,12,52,92,81,40,10314,13,39,64,80,91
20151208 04:05,24,9,21,8,20,14,51,92,81,39,10314,13,39,64,80,91
20151208 04:06,22,8,23,8,23,9,51,92,81,39,10314,13,39,64,80,91
20151208 04:07,25,6,24,8,27,8,51,92,81,39,10314,12,39,64,80,91
20151208 04:08,24,7,24,8,21,12,50,92,80,38,10314,12,39,64,80,91
20151208 04:09,22,7,24,8,22,7,50,92,80,38,10314,12,39,64,80,91
20151208 04:10,20,7,24,8,18,11,49,92,80,37,10313,12,38,64,80,91
20151208 04:11,22,10,23,8,26,17,49,92,80,37,10313,12,38,64,80,91
20151208 04:12,27,12,24,8,28,13,49,92,80,37,10313,12,38,64,80,91
20151208 04:13,26,13,24,9,24,17,48,92,79,36,10314,12,38,64,80,91
20151208 04:14,24,14,23,10,24,18,48,92,79,36,10314,12,38,64,80,91
20151208 04:15,25,13,24,10,26,14,48,93,80,38,10314,12,38,64,80,91
20151208 04:16,23,13,24,10,20,20,48,93,80,38,10314,11,38,64,80,91
20151208 04:17,19,13,23,11,17,15,47,93,79,37,10314,11,38,64,80,91
20151208 04:18,20,12,23,12,23,13,47,93,79,37,10314,11,38,64,80,91
20151208 04:19,25,11,23,12,28,13,46,93,79,36,10313,11,38,64,80,91
20151208 04:20,24,11,24,13,20,18,46,93,79,36,10313,11,38,64,80,91
20151208 04:21,19,10,23,12,19,11,46,93,79,36,10313,11,38,64,80,91
20151208 04:22,18,9,22,12,17,11,45,93,78,35,10313,11,38,64,80,91
20151208 04:23,15,8,21,11,13,12,44,93,78,34,10313,11,38,64,80,91
20151208 04:24,15,8,20,11,16,12,44,93,78,34,10313,11,38,63,80,91
20151208 04:25,15,9,19,10,14,12,44,93,78,34,10313,11,37,63,80,91
20151208 04:26,14,10,18,10,14,13,44,93,78,34,10313,11,37,63,80,91
20151208 04:27,16,10,18,10,17,12,44,93,78,34,10313,11,37,63,80,90
20151208 04:28,22,10,18,10,26,12,43,93,77,33,10313,10,37,63,80,90
20151208 04:29,24,10,18,10,22,13,43,93,77,33,10313,10,37,63,80,90
20151208 04:30,20,12,18,10,18,16,43,94,78,34,10313,10,37,63,80,90
20151208 04:31,23,12,18,10,27,16,43,94,78,34,10313,10,37,63,80,90
20151208 04:32,26,11,19,10,24,16,43,94,78,34,10313,10,37,63,80,90
20151208 04:33,24,13,20,11,23,18,42,94,77,33,10313,10,37,63,80,90
20151208 04:34,26,14,21,11,28,16,42,94,77,33,10313,10,37,63,79,90
20151208 04:35,27,15,23,12,26,20,42,94,77,33,10313,10,37,63,80,90
20151208 04:36,26,14,24,12,25,16,41,94,77,32,10313,10,37,63,79,90
20151208 04:37,29,11,25,12,33,15,41,94,77,32,10313,10,37,63,79,90
20151208 04:38,30,12,25,13,28,19,41,94,77,32,10313,10,37,63,79,90
20151208 04:39,29,13,26,13,30,16,40,94,76,31,10313,10,37,63,79,90
20151208 04:40,29,14,27,13,28,17,40,94,76,31,10313,10,37,63,79,90
20151208 04:41,29,14,27,13,30,16,40,94,76,31,10313,9,37,63,79,90
20151208 04:42,28,13,28,14,26,17,39,94,76,30,10313,9,36,63,79,90
20151208 04:43,28,14,28,14,30,19,39,94,76,30,10312,9,36,63,79,90
20151208 04:44,29,15,28,14,29,18,39,94,76,30,10312,9,36,63,79,90
20151208 04:45,29,15,29,14,28,18,39,95,77,32,10312,9,36,63,79,90
20151208 04:46,28,15,29,14,27,19,39,95,77,32,10312,9,36,63,79,90
20151208 04:47,28,16,28,14,28,20,39,95,77,32,10312,9,36,63,79,90
20151208 04:48,29,16,29,15,30,17,39,95,77,32,10312,9,36,63,79,90
20151208 04:49,29,15,28,15,27,18,39,95,77,32,10312,9,36,62,79,90
20151208 04:50,28,14,28,15,29,17,39,95,77,32,10312,9,36,62,79,90
20151208 04:51,29,15,28,15,30,19,39,95,77,32,10312,9,36,62,79,90
20151208 04:52,30,15,29,15,30,17,39,95,77,32,10312,9,36,62,79,90
20151208 04:53,29,13,29,15,28,16,39,95,77,32,10313,8,36,62,79,90
20151208 04:54,28,14,28,15,28,18,39,95,77,32,10313,8,36,62,79,90
20151208 04:55,31,15,29,15,33,17,39,95,77,32,10313,8,36,62,79,90
20151208 04:56,30,14,29,15,27,18,39,95,77,32,10312,8,36,62,79,90
20151208 04:57,29,13,29,14,32,16,39,96,77,33,10312,8,35,62,79,90
20151208 04:58,29,13,29,14,27,19,39,96,77,33,10312,8,35,62,79,90
20151208 04:59,31,13,30,14,36,14,38,96,77,32,10312,8,35,62,79,90
20151208 05:00,35,12,30,14,34,15,39,96,77,33,10312,8,35,62,79,90
20151208 05:01,36,13,31,14,38,20,39,96,77,33,10312,8,35,62,79,90
20151208 05:02,37,14,32,14,35,16,38,96,77,32,10312,8,35,62,79,90
20151208 05:03,36,14,33,14,37,17,38,96,77,32,10312,8,35,62,79,90
20151208 05:04,36,13,33,13,35,14,38,96,77,32,10312,8,35,62,79,89
20151208 05:05,34,12,33,13,32,15,38,96,77,32,10313,7,35,62,78,89
20151208 05:06,31,12,34,13,30,13,38,96,77,32,10313,7,35,62,78,89
20151208 05:07,31,12,34,13,31,13,38,96,77,32,10313,7,35,62,78,89
20151208 05:08,32,12,34,13,33,12,38,96,77,32,10313,7,35,62,78,89
20151208 05:09,32,12,34,13,32,14,38,96,77,32,10313,7,35,62,78,89
20151208 05:10,31,12,33,13,31,15,37,96,76,31,10313,7,35,62,78,89
20151208 05:11,31,12,33,13,31,15,37,96,76,31,10313,7,35,61,78,89
20151208 05:12,28,11,32,12,25,15,36,96,76,30,10314,7,34,61,78,89
20151208 05:13,25,10,31,12,26,15,36,96,76,30,10314,7,34,61,78,89
20151208 05:14,32,10,31,11,39,14,36,96,76,30,10314,7,34,61,78,89
20151208 05:15,36,8,31,11,34,13,36,96,76,30,10314,7,34,61,78,89
20151208 05:16,37,8,32,11,41,9,36,96,76,30,10314,7,34,61,78,89
20151208 05:17,41,7,33,10,41,10,36,96,76,30,10314,7,34,61,78,89
20151208 05:18,41,6,34,9,41,6,35,96,75,29,10314,6,34,61,78,89
20151208 05:19,40,7,35,9,39,10,35,96,75,29,10314,6,34,61,78,89
20151208 05:20,37,7,35,8,35,9,35,96,75,29,10315,6,34,61,78,89
20151208 05:21,30,9,35,8,25,17,35,96,75,29,10315,6,34,61,78,89
20151208 05:22,32,10,36,8,38,11,35,96,75,29,10315,6,34,61,78,89
20151208 05:23,37,8,37,8,36,10,35,96,75,29,10315,6,34,61,78,89
20151208 05:24,34,8,36,8,31,9,34,96,75,28,10315,6,34,61,78,89
20151208 05:25,31,8,36,8,30,13,34,96,75,28,10315,6,34,61,78,89
20151208 05:26,29,8,34,8,27,11,34,96,75,28,10315,6,34,61,78,89
20151208 05:27,29,9,33,8,31,15,34,96,75,28,10315,6,34,61,78,89
20151208 05:28,31,11,32,9,31,20,34,96,75,28,10315,6,33,61,78,89
20151208 05:29,26,11,31,9,21,13,33,96,74,27,10315,5,33,61,78,89
20151208 05:30,20,11,29,10,20,13,33,96,74,27,10316,5,33,61,78,89
20151208 05:31,23,11,29,9,26,12,33,96,74,27,10316,5,33,61,78,89
20151208 05:32,25,10,28,10,25,13,33,96,74,27,10316,5,33,61,78,89
20151208 05:33,25,10,27,10,26,12,32,96,74,26,10315,5,33,60,78,89
20151208 05:34,24,9,26,10,21,11,32,96,74,26,10315,5,33,60,77,89
20151208 05:35,24,9,26,10,27,11,32,96,74,26,10315,5,33,60,77,89
20151208 05:36,29,11,26,11,31,14,32,96,74,26,10316,5,33,60,77,89
20151208 05:37,28,12,25,11,24,16,32,96,74,26,10316,5,33,60,77,89
20151208 05:38,28,13,25,11,31,17,32,96,74,26,10316,5,33,60,77,89
20151208 05:39,33,12,26,11,34,14,32,96,74,26,10316,5,33,60,77,89
20151208 05:40,30,12,27,11,26,17,32,96,74,26,10316,5,33,60,77,89
20151208 05:41,30,11,28,11,35,12,31,96,73,25,10316,5,33,60,77,88
20151208 05:42,31,13,28,12,26,23,31,96,73,25,10316,5,33,60,77,88
20151208 05:43,29,13,29,12,31,14,31,96,73,25,10316,5,32,60,77,88
20151208 05:44,29,11,29,12,26,16,31,96,73,25,10317,4,32,60,77,88
20151208 05:45,29,11,30,12,33,15,31,96,73,25,10317,4,32,60,77,88
20151208 05:46,32,11,30,12,32,11,30,96,73,24,10317,4,32,60,77,88
20151208 05:47,31,11,31,12,31,14,30,96,73,24,10317,4,32,60,77,88
20151208 05:48,32,10,31,11,32,12,30,96,73,24,10317,4,32,60,77,88
20151208 05:49,33,11,31,11,34,15,30,96,73,24,10317,4,32,60,77,88
20151208 05:50,35,13,32,12,35,16,29,96,72,23,10317,4,32,60,77,88
20151208 05:51,35,14,31,12,34,15,29,96,72,23,10317,4,32,60,77,88
20151208 05:52,33,13,32,12,33,14,29,96,72,23,10317,4,32,60,77,88
20151208 05:53,34,12,33,12,36,13,29,96,72,23,10317,4,32,60,77,88
20151208 05:54,35,14,33,12,35,22,29,96,72,23,10317,4,32,59,77,88
20151208 05:55,35,15,34,12,35,16,29,96,72,23,10317,4,32,59,77,88
20151208 05:56,34,14,34,13,34,19,28,96,72,22,10317,4,32,59,77,88
20151208 05:57,33,14,34,13,31,15,29,96,72,23,10317,4,32,59,77,88
20151208 05:58,30,15,34,14,30,19,28,97,72,24,10317,3,31,59,77,88
20151208 05:59,31,15,34,14,32,17,28,96,72,22,10317,3,31,59,77,88
20151208 06:00,31,14,33,14,31,17,28,97,72,24,10317,3,31,59,77,88
20151208 06:01,31,14,33,14,32,15,29,97,73,25,10317,3,31,59,77,88
20151208 06:02,32,13,33,14,32,15,29,97,73,25,10317,3,31,59,76,88
20151208 06:03,31,14,32,14,29,16,29,97,73,25,10317,3,31,59,76,88
20151208 06:04,28,14,31,14,26,17,30,97,73,26,10317,3,31,59,76,88
20151208 06:05,25,14,30,14,24,19,30,97,73,26,10317,3,31,59,76,88
20151208 06:06,25,15,29,14,25,17,30,97,73,26,10317,3,31,59,76,88
20151208 06:07,25,15,29,14,24,19,29,97,73,25,10317,3,31,59,76,88
20151208 06:08,24,16,28,15,23,20,29,97,73,25,10318,3,31,59,76,88
20151208 06:09,24,17,27,15,24,17,29,97,73,25,10318,3,31,59,76,88
20151208 06:10,26,16,27,15,28,22,29,97,73,25,10318,3,31,59,76,88
20151208 06:11,29,17,26,15,30,21,30,97,73,26,10318,3,31,59,76,88
20151208 06:12,30,16,26,16,30,19,30,97,73,26,10318,3,31,59,76,88
20151208 06:13,29,16,26,16,28,23,31,97,74,27,10318,3,31,59,76,88
20151208 06:14,27,15,26,16,26,19,31,97,74,27,10318,3,30,59,76,88
20151208 06:15,27,14,27,16,28,18,31,97,74,27,10318,3,30,59,76,88
20151208 06:16,24,13,26,16,21,17,32,97,75,28,10318,3,30,58,76,88
20151208 06:17,26,13,27,15,32,16,32,97,75,28,10318,3,30,58,76,88
20151208 06:18,29,14,27,15,27,23,33,97,75,29,10318,2,30,58,76,87
20151208 06:19,26,15,28,15,25,18,33,98,76,30,10318,2,30,58,76,87
20151208 06:20,29,16,28,15,32,23,33,98,76,30,10318,2,30,58,76,87
20151208 06:21,30,18,28,15,28,21,34,98,76,31,10318,2,30,58,76,87
20151208 06:22,27,18,27,15,27,21,34,98,76,31,10318,2,30,58,76,87
20151208 06:23,28,18,28,16,29,26,34,97,76,30,10318,2,30,58,76,87
20151208 06:24,29,18,28,16,28,23,35,98,77,32,10318,2,30,58,76,87
20151208 06:25,28,16,28,16,27,22,35,98,77,32,10319,2,30,58,76,87
20151208 06:26,27,15,28,16,27,16,35,98,77,32,10319,2,30,58,76,87
20151208 06:27,26,15,27,16,25,23,36,98,77,33,10319,2,30,58,76,87
20151208 06:28,26,15,28,16,28,17,36,98,77,33,10319,2,30,58,76,87
20151208 06:29,30,15,28,16,32,19,36,98,77,33,10319,2,30,58,76,87
20151208 06:30,29,14,28,16,27,19,37,98,78,34,10319,2,30,58,75,87
20151208 06:31,25,14,27,16,24,19,37,98,78,34,10319,2,29,58,75,87
20151208 06:32,27,14,28,15,30,20,37,98,78,34,10319,2,29,58,75,87
20151208 06:33,29,13,28,15,28,16,37,98,78,34,10320,2,29,58,75,87
20151208 06:34,27,13,27,15,27,22,36,98,77,33,10320,2,29,58,75,87
20151208 06:35,29,15,28,14,32,23,38,98,79,35,10320,2,29,58,75,87
20151208 06:36,34,15,29,15,35,22,37,98,78,34,10320,2,29,58,75,87
20151208 06:37,31,16,29,15,28,19,37,98,78,34,10320,2,29,58,75,87
20151208 06:38,26,15,29,15,25,20,37,98,78,34,10320,2,29,57,75,87
20151208 06:39,25,14,28,14,26,16,37,98,78,34,10320,2,29,57,75,87
20151208 06:40,24,14,28,14,22,18,37,98,78,34,10320,2,29,57,75,87
20151208 06:41,22,14,27,14,22,18,37,98,78,34,10320,2,29,57,75,87
20151208 06:42,24,13,27,14,26,23,36,98,77,33,10321,2,29,57,75,87
20151208 06:43,26,14,27,15,27,17,36,98,77,33,10321,3,29,57,75,87
20151208 06:44,26,17,27,15,24,27,37,98,78,34,10321,3,29,57,75,87
20151208 06:45,30,18,27,15,36,30,37,98,78,34,10321,3,29,57,75,87
20151208 06:46,32,18,26,16,28,25,38,98,79,35,10321,4,29,57,75,87
20151208 06:47,29,19,27,16,30,23,39,98,79,36,10320,4,29,57,75,87
20151208 06:48,32,17,27,16,33,18,40,98,80,37,10320,4,29,57,75,87
20151208 06:49,31,17,28,16,28,23,40,98,80,37,10320,4,29,57,75,87
20151208 06:50,28,18,28,17,29,22,40,98,80,37,10320,4,29,57,75,87
20151208 06:51,30,18,29,17,30,25,41,98,80,38,10320,4,29,57,75,87
20151208 06:52,29,17,29,17,28,17,41,98,80,38,10320,4,29,57,75,87
20151208 06:53,29,15,30,18,30,19,41,98,80,38,10320,5,29,57,75,87
20151208 06:54,31,16,30,17,32,19,42,98,81,39,10320,5,29,57,75,87
20151208 06:55,32,17,30,17,31,18,42,98,81,39,10321,5,28,57,75,86
20151208 06:56,31,16,30,17,30,24,43,98,81,40,10321,5,28,57,75,87
20151208 06:57,32,16,30,17,34,24,44,98,82,41,10321,5,28,57,75,86
20151208 06:58,31,16,30,17,29,20,44,98,82,41,10321,5,28,57,74,86
20151208 06:59,30,15,30,16,32,18,44,98,82,41,10321,6,28,57,74,86
20151208 07:00,34,16,31,16,36,19,44,98,82,41,10321,6,28,56,74,86
20151208 07:01,34,16,31,16,32,19,45,98,83,42,10321,6,28,56,74,86
20151208 07:02,31,17,31,16,29,22,45,98,83,42,10321,6,28,56,74,86
20151208 07:03,29,17,31,16,29,21,45,98,83,42,10321,7,28,56,74,86
20151208 07:04,32,16,32,16,34,19,46,98,83,43,10321,7,28,56,74,86
20151208 07:05,33,16,32,16,32,18,46,98,83,43,10320,7,28,56,74,86
20151208 07:06,31,17,32,16,30,25,47,98,84,44,10320,7,28,56,74,86
20151208 07:07,30,16,31,16,29,18,47,98,84,44,10320,8,28,56,74,86
20151208 07:08,31,14,32,16,33,18,48,98,84,45,10320,8,28,56,74,86
20151208 07:09,32,13,31,16,31,15,49,98,85,46,10321,9,28,56,74,86
20151208 07:10,36,11,32,15,42,13,50,98,85,47,10321,9,28,56,74,86
20151208 07:11,39,12,33,15,37,16,51,98,86,48,10321,9,28,56,74,86
20151208 07:12,38,14,34,14,39,18,52,98,87,49,10321,10,28,56,74,86
20151208 07:13,38,14,34,14,37,15,52,97,86,48,10321,10,29,56,74,86
20151208 07:14,36,12,34,14,35,13,53,97,86,49,10322,11,29,56,74,86
20151208 07:15,32,10,34,13,29,13,53,97,86,49,10322,11,29,56,74,86
20151208 07:16,36,10,35,12,42,11,54,97,87,50,10322,12,29,56,74,86
20151208 07:17,38,10,36,12,34,18,54,97,87,50,10322,12,29,56,74,86
20151208 07:18,34,12,36,12,34,17,55,97,88,51,10322,12,29,56,74,86
20151208 07:19,36,12,37,12,38,13,55,97,88,51,10322,13,29,56,74,86
20151208 07:20,39,10,37,12,40,13,56,97,88,52,10322,13,29,56,74,86
20151208 07:21,38,9,36,11,36,12,56,97,88,52,10322,14,29,56,74,86
20151208 07:22,38,9,37,11,40,10,57,97,89,53,10322,15,29,56,74,86
20151208 07:23,40,9,37,10,41,13,57,97,89,53,10322,16,29,56,74,86
20151208 07:24,42,10,38,10,43,11,58,97,89,54,10322,16,29,55,74,86
20151208 07:25,45,9,39,10,47,10,58,97,89,54,10322,17,29,55,73,86
20151208 07:26,45,7,40,9,43,9,59,96,89,53,10322,17,29,55,73,86
20151208 07:27,47,6,41,9,51,10,59,96,89,53,10322,17,29,55,73,86
20151208 07:28,50,7,43,8,48,10,59,96,89,53,10322,18,29,55,73,86
20151208 07:29,52,6,44,8,55,7,60,96,90,54,10322,19,30,55,73,86
20151208 07:30,52,4,45,7,49,6,60,96,90,54,10322,20,30,55,73,86
20151208 07:31,49,5,47,7,50,8,61,96,90,55,10323,21,30,55,73,86
20151208 07:32,50,7,48,7,50,10,61,96,90,55,10323,21,30,55,73,85
20151208 07:33,56,7,50,6,61,8,62,96,91,56,10323,21,30,55,73,85
20151208 07:34,56,7,50,6,51,11,63,95,91,56,10323,21,30,55,73,85
20151208 07:35,54,6,51,6,56,6,63,95,91,56,10323,21,30,55,73,85
20151208 07:36,56,4,53,6,55,6,64,95,91,57,10323,21,30,55,73,85
20151208 07:37,52,5,52,6,49,8,64,95,91,57,10323,22,30,55,73,85
20151208 07:38,48,6,52,5,46,10,64,95,91,57,10323,23,31,55,73,85
20151208 07:39,46,6,51,6,46,9,65,95,92,58,10323,24,31,55,73,85
20151208 07:40,50,5,52,6,53,7,65,95,92,58,10323,25,31,55,73,85
20151208 07:41,58,4,53,6,63,6,66,94,92,57,10323,25,31,55,73,85
20151208 07:42,57,5,53,5,51,7,67,94,92,58,10324,25,31,55,73,85
20151208 07:43,54,5,53,5,57,7,67,94,92,58,10324,25,31,55,73,85
20151208 07:44,50,5,52,5,43,9,68,94,93,59,10324,26,31,55,73,85
20151208 07:45,41,7,50,6,39,11,69,94,93,60,10324,28,32,55,73,85
20151208 07:46,43,8,49,6,47,13,70,94,94,61,10324,30,32,55,73,85
20151208 07:47,44,8,49,6,41,13,70,94,94,61,10324,31,32,55,73,85
20151208 07:48,40,10,48,7,39,13,71,94,95,62,10324,33,32,55,73,85
20151208 07:49,41,9,48,7,44,14,72,93,94,61,10324,33,32,55,73,85
20151208 07:50,41,8,46,7,39,13,72,93,94,61,10324,34,32,55,73,85
20151208 07:51,43,7,45,7,47,11,72,93,94,61,10324,35,33,55,73,85
20151208 07:52,44,7,44,7,40,13,73,93,95,62,10324,38,33,55,73,85
20151208 07:53,40,8,42,8,40,13,73,92,94,61,10325,40,33,55,73,85
20151208 07:54,38,7,41,8,35,11,74,92,95,62,10325,42,33,55,73,85
20151208 07:55,38,8,41,8,42,14,75,92,95,63,10325,44,33,55,72,85
20151208 07:56,43,7,41,8,44,11,75,92,95,63,10325,46,34,55,72,85
20151208 07:57,44,7,42,8,45,12,75,92,95,63,10325,48,34,55,72,85
20151208 07:58,43,8,42,8,41,20,76,92,96,64,10325,49,34,55,72,85
20151208 07:59,44,8,42,7,47,11,77,92,97,65,10325,51,35,55,72,85
20151208 08:00,42,9,42,8,36,15,78,92,97,66,10325,53,35,55,72,85
20151208 08:01,35,13,41,9,35,22,78,91,96,64,10325,55,35,55,72,85
20151208 08:02,37,13,41,9,40,18,78,90,95,63,10325,57,36,55,72,85
20151208 08:03,37,11,40,9,35,15,79,89,95,62,10325,59,36,55,72,85
20151208 08:04,41,14,41,10,46,22,80,89,95,63,10325,60,36,55,72,85
20151208 08:05,43,16,41,11,39,22,80,88,94,61,10325,62,37,55,72,85
20151208 08:06,42,14,41,12,44,19,81,88,95,62,10325,63,37,55,72,85
20151208 08:07,44,13,41,12,44,17,82,87,95,62,10325,65,38,55,72,84
20151208 08:08,42,14,41,13,40,27,83,86,94,61,10325,66,38,55,72,85
20151208 08:09,45,16,41,14,51,19,83,86,94,61,10325,68,39,55,72,84
20151208 08:10,45,13,41,14,40,18,84,85,94,60,10325,69,39,55,72,84
20151208 08:11,41,13,42,14,42,19,84,85,94,60,10325,71,40,55,72,84
20151208 08:12,47,13,43,14,52,22,85,85,94,61,10325,72,40,55,72,84
20151208 08:13,54,13,45,14,56,20,86,85,95,62,10325,73,41,55,72,84
20151208 08:14,53,17,46,14,50,30,87,84,94,62,10325,74,41,55,72,84
20151208 08:15,46,20,46,15,43,28,87,84,94,62,10326,76,42,55,72,84
20151208 08:16,52,17,48,15,60,18,87,83,93,60,10326,77,42,55,72,84
20151208 08:17,58,16,49,16,56,25,88,83,94,61,10326,78,43,55,72,84
20151208 08:18,57,19,51,16,58,27,89,83,95,62,10326,80,43,55,72,84
20151208 08:19,55,23,51,17,51,37,89,83,95,62,10326,81,44,55,72,84
20151208 08:20,57,21,53,18,63,27,89,82,93,60,10326,82,45,55,72,84
20151208 08:21,57,19,54,18,51,30,90,82,94,61,10326,83,45,55,72,84
20151208 08:22,52,20,54,19,52,26,90,82,94,61,10327,84,46,55,72,84
20151208 08:23,54,16,54,19,55,22,91,82,95,62,10327,85,46,55,72,84
20151208 08:24,53,15,54,19,52,28,91,82,95,62,10327,86,47,55,72,84
20151208 08:25,49,21,54,19,46,39,92,82,95,63,10327,87,47,55,72,84
20151208 08:26,54,26,55,20,62,40,92,81,94,61,10327,88,48,55,72,84
20151208 08:27,62,24,55,20,63,29,92,80,93,59,10327,88,49,55,72,84
20151208 08:28,55,23,54,21,48,36,92,80,93,59,10327,87,49,56,72,84
20151208 08:29,52,23,55,20,55,37,93,80,94,60,10327,84,50,56,72,84
20151208 08:30,53,23,53,21,50,35,93,80,94,60,10327,82,50,56,72,84
20151208 08:31,51,23,53,21,51,27,93,80,94,60,10327,81,51,56,72,84
20151208 08:32,56,20,54,21,62,31,94,80,94,61,10327,82,52,56,72,84
20151208 08:33,57,21,54,22,52,32,94,80,94,61,10327,85,52,56,71,84
20151208 08:34,53,19,54,22,54,24,94,80,94,61,10327,87,53,56,71,84
20151208 08:35,59,14,56,21,64,21,95,80,95,62,10327,90,53,56,71,84
20151208 08:36,63,13,56,20,62,21,96,81,97,65,10327,92,54,56,71,84
20151208 08:37,59,17,55,19,57,26,97,80,96,64,10327,94,54,56,72,84
20151208 08:38,59,16,57,18,62,19,97,80,96,64,10327,95,55,56,71,84
20151208 08:39,60,15,57,18,58,25,97,80,96,64,10327,97,55,56,71,84
20151208 08:40,58,22,58,18,58,42,98,80,97,65,10327,98,55,57,71,84
20151208 08:41,51,28,57,19,44,33,98,79,96,63,10327,99,56,57,71,84
20151208 08:42,49,29,56,20,53,39,98,78,94,62,10328,100,56,57,71,84
20151208 08:43,48,28,56,20,44,37,98,78,94,62,10328,101,57,57,71,84
20151208 08:44,47,27,55,21,50,41,98,78,94,62,10328,103,57,57,71,84
20151208 08:45,48,29,53,23,45,41,98,77,93,60,10328,104,58,57,71,84
20151208 08:46,51,27,53,24,57,33,98,77,93,60,10328,105,59,57,71,84
20151208 08:47,59,24,53,25,62,35,99,78,95,62,10328,107,59,57,71,84
20151208 08:48,63,21,54,25,64,25,99,78,95,62,10328,108,60,57,71,83
20151208 08:49,60,19,53,26,56,28,100,78,96,63,10328,109,60,58,71,83
20151208 08:50,60,19,54,25,64,25,100,78,96,63,10328,110,61,58,71,83
20151208 08:51,51,17,53,23,38,21,100,78,96,63,10328,111,61,58,71,83
20151208 08:52,51,20,54,23,64,32,101,78,96,64,10328,113,62,58,71,83
20151208 08:53,62,22,56,22,60,28,101,78,96,64,10328,114,63,58,71,83
20151208 08:54,59,16,57,21,58,23,102,78,97,65,10328,115,63,58,71,83
20151208 08:55,61,18,59,20,64,32,102,78,97,65,10328,117,64,58,71,83
20151208 08:56,55,21,58,20,47,31,103,77,96,64,10328,118,64,58,71,83
20151208 08:57,52,21,57,20,57,32,103,77,96,64,10328,118,65,59,71,83
20151208 08:58,55,23,56,20,53,34,103,77,96,64,10328,119,65,59,71,83
20151208 08:59,52,25,56,21,51,36,103,77,96,64,10328,120,66,59,71,83
20151208 09:00,52,21,55,21,53,27,104,77,97,65,10328,121,67,59,71,83
20151208 09:01,54,20,56,21,55,35,104,77,97,65,10328,123,67,59,71,83
20151208 09:02,51,26,55,22,48,37,105,77,98,66,10328,124,68,59,71,83
20151208 09:03,48,25,53,22,47,31,105,76,96,65,10327,125,68,59,71,83
20151208 09:04,43,20,51,22,40,24,105,76,96,65,10327,126,69,60,71,83
20151208 09:05,47,17,51,22,55,20,106,76,97,66,10328,128,70,60,71,83
20151208 09:06,52,16,51,21,49,23,106,75,96,64,10328,129,70,60,71,83
20151208 09:07,54,18,51,21,60,29,106,76,97,66,10327,131,71,60,71,83
20151208 09:08,69,20,54,21,78,35,107,76,98,66,10327,132,71,60,72,83
20151208 09:09,76,25,56,21,74,35,108,75,97,66,10327,132,72,60,72,83
20151208 09:10,77,29,58,22,79,33,108,74,96,64,10327,132,73,61,72,83
20151208 09:11,76,28,60,23,74,34,108,74,96,64,10327,133,73,61,72,83
20151208 09:12,72,25,63,22,71,31,108,75,97,66,10327,134,74,61,72,83
20151208 09:13,68,21,65,22,65,28,109,75,98,66,10327,135,74,61,72,83
20151208 09:14,63,22,67,22,62,37,109,75,98,66,10327,135,75,61,72,83
20151208 09:15,67,23,68,23,72,34,110,75,98,67,10327,137,76,62,72,83
20151208 09:16,64,25,69,24,57,34,110,74,97,66,10328,137,76,62,72,83
20151208 09:17,64,26,70,25,70,34,110,74,97,66,10328,138,77,62,72,83
20151208 09:18,72,26,70,25,74,39,111,73,96,64,10328,139,77,62,72,83
20151208 09:19,71,27,69,25,69,37,111,74,98,66,10328,140,78,62,72,83
20151208 09:20,69,26,68,25,69,33,112,74,98,67,10328,141,79,62,72,83
20151208 09:21,67,23,67,24,65,35,112,73,97,65,10328,142,79,62,72,83
20151208 09:22,71,33,68,26,77,59,112,72,96,63,10328,142,80,63,72,83
20151208 09:23,73,37,68,27,68,37,112,71,94,61,10329,142,81,63,72,83
20151208 09:24,65,28,68,28,63,33,112,71,94,61,10329,142,81,63,72,83
20151208 09:25,69,28,69,28,76,42,112,72,96,63,10329,143,82,63,72,83
20151208 09:26,74,28,70,28,72,34,113,72,96,64,10329,144,82,64,72,83
20151208 09:27,71,23,70,28,70,32,113,72,96,64,10329,144,83,64,72,83
20151208 09:28,78,22,71,28,86,39,114,72,97,65,10328,146,83,64,72,83
20151208 09:29,68,28,69,28,48,41,114,72,97,65,10328,146,84,64,72,83
20151208 09:30,51,30,68,28,53,53,114,71,96,63,10329,146,84,64,72,83
20151208 09:31,57,29,67,29,61,41,114,71,96,63,10329,147,85,64,72,83
20151208 09:32,57,33,65,28,53,48,114,71,96,63,10329,147,86,65,72,83
20151208 09:33,52,33,63,28,52,45,114,70,94,61,10329,147,86,65,72,83
20151208 09:34,54,34,63,30,55,56,115,69,94,60,10328,147,87,65,72,83
20151208 09:35,54,35,60,30,53,48,115,69,94,60,10328,147,87,65,72,83
20151208 09:36,51,33,58,30,48,47,115,69,94,60,10328,149,88,66,72,83
20151208 09:37,51,33,56,32,53,49,115,69,94,60,10328,150,88,66,72,83
20151208 09:38,61,29,54,32,68,38,116,70,96,63,10328,150,89,66,73,83
20151208 09:39,70,25,57,31,72,40,117,70,96,64,10328,152,89,66,73,83
20151208 09:40,71,29,58,32,69,38,117,71,98,66,10328,153,90,66,73,83
20151208 09:41,73,35,60,33,77,50,117,70,96,64,10327,153,90,67,73,83
20151208 09:42,71,35,61,32,65,39,117,69,95,62,10327,153,91,67,73,83
20151208 09:43,61,33,62,32,58,46,118,69,95,63,10327,154,91,67,73,83
20151208 09:44,63,34,63,32,67,49,118,69,95,63,10327,154,92,67,73,83
20151208 09:45,61,30,63,31,54,38,118,69,95,63,10327,155,92,68,73,83
20151208 09:46,65,33,66,32,75,49,118,69,95,63,10327,155,93,68,73,83
20151208 09:47,80,41,69,33,84,51,118,68,94,61,10326,156,93,68,73,83
20151208 09:48,82,42,70,35,80,60,119,68,95,62,10326,156,94,68,73,83
20151208 09:49,80,45,71,37,81,58,118,67,93,59,10326,156,94,68,73,83
20151208 09:50,80,42,72,37,78,43,118,67,93,59,10326,156,95,69,73,83
20151208 09:51,81,39,73,38,84,54,118,69,95,63,10325,158,95,69,73,83
20151208 09:52,76,38,73,38,68,49,118,68,94,61,10325,159,96,69,73,83
20151208 09:53,68,36,74,38,68,52,118,68,94,61,10326,159,96,69,73,83
20151208 09:54,71,35,75,38,74,45,118,68,94,61,10325,159,96,70,73,83
20151208 09:55,71,37,76,40,68,47,119,68,95,62,10325,160,97,70,74,83
20151208 09:56,68,40,75,40,69,51,119,67,93,60,10325,160,97,70,74,83
20151208 09:57,65,33,73,38,61,36,119,67,93,60,10325,161,98,70,74,83
20151208 09:58,56,32,70,37,50,60,120,68,95,63,10325,162,98,70,74,83
20151208 09:59,52,37,67,36,54,64,120,67,94,61,10325,162,99,71,74,83
20151208 10:00,59,30,66,35,64,48,120,67,94,61,10325,163,99,71,74,83
20151208 10:01,65,32,64,35,65,51,121,68,96,64,10325,165,100,71,74,83
20151208 10:02,68,32,64,34,71,35,120,66,93,59,10325,165,100,71,74,83
20151208 10:03,68,28,64,34,66,43,121,67,95,62,10325,166,100,72,74,83
20151208 10:04,72,36,65,34,79,45,121,67,95,62,10325,167,101,72,74,83
20151208 10:05,76,38,65,34,72,49,121,67,95,62,10326,168,101,72,74,83
20151208 10:06,80,32,67,33,88,42,122,68,97,65,10326,168,102,72,74,83
20151208 10:07,87,30,69,33,85,40,122,67,95,63,10325,169,102,73,74,83
20151208 10:08,85,28,73,32,86,37,122,66,94,60,10325,170,103,73,75,83
20151208 10:09,82,31,75,32,78,48,123,67,96,64,10325,172,103,73,75,83
20151208 10:10,67,31,75,32,56,45,123,66,94,61,10325,172,104,73,75,83
20151208 10:11,55,30,74,31,54,50,123,66,94,61,10325,172,104,74,75,83
20151208 10:12,56,36,72,33,59,54,124,66,95,62,10326,173,105,74,75,83
20151208 10:13,62,35,72,33,66,45,124,66,95,62,10326,173,105,74,75,83
20151208 10:14,67,36,71,33,68,47,124,66,95,62,10326,172,106,74,75,83
20151208 10:15,68,32,71,32,67,38,123,65,93,59,10325,172,106,74,75,83
20151208 10:16,69,30,69,32,71,48,124,66,95,62,10326,172,106,75,75,83
20151208 10:17,72,40,68,34,73,55,123,65,93,59,10326,172,107,75,75,83
20151208 10:18,73,43,67,35,73,53,123,65,93,59,10326,171,107,75,75,83
20151208 10:19,71,40,66,36,70,52,123,66,94,61,10326,172,108,75,75,83
20151208 10:20,74,39,68,37,79,54,123,66,94,61,10325,172,108,76,75,83
20151208 10:21,79,40,71,38,80,52,123,66,94,61,10326,174,109,76,76,83
20151208 10:22,81,39,73,38,82,46,123,66,94,61,10325,176,109,76,76,83
20151208 10:23,85,38,75,38,88,49,123,66,94,61,10325,176,110,76,76,83
20151208 10:24,92,36,78,38,97,37,123,66,94,61,10325,175,110,77,76,83
20151208 10:25,85,29,79,37,73,36,123,66,94,61,10325,175,110,77,76,83
20151208 10:26,84,28,81,37,95,52,124,67,96,65,10325,177,111,77,76,83
20151208 10:27,94,33,83,36,94,48,125,68,98,68,10325,179,111,77,76,83
20151208 10:28,87,40,84,36,80,64,125,66,96,63,10325,179,112,78,76,83
20151208 10:29,71,41,83,36,63,56,125,66,96,63,10325,179,112,78,76,83
20151208 10:30,67,34,82,35,70,37,125,67,97,65,10325,178,112,78,76,83
20151208 10:31,69,30,81,34,68,37,125,67,97,65,10324,176,113,78,77,83
20151208 10:32,63,34,79,34,58,52,125,66,96,63,10324,175,113,79,77,83
20151208 10:33,65,40,77,35,72,56,125,66,96,63,10324,178,114,79,77,83
20151208 10:34,71,35,74,34,70,40,125,67,97,65,10324,180,114,79,77,83
20151208 10:35,69,25,74,34,67,32,126,67,98,66,10324,181,114,79,77,83
20151208 10:36,73,30,72,35,79,47,127,67,98,67,10324,179,115,79,77,83
20151208 10:37,81,36,71,35,83,45,126,66,96,64,10324,174,115,80,77,83
20151208 10:38,74,33,69,33,65,42,126,65,95,62,10324,168,116,80,77,83
20151208 10:39,65,32,70,33,65,47,125,65,94,61,10324,165,116,80,77,83
20151208 10:40,69,34,70,33,74,48,125,66,96,63,10324,163,116,80,77,83
20151208 10:41,74,35,71,34,74,50,124,66,95,62,10324,166,117,81,78,83
20151208 10:42,73,41,72,35,72,69,124,66,95,62,10324,167,117,81,78,83
20151208 10:43,71,39,72,33,69,49,124,66,95,62,10324,161,117,81,78,83
20151208 10:44,70,32,72,34,71,46,124,67,96,65,10324,159,117,81,78,83
20151208 10:45,72,42,72,37,72,64,124,66,95,62,10324,160,118,82,78,83
20151208 10:46,69,45,71,37,65,54,124,66,95,62,10323,159,118,82,78,83
20151208 10:47,66,37,69,37,67,43,123,66,94,61,10323,158,118,82,78,84
20151208 10:48,62,38,69,38,58,50,123,67,96,64,10323,157,118,82,78,84
20151208 10:49,60,40,68,38,62,50,123,66,94,61,10323,156,118,83,78,84
20151208 10:50,61,33,67,37,60,38,123,67,96,64,10323,154,118,83,78,84
20151208 10:51,62,29,66,37,63,52,123,67,96,64,10323,154,118,83,79,84
20151208 10:52,67,33,66,36,71,59,124,67,96,65,10323,158,118,83,79,84
20151208 10:53,78,39,67,37,85,62,125,68,98,68,10323,167,118,83,79,84
20151208 10:54,78,40,67,38,70,48,125,66,96,63,10322,168,118,84,79,84
20151208 10:55,70,44,67,38,71,60,125,66,96,63,10322,163,118,84,79,84
20151208 10:56,71,42,68,37,70,55,125,65,94,61,10322,158,118,84,79,84
20151208 10:57,70,36,68,38,70,49,124,65,94,60,10322,156,118,84,79,84
20151208 10:58,79,44,71,38,88,60,124,66,95,62,10322,154,118,85,79,84
20151208 10:59,81,50,72,40,73,70,124,65,94,60,10322,152,118,85,79,84
20151208 11:00,73,48,73,41,72,56,124,65,94,60,10321,150,119,85,80,84
20151208 11:01,69,46,74,43,66,62,123,65,93,59,10321,149,119,85,80,84
20151208 11:02,66,44,73,44,65,51,123,65,93,59,10321,149,119,86,80,84
20151208 11:03,66,37,71,43,66,45,123,65,93,59,10321,150,119,86,80,84
20151208 11:04,70,32,72,42,75,37,123,65,93,59,10321,150,119,86,80,84
20151208 11:05,74,31,72,40,73,37,123,66,94,61,10321,150,119,86,80,84
20151208 11:06,74,31,72,40,75,43,123,66,94,61,10321,150,119,86,80,84
20151208 11:07,81,32,74,39,86,47,124,66,95,62,10321,152,119,87,80,84
20151208 11:08,81,34,73,38,77,57,124,66,95,62,10321,155,119,87,80,84
20151208 11:09,82,34,74,36,87,42,124,66,95,62,10321,154,119,87,81,84
20151208 11:10,81,37,75,36,76,56,125,66,96,63,10321,153,118,87,81,84
20151208 11:11,86,36,78,34,97,45,125,65,94,61,10321,152,118,87,81,84
20151208 11:12,83,30,78,33,69,45,125,67,97,65,10321,151,118,88,81,84
20151208 11:13,73,32,79,33,77,49,125,67,97,65,10321,151,118,88,81,84
20151208 11:14,73,39,79,34,69,63,125,66,96,63,10321,150,118,88,81,84
20151208 11:15,76,43,79,35,82,58,125,65,94,61,10321,148,118,88,81,84
20151208 11:16,82,41,80,36,81,59,125,65,94,61,10321,147,118,88,81,85
20151208 11:17,81,38,80,37,81,46,125,65,94,61,10321,147,118,88,82,85
20151208 11:18,79,32,80,36,77,39,125,65,94,61,10320,148,118,89,82,85
20151208 11:19,77,29,79,36,78,36,125,65,94,61,10320,148,118,89,82,85
20151208 11:20,77,29,79,34,77,39,125,66,96,63,10320,148,118,89,82,85
20151208 11:21,79,32,77,35,80,53,125,65,94,61,10319,149,118,89,82,85
20151208 11:22,80,42,78,36,80,58,125,65,94,61,10319,150,118,89,82,85
20151208 11:23,77,38,78,36,75,40,125,64,93,59,10319,150,118,89,82,85
20151208 11:24,79,26,79,34,82,35,125,65,94,61,10319,152,118,90,82,85
20151208 11:25,85,28,80,33,89,54,126,66,96,64,10318,155,118,90,82,85
20151208 11:26,83,35,80,33,78,50,126,65,95,62,10318,159,118,90,83,85
20151208 11:27,86,35,81,33,93,45,127,65,95,63,10318,159,118,90,83,85
20151208 11:28,85,33,81,33,77,47,127,65,95,63,10318,158,118,90,83,85
20151208 11:29,78,28,81,32,79,36,127,64,94,61,10318,158,118,90,83,85
20151208 11:30,74,28,80,33,69,55,127,65,95,63,10318,158,118,91,83,85
20151208 11:31,73,38,80,33,77,54,127,65,95,63,10318,156,118,91,83,85
20151208 11:32,75,36,79,32,73,43,127,64,94,61,10318,155,118,91,83,85
20151208 11:33,73,31,79,32,73,42,126,64,93,60,10318,154,119,91,83,85
20151208 11:34,67,36,77,34,60,48,126,64,93,60,10317,154,119,91,83,85
20151208 11:35,59,38,74,34,57,44,126,64,93,60,10317,154,119,91,84,85
20151208 11:36,67,37,73,34,76,56,126,64,93,60,10317,154,119,91,84,86
20151208 11:37,71,39,71,35,66,50,126,65,95,62,10317,156,119,92,84,86
20151208 11:38,68,36,70,35,70,45,126,64,93,60,10317,158,119,92,84,86
20151208 11:39,69,36,69,36,69,50,127,64,94,61,10316,160,119,92,84,86
20151208 11:40,70,37,69,36,72,49,127,64,94,61,10316,160,119,92,84,86
20151208 11:41,69,35,68,36,66,50,127,64,94,61,10316,169,119,92,84,86
20151208 11:42,67,32,68,36,68,40,127,64,94,61,10316,171,120,92,84,86
20151208 11:43,76,31,69,36,84,46,127,63,92,58,10316,167,120,92,84,86
20151208 11:44,78,33,70,35,72,47,127,64,94,61,10316,164,120,92,85,86
20151208 11:45,62,30,70,34,53,46,127,64,94,61,10316,161,120,93,85,86
20151208 11:46,62,32,69,34,71,41,127,64,94,61,10316,159,120,93,85,86
20151208 11:47,70,35,70,34,70,49,127,64,94,61,10316,158,120,93,85,86
20151208 11:48,72,35,70,33,73,48,127,63,92,58,10316,157,121,93,85,86
20151208 11:49,72,34,70,33,71,47,126,64,93,60,10316,158,121,93,85,86
20151208 11:50,67,27,69,32,63,26,126,64,93,60,10315,160,121,93,85,86
20151208 11:51,68,23,70,31,74,38,127,65,95,63,10315,167,121,93,85,86
20151208 11:52,73,31,70,31,72,41,127,64,94,61,10315,177,121,94,85,86
20151208 11:53,74,34,69,31,75,50,128,64,95,62,10315,187,121,94,86,86
20151208 11:54,73,35,69,32,71,46,129,64,95,63,10315,193,121,94,86,86
20151208 11:55,74,30,72,31,78,38,130,64,96,64,10314,198,122,94,86,87
20151208 11:56,98,27,76,31,118,41,132,65,99,68,10314,202,122,94,86,86
20151208 11:57,116,38,80,32,114,63,133,63,96,64,10313,205,122,94,86,87
20151208 11:58,114,48,85,33,114,58,134,62,95,63,10313,210,122,94,86,87
20151208 11:59,114,45,89,34,114,57,135,62,96,64,10313,213,123,94,86,87
20151208 12:00,116,43,95,37,117,56,136,62,97,65,10313,215,123,95,86,87
20151208 12:01,117,42,99,38,116,53,136,62,97,65,10312,218,124,95,86,87
20151208 12:02,118,41,104,39,119,52,137,62,97,66,10312,218,124,95,86,87
20151208 12:03,117,39,108,39,114,46,136,60,93,60,10312,209,125,95,87,87
20151208 12:04,119,36,113,39,123,49,135,60,93,59,10312,201,126,95,87,87
20151208 12:05,122,36,117,40,121,45,134,60,92,58,10311,197,126,95,87,87
20151208 12:06,114,37,116,41,107,45,134,62,95,63,10311,191,127,95,87,87
20151208 12:07,94,33,113,39,82,39,134,62,95,63,10311,187,128,95,87,87
20151208 12:08,84,30,110,38,87,40,133,60,92,57,10311,184,129,96,87,87
20151208 12:09,89,33,108,37,91,43,133,61,93,59,10310,181,129,96,87,87
20151208 12:10,82,36,103,36,72,49,132,62,94,61,10310,180,130,96,87,87
20151208 12:11,72,38,99,36,72,53,132,61,93,59,10310,179,131,96,87,87
20151208 12:12,75,36,95,35,78,48,131,62,93,60,10310,179,131,96,87,87
20151208 12:13,77,33,91,35,77,41,131,62,93,60,10310,175,131,96,88,87
20151208 12:14,78,31,86,34,79,35,131,62,93,60,10310,175,132,96,88,88
20151208 12:15,76,27,82,33,73,39,131,63,95,62,10309,175,132,97,88,88
20151208 12:16,73,28,78,32,74,39,131,63,95,62,10309,172,132,97,88,88
20151208 12:17,75,31,78,33,77,42,130,62,93,59,10309,169,133,97,88,88
20151208 12:18,79,33,77,33,81,48,130,62,93,59,10309,167,133,97,88,88
20151208 12:19,75,38,75,34,68,56,130,62,93,59,10309,166,133,97,88,88
20151208 12:20,66,40,74,33,64,57,129,61,91,56,10309,163,133,97,88,88
20151208 12:21,64,43,74,35,64,64,129,62,92,58,10309,162,133,98,88,88
20151208 12:22,77,40,75,34,89,44,129,63,94,60,10309,161,133,98,88,88
20151208 12:23,93,35,77,35,97,46,129,62,92,58,10309,160,133,98,89,88
20151208 12:24,91,37,77,35,86,42,129,62,92,58,10309,160,133,98,89,88
20151208 12:25,90,32,79,36,94,42,129,62,92,58,10309,159,133,98,89,88
20151208 12:26,91,33,81,37,87,50,129,64,95,63,10309,159,133,99,89,88
20151208 12:27,81,41,81,38,75,56,129,62,92,58,10308,159,133,99,89,88
20151208 12:28,78,39,81,38,82,46,129,62,92,58,10308,158,133,99,89,88
20151208 12:29,85,31,83,36,87,47,129,63,94,60,10308,159,132,99,89,88
20151208 12:30,97,27,87,35,107,43,130,63,94,61,10308,160,132,99,89,88
20151208 12:31,105,35,91,35,103,61,130,63,94,61,10308,159,132,99,89,88
20151208 12:32,107,40,93,35,111,52,130,63,94,61,10308,159,132,100,89,89
20151208 12:33,110,37,94,35,108,52,130,63,94,61,10308,159,132,100,90,89
20151208 12:34,100,31,95,34,92,48,130,63,94,61,10307,158,132,100,90,89
20151208 12:35,92,25,94,34,91,32,130,64,96,64,10307,158,131,100,90,89
20151208 12:36,91,26,95,33,92,32,131,63,95,62,10307,157,131,100,90,89
20151208 12:37,87,26,96,31,83,31,131,62,93,60,10307,157,131,100,90,89
20151208 12:38,88,22,97,30,93,29,130,61,91,57,10307,157,131,101,90,89
20151208 12:39,106,19,100,29,120,23,130,62,93,59,10307,157,131,101,90,89
20151208 12:40,100,20,97,28,80,38,131,63,95,62,10307,157,131,101,90,89
20151208 12:41,82,30,95,28,83,51,131,63,95,62,10307,156,131,101,90,89
20151208 12:42,88,33,93,27,93,48,131,62,93,60,10307,155,131,101,91,89
20151208 12:43,97,29,93,26,100,46,131,63,95,62,10306,154,131,101,91,89
20151208 12:44,102,32,94,27,104,44,131,62,93,60,10306,153,130,101,91,89
20151208 12:45,102,35,95,28,100,43,130,63,94,61,10307,153,130,102,91,89
20151208 12:46,101,39,96,29,103,49,130,63,94,61,10306,153,130,102,91,89
20151208 12:47,93,40,96,31,82,49,130,64,96,64,10307,153,130,102,91,89
20151208 12:48,85,31,95,31,88,34,130,63,94,61,10307,152,130,102,91,89
20151208 12:49,89,23,92,32,91,29,130,64,96,64,10306,152,130,102,91,90
20151208 12:50,97,30,95,33,103,54,130,64,96,64,10306,152,130,102,91,90
20151208 12:51,102,36,97,33,102,45,130,63,94,61,10306,152,130,102,91,90
20151208 12:52,97,33,97,33,92,43,130,63,94,61,10306,152,130,102,92,90
20151208 12:53,87,34,95,34,83,52,130,63,94,61,10306,151,130,103,92,90
20151208 12:54,79,39,92,34,76,52,130,63,94,61,10306,150,129,103,92,90
20151208 12:55,75,38,89,34,73,52,130,63,94,61,10306,150,129,103,92,90
20151208 12:56,74,38,86,34,74,54,130,63,94,61,10306,149,129,103,92,90
20151208 12:57,71,37,85,34,68,50,130,62,93,59,10306,149,129,103,92,90
20151208 12:58,73,36,84,35,78,45,129,62,92,58,10306,148,129,103,92,90
20151208 12:59,76,35,82,36,74,45,129,62,92,58,10306,148,129,103,92,90
20151208 13:00,72,30,79,35,70,42,129,62,92,58,10306,148,129,103,92,90
20151208 13:01,73,27,76,34,76,33,129,63,94,60,10306,149,129,103,92,90
20151208 13:02,87,28,77,34,97,47,129,63,94,60,10306,149,128,104,93,90
20151208 13:03,103,33,79,34,108,47,130,63,94,61,10306,149,128,104,93,90
20151208 13:04,104,34,82,33,100,52,130,63,94,61,10306,149,128,104,93,90
20151208 13:05,97,35,84,33,95,46,129,62,92,58,10306,148,128,104,93,90
20151208 13:06,95,35,86,33,95,48,129,62,92,58,10306,148,128,104,93,91
20151208 13:07,92,34,88,33,89,43,129,62,92,58,10305,147,128,104,93,91
20151208 13:08,88,33,89,32,86,45,129,62,92,58,10305,147,128,104,93,91
20151208 13:09,82,36,89,33,77,49,129,62,92,58,10305,146,128,104,93,91
20151208 13:10,82,34,91,33,87,38,129,63,94,60,10305,145,128,104,93,91
20151208 13:11,85,29,92,33,82,38,129,63,94,60,10305,144,128,104,93,91
20151208 13:12,84,24,90,32,86,28,129,64,95,63,10305,143,127,104,94,91
20151208 13:13,78,31,87,33,70,52,129,64,95,63,10305,143,127,104,94,91
20151208 13:14,71,35,84,32,72,38,128,63,93,59,10305,142,127,104,94,91
20151208 13:15,71,34,81,33,70,57,128,64,95,62,10305,142,127,105,94,91
20151208 13:16,75,39,80,33,81,56,128,64,95,62,10305,142,127,105,94,91
20151208 13:17,82,36,80,33,84,45,128,64,95,62,10305,142,127,105,94,91
20151208 13:18,86,34,80,33,88,44,128,65,96,64,10304,143,127,105,94,91
20151208 13:19,89,36,81,33,89,50,128,65,96,64,10304,144,127,105,94,91
20151208 13:20,86,33,81,33,84,41,128,65,96,64,10304,145,126,105,94,91
20151208 13:21,85,32,81,34,85,45,128,65,96,64,10304,145,126,105,94,91
20151208 13:22,83,33,80,35,80,41,128,65,96,64,10304,146,126,105,94,92
20151208 13:23,84,31,82,34,87,39,128,65,96,64,10304,146,126,105,95,92
20151208 13:24,85,35,83,35,82,47,128,65,96,64,10304,147,126,105,95,92
20151208 13:25,86,34,85,34,90,41,128,64,95,62,10303,146,126,105,95,92
20151208 13:26,89,29,86,33,89,40,128,64,95,62,10303,147,126,105,95,92
20151208 13:27,85,31,86,33,81,39,128,63,93,59,10303,146,126,105,95,92
20151208 13:28,84,33,85,33,87,42,128,63,93,59,10303,147,126,105,95,92
20151208 13:29,91,31,86,32,95,37,128,64,95,62,10303,147,126,105,95,92
20151208 13:30,99,31,88,32,103,48,129,64,95,63,10303,147,126,105,95,92
20151208 13:31,100,32,89,32,96,40,129,64,95,63,10303,147,125,106,95,92
20151208 13:32,92,28,90,31,89,42,129,64,95,63,10303,147,126,106,95,92
20151208 13:33,90,25,90,31,91,38,129,63,94,60,10303,148,125,106,95,92
20151208 13:34,91,26,91,29,91,34,129,63,94,60,10303,148,125,106,96,92
20151208 13:35,94,24,92,29,98,31,129,63,94,60,10303,149,125,106,96,92
20151208 13:36,101,24,93,29,103,37,129,64,95,63,10302,150,125,106,96,92
20151208 13:37,101,30,95,28,98,45,129,64,95,63,10302,149,125,106,96,92
20151208 13:38,94,28,95,28,91,31,129,63,94,60,10302,149,125,106,96,92
20151208 13:39,90,24,95,27,89,31,130,63,94,61,10302,149,125,106,96,92
20151208 13:40,92,23,94,26,95,29,130,63,94,61,10302,150,125,106,96,93
20151208 13:41,88,21,93,25,81,30,130,63,94,61,10302,150,125,106,96,93
20151208 13:42,89,22,94,25,98,32,130,63,94,61,10302,151,125,106,96,93
20151208 13:43,96,24,94,25,94,38,130,64,96,64,10301,152,125,106,96,93
20151208 13:44,94,30,94,26,94,45,130,62,93,59,10301,152,125,106,96,93
20151208 13:45,93,34,94,27,92,39,130,62,93,59,10301,151,125,106,96,93
20151208 13:46,94,29,93,27,96,31,130,63,94,61,10301,151,125,106,96,93
20151208 13:47,95,24,92,25,93,31,130,63,94,61,10301,151,126,106,97,93
20151208 13:48,96,26,93,26,100,36,130,64,96,64,10301,150,126,106,97,93
20151208 13:49,104,27,95,26,108,33,130,63,94,61,10301,150,126,106,97,93
20151208 13:50,110,26,97,27,112,36,130,64,96,64,10301,149,126,106,97,93
20151208 13:51,115,29,100,28,117,38,130,64,96,64,10301,149,126,106,97,93
20151208 13:52,111,28,101,28,105,35,129,63,94,60,10301,148,126,107,97,93
20151208 13:53,101,24,101,28,97,26,129,63,94,60,10301,148,126,107,97,93
20151208 13:54,102,20,103,26,106,25,129,64,95,63,10301,149,126,107,97,93
20151208 13:55,104,18,104,25,102,23,129,65,97,65,10301,148,126,107,97,93
20151208 13:56,88,17,102,24,75,25,130,65,97,66,10301,148,126,107,97,94
20151208 13:57,69,20,99,24,63,39,130,64,96,64,10301,148,126,107,97,94
20151208 13:58,66,24,96,23,68,34,130,64,96,64,10301,148,126,107,97,94
20151208 13:59,71,25,92,23,74,31,130,64,96,64,10301,147,126,107,97,94
20151208 14:00,76,26,88,23,78,43,130,65,97,66,10301,146,126,107,98,94
20151208 14:01,80,33,85,24,83,44,130,65,97,66,10301,145,126,107,98,94
20151208 14:02,83,32,83,24,82,34,130,64,96,64,10301,144,126,107,98,94
20151208 14:03,78,30,80,25,74,40,130,64,96,64,10302,143,126,107,98,94
20151208 14:04,78,33,78,27,82,40,130,64,96,64,10302,142,126,107,98,94
20151208 14:05,80,28,76,27,78,34,129,65,97,65,10302,141,126,107,98,94
20151208 14:06,85,27,77,29,91,40,129,65,97,65,10302,140,126,107,98,94
20151208 14:07,91,32,80,30,90,46,129,65,97,65,10302,140,126,107,98,94
20151208 14:08,86,37,81,31,83,47,129,65,97,65,10303,139,126,107,98,94
20151208 14:09,81,35,82,32,79,39,129,65,97,65,10303,139,126,107,98,94
20151208 14:10,84,30,83,32,90,38,128,65,96,64,10303,138,126,107,98,94
20151208 14:11,82,25,82,30,74,31,128,65,96,64,10303,138,126,107,98,94
20151208 14:12,74,23,81,30,74,30,128,66,97,66,10304,137,126,107,98,94
20151208 14:13,76,24,82,29,79,32,128,66,97,66,10304,137,126,107,98,95
20151208 14:14,77,26,81,29,74,37,128,66,97,66,10304,136,126,108,98,95
20151208 14:15,76,30,81,30,78,43,128,67,99,68,10304,136,126,108,98,95
20151208 14:16,85,30,81,29,92,30,128,66,97,66,10304,136,125,108,99,95
20151208 14:17,95,27,82,28,98,40,128,66,97,66,10304,136,125,108,99,95
20151208 14:18,95,29,83,27,92,36,128,66,97,66,10304,136,125,108,99,95
20151208 14:19,90,27,84,27,88,30,128,66,97,66,10304,135,125,108,99,95
20151208 14:20,94,25,85,26,100,34,128,67,99,68,10305,135,125,108,99,95
20151208 14:21,91,24,86,26,81,25,128,67,99,68,10305,134,125,108,99,95
20151208 14:22,81,23,86,26,80,31,128,67,99,68,10305,134,125,108,99,95
20151208 14:23,85,25,87,27,91,33,128,67,99,68,10305,133,125,108,99,95
20151208 14:24,90,26,89,26,90,33,127,66,97,65,10305,132,124,108,99,95
20151208 14:25,98,27,92,26,105,37,127,66,97,65,10305,132,124,108,99,95
20151208 14:26,97,23,91,25,89,33,127,67,98,67,10305,131,124,108,99,95
20151208 14:27,93,23,91,25,98,33,127,67,98,67,10305,130,124,108,99,95
20151208 14:28,96,27,92,25,94,35,127,67,98,67,10305,130,124,108,99,95
20151208 14:29,90,32,91,26,87,46,127,68,100,70,10305,130,124,108,99,95
20151208 14:30,85,33,90,26,84,39,127,67,98,67,10305,130,124,108,99,95
20151208 14:31,84,31,90,27,84,42,127,66,97,65,10305,129,124,108,99,96
20151208 14:32,84,36,90,29,83,46,126,67,98,66,10305,129,123,108,100,96
20151208 14:33,85,38,90,30,86,44,126,67,98,66,10305,129,123,108,100,96
20151208 14:34,83,31,89,30,81,35,126,67,98,66,10305,129,123,108,100,96
20151208 14:35,81,27,87,30,81,37,126,67,98,66,10305,129,123,108,100,96
20151208 14:36,77,27,85,31,73,39,126,67,98,66,10305,129,123,108,100,96
20151208 14:37,81,28,84,31,88,37,126,67,98,66,10305,129,123,108,100,96
20151208 14:38,89,31,84,32,89,40,126,67,98,66,10305,129,122,108,100,96
20151208 14:39,95,28,85,31,100,32,126,67,98,66,10305,129,122,108,100,96
20151208 14:40,101,26,87,30,101,34,126,67,98,66,10305,128,122,108,100,96
20151208 14:41,104,29,89,30,106,36,126,67,98,66,10305,128,122,108,100,96
20151208 14:42,101,25,90,28,95,29,126,67,98,66,10305,128,122,108,100,96
20151208 14:43,95,21,91,27,95,26,126,68,99,69,10305,128,122,109,100,96
20151208 14:44,95,23,92,27,95,33,126,68,99,69,10305,128,122,109,100,96
20151208 14:45,97,25,94,26,99,35,126,67,98,66,10305,128,121,109,100,96
20151208 14:46,96,25,96,26,93,35,126,67,98,66,10305,129,121,109,100,96
20151208 14:47,95,26,97,26,97,33,126,66,96,64,10305,129,121,109,100,96
20151208 14:48,94,26,97,25,91,35,126,66,96,64,10305,129,121,109,100,96
20151208 14:49,90,22,96,25,89,25,126,66,96,64,10305,128,121,109,100,96
20151208 14:50,89,21,95,24,89,31,126,67,98,66,10305,127,121,109,100,96
20151208 14:51,83,23,92,23,76,29,126,66,96,64,10305,126,121,109,101,97
20151208 14:52,82,21,91,23,88,27,126,66,96,64,10305,125,121,109,101,97
20151208 14:53,86,19,90,23,84,24,126,66,96,64,10305,125,121,109,101,97
20151208 14:54,91,18,90,22,97,20,125,66,96,63,10305,125,120,109,101,97
20151208 14:55,94,18,90,22,91,26,125,67,97,65,10306,125,120,109,101,97
20151208 14:56,94,18,90,21,97,20,125,67,97,65,10306,126,120,109,101,97
20151208 14:57,100,16,91,20,103,19,125,66,96,63,10306,126,120,109,101,97
20151208 14:58,102,12,92,18,101,14,126,67,98,66,10306,126,120,109,101,97
20151208 14:59,103,12,93,18,105,16,126,68,99,69,10306,126,120,109,101,97
20151208 15:00,109,16,96,17,113,30,126,68,99,69,10306,126,120,109,101,97
20151208 15:01,109,21,98,17,105,30,126,67,98,66,10306,125,120,109,101,97
20151208 15:02,102,22,100,17,100,31,126,67,98,66,10306,125,120,109,101,97
20151208 15:03,99,23,101,18,99,33,126,67,98,66,10306,125,119,109,101,97
20151208 15:04,104,25,102,19,110,31,125,67,97,65,10306,125,119,109,101,97
20151208 15:05,110,24,104,19,110,28,125,68,98,68,10306,125,119,109,101,97
20151208 15:06,110,26,106,20,111,40,125,68,98,68,10306,124,119,109,101,97
20151208 15:07,105,29,105,22,100,42,125,68,98,68,10306,124,119,109,101,97
20151208 15:08,99,28,105,23,99,35,125,68,98,68,10306,123,119,109,101,97
20151208 15:09,98,23,104,24,97,26,125,68,98,68,10306,123,119,109,101,97
20151208 15:10,94,18,102,24,90,19,125,69,100,70,10307,123,119,109,102,97
20151208 15:11,91,14,101,23,92,20,125,69,100,70,10307,122,119,109,102,97
20151208 15:12,90,17,100,23,88,27,125,69,100,70,10307,122,119,109,102,98
20151208 15:13,94,26,100,23,99,36,125,69,100,70,10307,122,119,109,102,98
20151208 15:14,102,32,99,24,104,42,125,67,97,65,10307,122,118,109,102,98
20151208 15:15,99,28,97,24,93,30,125,67,97,65,10307,122,118,109,102,98
20151208 15:16,96,29,96,25,100,42,125,67,97,65,10307,122,118,109,102,98
20151208 15:17,99,32,96,25,98,36,125,66,96,63,10307,122,118,109,102,98
20151208 15:18,97,27,96,25,96,32,125,66,96,63,10307,122,118,109,102,98
20151208 15:19,98,27,96,25,100,37,125,67,97,65,10307,122,118,109,102,98
20151208 15:20,100,27,97,26,100,32,125,67,97,65,10307,121,118,109,102,98
20151208 15:21,102,27,98,28,104,37,125,67,97,65,10307,121,118,109,102,98
20151208 15:22,101,25,99,28,98,25,125,66,96,63,10307,121,118,109,102,98
20151208 15:23,98,21,99,27,99,28,125,66,96,63,10307,120,117,109,102,98
20151208 15:24,100,24,99,26,102,33,125,66,96,63,10308,120,117,109,102,98
20151208 15:25,102,23,100,26,103,24,125,67,97,65,10308,119,117,109,102,98
20151208 15:26,104,20,100,24,104,24,125,67,97,65,10308,119,117,109,102,98
20151208 15:27,102,17,101,23,99,20,125,67,97,65,10308,119,117,109,102,98
20151208 15:28,98,15,101,22,97,28,125,67,97,65,10308,119,117,109,102,98
20151208 15:29,98,18,100,21,99,26,125,67,97,65,10308,119,117,109,102,98
20151208 15:30,108,17,102,20,117,21,124,67,96,65,10308,119,117,109,102,98
20151208 15:31,111,14,102,18,105,18,124,67,96,65,10308,119,117,109,102,98
20151208 15:32,103,15,103,18,102,27,124,68,98,67,10308,119,116,109,102,98
20151208 15:33,105,16,104,17,108,22,124,67,96,65,10308,120,116,109,102,98
20151208 15:34,105,17,103,17,101,28,124,67,96,65,10308,120,116,109,102,99
20151208 15:35,110,20,105,17,118,25,124,68,98,67,10309,120,116,109,103,99
20151208 15:36,122,21,107,17,125,30,124,67,96,65,10309,120,116,109,103,99
20151208 15:37,128,25,110,19,131,36,124,67,96,65,10309,119,116,109,102,99
20151208 15:38,119,23,111,19,107,24,124,65,94,60,10309,119,116,109,103,99
20151208 15:39,106,18,112,19,106,32,124,66,95,62,10309,119,116,109,103,99
20151208 15:40,108,21,111,20,109,29,124,66,95,62,10309,119,116,109,103,99
20151208 15:41,110,23,112,21,112,32,124,65,94,60,10308,119,116,109,103,99
20151208 15:42,113,24,113,22,115,30,124,65,94,60,10308,118,116,109,103,99
20151208 15:43,115,24,114,22,116,34,124,65,94,60,10308,118,116,109,103,99
20151208 15:44,115,21,115,22,115,25,124,65,94,60,10308,118,115,109,103,99
20151208 15:45,116,23,115,23,117,37,124,66,95,62,10308,118,115,108,103,99
20151208 15:46,114,21,114,22,111,24,124,65,94,60,10307,117,115,109,103,99
20151208 15:47,112,17,112,21,113,27,124,66,95,62,10307,117,115,109,103,99
20151208 15:48,110,20,112,22,108,26,124,66,95,62,10307,117,115,109,103,99
20151208 15:49,108,19,112,21,108,21,124,66,95,62,10307,117,115,108,103,99
20151208 15:50,104,17,112,21,100,23,124,67,96,65,10307,117,115,108,103,99
20151208 15:51,105,19,111,20,110,25,124,67,96,65,10307,117,115,108,103,99
20151208 15:52,107,21,110,20,104,24,124,67,96,65,10307,117,115,108,103,99
20151208 15:53,108,23,110,20,112,36,124,68,98,67,10307,117,115,108,103,99
20151208 15:54,103,22,108,20,95,25,124,67,96,65,10307,117,115,108,103,99
20151208 15:55,95,19,106,19,95,31,124,67,96,65,10307,117,115,108,103,99
20151208 15:56,97,25,105,21,100,39,124,67,96,65,10307,117,114,108,103,99
20151208 15:57,96,29,102,22,92,38,124,67,96,65,10307,117,114,108,103,99
20151208 15:58,95,27,101,22,98,33,124,66,95,62,10307,116,114,108,103,99
20151208 15:59,97,22,100,23,97,24,124,67,96,65,10307,116,114,108,103,99
20151208 16:00,101,23,101,24,105,37,124,67,96,65,10307,116,114,108,103,100
20151208 16:01,101,27,99,24,96,34,124,68,98,67,10307,116,114,108,103,100
20151208 16:02,92,30,98,25,88,39,123,68,97,66,10307,115,114,108,103,100
20151208 16:03,85,28,95,25,82,29,123,68,97,66,10307,115,114,108,103,100
20151208 16:04,78,25,93,26,74,36,123,68,97,66,10307,115,114,108,103,100
20151208 16:05,74,24,91,26,75,26,123,68,97,66,10307,114,114,108,103,100
20151208 16:06,72,19,88,25,70,21,123,69,99,68,10307,114,114,108,103,100
20151208 16:07,70,17,86,24,71,19,123,69,99,68,10307,114,114,108,103,100
20151208 16:08,72,19,83,23,73,31,123,69,99,68,10307,114,114,108,103,100
20151208 16:09,72,24,80,24,70,31,123,69,99,68,10306,113,113,108,103,100
20151208 16:10,72,24,77,23,74,26,123,69,99,68,10306,113,113,108,103,100
20151208 16:11,73,23,75,23,72,30,122,70,99,69,10306,113,113,108,103,100
20151208 16:12,74,23,74,22,75,26,122,70,99,69,10306,112,113,108,103,100
20151208 16:13,76,19,73,21,76,21,122,70,99,69,10306,112,113,108,103,100
20151208 16:14,75,16,73,20,73,20,122,70,99,69,10306,112,113,108,103,100
20151208 16:15,76,18,73,20,79,23,122,71,101,71,10306,111,113,108,104,100
20151208 16:16,75,19,73,20,71,22,122,71,101,71,10306,111,113,108,104,100
20151208 16:17,70,17,73,20,70,22,121,71,100,70,10306,111,113,108,104,100
20151208 16:18,70,16,73,19,71,20,121,71,100,70,10306,110,113,108,104,100
20151208 16:19,73,17,74,19,75,25,121,71,100,70,10306,110,113,108,104,100
20151208 16:20,77,19,74,18,78,23,121,71,100,70,10306,110,112,108,104,100
20151208 16:21,76,17,74,17,74,17,121,71,100,70,10306,109,112,108,104,100
20151208 16:22,74,15,74,17,74,22,121,71,100,70,10305,109,112,108,104,100
20151208 16:23,73,18,74,17,71,23,121,72,102,72,10305,109,112,108,104,100
20151208 16:24,74,19,74,18,77,26,120,72,101,71,10305,108,112,108,104,100
20151208 16:25,74,19,73,18,70,26,120,72,101,71,10305,108,112,108,104,100
20151208 16:26,71,19,73,18,71,26,120,72,101,71,10305,108,112,108,104,100
20151208 16:27,71,20,73,18,70,26,120,72,101,71,10306,107,112,108,104,101
20151208 16:28,72,20,73,18,73,23,120,72,101,71,10306,107,111,108,104,100
20151208 16:29,75,18,74,18,78,21,120,72,101,71,10306,107,111,108,104,101
20151208 16:30,75,17,73,18,71,25,119,72,100,70,10306,106,111,108,104,101
20151208 16:31,70,16,72,18,68,20,119,72,100,70,10305,106,111,108,104,101
20151208 16:32,68,17,72,18,69,25,119,72,100,70,10305,106,111,108,104,101
20151208 16:33,69,14,72,17,69,17,119,72,100,70,10305,106,111,108,104,101
20151208 16:34,66,13,70,17,63,20,119,72,100,70,10305,105,111,108,104,101
20151208 16:35,63,15,70,17,64,15,119,72,100,70,10305,105,111,108,104,101
20151208 16:36,64,13,69,16,64,16,119,73,102,72,10304,105,110,108,104,101
20151208 16:37,66,13,69,15,68,16,119,73,102,72,10304,104,110,108,104,101
20151208 16:38,65,13,68,15,62,17,118,73,101,71,10304,104,110,108,104,101
20151208 16:39,65,13,67,14,68,18,118,73,101,71,10305,104,110,108,104,101
20151208 16:40,71,13,67,14,74,16,118,73,101,71,10305,104,110,108,104,101
20151208 16:41,73,11,67,13,71,13,118,73,101,71,10305,103,110,108,104,101
20151208 16:42,71,10,67,12,71,13,118,73,101,71,10305,103,110,108,104,101
20151208 16:43,70,11,67,13,69,15,118,73,101,71,10305,103,110,108,104,101
20151208 16:44,69,11,68,12,69,13,118,73,101,71,10305,103,109,107,104,101
20151208 16:45,70,9,69,11,71,11,117,73,100,70,10305,103,109,107,104,101
20151208 16:46,71,11,69,12,70,22,117,73,100,70,10305,102,109,107,104,101
20151208 16:47,67,15,69,12,65,26,117,74,102,72,10305,102,109,107,104,101
20151208 16:48,66,13,70,12,67,16,117,73,100,70,10305,102,109,107,104,101
20151208 16:49,66,13,69,12,65,19,117,74,102,72,10305,102,109,107,104,101
20151208 16:50,67,16,69,12,68,22,117,74,102,72,10304,101,109,107,104,101
20151208 16:51,66,15,68,13,65,24,117,74,102,72,10304,101,108,107,104,101
20151208 16:52,68,15,68,13,71,22,116,74,101,71,10304,101,108,107,104,101
20151208 16:53,72,16,68,14,73,21,116,74,101,71,10304,100,108,107,104,101
20151208 16:54,75,17,69,15,76,26,116,74,101,71,10304,99,108,107,104,101
20151208 16:55,77,17,70,15,78,20,116,74,101,71,10304,99,108,107,104,101
20151208 16:56,78,14,70,15,77,16,115,74,100,70,10304,98,108,107,104,101
20151208 16:57,78,16,72,15,79,25,115,74,100,70,10304,97,108,107,104,101
20151208 16:58,83,17,74,16,86,22,115,74,100,70,10304,96,108,107,104,101
20151208 16:59,82,18,75,16,78,24,115,74,100,70,10304,95,107,107,104,101
20151208 17:00,80,18,76,17,81,21,114,74,100,69,10304,94,107,107,104,101
20151208 17:01,78,15,77,16,74,18,114,74,100,69,10304,94,107,107,104,101
20151208 17:02,77,14,78,16,80,18,114,74,100,69,10304,93,107,107,104,101
20151208 17:03,78,13,78,16,76,14,113,75,100,70,10304,92,107,107,104,102
20151208 17:04,77,12,79,15,78,15,113,75,100,70,10304,92,107,107,104,102
20151208 17:05,77,13,79,15,77,17,113,75,100,70,10304,91,106,107,104,102
20151208 17:06,80,13,79,15,84,18,112,75,100,69,10304,90,106,107,104,102
20151208 17:07,84,13,80,14,84,17,112,75,100,69,10304,90,106,107,104,102
20151208 17:08,82,15,79,14,79,18,112,75,100,69,10304,89,106,107,104,102
20151208 17:09,78,13,79,13,76,16,111,75,99,68,10304,89,106,107,104,102
20151208 17:10,78,12,79,13,80,15,111,76,100,70,10304,88,105,107,104,102
20151208 17:11,76,13,79,13,72,16,111,76,100,70,10304,88,105,107,104,102
20151208 17:12,80,14,79,13,88,16,110,76,100,69,10304,87,105,107,104,102
20151208 17:13,84,16,80,14,80,27,110,76,100,69,10303,87,105,107,104,102
20151208 17:14,82,20,80,15,84,27,110,76,100,69,10303,86,104,106,104,102
20151208 17:15,84,21,81,15,84,26,109,76,99,68,10304,86,104,106,104,102
20151208 17:16,85,22,81,16,85,26,109,76,99,68,10304,85,104,106,104,102
20151208 17:17,88,20,82,17,90,23,109,76,99,68,10304,85,104,106,104,102
20151208 17:18,87,19,82,17,85,24,109,77,100,70,10304,85,104,106,104,102
20151208 17:19,87,19,84,18,89,23,109,77,100,70,10304,84,103,106,104,102
20151208 17:20,88,17,84,18,87,21,109,77,100,70,10304,84,103,106,104,102
20151208 17:21,85,17,86,19,83,20,108,77,100,69,10304,84,103,106,104,102
20151208 17:22,80,18,84,19,77,24,108,77,100,69,10303,83,103,106,104,102
20151208 17:23,77,18,84,19,76,25,108,77,100,69,10303,83,102,106,104,102
20151208 17:24,77,16,83,18,78,18,107,77,99,68,10303,83,102,106,104,102
20151208 17:25,78,18,83,18,79,24,107,77,99,68,10302,83,102,106,104,102
20151208 17:26,76,16,82,17,73,20,107,77,99,68,10302,83,102,106,104,102
20151208 17:27,74,14,80,17,75,22,107,78,100,70,10302,83,101,106,104,102
20151208 17:28,81,16,80,17,87,20,106,78,100,69,10302,83,101,106,104,102
20151208 17:29,89,17,80,17,90,19,106,78,100,69,10302,83,101,106,104,102
20151208 17:30,95,15,82,17,100,15,106,78,100,69,10302,82,101,106,104,102
20151208 17:31,100,13,83,16,100,17,106,78,100,69,10302,82,100,106,104,102
20151208 17:32,98,14,85,16,95,17,105,79,100,70,10302,81,100,106,104,102
20151208 17:33,93,15,87,16,91,17,105,79,100,70,10302,80,100,106,104,102
20151208 17:34,87,15,87,15,83,19,105,79,100,70,10302,80,100,106,104,102
20151208 17:35,83,15,88,15,83,19,104,79,100,69,10302,79,100,105,104,102
20151208 17:36,82,16,88,15,81,21,104,79,100,69,10302,79,99,105,104,102
20151208 17:37,81,18,89,16,81,22,104,79,100,69,10303,78,99,105,104,102
20151208 17:38,81,17,88,16,81,19,103,79,99,68,10303,78,99,105,104,102
20151208 17:39,82,16,88,16,83,21,103,80,100,70,10303,77,99,105,104,102
20151208 17:40,84,16,86,16,85,17,103,80,100,70,10303,77,99,105,104,102
20151208 17:41,84,15,84,16,82,19,103,80,100,70,10303,77,98,105,104,102
20151208 17:42,87,15,84,16,92,17,102,80,99,69,10303,76,98,105,104,102
20151208 17:43,92,16,84,16,92,22,102,80,99,69,10303,76,98,105,104,102
20151208 17:44,91,18,85,17,90,23,102,80,99,69,10303,75,98,105,104,102
20151208 17:45,89,19,85,17,88,24,102,80,99,69,10304,75,98,105,104,102
20151208 17:46,90,18,87,17,92,20,102,80,99,69,10304,75,97,105,104,102
20151208 17:47,91,17,88,17,91,19,101,80,99,68,10304,74,97,105,104,102
20151208 17:48,89,16,88,17,88,21,101,81,100,70,10304,74,97,105,104,102
20151208 17:49,94,15,90,16,99,17,101,81,100,70,10304,73,97,105,104,102
20151208 17:50,96,12,91,16,94,13,101,81,100,70,10304,73,96,104,104,102
20151208 17:51,92,12,92,16,90,19,100,81,99,69,10304,73,96,104,104,103
20151208 17:52,89,14,91,16,88,19,100,81,99,69,10304,72,96,104,104,103
20151208 17:53,88,16,91,16,88,22,100,81,99,69,10304,72,96,104,104,103
20151208 17:54,87,17,90,16,86,22,100,82,101,71,10304,72,95,104,104,103
20151208 17:55,86,17,90,16,87,22,99,82,100,70,10304,72,95,104,104,103
20151208 17:56,87,19,90,16,86,23,99,82,100,70,10304,72,95,104,104,103
20151208 17:57,84,21,89,16,81,28,99,82,100,70,10304,72,95,104,104,103
20151208 17:58,83,21,88,17,86,23,99,82,100,70,10304,72,95,104,104,103
20151208 17:59,86,22,87,18,86,27,98,82,99,69,10304,72,94,104,104,103
20151208 18:00,87,21,87,19,88,25,98,82,99,69,10304,72,94,104,104,103
20151208 18:01,92,19,87,19,95,23,98,82,99,69,10304,71,94,104,104,103
20151208 18:02,97,18,88,19,99,25,98,82,99,69,10304,71,94,104,104,103
20151208 18:03,99,17,89,19,100,20,98,82,99,69,10304,71,93,104,104,103
20151208 18:04,97,17,90,20,93,22,98,83,100,71,10305,71,93,104,104,103
20151208 18:05,91,18,90,19,89,21,98,83,100,71,10305,71,93,103,104,103
20151208 18:06,87,18,90,19,86,22,98,83,100,71,10305,71,93,103,104,103
20151208 18:07,83,19,90,19,80,23,98,83,100,71,10305,71,93,103,104,103
20151208 18:08,78,19,89,19,76,22,98,83,100,71,10305,71,92,103,104,103
20151208 18:09,78,18,89,19,80,24,97,83,100,70,10305,71,92,103,104,103
20151208 18:10,79,19,88,19,79,23,97,83,100,70,10305,71,92,103,104,103
20151208 18:11,77,21,86,19,75,26,97,83,100,70,10305,71,92,103,104,103
20151208 18:12,75,20,83,19,75,26,97,83,100,70,10305,71,92,103,104,103
20151208 18:13,76,19,81,19,78,21,97,83,100,70,10306,71,92,103,104,103
20151208 18:14,76,18,79,19,75,23,97,83,100,70,10306,71,91,103,104,103
20151208 18:15,73,19,77,19,71,23,97,83,100,70,10306,70,91,103,104,103
20151208 18:16,71,17,76,19,72,21,97,83,100,70,10306,70,91,102,104,103
20151208 18:17,72,17,75,19,72,24,97,83,100,70,10306,70,91,102,104,103
20151208 18:18,75,18,75,19,77,23,97,83,100,70,10306,70,91,102,104,103
20151208 18:19,75,18,75,19,73,21,96,83,99,69,10306,69,90,102,104,103
20151208 18:20,72,17,74,19,72,22,96,83,99,69,10306,69,90,102,104,103
20151208 18:21,73,18,74,18,75,22,96,83,99,69,10307,69,90,102,104,103
20151208 18:22,76,18,74,18,77,23,96,83,99,69,10307,68,90,102,104,103
20151208 18:23,78,18,74,18,79,21,96,83,99,69,10307,68,90,102,104,103
20151208 18:24,78,18,75,18,78,20,96,84,100,70,10306,68,90,102,104,103
20151208 18:25,77,17,75,18,76,21,95,84,100,69,10306,67,90,102,104,103
20151208 18:26,77,18,76,18,78,22,95,84,100,69,10306,67,89,102,104,103
20151208 18:27,77,19,76,18,76,22,95,84,100,69,10306,66,89,102,104,103
20151208 18:28,76,19,76,18,76,22,95,84,100,69,10306,66,89,102,104,103
20151208 18:29,74,19,76,18,71,21,95,84,100,69,10306,66,89,101,104,103
20151208 18:30,73,18,76,18,74,20,94,84,99,68,10306,65,89,101,104,103
20151208 18:31,74,17,76,18,74,20,94,84,99,68,10306,65,89,101,104,103
20151208 18:32,73,18,75,18,72,21,94,85,100,70,10306,65,88,101,104,103
20151208 18:33,72,18,75,18,72,20,94,85,100,70,10306,64,88,101,104,103
20151208 18:34,72,16,74,18,71,19,94,85,100,70,10306,64,88,101,104,103
20151208 18:35,72,16,74,18,72,20,93,85,100,69,10305,64,88,101,104,103
20151208 18:36,71,16,73,18,70,19,93,85,100,69,10305,63,88,101,104,103
20151208 18:37,69,16,72,17,68,20,93,85,100,69,10305,63,88,101,104,103
20151208 18:38,67,15,71,17,67,19,93,85,100,69,10305,63,87,101,104,103
20151208 18:39,66,16,71,16,66,19,92,85,99,68,10305,63,87,101,104,103
20151208 18:40,64,16,70,16,63,18,92,86,100,70,10304,62,87,100,104,103
20151208 18:41,63,15,68,16,63,17,92,86,100,70,10304,62,87,100,104,103
20151208 18:42,62,14,67,16,62,19,92,86,100,70,10305,62,87,100,104,103
20151208 18:43,61,14,66,15,61,17,91,86,99,69,10305,61,87,100,104,103
20151208 18:44,61,14,65,15,60,17,91,86,99,69,10305,61,86,100,104,103
20151208 18:45,61,13,64,15,62,15,91,86,99,69,10305,61,86,100,104,103
20151208 18:46,61,12,63,14,60,16,90,86,99,68,10305,61,86,100,104,103
20151208 18:47,61,12,62,14,61,16,90,86,99,68,10305,60,86,100,103,103
20151208 18:48,60,12,62,14,59,15,90,86,99,68,10305,60,86,100,103,103
20151208 18:49,58,12,61,13,57,16,90,86,99,68,10305,60,85,100,103,103
20151208 18:50,60,12,61,13,62,18,90,87,100,70,10305,60,85,100,103,103
20151208 18:51,62,12,61,13,62,14,90,87,100,70,10305,59,85,100,103,103
20151208 18:52,60,10,60,12,57,11,89,87,99,69,10305,59,85,100,103,103
20151208 18:53,57,9,60,12,57,10,89,87,99,69,10305,59,85,99,103,103
20151208 18:54,60,8,60,11,63,11,89,87,99,69,10305,59,85,99,103,103
20151208 18:55,65,9,60,11,67,13,89,86,98,67,10305,58,84,99,103,103
20151208 18:56,67,10,61,11,67,13,88,86,97,66,10305,58,84,99,103,103
20151208 18:57,66,11,62,11,65,13,87,86,97,65,10305,58,84,99,103,103
20151208 18:58,66,11,62,10,66,14,87,87,98,67,10305,58,84,99,103,103
20151208 18:59,68,12,64,10,69,14,87,87,98,67,10304,58,84,99,103,103
20151208 19:00,70,13,64,10,71,14,86,87,97,66,10304,57,84,99,103,103
20151208 19:01,70,13,65,11,69,14,86,87,97,66,10304,57,83,99,103,103
20151208 19:02,70,12,66,11,70,13,85,87,96,65,10304,57,83,99,103,103
20151208 19:03,70,12,68,11,70,12,85,88,98,66,10304,57,83,99,103,103
20151208 19:04,71,12,69,12,72,13,84,88,97,65,10304,57,83,99,103,103
20151208 19:05,72,11,69,12,72,11,84,88,97,65,10304,57,83,98,103,103
20151208 19:06,72,9,70,11,72,10,83,88,96,64,10305,56,83,98,103,103
20151208 19:07,72,9,70,11,73,10,83,88,96,64,10305,56,82,98,103,103
20151208 19:08,74,9,71,11,74,9,83,89,97,66,10305,56,82,98,103,103
20151208 19:09,76,9,72,11,77,9,82,89,97,65,10305,56,82,98,103,103
20151208 19:10,76,9,72,10,76,11,82,89,97,65,10305,56,82,98,103,103
20151208 19:11,74,11,73,10,72,13,82,89,97,65,10305,56,82,98,103,103
20151208 19:12,71,13,73,10,69,15,82,89,97,65,10305,55,82,98,103,103
20151208 19:13,69,13,72,10,68,15,81,90,97,66,10305,55,81,98,103,103
20151208 19:14,68,14,72,11,68,16,81,90,97,66,10305,55,81,98,103,103
20151208 19:15,68,16,72,11,68,19,81,90,97,66,10305,55,81,98,103,103
20151208 19:16,68,17,71,12,67,19,80,90,96,65,10305,55,81,98,103,103
20151208 19:17,66,16,70,13,65,19,80,90,96,65,10305,55,81,97,103,103
20151208 19:18,64,15,69,13,63,17,79,91,97,65,10305,55,81,97,103,103
20151208 19:19,62,14,68,14,61,16,79,91,97,65,10305,55,80,97,103,103
20151208 19:20,59,13,66,14,58,16,79,91,97,65,10306,55,80,97,103,103
20151208 19:21,59,12,65,14,59,15,79,91,97,65,10306,55,80,97,102,103
20151208 19:22,59,11,64,14,58,13,79,91,97,65,10306,55,80,97,102,103
20151208 19:23,60,11,63,14,61,14,79,91,97,65,10306,55,80,97,102,103
20151208 19:24,61,11,62,13,60,12,79,91,97,65,10306,55,80,97,102,103
20151208 19:25,61,11,61,13,61,14,79,92,98,67,10306,55,79,97,102,103
20151208 19:26,61,11,61,12,61,12,78,92,97,66,10306,54,79,97,102,103
20151208 19:27,61,11,60,12,61,13,78,92,97,66,10306,54,79,97,102,103
20151208 19:28,62,12,60,11,62,14,78,92,97,66,10305,54,79,96,102,103
20151208 19:29,61,11,60,11,60,12,78,92,97,66,10305,54,79,96,102,103
20151208 19:30,60,11,60,11,61,14,78,92,97,66,10305,54,79,96,102,103
20151208 19:31,61,11,61,11,61,12,78,92,97,66,10305,54,79,96,102,103
20151208 19:32,60,10,61,11,60,10,78,92,97,66,10305,54,79,96,102,103
20151208 19:33,60,10,61,11,61,13,78,92,97,66,10305,54,78,96,102,103
20151208 19:34,61,11,61,11,60,12,78,92,97,66,10305,54,78,96,102,103
20151208 19:35,61,11,61,11,61,13,78,92,97,66,10304,54,78,96,102,103
20151208 19:36,63,13,61,11,66,17,78,93,98,67,10304,54,78,96,102,103
20151208 19:37,65,15,62,11,64,17,78,93,98,67,10304,54,78,96,102,103
20151208 19:38,64,15,62,12,64,17,77,93,98,66,10304,54,78,96,102,103
20151208 19:39,62,13,62,12,61,14,77,93,98,66,10305,54,78,96,102,103
20151208 19:40,60,11,62,12,60,13,77,93,98,66,10305,54,78,95,102,103
20151208 19:41,60,11,62,12,61,12,77,93,98,66,10305,54,77,95,102,103
20151208 19:42,60,11,62,12,60,13,77,93,98,66,10305,54,77,95,102,103
20151208 19:43,59,12,62,12,59,14,78,93,98,67,10305,54,77,95,102,103
20151208 19:44,59,13,61,13,59,15,78,93,98,67,10305,54,77,95,102,103
20151208 19:45,58,15,61,13,57,19,78,93,98,67,10305,54,77,95,102,103
20151208 19:46,56,15,60,13,55,18,78,93,98,67,10305,53,77,95,102,103
20151208 19:47,56,15,59,13,56,20,78,93,98,67,10305,54,77,95,102,103
20151208 19:48,55,16,58,13,54,21,79,93,99,68,10305,53,77,95,101,103
20151208 19:49,57,16,58,14,59,20,79,93,99,68,10305,53,77,95,101,103
20151208 19:50,56,14,57,14,53,18,79,93,99,68,10306,53,76,95,101,103
20151208 19:51,55,14,57,14,58,17,79,93,99,68,10306,53,76,95,101,103
20151208 19:52,58,12,57,14,59,15,79,92,98,67,10306,54,76,94,101,103
20151208 19:53,60,12,57,14,62,18,79,92,98,67,10306,53,76,94,101,103
20151208 19:54,63,12,58,14,63,14,79,92,98,67,10306,54,76,94,101,103
20151208 19:55,61,13,58,14,59,20,80,92,99,68,10305,54,76,94,101,103
20151208 19:56,60,14,58,14,60,22,80,92,99,68,10305,54,76,94,101,103
20151208 19:57,57,15,58,14,54,21,80,92,99,68,10305,54,76,94,101,103
20151208 19:58,52,14,58,13,50,17,80,92,99,68,10305,54,76,94,101,103
20151208 19:59,53,14,57,13,55,19,80,92,99,68,10305,54,76,94,101,103
20151208 20:00,56,14,58,13,56,21,80,92,99,68,10305,54,75,94,101,103
