time_now,wd_avg_2mins,ws_avg_2mins,wd_avg_10mins,ws_avg_10mins,wd_maxsp_this_min,ws_maxsp_this_min,air_temp_by_box,relative_humidity,water_vapor_pressure,dew_temp,station_pressure,ground_temp_pt,ground_tem_5cm,ground_tem_10cm,ground_tem_15cm,ground_tem_20cm
20160106 20:01,34,36,40,38,36,49,91,88,102,72,10243,86,92,99,105,108
20160106 20:02,34,37,39,40,33,67,91,88,102,72,10242,86,92,99,105,108
20160106 20:03,35,48,39,42,37,60,91,88,102,72,10242,86,92,99,105,108
20160106 20:04,37,38,38,42,37,48,91,88,102,72,10242,86,92,99,105,108
20160106 20:05,38,32,39,42,39,54,91,88,102,72,10243,86,92,99,105,108
20160106 20:06,47,37,40,41,54,57,91,88,102,72,10243,86,92,99,105,108
20160106 20:07,43,33,39,38,33,43,91,88,102,72,10243,86,92,99,105,108
20160106 20:08,33,36,38,38,33,69,91,88,102,72,10243,86,92,99,105,108
20160106 20:09,40,45,38,39,46,63,92,88,102,73,10243,86,92,99,105,108
20160106 20:10,41,42,38,38,36,52,92,88,102,73,10242,86,92,99,105,108
20160106 20:11,41,42,39,40,46,69,92,88,102,73,10242,86,92,99,105,108
20160106 20:12,49,41,41,39,53,54,92,88,102,73,10242,86,92,99,105,108
20160106 20:13,47,39,42,39,41,58,91,88,102,72,10241,86,92,99,105,108
20160106 20:14,44,41,43,40,46,63,91,88,102,72,10241,86,92,99,105,108
20160106 20:15,47,38,44,40,48,49,91,88,102,72,10242,86,92,99,105,108
20160106 20:16,47,39,43,40,47,61,91,88,102,72,10242,86,92,99,105,108
20160106 20:17,47,42,44,42,48,59,91,89,103,74,10242,86,92,99,105,108
20160106 20:18,50,36,46,40,52,47,91,89,103,74,10241,86,92,99,105,108
20160106 20:19,49,37,46,40,46,65,91,89,103,74,10241,86,92,99,105,108
20160106 20:20,46,41,47,40,47,48,91,89,103,74,10241,86,92,99,105,108
20160106 20:21,50,32,48,38,53,42,91,89,103,74,10241,86,92,99,105,108
20160106 20:22,47,30,47,37,40,42,91,89,103,74,10241,86,92,99,105,108
20160106 20:23,41,37,47,37,41,66,91,89,103,74,10242,86,92,99,104,108
20160106 20:24,50,41,48,37,58,53,91,89,103,74,10241,86,92,99,104,108
20160106 20:25,54,39,48,38,49,56,91,89,103,74,10242,86,92,99,104,108
20160106 20:26,46,37,48,37,42,59,91,89,103,74,10241,86,92,99,104,108
20160106 20:27,42,41,47,37,41,70,91,89,103,74,10242,86,92,99,104,108
20160106 20:28,44,46,46,39,47,60,91,89,103,74,10242,86,92,99,104,108
20160106 20:29,45,47,46,39,42,63,91,89,103,74,10243,86,92,99,104,108
20160106 20:30,44,41,46,39,46,52,91,89,103,74,10243,86,92,99,104,108
20160106 20:31,43,36,45,40,40,62,91,89,103,74,10243,86,92,99,104,108
20160106 20:32,41,38,45,41,41,57,91,89,103,74,10244,85,91,99,104,107
20160106 20:33,46,36,46,40,50,67,91,89,103,74,10244,86,91,99,104,107
20160106 20:34,46,40,44,40,42,57,91,89,103,74,10245,85,91,99,104,107
20160106 20:35,43,41,43,40,43,50,91,89,103,74,10245,85,91,99,104,107
20160106 20:36,39,38,43,41,34,51,91,89,103,74,10245,85,91,99,104,107
20160106 20:37,41,28,43,38,48,31,91,89,103,74,10245,86,91,99,104,107
20160106 20:38,49,33,44,38,50,65,91,89,103,74,10246,86,91,99,104,107
20160106 20:39,48,38,44,36,46,41,91,89,103,74,10246,86,91,99,104,107
20160106 20:40,37,36,42,37,28,74,91,89,103,74,10246,86,91,99,104,107
20160106 20:41,37,44,43,37,46,62,91,89,103,74,10246,85,91,99,104,107
20160106 20:42,42,47,43,39,39,76,91,89,103,74,10246,85,91,99,104,107
20160106 20:43,35,43,41,39,31,60,91,89,103,74,10245,85,91,99,104,107
20160106 20:44,31,37,40,38,30,58,91,89,103,74,10245,85,91,99,104,107
20160106 20:45,39,32,40,37,48,51,91,89,103,74,10245,85,91,99,104,107
20160106 20:46,45,39,41,39,42,63,91,89,103,74,10244,85,91,99,104,107
20160106 20:47,38,42,39,40,34,56,91,89,103,74,10244,85,91,99,104,107
20160106 20:48,34,38,38,40,34,59,91,89,103,74,10245,85,91,99,104,107
20160106 20:49,37,43,37,41,41,66,91,89,103,74,10245,85,91,99,104,107
20160106 20:50,41,36,39,39,41,45,91,89,103,74,10245,85,91,99,104,107
20160106 20:51,42,33,38,39,43,53,91,89,103,74,10245,85,91,99,104,107
20160106 20:52,40,39,38,38,36,56,91,89,103,74,10245,85,91,99,104,107
20160106 20:53,39,30,39,36,42,27,91,89,103,74,10245,85,91,99,104,107
20160106 20:54,40,25,40,35,38,42,91,89,103,74,10245,85,91,99,104,107
20160106 20:55,38,30,39,36,38,49,91,89,103,74,10245,85,91,99,104,107
20160106 20:56,33,40,38,35,28,70,91,89,103,74,10246,85,91,99,104,107
20160106 20:57,36,44,39,36,45,49,91,89,103,74,10246,85,91,99,104,107
20160106 20:58,46,33,40,34,47,44,91,89,103,74,10246,85,91,99,104,107
20160106 20:59,51,25,41,33,55,35,91,89,103,74,10246,85,91,99,104,107
20160106 21:00,46,22,41,32,38,39,91,89,103,74,10246,86,91,98,104,107
20160106 21:01,41,21,41,30,44,31,91,89,103,74,10247,86,91,98,104,107
20160106 21:02,40,23,41,28,37,36,91,89,103,74,10247,86,91,98,104,107
20160106 21:03,42,24,42,29,47,36,91,89,103,74,10247,86,91,98,104,107
20160106 21:04,40,27,41,29,32,40,91,90,104,75,10246,86,91,98,104,107
20160106 21:05,36,32,42,29,42,56,91,89,103,74,10246,86,91,98,104,107
20160106 21:06,37,34,42,28,32,50,91,89,103,74,10246,86,91,98,104,107
20160106 21:07,38,31,42,27,44,36,91,89,103,74,10246,86,91,98,104,107
20160106 21:08,39,24,41,26,35,35,91,90,104,75,10246,86,91,98,104,107
20160106 21:09,38,24,39,26,42,33,91,90,104,75,10246,86,91,98,104,107
20160106 21:10,39,25,39,27,35,42,91,90,104,75,10246,86,91,98,104,107
20160106 21:11,45,22,40,27,56,42,91,90,104,75,10246,86,91,98,104,107
20160106 21:12,49,28,41,28,42,54,91,90,104,75,10246,86,91,98,104,107
20160106 21:13,41,37,40,29,40,54,91,90,104,75,10245,86,91,98,104,107
20160106 21:14,44,37,41,30,47,45,91,90,104,75,10245,86,91,98,104,107
20160106 21:15,42,32,41,29,37,45,91,90,104,75,10245,86,91,98,104,107
20160106 21:16,40,26,42,28,43,32,91,90,104,75,10245,86,91,98,104,107
20160106 21:17,37,31,41,29,31,50,91,90,104,75,10245,86,91,98,104,107
20160106 21:18,36,31,41,30,41,35,91,90,104,75,10245,86,91,98,104,107
20160106 21:19,46,27,42,30,50,42,91,90,104,75,10245,86,91,98,104,107
20160106 21:20,48,29,43,30,46,36,91,90,104,75,10245,86,91,98,104,107
20160106 21:21,46,30,42,31,46,40,91,90,104,75,10245,86,91,98,104,107
20160106 21:22,43,35,42,32,40,54,91,90,104,75,10246,86,91,98,104,107
20160106 21:23,41,38,42,31,42,54,91,90,104,75,10246,86,91,98,104,107
20160106 21:24,40,31,41,31,38,40,91,90,104,75,10246,86,91,98,104,107
20160106 21:25,41,24,42,30,44,48,91,90,104,75,10246,86,91,98,104,107
20160106 21:26,42,32,42,32,39,55,91,90,104,75,10246,86,91,98,104,107
20160106 21:27,38,37,42,31,36,44,91,90,104,75,10246,86,91,98,104,107
20160106 21:28,39,29,42,31,42,38,91,90,104,75,10246,86,91,98,104,107
20160106 21:29,38,29,41,32,35,46,91,90,104,75,10246,86,91,98,104,107
20160106 21:30,41,33,41,32,48,45,91,90,104,75,10246,86,91,98,104,107
20160106 21:31,44,30,40,32,40,52,91,90,104,75,10245,86,91,98,104,107
20160106 21:32,43,26,41,31,46,52,91,90,104,75,10245,86,91,98,104,107
20160106 21:33,48,29,42,30,50,35,91,90,104,75,10246,86,91,98,104,107
20160106 21:34,45,24,42,29,40,31,91,90,104,75,10246,86,91,98,104,107
20160106 21:35,39,24,41,30,37,43,91,90,104,75,10246,86,91,98,104,107
20160106 21:36,41,34,42,29,45,48,91,90,104,75,10246,86,91,98,104,107
20160106 21:37,45,31,43,29,45,37,91,90,104,75,10246,86,91,98,104,107
20160106 21:38,45,23,43,28,45,31,91,90,104,75,10246,86,91,98,104,107
20160106 21:39,44,23,44,28,43,41,91,90,104,75,10246,86,91,98,104,107
20160106 21:40,41,30,43,28,40,47,91,90,104,75,10246,86,91,98,104,107
20160106 21:41,46,32,44,28,51,42,91,90,104,75,10246,86,91,98,104,107
20160106 21:42,45,32,44,29,40,53,91,90,104,75,10246,86,91,98,104,107
20160106 21:43,44,33,43,29,48,42,92,90,105,76,10246,86,91,98,104,107
20160106 21:44,40,37,43,31,33,68,92,89,103,75,10247,86,91,98,104,107
20160106 21:45,34,44,42,33,34,65,92,89,103,75,10247,86,91,98,104,107
20160106 21:46,38,42,42,33,41,65,92,89,103,75,10247,86,91,98,104,107
20160106 21:47,35,36,41,34,30,46,92,89,103,75,10247,86,91,98,104,107
20160106 21:48,35,29,40,34,40,36,92,89,103,75,10247,86,91,98,104,107
20160106 21:49,36,29,39,35,32,46,92,89,103,75,10248,86,91,98,104,107
20160106 21:50,35,31,39,34,37,45,92,90,105,76,10248,86,91,98,104,107
20160106 21:51,30,27,36,34,23,30,92,90,105,76,10248,86,91,98,104,107
20160106 21:52,25,24,35,33,28,36,92,90,105,76,10248,86,91,98,104,107
20160106 21:53,31,25,33,32,33,40,92,90,105,76,10248,86,91,98,104,107
20160106 21:54,30,35,32,32,27,62,92,90,105,76,10249,86,91,98,104,107
20160106 21:55,29,41,32,32,31,52,92,90,105,76,10249,86,91,98,104,107
20160106 21:56,35,33,32,30,38,43,92,90,105,76,10250,86,91,98,103,107
20160106 21:57,33,26,32,30,29,33,92,90,105,76,10250,86,91,98,104,107
20160106 21:58,32,22,31,29,35,29,92,89,103,75,10251,86,91,98,103,107
20160106 21:59,38,20,32,28,41,29,92,89,103,75,10251,86,91,98,103,107
20160106 22:00,45,23,33,27,50,35,92,90,105,76,10250,86,91,98,103,107
20160106 22:01,56,22,37,27,61,26,92,90,105,76,10250,86,91,98,103,107
20160106 22:02,51,20,39,27,42,33,92,90,105,76,10250,86,91,98,103,107
20160106 22:03,43,23,40,26,44,48,92,90,105,76,10251,86,91,98,103,107
20160106 22:04,39,28,40,25,33,47,92,90,105,76,10252,87,91,98,103,107
20160106 22:05,38,38,42,26,43,69,93,89,104,76,10252,87,91,98,103,107
20160106 22:06,48,41,43,27,53,52,93,89,104,76,10252,86,91,98,103,107
20160106 22:07,48,33,44,27,42,34,93,89,104,76,10252,87,91,98,103,107
20160106 22:08,38,29,44,28,35,46,93,89,104,76,10251,87,91,98,103,107
20160106 22:09,34,35,43,30,32,53,93,89,104,76,10250,87,91,98,103,107
20160106 22:10,34,36,42,31,36,49,93,88,103,74,10250,87,91,98,103,107
20160106 22:11,40,32,40,32,45,39,93,88,103,74,10250,86,91,98,103,107
20160106 22:12,42,30,40,33,40,45,93,88,103,74,10250,87,91,98,103,107
20160106 22:13,35,31,39,34,31,51,94,88,104,75,10250,87,91,98,103,107
20160106 22:14,35,35,40,34,39,49,94,88,104,75,10250,87,91,98,103,107
20160106 22:15,37,36,39,33,34,47,94,88,104,75,10250,87,91,98,103,107
20160106 22:16,35,34,37,33,36,48,94,88,104,75,10250,87,91,98,103,107
20160106 22:17,39,32,37,33,42,39,94,87,103,73,10250,87,91,98,103,107
20160106 22:18,42,27,38,32,41,40,94,87,103,73,10250,87,91,98,103,107
20160106 22:19,39,27,38,32,37,40,94,87,103,73,10250,87,91,98,103,107
20160106 22:20,39,28,39,31,41,39,94,87,103,73,10250,87,91,98,103,107
20160106 22:21,38,28,38,31,35,46,94,87,103,73,10250,87,91,98,103,107
20160106 22:22,36,34,37,32,37,52,94,87,103,73,10249,87,91,98,103,107
20160106 22:23,35,38,38,32,34,55,94,87,103,73,10248,87,91,98,103,107
20160106 22:24,39,38,38,32,44,63,94,87,103,73,10248,87,91,98,103,107
20160106 22:25,42,36,39,32,40,46,94,87,103,73,10249,87,91,98,103,107
20160106 22:26,40,32,39,32,39,45,94,87,103,73,10250,87,91,98,103,107
20160106 22:27,41,29,39,32,43,36,95,87,103,74,10250,87,91,98,103,107
20160106 22:28,39,31,39,33,36,49,95,87,103,74,10251,87,91,98,103,107
20160106 22:29,39,36,39,34,42,54,95,87,103,74,10251,87,91,98,103,107
20160106 22:30,44,35,40,34,47,48,95,87,103,74,10250,87,91,98,103,107
20160106 22:31,40,33,39,35,32,47,95,86,102,73,10250,87,91,98,103,107
20160106 22:32,39,32,40,34,47,42,95,86,102,73,10249,87,91,98,103,107
20160106 22:33,43,32,41,33,40,52,95,86,102,73,10249,87,91,98,103,107
20160106 22:34,36,35,40,33,33,57,95,86,102,73,10249,87,91,98,103,107
20160106 22:35,35,37,40,33,37,59,95,86,102,73,10249,87,91,98,103,106
20160106 22:36,34,38,39,34,30,54,95,86,102,73,10249,86,91,98,103,107
20160106 22:37,36,32,39,34,42,31,95,86,102,73,10249,86,91,98,103,107
20160106 22:38,38,23,38,33,34,39,95,86,102,73,10248,87,91,97,103,107
20160106 22:39,38,27,38,32,42,40,95,86,102,73,10247,86,91,98,103,107
20160106 22:40,41,27,38,31,39,34,95,86,102,73,10247,86,91,98,103,106
20160106 22:41,42,31,39,32,44,52,95,86,102,73,10247,86,91,98,103,106
20160106 22:42,44,35,39,32,44,44,95,86,102,73,10249,86,91,98,103,106
20160106 22:43,48,32,40,32,53,42,95,86,102,73,10249,86,91,98,103,106
20160106 22:44,48,36,41,32,44,55,95,86,102,73,10250,86,91,97,103,106
20160106 22:45,43,34,41,31,42,41,95,86,102,73,10249,86,91,98,103,106
20160106 22:46,39,26,42,29,36,33,95,86,102,73,10249,86,91,98,103,106
20160106 22:47,36,21,41,29,36,33,95,86,102,73,10249,86,91,97,103,106
20160106 22:48,33,20,41,29,30,32,95,86,102,73,10249,86,91,97,103,106
20160106 22:49,34,22,41,28,39,34,95,86,102,73,10249,86,91,98,103,106
20160106 22:50,36,29,40,29,33,60,95,86,102,73,10249,86,91,97,103,106
20160106 22:51,35,33,39,29,38,44,95,86,102,73,10249,86,91,97,103,106
20160106 22:52,34,33,38,29,30,46,95,86,102,73,10249,86,91,97,103,106
20160106 22:53,39,33,37,29,47,57,95,85,101,71,10248,86,91,97,103,106
20160106 22:54,43,33,37,28,38,42,95,85,101,71,10249,86,91,97,103,106
20160106 22:55,37,32,36,28,36,51,95,85,101,71,10250,86,91,97,103,106
20160106 22:56,38,28,37,29,39,45,95,85,101,71,10250,86,91,97,103,106
20160106 22:57,39,30,37,30,38,63,95,85,101,71,10250,86,91,97,103,106
20160106 22:58,39,38,38,32,41,56,95,84,100,69,10249,86,91,97,103,106
20160106 22:59,39,38,38,33,38,50,95,84,100,69,10249,86,91,97,103,106
20160106 23:00,41,34,39,33,44,48,95,84,100,69,10248,86,91,97,103,106
20160106 23:01,39,34,39,34,35,58,95,84,100,69,10247,86,91,97,103,106
20160106 23:02,34,35,39,34,32,48,95,84,100,69,10247,86,91,97,103,106
20160106 23:03,42,34,39,34,52,50,95,84,100,69,10246,86,91,97,103,106
20160106 23:04,41,35,38,34,30,59,95,84,100,69,10246,86,91,97,103,106
20160106 23:05,36,34,39,34,41,46,95,84,100,69,10246,86,91,97,103,106
20160106 23:06,39,33,39,35,37,49,95,84,100,69,10246,86,91,97,103,106
20160106 23:07,33,39,38,36,29,70,95,83,98,68,10247,86,91,97,103,106
20160106 23:08,32,38,37,35,35,52,95,83,98,68,10248,86,91,97,103,106
20160106 23:09,34,38,37,36,33,63,95,83,98,68,10248,86,91,97,103,106
20160106 23:10,38,40,37,36,43,54,95,82,97,66,10249,86,91,97,103,106
20160106 23:11,34,36,36,36,24,55,95,82,97,66,10249,85,91,97,103,106
20160106 23:12,29,32,36,36,34,38,95,82,97,66,10249,85,91,97,103,106
20160106 23:13,29,29,33,35,23,49,95,82,97,66,10248,85,91,97,103,106
20160106 23:14,32,31,34,35,40,48,95,82,97,66,10248,85,91,97,103,106
20160106 23:15,36,43,33,37,33,73,95,82,97,66,10248,85,91,97,103,106
20160106 23:16,35,45,33,37,38,51,95,81,96,64,10247,85,91,97,103,106
20160106 23:17,38,33,34,36,39,51,95,81,96,64,10246,85,91,97,103,106
20160106 23:18,34,33,34,36,30,63,95,81,96,64,10246,85,91,97,103,106
20160106 23:19,37,32,35,34,45,52,95,81,96,64,10244,85,91,97,103,106
20160106 23:20,46,37,35,35,46,73,95,81,96,64,10243,85,91,97,103,106
20160106 23:21,42,39,37,35,38,54,95,80,95,62,10243,85,91,97,103,106
20160106 23:22,40,31,37,35,42,67,95,80,95,62,10243,85,91,97,103,106
20160106 23:23,40,37,39,37,38,68,95,80,95,62,10243,85,91,97,103,106
20160106 23:24,36,36,38,36,35,42,95,80,95,62,10245,85,90,97,103,106
20160106 23:25,33,32,38,34,32,57,95,80,95,62,10246,85,90,97,103,106
20160106 23:26,32,41,38,35,31,67,95,80,95,62,10246,85,90,97,103,106
20160106 23:27,30,43,37,37,29,56,95,79,94,60,10246,85,90,97,103,106
20160106 23:28,33,38,37,36,38,46,95,79,94,60,10246,84,90,97,103,106
20160106 23:29,38,30,37,36,37,39,95,79,94,60,10246,84,90,97,103,106
20160106 23:30,34,31,35,35,30,55,95,80,95,62,10246,84,90,97,103,106
20160106 23:31,33,37,35,36,36,49,95,79,94,60,10246,84,90,97,103,106
20160106 23:32,36,41,34,37,37,59,95,79,94,60,10245,84,90,97,103,106
20160106 23:33,40,39,35,36,44,54,95,79,94,60,10244,84,90,97,103,106
20160106 23:34,41,34,35,37,38,44,95,79,94,60,10243,84,90,97,103,106
20160106 23:35,36,43,35,39,33,72,95,79,94,60,10243,84,90,97,103,106
20160106 23:36,32,41,35,37,31,39,95,78,93,59,10243,84,90,97,103,106
20160106 23:37,33,36,36,37,35,57,95,78,93,59,10242,84,90,97,103,106
20160106 23:38,36,41,36,38,37,56,95,78,93,59,10242,84,90,97,103,106
20160106 23:39,35,37,35,39,33,56,95,78,93,59,10243,84,90,97,103,106
20160106 23:40,35,35,36,39,38,63,95,79,94,60,10244,84,90,97,103,106
20160106 23:41,33,43,35,40,28,61,95,79,94,60,10245,84,90,97,103,106
20160106 23:42,36,41,36,39,45,56,95,78,93,59,10246,84,90,97,103,106
20160106 23:43,42,40,36,40,39,58,95,78,93,59,10246,84,90,97,103,106
20160106 23:44,35,39,35,40,30,48,95,78,93,59,10246,84,90,97,103,106
20160106 23:45,39,31,36,37,48,41,95,78,93,59,10245,84,90,97,103,106
20160106 23:46,47,30,38,37,46,47,95,78,93,59,10245,83,90,97,103,106
20160106 23:47,42,34,38,37,37,58,95,78,93,59,10245,83,90,97,103,106
20160106 23:48,37,38,38,37,36,64,95,78,93,59,10246,83,90,97,103,106
20160106 23:49,35,39,38,37,35,51,95,78,93,59,10247,83,90,97,103,106
20160106 23:50,40,34,39,37,45,44,95,78,93,59,10246,83,90,97,103,106
20160106 23:51,49,33,41,35,52,48,95,78,93,59,10246,83,90,97,103,106
20160106 23:52,46,34,41,35,39,42,95,78,93,59,10245,83,90,97,103,106
20160106 23:53,41,38,41,35,42,62,95,78,93,59,10243,83,90,97,103,106
20160106 23:54,36,37,41,35,30,47,95,78,93,59,10244,83,90,97,103,106
20160106 23:55,34,33,40,35,39,59,95,78,93,59,10244,83,89,97,103,106
20160106 23:56,44,32,40,35,49,54,95,78,93,59,10246,83,89,97,103,106
20160106 23:57,43,25,40,33,37,33,95,78,93,59,10246,83,89,97,102,106
20160106 23:58,33,26,40,33,30,45,95,78,93,59,10246,83,89,97,103,106
20160106 23:59,32,34,40,33,34,48,95,78,93,59,10245,83,89,97,103,106
20160106 00:00,36,35,39,33,38,47,95,78,93,59,10244,83,89,97,102,106
20160106 00:01,36,30,37,32,35,42,95,78,93,59,10244,83,89,97,102,106
20160106 00:02,38,30,37,32,40,52,95,78,93,59,10244,83,89,97,102,106
20160106 00:03,39,32,37,31,38,42,95,78,93,59,10244,83,89,97,102,106
20160106 00:04,40,39,38,33,43,62,95,78,93,59,10244,83,89,97,102,106
20160106 00:05,38,40,38,32,34,40,95,78,93,59,10244,83,89,97,102,106
20160106 00:06,32,37,36,33,31,69,95,78,93,59,10244,83,89,97,102,106
20160106 00:07,27,40,35,35,23,54,95,78,93,59,10245,83,89,97,102,106
20160106 00:08,33,32,36,35,43,47,95,78,93,59,10246,83,89,97,102,106
20160106 00:09,37,31,36,35,31,48,95,78,93,59,10247,83,89,97,102,106
20160106 00:10,36,31,36,34,42,36,95,78,93,59,10248,83,89,97,102,106
20160106 00:11,37,23,36,33,32,26,95,78,93,59,10248,83,89,97,102,106
20160106 00:12,29,30,34,34,27,55,95,78,93,59,10247,83,89,97,102,106
20160106 00:13,27,37,33,34,27,45,95,78,93,59,10247,83,89,97,102,106
20160106 00:14,32,27,33,32,38,31,95,78,93,59,10247,83,89,97,102,106
20160106 00:15,36,27,33,32,33,52,95,78,93,59,10248,82,89,97,102,106
20160106 00:16,34,28,33,30,35,33,95,78,93,59,10248,83,89,97,102,106
20160106 00:17,38,25,35,29,41,36,95,78,93,59,10249,83,89,97,102,106
20160106 00:18,43,28,35,29,44,38,95,78,93,59,10249,83,89,97,102,106
20160106 00:19,46,31,37,29,49,54,95,78,93,59,10249,83,89,97,102,106
20160106 00:20,46,38,37,30,44,57,95,78,93,59,10248,83,89,97,102,106
20160106 00:21,41,39,38,32,39,46,95,78,93,59,10248,83,89,97,102,106
20160106 00:22,39,36,39,31,40,58,95,78,93,59,10247,83,89,97,102,106
20160106 00:23,40,36,40,32,40,53,95,78,93,59,10247,82,89,97,102,106
20160106 00:24,37,31,40,32,35,39,95,78,93,59,10246,82,89,97,102,106
20160106 00:25,38,31,41,32,42,54,95,78,93,59,10246,82,89,96,102,106
20160106 00:26,38,38,41,34,33,58,95,78,93,59,10246,82,89,96,102,106
20160106 00:27,36,35,40,35,38,53,95,78,93,59,10246,82,88,96,102,106
20160106 00:28,41,25,40,34,44,29,95,78,93,59,10247,82,88,96,102,106
20160106 00:29,34,24,38,33,25,45,95,78,93,59,10247,82,88,96,102,106
20160106 00:30,32,28,38,31,39,42,95,78,93,59,10247,82,88,96,102,106
20160106 00:31,38,32,37,32,37,52,95,78,93,59,10247,82,88,96,102,106
20160106 00:32,42,39,38,32,48,53,95,78,93,59,10247,82,88,96,102,106
20160106 00:33,45,38,38,32,43,52,95,78,93,59,10247,82,88,96,102,106
20160106 00:34,33,32,37,32,23,35,95,78,93,59,10248,82,88,96,102,106
20160106 00:35,33,26,37,31,43,36,95,78,93,59,10249,82,88,96,102,106
20160106 00:36,41,22,38,29,39,38,95,78,93,59,10250,82,88,96,102,106
20160106 00:37,40,17,38,27,42,19,95,78,93,59,10251,82,88,96,102,106
20160106 00:38,36,17,37,27,30,28,95,79,94,60,10251,82,88,96,102,106
20160106 00:39,34,24,38,27,37,39,95,79,94,60,10250,82,88,96,102,106
20160106 00:40,37,31,38,28,36,47,95,78,93,59,10250,82,88,96,102,106
20160106 00:41,38,32,38,28,40,42,95,78,93,59,10251,82,88,96,102,106
20160106 00:42,37,32,37,27,34,43,95,78,93,59,10251,82,88,96,102,106
20160106 00:43,34,29,36,26,34,36,95,78,93,59,10251,82,88,96,102,106
20160106 00:44,36,22,37,25,38,28,95,78,93,59,10251,82,88,96,102,106
20160106 00:45,35,23,36,25,33,35,95,78,93,59,10250,82,88,96,102,106
20160106 00:46,31,33,35,27,29,55,95,78,93,59,10250,82,88,96,102,106
20160106 00:47,32,32,35,28,36,38,95,78,93,59,10250,82,88,96,102,106
20160106 00:48,39,29,36,29,42,44,95,78,93,59,10249,82,88,96,102,106
20160106 00:49,37,37,35,31,32,59,95,78,93,59,10249,82,88,96,102,106
20160106 00:50,36,36,36,30,40,39,95,78,93,59,10247,82,88,96,102,106
20160106 00:51,44,27,36,30,47,44,95,78,93,59,10246,82,88,96,102,106
20160106 00:52,45,30,37,30,42,50,95,78,93,59,10246,82,88,96,102,106
20160106 00:53,47,37,39,31,52,56,95,78,93,59,10246,82,88,96,102,106
20160106 00:54,49,37,40,33,45,50,95,78,93,59,10247,82,88,96,102,106
20160106 00:55,47,37,41,34,48,56,95,78,93,59,10248,82,88,96,102,106
20160106 00:56,41,34,42,33,34,43,95,78,93,59,10248,82,88,96,102,106
20160106 00:57,43,26,43,33,51,32,95,78,93,59,10248,82,88,96,102,106
20160106 00:58,52,22,44,32,53,30,95,78,93,59,10248,82,88,96,102,106
20160106 00:59,53,18,47,29,54,23,94,79,93,59,10247,82,88,96,102,106
20160106 01:00,51,18,47,28,48,34,94,79,93,59,10247,82,88,96,102,105
20160106 01:01,45,23,47,28,42,41,94,79,93,59,10248,82,88,96,102,105
20160106 01:02,38,27,46,28,35,41,94,79,93,59,10248,82,88,96,102,105
20160106 01:03,43,24,46,26,51,37,94,79,93,59,10248,82,88,96,102,105
20160106 01:04,53,24,47,25,56,39,94,79,93,59,10248,82,88,96,102,105
20160106 01:05,53,31,47,25,50,45,94,79,93,59,10249,82,88,96,102,105
20160106 01:06,51,29,49,24,52,38,94,79,93,59,10249,82,88,96,102,105
20160106 01:07,49,26,49,25,46,42,94,79,93,59,10249,82,88,96,102,105
20160106 01:08,43,28,47,25,40,37,94,79,93,59,10249,82,88,96,102,105
20160106 01:09,43,34,47,28,45,57,94,79,93,59,10249,82,88,96,102,105
20160106 01:10,48,38,47,29,51,46,94,79,93,59,10249,82,88,96,102,105
20160106 01:11,46,34,47,30,42,58,94,79,93,59,10248,82,88,96,102,105
20160106 01:12,42,31,47,30,42,36,94,79,93,59,10247,82,88,96,102,105
20160106 01:13,44,25,47,30,47,34,94,79,93,59,10247,82,88,96,102,105
20160106 01:14,46,25,46,30,45,48,94,79,93,59,10246,82,88,96,102,105
20160106 01:15,45,35,46,31,46,57,94,79,93,59,10245,82,88,96,102,105
20160106 01:16,44,39,45,32,42,58,94,79,93,59,10245,82,88,96,102,105
20160106 01:17,42,36,44,33,43,55,94,79,93,59,10245,82,88,96,102,105
20160106 01:18,40,38,44,34,38,54,94,79,93,59,10245,82,88,96,102,105
20160106 01:19,35,39,43,34,32,56,94,79,93,59,10245,82,88,96,102,105
20160106 01:20,39,29,42,33,46,35,94,79,93,59,10245,82,88,96,102,105
20160106 01:21,45,28,43,33,44,45,94,79,93,59,10245,82,88,96,102,105
20160106 01:22,39,35,42,33,34,56,94,79,93,59,10245,82,87,96,102,105
20160106 01:23,38,29,41,34,42,45,94,79,93,59,10245,82,87,96,102,105
20160106 01:24,39,24,40,33,36,51,94,79,93,59,10245,82,87,96,102,105
20160106 01:25,41,22,40,31,45,31,94,80,94,61,10245,82,87,96,102,105
20160106 01:26,41,20,40,30,37,29,94,80,94,61,10245,82,87,96,102,105
20160106 01:27,41,30,40,30,46,54,94,80,94,61,10245,82,87,96,102,105
20160106 01:28,43,41,40,30,41,55,94,80,94,61,10246,82,87,96,102,105
20160106 01:29,43,42,42,30,44,54,94,79,93,59,10246,82,87,96,102,105
20160106 01:30,39,37,40,32,34,70,94,79,93,59,10245,82,87,96,102,105
20160106 01:31,41,37,41,32,48,61,94,79,93,59,10244,82,87,95,102,105
20160106 01:32,43,38,41,32,39,54,94,79,93,59,10243,82,87,96,102,105
20160106 01:33,43,34,42,33,48,46,94,79,93,59,10242,82,87,95,102,105
20160106 01:34,45,33,42,34,41,59,94,79,93,59,10242,81,87,95,102,105
20160106 01:35,41,33,42,35,40,47,93,79,92,58,10243,81,87,95,102,105
20160106 01:36,41,33,42,37,41,50,93,79,92,58,10243,81,87,95,102,105
20160106 01:37,42,31,42,35,44,39,93,79,92,58,10243,81,87,95,102,105
20160106 01:38,38,31,41,34,32,52,93,79,92,58,10243,81,87,95,101,105
20160106 01:39,38,31,41,33,44,52,93,79,92,58,10243,81,87,95,101,105
20160106 01:40,39,27,41,32,34,47,93,80,94,60,10243,81,87,95,101,105
20160106 01:41,40,25,41,31,46,46,93,80,94,60,10244,81,87,95,101,105
20160106 01:42,41,26,41,30,37,48,93,80,94,60,10244,81,87,95,101,105
20160106 01:43,39,30,40,30,41,43,93,80,94,60,10243,81,87,95,102,105
20160106 01:44,41,33,40,30,40,50,93,80,94,60,10243,81,87,95,101,105
20160106 01:45,37,38,39,31,33,59,93,79,92,58,10243,81,87,95,101,105
20160106 01:46,30,37,38,30,28,45,93,79,92,58,10243,81,87,95,101,105
20160106 01:47,37,32,38,31,46,47,93,80,94,60,10243,81,87,95,101,105
20160106 01:48,40,31,38,31,34,40,93,79,92,58,10243,81,87,95,101,105
20160106 01:49,38,28,38,30,41,41,93,79,92,58,10243,81,87,95,101,105
20160106 01:50,42,28,39,31,42,50,93,79,92,58,10243,81,87,95,101,105
20160106 01:51,43,32,39,32,45,53,93,79,92,58,10243,81,87,95,101,105
20160106 01:52,45,39,40,33,46,62,93,80,94,60,10243,81,87,95,101,105
20160106 01:53,45,41,40,34,44,62,93,79,92,58,10243,81,87,95,101,105
20160106 01:54,47,36,41,34,50,58,93,79,92,58,10243,81,87,95,101,105
20160106 01:55,52,33,43,33,53,50,93,79,92,58,10243,81,87,95,101,105
20160106 01:56,50,30,45,33,48,39,93,79,92,58,10242,81,87,95,101,105
20160106 01:57,50,37,46,34,52,67,93,79,92,58,10242,81,87,95,101,105
20160106 01:58,46,47,46,36,40,70,93,79,92,58,10242,81,87,95,101,105
20160106 01:59,44,48,47,38,49,60,93,79,92,58,10241,81,87,95,101,105
20160106 02:00,45,39,47,38,40,41,93,79,92,58,10241,81,87,95,101,105
20160106 02:01,47,29,48,38,54,52,93,79,92,58,10241,81,87,95,101,105
20160106 02:02,47,31,47,37,40,52,93,79,92,58,10240,81,87,95,101,105
20160106 02:03,43,34,47,36,46,50,93,79,92,58,10240,81,87,95,101,105
20160106 02:04,43,34,46,36,40,48,93,79,92,58,10239,81,87,95,101,105
20160106 02:05,41,36,45,37,42,53,93,79,92,58,10239,81,87,95,101,105
20160106 02:06,47,35,45,37,51,48,92,79,92,58,10239,81,87,95,101,105
20160106 02:07,50,35,45,36,48,58,92,80,93,59,10238,80,87,95,101,105
20160106 02:08,46,38,45,35,45,55,92,80,93,59,10237,80,87,95,101,105
20160106 02:09,49,34,46,34,53,47,92,80,93,59,10237,80,87,95,101,105
20160106 02:10,48,35,46,35,44,48,92,80,93,59,10238,80,87,95,101,105
20160106 02:11,43,36,45,35,42,47,92,80,93,59,10239,80,87,95,101,105
20160106 02:12,42,33,45,35,43,48,92,81,94,61,10239,80,87,95,101,105
20160106 02:13,43,32,45,35,44,47,92,81,94,61,10239,80,87,95,101,105
20160106 02:14,43,30,45,34,42,42,92,81,94,61,10239,80,87,95,101,105
20160106 02:15,45,32,46,34,48,51,91,81,94,60,10239,80,87,95,101,105
20160106 02:16,42,33,44,34,36,48,91,81,94,60,10239,80,87,95,101,105
20160106 02:17,38,36,44,34,40,62,91,81,94,60,10239,80,87,95,101,105
20160106 02:18,37,38,42,34,33,56,91,81,94,60,10239,80,87,95,101,105
20160106 02:19,31,36,40,35,30,51,91,81,94,60,10239,80,86,95,101,105
20160106 02:20,40,39,41,35,52,53,91,81,94,60,10239,80,86,95,101,105
20160106 02:21,45,36,41,35,39,55,91,81,94,60,10239,80,86,95,101,105
20160106 02:22,46,34,42,35,52,54,91,81,94,60,10239,79,86,95,101,105
20160106 02:23,50,43,42,37,47,72,91,81,94,60,10240,79,86,95,101,105
20160106 02:24,41,49,41,39,34,62,91,81,94,60,10240,79,86,95,101,105
20160106 02:25,33,51,39,40,31,83,91,81,94,60,10240,79,86,95,101,105
20160106 02:26,37,46,40,41,43,50,91,81,94,60,10240,79,86,95,101,105
20160106 02:27,40,36,40,40,37,56,91,81,94,60,10241,79,86,95,101,105
20160106 02:28,41,38,41,41,44,66,91,81,94,60,10240,79,86,95,101,105
20160106 02:29,43,34,42,40,42,37,91,81,94,60,10240,79,86,95,101,105
20160106 02:30,43,35,41,41,45,67,91,81,94,60,10239,79,86,95,101,105
20160106 02:31,43,39,42,41,41,70,91,81,94,60,10238,79,86,95,101,105
20160106 02:32,41,43,40,42,40,72,91,81,94,60,10238,79,86,95,101,105
20160106 02:33,41,48,40,42,42,67,91,81,94,60,10238,79,86,95,101,105
20160106 02:34,39,42,40,41,36,59,90,81,93,59,10239,79,86,95,101,105
20160106 02:35,37,43,41,40,39,76,90,81,93,59,10240,79,86,95,101,105
20160106 02:36,37,45,40,41,35,67,90,81,93,59,10240,79,86,95,101,105
20160106 02:37,37,40,40,41,38,53,90,81,93,59,10241,79,86,95,101,105
20160106 02:38,35,41,39,41,31,60,90,81,93,59,10241,79,86,95,101,105
20160106 02:39,34,35,38,41,36,42,90,81,93,59,10241,79,86,95,101,105
20160106 02:40,29,24,36,39,23,37,90,82,94,61,10241,79,86,95,101,105
20160106 02:41,31,25,36,38,39,35,90,82,94,61,10242,79,86,95,101,105
20160106 02:42,36,31,35,36,33,56,90,82,94,61,10242,79,86,95,101,105
20160106 02:43,33,37,34,36,33,68,90,82,94,61,10242,79,86,95,101,105
20160106 02:44,35,38,34,36,36,61,90,82,94,61,10242,79,86,94,101,105
20160106 02:45,38,30,34,33,39,38,90,82,94,61,10242,79,86,94,101,105
20160106 02:46,43,29,36,32,47,50,90,82,94,61,10242,79,86,94,101,105
20160106 02:47,45,35,36,32,44,44,90,82,94,61,10242,79,86,94,101,105
20160106 02:48,44,38,37,32,44,54,90,82,94,61,10242,79,86,94,101,105
20160106 02:49,43,34,38,32,41,49,90,82,94,61,10242,79,86,94,101,105
20160106 02:50,37,37,39,34,33,69,90,82,94,61,10242,79,86,94,101,105
20160106 02:51,40,39,40,35,46,45,90,82,94,61,10241,79,86,94,101,105
20160106 02:52,45,37,41,36,43,60,90,82,94,61,10240,79,86,94,101,105
20160106 02:53,42,48,41,37,41,79,90,82,94,61,10239,79,86,94,101,105
20160106 02:54,45,48,43,38,50,57,90,81,93,59,10240,79,86,94,101,105
20160106 02:55,48,41,44,39,47,63,90,81,93,59,10241,79,86,94,101,105
20160106 02:56,45,45,43,41,44,70,90,82,94,61,10241,79,86,94,101,105
20160106 02:57,42,44,43,41,40,67,90,81,93,59,10241,78,86,94,101,105
20160106 02:58,41,35,43,40,43,49,90,81,93,59,10241,78,86,94,101,105
20160106 02:59,46,32,44,41,50,49,89,82,93,60,10241,79,86,94,101,105
20160106 03:00,42,41,44,41,35,85,89,82,93,60,10241,79,86,94,101,105
20160106 03:01,41,48,44,42,46,66,89,82,93,60,10241,78,86,94,101,105
20160106 03:02,47,42,44,42,48,59,89,82,93,60,10241,78,86,94,101,104
20160106 03:03,44,39,44,41,40,52,89,82,93,60,10241,78,86,94,101,105
20160106 03:04,46,34,45,39,52,47,89,82,93,60,10241,78,86,94,101,105
20160106 03:05,53,37,45,40,54,70,89,82,93,60,10240,78,86,94,101,105
20160106 03:06,47,43,45,39,40,75,89,82,93,60,10239,78,86,94,101,104
20160106 03:07,41,44,45,40,42,61,89,82,93,60,10238,78,86,94,101,104
20160106 03:08,44,40,45,40,45,52,89,82,93,60,10238,78,86,94,101,104
20160106 03:09,47,31,45,40,49,48,89,82,93,60,10238,78,86,94,101,104
20160106 03:10,46,32,46,38,43,51,88,83,94,61,10238,78,86,94,101,104
20160106 03:11,45,38,46,38,47,65,88,83,94,61,10238,78,86,94,101,104
20160106 03:12,47,43,46,38,48,67,88,83,94,61,10238,78,86,94,101,104
20160106 03:13,49,45,47,39,51,65,88,83,94,61,10237,78,85,94,100,104
20160106 03:14,49,49,46,41,46,83,88,83,94,61,10237,77,85,94,100,104
20160106 03:15,48,44,46,41,51,58,87,83,93,60,10237,77,85,94,100,104
20160106 03:16,52,40,48,41,53,72,87,83,93,60,10237,77,85,94,100,104
20160106 03:17,48,43,48,40,44,82,87,84,94,62,10238,77,85,94,100,104
20160106 03:18,41,52,47,43,38,90,86,84,94,61,10238,77,85,94,100,104
20160106 03:19,41,59,47,46,45,88,86,84,94,61,10238,77,85,94,100,104
20160106 03:20,43,50,46,47,41,63,86,84,94,61,10239,77,85,94,100,104
20160106 03:21,40,49,46,48,40,70,86,84,94,61,10239,77,85,94,100,104
20160106 03:22,43,45,45,47,46,55,85,84,93,60,10239,77,85,94,100,104
20160106 03:23,48,37,45,47,50,89,85,84,93,60,10238,77,85,94,100,104
20160106 03:24,47,43,45,46,44,80,85,85,94,61,10238,77,85,94,100,104
20160106 03:25,45,52,45,48,46,84,85,85,94,61,10237,77,85,94,100,104
20160106 03:26,46,55,44,49,46,69,85,84,93,60,10237,76,85,94,100,104
20160106 03:27,49,41,45,48,53,45,84,84,93,59,10237,76,85,94,100,104
20160106 03:28,55,35,47,46,57,51,84,85,94,60,10238,76,85,94,100,104
20160106 03:29,51,36,47,43,46,49,84,85,94,60,10238,76,85,94,100,104
20160106 03:30,47,30,47,41,47,44,84,85,94,60,10238,76,85,94,100,104
20160106 03:31,52,35,49,40,57,60,84,85,94,60,10238,76,85,94,100,104
20160106 03:32,51,47,49,42,46,80,84,85,94,60,10238,76,85,94,100,104
20160106 03:33,44,49,48,43,43,81,84,85,94,60,10238,76,85,94,100,104
20160106 03:34,51,47,50,43,59,82,83,85,93,59,10238,76,85,94,100,104
20160106 03:35,52,60,50,44,44,100,83,85,93,59,10238,76,85,94,100,104
20160106 03:36,49,61,50,44,53,95,83,84,92,58,10237,75,85,94,100,104
20160106 03:37,53,42,50,45,53,60,83,84,92,58,10237,76,85,94,100,104
20160106 03:38,54,38,50,45,55,65,83,85,93,59,10237,76,85,94,100,104
20160106 03:39,53,40,51,45,51,54,83,85,93,59,10237,76,85,94,100,104
20160106 03:40,48,42,51,47,45,73,83,84,92,58,10236,76,85,94,100,104
20160106 03:41,47,43,50,47,49,67,83,85,93,59,10236,76,85,94,100,104
20160106 03:42,48,46,50,47,46,68,83,84,92,58,10235,76,85,94,100,104
20160106 03:43,47,45,50,46,49,60,83,84,92,58,10234,76,85,94,100,104
20160106 03:44,53,41,50,45,57,64,83,84,92,58,10234,75,84,94,100,104
20160106 03:45,55,36,51,41,53,46,83,84,92,58,10234,75,84,94,100,104
20160106 03:46,48,33,50,40,44,56,83,84,92,58,10234,75,84,94,100,104
20160106 03:47,44,35,49,40,45,65,82,85,92,58,10234,75,84,94,100,104
20160106 03:48,42,36,48,40,39,57,82,85,92,58,10235,75,84,94,100,104
20160106 03:49,40,44,47,41,42,63,82,84,91,57,10235,75,84,94,100,104
20160106 03:50,45,46,47,40,47,62,82,84,91,57,10234,75,84,94,100,104
20160106 03:51,46,54,47,43,45,88,82,84,91,57,10234,75,84,94,100,104
20160106 03:52,43,56,46,43,41,67,82,84,91,57,10234,75,84,94,100,104
20160106 03:53,43,49,46,44,45,68,82,84,91,57,10235,74,84,93,100,104
20160106 03:54,49,44,45,43,53,59,82,84,91,57,10235,75,84,93,100,104
20160106 03:55,51,43,45,45,49,73,82,84,91,57,10235,75,84,93,100,104
20160106 03:56,51,52,46,47,53,76,82,85,92,58,10235,74,84,93,100,104
20160106 03:57,53,52,47,48,52,70,82,84,91,57,10235,74,84,93,100,104
20160106 03:58,51,40,48,48,50,53,82,84,91,57,10235,74,84,93,100,104
20160106 03:59,46,43,48,48,41,77,82,85,92,58,10235,74,84,93,100,104
20160106 04:00,44,52,48,49,47,66,82,84,91,57,10235,74,84,93,100,104
20160106 04:01,44,50,47,47,41,73,82,84,91,57,10235,74,84,93,100,104
20160106 04:02,42,51,47,48,43,70,82,84,91,57,10235,74,84,93,100,104
20160106 04:03,44,45,48,47,46,61,82,84,91,57,10235,74,84,93,100,104
20160106 04:04,46,42,47,47,46,61,81,84,91,56,10235,74,84,93,100,104
20160106 04:05,49,45,47,47,51,64,81,85,92,57,10235,74,84,93,100,104
20160106 04:06,48,41,46,45,46,64,81,84,91,56,10235,74,84,93,100,104
20160106 04:07,48,40,46,45,51,54,81,84,91,56,10235,74,83,93,100,104
20160106 04:08,50,44,46,46,49,72,81,84,91,56,10235,74,83,93,100,104
20160106 04:09,45,45,46,45,41,64,81,85,92,57,10235,74,83,93,100,104
20160106 04:10,46,43,47,44,51,55,81,85,92,57,10235,74,83,93,100,104
20160106 04:11,45,43,46,44,39,63,81,85,92,57,10235,74,83,93,100,104
20160106 04:12,43,46,47,43,46,85,81,84,91,56,10235,74,83,93,100,104
20160106 04:13,44,42,46,43,43,57,81,85,92,57,10235,74,83,93,100,104
20160106 04:14,42,45,46,44,40,76,81,85,92,57,10235,74,83,93,100,104
20160106 04:15,46,47,46,44,51,83,81,84,91,56,10235,74,83,93,100,104
20160106 04:16,45,47,45,45,40,65,81,85,92,57,10235,74,83,93,100,104
20160106 04:17,41,55,44,47,43,74,81,84,91,56,10235,74,83,93,100,104
20160106 04:18,45,47,44,46,47,51,81,84,91,56,10235,74,83,93,100,104
20160106 04:19,47,43,45,46,46,74,81,85,92,57,10236,74,83,93,100,104
20160106 04:20,48,48,44,47,50,78,81,85,92,57,10235,74,83,93,100,104
20160106 04:21,46,44,45,46,41,59,81,84,91,56,10235,74,83,93,100,104
20160106 04:22,41,39,44,45,42,63,81,84,91,56,10235,74,83,93,100,104
20160106 04:23,43,38,44,45,43,74,81,84,91,56,10235,74,83,93,100,104
20160106 04:24,44,39,45,44,45,57,81,84,91,56,10235,74,83,93,100,104
20160106 04:25,44,41,44,44,44,63,81,85,92,57,10235,74,83,93,100,104
20160106 04:26,44,47,45,44,45,94,81,84,91,56,10235,74,83,93,100,104
20160106 04:27,41,47,44,43,38,80,81,84,91,56,10235,74,83,93,100,104
20160106 04:28,40,45,44,44,42,64,80,84,90,55,10235,74,83,93,100,104
20160106 04:29,43,50,43,44,44,82,80,84,90,55,10236,73,83,93,100,104
20160106 04:30,42,49,42,44,40,79,80,85,91,56,10236,73,83,93,100,104
20160106 04:31,39,47,42,45,39,78,80,85,91,56,10236,73,83,93,100,104
20160106 04:32,40,47,42,46,41,64,80,85,91,56,10236,73,83,93,100,104
20160106 04:33,42,45,42,46,42,66,80,85,91,56,10235,73,83,93,100,104
20160106 04:34,43,43,42,46,43,55,80,85,91,56,10235,73,83,93,99,104
20160106 04:35,41,37,41,45,40,53,80,85,91,56,10234,73,83,93,100,104
20160106 04:36,41,37,41,44,43,58,80,86,92,58,10234,73,82,93,99,104
20160106 04:37,42,38,41,44,40,67,79,86,92,57,10234,73,82,93,100,104
20160106 04:38,42,45,42,44,44,75,79,86,92,57,10235,73,82,93,100,104
20160106 04:39,40,54,41,44,37,83,79,86,92,57,10235,73,82,93,99,104
20160106 04:40,34,45,40,43,31,50,79,86,92,57,10235,73,82,93,99,104
20160106 04:41,38,37,41,42,45,49,79,86,92,57,10235,73,82,92,99,104
20160106 04:42,43,35,41,41,41,47,79,86,92,57,10236,73,82,92,99,104
20160106 04:43,39,35,40,40,38,58,79,86,92,57,10236,73,82,92,99,104
20160106 04:44,34,39,39,40,31,57,79,86,92,57,10237,73,82,92,99,104
20160106 04:45,28,39,38,41,25,59,79,86,92,57,10237,73,82,92,99,104
20160106 04:46,34,34,38,40,43,50,79,86,92,57,10237,73,82,92,99,104
20160106 04:47,35,27,36,38,27,39,78,86,91,56,10238,73,82,92,99,104
20160106 04:48,27,31,34,37,26,53,78,87,92,58,10238,73,82,92,99,104
20160106 04:49,27,35,33,35,28,52,78,87,92,58,10239,73,82,92,99,104
20160106 04:50,29,40,33,36,30,75,78,87,92,58,10239,73,82,92,99,104
20160106 04:51,29,48,32,37,29,63,78,86,91,56,10239,73,82,92,99,104
20160106 04:52,31,47,31,38,34,62,78,86,91,56,10239,73,82,92,99,104
20160106 04:53,30,41,30,38,26,59,78,86,91,56,10239,73,82,92,99,104
20160106 04:54,23,36,29,38,21,50,78,86,91,56,10239,73,82,92,99,104
20160106 04:55,26,49,29,40,30,83,78,86,91,56,10239,73,82,92,99,104
20160106 04:56,31,51,28,41,31,55,78,86,91,56,10239,73,82,92,99,104
20160106 04:57,27,47,28,44,23,76,78,86,91,56,10239,73,82,92,99,104
20160106 04:58,23,51,28,45,23,62,78,86,91,56,10239,72,82,92,99,104
20160106 04:59,22,45,27,46,21,57,78,86,91,56,10239,72,82,92,99,104
20160106 05:00,20,47,26,47,19,84,78,86,91,56,10240,72,82,92,99,104
20160106 05:01,23,51,25,47,26,75,78,86,91,56,10240,72,82,92,99,104
20160106 05:02,28,47,25,47,31,68,78,86,91,56,10240,72,82,92,99,103
20160106 05:03,27,39,25,46,23,63,78,86,91,56,10240,72,82,92,99,103
20160106 05:04,23,40,25,48,23,59,78,87,92,58,10240,72,82,92,99,103
20160106 05:05,26,46,25,46,29,63,77,87,91,57,10240,72,82,92,99,103
20160106 05:06,21,42,23,46,14,56,77,87,91,57,10240,72,82,92,99,103
20160106 05:07,21,44,24,45,27,59,77,87,91,57,10240,72,82,92,99,103
20160106 05:08,25,46,24,45,22,55,77,87,91,57,10240,72,82,92,99,103
20160106 05:09,24,39,24,44,27,39,77,87,91,57,10240,72,81,92,99,103
20160106 05:10,25,30,25,41,24,40,77,87,91,57,10240,72,81,92,99,103
20160106 05:11,29,28,26,39,35,56,77,87,91,57,10240,72,81,92,99,103
20160106 05:12,33,38,26,40,31,66,76,88,92,57,10241,72,81,92,99,103
20160106 05:13,34,46,27,41,36,67,76,88,92,57,10241,72,81,92,99,103
20160106 05:14,34,44,28,40,31,60,76,87,91,56,10240,72,81,92,99,103
20160106 05:15,31,45,28,41,31,63,76,87,91,56,10240,72,81,92,99,103
20160106 05:16,33,45,30,41,34,71,76,87,91,56,10240,72,81,92,99,103
20160106 05:17,34,47,31,41,34,72,76,88,92,57,10240,72,81,92,99,103
20160106 05:18,31,51,31,42,28,72,76,87,91,56,10239,72,81,92,99,103
20160106 05:19,35,42,33,42,42,61,76,87,91,56,10240,71,81,92,99,103
20160106 05:20,44,40,35,44,45,60,76,88,92,57,10240,71,81,92,99,103
20160106 05:21,45,43,36,45,45,62,76,88,92,57,10239,71,81,92,99,103
20160106 05:22,46,38,37,43,47,52,76,88,92,57,10239,71,81,92,99,103
20160106 05:23,40,35,37,42,33,46,75,88,91,56,10239,72,81,92,99,103
20160106 05:24,33,29,37,40,33,41,75,88,91,56,10239,72,81,92,99,103
20160106 05:25,36,32,38,40,39,66,75,88,91,56,10239,72,81,92,99,103
20160106 05:26,38,38,38,39,38,47,75,88,91,56,10239,71,81,91,99,103
20160106 05:27,39,34,39,37,40,41,75,88,91,56,10238,71,81,91,99,103
20160106 05:28,41,42,40,37,42,68,75,88,91,56,10238,71,81,91,99,103
20160106 05:29,36,50,39,39,30,66,75,88,91,56,10239,71,81,91,99,103
20160106 05:30,37,42,39,38,45,51,75,88,91,56,10239,71,81,91,99,103
20160106 05:31,49,35,40,37,53,51,75,88,91,56,10239,71,81,91,99,103
20160106 05:32,51,43,40,39,48,77,75,89,92,58,10240,71,81,91,99,103
20160106 05:33,43,42,41,39,38,54,75,88,91,56,10240,71,81,91,99,103
20160106 05:34,39,33,41,40,40,53,75,88,91,56,10240,71,81,91,99,103
20160106 05:35,40,35,41,39,40,51,75,89,92,58,10240,71,81,91,99,103
20160106 05:36,41,25,42,37,42,26,75,88,91,56,10240,71,81,91,99,103
20160106 05:37,42,25,42,37,41,64,75,89,92,58,10241,71,80,91,99,103
20160106 05:38,40,36,41,36,38,49,74,89,92,57,10240,71,80,91,99,103
20160106 05:39,41,39,43,35,44,60,74,89,92,57,10240,71,80,91,99,103
20160106 05:40,43,44,43,36,42,70,74,88,91,55,10241,71,80,91,99,103
20160106 05:41,39,50,41,38,36,70,75,88,91,56,10241,71,80,91,99,103
20160106 05:42,33,46,39,37,31,65,75,88,91,56,10241,71,80,91,99,103
20160106 05:43,33,40,39,38,35,61,75,88,91,56,10241,71,80,91,99,103
20160106 05:44,38,39,39,38,40,53,74,88,91,55,10242,71,80,91,99,103
20160106 05:45,46,32,40,37,51,54,74,88,91,55,10242,71,80,91,99,103
20160106 05:46,37,35,38,40,23,50,74,88,91,55,10242,71,80,91,98,103
20160106 05:47,31,36,38,40,39,52,74,88,91,55,10243,71,80,91,99,103
20160106 05:48,38,39,38,41,37,77,74,88,91,55,10243,71,80,91,98,103
20160106 05:49,35,48,37,41,33,62,75,88,91,56,10242,71,80,91,98,103
20160106 05:50,31,42,35,40,29,52,75,88,91,56,10242,71,80,91,98,103
20160106 05:51,32,41,35,39,35,57,74,88,91,55,10242,71,80,91,98,103
20160106 05:52,32,42,35,40,30,49,74,88,91,55,10242,71,80,91,98,103
20160106 05:53,31,31,35,38,32,30,74,88,91,55,10242,71,80,91,98,103
20160106 05:54,32,34,34,39,32,72,74,88,91,55,10242,71,80,91,98,103
20160106 05:55,36,51,33,42,40,72,74,88,91,55,10242,71,80,91,98,103
20160106 05:56,36,46,34,41,33,42,74,88,91,55,10242,71,80,91,98,103
20160106 05:57,32,37,33,42,32,64,74,88,91,55,10243,71,80,91,98,103
20160106 05:58,35,46,33,42,38,68,74,88,91,55,10243,71,80,91,98,103
20160106 05:59,37,52,34,42,36,67,74,88,91,55,10244,71,80,91,98,103
20160106 06:00,29,46,33,43,21,53,74,88,91,55,10244,71,80,91,98,103
20160106 06:01,31,44,33,43,40,59,74,88,91,55,10244,71,80,91,98,103
20160106 06:02,35,40,33,42,30,47,74,88,91,55,10245,71,80,91,98,103
20160106 06:03,32,41,34,45,33,69,74,88,91,55,10245,71,80,91,98,103
20160106 06:04,30,44,33,44,27,57,74,88,91,55,10245,71,80,91,98,103
20160106 06:05,30,32,32,41,32,44,74,88,91,55,10245,71,80,91,98,103
20160106 06:06,30,28,32,41,27,53,74,88,91,55,10245,71,80,91,98,103
20160106 06:07,33,36,32,41,40,62,74,88,91,55,10246,71,80,91,98,103
20160106 06:08,37,45,32,41,35,62,74,88,91,55,10246,71,80,91,98,103
20160106 06:09,34,50,32,41,33,67,74,88,91,55,10246,71,80,90,98,103
20160106 06:10,33,52,33,42,34,74,74,88,91,55,10246,71,80,90,98,103
20160106 06:11,33,54,32,43,31,79,74,88,91,55,10246,70,80,90,98,103
20160106 06:12,28,45,32,43,25,47,74,88,91,55,10246,70,80,90,98,103
20160106 06:13,30,34,32,41,35,48,74,88,91,55,10246,71,80,90,98,103
20160106 06:14,33,35,32,41,30,52,74,88,91,55,10247,71,80,90,98,103
20160106 06:15,33,34,33,42,35,38,74,88,91,55,10247,71,79,90,98,103
20160106 06:16,33,27,33,41,32,47,74,88,91,55,10247,71,80,90,98,103
20160106 06:17,35,31,33,41,38,58,74,89,92,57,10247,71,79,90,98,103
20160106 06:18,30,30,32,38,23,33,74,89,92,57,10247,71,79,90,98,103
20160106 06:19,27,22,32,35,32,35,74,89,92,57,10247,71,79,90,98,103
20160106 06:20,34,25,32,33,36,45,74,89,92,57,10248,71,79,90,98,103
20160106 06:21,37,29,32,30,38,45,74,89,92,57,10248,71,79,90,98,103
20160106 06:22,29,27,32,29,21,31,74,89,92,57,10249,71,79,90,98,103
20160106 06:23,23,23,31,28,25,32,74,89,92,57,10249,71,79,90,98,103
20160106 06:24,24,29,30,28,23,56,74,89,92,57,10250,71,79,90,98,103
20160106 06:25,32,34,31,28,40,48,74,89,92,57,10250,71,79,90,98,103
20160106 06:26,29,26,29,27,18,27,74,89,92,57,10250,71,79,90,98,103
20160106 06:27,25,17,29,25,33,24,74,89,92,57,10251,71,79,90,98,103
20160106 06:28,32,18,30,25,32,39,74,89,92,57,10251,71,79,90,98,103
20160106 06:29,29,28,29,26,26,42,74,89,92,57,10251,71,79,90,98,103
20160106 06:30,26,32,28,26,26,45,73,89,91,56,10251,71,79,90,98,103
20160106 06:31,21,27,26,26,17,37,74,89,92,57,10252,71,79,90,98,103
20160106 06:32,22,28,27,27,27,46,74,89,92,57,10252,71,79,90,98,103
20160106 06:33,35,30,28,27,43,41,74,89,92,57,10252,71,79,90,98,103
20160106 06:34,45,23,31,26,46,32,74,89,92,57,10252,71,79,90,98,103
20160106 06:35,40,24,30,25,34,38,73,89,91,56,10252,71,79,90,98,103
20160106 06:36,30,21,31,25,27,19,73,90,92,58,10252,71,79,90,98,103
20160106 06:37,33,18,32,26,39,34,73,90,92,58,10252,71,79,90,98,103
20160106 06:38,37,21,32,25,35,29,73,90,92,58,10252,72,79,90,98,102
20160106 06:39,33,21,33,24,32,32,73,90,92,58,10253,72,79,90,98,102
20160106 06:40,36,25,34,24,40,35,73,90,92,58,10253,71,79,90,98,102
20160106 06:41,37,25,36,24,35,35,73,90,92,58,10253,71,79,90,98,102
20160106 06:42,30,21,36,22,25,27,73,90,92,58,10253,71,79,90,98,102
20160106 06:43,23,25,33,23,20,55,73,90,92,58,10253,71,79,90,98,102
20160106 06:44,21,30,31,24,22,45,73,90,92,58,10253,71,79,90,98,102
20160106 06:45,33,27,32,23,45,35,73,90,92,58,10253,71,79,90,98,102
20160106 06:46,41,27,33,25,37,39,73,90,92,58,10253,71,79,90,98,102
20160106 06:47,33,31,32,26,30,41,73,90,92,58,10254,71,79,90,98,102
20160106 06:48,20,32,30,27,11,41,73,90,92,58,10253,71,79,90,97,102
20160106 06:49,22,28,30,27,33,32,73,90,92,58,10253,71,79,90,98,102
20160106 06:50,28,24,28,27,22,30,73,91,93,59,10253,71,79,90,97,102
20160106 06:51,34,27,29,28,46,50,73,91,93,59,10253,71,79,90,97,102
20160106 06:52,33,32,29,29,20,42,73,91,93,59,10253,71,79,90,97,102
20160106 06:53,21,32,29,29,21,41,73,90,92,58,10253,71,79,90,97,102
20160106 06:54,22,30,29,29,22,36,73,90,92,58,10254,71,79,89,97,102
20160106 06:55,21,26,26,29,20,36,73,90,92,58,10254,71,79,90,97,102
20160106 06:56,22,28,25,29,23,40,73,90,92,58,10254,71,79,89,97,102
20160106 06:57,22,31,24,29,20,44,73,90,92,58,10254,71,79,89,97,102
20160106 06:58,26,33,26,29,31,47,73,90,92,58,10254,71,79,89,97,102
20160106 06:59,28,32,25,30,24,45,73,91,93,59,10255,71,79,89,97,102
20160106 07:00,15,37,23,32,6,57,73,91,93,59,10255,71,79,89,97,102
20160106 07:01,9,37,20,32,12,59,73,90,92,58,10255,71,79,89,97,102
20160106 07:02,14,30,20,32,16,43,73,90,92,58,10255,71,79,89,97,102
20160106 07:03,16,32,19,32,17,52,73,90,92,58,10255,71,79,89,97,102
20160106 07:04,23,40,20,34,29,56,73,90,92,58,10256,71,79,89,97,102
20160106 07:05,30,35,21,34,30,36,73,90,92,58,10256,71,79,89,97,102
20160106 07:06,28,27,21,33,26,51,73,90,92,58,10256,71,79,89,97,102
20160106 07:07,26,32,22,34,27,52,73,90,92,58,10256,71,79,89,97,102
20160106 07:08,27,36,21,34,26,55,73,90,92,58,10256,71,79,89,97,102
20160106 07:09,25,30,21,33,23,31,73,90,92,58,10257,71,79,89,97,102
20160106 07:10,17,25,22,32,10,43,73,90,92,58,10257,71,79,89,97,102
20160106 07:11,13,33,22,33,16,63,73,91,93,59,10257,71,79,89,97,102
20160106 07:12,21,37,23,33,26,45,73,90,92,58,10257,71,79,89,97,102
20160106 07:13,26,31,24,32,25,34,73,90,92,58,10257,71,79,89,97,102
20160106 07:14,29,25,24,30,34,31,73,90,92,58,10257,72,79,89,97,102
20160106 07:15,27,23,23,30,21,37,73,91,93,59,10257,72,79,89,97,102
20160106 07:16,19,29,23,30,18,47,73,91,93,59,10257,72,79,89,97,102
20160106 07:17,23,29,23,29,28,29,73,91,93,59,10257,72,79,89,97,102
20160106 07:18,24,22,22,28,20,30,73,91,93,59,10257,72,79,89,97,102
20160106 07:19,22,22,22,28,24,34,73,91,93,59,10257,72,79,89,97,102
20160106 07:20,27,16,24,26,30,20,73,91,93,59,10257,72,79,89,97,102
20160106 07:21,28,18,25,25,26,31,73,91,93,59,10257,72,79,89,97,102
20160106 07:22,29,22,26,23,32,25,73,91,93,59,10257,72,79,89,97,102
20160106 07:23,24,21,25,23,17,39,73,91,93,59,10257,72,79,89,97,102
20160106 07:24,24,25,25,23,31,33,73,91,93,59,10257,72,79,89,97,102
20160106 07:25,33,28,26,24,35,39,72,91,92,58,10258,72,79,89,97,102
20160106 07:26,29,29,27,23,23,35,72,91,92,58,10258,72,79,89,97,102
20160106 07:27,27,33,27,25,31,51,72,91,92,58,10258,72,79,89,97,102
20160106 07:28,30,34,28,25,28,39,72,91,92,58,10258,72,79,89,97,102
20160106 07:29,34,26,29,25,40,32,73,91,93,59,10258,72,79,89,97,102
20160106 07:30,35,20,29,26,30,29,73,91,93,59,10258,73,79,89,97,102
20160106 07:31,29,25,30,27,29,44,72,91,92,58,10259,73,79,89,97,102
20160106 07:32,22,27,28,27,15,28,73,91,93,59,10259,73,79,89,97,102
20160106 07:33,20,28,29,28,25,48,73,91,93,59,10260,73,79,89,97,102
20160106 07:34,26,30,28,28,27,37,73,91,93,59,10260,73,79,89,97,102
20160106 07:35,24,25,27,27,20,36,73,91,93,59,10260,73,79,89,97,102
20160106 07:36,17,26,26,27,13,47,73,91,93,59,10260,73,79,89,97,102
20160106 07:37,20,30,25,27,27,46,73,91,93,59,10261,73,79,89,97,102
20160106 07:38,22,30,24,26,17,35,73,91,93,59,10261,73,79,89,97,102
20160106 07:39,17,30,22,28,17,47,73,91,93,59,10261,73,79,89,97,102
20160106 07:40,21,33,22,29,25,40,73,91,93,59,10261,73,79,89,97,102
20160106 07:41,19,26,20,28,12,24,73,91,93,59,10261,73,79,89,97,102
20160106 07:42,13,17,20,27,15,23,73,91,93,59,10261,73,79,89,97,102
20160106 07:43,18,21,19,26,22,35,73,91,93,59,10261,73,79,89,97,102
20160106 07:44,24,31,19,27,27,45,73,91,93,59,10261,73,79,89,96,102
20160106 07:45,19,32,18,28,10,37,73,91,93,59,10260,73,79,89,97,102
20160106 07:46,21,29,20,28,32,47,73,91,93,59,10260,73,79,89,96,102
20160106 07:47,32,31,21,28,31,50,73,91,93,59,10260,73,79,89,96,102
20160106 07:48,24,29,21,28,18,34,73,91,93,59,10260,73,79,89,96,102
20160106 07:49,26,26,23,27,34,48,73,91,93,59,10260,73,79,89,96,102
20160106 07:50,30,30,23,27,25,46,73,91,93,59,10260,74,79,89,96,102
20160106 07:51,24,31,24,28,24,38,73,91,93,59,10260,74,79,89,96,102
20160106 07:52,21,28,24,29,18,45,73,91,93,59,10261,74,79,89,96,102
20160106 07:53,20,33,24,30,22,59,73,91,93,59,10261,75,79,89,96,102
20160106 07:54,24,38,24,31,25,57,73,91,93,59,10261,75,79,89,96,102
20160106 07:55,28,37,26,31,32,46,73,91,93,59,10261,75,79,89,96,102
20160106 07:56,27,34,25,32,23,46,73,91,93,59,10261,76,79,89,96,102
20160106 07:57,26,29,25,31,29,34,73,91,93,59,10261,76,79,88,96,101
20160106 07:58,28,27,26,32,27,45,73,91,93,59,10261,77,79,89,96,101
20160106 07:59,26,28,25,31,25,39,73,91,93,59,10261,77,79,88,96,101
20160106 08:00,17,27,23,31,8,34,74,91,94,60,10261,77,79,88,96,101
20160106 08:01,16,27,23,31,24,42,74,91,94,60,10261,77,79,88,96,101
20160106 08:02,33,26,26,30,42,46,74,91,94,60,10261,77,79,88,96,101
20160106 08:03,37,26,27,29,32,40,74,91,94,60,10261,77,79,88,96,101
20160106 08:04,34,19,28,27,35,21,74,91,94,60,10261,77,79,88,96,101
20160106 08:05,31,20,27,26,28,47,74,91,94,60,10262,77,79,88,96,101
20160106 08:06,31,27,28,25,34,45,74,91,94,60,10262,77,79,88,96,101
20160106 08:07,33,27,29,26,31,37,74,91,94,60,10263,78,80,88,96,101
20160106 08:08,25,34,28,27,19,55,74,91,94,60,10263,78,80,88,96,101
20160106 08:09,15,34,26,27,10,34,74,91,94,60,10263,77,80,88,96,101
20160106 08:10,16,23,28,26,22,30,74,91,94,60,10263,77,80,88,96,101
20160106 08:11,21,16,27,25,20,20,74,91,94,60,10264,78,80,88,96,101
20160106 08:12,23,14,26,24,25,25,74,91,94,60,10264,78,80,88,96,101
20160106 08:13,22,26,24,25,20,50,74,91,94,60,10264,78,80,88,96,101
20160106 08:14,25,39,24,27,30,62,74,91,94,60,10265,78,80,88,96,101
20160106 08:15,26,31,23,27,23,33,74,91,94,60,10265,78,80,88,96,101
20160106 08:16,27,25,23,27,31,43,74,91,94,60,10264,78,80,88,96,101
20160106 08:17,29,28,23,27,26,43,74,90,93,59,10265,78,80,88,96,101
20160106 08:18,25,30,23,26,25,42,74,90,93,59,10265,78,80,88,96,101
20160106 08:19,29,29,26,26,34,31,74,90,93,59,10265,77,80,88,96,101
20160106 08:20,30,24,26,26,25,38,74,90,93,59,10264,78,80,88,96,101
20160106 08:21,27,24,27,28,29,31,74,90,93,59,10265,78,80,88,96,101
20160106 08:22,25,24,26,28,20,35,74,91,94,60,10265,78,80,88,96,101
20160106 08:23,24,25,27,27,27,38,74,91,94,60,10265,78,80,88,96,101
20160106 08:24,30,28,27,26,34,44,74,91,94,60,10265,78,80,88,96,101
20160106 08:25,31,28,28,27,28,36,74,91,94,60,10265,78,81,88,96,101
20160106 08:26,18,25,26,26,9,37,74,91,94,60,10265,78,81,88,96,101
20160106 08:27,21,30,26,27,32,46,74,91,94,60,10266,78,81,88,96,101
20160106 08:28,31,35,27,27,29,45,74,91,94,60,10267,78,81,88,96,101
20160106 08:29,26,37,26,29,23,62,75,90,93,60,10267,78,81,88,96,101
20160106 08:30,22,36,25,30,22,45,75,90,93,60,10267,78,81,88,96,101
20160106 08:31,17,27,24,29,13,45,75,90,93,60,10267,78,81,88,96,101
20160106 08:32,10,26,22,30,7,45,75,90,93,60,10268,77,81,88,96,101
20160106 08:33,16,26,22,30,25,30,75,90,93,60,10268,77,81,88,96,101
20160106 08:34,25,23,21,29,25,31,75,90,93,60,10268,77,81,88,96,101
20160106 08:35,24,26,21,29,23,38,75,90,93,60,10268,78,81,88,96,101
20160106 08:36,18,28,21,29,13,36,75,90,93,60,10268,78,81,88,96,101
20160106 08:37,17,23,20,28,21,26,75,90,93,60,10268,78,81,88,96,101
20160106 08:38,14,21,18,27,7,30,75,90,93,60,10268,78,81,88,96,101
20160106 08:39,14,25,18,26,20,37,75,90,93,60,10268,78,81,88,96,101
20160106 08:40,12,25,16,25,4,34,75,90,93,60,10268,78,81,88,96,101
20160106 08:41,14,29,17,26,24,45,75,90,93,60,10268,78,81,88,96,101
20160106 08:42,16,33,17,26,8,47,75,90,93,60,10269,78,81,88,96,101
20160106 08:43,10,33,16,27,13,49,75,90,93,60,10269,77,81,88,96,101
20160106 08:44,20,34,16,28,27,42,76,90,94,61,10269,77,81,88,96,101
20160106 08:45,25,32,16,28,24,38,76,89,93,59,10269,77,81,88,96,101
20160106 08:46,29,29,18,29,34,48,75,90,93,60,10269,77,81,88,96,101
20160106 08:47,32,30,19,30,31,38,75,90,93,60,10269,77,81,88,96,101
20160106 08:48,26,28,21,30,22,37,75,90,93,60,10269,78,81,88,96,101
20160106 08:49,23,27,21,30,24,48,75,90,93,60,10269,78,81,88,96,101
20160106 08:50,29,28,24,31,35,47,76,89,93,59,10270,78,81,88,96,101
20160106 08:51,26,36,24,32,17,60,76,89,93,59,10270,78,81,88,96,101
20160106 08:52,20,44,25,33,24,59,76,89,93,59,10270,77,81,88,96,101
20160106 08:53,25,40,26,33,27,49,76,89,93,59,10270,77,81,88,96,101
20160106 08:54,21,34,25,33,15,41,76,89,93,59,10270,77,81,88,96,101
20160106 08:55,14,28,24,32,13,36,76,89,93,59,10271,78,81,88,96,101
20160106 08:56,8,26,21,32,4,34,76,89,93,59,10271,78,81,88,96,101
20160106 08:57,7,27,19,32,9,38,76,89,93,59,10271,78,81,88,96,101
20160106 08:58,8,28,17,32,7,45,76,89,93,59,10272,78,81,88,96,101
20160106 08:59,1,25,15,31,355,33,76,89,93,59,10272,78,81,88,96,101
20160106 09:00,12,20,14,30,32,34,76,89,93,59,10271,78,81,88,96,101
20160106 09:01,26,23,15,29,21,41,76,89,93,59,10271,78,81,88,96,101
20160106 09:02,26,26,15,27,30,36,76,89,93,59,10271,78,81,88,96,101
20160106 09:03,29,25,15,26,27,39,76,89,93,59,10271,79,81,88,96,101
20160106 09:04,25,33,16,26,23,50,76,89,93,59,10271,79,81,88,96,101
20160106 09:05,25,32,17,26,26,31,76,89,93,59,10271,78,81,88,96,101
20160106 09:06,25,24,19,26,24,30,76,89,93,59,10271,79,81,88,96,101
20160106 09:07,21,25,20,26,18,57,76,89,93,59,10271,79,82,88,95,101
20160106 09:08,17,35,21,28,17,57,76,89,93,59,10271,79,82,88,96,101
20160106 09:09,23,36,25,28,28,36,76,89,93,59,10271,78,82,88,95,101
20160106 09:10,32,26,25,29,36,35,76,89,93,59,10271,79,82,88,95,101
20160106 09:11,33,27,26,29,30,38,76,89,93,59,10272,79,82,89,95,101
20160106 09:12,27,31,25,30,23,45,76,89,93,59,10272,79,82,88,95,101
20160106 09:13,25,28,25,30,27,41,76,89,93,59,10273,79,82,88,95,101
20160106 09:14,21,27,24,29,16,37,76,89,93,59,10273,79,82,88,95,101
20160106 09:15,22,27,25,29,28,41,76,90,94,61,10273,79,82,89,95,101
20160106 09:16,33,31,26,30,39,51,76,90,94,61,10273,79,82,88,95,101
20160106 09:17,32,36,27,31,26,40,75,89,92,58,10273,79,82,88,95,101
20160106 09:18,22,35,27,30,18,46,75,89,92,58,10273,79,82,88,95,101
20160106 09:19,22,31,27,30,26,43,76,89,93,59,10274,79,82,88,95,100
20160106 09:20,26,33,26,32,25,49,75,89,92,58,10274,79,82,88,95,100
20160106 09:21,24,37,25,32,23,51,75,89,92,58,10274,79,82,89,95,100
20160106 09:22,23,30,25,31,23,39,75,89,92,58,10274,79,82,89,95,100
20160106 09:23,29,26,26,31,35,38,75,90,93,60,10274,79,82,89,95,100
20160106 09:24,31,23,27,31,27,28,75,90,93,60,10274,79,82,89,95,100
20160106 09:25,22,22,26,30,18,42,75,90,93,60,10274,80,82,89,95,100
20160106 09:26,26,32,25,31,34,51,75,90,93,60,10274,80,82,89,95,100
20160106 09:27,34,40,26,31,34,45,75,90,93,60,10274,80,82,89,95,100
20160106 09:28,30,35,27,31,27,40,75,90,93,60,10274,80,82,89,95,100
20160106 09:29,31,35,28,32,34,54,75,90,93,60,10274,80,82,89,95,100
20160106 09:30,32,32,28,31,29,31,75,90,93,60,10274,80,82,89,95,100
20160106 09:31,32,22,30,29,34,30,75,90,93,60,10274,81,82,89,95,100
20160106 09:32,33,16,30,28,31,23,75,90,93,60,10273,81,82,89,95,100
20160106 09:33,42,14,32,27,55,19,75,91,94,61,10273,82,82,89,95,100
20160106 09:34,47,19,33,27,39,49,75,91,94,61,10273,83,82,89,95,100
20160106 09:35,43,26,36,28,47,44,75,91,94,61,10273,83,82,89,95,100
20160106 09:36,43,27,37,26,40,44,75,91,94,61,10273,84,82,89,95,100
20160106 09:37,37,26,37,25,33,37,75,91,94,61,10274,84,82,89,95,100
20160106 09:38,30,26,37,24,27,38,75,91,94,61,10274,84,82,89,95,100
20160106 09:39,25,25,36,23,24,33,75,91,94,61,10274,84,82,89,95,100
20160106 09:40,22,18,35,21,21,27,75,91,94,61,10275,84,82,89,95,100
20160106 09:41,13,14,32,21,5,24,76,91,95,62,10275,85,83,89,95,100
20160106 09:42,2,17,29,22,359,30,76,91,95,62,10276,85,83,89,95,100
20160106 09:43,351,19,22,22,342,26,76,91,95,62,10277,84,83,89,95,100
20160106 09:44,355,20,19,22,8,26,76,91,95,62,10278,84,83,89,95,100
20160106 09:45,10,18,15,20,13,21,76,91,95,62,10278,83,83,89,95,100
20160106 09:46,6,15,11,19,359,18,76,91,95,62,10277,84,83,89,95,100
20160106 09:47,23,12,12,18,46,14,76,91,95,62,10277,84,83,89,95,100
20160106 09:48,34,9,12,16,21,12,76,91,95,62,10276,84,83,89,95,100
20160106 09:49,24,10,12,15,27,14,76,91,95,62,10276,85,83,89,95,100
20160106 09:50,31,18,13,16,35,32,76,91,95,62,10276,85,83,89,95,100
20160106 09:51,26,20,15,16,16,27,76,91,95,62,10276,85,83,89,95,100
20160106 09:52,26,16,18,15,36,21,76,91,95,62,10276,85,83,89,95,100
20160106 09:53,19,16,20,15,1,22,76,91,95,62,10277,85,84,89,95,100
20160106 09:54,2,15,20,15,3,19,76,91,95,62,10277,85,84,89,95,100
20160106 09:55,357,17,17,15,351,31,76,91,95,62,10278,85,84,89,95,100
20160106 09:56,352,19,17,15,353,22,76,91,95,62,10278,84,84,89,95,100
20160106 09:57,0,19,13,16,6,30,76,90,94,61,10278,84,84,89,95,100
20160106 09:58,357,18,10,17,348,19,76,90,94,61,10278,84,84,89,95,100
20160106 09:59,4,14,9,17,21,16,76,90,94,61,10278,84,84,89,95,100
20160106 10:00,21,15,7,17,20,25,76,90,94,61,10277,84,84,89,95,100
20160106 10:01,13,16,6,16,6,22,76,90,94,61,10277,84,84,89,95,100
20160106 10:02,15,17,5,17,23,27,76,91,95,62,10277,84,84,89,95,100
20160106 10:03,18,18,6,17,12,24,76,91,95,62,10276,84,84,89,95,100
20160106 10:04,7,17,6,17,2,31,76,90,94,61,10276,84,84,89,95,100
20160106 10:05,0,19,7,17,357,31,76,90,94,61,10276,84,84,89,95,100
20160106 10:06,5,19,9,17,13,27,76,90,94,61,10276,84,84,89,95,100
20160106 10:07,13,19,10,17,13,28,76,90,94,61,10276,84,84,89,95,100
20160106 10:08,13,23,12,18,12,31,76,90,94,61,10276,85,84,89,95,100
20160106 10:09,13,21,11,19,15,19,76,90,94,61,10276,85,85,89,95,100
20160106 10:10,21,18,12,19,26,26,76,90,94,61,10275,85,85,89,95,100
20160106 10:11,24,19,14,19,22,26,76,90,94,61,10275,86,85,89,95,100
20160106 10:12,29,24,15,21,35,37,76,90,94,61,10275,86,85,89,95,100
20160106 10:13,34,28,17,22,32,32,76,90,94,61,10275,87,85,89,95,100
20160106 10:14,25,24,18,22,17,30,76,90,94,61,10275,87,85,89,95,100
20160106 10:15,20,22,21,22,23,26,76,90,94,61,10275,88,85,89,95,100
20160106 10:16,16,20,20,22,9,25,76,90,94,61,10276,88,85,89,95,100
20160106 10:17,10,20,20,22,11,28,77,90,95,62,10276,89,85,89,95,100
20160106 10:18,5,21,19,22,0,28,77,90,95,62,10276,90,85,89,95,100
20160106 10:19,4,21,18,22,8,27,77,90,95,62,10276,90,85,89,95,100
20160106 10:20,15,19,18,22,23,28,77,90,95,62,10275,91,85,89,95,100
20160106 10:21,25,17,19,22,27,27,77,90,95,62,10275,92,85,89,95,100
20160106 10:22,26,21,18,21,25,33,77,90,95,62,10275,92,85,89,95,100
20160106 10:23,24,24,17,21,22,28,77,90,95,62,10274,92,85,89,95,100
20160106 10:24,22,23,17,21,22,28,77,90,95,62,10274,93,85,89,95,100
20160106 10:25,25,25,17,21,27,37,77,89,93,60,10274,93,85,89,95,100
20160106 10:26,23,25,18,22,18,31,78,89,94,61,10274,94,86,89,95,100
20160106 10:27,22,22,20,22,26,28,78,89,94,61,10274,94,86,89,95,100
20160106 10:28,32,22,24,22,38,29,78,89,94,61,10274,95,86,89,95,100
20160106 10:29,29,23,25,22,20,29,78,89,94,61,10274,96,86,89,95,100
20160106 10:30,26,18,26,22,31,25,78,89,94,61,10274,96,86,89,95,100
20160106 10:31,27,11,25,21,22,13,78,89,94,61,10274,97,86,89,95,100
20160106 10:32,18,9,24,19,15,18,79,89,95,62,10274,98,86,89,95,100
20160106 10:33,21,15,25,19,27,26,79,89,95,62,10274,98,87,89,95,100
20160106 10:34,14,21,23,19,1,27,79,89,95,62,10274,99,87,89,95,100
20160106 10:35,6,15,21,17,12,13,79,89,95,62,10273,100,87,89,95,100
20160106 10:36,2,11,18,16,352,19,79,89,95,62,10273,101,87,89,95,100
20160106 10:37,355,13,16,16,357,19,80,89,95,63,10273,102,87,89,95,100
20160106 10:38,357,19,12,16,358,26,80,89,95,63,10273,102,87,89,95,100
20160106 10:39,16,17,13,14,35,17,80,89,95,63,10273,103,88,89,95,100
20160106 10:40,30,13,12,15,24,18,81,89,96,64,10273,104,88,89,95,100
20160106 10:41,12,19,10,16,359,35,81,89,96,64,10273,104,88,89,95,100
20160106 10:42,7,22,10,17,14,32,81,89,96,64,10272,105,88,89,95,100
20160106 10:43,14,24,9,18,14,35,81,88,95,62,10272,105,89,89,95,100
20160106 10:44,10,26,9,18,6,35,81,87,94,61,10272,105,89,89,95,100
20160106 10:45,5,25,8,20,5,31,81,87,94,61,10272,105,89,90,95,100
20160106 10:46,17,23,12,21,29,29,82,86,93,60,10272,105,89,90,95,100
20160106 10:47,22,24,14,22,15,30,82,86,93,60,10272,106,89,90,95,100
20160106 10:48,13,21,15,21,10,22,82,86,93,60,10272,106,90,90,95,100
20160106 10:49,11,17,13,22,12,25,82,87,95,62,10272,106,90,90,95,100
20160106 10:50,8,17,11,22,5,23,82,87,95,62,10272,106,90,90,95,100
20160106 10:51,11,14,13,21,18,15,83,86,94,61,10272,107,90,90,95,100
20160106 10:52,12,14,12,20,7,26,83,87,95,63,10272,107,91,90,95,100
20160106 10:53,6,16,11,19,5,19,83,87,95,63,10272,106,91,90,95,100
20160106 10:54,4,26,11,20,3,44,83,86,94,61,10272,106,91,90,95,100
20160106 10:55,9,32,12,20,14,42,83,85,93,59,10272,106,91,90,95,100
20160106 10:56,19,24,11,20,23,29,83,85,93,59,10272,106,92,90,95,100
20160106 10:57,7,19,9,19,350,25,83,86,94,61,10272,106,92,90,95,100
20160106 10:58,358,19,8,20,6,26,83,86,94,61,10271,106,92,90,95,100
20160106 10:59,6,18,8,20,5,23,84,85,94,60,10271,106,92,90,95,100
20160106 11:00,3,23,7,21,2,37,84,86,95,62,10271,106,92,90,95,100
20160106 11:01,4,31,6,23,6,43,84,85,94,60,10271,106,93,90,95,100
20160106 11:02,8,29,6,24,11,35,84,85,94,60,10270,106,93,90,95,100
20160106 11:03,17,25,8,25,24,29,84,85,94,60,10270,106,93,90,95,100
20160106 11:04,26,25,11,24,28,37,84,85,94,60,10270,107,93,90,95,100
20160106 11:05,15,26,10,24,1,32,84,85,94,60,10269,107,93,90,95,100
20160106 11:06,17,23,11,24,33,30,84,85,94,60,10269,107,93,90,95,100
20160106 11:07,29,27,14,25,24,39,84,84,93,59,10269,108,93,90,95,100
20160106 11:08,31,34,17,27,38,45,84,84,93,59,10268,109,94,91,95,100
20160106 11:09,30,33,19,29,23,40,84,84,93,59,10268,109,94,91,95,100
20160106 11:10,29,25,23,28,37,27,85,84,93,60,10268,110,94,91,95,100
20160106 11:11,22,19,23,26,9,23,85,85,94,61,10268,110,94,91,95,100
20160106 11:12,11,17,23,25,13,25,85,85,94,61,10268,111,94,91,95,100
20160106 11:13,7,17,21,25,1,26,86,85,95,62,10268,112,94,91,95,100
20160106 11:14,18,18,21,24,34,31,86,85,95,62,10268,112,95,91,95,100
20160106 11:15,16,21,21,23,357,42,86,85,95,62,10268,112,95,91,95,100
20160106 11:16,10,20,20,23,23,27,86,84,94,61,10268,112,95,91,95,100
20160106 11:17,17,21,19,22,11,48,86,84,94,61,10267,112,95,91,95,100
20160106 11:18,11,29,16,22,10,48,87,83,93,60,10267,112,95,91,95,100
20160106 11:19,8,33,14,22,7,41,87,82,92,58,10267,112,95,91,95,100
20160106 11:20,10,29,12,23,13,32,87,82,92,58,10267,112,96,91,95,99
20160106 11:21,13,25,12,23,13,34,87,82,92,58,10267,112,96,91,95,100
20160106 11:22,12,27,12,25,11,38,87,82,92,58,10266,112,96,91,95,99
20160106 11:23,17,32,14,26,23,43,87,82,92,58,10266,112,96,91,95,100
20160106 11:24,14,34,11,28,5,43,87,81,91,56,10266,112,96,91,95,100
20160106 11:25,14,37,14,30,23,47,87,81,91,56,10265,112,96,92,95,100
20160106 11:26,19,35,13,31,15,43,87,81,91,56,10265,112,97,92,95,100
20160106 11:27,7,29,12,31,359,43,87,81,91,56,10265,113,97,92,95,99
20160106 11:28,11,33,13,32,23,51,88,81,92,57,10265,113,97,92,95,99
20160106 11:29,22,42,15,33,21,57,88,80,91,55,10265,113,97,92,95,99
20160106 11:30,12,40,14,34,3,43,88,80,91,55,10265,112,97,92,95,100
20160106 11:31,7,32,14,34,12,42,88,80,91,55,10265,111,97,92,95,100
20160106 11:32,21,35,16,36,31,53,88,80,91,55,10265,111,98,92,95,99
20160106 11:33,31,42,16,36,32,55,88,80,91,55,10265,111,98,92,95,100
20160106 11:34,23,41,17,37,14,58,88,80,91,55,10265,110,98,92,95,99
20160106 11:35,12,34,16,36,9,46,88,80,91,55,10265,109,98,92,96,99
20160106 11:36,12,30,16,36,15,44,88,81,92,57,10265,109,98,92,96,99
20160106 11:37,17,32,18,37,20,46,88,80,91,55,10265,108,98,92,96,99
20160106 11:38,23,30,18,35,27,47,88,80,91,55,10265,108,98,92,96,99
20160106 11:39,27,29,19,34,28,45,88,80,91,55,10265,107,98,93,96,99
20160106 11:40,27,29,22,33,27,43,88,81,92,57,10265,108,99,93,96,99
20160106 11:41,25,28,23,33,23,36,88,81,92,57,10265,108,99,93,96,99
20160106 11:42,18,24,21,31,13,32,88,80,91,55,10265,108,99,93,96,99
20160106 11:43,19,19,20,28,25,27,88,80,91,55,10265,108,99,93,96,99
20160106 11:44,15,22,19,27,6,31,88,80,91,55,10265,108,99,93,96,99
20160106 11:45,12,27,20,27,18,44,88,81,92,57,10265,108,99,93,96,99
20160106 11:46,19,22,21,25,20,20,88,80,91,55,10265,107,99,93,96,99
20160106 11:47,14,16,19,24,7,20,88,81,92,57,10265,107,99,93,96,100
20160106 11:48,19,24,20,24,30,51,88,81,92,57,10265,108,99,93,96,99
20160106 11:49,16,30,17,24,2,44,88,80,91,55,10265,107,99,93,96,99
20160106 11:50,4,33,15,25,7,53,88,80,91,55,10264,107,99,93,96,99
20160106 11:51,18,32,16,25,28,38,88,80,91,55,10264,107,99,93,96,99
20160106 11:52,29,28,17,26,31,45,88,80,91,55,10264,107,99,93,96,99
20160106 11:53,33,35,18,28,35,59,88,80,91,55,10264,107,99,93,96,99
20160106 11:54,32,39,21,29,29,56,88,79,89,54,10264,106,99,93,96,100
20160106 11:55,24,40,21,31,19,52,88,79,89,54,10264,106,99,94,96,100
20160106 11:56,23,43,21,34,26,55,88,78,88,52,10264,106,99,94,96,99
20160106 11:57,20,37,22,35,14,45,88,78,88,52,10264,105,99,94,96,99
20160106 11:58,22,34,22,36,30,58,88,78,88,52,10264,106,99,94,96,100
20160106 11:59,23,37,24,36,16,44,88,78,88,52,10264,105,99,94,96,100
20160106 12:00,23,32,26,35,31,38,88,78,88,52,10264,105,99,94,96,99
20160106 12:01,28,36,26,37,25,58,88,78,88,52,10264,106,99,94,96,99
20160106 12:02,22,41,25,38,20,57,88,78,88,52,10264,106,99,94,96,100
20160106 12:03,21,39,23,38,22,49,88,77,87,50,10263,106,99,94,96,100
20160106 12:04,22,40,22,38,21,56,89,77,88,51,10263,106,99,94,96,100
20160106 12:05,25,35,23,37,29,58,88,77,87,50,10263,106,99,94,96,100
20160106 12:06,31,25,24,35,34,31,89,77,88,51,10262,107,99,94,96,99
20160106 12:07,30,31,25,36,26,50,89,78,89,53,10262,107,99,94,96,100
20160106 12:08,30,38,26,35,35,52,89,77,88,51,10262,107,99,94,96,100
20160106 12:09,32,34,27,35,29,50,89,77,88,51,10262,108,99,94,96,100
20160106 12:10,34,28,28,35,39,34,89,78,89,53,10262,109,99,94,96,100
20160106 12:11,29,25,27,33,20,36,89,78,89,53,10261,111,99,95,96,100
20160106 12:12,24,21,28,31,28,27,90,79,91,56,10261,112,99,95,96,100
20160106 12:13,30,20,29,29,33,33,90,79,91,56,10261,113,99,95,96,100
20160106 12:14,32,17,31,26,32,16,90,79,91,56,10261,114,99,95,96,100
20160106 12:15,35,20,32,26,39,45,90,79,91,56,10261,115,99,95,96,100
20160106 12:16,39,33,32,27,39,56,90,78,89,54,10261,114,99,95,97,100
20160106 12:17,35,36,33,27,32,40,90,78,89,54,10261,114,99,95,97,100
20160106 12:18,34,37,33,27,37,47,90,78,89,54,10260,114,99,95,97,100
20160106 12:19,37,33,34,27,37,41,91,78,90,55,10260,114,100,95,97,100
20160106 12:20,35,27,33,27,34,44,91,79,91,57,10260,115,100,95,97,100
20160106 12:21,28,26,33,27,21,29,91,78,90,55,10260,115,100,95,97,100
20160106 12:22,21,24,33,28,21,37,91,79,91,57,10260,116,100,95,97,100
20160106 12:23,29,25,33,28,38,31,91,78,90,55,10260,116,100,95,97,100
20160106 12:24,45,26,35,30,52,34,92,79,92,58,10259,118,100,95,97,100
20160106 12:25,53,31,36,30,54,48,92,79,92,58,10259,119,100,95,97,100
20160106 12:26,48,35,37,30,43,56,92,78,91,56,10259,120,101,95,97,100
20160106 12:27,36,33,37,29,29,39,92,77,90,54,10258,121,101,95,97,100
20160106 12:28,30,32,36,29,30,50,92,77,90,54,10258,121,101,95,97,100
20160106 12:29,32,41,35,31,33,62,92,77,90,54,10258,121,101,95,97,100
20160106 12:30,28,41,34,32,23,42,92,76,88,52,10258,121,101,95,97,100
20160106 12:31,17,37,33,33,10,51,92,76,88,52,10257,121,101,95,97,100
20160106 12:32,14,40,33,35,18,52,92,76,88,52,10257,121,101,95,97,100
20160106 12:33,22,38,32,36,26,41,92,76,88,52,10257,121,102,96,97,100
20160106 12:34,34,32,31,36,41,43,93,77,90,55,10257,122,102,96,97,100
20160106 12:35,40,33,29,37,38,51,93,77,90,55,10256,123,102,96,97,100
20160106 12:36,24,34,26,36,9,51,93,76,89,53,10256,123,102,96,97,100
20160106 12:37,23,32,26,36,36,54,93,76,89,53,10256,124,102,96,97,100
20160106 12:38,30,35,26,37,24,49,93,76,89,53,10256,125,102,96,97,100
20160106 12:39,27,35,26,35,30,41,93,75,88,51,10256,125,103,96,97,100
20160106 12:40,15,33,23,35,0,50,93,76,89,53,10256,125,103,96,97,100
20160106 12:41,359,32,22,34,357,54,94,75,88,52,10255,127,103,96,97,100
20160106 12:42,15,30,23,33,32,37,94,75,88,52,10255,128,103,96,97,100
20160106 12:43,36,25,25,32,40,34,94,76,90,54,10255,130,103,96,97,100
20160106 12:44,39,25,24,32,37,44,94,76,90,54,10255,132,104,96,97,100
20160106 12:45,34,34,24,32,31,50,95,76,90,55,10255,133,104,96,97,100
20160106 12:46,26,40,25,33,22,54,95,75,89,53,10255,133,104,96,97,100
20160106 12:47,27,38,25,33,33,43,95,74,88,51,10254,132,104,96,97,100
20160106 12:48,37,30,27,32,42,30,95,75,89,53,10254,132,105,96,97,100
20160106 12:49,46,27,29,31,49,46,95,74,88,51,10254,134,105,96,97,100
20160106 12:50,34,34,30,32,20,53,95,75,89,53,10254,133,105,96,97,100
20160106 12:51,19,33,32,32,17,39,95,74,88,51,10254,133,105,96,97,100
20160106 12:52,35,31,34,32,53,49,96,75,90,54,10254,133,106,97,98,100
20160106 12:53,43,25,34,32,34,20,96,75,90,54,10254,132,106,97,97,100
20160106 12:54,42,17,35,31,50,38,96,76,91,56,10254,133,106,97,98,100
20160106 12:55,54,19,38,29,58,37,96,75,90,54,10254,132,106,97,98,100
20160106 12:56,50,24,40,27,42,47,96,76,91,56,10254,131,107,97,98,100
20160106 12:57,44,31,41,27,45,52,96,75,90,54,10254,130,107,97,98,100
20160106 12:58,39,34,40,28,33,52,96,74,88,52,10254,129,107,97,98,100
20160106 12:59,36,36,39,29,39,51,96,74,88,52,10254,129,108,97,98,100
20160106 13:00,33,29,40,27,28,28,96,74,88,52,10254,129,108,97,98,100
20160106 13:01,28,22,41,27,29,33,96,75,90,54,10254,130,108,97,98,100
20160106 13:02,35,19,40,25,41,20,96,76,91,56,10254,130,108,97,98,100
20160106 13:03,28,16,38,25,16,21,96,76,91,56,10254,131,108,97,98,100
20160106 13:04,22,19,36,25,29,28,96,76,91,56,10254,131,109,97,98,100
20160106 13:05,30,25,33,26,32,40,96,75,90,54,10254,130,109,97,98,100
20160106 13:06,31,31,32,27,31,41,96,73,87,50,10254,129,109,98,98,100
20160106 13:07,22,32,29,26,13,48,96,73,87,50,10254,128,109,98,98,100
20160106 13:08,16,33,28,26,18,47,96,74,88,52,10254,128,109,98,98,100
20160106 13:09,23,36,26,26,27,48,96,73,87,50,10254,127,109,98,98,100
20160106 13:10,26,34,26,27,24,43,96,73,87,50,10254,126,109,98,98,100
20160106 13:11,27,26,26,27,29,27,95,73,87,49,10254,125,110,98,98,100
20160106 13:12,24,27,24,29,19,59,96,74,88,52,10254,125,110,98,98,100
20160106 13:13,16,39,24,32,13,63,95,73,87,49,10254,124,110,98,98,100
20160106 13:14,19,38,23,33,25,41,95,73,87,49,10254,122,110,98,98,100
20160106 13:15,25,30,22,33,25,40,95,74,88,51,10253,123,110,98,98,100
20160106 13:16,27,28,22,32,30,38,95,74,88,51,10253,123,110,98,98,100
20160106 13:17,37,24,25,31,44,30,95,75,89,53,10252,124,110,98,98,100
20160106 13:18,44,19,28,29,43,27,95,74,88,51,10253,124,110,98,98,100
20160106 13:19,37,20,28,28,30,28,96,74,88,52,10253,125,110,99,98,100
20160106 13:20,24,18,27,26,17,18,96,74,88,52,10252,126,110,99,98,100
20160106 13:21,20,16,27,26,24,27,96,74,88,52,10252,127,110,99,98,100
20160106 13:22,13,20,25,25,2,33,96,75,90,54,10252,128,110,99,98,100
20160106 13:23,4,24,25,23,7,32,96,74,88,52,10252,128,110,99,98,100
20160106 13:24,13,22,24,22,20,25,96,73,87,50,10252,128,110,99,98,100
20160106 13:25,16,16,23,20,12,17,96,73,87,50,10252,129,110,99,98,100
20160106 13:26,21,11,23,18,31,16,96,75,90,54,10252,130,110,99,99,100
20160106 13:27,33,12,22,18,36,33,97,76,91,57,10252,132,110,99,99,100
20160106 13:28,34,22,21,19,33,41,97,75,90,55,10252,132,111,99,99,100
20160106 13:29,18,29,18,19,3,42,97,73,88,51,10252,133,111,99,99,100
20160106 13:30,7,28,18,21,11,36,97,72,87,49,10252,132,111,99,99,100
20160106 13:31,18,24,18,21,26,34,97,72,87,49,10252,132,111,99,99,100
20160106 13:32,27,25,21,22,28,40,97,74,89,53,10252,132,111,100,99,100
20160106 13:33,34,30,24,22,41,39,97,73,88,51,10252,132,111,100,99,100
20160106 13:34,37,32,26,24,34,47,97,72,87,49,10252,132,111,100,99,100
20160106 13:35,29,31,27,25,23,34,97,73,88,51,10252,131,111,100,99,100
20160106 13:36,26,26,26,27,29,42,97,73,88,51,10252,130,111,100,99,100
20160106 13:37,28,24,25,28,26,36,97,73,88,51,10252,130,112,100,99,100
20160106 13:38,23,22,24,27,20,27,97,73,88,51,10252,130,112,100,99,100
20160106 13:39,26,18,27,25,33,27,97,73,88,51,10252,130,112,100,99,100
20160106 13:40,29,18,28,25,25,31,97,72,87,49,10252,130,112,100,99,100
20160106 13:41,18,22,27,25,11,28,97,73,88,51,10252,130,112,100,99,100
20160106 13:42,19,20,27,24,27,25,97,72,87,49,10252,130,112,100,99,100
20160106 13:43,32,24,27,24,37,36,97,72,87,49,10252,130,112,100,99,101
20160106 13:44,34,25,26,22,31,34,97,72,87,49,10252,129,112,100,99,101
20160106 13:45,25,19,26,21,19,29,97,72,87,49,10252,129,113,101,99,100
20160106 13:46,13,16,24,20,7,23,97,72,87,49,10253,129,113,101,99,101
20160106 13:47,14,18,23,20,21,27,97,72,87,49,10253,130,113,101,99,101
20160106 13:48,19,20,23,20,17,25,97,72,87,49,10253,129,113,101,99,101
20160106 13:49,18,20,21,21,19,30,97,72,87,49,10253,128,113,101,99,101
20160106 13:50,21,25,21,21,23,32,97,72,87,49,10253,127,113,101,99,101
20160106 13:51,23,26,22,22,23,34,97,72,87,49,10253,126,113,101,99,101
20160106 13:52,12,30,20,23,0,43,97,72,87,49,10253,126,113,101,99,101
20160106 13:53,4,33,17,23,8,46,97,72,87,49,10253,125,113,101,100,101
20160106 13:54,9,32,15,24,10,45,97,71,85,47,10253,124,113,101,100,101
20160106 13:55,11,31,14,26,12,44,97,71,85,47,10253,123,113,101,100,101
20160106 13:56,6,28,13,27,0,33,96,70,84,44,10253,123,113,101,100,101
20160106 13:57,357,21,11,26,354,27,96,71,85,46,10253,122,113,101,100,101
20160106 13:58,352,18,8,26,350,24,96,71,85,46,10252,122,113,101,100,101
20160106 13:59,353,18,5,26,355,28,96,72,86,48,10252,122,113,102,100,101
20160106 14:00,355,19,3,25,354,26,96,72,86,48,10252,122,113,102,100,101
20160106 14:01,5,18,2,24,15,20,96,71,85,46,10252,122,113,102,100,101
20160106 14:02,22,15,5,22,29,21,96,72,86,48,10252,122,113,102,100,101
20160106 14:03,25,17,6,21,20,35,97,72,87,49,10251,123,113,102,100,101
20160106 14:04,30,24,9,21,40,40,97,72,87,49,10251,124,113,102,100,101
20160106 14:05,31,25,10,20,21,35,97,72,87,49,10251,125,113,102,100,101
20160106 14:06,14,22,10,19,6,28,97,72,87,49,10251,125,113,102,100,101
20160106 14:07,4,18,11,19,2,24,97,72,87,49,10251,125,113,102,100,101
20160106 14:08,0,18,12,19,358,27,97,72,87,49,10251,125,113,102,100,101
20160106 14:09,359,25,13,20,1,36,97,71,85,47,10251,125,113,102,100,101
20160106 14:10,11,24,15,21,21,32,97,70,84,45,10250,125,113,102,100,101
20160106 14:11,30,18,18,21,39,24,97,71,85,47,10250,126,113,102,100,101
20160106 14:12,53,18,21,21,67,29,98,71,86,48,10250,127,113,102,100,101
20160106 14:13,51,20,23,21,37,32,98,72,87,50,10250,127,113,102,100,101
20160106 14:14,35,22,22,21,33,33,98,71,86,48,10250,127,113,103,100,101
20160106 14:15,24,21,22,21,15,34,98,71,86,48,10250,127,113,103,100,101
20160106 14:16,21,25,24,22,27,38,98,72,87,50,10250,127,113,103,100,101
20160106 14:17,22,29,25,23,17,33,98,71,86,48,10250,127,113,103,100,101
20160106 14:18,27,26,29,23,38,36,98,71,86,48,10251,127,113,103,101,101
20160106 14:19,39,25,33,23,41,34,98,70,85,46,10251,127,113,103,101,101
20160106 14:20,38,27,35,24,36,34,98,70,85,46,10251,126,113,103,101,101
20160106 14:21,30,26,33,24,24,34,98,70,85,46,10251,126,113,103,101,101
20160106 14:22,358,22,25,24,333,29,98,71,86,48,10251,126,113,103,101,101
20160106 14:23,341,20,20,24,349,32,98,71,86,48,10251,125,113,103,101,101
20160106 14:24,355,22,16,24,0,27,98,71,86,48,10251,124,113,103,101,101
20160106 14:25,3,25,15,25,5,32,98,71,86,48,10251,124,113,103,101,101
20160106 14:26,357,25,11,24,349,32,98,71,86,48,10251,124,113,103,101,101
20160106 14:27,353,21,9,24,356,27,98,70,85,46,10251,124,113,103,101,101
20160106 14:28,6,19,7,23,17,27,98,71,86,48,10251,125,113,103,101,101
20160106 14:29,13,18,4,22,9,21,98,70,85,46,10251,126,113,103,101,101
20160106 14:30,0,16,359,21,350,26,98,70,85,46,10251,127,113,103,101,101
20160106 14:31,343,18,354,20,336,24,98,70,85,46,10251,127,113,103,101,101
20160106 14:32,358,16,0,20,26,27,98,70,85,46,10251,126,113,103,101,101
20160106 14:33,22,14,3,19,18,20,98,71,86,48,10251,126,113,103,101,101
20160106 14:34,15,18,4,19,11,27,99,70,85,47,10252,126,113,104,101,101
20160106 14:35,23,24,7,19,35,31,99,70,85,47,10252,125,113,104,101,101
20160106 14:36,32,25,11,19,30,30,99,69,84,45,10252,125,113,104,101,101
20160106 14:37,23,20,13,19,15,26,98,69,84,44,10252,124,113,104,101,101
20160106 14:38,11,16,12,18,7,18,98,69,84,44,10252,124,113,104,101,101
20160106 14:39,353,21,9,19,340,37,98,70,85,46,10252,123,113,104,101,101
20160106 14:40,350,26,10,20,359,33,98,69,84,44,10252,122,114,104,101,102
20160106 14:41,357,22,12,20,354,28,98,69,84,44,10252,121,114,104,101,101
20160106 14:42,352,19,8,21,351,27,98,68,82,42,10252,120,114,104,101,102
20160106 14:43,7,18,9,21,24,23,98,68,82,42,10252,120,114,104,102,102
20160106 14:44,35,16,12,21,46,35,98,69,84,44,10252,121,114,104,102,102
20160106 14:45,42,20,12,20,38,33,98,70,85,46,10252,121,114,104,102,102
20160106 14:46,43,22,14,20,48,29,98,70,85,46,10251,121,114,104,102,102
20160106 14:47,47,19,17,20,47,27,98,70,85,46,10252,121,113,104,102,102
20160106 14:48,41,18,21,20,36,23,98,69,84,44,10252,120,113,104,102,102
20160106 14:49,41,17,27,19,47,29,98,70,85,46,10252,121,113,104,102,102
20160106 14:50,49,17,33,19,52,30,98,70,85,46,10252,120,113,104,102,102
20160106 14:51,47,19,38,19,42,29,98,70,85,46,10252,120,113,104,102,102
20160106 14:52,42,20,42,19,42,30,98,70,85,46,10252,120,113,104,102,102
20160106 14:53,28,20,41,19,14,26,98,70,85,46,10252,120,113,104,102,102
20160106 14:54,5,19,37,19,356,25,98,70,85,46,10252,120,113,104,102,102
20160106 14:55,359,20,33,19,2,25,98,70,85,46,10252,121,113,104,102,102
20160106 14:56,3,19,28,19,4,24,98,69,84,44,10252,121,113,104,102,102
20160106 14:57,5,17,24,18,7,22,98,70,85,46,10252,121,113,104,102,102
20160106 14:58,5,18,21,19,4,26,98,70,85,46,10252,120,113,105,102,102
20160106 14:59,17,22,19,20,31,33,98,70,85,46,10252,120,113,105,102,102
20160106 15:00,37,24,18,20,43,32,98,69,84,44,10252,119,113,105,102,102
20160106 15:01,42,23,18,20,40,34,98,69,84,44,10252,119,113,105,102,102
20160106 15:02,37,21,17,20,34,24,98,70,85,46,10252,119,113,105,102,102
20160106 15:03,33,19,19,20,32,25,98,69,84,44,10252,119,113,105,102,102
20160106 15:04,21,16,21,20,11,19,98,70,85,46,10252,119,113,105,102,102
20160106 15:05,13,17,22,20,15,27,98,71,86,48,10252,119,113,105,102,102
20160106 15:06,10,26,22,21,5,37,98,71,86,48,10252,119,113,105,102,102
20160106 15:07,4,28,22,22,4,37,98,69,84,44,10252,118,113,105,102,102
20160106 15:08,358,21,21,22,352,24,98,69,84,44,10252,117,113,105,102,102
20160106 15:09,356,18,17,21,359,26,98,70,85,46,10252,117,113,105,102,102
20160106 15:10,9,17,15,20,18,20,98,69,84,44,10252,117,112,105,103,102
20160106 15:11,23,13,14,19,27,18,98,69,84,44,10252,117,112,105,103,102
20160106 15:12,29,19,13,20,31,35,98,70,85,46,10252,117,112,105,103,102
20160106 15:13,26,26,12,21,21,32,98,70,85,46,10252,117,112,105,103,102
20160106 15:14,31,21,15,21,40,23,98,70,85,46,10252,116,112,105,103,102
20160106 15:15,44,22,18,22,48,35,98,71,86,48,10252,116,112,105,103,102
20160106 15:16,40,26,21,21,32,36,98,70,85,46,10252,116,112,105,103,102
20160106 15:17,33,25,24,21,34,35,98,70,85,46,10252,116,112,105,103,102
20160106 15:18,37,24,29,21,40,28,98,70,85,46,10252,115,112,105,103,102
20160106 15:19,50,18,35,21,59,21,98,70,85,46,10252,115,112,105,103,102
20160106 15:20,55,17,38,22,50,36,98,71,86,48,10252,115,112,105,103,102
20160106 15:21,46,20,40,22,42,29,98,71,86,48,10252,114,112,105,103,102
20160106 15:22,49,21,42,22,55,42,98,71,86,48,10252,114,112,105,103,102
20160106 15:23,48,26,44,22,41,41,97,71,85,47,10252,113,112,105,103,102
20160106 15:24,43,28,45,23,45,43,97,70,84,45,10252,112,112,105,103,102
20160106 15:25,48,28,45,23,51,42,97,71,85,47,10252,112,112,105,103,102
20160106 15:26,44,29,45,24,36,38,97,70,84,45,10252,111,112,105,103,103
20160106 15:27,40,28,46,24,42,36,97,71,85,47,10253,110,111,105,103,103
20160106 15:28,39,26,46,24,36,34,97,71,85,47,10253,110,111,105,103,103
20160106 15:29,30,23,42,25,24,29,97,70,84,45,10253,109,111,105,103,103
20160106 15:30,30,16,41,24,37,15,97,71,85,47,10254,109,111,105,103,103
20160106 15:31,34,11,40,23,31,24,97,71,85,47,10254,109,111,105,103,103
20160106 15:32,31,14,37,22,30,24,97,71,85,47,10254,109,111,105,103,103
20160106 15:33,34,23,37,23,38,38,97,72,87,49,10254,109,111,105,103,103
20160106 15:34,33,26,35,22,28,30,97,71,85,47,10254,109,111,105,103,103
20160106 15:35,23,20,32,21,18,23,97,71,85,47,10255,108,111,105,103,103
20160106 15:36,31,19,33,20,45,30,97,71,85,47,10255,108,110,105,103,103
20160106 15:37,31,17,30,19,17,22,97,71,85,47,10255,108,110,105,103,103
20160106 15:38,26,14,30,18,35,20,97,72,87,49,10255,107,110,106,103,103
20160106 15:39,40,20,33,18,46,39,97,72,87,49,10255,107,110,106,103,103
20160106 15:40,50,23,34,20,55,30,97,71,85,47,10255,107,110,106,103,103
20160106 15:41,49,21,36,20,44,33,96,70,84,44,10255,107,110,106,103,103
20160106 15:42,44,22,37,21,44,33,96,71,85,46,10255,106,110,106,103,103
20160106 15:43,46,26,38,21,48,40,96,71,85,46,10255,106,109,106,104,103
20160106 15:44,46,29,40,22,44,37,96,70,84,44,10255,105,109,106,104,103
20160106 15:45,38,26,41,22,32,36,96,71,85,46,10255,105,109,106,104,103
20160106 15:46,32,23,40,22,31,26,96,71,85,46,10255,105,109,106,104,103
20160106 15:47,28,25,40,24,24,43,96,71,85,46,10256,105,109,106,104,103
20160106 15:48,30,31,40,26,36,48,96,70,84,44,10256,104,109,106,104,103
20160106 15:49,32,29,39,26,28,31,96,70,84,44,10256,103,109,106,104,103
20160106 15:50,26,25,35,26,24,35,96,70,84,44,10257,103,108,106,104,103
20160106 15:51,19,23,33,26,14,29,96,70,84,44,10257,102,108,106,104,103
20160106 15:52,19,19,30,25,23,24,96,70,84,44,10257,102,108,106,104,103
20160106 15:53,23,18,28,24,22,24,96,70,84,44,10257,102,108,106,104,103
20160106 15:54,17,15,25,23,12,18,96,70,84,44,10257,102,108,106,104,103
20160106 15:55,15,14,23,22,19,22,96,70,84,44,10257,102,108,106,104,103
20160106 15:56,16,17,22,21,14,25,96,70,84,44,10258,101,108,106,104,103
20160106 15:57,19,17,22,20,25,18,96,70,84,44,10258,101,107,106,104,103
20160106 15:58,29,18,21,19,32,32,96,70,84,44,10258,101,107,106,104,103
20160106 15:59,27,22,21,19,22,25,95,70,83,43,10258,100,107,106,104,103
20160106 16:00,23,20,21,18,23,27,95,70,83,43,10258,100,107,106,104,103
20160106 16:01,19,18,21,18,15,22,95,70,83,43,10258,100,107,106,104,103
20160106 16:02,27,13,22,17,38,17,95,70,83,43,10258,99,107,106,104,103
20160106 16:03,27,13,22,17,16,22,95,70,83,43,10258,99,107,106,104,103
20160106 16:04,27,19,24,17,38,31,95,70,83,43,10258,99,106,106,104,103
20160106 16:05,29,19,24,18,19,22,95,70,83,43,10259,99,106,105,104,103
20160106 16:06,18,17,25,17,18,25,95,70,83,43,10259,98,106,105,104,103
20160106 16:07,26,17,25,18,33,27,95,70,83,43,10259,98,106,105,104,103
20160106 16:08,30,20,25,18,28,32,95,70,83,43,10259,98,106,105,104,103
20160106 16:09,28,22,26,18,29,31,95,70,83,43,10259,97,106,105,104,103
20160106 16:10,25,22,25,18,21,30,95,70,83,43,10259,97,106,105,104,103
20160106 16:11,27,26,27,19,34,38,94,70,83,42,10259,97,105,105,104,103
20160106 16:12,36,30,27,21,38,39,94,70,83,42,10259,96,105,105,104,103
20160106 16:13,36,30,29,23,34,36,94,69,81,40,10259,96,105,105,104,103
20160106 16:14,30,23,28,22,26,25,94,69,81,40,10259,95,105,105,104,103
20160106 16:15,20,16,28,22,14,25,94,69,81,40,10258,95,105,105,104,104
20160106 16:16,26,15,30,22,38,22,94,69,81,40,10258,95,105,105,104,104
20160106 16:17,37,14,30,22,36,26,94,70,83,42,10258,95,104,105,104,104
20160106 16:18,28,19,29,22,20,31,94,70,83,42,10258,95,104,105,104,104
20160106 16:19,21,21,28,22,22,28,94,70,83,42,10258,95,104,105,104,104
20160106 16:20,21,20,28,21,21,32,94,70,83,42,10258,95,104,105,104,104
20160106 16:21,22,23,27,21,22,32,94,70,83,42,10257,94,104,105,104,104
20160106 16:22,31,25,27,21,40,34,94,70,83,42,10257,94,104,105,104,104
20160106 16:23,35,22,27,20,31,28,94,70,83,42,10257,94,103,105,104,104
20160106 16:24,30,17,27,19,30,17,93,69,81,39,10257,93,103,105,104,104
20160106 16:25,32,14,30,19,35,20,93,70,82,41,10257,93,103,105,104,104
20160106 16:26,27,13,28,19,20,16,93,71,83,43,10257,93,103,105,104,104
20160106 16:27,20,14,26,19,20,18,93,71,83,43,10257,93,103,105,104,104
20160106 16:28,27,12,27,17,34,12,93,70,82,41,10257,93,103,105,104,104
20160106 16:29,39,10,30,17,44,13,93,71,83,43,10257,93,102,105,104,104
20160106 16:30,44,11,32,16,45,21,93,71,83,43,10257,93,102,105,104,104
20160106 16:31,44,18,34,16,43,34,93,71,83,43,10256,93,102,105,104,104
20160106 16:32,49,23,36,15,55,30,93,70,82,41,10256,93,102,105,104,104
20160106 16:33,56,22,38,16,56,30,93,70,82,41,10256,93,102,105,104,104
20160106 16:34,62,19,42,16,68,25,93,71,83,43,10256,93,102,105,104,104
20160106 16:35,63,16,44,16,58,22,93,71,83,43,10256,92,102,105,105,104
20160106 16:36,61,12,49,16,64,16,93,71,83,43,10256,92,101,105,104,104
20160106 16:37,58,14,52,16,53,23,93,71,83,43,10256,92,101,105,105,104
20160106 16:38,55,19,54,17,57,25,93,71,83,43,10256,92,101,105,105,104
20160106 16:39,56,18,56,18,56,26,93,71,83,43,10256,92,101,105,105,104
20160106 16:40,54,15,56,18,53,26,93,71,83,43,10257,92,101,105,105,104
20160106 16:41,48,15,56,17,44,21,92,71,83,42,10257,92,101,105,105,104
20160106 16:42,44,15,55,16,44,21,92,71,83,42,10257,92,101,104,105,104
20160106 16:43,53,14,56,16,63,17,92,71,83,42,10257,91,101,104,105,104
20160106 16:44,61,13,55,15,59,18,92,71,83,42,10257,91,100,104,105,104
20160106 16:45,60,17,56,16,62,29,92,71,83,42,10257,91,100,104,105,104
20160106 16:46,51,21,53,17,40,31,92,71,83,42,10257,91,100,104,105,104
20160106 16:47,37,21,51,17,35,23,92,71,83,42,10257,91,100,104,105,104
20160106 16:48,42,17,50,16,48,22,92,72,84,44,10257,90,100,104,105,104
20160106 16:49,50,16,50,17,52,26,92,72,84,44,10258,90,100,104,105,104
20160106 16:50,50,18,49,17,48,28,92,71,83,42,10258,90,100,104,105,104
20160106 16:51,47,16,50,17,46,24,92,71,83,42,10258,90,100,104,105,104
20160106 16:52,47,18,50,17,49,30,92,72,84,44,10258,90,100,104,105,104
20160106 16:53,59,19,51,18,68,26,92,71,83,42,10258,89,99,104,105,104
20160106 16:54,66,16,51,18,63,24,92,71,83,42,10258,89,99,104,105,104
20160106 16:55,62,18,51,18,60,25,92,71,83,42,10258,89,99,104,105,104
20160106 16:56,57,18,52,17,54,28,91,71,82,41,10258,89,99,104,105,104
20160106 16:57,54,16,54,17,54,24,91,71,82,41,10259,89,99,104,105,104
20160106 16:58,48,14,54,17,42,24,91,71,82,41,10259,89,99,104,105,104
20160106 16:59,48,13,54,16,53,25,91,71,82,41,10259,88,99,104,105,104
20160106 17:00,48,13,53,16,43,24,91,72,83,43,10259,88,99,104,105,104
20160106 17:01,44,13,53,16,46,19,91,72,83,43,10259,88,98,104,105,104
20160106 17:02,44,15,53,15,43,24,91,72,83,43,10259,88,98,104,105,104
20160106 17:03,45,17,50,15,47,26,91,72,83,43,10259,88,98,104,105,104
20160106 17:04,44,16,48,15,41,19,91,71,82,41,10260,88,98,104,105,104
20160106 17:05,43,13,47,14,45,15,91,71,82,41,10260,88,98,104,105,104
20160106 17:06,50,11,47,14,54,20,91,72,83,43,10260,88,98,104,105,104
20160106 17:07,38,17,44,15,23,30,91,72,83,43,10260,87,98,103,105,104
20160106 17:08,28,20,43,15,34,29,91,72,83,43,10260,87,98,103,105,104
20160106 17:09,33,23,41,17,33,38,91,72,83,43,10260,87,98,103,105,104
20160106 17:10,29,26,39,18,24,28,91,71,82,41,10260,87,97,103,105,104
20160106 17:11,25,22,37,18,25,26,91,71,82,41,10260,87,97,103,105,104
20160106 17:12,22,19,35,19,20,22,91,71,82,41,10260,86,97,103,105,104
20160106 17:13,26,17,33,18,31,19,91,71,82,41,10260,86,97,103,105,104
20160106 17:14,42,13,34,18,52,15,91,71,82,41,10260,86,97,103,105,104
20160106 17:15,51,16,34,19,49,32,91,72,83,43,10260,86,97,103,105,104
20160106 17:16,48,19,34,20,46,28,91,71,82,41,10260,86,97,103,105,104
20160106 17:17,40,20,35,20,35,26,90,71,81,40,10261,86,97,103,105,104
20160106 17:18,36,21,35,20,36,26,90,71,81,40,10261,86,97,103,105,104
20160106 17:19,37,16,36,18,38,17,90,71,81,40,10261,86,96,103,105,105
20160106 17:20,43,13,38,17,48,20,90,72,83,42,10261,86,96,103,105,104
20160106 17:21,47,15,40,17,46,27,90,72,83,42,10261,86,96,103,105,104
20160106 17:22,45,19,43,17,44,28,90,72,83,42,10261,86,96,103,105,105
20160106 17:23,49,17,45,17,53,17,90,71,81,40,10261,85,96,103,105,105
20160106 17:24,49,12,44,17,45,16,90,72,83,42,10261,85,96,103,105,105
20160106 17:25,45,14,44,17,46,24,90,72,83,42,10262,85,96,103,105,105
20160106 17:26,50,18,45,17,54,26,90,72,83,42,10262,85,96,103,105,105
20160106 17:27,56,18,47,16,58,27,90,72,83,42,10262,85,96,103,105,105
20160106 17:28,52,14,48,15,46,17,90,72,83,42,10263,85,96,103,105,105
20160106 17:29,44,12,48,15,42,22,90,73,84,44,10263,85,95,102,105,105
20160106 17:30,45,14,48,15,48,22,90,73,84,44,10263,85,95,102,105,105
20160106 17:31,47,15,48,15,46,26,90,73,84,44,10263,85,95,102,104,105
20160106 17:32,47,18,48,15,47,27,90,73,84,44,10263,85,95,102,105,105
20160106 17:33,56,18,50,15,66,25,90,73,84,44,10263,85,95,102,104,105
20160106 17:34,61,19,51,17,56,33,90,73,84,44,10264,84,95,102,104,105
20160106 17:35,58,24,52,17,60,29,89,73,83,43,10264,84,95,102,104,105
20160106 17:36,56,20,52,17,52,19,89,73,83,43,10264,84,95,102,104,105
20160106 17:37,56,16,52,17,59,24,89,73,83,43,10264,84,95,102,104,105
20160106 17:38,62,17,54,18,64,22,89,73,83,43,10264,84,94,102,104,105
20160106 17:39,56,17,54,18,47,27,89,73,83,43,10264,84,94,102,104,105
20160106 17:40,46,21,54,19,45,32,89,73,83,43,10265,83,94,102,104,105
20160106 17:41,52,20,56,19,59,22,89,73,83,43,10265,83,94,102,104,105
20160106 17:42,55,16,56,18,51,23,89,74,84,45,10265,83,94,102,104,105
20160106 17:43,50,17,54,19,49,26,89,74,84,45,10265,83,94,102,104,105
20160106 17:44,50,15,54,18,51,23,89,74,84,45,10266,83,94,102,104,105
20160106 17:45,51,12,53,16,51,19,89,74,84,45,10266,83,94,102,104,105
20160106 17:46,54,14,53,16,57,23,89,74,84,45,10266,83,94,102,104,105
20160106 17:47,57,14,53,16,57,15,89,74,84,45,10266,83,94,102,104,105
20160106 17:48,58,13,53,16,59,19,89,74,84,45,10267,83,94,102,104,105
20160106 17:49,54,15,53,15,49,22,89,74,84,45,10267,83,94,102,104,105
20160106 17:50,50,17,53,15,50,25,89,74,84,45,10267,83,93,102,104,105
20160106 17:51,49,13,52,14,49,12,89,74,84,45,10267,83,93,101,104,105
20160106 17:52,52,9,53,13,56,21,89,74,84,45,10267,83,93,101,104,105
20160106 17:53,56,13,53,13,55,21,88,74,84,44,10268,83,93,101,104,105
20160106 17:54,53,17,53,14,52,25,88,74,84,44,10268,83,93,101,104,105
20160106 17:55,49,15,53,14,45,18,88,74,84,44,10268,83,93,101,104,105
20160106 17:56,47,14,52,14,49,22,88,74,84,44,10269,83,93,101,104,105
20160106 17:57,52,13,52,14,57,22,88,74,84,44,10269,83,93,101,104,105
20160106 17:58,51,14,51,14,46,23,88,74,84,44,10269,83,93,101,104,105
20160106 17:59,46,13,50,14,46,13,88,74,84,44,10269,83,93,101,104,105
20160106 18:00,44,8,50,13,42,11,88,75,85,46,10270,83,93,101,104,105
20160106 18:01,46,6,50,12,49,9,88,75,85,46,10270,83,93,101,104,105
20160106 18:02,48,11,49,13,46,22,88,75,85,46,10270,83,92,101,104,105
20160106 18:03,50,13,48,12,53,15,88,75,85,46,10270,83,92,101,104,105
20160106 18:04,51,11,48,12,50,15,88,75,85,46,10270,83,92,101,104,105
20160106 18:05,45,12,48,12,41,19,88,75,85,46,10270,83,92,101,104,105
20160106 18:06,51,11,49,11,62,14,88,75,85,46,10270,83,92,101,104,105
20160106 18:07,43,14,46,12,25,25,88,75,85,46,10270,83,92,101,104,105
20160106 18:08,35,17,46,12,44,20,88,75,85,46,10271,83,92,101,104,105
20160106 18:09,45,15,46,12,45,22,88,75,85,46,10271,82,92,101,104,105
20160106 18:10,47,13,46,13,48,16,88,75,85,46,10271,82,92,101,104,105
20160106 18:11,37,12,44,13,27,19,88,75,85,46,10271,82,92,101,104,105
20160106 18:12,34,15,44,13,42,25,88,75,85,46,10271,82,92,100,104,105
20160106 18:13,46,15,43,14,50,16,88,75,85,46,10272,82,92,100,104,105
20160106 18:14,49,11,43,14,48,17,88,75,85,46,10272,82,92,100,104,105
20160106 18:15,48,12,44,14,47,22,88,75,85,46,10272,82,92,100,104,105
20160106 18:16,46,14,42,14,45,19,88,75,85,46,10272,82,92,100,104,105
20160106 18:17,43,12,44,13,41,16,88,75,85,46,10272,82,91,100,104,105
20160106 18:18,39,12,43,13,37,19,88,75,85,46,10272,82,91,100,104,105
20160106 18:19,30,17,41,13,23,25,88,75,85,46,10272,82,91,100,104,105
20160106 18:20,32,18,40,14,41,21,88,75,85,46,10273,82,91,100,104,105
20160106 18:21,35,18,40,15,30,25,88,75,85,46,10273,82,91,100,104,105
20160106 18:22,31,19,40,15,33,27,88,74,84,44,10273,82,91,100,104,105
20160106 18:23,34,19,38,15,36,24,88,74,84,44,10274,82,91,100,104,105
20160106 18:24,40,21,38,17,44,28,88,74,84,44,10274,82,91,100,104,105
20160106 18:25,42,22,37,17,40,32,88,74,84,44,10274,82,91,100,104,105
20160106 18:26,35,21,36,18,30,24,88,74,84,44,10274,82,91,100,104,105
20160106 18:27,38,17,36,18,46,19,88,74,84,44,10274,81,91,100,104,105
20160106 18:28,37,14,35,18,27,33,88,74,84,44,10274,81,91,100,104,105
20160106 18:29,32,18,36,19,37,27,87,74,83,43,10274,81,91,100,104,105
20160106 18:30,35,20,36,19,33,24,87,74,83,43,10274,81,91,100,104,105
20160106 18:31,37,15,37,18,40,22,87,74,83,43,10274,81,91,100,104,105
20160106 18:32,41,15,38,18,42,23,87,74,83,43,10274,81,91,100,104,105
20160106 18:33,44,16,39,18,47,21,87,74,83,43,10274,81,91,100,104,105
20160106 18:34,55,13,40,17,63,18,87,74,83,43,10274,81,91,99,104,105
20160106 18:35,63,15,43,16,64,22,87,74,83,43,10274,81,90,99,104,105
20160106 18:36,59,16,45,16,55,21,87,74,83,43,10274,81,90,99,104,105
20160106 18:37,54,15,46,16,53,22,87,74,83,43,10274,81,90,99,104,105
20160106 18:38,54,15,49,16,55,24,87,74,83,43,10274,81,90,99,104,105
20160106 18:39,56,15,51,15,58,23,87,74,83,43,10273,81,90,99,104,105
20160106 18:40,54,16,53,15,50,21,87,74,83,43,10273,81,90,99,104,105
20160106 18:41,52,15,54,15,55,20,87,74,83,43,10273,81,90,99,103,105
20160106 18:42,52,14,55,15,49,18,87,74,83,43,10273,80,90,99,103,105
20160106 18:43,51,13,55,15,53,17,87,75,84,45,10274,80,90,99,103,105
20160106 18:44,60,14,56,15,67,19,87,75,84,45,10274,80,90,99,103,105
20160106 18:45,62,15,55,15,57,20,87,75,84,45,10274,80,90,99,103,105
20160106 18:46,52,18,54,15,48,24,87,75,84,45,10274,80,90,99,103,105
20160106 18:47,55,16,55,15,62,18,87,75,84,45,10274,80,90,99,103,105
20160106 18:48,62,11,56,15,62,14,87,75,84,45,10273,80,90,99,103,105
20160106 18:49,59,16,56,15,56,25,86,75,84,44,10273,80,90,99,103,105
20160106 18:50,57,20,57,15,58,28,86,75,84,44,10273,80,90,99,103,105
20160106 18:51,59,17,57,15,60,21,86,75,84,44,10273,80,90,99,103,105
20160106 18:52,63,15,59,16,66,19,86,76,85,46,10273,80,90,99,103,105
20160106 18:53,65,15,60,16,64,17,86,76,85,46,10273,80,90,99,103,105
20160106 18:54,67,14,60,16,69,19,86,76,85,46,10273,80,89,99,103,105
20160106 18:55,67,14,61,16,66,18,86,77,86,48,10273,80,89,99,103,105
20160106 18:56,65,15,63,15,65,19,86,77,86,48,10273,80,89,99,103,105
20160106 18:57,62,14,63,15,60,22,86,77,86,48,10273,80,89,99,103,105
20160106 18:58,63,13,63,16,65,19,86,76,85,46,10274,79,89,99,103,105
20160106 18:59,64,16,64,15,63,28,85,76,84,45,10274,79,89,99,103,105
20160106 19:00,63,17,64,15,64,18,85,76,84,45,10274,79,89,98,103,105
20160106 19:01,66,14,65,15,69,17,85,76,84,45,10274,79,89,98,103,105
20160106 19:02,64,12,65,14,60,18,85,76,84,45,10274,79,89,98,103,105
20160106 19:03,62,13,65,14,64,20,85,76,84,45,10273,79,89,98,103,105
20160106 19:04,64,15,64,15,64,23,85,76,84,45,10273,79,89,98,103,105
20160106 19:05,63,15,64,15,62,19,85,76,84,45,10273,79,89,98,103,105
20160106 19:06,62,12,63,14,62,15,85,76,84,45,10273,79,89,98,103,105
20160106 19:07,63,12,64,14,65,17,85,76,84,45,10273,79,89,98,103,105
20160106 19:08,60,15,63,14,55,26,85,76,84,45,10273,79,89,98,103,105
20160106 19:09,61,15,63,14,67,24,85,76,84,45,10273,79,89,98,103,105
20160106 19:10,63,13,63,14,58,14,85,76,84,45,10274,79,89,98,103,105
20160106 19:11,61,12,62,14,63,22,85,76,84,45,10274,79,89,98,103,105
20160106 19:12,68,11,63,13,72,12,85,76,84,45,10274,79,88,98,103,105
20160106 19:13,72,8,64,13,73,10,85,76,84,45,10275,79,88,98,103,105
20160106 19:14,71,9,65,12,70,15,84,77,85,46,10275,79,88,98,103,105
20160106 19:15,69,10,65,12,67,12,84,76,84,44,10275,79,88,98,103,105
20160106 19:16,67,9,66,12,67,11,84,76,84,44,10276,79,88,98,103,105
20160106 19:17,70,8,67,11,73,12,84,76,84,44,10276,79,88,98,103,105
20160106 19:18,70,7,68,10,67,9,84,76,84,44,10276,79,88,98,103,105
20160106 19:19,65,8,67,9,64,14,84,77,85,46,10277,79,88,98,103,105
20160106 19:20,63,8,68,9,63,13,84,76,84,44,10277,79,88,98,103,105
20160106 19:21,62,7,68,8,61,10,84,77,85,46,10277,79,88,98,103,105
20160106 19:22,57,8,66,8,53,13,84,77,85,46,10278,79,88,98,103,105
20160106 19:23,52,9,64,9,51,11,84,77,85,46,10278,79,88,98,103,105
20160106 19:24,50,10,62,9,50,22,84,77,85,46,10278,79,88,98,103,105
20160106 19:25,55,11,61,9,61,13,84,77,85,46,10279,79,88,98,103,105
20160106 19:26,56,10,59,9,52,16,84,77,85,46,10279,79,88,98,103,105
20160106 19:27,56,11,58,9,61,14,84,77,85,46,10279,79,88,97,103,105
20160106 19:28,59,13,57,10,56,18,84,77,85,46,10279,79,88,97,103,105
20160106 19:29,55,14,56,11,53,17,84,76,84,44,10279,79,88,97,103,105
20160106 19:30,56,14,56,11,60,19,84,76,84,44,10279,79,88,97,103,105
20160106 19:31,59,14,55,12,57,20,84,76,84,44,10279,78,88,97,103,105
20160106 19:32,54,15,55,13,51,25,84,76,84,44,10279,78,88,97,103,104
20160106 19:33,54,14,56,13,57,17,84,76,84,44,10279,78,87,97,102,105
20160106 19:34,57,10,57,13,58,12,84,76,84,44,10279,78,87,97,102,105
20160106 19:35,55,9,56,13,53,16,84,76,84,44,10279,78,87,97,102,105
20160106 19:36,56,9,57,13,59,11,84,76,84,44,10279,78,87,97,102,105
20160106 19:37,60,9,57,12,62,14,84,76,84,44,10279,78,87,97,102,105
20160106 19:38,53,10,55,12,43,15,84,76,84,44,10279,78,87,97,102,105
20160106 19:39,51,10,56,12,59,13,84,76,84,44,10279,78,87,97,102,104
20160106 19:40,64,10,57,11,69,11,84,76,84,44,10279,78,87,97,102,105
20160106 19:41,65,10,57,11,61,14,84,76,84,44,10279,78,87,97,102,104
20160106 19:42,65,10,59,10,69,12,84,76,84,44,10279,78,87,97,102,104
20160106 19:43,71,9,61,10,73,9,84,76,84,44,10279,78,87,97,102,104
20160106 19:44,72,8,62,10,71,12,84,77,85,46,10279,78,87,97,102,104
20160106 19:45,76,9,65,10,82,11,83,77,84,45,10279,78,87,97,102,104
20160106 19:46,81,8,67,9,80,10,83,77,84,45,10279,78,87,97,102,104
20160106 19:47,79,8,69,9,79,11,83,77,84,45,10279,78,87,97,102,104
20160106 19:48,82,9,73,9,85,10,83,77,84,45,10279,78,87,97,102,104
20160106 19:49,87,8,76,9,89,11,83,77,84,45,10279,78,87,97,102,104
20160106 19:50,85,8,77,9,81,10,83,77,84,45,10279,78,87,97,102,104
20160106 19:51,85,9,80,9,88,10,83,77,84,45,10279,78,87,97,102,104
20160106 19:52,85,9,81,9,81,11,83,77,84,45,10279,78,87,97,102,104
20160106 19:53,81,8,82,9,81,8,83,77,84,45,10279,78,87,97,102,104
20160106 19:54,82,8,83,9,83,11,83,77,84,45,10280,78,87,97,102,104
20160106 19:55,83,9,83,9,83,11,83,77,84,45,10280,78,87,97,102,104
20160106 19:56,82,9,83,9,82,9,83,78,85,47,10280,78,87,96,102,104
20160106 19:57,79,8,83,9,75,10,83,78,85,47,10280,78,87,96,102,104
20160106 19:58,71,7,81,8,67,9,83,78,85,47,10280,78,87,96,102,104
20160106 19:59,66,7,79,8,65,14,83,78,85,47,10280,78,87,96,102,104
20160106 20:00,65,7,77,8,64,11,83,78,85,47,10280,78,87,96,102,104
