time_now,wd_avg_2mins,ws_avg_2mins,wd_avg_10mins,ws_avg_10mins,wd_maxsp_this_min,ws_maxsp_this_min,air_temp_by_box,relative_humidity,water_vapor_pressure,dew_temp,station_pressure,ground_temp_pt,ground_tem_5cm,ground_tem_10cm,ground_tem_15cm,ground_tem_20cm
20161224 20:01,340,13,357,12,343,30,64,52,50,-27,10296,25,61,88,101,110
20161224 20:02,355,20,358,13,7,28,64,51,49,-30,10296,27,61,88,101,110
20161224 20:03,355,22,357,14,343,30,64,51,49,-30,10296,28,61,88,101,110
20161224 20:04,349,19,357,14,355,30,65,51,49,-29,10296,27,61,88,101,110
20161224 20:05,356,13,356,14,356,16,65,51,49,-29,10296,27,61,88,101,110
20161224 20:06,357,10,355,14,358,16,64,51,49,-30,10296,27,61,88,101,110
20161224 20:07,1,11,356,14,4,17,64,51,49,-30,10296,26,60,88,101,110
20161224 20:08,14,13,357,14,24,20,64,51,49,-30,10296,25,60,87,101,110
20161224 20:09,15,17,357,15,5,29,64,52,50,-27,10296,25,60,87,101,110
20161224 20:10,7,19,0,16,9,28,64,51,49,-30,10296,26,60,87,101,109
20161224 20:11,12,17,4,16,15,19,64,51,49,-30,10296,26,60,87,101,109
20161224 20:12,11,15,4,15,8,19,64,52,50,-27,10296,26,60,87,101,109
20161224 20:13,357,15,4,15,347,23,64,51,49,-30,10296,25,60,87,100,109
20161224 20:14,352,16,4,15,357,20,64,51,49,-30,10296,25,60,87,100,108
20161224 20:15,0,16,5,15,2,21,64,51,49,-30,10296,25,60,87,100,109
20161224 20:16,357,19,4,16,353,25,64,51,49,-30,10296,25,59,87,100,109
20161224 20:17,5,16,6,16,18,21,64,50,48,-33,10296,25,59,87,100,109
20161224 20:18,22,10,6,16,27,15,64,51,49,-30,10296,25,59,86,100,109
20161224 20:19,27,10,8,15,27,15,64,52,50,-27,10297,24,59,86,100,109
20161224 20:20,25,8,10,13,23,8,63,52,50,-28,10297,23,59,86,100,109
20161224 20:21,23,6,10,13,22,10,63,53,51,-26,10298,23,59,86,100,109
20161224 20:22,19,8,11,12,16,11,63,53,51,-26,10298,22,59,86,100,109
20161224 20:23,15,8,14,11,14,9,63,53,51,-26,10298,22,59,86,100,109
20161224 20:24,18,8,16,11,22,15,62,54,51,-24,10299,22,59,86,100,109
20161224 20:25,33,8,21,10,43,7,62,54,51,-24,10299,21,58,86,100,109
20161224 20:26,46,8,26,8,48,19,61,54,51,-25,10299,21,58,86,100,109
20161224 20:27,60,11,31,9,72,19,61,55,52,-23,10299,21,58,86,99,109
20161224 20:28,70,15,35,10,69,20,60,55,51,-23,10299,21,58,85,99,109
20161224 20:29,63,18,38,10,57,24,60,56,52,-21,10298,22,58,85,99,109
20161224 20:30,57,17,42,11,57,22,60,56,52,-21,10298,23,58,85,99,109
20161224 20:31,51,14,44,12,44,17,59,56,52,-22,10298,23,58,85,99,109
20161224 20:32,38,13,46,12,32,19,59,56,52,-22,10298,23,58,85,99,108
20161224 20:33,29,14,47,13,27,19,59,57,53,-20,10298,23,58,85,99,108
20161224 20:34,27,13,47,13,26,15,59,57,53,-20,10298,22,58,85,99,108
20161224 20:35,23,11,45,14,20,13,59,56,52,-22,10299,22,57,85,99,108
20161224 20:36,25,10,43,14,30,12,59,56,52,-22,10299,22,57,85,99,108
20161224 20:37,34,10,40,13,37,12,58,57,53,-21,10299,22,57,85,99,108
20161224 20:38,45,9,38,13,53,12,58,57,53,-21,10299,21,57,85,99,108
20161224 20:39,49,12,37,12,45,17,58,57,53,-21,10299,21,57,84,99,108
20161224 20:40,45,13,36,12,44,15,58,57,53,-21,10299,21,57,84,98,108
20161224 20:41,49,11,37,12,54,13,58,57,53,-21,10299,21,57,84,98,108
20161224 20:42,54,10,39,11,55,12,57,57,52,-21,10298,21,57,84,98,108
20161224 20:43,57,10,42,11,60,15,57,58,53,-19,10298,21,57,84,98,108
20161224 20:44,57,13,45,11,54,22,57,58,53,-19,10299,21,57,84,98,108
20161224 20:45,55,13,49,11,57,14,57,59,54,-17,10299,21,57,84,98,108
20161224 20:46,58,11,52,11,59,14,56,59,54,-18,10299,21,56,84,98,108
20161224 20:47,59,12,54,12,59,20,56,60,55,-15,10299,21,56,84,98,108
20161224 20:48,56,13,54,12,54,15,55,60,54,-16,10299,21,56,84,98,108
20161224 20:49,56,12,55,12,58,16,55,60,54,-16,10298,21,56,83,98,108
20161224 20:50,56,13,56,12,55,19,55,61,55,-14,10298,21,56,83,98,108
20161224 20:51,47,14,55,12,39,21,55,61,55,-14,10298,21,56,83,98,108
20161224 20:52,40,14,54,13,41,25,54,61,55,-15,10298,20,56,83,98,108
20161224 20:53,38,16,51,14,35,23,54,61,55,-15,10298,21,56,83,98,108
20161224 20:54,36,16,49,14,36,19,54,61,55,-15,10299,21,56,83,97,107
20161224 20:55,36,16,47,14,37,20,54,61,55,-15,10299,21,56,83,97,107
20161224 20:56,37,15,45,15,37,20,54,61,55,-15,10300,22,56,83,97,107
20161224 20:57,36,16,43,15,35,20,54,61,55,-15,10300,22,56,83,97,107
20161224 20:58,39,15,42,15,43,20,54,61,55,-15,10300,22,55,83,97,107
20161224 20:59,39,17,39,16,36,25,54,60,54,-17,10300,22,55,83,97,107
20161224 21:00,40,16,38,16,45,17,54,60,54,-17,10300,22,55,83,97,107
20161224 21:01,44,16,39,16,43,24,54,60,54,-17,10300,22,55,82,97,107
20161224 21:02,39,16,38,16,36,16,54,60,54,-17,10300,23,55,82,97,107
20161224 21:03,36,12,38,15,36,16,54,60,54,-17,10300,23,55,82,97,107
20161224 21:04,38,12,39,15,39,18,54,60,54,-17,10299,22,55,82,97,107
20161224 21:05,36,14,38,15,33,19,54,60,54,-17,10299,22,55,82,97,107
20161224 21:06,36,15,38,15,39,23,54,60,54,-17,10299,22,55,82,97,107
20161224 21:07,33,15,38,15,27,21,54,60,54,-17,10299,22,55,82,96,107
20161224 21:08,31,15,37,15,36,22,54,60,54,-17,10299,22,55,82,96,107
20161224 21:09,35,19,37,15,34,27,54,60,54,-17,10299,22,55,82,96,107
20161224 21:10,40,17,37,15,46,18,54,60,54,-17,10299,22,54,82,96,107
20161224 21:11,43,13,37,15,40,18,54,60,54,-17,10299,22,54,82,96,107
20161224 21:12,43,15,38,15,46,20,54,60,54,-17,10299,21,54,81,96,107
20161224 21:13,45,14,38,15,43,20,54,60,54,-17,10299,21,54,81,96,107
20161224 21:14,43,13,39,15,43,17,53,60,53,-18,10299,21,54,81,96,107
20161224 21:15,42,14,39,15,40,19,53,60,53,-18,10299,21,54,81,96,107
20161224 21:16,36,13,39,15,31,18,53,61,54,-16,10299,21,54,81,96,106
20161224 21:17,36,13,40,15,41,20,53,61,54,-16,10299,21,54,81,96,106
20161224 21:18,41,11,41,14,42,18,53,61,54,-16,10299,21,54,81,96,106
20161224 21:19,38,10,41,13,34,16,53,61,54,-16,10299,21,54,81,96,106
20161224 21:20,37,11,40,13,40,21,53,61,54,-16,10298,21,54,81,96,106
20161224 21:21,43,11,41,13,47,16,53,61,54,-16,10298,21,54,81,96,106
20161224 21:22,42,11,40,12,37,13,53,61,54,-16,10298,21,54,81,95,106
20161224 21:23,38,9,40,12,40,12,53,61,54,-16,10298,22,54,81,95,106
20161224 21:24,36,11,39,12,33,19,53,61,54,-16,10298,21,54,81,95,106
20161224 21:25,33,13,38,11,34,15,53,61,54,-16,10299,21,53,80,95,106
20161224 21:26,33,11,38,11,32,10,52,61,54,-17,10299,21,53,80,95,106
20161224 21:27,37,8,38,11,42,15,52,62,55,-15,10299,20,53,80,95,106
20161224 21:28,47,8,39,10,52,10,52,62,55,-15,10299,20,53,80,95,106
20161224 21:29,54,9,41,10,56,14,52,62,55,-15,10300,20,53,80,95,106
20161224 21:30,56,10,43,10,56,13,52,62,55,-15,10300,20,53,80,95,106
20161224 21:31,54,9,43,10,53,12,52,62,55,-15,10300,20,53,80,95,106
20161224 21:32,51,8,45,10,49,12,52,63,56,-13,10300,20,53,80,95,106
20161224 21:33,50,8,46,10,51,11,51,63,55,-14,10300,19,53,80,95,106
20161224 21:34,49,9,47,9,46,13,51,63,55,-14,10300,19,53,80,95,106
20161224 21:35,43,11,48,9,40,13,51,63,55,-14,10300,19,53,80,95,106
20161224 21:36,40,11,49,9,41,13,51,63,55,-14,10300,19,53,80,95,106
20161224 21:37,41,11,48,10,40,14,50,63,55,-15,10300,18,53,79,94,106
20161224 21:38,42,11,47,10,43,12,50,63,55,-15,10300,18,53,79,94,105
20161224 21:39,46,10,47,10,50,14,50,63,55,-15,10300,18,53,79,94,105
20161224 21:40,55,9,47,10,61,14,50,64,56,-12,10300,18,53,79,94,105
20161224 21:41,59,9,48,10,56,14,50,65,57,-10,10300,18,52,79,94,105
20161224 21:42,58,9,49,10,59,12,49,65,56,-11,10299,17,52,79,94,105
20161224 21:43,60,8,50,10,60,13,49,66,57,-9,10299,17,52,79,94,105
20161224 21:44,58,8,51,10,56,15,49,66,57,-9,10299,17,52,79,94,105
20161224 21:45,50,12,51,10,43,23,49,66,57,-9,10299,17,52,79,94,105
20161224 21:46,48,11,52,10,52,10,48,66,57,-10,10299,17,52,79,94,105
20161224 21:47,49,9,53,10,45,11,48,67,58,-8,10299,16,52,79,94,105
20161224 21:48,49,8,54,9,53,9,48,67,58,-8,10299,16,52,79,94,105
20161224 21:49,47,7,53,9,42,8,47,67,57,-9,10299,16,52,79,94,105
20161224 21:50,35,10,49,9,28,22,47,67,57,-9,10299,16,52,78,94,105
20161224 21:51,40,11,49,9,52,11,47,67,57,-9,10299,16,52,78,94,105
20161224 21:52,49,6,48,9,46,16,47,67,57,-9,10299,16,52,78,93,105
20161224 21:53,42,12,46,10,38,23,47,67,57,-9,10299,16,52,78,93,105
20161224 21:54,36,19,43,11,35,32,47,67,57,-9,10299,16,51,78,93,105
20161224 21:55,36,17,43,11,36,22,47,67,57,-9,10299,18,51,78,93,105
20161224 21:56,34,15,41,12,32,22,47,67,57,-9,10299,19,51,78,93,105
20161224 21:57,39,14,41,12,45,16,48,67,58,-8,10299,19,51,78,93,105
20161224 21:58,40,15,39,13,34,23,48,67,58,-8,10299,19,51,78,93,105
20161224 21:59,34,18,38,14,34,24,48,67,58,-8,10299,19,51,78,93,105
20161224 22:00,36,16,39,14,39,23,48,67,58,-8,10299,19,51,78,93,105
20161224 22:01,39,16,38,15,38,22,48,67,58,-8,10299,20,51,78,93,104
20161224 22:02,36,16,36,16,34,23,48,67,58,-8,10299,20,51,78,93,104
20161224 22:03,36,16,36,16,38,22,48,67,58,-8,10299,20,51,78,93,104
20161224 22:04,34,18,36,16,30,24,48,67,58,-8,10299,20,51,78,93,104
20161224 22:05,30,18,35,16,30,27,48,67,58,-8,10299,20,51,77,93,104
20161224 22:06,30,19,35,17,31,28,48,67,58,-8,10299,21,50,77,93,104
20161224 22:07,31,19,34,18,32,31,48,67,58,-8,10298,21,50,77,92,104
20161224 22:08,38,20,35,18,44,33,49,67,58,-7,10298,21,50,77,92,104
20161224 22:09,43,21,36,18,42,26,49,67,58,-7,10298,22,50,77,92,104
20161224 22:10,38,16,35,18,34,22,49,67,58,-7,10298,22,50,77,92,104
20161224 22:11,33,16,35,18,31,29,49,67,58,-7,10299,22,50,77,92,104
20161224 22:12,34,23,35,19,37,35,49,67,58,-7,10299,23,50,77,92,104
20161224 22:13,34,25,34,20,30,36,49,67,58,-7,10299,24,50,77,92,104
20161224 22:14,39,21,36,20,47,29,50,67,58,-6,10299,24,50,77,92,104
20161224 22:15,42,20,36,20,36,26,50,67,58,-6,10299,24,50,77,92,104
20161224 22:16,34,19,36,20,32,24,50,67,58,-6,10299,24,50,77,92,104
20161224 22:17,33,17,37,20,33,27,50,67,58,-6,10298,24,50,77,92,104
20161224 22:18,31,18,35,19,29,31,50,67,58,-6,10298,23,50,77,92,104
20161224 22:19,32,21,34,20,36,31,50,67,58,-6,10298,23,50,76,92,104
20161224 22:20,33,22,34,21,31,29,50,67,58,-6,10298,24,50,76,92,104
20161224 22:21,35,21,35,21,39,31,50,67,58,-6,10298,24,50,76,92,104
20161224 22:22,43,15,36,19,48,16,50,67,58,-6,10298,24,50,76,92,104
20161224 22:23,39,11,36,18,30,22,50,67,58,-6,10299,24,50,76,91,103
20161224 22:24,30,16,34,18,30,29,50,67,58,-6,10299,24,50,76,91,103
20161224 22:25,34,22,35,19,38,42,50,67,58,-6,10300,24,50,76,91,103
20161224 22:26,41,23,36,19,45,36,50,67,58,-6,10300,25,50,76,91,103
20161224 22:27,41,18,36,19,37,25,50,67,58,-6,10300,26,50,76,91,103
20161224 22:28,40,16,38,18,44,29,50,67,58,-6,10300,25,50,76,91,103
20161224 22:29,42,20,38,19,40,31,50,67,58,-6,10300,26,50,76,91,103
20161224 22:30,40,25,39,19,40,38,51,67,59,-5,10299,27,49,76,91,103
20161224 22:31,43,22,40,19,47,35,51,67,59,-5,10299,27,49,76,91,103
20161224 22:32,42,18,39,20,38,25,51,67,59,-5,10299,27,49,76,91,103
20161224 22:33,42,20,41,20,46,37,50,67,58,-6,10299,27,49,76,91,103
20161224 22:34,42,18,41,20,39,20,51,67,59,-5,10299,26,49,75,91,103
20161224 22:35,42,15,42,19,44,24,50,67,58,-6,10299,26,49,75,91,103
20161224 22:36,46,16,42,18,47,21,50,67,58,-6,10299,26,49,75,91,103
20161224 22:37,43,20,42,19,38,39,50,67,58,-6,10299,25,49,75,91,103
20161224 22:38,38,21,42,19,39,27,50,67,58,-6,10299,25,49,75,91,103
20161224 22:39,36,18,41,19,33,31,50,67,58,-6,10299,25,49,75,91,103
20161224 22:40,38,19,41,18,43,34,50,67,58,-6,10299,25,49,75,91,103
20161224 22:41,45,21,41,19,47,34,50,68,59,-4,10300,25,49,75,90,103
20161224 22:42,46,18,42,18,46,22,50,68,59,-4,10300,25,49,75,90,103
20161224 22:43,38,15,41,18,31,27,50,68,59,-4,10299,24,49,75,90,103
20161224 22:44,28,14,39,18,26,22,50,68,59,-4,10299,24,49,75,90,103
20161224 22:45,30,15,39,18,36,23,50,68,59,-4,10299,24,49,75,90,102
20161224 22:46,32,18,37,18,29,27,50,68,59,-4,10299,24,49,75,90,102
20161224 22:47,26,23,35,18,23,36,50,68,59,-4,10299,24,49,75,90,102
20161224 22:48,31,27,35,19,38,34,50,67,58,-6,10299,24,49,75,90,102
20161224 22:49,40,26,36,20,42,38,50,67,58,-6,10299,25,49,75,90,102
20161224 22:50,43,23,36,20,44,28,50,67,58,-6,10299,25,49,74,90,102
20161224 22:51,40,22,35,20,37,37,50,67,58,-6,10299,25,49,74,90,102
20161224 22:52,35,19,34,20,34,23,51,67,59,-5,10299,25,49,74,90,102
20161224 22:53,36,14,35,20,39,21,50,67,58,-6,10299,25,49,74,90,102
20161224 22:54,39,12,36,20,38,13,50,67,58,-6,10299,23,49,74,90,102
20161224 22:55,42,11,37,20,45,18,50,67,58,-6,10299,23,49,74,90,102
20161224 22:56,39,17,37,20,33,35,50,68,59,-4,10299,23,49,74,90,102
20161224 22:57,33,18,38,18,32,22,50,68,59,-4,10298,23,49,74,89,102
20161224 22:58,37,20,39,18,43,40,50,68,59,-4,10298,23,49,74,89,102
20161224 22:59,49,20,40,17,55,34,50,68,59,-4,10298,23,49,74,89,102
20161224 23:00,46,21,39,18,38,39,50,68,59,-4,10298,23,49,74,89,102
20161224 23:01,37,27,39,18,37,39,50,68,59,-4,10299,23,49,74,89,102
20161224 23:02,37,27,40,19,36,42,50,68,59,-4,10299,24,49,74,89,102
20161224 23:03,33,24,39,20,29,31,50,68,59,-4,10299,25,48,74,89,102
20161224 23:04,27,23,37,21,25,34,50,68,59,-4,10299,24,48,74,89,102
20161224 23:05,34,24,37,22,43,38,50,68,59,-4,10299,24,48,74,89,102
20161224 23:06,39,20,37,22,35,23,50,68,59,-4,10299,24,48,74,89,102
20161224 23:07,39,17,38,22,42,28,50,68,59,-4,10298,24,48,74,89,102
20161224 23:08,44,18,39,22,46,32,50,68,59,-4,10298,24,48,73,89,102
20161224 23:09,45,23,38,23,44,46,49,69,60,-3,10298,24,48,74,89,101
20161224 23:10,43,28,38,23,42,44,49,69,60,-3,10298,24,48,73,89,101
20161224 23:11,40,30,38,24,38,49,50,69,60,-2,10298,25,48,73,89,101
20161224 23:12,35,26,38,23,33,28,49,69,60,-3,10298,25,48,73,89,101
20161224 23:13,36,26,39,24,39,53,49,69,60,-3,10298,24,48,73,89,101
20161224 23:14,34,29,39,24,29,40,49,69,60,-3,10299,25,48,73,89,101
20161224 23:15,32,23,38,24,35,28,49,69,60,-3,10299,25,48,73,89,101
20161224 23:16,36,22,38,25,36,45,49,69,60,-3,10299,25,48,73,88,101
20161224 23:17,38,24,38,25,40,45,49,69,60,-3,10299,24,48,73,88,101
20161224 23:18,35,24,37,26,29,33,49,69,60,-3,10299,24,48,73,88,101
20161224 23:19,35,24,36,26,41,48,49,69,60,-3,10298,24,48,73,88,101
20161224 23:20,40,30,36,26,40,50,49,68,59,-5,10298,24,48,73,88,101
20161224 23:21,43,30,37,25,45,36,50,68,59,-4,10297,26,48,73,88,101
20161224 23:22,44,24,38,26,43,39,50,68,59,-4,10297,26,48,73,88,101
20161224 23:23,44,22,38,25,46,33,50,68,59,-4,10297,25,48,73,88,101
20161224 23:24,40,23,39,25,33,33,50,68,59,-4,10297,25,48,73,88,101
20161224 23:25,39,18,40,24,44,22,50,68,59,-4,10297,25,48,73,88,101
20161224 23:26,42,16,40,23,40,32,50,68,59,-4,10297,24,47,72,88,101
20161224 23:27,44,18,41,23,48,23,50,68,59,-4,10298,25,47,73,88,101
20161224 23:28,42,20,42,22,36,39,49,68,59,-5,10298,24,47,72,88,101
20161224 23:29,44,22,43,22,52,39,49,69,60,-3,10298,24,47,72,88,101
20161224 23:30,44,21,42,21,36,27,49,68,59,-5,10298,25,47,72,88,101
20161224 23:31,37,21,41,20,37,35,49,69,60,-3,10298,25,47,72,88,100
20161224 23:32,39,18,41,20,40,21,49,69,60,-3,10298,25,47,72,88,100
20161224 23:33,37,16,40,19,33,35,49,69,60,-3,10298,25,47,72,88,100
20161224 23:34,34,21,40,19,35,35,49,69,60,-3,10298,25,47,72,88,100
20161224 23:35,30,19,38,19,25,22,49,69,60,-3,10298,26,47,72,87,100
20161224 23:36,31,16,38,19,37,30,49,69,60,-3,10298,27,47,72,87,100
20161224 23:37,35,19,36,20,34,35,49,69,60,-3,10298,27,47,72,87,100
20161224 23:38,34,20,36,19,34,32,49,69,60,-3,10297,27,47,72,87,100
20161224 23:39,33,22,34,20,32,29,49,69,60,-3,10297,28,47,72,87,100
20161224 23:40,33,24,34,20,33,33,50,69,60,-2,10297,28,47,72,87,100
20161224 23:41,35,21,34,20,37,26,50,69,60,-2,10297,29,47,72,87,100
20161224 23:42,40,18,34,20,42,28,49,69,60,-3,10296,28,47,72,87,100
20161224 23:43,35,19,34,20,29,23,50,69,60,-2,10296,28,47,72,87,100
20161224 23:44,30,21,33,20,31,32,50,69,60,-2,10296,29,47,72,87,100
20161224 23:45,33,21,34,20,34,25,50,69,60,-2,10296,30,47,72,87,100
20161224 23:46,26,17,32,20,18,21,50,69,60,-2,10296,30,47,72,87,100
20161224 23:47,23,12,32,19,28,14,50,69,60,-2,10296,30,47,71,87,100
20161224 23:48,33,9,32,18,38,16,50,69,60,-2,10296,29,47,71,87,100
20161224 23:49,35,12,32,17,33,21,50,69,60,-2,10296,28,47,71,87,100
20161224 23:50,33,16,32,16,34,21,50,69,60,-2,10296,29,47,71,87,100
20161224 23:51,36,18,32,16,37,25,50,69,60,-2,10296,29,47,71,87,100
20161224 23:52,35,21,32,17,33,30,50,69,60,-2,10296,30,47,71,87,100
20161224 23:53,26,20,31,16,19,25,50,69,60,-2,10296,30,47,71,87,100
20161224 23:54,28,17,31,16,37,23,50,69,60,-2,10296,30,47,71,87,100
20161224 23:55,33,17,31,16,30,23,50,68,59,-4,10296,30,47,71,87,100
20161224 23:56,37,16,33,16,45,21,50,69,60,-2,10295,30,47,71,86,100
20161224 23:57,38,12,34,16,32,20,50,69,60,-2,10295,30,47,71,86,99
20161224 23:58,30,18,33,17,29,27,50,69,60,-2,10295,30,48,71,86,99
20161224 23:59,25,21,32,18,21,22,50,69,60,-2,10295,30,47,71,86,99
20161224 00:00,28,15,32,17,35,20,50,69,60,-2,10295,29,48,71,86,99
20161224 00:01,32,16,31,17,28,24,50,69,60,-2,10295,29,48,71,86,99
20161224 00:02,26,22,30,18,24,33,50,69,60,-2,10295,29,48,71,86,99
20161224 00:03,30,20,32,18,36,25,50,68,59,-4,10295,29,48,71,86,99
20161224 00:04,31,16,30,18,25,23,50,68,59,-4,10296,29,48,71,86,99
20161224 00:05,37,17,32,17,49,27,50,68,59,-4,10296,29,48,71,86,99
20161224 00:06,41,18,31,18,34,32,50,68,59,-4,10296,29,48,71,86,99
20161224 00:07,30,16,31,18,26,17,50,68,59,-4,10296,29,48,71,86,99
20161224 00:08,23,18,30,18,21,34,50,68,59,-4,10296,30,48,71,86,99
20161224 00:09,30,19,32,18,39,26,50,69,60,-2,10296,29,48,71,86,99
20161224 00:10,34,18,31,19,29,32,50,68,59,-4,10295,30,48,71,86,99
20161224 00:11,33,21,32,19,38,33,50,69,60,-2,10295,30,48,70,86,99
20161224 00:12,37,21,33,19,36,29,50,69,60,-2,10295,30,48,70,86,99
20161224 00:13,39,23,34,20,43,32,49,69,60,-3,10295,30,48,70,86,99
20161224 00:14,35,23,34,20,27,27,50,68,59,-4,10295,31,48,70,86,99
20161224 00:15,24,22,31,20,22,31,50,68,59,-4,10295,31,48,70,86,99
20161224 00:16,22,18,30,20,22,18,50,68,59,-4,10295,30,48,70,85,99
20161224 00:17,28,9,31,19,33,9,50,68,59,-4,10295,30,48,70,85,99
20161224 00:18,34,7,32,17,35,16,50,68,59,-4,10295,30,48,70,85,99
20161224 00:19,40,11,33,17,44,19,49,69,60,-3,10295,29,48,70,85,99
20161224 00:20,44,16,34,17,44,26,49,68,59,-5,10295,30,48,70,85,99
20161224 00:21,39,16,34,16,34,17,49,68,59,-5,10295,30,48,70,85,99
20161224 00:22,33,15,34,16,31,23,49,69,60,-3,10295,30,48,70,85,98
20161224 00:23,30,19,32,15,28,29,49,69,60,-3,10295,30,48,70,85,98
20161224 00:24,26,22,32,16,25,31,49,68,59,-5,10295,31,48,70,85,98
20161224 00:25,23,20,32,15,21,29,50,68,59,-4,10295,31,48,70,85,98
20161224 00:26,16,19,31,16,11,29,50,68,59,-4,10295,32,48,70,85,98
20161224 00:27,22,16,31,16,33,18,50,68,59,-4,10295,32,48,70,85,98
20161224 00:28,42,9,32,16,54,13,50,68,59,-4,10295,32,48,70,85,98
20161224 00:29,41,8,31,16,30,20,50,68,59,-4,10295,32,48,70,85,98
20161224 00:30,35,13,31,16,40,22,50,68,59,-4,10296,32,48,70,85,98
20161224 00:31,33,20,30,17,27,38,50,68,59,-4,10296,32,48,70,85,98
20161224 00:32,29,25,30,18,31,36,50,68,59,-4,10296,33,48,70,85,98
20161224 00:33,25,21,29,17,20,23,50,67,58,-6,10296,34,48,70,85,98
20161224 00:34,29,13,30,16,38,16,50,67,58,-6,10296,34,48,70,85,98
20161224 00:35,35,11,32,15,32,20,50,67,58,-6,10296,33,48,70,85,98
20161224 00:36,32,14,34,15,31,21,50,68,59,-4,10296,33,48,70,85,98
20161224 00:37,29,13,33,15,26,19,50,68,59,-4,10296,33,48,70,85,98
20161224 00:38,22,10,29,15,18,17,50,68,59,-4,10297,33,48,70,85,98
20161224 00:39,22,14,29,16,25,25,50,68,59,-4,10297,33,48,70,85,98
20161224 00:40,22,18,27,16,18,23,50,68,59,-4,10298,34,48,70,85,98
20161224 00:41,14,14,25,15,9,17,50,67,58,-6,10298,34,49,70,85,98
20161224 00:42,357,11,20,13,345,14,51,67,59,-5,10298,34,49,70,84,98
20161224 00:43,351,11,18,13,356,21,51,67,59,-5,10298,34,49,70,84,98
20161224 00:44,356,15,14,13,355,24,51,67,59,-5,10299,34,49,70,84,98
20161224 00:45,1,16,11,14,7,19,51,67,59,-5,10299,34,49,70,84,98
20161224 00:46,21,13,11,13,34,17,51,67,59,-5,10299,34,49,70,84,98
20161224 00:47,27,11,11,13,20,15,51,68,60,-3,10298,34,49,70,84,98
20161224 00:48,23,12,12,14,26,24,51,68,60,-3,10298,34,49,70,84,98
20161224 00:49,27,19,12,14,28,28,51,68,60,-3,10298,34,49,70,84,97
20161224 00:50,26,26,12,16,23,34,51,67,59,-5,10298,34,49,69,84,97
20161224 00:51,23,24,14,16,22,23,51,67,59,-5,10298,35,49,69,84,97
20161224 00:52,21,21,17,18,21,25,51,67,59,-5,10298,35,49,69,84,97
20161224 00:53,20,19,20,18,19,21,51,67,59,-5,10298,35,49,69,84,97
20161224 00:54,16,14,21,17,12,24,51,67,59,-5,10298,35,49,69,84,97
20161224 00:55,19,18,23,18,25,29,51,67,59,-5,10298,35,49,69,84,97
20161224 00:56,24,23,22,20,24,30,51,67,59,-5,10298,35,49,69,84,97
20161224 00:57,28,21,23,20,31,23,51,67,59,-5,10298,36,49,69,84,97
20161224 00:58,35,18,24,21,39,22,51,67,59,-5,10298,36,49,69,84,97
20161224 00:59,31,17,24,20,23,22,51,68,60,-3,10298,36,49,69,84,97
20161224 01:00,23,15,24,18,23,25,51,68,60,-3,10298,36,49,69,84,97
20161224 01:01,25,16,24,18,26,23,51,67,59,-5,10298,36,49,69,84,97
20161224 01:02,30,13,26,17,34,12,51,67,59,-5,10298,36,49,69,84,97
20161224 01:03,32,11,27,16,29,15,51,68,60,-3,10298,36,50,69,84,97
20161224 01:04,32,11,29,16,35,14,51,67,59,-5,10298,36,50,69,84,97
20161224 01:05,18,10,26,15,0,16,51,68,60,-3,10299,36,50,69,84,97
20161224 01:06,10,12,26,14,18,17,51,68,60,-3,10299,36,50,69,84,97
20161224 01:07,9,12,23,13,0,14,51,68,60,-3,10300,36,50,69,84,97
20161224 01:08,349,9,17,12,336,13,51,67,59,-5,10300,36,50,69,84,97
20161224 01:09,337,9,12,12,338,14,51,67,59,-5,10300,35,50,69,84,97
20161224 01:10,356,10,11,11,15,14,51,67,59,-5,10300,35,50,69,83,97
20161224 01:11,15,9,10,10,14,11,51,67,59,-5,10300,35,50,69,83,97
20161224 01:12,22,12,9,11,28,22,51,67,59,-5,10300,35,50,69,83,97
20161224 01:13,42,11,12,10,57,11,51,67,59,-5,10300,35,50,69,83,97
20161224 01:14,57,5,14,10,57,7,51,67,59,-5,10301,34,50,69,83,97
20161224 01:15,36,4,16,9,17,7,51,67,59,-5,10301,34,50,69,83,97
20161224 01:16,19,7,16,9,20,13,51,67,59,-5,10300,34,50,69,83,97
20161224 01:17,12,7,16,8,3,9,51,67,59,-5,10300,33,50,69,83,96
20161224 01:18,9,5,20,8,14,6,51,67,59,-5,10300,33,50,69,83,96
20161224 01:19,18,5,24,7,22,11,51,67,59,-5,10299,33,50,69,83,96
20161224 01:20,22,6,25,7,23,8,51,68,60,-3,10299,33,50,69,83,96
20161224 01:21,17,7,25,7,10,9,50,68,59,-4,10299,33,50,69,83,96
20161224 01:22,7,6,22,6,4,8,50,68,59,-4,10300,33,50,69,83,96
20161224 01:23,11,6,19,6,18,8,50,68,59,-4,10300,33,50,69,83,96
20161224 01:24,15,6,14,6,12,8,50,68,59,-4,10300,33,50,69,83,96
20161224 01:25,8,7,13,6,5,11,50,68,59,-4,10300,33,50,69,83,96
20161224 01:26,1,10,11,7,357,17,50,68,59,-4,10299,34,50,69,83,96
20161224 01:27,7,9,12,7,16,11,50,68,59,-4,10299,34,50,69,83,96
20161224 01:28,22,8,14,7,28,15,50,68,59,-4,10299,35,50,69,83,96
20161224 01:29,27,12,14,8,26,19,50,68,59,-4,10299,35,50,69,83,96
20161224 01:30,26,16,14,9,26,30,50,68,59,-4,10299,35,50,69,83,96
20161224 01:31,23,15,15,10,20,19,50,68,59,-4,10300,35,50,69,83,96
20161224 01:32,356,14,12,11,333,26,51,68,60,-3,10300,36,50,69,83,96
20161224 01:33,339,17,9,12,344,24,51,68,60,-3,10300,36,50,69,83,96
20161224 01:34,351,21,7,14,358,31,51,67,59,-5,10300,36,50,69,83,96
20161224 01:35,357,21,7,15,356,24,51,67,59,-5,10300,37,50,69,83,96
20161224 01:36,1,20,7,16,5,29,52,67,59,-4,10300,37,51,69,83,96
20161224 01:37,357,19,4,17,348,24,52,67,59,-4,10300,37,50,69,83,96
20161224 01:38,350,14,1,17,352,17,52,67,59,-4,10301,37,51,69,83,96
20161224 01:39,2,10,359,16,13,23,52,67,59,-4,10301,37,51,69,83,96
20161224 01:40,13,15,358,17,12,29,52,67,59,-4,10300,37,51,69,83,96
20161224 01:41,17,17,358,17,21,19,52,67,59,-4,10300,38,51,69,83,96
20161224 01:42,28,14,4,17,36,20,52,67,59,-4,10299,38,51,69,83,96
20161224 01:43,31,15,9,16,27,25,52,67,59,-4,10299,38,51,69,83,96
20161224 01:44,24,13,11,15,21,19,52,67,59,-4,10298,38,51,69,83,96
20161224 01:45,24,13,14,15,27,17,52,67,59,-4,10298,38,51,69,83,96
20161224 01:46,25,16,16,14,24,25,52,67,59,-4,10298,38,51,69,83,96
20161224 01:47,21,17,19,14,19,20,52,67,59,-4,10298,38,51,69,83,96
20161224 01:48,16,12,21,14,13,13,52,67,59,-4,10297,38,51,69,82,96
20161224 01:49,19,8,23,14,26,15,53,67,60,-3,10298,38,51,69,82,96
20161224 01:50,16,11,22,13,6,19,53,67,60,-3,10298,38,51,69,82,95
20161224 01:51,0,18,19,14,354,30,53,67,60,-3,10298,38,51,69,82,95
20161224 01:52,4,21,17,14,14,32,53,67,60,-3,10298,38,51,69,82,95
20161224 01:53,15,18,16,14,16,22,53,66,59,-5,10297,39,51,69,82,95
20161224 01:54,15,17,15,15,14,23,53,66,59,-5,10297,39,51,69,82,95
20161224 01:55,11,18,14,15,9,22,53,66,59,-5,10296,39,51,69,82,95
20161224 01:56,13,18,13,16,17,29,53,66,59,-5,10296,39,51,69,82,95
20161224 01:57,18,15,13,15,20,19,53,67,60,-3,10296,39,51,69,82,95
20161224 01:58,20,11,14,15,19,18,53,67,60,-3,10296,39,51,69,82,95
20161224 01:59,16,12,12,16,12,19,53,67,60,-3,10296,39,51,69,82,95
20161224 02:00,12,12,13,16,12,20,53,67,60,-3,10296,39,51,69,82,95
20161224 02:01,5,14,13,15,358,21,53,67,60,-3,10297,39,51,69,82,95
20161224 02:02,4,11,13,14,11,13,53,67,60,-3,10297,39,51,69,82,95
20161224 02:03,13,9,13,14,15,17,53,67,60,-3,10297,39,51,69,82,95
20161224 02:04,11,12,12,13,8,19,53,66,59,-5,10297,39,51,69,82,95
20161224 02:05,16,14,14,13,24,19,53,66,59,-5,10296,39,51,69,82,95
20161224 02:06,16,13,13,12,8,14,53,66,59,-5,10296,39,51,69,82,95
20161224 02:07,8,11,12,12,9,16,53,66,59,-5,10296,39,51,69,82,95
20161224 02:08,9,9,11,12,9,15,53,67,60,-3,10296,39,51,69,82,95
20161224 02:09,11,10,11,12,13,17,53,67,60,-3,10297,39,51,69,82,95
20161224 02:10,18,11,12,11,23,14,53,67,60,-3,10297,39,52,69,82,95
20161224 02:11,21,13,14,12,19,25,53,67,60,-3,10297,39,52,69,82,95
20161224 02:12,18,16,15,12,18,18,53,66,59,-5,10297,39,52,69,82,95
20161224 02:13,18,12,15,12,18,18,53,66,59,-5,10296,39,52,69,82,95
20161224 02:14,19,11,16,12,20,14,53,67,60,-3,10296,39,52,69,82,95
20161224 02:15,8,10,13,12,355,14,53,66,59,-5,10297,39,52,69,82,95
20161224 02:16,5,11,14,12,15,19,54,66,59,-4,10297,39,52,69,82,95
20161224 02:17,1,13,12,12,345,25,54,66,59,-4,10298,39,52,69,82,95
20161224 02:18,341,17,8,13,337,26,54,66,59,-4,10298,39,52,69,82,95
20161224 02:19,343,16,6,13,349,20,54,66,59,-4,10298,40,52,69,82,95
20161224 02:20,342,13,1,14,335,17,54,66,59,-4,10298,40,52,69,82,95
20161224 02:21,337,11,357,13,340,12,54,66,59,-4,10298,39,52,69,82,95
20161224 02:22,346,12,354,13,351,21,54,66,59,-4,10298,39,52,69,82,95
20161224 02:23,350,16,351,13,349,23,54,66,59,-4,10297,40,52,69,82,95
20161224 02:24,342,17,347,14,335,29,54,66,59,-4,10297,40,52,69,82,95
20161224 02:25,339,19,346,15,343,24,54,66,59,-4,10297,40,52,69,82,95
20161224 02:26,346,22,343,16,348,30,54,66,59,-4,10297,40,52,69,82,95
20161224 02:27,355,22,345,17,2,27,55,65,59,-5,10298,40,52,69,82,94
20161224 02:28,354,18,346,16,346,20,55,65,59,-5,10298,40,52,69,82,94
20161224 02:29,347,13,346,16,348,16,55,66,60,-3,10297,40,52,69,82,94
20161224 02:30,357,10,349,16,6,19,55,66,60,-3,10297,40,52,69,82,94
20161224 02:31,3,11,351,16,1,21,54,66,59,-4,10297,40,52,69,82,94
20161224 02:32,11,17,354,17,20,29,54,66,59,-4,10297,40,52,69,82,94
20161224 02:33,14,19,356,17,9,20,54,66,59,-4,10297,40,52,69,82,94
20161224 02:34,10,16,359,17,11,18,55,65,59,-5,10297,40,52,69,82,94
20161224 02:35,6,20,1,17,0,33,54,66,59,-4,10297,40,52,69,82,94
20161224 02:36,0,22,2,17,1,25,55,65,59,-5,10297,40,52,69,82,94
20161224 02:37,3,17,3,16,5,21,55,65,59,-5,10297,40,52,69,82,94
20161224 02:38,5,8,5,15,5,11,55,65,59,-5,10297,40,52,69,82,94
20161224 02:39,6,11,7,15,8,26,55,66,60,-3,10297,40,52,69,82,94
20161224 02:40,4,21,6,17,0,29,55,66,60,-3,10297,39,52,69,82,94
20161224 02:41,2,20,6,17,5,19,55,66,60,-3,10296,40,52,69,82,94
20161224 02:42,2,13,4,16,359,16,55,65,59,-5,10296,40,52,69,81,94
20161224 02:43,3,10,4,15,7,18,55,65,59,-5,10296,39,52,69,82,94
20161224 02:44,3,17,3,16,0,37,55,65,59,-5,10296,39,52,69,81,94
20161224 02:45,4,25,4,16,9,32,55,65,59,-5,10297,39,52,69,81,94
20161224 02:46,4,22,4,16,358,25,55,65,59,-5,10297,40,52,69,81,94
20161224 02:47,355,15,2,16,352,19,55,65,59,-5,10298,40,52,69,81,94
20161224 02:48,4,10,3,17,16,14,55,66,60,-3,10298,39,52,69,81,94
20161224 02:49,2,9,1,16,348,15,55,66,60,-3,10298,39,52,69,81,94
20161224 02:50,341,13,359,15,334,24,55,66,60,-3,10299,39,52,69,81,94
20161224 02:51,345,16,358,15,357,23,55,65,59,-5,10299,39,52,69,81,94
20161224 02:52,351,17,357,16,345,24,55,65,59,-5,10298,39,52,69,81,94
20161224 02:53,356,17,357,16,6,20,55,65,59,-5,10298,39,52,69,81,94
20161224 02:54,5,15,357,15,4,20,55,66,60,-3,10298,39,52,69,81,94
20161224 02:55,357,11,355,14,350,15,55,65,59,-5,10297,39,52,69,81,94
20161224 02:56,3,7,357,13,14,10,55,65,59,-5,10297,39,52,69,81,94
20161224 02:57,9,9,358,12,3,18,55,66,60,-3,10297,39,52,69,81,94
20161224 02:58,17,12,359,13,31,17,55,65,59,-5,10297,39,52,69,81,94
20161224 02:59,22,17,2,14,12,26,55,65,59,-5,10297,39,52,69,81,94
20161224 03:00,7,16,4,13,1,17,55,66,60,-3,10297,40,52,69,81,94
20161224 03:01,359,13,4,13,356,17,55,66,60,-3,10297,40,52,69,81,94
20161224 03:02,5,16,7,13,14,19,55,65,59,-5,10297,40,52,69,81,94
20161224 03:03,12,17,7,13,10,26,55,65,59,-5,10298,40,53,69,81,94
20161224 03:04,13,18,9,14,16,27,55,65,59,-5,10298,40,53,69,81,94
20161224 03:05,17,17,11,15,17,21,55,65,59,-5,10298,40,53,69,81,94
20161224 03:06,4,14,9,15,352,14,55,65,59,-5,10297,40,53,69,81,94
20161224 03:07,8,14,11,16,24,20,55,65,59,-5,10297,40,52,69,81,94
20161224 03:08,15,16,9,16,5,19,55,65,59,-5,10297,40,53,69,81,94
20161224 03:09,4,18,8,16,3,26,55,65,59,-5,10298,40,53,69,81,94
20161224 03:10,3,17,8,16,2,21,55,65,59,-5,10298,40,53,69,81,94
20161224 03:11,349,14,6,16,336,19,55,65,59,-5,10298,40,53,69,81,94
20161224 03:12,342,10,3,15,348,12,55,65,59,-5,10297,40,53,69,81,93
20161224 03:13,357,7,3,14,6,10,55,66,60,-3,10298,40,53,69,81,94
20161224 03:14,6,8,2,13,6,12,55,66,60,-3,10298,40,53,69,81,93
20161224 03:15,1,11,0,13,355,20,55,66,60,-3,10298,39,53,69,81,93
20161224 03:16,355,11,0,13,355,11,55,66,60,-3,10298,40,53,69,81,93
20161224 03:17,348,9,356,12,342,14,55,66,60,-3,10298,40,53,69,81,93
20161224 03:18,353,12,356,12,3,17,55,65,59,-5,10298,40,53,69,81,93
20161224 03:19,2,11,355,11,1,11,55,65,59,-5,10298,40,53,69,81,93
20161224 03:20,357,9,355,10,353,16,55,65,59,-5,10297,40,53,69,81,93
20161224 03:21,354,15,357,11,356,23,55,65,59,-5,10297,40,53,69,81,93
20161224 03:22,351,14,356,11,346,14,55,64,58,-8,10297,40,53,69,81,93
20161224 03:23,343,11,354,11,340,17,55,64,58,-8,10298,40,53,69,81,93
20161224 03:24,350,11,353,12,0,13,55,65,59,-5,10298,40,53,69,81,93
20161224 03:25,2,12,354,12,5,20,55,65,59,-5,10298,40,53,69,81,93
20161224 03:26,5,12,355,12,6,17,55,65,59,-5,10297,40,53,69,81,93
20161224 03:27,5,10,357,12,4,15,55,65,59,-5,10297,40,53,69,81,93
20161224 03:28,17,13,0,12,28,21,55,65,59,-5,10297,40,53,69,81,93
20161224 03:29,23,13,2,12,18,17,55,65,59,-5,10296,40,53,69,81,93
20161224 03:30,24,12,5,12,30,27,55,65,59,-5,10296,40,53,69,81,93
20161224 03:31,31,17,9,13,33,25,55,65,59,-5,10296,41,53,69,81,93
20161224 03:32,27,21,13,14,21,24,55,65,59,-5,10296,41,53,69,81,93
20161224 03:33,16,20,16,14,12,28,55,65,59,-5,10297,41,53,69,81,93
20161224 03:34,9,22,16,16,7,32,55,65,59,-5,10297,41,53,69,81,93
20161224 03:35,5,21,16,16,3,22,56,65,59,-5,10297,41,53,69,81,93
20161224 03:36,8,16,17,17,13,22,56,65,59,-5,10296,41,53,69,81,93
20161224 03:37,25,14,20,17,37,13,56,65,59,-5,10296,41,53,69,81,93
20161224 03:38,41,9,22,16,45,11,56,65,59,-5,10296,41,53,69,81,93
20161224 03:39,37,6,23,15,30,8,56,65,59,-5,10295,41,53,69,81,93
20161224 03:40,23,10,22,15,16,17,55,66,60,-3,10295,41,53,69,81,93
20161224 03:41,25,18,22,16,33,32,55,66,60,-3,10295,41,53,69,81,93
20161224 03:42,29,22,22,16,24,26,56,65,59,-5,10295,41,53,69,81,93
20161224 03:43,18,16,22,15,12,17,56,65,59,-5,10296,41,53,69,81,93
20161224 03:44,12,11,22,13,12,13,56,65,59,-5,10296,41,53,69,81,93
20161224 03:45,14,11,24,13,16,16,56,65,59,-5,10297,41,53,69,81,93
20161224 03:46,15,13,24,13,15,18,56,65,59,-5,10297,41,53,69,81,93
20161224 03:47,6,9,20,12,357,9,56,65,59,-5,10296,40,53,69,81,93
20161224 03:48,11,4,18,12,25,5,56,65,59,-5,10296,40,53,69,81,93
20161224 03:49,43,3,21,11,61,7,56,65,59,-5,10296,40,53,69,81,93
20161224 03:50,50,5,23,11,39,15,56,65,59,-5,10295,40,53,69,81,93
20161224 03:51,34,11,23,10,30,18,56,65,59,-5,10295,40,53,69,81,93
20161224 03:52,27,11,23,9,24,13,56,65,59,-5,10295,40,53,69,81,93
20161224 03:53,30,6,25,8,36,7,56,65,59,-5,10295,40,53,69,81,93
20161224 03:54,24,5,25,8,11,8,55,65,59,-5,10295,40,53,69,81,93
20161224 03:55,4,8,23,7,356,13,55,65,59,-5,10295,40,53,69,81,93
20161224 03:56,346,11,20,7,336,16,55,65,59,-5,10295,40,53,69,81,93
20161224 03:57,348,8,20,7,0,9,55,65,59,-5,10295,40,53,69,81,93
20161224 03:58,14,4,20,7,27,7,55,66,60,-3,10295,40,53,69,81,93
20161224 03:59,25,1,16,7,23,0,55,66,60,-3,10295,40,53,69,81,93
20161224 04:00,1,2,11,7,340,7,55,66,60,-3,10296,40,53,69,81,93
20161224 04:01,344,6,6,6,347,11,55,66,60,-3,10296,40,53,69,81,93
20161224 04:02,356,7,4,6,5,10,55,65,59,-5,10296,40,53,69,81,93
20161224 04:03,5,6,1,6,5,7,55,66,60,-3,10295,40,53,69,81,93
20161224 04:04,346,4,357,5,328,4,55,66,60,-3,10295,40,53,69,81,92
20161224 04:05,355,1,359,4,23,2,55,65,59,-5,10295,40,53,69,81,93
20161224 04:06,343,0,356,3,299,0,55,65,59,-5,10295,40,53,69,80,92
20161224 04:07,325,3,356,3,352,7,55,66,60,-3,10294,39,53,69,81,92
20161224 04:08,6,5,355,4,18,11,55,67,60,-1,10294,39,53,69,80,92
20161224 04:09,13,6,353,4,8,11,55,67,60,-1,10295,39,53,69,80,92
20161224 04:10,0,8,354,5,352,10,55,67,60,-1,10295,39,53,69,80,92
20161224 04:11,346,8,354,5,341,13,54,67,60,-2,10295,38,53,69,80,92
20161224 04:12,338,9,351,5,335,13,54,67,60,-2,10295,38,53,69,80,92
20161224 04:13,337,10,348,5,339,13,54,67,60,-2,10295,37,53,69,80,92
20161224 04:14,337,10,348,6,335,12,54,67,60,-2,10295,37,53,69,80,92
20161224 04:15,338,9,344,7,341,14,54,67,60,-2,10295,36,53,69,80,92
20161224 04:16,343,9,349,8,346,11,54,67,60,-2,10295,36,53,69,80,92
20161224 04:17,345,8,348,8,345,15,54,67,60,-2,10295,36,53,69,80,92
20161224 04:18,347,10,345,9,349,16,54,67,60,-2,10295,36,53,69,80,92
20161224 04:19,345,10,342,9,341,12,53,67,60,-3,10295,36,53,69,80,92
20161224 04:20,351,7,343,9,1,9,53,67,60,-3,10295,35,53,69,80,92
20161224 04:21,4,9,346,9,7,18,53,67,60,-3,10295,35,53,69,80,92
20161224 04:22,359,12,347,10,351,19,53,67,60,-3,10295,35,53,69,80,92
20161224 04:23,350,9,348,9,349,10,53,66,59,-5,10295,36,53,69,80,92
20161224 04:24,357,6,351,9,5,9,53,66,59,-5,10295,36,53,69,80,92
20161224 04:25,4,8,354,9,4,15,53,66,59,-5,10294,35,53,69,80,92
20161224 04:26,5,11,356,9,7,16,53,66,59,-5,10294,36,53,69,80,92
20161224 04:27,6,10,358,9,4,11,54,66,59,-4,10294,36,53,69,80,92
20161224 04:28,9,9,0,9,13,12,54,66,59,-4,10294,37,53,69,80,92
20161224 04:29,20,10,5,9,26,14,54,67,60,-2,10294,37,53,69,80,92
20161224 04:30,21,9,6,10,16,11,54,67,60,-2,10294,37,53,69,80,92
20161224 04:31,13,8,7,9,11,11,53,67,60,-3,10294,37,53,69,80,92
20161224 04:32,6,11,8,9,2,19,53,67,60,-3,10294,37,53,69,80,92
20161224 04:33,1,13,9,10,359,17,54,67,60,-2,10294,37,53,69,80,92
20161224 04:34,356,8,7,10,352,8,54,67,60,-2,10295,37,53,69,80,92
20161224 04:35,351,4,6,9,350,8,53,67,60,-3,10295,37,53,69,80,92
20161224 04:36,1,5,6,8,11,8,53,67,60,-3,10294,37,53,69,80,92
20161224 04:37,8,5,6,8,5,6,53,68,61,-1,10294,37,53,69,80,92
20161224 04:38,3,4,5,7,1,9,53,68,61,-1,10294,37,53,69,80,92
20161224 04:39,12,6,5,7,22,15,53,68,61,-1,10293,37,53,69,80,92
20161224 04:40,36,6,8,7,50,6,53,68,61,-1,10293,38,53,69,80,92
20161224 04:41,45,6,11,7,39,13,53,68,61,-1,10293,38,53,69,80,92
20161224 04:42,34,8,14,6,28,16,53,67,60,-3,10293,38,53,69,80,92
20161224 04:43,25,9,16,6,23,14,53,67,60,-3,10292,38,53,69,80,92
20161224 04:44,29,12,20,7,35,21,53,68,61,-1,10292,39,53,69,80,92
20161224 04:45,34,14,25,8,33,23,53,67,60,-3,10292,39,53,69,80,92
20161224 04:46,41,13,28,9,48,17,54,67,60,-2,10292,39,53,69,80,92
20161224 04:47,45,10,32,9,41,13,54,67,60,-2,10293,40,53,69,80,92
20161224 04:48,39,10,36,10,37,14,54,67,60,-2,10293,40,53,69,80,92
20161224 04:49,39,10,37,10,40,12,54,67,60,-2,10293,40,53,69,80,92
20161224 04:50,33,9,35,10,26,10,54,67,60,-2,10293,40,53,69,80,92
20161224 04:51,27,7,34,10,29,9,54,67,60,-2,10293,39,53,69,80,92
20161224 04:52,27,7,34,10,26,8,54,68,61,0,10293,39,53,68,80,92
20161224 04:53,26,6,34,10,26,6,54,67,60,-2,10293,39,53,68,80,92
20161224 04:54,26,6,33,9,27,9,54,68,61,0,10293,39,53,68,80,92
20161224 04:55,27,7,33,8,27,9,54,68,61,0,10293,39,53,68,80,92
20161224 04:56,20,6,29,7,13,9,54,68,61,0,10293,39,53,68,80,92
20161224 04:57,21,8,28,8,29,17,54,68,61,0,10293,39,53,68,80,92
20161224 04:58,28,12,27,8,27,15,54,67,60,-2,10294,39,53,68,80,92
20161224 04:59,26,12,26,8,25,13,54,67,60,-2,10294,39,53,68,80,92
20161224 05:00,24,12,25,9,24,15,54,68,61,0,10294,40,53,68,80,92
20161224 05:01,23,15,25,10,22,20,54,67,60,-2,10294,40,53,68,80,92
20161224 05:02,28,14,26,10,35,15,54,67,60,-2,10294,40,53,68,80,92
20161224 05:03,25,9,24,11,14,10,54,67,60,-2,10294,40,53,68,80,92
20161224 05:04,17,9,24,11,19,12,54,68,61,0,10294,39,53,68,80,92
20161224 05:05,24,8,24,11,28,8,54,68,61,0,10294,39,53,68,80,92
20161224 05:06,24,7,24,11,20,8,54,68,61,0,10294,39,53,68,80,92
20161224 05:07,29,6,25,10,40,9,54,68,61,0,10294,39,53,68,80,92
20161224 05:08,32,6,25,10,25,8,54,68,61,0,10294,39,53,68,80,92
20161224 05:09,27,7,25,9,28,11,54,68,61,0,10294,39,53,68,80,92
20161224 05:10,33,9,27,9,37,12,54,68,61,0,10294,39,53,68,80,92
20161224 05:11,37,8,28,8,36,9,54,67,60,-2,10294,40,53,68,80,92
20161224 05:12,43,4,30,7,49,5,54,68,61,0,10294,40,53,68,80,92
20161224 05:13,47,4,33,7,46,11,54,68,61,0,10294,40,53,68,80,92
20161224 05:14,47,7,36,7,49,10,54,68,61,0,10293,40,53,68,80,91
20161224 05:15,58,7,40,6,68,10,54,68,61,0,10293,40,53,68,80,91
20161224 05:16,61,9,43,7,54,14,54,68,61,0,10293,41,53,68,80,91
20161224 05:17,58,10,45,7,63,11,54,68,61,0,10293,41,53,68,80,91
20161224 05:18,55,9,48,8,47,13,54,68,61,0,10293,41,53,68,80,91
20161224 05:19,54,10,51,8,61,14,54,68,61,0,10293,41,53,68,80,91
20161224 05:20,48,6,51,7,35,8,54,68,61,0,10294,41,53,68,80,91
20161224 05:21,34,5,51,7,33,12,54,69,62,2,10294,41,53,68,80,91
20161224 05:22,37,7,50,8,42,10,54,69,62,2,10294,41,53,68,80,91
20161224 05:23,45,5,50,7,49,7,54,69,62,2,10294,41,53,68,80,91
20161224 05:24,43,5,49,7,37,8,54,69,62,2,10295,41,53,68,80,91
20161224 05:25,41,4,47,7,46,5,54,69,62,2,10295,41,53,68,80,91
20161224 05:26,50,2,47,6,53,7,54,69,62,2,10295,41,53,68,80,91
20161224 05:27,53,1,45,5,52,7,54,69,62,2,10295,41,53,68,80,91
20161224 05:28,47,1,45,4,43,5,54,69,62,2,10295,41,53,68,80,91
20161224 05:29,43,3,43,4,44,7,54,69,62,2,10295,41,53,68,80,91
20161224 05:30,48,4,45,3,53,4,54,69,62,2,10295,41,53,68,80,91
20161224 05:31,53,2,47,3,52,5,54,69,62,2,10295,41,53,68,80,91
20161224 05:32,51,2,48,3,48,6,54,69,62,2,10295,41,53,68,80,91
20161224 05:33,42,4,46,3,35,7,54,69,62,2,10296,41,53,68,80,91
20161224 05:34,35,4,46,2,34,5,54,69,62,2,10296,41,53,68,80,91
20161224 05:35,37,3,45,3,39,7,54,70,63,4,10296,41,53,68,80,91
20161224 05:36,45,4,45,3,52,13,54,70,63,4,10296,41,53,68,80,91
20161224 05:37,48,8,45,4,45,16,54,70,63,4,10296,41,54,68,80,91
20161224 05:38,48,11,45,5,50,15,54,69,62,2,10296,41,54,68,80,91
20161224 05:39,48,11,45,6,46,16,54,70,63,4,10296,41,54,68,80,91
20161224 05:40,40,8,44,6,34,7,54,69,62,2,10296,41,54,68,80,91
20161224 05:41,37,8,42,7,39,16,54,69,62,2,10296,41,54,68,80,91
20161224 05:42,36,11,41,8,33,16,54,69,62,2,10296,41,54,68,80,91
20161224 05:43,32,10,40,8,31,10,54,69,62,2,10297,41,54,68,80,91
20161224 05:44,32,8,40,9,33,12,54,70,63,4,10297,41,54,68,80,91
20161224 05:45,40,8,41,9,47,9,54,69,62,2,10296,41,54,68,80,91
20161224 05:46,49,8,41,10,50,13,54,70,63,4,10296,41,54,68,80,91
20161224 05:47,59,9,43,9,67,10,54,69,62,2,10296,41,54,68,80,91
20161224 05:48,61,8,43,9,55,11,54,69,62,2,10296,41,54,68,80,91
20161224 05:49,47,7,43,8,39,10,54,69,62,2,10297,41,54,68,80,91
20161224 05:50,35,6,42,8,31,11,54,69,62,2,10297,41,54,68,80,91
20161224 05:51,24,11,40,9,18,19,54,69,62,2,10297,41,54,68,80,91
20161224 05:52,6,15,37,9,355,18,54,69,62,2,10298,41,54,68,80,91
20161224 05:53,2,14,35,10,10,18,54,69,62,2,10298,41,54,68,80,91
20161224 05:54,5,10,31,9,1,10,54,69,62,2,10298,41,54,68,80,91
20161224 05:55,15,8,29,10,29,14,54,69,62,2,10298,41,54,68,79,91
20161224 05:56,20,9,25,10,11,12,54,69,62,2,10298,41,54,68,79,91
20161224 05:57,15,8,21,10,19,9,54,69,62,2,10298,41,54,68,79,91
20161224 05:58,10,7,15,10,2,9,54,69,62,2,10298,41,54,68,79,91
20161224 05:59,20,7,16,10,42,12,54,69,62,2,10298,41,54,68,79,91
20161224 06:00,27,8,14,10,14,13,54,69,62,2,10298,40,54,68,79,91
20161224 06:01,10,9,13,9,7,16,54,69,62,2,10298,40,54,68,79,91
20161224 06:02,5,10,14,9,4,17,54,69,62,2,10299,40,54,68,79,91
20161224 06:03,18,9,16,8,32,24,54,68,61,0,10299,40,54,68,79,91
20161224 06:04,18,11,16,9,4,20,54,68,61,0,10299,40,54,68,79,91
20161224 06:05,13,16,16,10,21,26,55,68,61,1,10299,40,54,68,79,91
20161224 06:06,17,15,16,10,12,20,55,68,61,1,10299,39,54,68,79,91
20161224 06:07,17,13,16,11,22,19,54,68,61,0,10299,39,54,68,79,91
20161224 06:08,22,15,18,12,22,22,55,68,61,1,10299,38,54,68,79,91
20161224 06:09,22,16,16,13,21,24,55,67,60,-1,10299,38,54,68,79,91
20161224 06:10,21,16,17,13,21,22,55,67,60,-1,10299,38,54,68,79,91
20161224 06:11,24,16,19,14,28,20,54,67,60,-2,10299,37,54,68,79,91
20161224 06:12,27,16,21,15,26,19,54,67,60,-2,10300,37,54,68,79,91
20161224 06:13,21,15,19,15,16,17,54,68,61,0,10300,36,54,68,79,91
20161224 06:14,17,13,21,15,19,13,54,68,61,0,10300,35,54,68,79,91
20161224 06:15,17,13,20,15,15,19,54,68,61,0,10300,35,54,68,79,91
20161224 06:16,10,12,20,14,5,13,54,68,61,0,10301,34,54,68,79,91
20161224 06:17,4,10,18,14,3,16,54,68,61,0,10301,33,54,68,79,91
20161224 06:18,4,14,16,14,4,23,54,68,61,0,10301,33,54,68,79,91
20161224 06:19,3,17,14,14,1,27,54,68,61,0,10301,33,54,68,79,91
20161224 06:20,4,18,12,14,6,26,54,68,61,0,10301,33,53,68,79,91
20161224 06:21,8,20,10,15,10,22,54,68,61,0,10301,33,53,68,79,91
20161224 06:22,6,17,8,15,1,20,54,68,61,0,10301,33,53,68,79,91
20161224 06:23,3,14,7,15,5,16,54,68,61,0,10301,33,53,68,79,91
20161224 06:24,3,12,5,15,1,14,54,68,61,0,10301,33,53,68,79,91
20161224 06:25,358,10,3,14,356,12,54,68,61,0,10301,32,53,68,79,91
20161224 06:26,4,7,4,14,11,8,54,68,61,0,10301,32,53,68,79,91
20161224 06:27,5,6,3,13,359,10,53,68,61,-1,10301,32,53,68,79,91
20161224 06:28,355,9,2,13,350,13,53,68,61,-1,10301,32,53,68,79,91
20161224 06:29,347,10,0,12,344,13,53,68,61,-1,10301,31,53,68,79,91
20161224 06:30,346,11,359,11,348,16,53,68,61,-1,10301,31,53,68,79,91
20161224 06:31,354,12,357,11,359,14,53,68,61,-1,10301,31,52,68,79,91
20161224 06:32,7,10,359,10,14,12,53,69,61,1,10301,31,52,68,79,91
20161224 06:33,8,9,358,10,2,12,53,69,61,1,10300,31,52,68,79,91
20161224 06:34,10,8,0,9,17,11,52,69,61,0,10300,31,52,68,79,90
20161224 06:35,21,9,3,9,25,13,52,70,62,2,10300,30,52,68,79,90
20161224 06:36,25,11,4,10,26,17,52,70,62,2,10301,30,52,68,79,90
20161224 06:37,20,10,6,10,14,11,52,70,62,2,10301,30,52,68,79,90
20161224 06:38,7,8,7,10,0,10,52,69,61,0,10301,30,52,68,79,90
20161224 06:39,3,7,9,9,6,9,52,69,61,0,10301,29,52,68,79,90
20161224 06:40,1,6,10,9,356,13,52,69,61,0,10301,29,52,68,79,90
20161224 06:41,1,8,11,8,6,13,52,69,61,0,10301,29,52,68,79,90
20161224 06:42,8,11,10,9,11,17,52,70,62,2,10301,29,51,68,79,90
20161224 06:43,3,11,10,9,356,13,51,70,61,1,10301,29,51,68,79,90
20161224 06:44,5,10,9,9,14,13,51,70,61,1,10301,29,51,68,79,90
20161224 06:45,17,10,9,9,20,15,51,70,61,1,10300,29,51,68,79,90
20161224 06:46,19,10,8,9,19,15,51,70,61,1,10300,29,51,68,79,90
20161224 06:47,23,11,9,10,27,17,51,70,61,1,10300,29,51,68,79,90
20161224 06:48,23,12,11,10,19,19,51,70,61,1,10300,29,51,68,79,90
20161224 06:49,25,12,14,11,30,18,51,70,61,1,10300,29,51,68,79,90
20161224 06:50,24,12,16,11,19,17,51,71,62,3,10300,30,51,68,79,90
20161224 06:51,18,9,17,11,18,9,51,71,62,3,10300,30,51,68,79,90
20161224 06:52,24,7,19,10,30,10,51,71,62,3,10300,30,51,68,79,90
20161224 06:53,12,7,19,10,355,9,51,71,62,3,10300,29,51,68,79,90
20161224 06:54,6,5,19,9,17,12,51,71,62,3,10300,29,51,68,79,90
20161224 06:55,13,5,18,9,10,10,51,71,62,3,10300,29,51,68,79,90
20161224 06:56,11,7,18,9,12,13,51,71,62,3,10300,29,50,68,79,90
20161224 06:57,6,9,15,8,1,11,51,71,62,3,10300,28,50,68,79,90
20161224 06:58,0,10,13,8,358,14,51,71,62,3,10300,28,50,68,79,90
20161224 06:59,0,8,10,8,2,8,51,70,61,1,10300,28,50,68,79,90
20161224 07:00,0,9,8,8,358,17,51,70,61,1,10300,28,50,68,79,90
20161224 07:01,4,10,7,8,9,11,51,70,61,1,10299,28,50,68,79,90
20161224 07:02,20,7,7,7,31,7,50,71,62,2,10299,28,50,68,79,90
20161224 07:03,28,5,10,8,25,8,50,71,62,2,10299,28,50,68,79,90
20161224 07:04,28,9,12,8,31,19,50,71,62,2,10299,28,50,68,79,90
20161224 07:05,26,14,13,9,21,20,50,71,62,2,10299,28,50,68,79,90
20161224 07:06,24,14,14,10,28,16,50,71,62,2,10299,29,50,68,79,90
20161224 07:07,33,11,18,10,38,13,51,71,62,3,10298,30,50,68,79,90
20161224 07:08,40,11,22,10,41,16,51,71,62,3,10298,30,50,67,79,90
20161224 07:09,35,12,25,11,28,15,51,71,62,3,10298,31,50,67,79,90
20161224 07:10,30,9,28,10,32,10,51,71,62,3,10298,32,50,67,79,90
20161224 07:11,41,7,32,10,50,9,51,71,62,3,10298,32,50,67,79,90
20161224 07:12,51,5,35,10,52,7,51,71,62,3,10298,33,49,67,79,90
20161224 07:13,53,3,37,9,53,6,51,71,62,3,10298,34,49,67,79,90
20161224 07:14,48,4,39,9,42,9,51,71,62,3,10298,35,49,67,79,90
20161224 07:15,46,7,41,8,50,11,51,72,63,5,10297,36,49,67,79,90
20161224 07:16,51,9,44,8,53,13,51,72,63,5,10297,37,49,67,79,90
20161224 07:17,46,11,44,8,40,16,51,72,63,5,10298,38,49,67,79,90
20161224 07:18,40,11,44,8,40,14,51,72,63,5,10298,39,49,67,79,90
20161224 07:19,43,9,46,7,46,11,51,72,63,5,10298,40,49,67,79,90
20161224 07:20,40,8,46,7,35,12,52,72,64,6,10298,41,49,67,79,90
20161224 07:21,33,9,44,8,31,13,52,72,64,6,10298,42,49,67,79,90
20161224 07:22,39,9,44,8,46,14,52,72,64,6,10298,43,49,67,79,90
20161224 07:23,41,8,42,9,36,11,52,71,63,4,10297,44,49,67,79,90
20161224 07:24,43,9,43,9,49,16,52,72,64,6,10297,45,50,67,79,90
20161224 07:25,43,10,41,9,38,14,53,72,64,7,10297,46,50,67,79,90
20161224 07:26,29,11,38,10,20,17,53,72,64,7,10297,46,50,67,79,90
20161224 07:27,30,10,38,9,41,12,53,71,63,5,10297,47,50,67,79,90
20161224 07:28,33,7,37,9,25,12,53,72,64,7,10296,48,50,67,79,90
20161224 07:29,36,8,37,9,47,16,54,72,65,8,10296,49,50,67,79,90
20161224 07:30,46,11,38,10,45,24,54,72,65,8,10296,50,50,67,79,90
20161224 07:31,41,14,38,10,36,25,54,72,65,8,10296,52,50,67,79,90
20161224 07:32,33,13,37,10,30,17,55,71,64,7,10296,55,50,67,79,90
20161224 07:33,32,13,37,11,35,20,55,71,64,7,10296,58,50,67,79,90
20161224 07:34,33,16,35,11,32,21,56,71,65,8,10296,60,50,67,79,90
20161224 07:35,29,15,34,12,25,17,57,71,65,9,10296,61,51,67,79,90
20161224 07:36,35,11,36,12,45,15,57,70,64,7,10296,61,51,67,79,90
20161224 07:37,45,9,37,12,46,17,58,70,65,8,10295,61,51,67,79,90
20161224 07:38,47,11,39,12,48,16,58,70,65,8,10295,61,51,67,79,90
20161224 07:39,47,13,39,13,46,26,59,70,65,9,10295,62,51,67,78,90
20161224 07:40,50,16,40,13,55,27,60,69,64,8,10295,64,52,67,79,90
20161224 07:41,47,17,40,14,39,22,60,69,64,8,10295,66,52,67,78,90
20161224 07:42,43,17,42,14,48,30,61,69,65,8,10295,67,52,67,78,90
20161224 07:43,46,22,43,15,44,39,61,69,65,8,10295,67,52,67,78,90
20161224 07:44,43,25,44,16,43,35,61,67,63,4,10294,65,52,67,78,90
20161224 07:45,45,21,46,17,48,31,62,67,63,5,10294,64,53,67,78,90
20161224 07:46,40,23,45,18,33,40,62,67,63,5,10294,62,53,67,78,90
20161224 07:47,41,26,45,20,49,40,62,67,63,5,10294,61,53,67,78,90
20161224 07:48,42,21,44,21,35,34,62,67,63,5,10294,61,53,67,78,90
20161224 07:49,39,14,44,20,44,18,62,67,63,5,10294,60,53,67,78,90
20161224 07:50,40,16,42,20,35,30,62,68,64,7,10294,60,54,67,78,90
20161224 07:51,46,18,44,20,56,28,62,68,64,7,10294,60,54,67,78,90
20161224 07:52,58,17,45,21,60,31,62,68,64,7,10294,60,54,67,78,90
20161224 07:53,58,22,46,20,55,39,63,68,65,8,10294,60,54,67,78,90
20161224 07:54,52,28,47,21,50,42,62,67,63,5,10293,60,54,67,78,90
20161224 07:55,48,30,46,22,46,38,62,67,63,5,10293,60,55,67,78,90
20161224 07:56,48,26,48,22,49,31,62,67,63,5,10294,60,55,67,78,90
20161224 07:57,49,22,48,21,50,28,62,67,63,5,10294,60,55,67,78,90
20161224 07:58,52,19,50,21,55,26,62,67,63,5,10294,60,55,67,78,90
20161224 07:59,52,16,51,22,49,19,62,68,64,7,10294,61,55,67,78,90
20161224 08:00,46,15,51,21,43,24,63,68,65,8,10294,61,55,67,78,89
20161224 08:01,49,14,51,21,55,16,62,68,64,7,10293,61,56,67,78,89
20161224 08:02,55,17,51,21,55,32,62,68,64,7,10293,61,56,67,78,89
20161224 08:03,53,19,50,20,50,30,62,68,64,7,10293,62,56,67,78,89
20161224 08:04,50,17,50,19,51,25,63,68,65,8,10293,62,56,67,78,89
20161224 08:05,49,17,51,18,48,28,62,69,65,9,10293,62,56,67,78,89
20161224 08:06,54,20,52,17,60,30,63,69,66,10,10293,62,56,67,78,89
20161224 08:07,56,21,52,18,52,35,63,68,65,8,10293,63,56,67,78,89
20161224 08:08,45,21,50,18,38,32,63,69,66,10,10293,63,56,67,78,89
20161224 08:09,45,18,50,18,52,25,63,69,66,10,10293,64,57,67,78,89
20161224 08:10,55,19,52,19,59,30,63,69,66,10,10292,64,57,67,78,89
20161224 08:11,60,21,53,19,62,28,63,68,65,8,10293,64,57,67,78,89
20161224 08:12,58,14,53,18,55,15,63,68,65,8,10293,65,57,67,78,89
20161224 08:13,50,9,52,17,46,12,63,69,66,10,10293,65,57,67,78,89
20161224 08:14,46,8,52,16,47,12,63,69,66,10,10294,66,57,67,78,89
20161224 08:15,37,10,50,16,30,24,63,69,66,10,10294,67,57,67,78,89
20161224 08:16,29,14,47,15,28,20,63,70,67,12,10295,69,57,67,78,89
20161224 08:17,33,15,45,15,37,22,63,69,66,10,10295,71,58,67,78,89
20161224 08:18,44,16,47,14,52,25,64,70,67,13,10296,73,58,67,78,89
20161224 08:19,47,18,46,15,42,25,64,69,66,11,10296,72,58,67,78,89
20161224 08:20,33,16,42,14,23,17,64,69,66,11,10296,73,58,67,78,89
20161224 08:21,25,9,39,13,27,15,64,69,66,11,10296,74,58,67,78,89
20161224 08:22,29,11,36,13,31,21,64,70,67,13,10296,76,58,67,78,89
20161224 08:23,38,15,36,14,46,23,65,70,68,14,10297,79,58,67,78,89
20161224 08:24,39,19,35,15,33,31,65,70,68,14,10297,86,59,67,78,89
20161224 08:25,38,20,36,16,43,26,66,69,67,13,10297,93,59,68,78,89
20161224 08:26,49,19,39,16,55,25,67,69,68,14,10297,99,59,68,78,89
20161224 08:27,49,18,39,16,42,25,68,69,68,15,10297,103,59,68,78,89
20161224 08:28,48,16,40,16,55,25,68,69,68,15,10297,107,60,68,78,89
20161224 08:29,41,19,38,16,27,36,69,69,69,16,10297,110,60,68,78,89
20161224 08:30,25,21,38,17,22,27,70,68,68,15,10297,114,60,68,78,89
20161224 08:31,23,21,38,19,24,30,71,69,70,18,10297,117,60,68,78,89
20161224 08:32,29,21,38,19,34,26,72,68,69,17,10297,117,61,68,78,89
20161224 08:33,38,20,38,20,42,23,72,67,68,15,10297,114,61,68,78,89
20161224 08:34,34,21,37,20,27,34,73,67,68,16,10297,112,62,68,78,89
20161224 08:35,27,18,35,19,27,19,73,67,68,16,10297,110,62,68,78,89
20161224 08:36,32,19,34,20,36,44,74,68,70,19,10297,108,63,68,78,89
20161224 08:37,30,27,32,21,23,40,74,66,68,15,10296,106,63,68,78,89
20161224 08:38,27,28,29,22,30,36,74,65,67,13,10297,104,64,68,78,89
20161224 08:39,26,29,29,23,22,36,74,65,67,13,10297,105,64,68,78,89
20161224 08:40,22,24,29,23,22,28,74,65,67,13,10297,104,65,68,78,89
20161224 08:41,39,17,32,22,55,25,74,66,68,15,10297,101,65,68,78,89
20161224 08:42,37,18,30,22,18,27,74,66,68,15,10297,98,66,68,78,89
20161224 08:43,29,19,30,22,40,24,74,66,68,15,10297,97,66,68,78,89
20161224 08:44,42,16,32,21,45,20,74,66,68,15,10297,96,67,68,78,89
20161224 08:45,49,11,34,21,53,15,74,67,69,17,10297,97,67,69,78,89
20161224 08:46,56,8,37,19,59,16,75,67,69,18,10297,96,68,69,78,89
20161224 08:47,61,17,41,19,63,33,75,67,69,18,10297,97,68,69,78,89
20161224 08:48,62,22,44,18,60,29,74,66,68,15,10297,101,68,69,78,89
20161224 08:49,72,17,50,16,83,19,75,67,69,18,10297,108,69,69,78,89
20161224 08:50,85,15,56,16,87,19,75,66,68,16,10296,112,69,69,78,89
20161224 08:51,76,17,57,16,65,35,75,66,68,16,10297,113,69,69,78,89
20161224 08:52,63,25,62,17,61,36,76,67,70,19,10297,110,69,69,78,89
20161224 08:53,61,28,64,18,62,37,76,66,69,17,10297,107,70,69,78,89
20161224 08:54,56,26,64,19,50,35,76,66,69,17,10297,106,70,69,78,89
20161224 08:55,51,27,64,21,52,39,75,66,68,16,10296,105,70,69,78,89
20161224 08:56,63,26,66,23,74,33,75,66,68,16,10296,105,71,70,78,89
20161224 08:57,62,22,64,22,50,26,75,66,68,16,10296,105,71,70,78,89
20161224 08:58,62,17,66,22,75,23,76,66,69,17,10296,105,71,70,78,89
20161224 08:59,70,19,64,22,64,30,76,67,70,19,10296,109,72,70,78,89
20161224 09:00,65,22,62,23,65,29,76,66,69,17,10296,111,72,70,78,89
20161224 09:01,62,22,61,23,59,28,76,66,69,17,10296,113,72,70,78,89
20161224 09:02,62,20,62,22,65,25,76,66,69,17,10296,114,73,70,78,89
20161224 09:03,68,18,63,21,71,21,77,66,69,18,10296,115,73,70,78,89
20161224 09:04,73,20,65,21,75,26,77,66,69,18,10296,117,73,70,78,89
20161224 09:05,76,24,68,21,77,35,78,66,70,19,10296,120,74,70,78,89
20161224 09:06,80,27,68,21,82,33,78,66,70,19,10295,119,74,71,78,89
20161224 09:07,75,25,70,22,67,30,78,66,70,19,10295,119,74,71,78,89
20161224 09:08,73,25,70,23,78,33,78,66,70,19,10295,118,75,71,78,89
20161224 09:09,77,26,72,23,76,31,78,66,70,19,10294,117,75,71,78,89
20161224 09:10,82,25,74,24,88,34,78,65,69,16,10294,115,75,71,78,89
20161224 09:11,81,24,75,24,73,32,78,65,69,16,10294,115,76,71,78,89
20161224 09:12,73,19,76,24,73,24,79,66,70,19,10294,115,76,71,78,89
20161224 09:13,71,19,76,24,69,29,79,66,70,19,10294,115,77,71,78,89
20161224 09:14,62,20,74,24,55,29,79,66,70,19,10294,115,77,72,79,89
20161224 09:15,60,19,73,23,65,23,79,66,70,19,10295,114,77,72,79,89
20161224 09:16,67,17,71,22,68,25,79,66,70,19,10295,114,78,72,79,89
20161224 09:17,64,21,70,22,59,38,79,66,70,19,10295,113,78,72,79,89
20161224 09:18,59,21,68,21,59,28,79,66,70,19,10295,113,79,72,79,89
20161224 09:19,58,18,66,20,56,26,79,66,70,19,10295,113,79,72,79,89
20161224 09:20,75,16,67,19,94,20,79,66,70,19,10295,114,79,72,79,89
20161224 09:21,88,14,68,18,81,23,79,66,70,19,10295,116,80,72,79,89
20161224 09:22,69,13,66,18,58,17,80,66,71,20,10295,118,80,73,79,89
20161224 09:23,48,16,63,17,38,33,80,66,71,20,10295,119,80,73,79,89
20161224 09:24,47,21,63,18,56,35,81,67,72,23,10295,119,80,73,79,89
20161224 09:25,58,21,63,18,59,25,81,66,71,21,10295,118,81,73,79,89
20161224 09:26,60,18,62,18,61,24,81,66,71,21,10295,116,81,73,79,89
20161224 09:27,60,16,62,17,59,21,81,65,70,19,10295,116,81,73,79,89
20161224 09:28,61,18,62,17,64,31,81,67,72,23,10295,117,82,73,79,89
20161224 09:29,62,22,63,18,60,31,81,66,71,21,10295,117,82,73,79,89
20161224 09:30,58,27,59,20,56,38,81,65,70,19,10295,116,82,74,79,89
20161224 09:31,65,33,59,22,75,50,81,65,70,19,10296,115,82,74,79,89
20161224 09:32,78,34,61,24,81,38,81,66,71,21,10296,115,83,74,79,89
20161224 09:33,81,28,65,24,81,37,82,66,72,22,10296,114,83,74,79,89
20161224 09:34,80,26,68,24,80,34,81,65,70,19,10296,115,83,74,79,89
20161224 09:35,84,25,70,25,87,29,81,65,70,19,10296,116,83,74,79,89
20161224 09:36,82,21,72,25,77,25,82,66,72,22,10296,117,84,74,79,89
20161224 09:37,70,18,72,25,63,25,82,66,72,22,10296,119,84,75,79,89
20161224 09:38,60,17,72,25,58,24,82,65,71,20,10296,123,84,75,80,89
20161224 09:39,69,21,74,25,81,37,83,66,72,23,10297,131,84,75,80,89
20161224 09:40,83,22,77,24,84,28,84,66,73,24,10297,135,85,75,80,89
20161224 09:41,88,16,78,22,91,22,84,66,73,24,10297,137,85,75,80,89
20161224 09:42,87,13,79,20,83,19,84,64,71,20,10297,143,85,75,80,89
20161224 09:43,80,17,78,20,77,33,85,65,72,23,10297,148,85,75,80,89
20161224 09:44,75,26,77,20,73,39,86,66,74,26,10297,148,86,76,80,89
20161224 09:45,68,28,75,20,62,33,86,65,73,24,10297,145,86,76,80,89
20161224 09:46,63,25,74,21,65,43,87,64,72,23,10297,145,86,76,80,89
20161224 09:47,66,25,74,21,67,36,87,65,73,25,10297,145,87,76,80,89
20161224 09:48,53,25,72,22,39,38,87,64,72,23,10297,143,87,76,80,89
20161224 09:49,43,23,69,22,48,32,87,64,72,23,10297,142,88,76,80,89
20161224 09:50,41,20,64,22,34,27,87,64,72,23,10297,143,88,76,80,89
20161224 09:51,33,20,58,22,31,33,88,65,74,26,10296,145,89,77,80,89
20161224 09:52,40,21,54,23,48,33,89,66,75,29,10296,146,89,77,80,89
20161224 09:53,54,25,53,24,60,38,89,65,74,27,10296,146,90,77,80,89
20161224 09:54,68,26,53,23,77,32,89,64,73,25,10296,145,90,77,80,89
20161224 09:55,75,25,54,23,72,31,89,64,73,25,10296,145,91,77,80,89
20161224 09:56,56,26,52,23,40,46,89,64,73,25,10295,145,91,77,81,89
20161224 09:57,55,28,52,24,69,39,89,64,73,25,10295,147,92,77,81,89
20161224 09:58,64,28,54,24,59,45,90,64,73,26,10295,147,92,78,81,89
20161224 09:59,58,27,55,25,57,41,90,64,73,26,10295,146,93,78,81,89
20161224 10:00,66,26,59,25,74,32,90,64,73,26,10295,148,93,78,81,89
20161224 10:01,79,22,64,25,85,25,90,64,73,26,10294,150,94,78,81,89
20161224 10:02,89,21,69,25,93,33,90,64,73,26,10294,154,94,78,81,89
20161224 10:03,99,21,73,25,105,27,91,66,76,31,10294,156,94,78,81,89
20161224 10:04,69,22,69,25,35,37,91,65,75,29,10294,156,95,79,81,89
20161224 10:05,37,25,65,25,39,39,91,64,74,27,10294,156,95,79,81,89
20161224 10:06,38,23,65,24,38,35,92,65,76,30,10294,156,96,79,81,89
20161224 10:07,45,19,63,23,52,28,92,64,74,28,10293,158,96,79,81,89
20161224 10:08,73,21,67,22,94,35,93,64,75,28,10293,161,97,79,81,89
20161224 10:09,96,21,72,22,98,31,94,65,77,32,10293,169,97,79,81,89
20161224 10:10,98,23,74,22,97,34,95,66,78,35,10292,177,98,80,81,89
20161224 10:11,84,25,72,22,70,34,97,66,79,37,10292,184,98,80,82,89
20161224 10:12,69,21,70,22,68,27,97,63,76,30,10291,186,99,80,82,89
20161224 10:13,84,19,69,22,102,34,98,64,77,33,10291,186,99,80,82,89
20161224 10:14,93,26,75,23,85,41,99,64,78,34,10291,181,100,80,82,89
20161224 10:15,78,31,78,23,72,40,99,63,77,32,10291,173,100,81,82,89
20161224 10:16,62,24,79,23,53,29,98,63,76,31,10291,168,101,81,82,89
20161224 10:17,64,19,81,23,75,41,98,63,76,31,10292,167,102,81,82,89
20161224 10:18,80,28,80,24,84,45,98,62,75,29,10292,164,102,81,82,89
20161224 10:19,81,32,78,25,78,38,97,62,75,28,10292,160,103,81,82,89
20161224 10:20,78,29,76,26,78,39,96,62,74,27,10292,158,104,82,82,89
20161224 10:21,71,26,76,25,63,35,96,63,75,29,10292,155,104,82,82,89
20161224 10:22,43,19,72,25,24,24,96,64,76,31,10292,155,105,82,82,89
20161224 10:23,25,17,64,25,26,27,96,64,76,31,10292,156,106,82,82,89
20161224 10:24,32,20,59,24,38,25,96,64,76,31,10292,157,106,82,83,89
20161224 10:25,40,19,56,23,42,34,96,64,76,31,10291,158,107,82,83,89
20161224 10:26,55,22,58,24,67,39,96,63,75,29,10291,155,107,83,83,89
20161224 10:27,69,23,57,24,71,31,96,64,76,31,10291,153,107,83,83,89
20161224 10:28,68,21,55,22,66,37,96,64,76,31,10291,151,108,83,83,89
20161224 10:29,66,23,54,22,65,35,95,63,75,28,10291,152,108,83,83,89
20161224 10:30,72,25,54,22,79,36,95,64,76,30,10291,151,108,84,83,89
20161224 10:31,86,28,57,22,93,37,95,63,75,28,10291,149,109,84,83,89
20161224 10:32,103,25,66,23,112,25,95,64,76,30,10290,150,109,84,83,89
20161224 10:33,105,23,73,23,98,35,95,65,77,33,10290,151,109,84,83,89
20161224 10:34,94,27,78,24,90,37,95,64,76,30,10290,151,109,84,83,90
20161224 10:35,77,23,80,24,64,28,95,64,76,30,10290,150,110,85,84,90
20161224 10:36,62,20,80,24,60,34,96,65,78,34,10290,151,110,85,84,90
20161224 10:37,57,24,78,24,54,45,96,65,78,34,10290,151,110,85,84,90
20161224 10:38,62,24,78,24,69,31,96,64,76,31,10290,148,110,85,84,90
20161224 10:39,59,17,77,23,49,21,96,64,76,31,10290,148,110,86,84,90
20161224 10:40,55,16,75,22,61,34,96,64,76,31,10290,148,110,86,84,90
20161224 10:41,75,21,75,22,91,37,96,64,76,31,10290,148,111,86,84,90
20161224 10:42,86,26,72,22,82,41,96,64,76,31,10290,151,111,86,84,90
20161224 10:43,84,31,71,23,87,42,97,65,78,34,10290,151,111,87,84,90
20161224 10:44,95,28,72,23,104,35,97,65,78,34,10289,149,111,87,84,90
20161224 10:45,102,21,76,23,100,33,97,64,77,32,10288,149,111,87,85,90
20161224 10:46,76,23,75,23,55,36,97,64,77,32,10288,149,111,87,85,90
20161224 10:47,65,26,77,23,75,42,97,63,76,30,10287,147,111,87,85,90
20161224 10:48,77,26,78,24,79,33,97,63,76,30,10287,146,112,88,85,90
20161224 10:49,82,31,82,26,85,43,96,63,75,29,10287,144,112,88,85,90
20161224 10:50,84,38,84,28,84,51,96,64,76,31,10287,141,112,88,85,90
20161224 10:51,73,33,81,29,63,40,96,65,78,34,10287,139,112,88,85,90
20161224 10:52,62,29,79,29,62,39,96,65,78,34,10287,139,112,88,85,90
20161224 10:53,62,29,77,28,62,39,95,63,75,28,10288,138,112,89,85,90
20161224 10:54,66,28,73,29,69,39,95,64,76,30,10288,137,112,89,85,90
20161224 10:55,72,31,71,30,74,43,95,65,77,33,10288,135,112,89,86,90
20161224 10:56,76,30,73,30,78,37,95,65,77,33,10288,136,112,89,86,90
20161224 10:57,76,28,73,30,74,39,95,65,77,33,10288,137,112,89,86,90
20161224 10:58,83,28,74,30,92,37,95,65,77,33,10287,137,112,90,86,90
20161224 10:59,86,27,74,30,79,36,95,65,77,33,10287,138,112,90,86,90
20161224 11:00,77,26,73,28,75,32,95,65,77,33,10287,138,112,90,86,90
20161224 11:01,73,26,73,28,70,33,95,65,77,33,10287,137,112,90,86,90
20161224 11:02,73,25,75,27,76,33,96,65,78,34,10287,136,112,90,86,90
20161224 11:03,76,21,76,26,76,30,96,65,78,34,10287,138,112,90,86,90
20161224 11:04,78,22,77,26,80,32,95,63,75,28,10287,138,112,91,87,90
20161224 11:05,77,28,77,26,75,36,95,64,76,30,10287,138,112,91,87,91
20161224 11:06,78,30,78,26,80,37,95,64,76,30,10286,136,112,91,87,91
20161224 11:07,82,27,79,26,84,29,95,64,76,30,10286,136,112,91,87,91
20161224 11:08,78,25,77,26,73,40,95,64,76,30,10285,136,112,91,87,91
20161224 11:09,73,27,76,26,73,42,95,65,77,33,10285,134,112,91,87,91
20161224 11:10,62,29,74,26,50,40,95,65,77,33,10285,134,112,92,87,91
20161224 11:11,49,26,72,26,48,30,95,64,76,30,10285,134,112,92,87,91
20161224 11:12,52,20,70,25,57,26,95,64,76,30,10285,135,112,92,87,91
20161224 11:13,65,17,69,25,72,21,95,65,77,33,10285,137,112,92,88,91
20161224 11:14,60,16,66,24,48,22,95,64,76,30,10285,138,112,92,88,91
20161224 11:15,57,16,65,23,66,24,96,65,78,34,10285,140,112,92,88,91
20161224 11:16,65,20,63,22,64,34,96,65,78,34,10285,140,112,93,88,91
20161224 11:17,71,24,63,22,78,37,96,65,78,34,10284,138,112,93,88,91
20161224 11:18,79,24,64,22,80,34,97,65,78,34,10284,136,112,93,88,91
20161224 11:19,81,22,64,21,81,34,97,65,78,34,10283,136,112,93,88,91
20161224 11:20,77,25,67,21,74,34,97,65,78,34,10283,136,112,93,88,91
20161224 11:21,68,25,68,21,62,28,97,63,76,30,10283,136,112,93,88,91
20161224 11:22,62,20,69,21,62,26,97,63,76,30,10283,137,112,93,89,91
20161224 11:23,64,23,68,22,67,39,97,64,77,32,10283,138,112,94,89,91
20161224 11:24,64,25,69,23,61,41,97,64,77,32,10283,138,112,94,89,91
20161224 11:25,69,23,71,23,77,34,97,64,77,32,10283,137,112,94,89,91
20161224 11:26,76,24,72,24,74,33,98,64,77,33,10283,136,113,94,89,91
20161224 11:27,65,26,69,24,56,31,97,63,76,30,10283,135,113,94,89,92
20161224 11:28,63,19,68,23,70,20,97,63,76,30,10282,135,112,94,89,92
20161224 11:29,72,14,68,22,74,19,97,64,77,32,10282,137,113,94,89,92
20161224 11:30,76,16,68,21,79,23,98,65,79,35,10283,138,113,94,89,92
20161224 11:31,78,17,70,20,77,22,98,64,77,33,10282,139,113,95,90,92
20161224 11:32,71,12,70,19,66,16,98,63,76,31,10282,139,113,95,90,92
20161224 11:33,63,10,70,18,61,16,98,63,76,31,10282,141,113,95,90,92
20161224 11:34,53,13,68,17,44,20,98,63,76,31,10282,141,113,95,90,92
20161224 11:35,44,15,65,16,44,24,98,63,76,31,10282,142,113,95,90,92
20161224 11:36,55,21,64,16,64,35,98,64,77,33,10281,140,113,95,90,92
20161224 11:37,65,27,64,17,65,34,99,63,77,32,10281,136,113,95,90,92
20161224 11:38,67,23,64,17,70,35,99,63,77,32,10280,134,113,95,90,92
20161224 11:39,80,23,66,18,90,36,99,63,77,32,10280,133,113,95,90,92
20161224 11:40,96,21,68,18,102,25,99,63,77,32,10280,134,113,96,90,92
20161224 11:41,84,16,67,18,66,24,99,64,78,34,10280,136,113,96,91,92
20161224 11:42,60,20,66,20,54,33,99,63,77,32,10280,137,113,96,91,92
20161224 11:43,59,25,66,21,64,43,99,63,77,32,10280,137,113,96,91,92
20161224 11:44,62,26,68,22,60,47,99,63,77,32,10280,136,113,96,91,92
20161224 11:45,59,30,69,24,59,43,99,63,77,32,10280,136,113,96,91,93
20161224 11:46,52,25,67,23,45,32,99,63,77,32,10280,134,113,96,91,93
20161224 11:47,40,19,64,23,35,30,99,63,77,32,10280,134,113,96,91,93
20161224 11:48,51,23,64,23,67,41,100,64,79,35,10280,135,113,96,91,93
20161224 11:49,63,26,61,23,60,41,99,62,76,30,10279,132,113,96,91,93
20161224 11:50,63,29,58,25,66,37,99,63,77,32,10279,131,113,97,92,93
20161224 11:51,72,26,59,25,78,33,99,62,76,30,10279,132,113,97,92,93
20161224 11:52,78,28,61,26,77,41,99,63,77,32,10278,132,113,97,92,93
20161224 11:53,76,32,62,27,75,37,99,63,77,32,10278,131,113,97,92,93
20161224 11:54,72,28,63,27,69,32,99,63,77,32,10278,133,113,97,92,93
20161224 11:55,72,27,65,26,74,39,99,64,78,34,10278,135,113,97,92,93
20161224 11:56,85,28,70,27,97,34,100,64,79,35,10278,137,113,97,92,93
20161224 11:57,97,20,76,26,97,26,100,64,79,35,10278,138,113,97,92,93
20161224 11:58,92,17,78,26,87,24,100,63,77,33,10279,143,113,97,92,93
20161224 11:59,70,14,77,24,54,15,101,63,78,34,10279,148,113,97,92,93
20161224 12:00,58,17,77,24,62,32,101,63,78,34,10279,151,113,98,92,93
20161224 12:01,55,22,74,23,49,39,101,62,77,32,10279,147,113,98,93,93
20161224 12:02,50,21,71,22,51,31,101,63,78,34,10279,145,113,98,93,93
20161224 12:03,57,19,70,20,63,27,101,63,78,34,10279,145,113,98,93,93
20161224 12:04,66,18,70,20,68,28,102,64,80,37,10279,146,114,98,93,93
20161224 12:05,67,20,69,19,65,30,102,63,78,35,10279,145,114,98,93,94
20161224 12:06,71,19,67,18,77,24,102,63,78,35,10279,145,114,98,93,94
20161224 12:07,71,21,64,19,65,37,102,63,78,35,10278,146,114,98,93,94
20161224 12:08,62,29,61,21,59,41,102,63,78,35,10278,145,114,98,93,94
20161224 12:09,62,31,62,23,65,39,102,62,77,33,10278,144,114,98,93,94
20161224 12:10,64,27,62,23,62,37,102,62,77,33,10278,144,114,98,93,94
20161224 12:11,58,22,63,23,53,33,102,63,78,35,10278,145,115,99,93,94
20161224 12:12,45,17,61,22,36,20,102,63,78,35,10278,150,115,99,94,94
20161224 12:13,37,18,59,23,38,32,103,64,80,38,10278,154,115,99,94,94
20161224 12:14,46,25,57,23,53,40,103,63,79,36,10277,154,115,99,94,94
20161224 12:15,53,25,56,24,54,33,104,63,79,37,10277,151,115,99,94,94
20161224 12:16,55,27,54,25,55,44,103,63,79,36,10277,149,115,99,94,94
20161224 12:17,56,28,53,25,57,34,103,62,78,33,10277,145,115,99,94,94
20161224 12:18,59,22,54,24,62,28,103,62,78,33,10276,142,116,99,94,94
20161224 12:19,52,18,51,22,42,24,103,62,78,33,10276,140,116,99,94,94
20161224 12:20,52,21,51,22,61,35,103,63,79,36,10276,141,116,99,94,94
20161224 12:21,65,27,53,23,68,38,103,63,79,36,10276,141,116,99,94,94
20161224 12:22,73,28,57,25,78,40,103,63,79,36,10275,138,116,100,94,95
20161224 12:23,77,37,61,27,76,56,102,63,78,35,10275,134,117,100,95,95
20161224 12:24,78,42,63,28,79,50,101,62,77,32,10275,131,117,100,95,95
20161224 12:25,80,34,66,29,81,45,101,62,77,32,10275,130,117,100,95,95
20161224 12:26,77,29,68,29,73,37,101,63,78,34,10275,130,117,100,95,95
20161224 12:27,81,25,71,28,89,37,101,63,78,34,10275,131,117,100,95,95
20161224 12:28,72,16,70,27,53,17,101,63,78,34,10275,133,117,100,95,95
20161224 12:29,54,10,71,27,55,25,101,64,79,36,10275,134,117,100,95,95
20161224 12:30,59,15,72,26,63,30,101,64,79,36,10275,134,117,100,95,95
20161224 12:31,59,19,70,25,55,24,101,63,78,34,10275,134,117,100,95,95
20161224 12:32,69,20,71,25,83,33,102,63,78,35,10275,134,117,100,95,95
20161224 12:33,93,23,73,22,103,33,102,64,80,37,10275,135,117,100,95,95
20161224 12:34,98,25,75,21,92,35,102,64,80,37,10275,134,117,101,95,95
20161224 12:35,105,24,78,20,118,33,103,65,81,40,10274,133,117,101,95,95
20161224 12:36,116,22,83,19,115,22,103,63,79,36,10274,135,117,101,95,95
20161224 12:37,105,18,83,19,94,22,102,62,77,33,10273,137,117,101,96,95
20161224 12:38,82,21,85,20,70,30,102,63,78,35,10273,138,116,101,96,95
20161224 12:39,66,23,85,21,62,30,103,63,79,36,10273,139,116,101,96,95
20161224 12:40,55,20,84,21,49,25,103,63,79,36,10273,139,116,101,96,95
20161224 12:41,54,21,84,22,58,32,103,63,79,36,10272,141,116,101,96,96
20161224 12:42,60,24,82,22,62,36,103,62,78,33,10272,144,116,101,96,96
20161224 12:43,65,28,78,23,68,54,103,63,79,36,10271,146,116,101,96,96
20161224 12:44,76,34,78,24,84,44,104,63,79,37,10271,149,116,102,96,96
20161224 12:45,89,35,75,25,93,44,104,62,78,34,10270,151,116,102,96,96
20161224 12:46,98,33,74,26,102,43,104,63,79,37,10270,154,116,102,96,96
20161224 12:47,104,28,75,27,107,37,105,63,80,38,10270,157,117,102,96,96
20161224 12:48,102,26,78,27,98,40,105,64,81,40,10271,160,117,102,96,96
20161224 12:49,99,28,82,28,101,36,106,64,82,41,10271,160,117,102,97,96
20161224 12:50,96,22,87,28,92,27,107,64,82,42,10271,156,117,102,97,96
20161224 12:51,99,23,92,28,107,44,107,63,81,40,10271,157,117,102,97,96
20161224 12:52,110,29,97,29,114,47,107,62,80,37,10270,155,117,102,97,96
20161224 12:53,113,29,101,29,112,38,107,63,81,40,10271,151,118,102,97,96
20161224 12:54,107,33,103,29,102,49,107,62,80,37,10271,149,118,102,97,96
20161224 12:55,103,34,104,29,104,42,107,61,78,35,10271,147,118,102,97,96
20161224 12:56,107,28,105,28,109,38,107,62,80,37,10270,147,118,102,97,96
20161224 12:57,93,24,102,28,77,39,106,62,79,36,10270,145,118,102,97,96
20161224 12:58,69,25,98,28,62,37,106,61,78,34,10270,144,119,103,97,96
20161224 12:59,74,23,97,27,86,28,105,61,77,33,10270,140,119,103,97,96
20161224 13:00,93,23,98,28,100,27,105,62,79,35,10270,140,119,103,97,97
20161224 13:01,99,23,97,27,98,26,105,62,79,35,10269,141,119,103,97,97
20161224 13:02,96,20,95,26,94,22,105,62,79,35,10269,141,119,103,97,97
20161224 13:03,100,19,94,25,107,39,105,63,80,38,10269,141,119,103,97,97
20161224 13:04,101,24,93,24,96,40,106,64,82,41,10269,142,119,103,98,97
20161224 13:05,89,30,91,24,83,47,106,63,80,39,10269,142,120,103,98,97
20161224 13:06,87,33,89,25,90,44,106,61,78,34,10269,141,120,103,98,97
20161224 13:07,87,30,90,25,83,35,105,61,77,33,10269,140,120,103,98,97
20161224 13:08,85,30,92,26,87,39,105,61,77,33,10269,140,120,103,98,97
20161224 13:09,94,30,94,27,100,39,105,61,77,33,10270,138,120,103,98,97
20161224 13:10,104,18,95,25,109,16,105,62,79,35,10270,137,120,103,98,97
20161224 13:11,116,10,97,24,123,13,105,63,80,38,10269,139,120,104,98,97
20161224 13:12,127,9,101,23,131,15,106,62,79,36,10269,143,120,104,98,97
20161224 13:13,125,11,102,22,119,17,106,62,79,36,10269,145,120,104,98,97
20161224 13:14,106,13,102,21,93,23,106,62,79,36,10269,146,120,104,98,97
20161224 13:15,93,19,103,20,93,30,106,62,79,36,10270,145,120,104,98,97
20161224 13:16,94,25,103,19,95,37,106,62,79,36,10270,143,120,104,98,97
20161224 13:17,99,26,105,19,104,30,106,61,78,34,10270,143,120,104,99,97
20161224 13:18,109,21,108,17,114,26,106,61,78,34,10270,143,120,104,99,97
20161224 13:19,109,21,108,17,104,30,106,62,79,36,10271,143,120,104,99,98
20161224 13:20,92,21,105,18,78,27,106,61,78,34,10271,142,120,104,99,98
20161224 13:21,77,17,101,19,76,23,106,62,79,36,10271,142,120,104,99,98
20161224 13:22,74,16,95,19,71,22,106,62,79,36,10271,141,120,104,99,98
20161224 13:23,72,14,90,19,72,20,106,62,79,36,10271,141,120,105,99,98
20161224 13:24,68,11,87,19,63,16,106,62,79,36,10271,142,120,105,99,98
20161224 13:25,63,15,84,19,64,33,106,62,79,36,10270,141,120,105,99,98
20161224 13:26,66,25,81,19,68,34,106,61,78,34,10270,139,120,105,99,98
20161224 13:27,73,25,79,19,78,27,106,62,79,36,10269,136,120,105,99,98
20161224 13:28,86,22,77,19,95,33,106,63,80,39,10269,135,120,105,99,98
20161224 13:29,105,25,78,19,114,39,106,62,79,36,10269,134,120,105,99,98
20161224 13:30,118,28,82,20,122,35,106,62,79,36,10269,134,120,105,99,98
20161224 13:31,119,26,86,21,116,33,106,61,78,34,10269,134,120,105,99,98
20161224 13:32,105,21,88,22,94,28,105,61,77,33,10269,134,120,105,100,98
20161224 13:33,95,18,91,22,96,20,105,62,79,35,10269,134,120,105,100,98
20161224 13:34,98,18,95,23,99,19,105,61,77,33,10269,134,120,105,100,98
20161224 13:35,98,20,98,23,97,34,105,61,77,33,10269,134,120,105,100,98
20161224 13:36,90,28,99,23,83,41,105,62,79,35,10269,134,120,106,100,98
20161224 13:37,77,30,99,24,71,36,105,62,79,35,10269,132,120,106,100,98
20161224 13:38,71,29,96,25,71,36,105,62,79,35,10268,130,120,106,100,98
20161224 13:39,80,29,94,25,89,38,105,63,80,38,10268,130,120,106,100,98
20161224 13:40,91,32,91,26,92,45,105,63,80,38,10268,129,120,106,100,99
20161224 13:41,92,30,88,26,91,34,105,63,80,38,10268,128,120,106,100,99
20161224 13:42,82,24,86,26,72,27,105,63,80,38,10268,128,120,106,100,99
20161224 13:43,69,23,83,27,66,31,105,63,80,38,10268,129,120,106,100,99
20161224 13:44,73,23,81,27,79,30,105,63,80,38,10268,128,119,106,100,99
20161224 13:45,79,24,79,28,79,34,105,64,81,40,10268,127,119,106,100,99
20161224 13:46,87,24,80,27,95,33,105,63,80,38,10268,127,119,106,100,99
20161224 13:47,95,24,83,26,96,33,105,63,80,38,10268,127,119,106,101,99
20161224 13:48,101,25,87,26,106,29,105,63,80,38,10268,127,119,106,101,99
20161224 13:49,94,20,86,24,82,19,105,62,79,35,10268,127,119,106,101,99
20161224 13:50,88,16,86,22,95,18,105,62,79,35,10268,127,119,106,101,99
20161224 13:51,91,15,86,21,87,16,105,62,79,35,10267,129,119,106,101,99
20161224 13:52,85,14,87,20,82,22,105,64,81,40,10267,130,119,107,101,99
20161224 13:53,80,23,88,21,78,40,105,64,81,40,10268,131,119,107,101,99
20161224 13:54,79,29,88,22,81,33,105,63,80,38,10268,130,118,107,101,99
20161224 13:55,73,22,87,21,64,26,105,63,80,38,10268,131,118,107,101,99
20161224 13:56,73,23,85,21,82,38,105,64,81,40,10268,132,118,107,101,99
20161224 13:57,72,27,82,21,61,31,105,63,80,38,10268,132,118,107,101,99
20161224 13:58,64,25,78,21,68,31,105,63,80,38,10267,132,118,107,101,99
20161224 13:59,71,22,77,22,75,26,105,64,81,40,10267,134,118,107,101,99
20161224 14:00,73,22,75,23,71,32,105,64,81,40,10267,135,118,107,101,100
20161224 14:01,69,27,73,24,66,41,106,64,82,41,10267,135,118,107,102,100
20161224 14:02,65,27,71,25,63,34,105,63,80,38,10268,135,118,107,102,100
20161224 14:03,63,26,69,25,63,36,105,62,79,35,10268,134,118,107,102,100
20161224 14:04,65,27,68,25,67,35,105,62,79,35,10268,135,118,107,102,100
20161224 14:05,58,22,67,25,49,23,105,63,80,38,10267,135,118,107,102,100
20161224 14:06,40,19,62,24,31,39,106,64,82,41,10267,136,118,107,102,100
20161224 14:07,41,27,60,25,50,55,106,64,82,41,10267,139,118,107,102,100
20161224 14:08,60,28,61,25,70,31,106,63,80,39,10267,138,118,107,102,100
20161224 14:09,65,21,59,25,59,26,106,63,80,39,10267,138,118,107,102,100
20161224 14:10,69,19,60,24,79,24,106,63,80,39,10267,138,118,107,102,100
20161224 14:11,89,17,63,23,99,23,106,64,82,41,10267,139,118,107,102,100
20161224 14:12,97,21,66,23,95,33,107,64,82,42,10267,140,118,107,102,100
20161224 14:13,99,26,70,23,102,40,107,63,81,40,10267,140,118,107,102,100
20161224 14:14,90,26,71,23,77,38,107,64,82,42,10267,139,118,107,102,100
20161224 14:15,70,21,73,23,64,26,107,64,82,42,10266,138,118,107,102,100
20161224 14:16,68,20,77,23,72,37,107,63,81,40,10266,138,118,107,102,100
20161224 14:17,69,30,78,23,66,50,107,64,82,42,10265,138,118,108,102,100
20161224 14:18,73,38,79,25,79,51,107,63,81,40,10265,137,118,108,102,100
20161224 14:19,83,38,82,26,87,44,107,62,80,37,10264,135,118,108,102,100
20161224 14:20,88,32,83,28,90,39,107,62,80,37,10264,134,118,108,103,100
20161224 14:21,95,25,83,28,101,30,107,63,81,40,10264,135,118,108,103,101
20161224 14:22,104,25,84,28,107,34,107,63,81,40,10264,137,118,108,103,101
20161224 14:23,100,27,84,28,93,38,107,63,81,40,10264,141,119,108,103,101
20161224 14:24,89,27,84,29,84,37,107,63,81,40,10264,141,119,108,103,101
20161224 14:25,86,23,87,29,89,28,108,63,82,40,10264,141,119,108,103,101
20161224 14:26,85,23,88,29,82,36,108,63,82,40,10265,141,119,108,103,101
20161224 14:27,90,30,91,29,98,39,108,63,82,40,10265,140,119,108,103,101
20161224 14:28,95,33,92,28,91,42,108,63,82,40,10265,139,119,108,103,101
20161224 14:29,93,33,93,28,94,43,108,63,82,40,10265,138,119,108,103,101
20161224 14:30,93,35,93,29,91,41,108,63,82,40,10264,137,119,108,103,101
20161224 14:31,90,35,92,30,88,43,108,62,80,38,10264,137,119,108,103,101
20161224 14:32,84,30,89,30,80,35,108,62,80,38,10263,135,119,108,103,101
20161224 14:33,81,28,88,30,83,35,107,62,80,37,10263,135,119,108,103,101
20161224 14:34,84,27,88,30,85,37,107,62,80,37,10263,134,119,108,103,101
20161224 14:35,81,26,87,30,76,35,107,62,80,37,10262,134,119,108,103,101
20161224 14:36,78,31,87,31,81,44,107,62,80,37,10262,134,119,108,103,101
20161224 14:37,78,33,84,31,75,41,107,62,80,37,10261,133,119,108,103,101
20161224 14:38,72,26,82,30,69,31,107,63,81,40,10261,132,119,108,103,101
20161224 14:39,72,29,80,30,74,51,107,64,82,42,10261,132,119,108,103,101
20161224 14:40,77,36,79,30,80,51,107,63,81,40,10261,132,119,108,104,101
20161224 14:41,84,35,79,30,88,43,107,63,81,40,10261,131,119,108,104,101
20161224 14:42,85,34,79,31,82,46,107,63,81,40,10261,132,119,108,104,101
20161224 14:43,89,35,80,32,95,41,107,63,81,40,10260,133,119,108,104,101
20161224 14:44,95,35,81,33,95,46,107,63,81,40,10260,134,119,108,104,102
20161224 14:45,93,37,83,34,92,55,107,63,81,40,10260,134,119,108,104,102
20161224 14:46,90,41,84,35,87,60,107,63,81,40,10260,134,119,109,104,102
20161224 14:47,89,39,85,35,90,50,107,63,81,40,10260,132,119,109,104,102
20161224 14:48,97,31,89,36,104,40,107,64,82,42,10259,132,119,109,104,102
20161224 14:49,97,30,90,35,90,42,107,64,82,42,10259,132,119,109,104,102
20161224 14:50,85,33,90,35,80,54,107,64,82,42,10259,132,119,109,104,102
20161224 14:51,77,39,89,36,74,55,107,64,82,42,10259,131,119,109,104,102
20161224 14:52,72,40,88,36,71,50,107,63,81,40,10259,128,119,109,104,102
20161224 14:53,71,35,85,36,72,46,107,64,82,42,10259,127,119,109,104,102
20161224 14:54,70,29,83,35,69,41,106,64,82,41,10259,126,119,109,104,102
20161224 14:55,75,28,82,34,82,42,107,65,84,44,10259,126,119,109,104,102
20161224 14:56,79,28,81,32,75,42,107,65,84,44,10259,127,119,109,104,102
20161224 14:57,78,33,80,33,82,50,107,65,84,44,10259,128,119,109,104,102
20161224 14:58,79,32,77,33,76,40,106,64,82,41,10259,127,119,109,104,102
20161224 14:59,68,27,74,33,61,33,107,65,84,44,10260,128,119,109,104,102
20161224 15:00,63,23,73,31,65,28,107,65,84,44,10260,129,118,109,104,102
20161224 15:01,71,25,73,30,78,50,107,65,84,44,10260,129,118,109,104,102
20161224 15:02,76,33,73,29,74,42,107,65,84,44,10260,128,118,109,105,102
20161224 15:03,70,36,73,30,66,53,106,65,83,43,10260,127,118,109,105,102
20161224 15:04,71,33,73,30,75,38,106,64,82,41,10261,126,118,109,105,102
20161224 15:05,71,25,72,29,66,34,106,64,82,41,10261,125,118,109,105,102
20161224 15:06,74,26,72,30,81,42,106,64,82,41,10262,125,118,109,105,102
20161224 15:07,77,29,71,29,72,39,106,65,83,43,10262,125,118,109,105,103
20161224 15:08,74,30,71,29,76,41,106,65,83,43,10262,123,118,109,105,103
20161224 15:09,74,32,73,29,72,47,106,65,83,43,10262,122,118,109,105,103
20161224 15:10,77,36,74,31,82,52,106,65,83,43,10262,121,118,109,105,103
20161224 15:11,77,34,74,31,72,44,105,65,82,42,10262,120,118,109,105,103
20161224 15:12,66,25,72,30,60,38,106,65,83,43,10262,120,117,109,105,103
20161224 15:13,55,28,71,29,51,42,106,66,84,45,10262,120,117,109,105,103
20161224 15:14,57,29,70,29,63,37,106,66,84,45,10263,120,117,109,105,103
20161224 15:15,66,28,70,30,68,39,106,66,84,45,10262,121,117,109,105,103
20161224 15:16,70,33,69,31,72,46,106,66,84,45,10262,121,117,109,105,103
20161224 15:17,71,35,69,31,69,54,106,66,84,45,10262,120,117,109,105,103
20161224 15:18,66,33,67,31,63,45,106,65,83,43,10262,120,117,110,105,103
20161224 15:19,63,34,66,32,63,44,105,65,82,42,10262,120,117,109,105,103
20161224 15:20,63,35,65,31,64,42,105,65,82,42,10262,120,117,109,105,103
20161224 15:21,65,29,64,31,66,41,105,65,82,42,10262,121,116,110,105,103
20161224 15:22,68,27,65,32,70,44,105,66,84,44,10262,121,116,110,105,103
20161224 15:23,69,30,67,31,69,37,105,66,84,44,10262,122,116,110,105,103
20161224 15:24,64,24,66,31,60,29,105,66,84,44,10262,123,116,110,105,103
20161224 15:25,61,22,66,30,63,38,106,66,84,45,10262,125,116,110,105,103
20161224 15:26,64,28,65,30,64,46,106,66,84,45,10262,125,116,110,106,103
20161224 15:27,59,32,64,30,54,55,106,66,84,45,10263,125,116,110,105,103
20161224 15:28,58,34,64,30,63,46,106,66,84,45,10263,124,116,110,106,103
20161224 15:29,60,33,63,29,57,44,106,65,83,43,10263,125,116,110,106,103
20161224 15:30,56,30,62,29,56,39,106,65,83,43,10263,123,115,110,106,103
20161224 15:31,65,30,63,30,74,45,106,65,83,43,10263,122,115,110,106,103
20161224 15:32,75,30,64,29,76,46,106,65,83,43,10264,121,115,110,106,103
20161224 15:33,70,30,63,30,65,44,105,66,84,44,10264,121,115,110,106,104
20161224 15:34,61,31,63,31,57,43,105,66,84,44,10264,119,115,110,106,104
20161224 15:35,56,30,62,31,55,38,105,66,84,44,10264,119,115,110,106,104
20161224 15:36,57,26,62,30,59,32,105,66,84,44,10264,120,115,110,106,104
20161224 15:37,61,28,62,30,62,40,105,67,85,46,10264,120,115,110,106,104
20161224 15:38,58,35,61,30,54,45,105,66,84,44,10264,120,115,110,106,104
20161224 15:39,58,37,62,31,62,48,105,66,84,44,10264,119,115,110,106,104
20161224 15:40,69,29,64,30,76,33,105,66,84,44,10264,117,115,110,106,104
20161224 15:41,77,26,64,30,77,39,105,66,84,44,10264,116,115,110,106,104
20161224 15:42,74,29,64,30,71,38,105,67,85,46,10264,116,114,110,106,104
20161224 15:43,71,28,64,30,70,43,105,67,85,46,10264,116,114,110,106,104
20161224 15:44,71,31,66,30,72,50,105,67,85,46,10264,115,114,110,106,104
20161224 15:45,68,34,67,31,64,49,105,67,85,46,10264,113,114,110,106,104
20161224 15:46,66,35,68,32,67,46,104,67,84,45,10264,112,114,110,106,104
20161224 15:47,67,36,68,32,66,48,104,66,83,43,10264,111,114,110,106,104
20161224 15:48,62,37,68,32,57,49,104,66,83,43,10264,109,114,110,106,104
20161224 15:49,63,38,69,33,68,48,103,67,84,44,10264,108,114,110,106,104
20161224 15:50,69,34,68,33,70,45,103,67,84,44,10264,107,113,110,106,104
20161224 15:51,68,28,67,33,67,38,103,67,84,44,10263,106,113,110,106,104
20161224 15:52,65,30,67,34,64,48,103,67,84,44,10263,106,113,110,106,104
20161224 15:53,70,31,67,34,77,45,103,67,84,44,10263,106,113,110,106,104
20161224 15:54,74,31,67,34,71,42,102,67,83,44,10263,107,113,110,106,104
20161224 15:55,71,32,68,33,70,40,102,67,83,44,10263,105,113,110,106,104
20161224 15:56,69,34,68,33,69,58,102,68,85,46,10263,104,112,110,106,104
20161224 15:57,72,33,69,33,75,44,102,68,85,46,10263,103,112,110,106,104
20161224 15:58,73,37,70,33,71,52,102,68,85,46,10263,102,112,109,106,104
20161224 15:59,77,45,72,34,83,57,101,68,84,45,10263,101,112,110,106,104
20161224 16:00,82,42,73,35,82,46,101,68,84,45,10262,100,111,110,106,104
20161224 16:01,84,39,75,36,85,55,101,68,84,45,10262,99,111,109,106,104
20161224 16:02,85,39,77,36,85,52,101,68,84,45,10262,98,111,109,107,104
20161224 16:03,83,36,77,37,80,48,101,68,84,45,10262,98,111,109,107,105
20161224 16:04,78,32,78,37,75,42,100,68,83,44,10262,97,111,109,107,105
20161224 16:05,73,30,78,36,71,39,100,68,83,44,10262,96,110,109,107,105
20161224 16:06,68,33,77,36,65,46,100,69,85,46,10262,96,110,109,107,105
20161224 16:07,65,38,76,37,65,56,100,69,85,46,10262,95,110,109,107,105
20161224 16:08,65,37,76,36,65,56,100,68,83,44,10262,95,110,109,107,105
20161224 16:09,64,35,74,35,63,51,99,68,83,43,10262,94,109,109,107,105
20161224 16:10,66,32,72,34,68,41,99,68,83,43,10262,94,109,109,107,105
20161224 16:11,69,31,71,34,70,44,99,69,84,45,10262,94,109,109,107,105
20161224 16:12,65,34,68,34,61,51,99,68,83,43,10263,94,109,109,107,105
20161224 16:13,60,35,66,34,60,46,99,68,83,43,10263,94,108,109,107,105
20161224 16:14,62,35,65,34,63,51,99,68,83,43,10263,94,108,109,107,105
20161224 16:15,64,34,64,35,65,41,99,68,83,43,10263,94,108,109,107,105
20161224 16:16,67,30,65,34,69,45,99,68,83,43,10263,94,107,109,107,105
20161224 16:17,68,26,65,32,67,32,99,69,84,45,10263,94,107,109,107,105
20161224 16:18,68,25,66,31,69,39,98,69,84,44,10263,94,107,109,107,105
20161224 16:19,66,33,66,32,64,58,98,69,84,44,10263,94,107,109,107,105
20161224 16:20,66,32,66,31,68,32,98,68,82,42,10263,94,106,109,107,105
20161224 16:21,68,28,65,31,68,46,98,69,84,44,10263,94,106,109,107,105
20161224 16:22,68,29,66,30,68,38,98,69,84,44,10263,94,106,109,107,105
20161224 16:23,66,29,67,30,64,42,98,69,84,44,10263,93,106,109,107,105
20161224 16:24,67,32,67,30,69,40,98,69,84,44,10263,93,106,109,107,105
20161224 16:25,67,29,67,29,66,48,98,69,84,44,10263,93,105,109,107,105
20161224 16:26,63,36,66,31,61,65,98,69,84,44,10263,92,105,109,107,105
20161224 16:27,64,41,66,32,67,49,97,69,83,43,10263,92,105,109,107,105
20161224 16:28,72,32,67,32,77,41,97,69,83,43,10263,91,105,108,107,105
20161224 16:29,76,27,68,31,75,38,97,69,83,43,10263,90,105,108,107,105
20161224 16:30,79,34,70,33,82,56,97,69,83,43,10263,89,104,108,107,105
20161224 16:31,84,42,71,34,85,50,97,69,83,43,10263,89,104,108,107,105
20161224 16:32,85,40,73,35,84,55,97,69,83,43,10263,88,104,108,107,105
20161224 16:33,81,43,74,36,78,58,97,69,83,43,10263,88,104,108,107,105
20161224 16:34,80,38,76,36,82,35,96,69,82,42,10263,87,104,108,107,105
20161224 16:35,80,31,77,37,78,46,96,70,84,44,10264,87,103,108,107,105
20161224 16:36,80,32,79,35,82,41,96,70,84,44,10264,87,103,108,107,105
20161224 16:37,78,30,80,35,75,41,96,70,84,44,10264,87,103,108,107,105
20161224 16:38,76,32,80,35,77,48,96,70,84,44,10264,87,103,108,107,106
20161224 16:39,76,35,80,36,76,46,96,70,84,44,10264,87,102,108,107,106
20161224 16:40,71,32,78,35,67,37,96,70,84,44,10264,87,102,108,107,106
20161224 16:41,73,34,78,35,78,51,96,70,84,44,10264,87,102,108,107,106
20161224 16:42,77,42,77,35,75,70,96,70,84,44,10264,87,102,108,107,106
20161224 16:43,77,45,77,35,79,60,96,70,84,44,10264,87,102,108,107,106
20161224 16:44,76,39,76,36,73,52,96,70,84,44,10264,87,102,107,107,106
20161224 16:45,78,30,77,35,83,34,96,70,84,44,10264,86,101,107,107,106
20161224 16:46,80,30,76,35,76,41,96,71,85,46,10264,86,101,107,107,106
20161224 16:47,75,31,76,35,74,42,96,71,85,46,10265,86,101,107,107,106
20161224 16:48,70,33,75,35,67,52,96,71,85,46,10265,86,101,107,107,106
20161224 16:49,67,31,74,34,68,39,95,71,84,45,10266,86,101,107,107,106
20161224 16:50,71,28,75,34,75,39,95,71,84,45,10266,86,100,107,107,106
20161224 16:51,70,28,74,33,65,52,95,71,84,45,10266,86,100,107,107,106
20161224 16:52,66,34,73,33,67,54,95,71,84,45,10266,86,100,107,107,106
20161224 16:53,68,32,72,31,69,33,95,71,84,45,10266,86,100,107,107,106
20161224 16:54,75,31,72,31,81,58,95,72,85,47,10266,85,100,107,107,106
20161224 16:55,77,35,71,31,73,47,95,71,84,45,10265,85,100,107,107,106
20161224 16:56,78,37,72,32,83,53,95,71,84,45,10265,85,99,107,107,106
20161224 16:57,82,38,73,33,80,46,95,71,84,45,10265,85,99,107,107,106
20161224 16:58,79,34,74,33,78,44,95,72,85,47,10265,85,99,106,107,106
20161224 16:59,76,37,75,34,74,54,95,72,85,47,10265,85,99,106,107,106
20161224 17:00,71,37,74,34,67,45,95,72,85,47,10265,85,99,106,107,106
20161224 17:01,67,34,74,35,66,54,95,72,85,47,10265,84,99,106,107,106
20161224 17:02,68,35,74,35,71,49,95,72,85,47,10265,84,99,106,107,106
20161224 17:03,66,36,73,36,61,56,95,71,84,45,10265,84,98,106,107,106
20161224 17:04,60,40,71,36,59,55,95,71,84,45,10265,84,98,106,107,106
20161224 17:05,63,37,71,36,67,46,95,71,84,45,10265,84,98,106,107,106
20161224 17:06,69,29,69,35,72,35,95,71,84,45,10266,83,98,106,107,106
20161224 17:07,70,25,68,34,68,35,94,71,84,44,10266,83,98,106,107,106
20161224 17:08,68,26,67,33,68,50,94,72,85,46,10266,82,98,106,107,106
20161224 17:09,67,32,67,33,67,57,94,71,84,44,10267,81,98,106,107,106
20161224 17:10,66,36,66,33,65,50,94,71,84,44,10267,81,97,106,107,106
20161224 17:11,65,37,66,34,65,54,94,71,84,44,10267,80,97,106,107,106
20161224 17:12,67,36,66,33,70,48,94,71,84,44,10268,80,97,105,107,106
20161224 17:13,66,28,66,32,61,40,94,71,84,44,10268,79,97,105,107,106
20161224 17:14,66,28,68,31,72,47,93,72,84,45,10268,77,97,105,107,106
20161224 17:15,66,31,67,31,61,47,93,72,84,45,10268,77,97,105,107,106
20161224 17:16,68,31,67,31,75,40,93,72,84,45,10268,76,96,105,107,106
20161224 17:17,69,33,67,32,63,49,93,72,84,45,10268,76,96,105,107,106
20161224 17:18,67,38,67,34,71,56,93,72,84,45,10268,76,96,105,107,106
20161224 17:19,69,44,67,35,67,59,93,72,84,45,10268,76,96,105,107,106
20161224 17:20,66,37,67,34,65,49,93,72,84,45,10268,76,96,105,106,106
20161224 17:21,66,24,67,32,68,31,92,72,84,44,10269,75,96,105,106,106
20161224 17:22,67,19,67,31,66,30,92,72,84,44,10269,74,95,105,106,106
20161224 17:23,68,21,68,31,69,34,92,72,84,44,10269,74,95,105,106,106
20161224 17:24,66,24,67,30,62,39,92,72,84,44,10269,74,95,104,106,106
20161224 17:25,64,30,67,30,66,46,91,73,84,45,10269,73,95,104,106,106
20161224 17:26,62,31,66,30,58,41,91,73,84,45,10269,73,94,104,106,106
20161224 17:27,59,26,65,29,59,34,91,73,84,45,10269,73,94,104,106,106
20161224 17:28,60,26,64,28,60,51,91,73,84,45,10269,73,94,104,106,106
20161224 17:29,60,30,63,26,60,52,91,73,84,45,10269,74,94,104,106,106
20161224 17:30,63,29,64,26,67,33,91,73,84,45,10269,75,94,104,106,106
20161224 17:31,66,28,63,27,65,44,91,73,84,45,10269,75,93,104,106,106
20161224 17:32,66,31,63,28,68,39,91,73,84,45,10269,76,93,104,106,106
20161224 17:33,69,35,63,30,69,59,91,73,84,45,10269,76,93,104,106,106
20161224 17:34,69,34,64,30,69,38,91,73,84,45,10268,77,93,104,106,106
20161224 17:35,69,32,64,30,69,51,91,73,84,45,10268,77,93,104,106,106
20161224 17:36,69,34,66,31,69,50,91,73,84,45,10268,77,92,104,106,106
20161224 17:37,67,33,66,32,65,49,91,73,84,45,10268,78,92,103,106,106
20161224 17:38,65,37,67,33,65,63,91,74,85,47,10268,78,92,103,106,106
20161224 17:39,66,37,67,33,67,44,91,73,84,45,10268,78,92,103,106,106
20161224 17:40,69,31,68,33,71,41,91,73,84,45,10268,78,92,103,106,106
20161224 17:41,70,32,68,34,68,49,91,73,84,45,10268,79,92,103,106,106
20161224 17:42,68,30,68,33,68,35,91,73,84,45,10268,79,92,103,106,106
20161224 17:43,70,25,68,32,72,37,91,73,84,45,10268,79,91,103,106,106
20161224 17:44,69,28,68,32,65,43,91,73,84,45,10268,79,91,103,106,106
20161224 17:45,67,33,68,32,68,62,91,73,84,45,10268,79,91,103,106,106
20161224 17:46,69,41,68,33,69,61,91,73,84,45,10268,79,91,103,106,106
20161224 17:47,68,42,68,34,67,49,91,73,84,45,10268,79,91,103,106,106
20161224 17:48,66,38,68,34,65,60,91,73,84,45,10268,80,91,103,106,107
20161224 17:49,64,36,68,34,63,43,91,73,84,45,10268,80,91,102,106,107
20161224 17:50,64,38,67,35,65,51,91,73,84,45,10268,79,91,102,106,107
20161224 17:51,66,44,67,36,66,71,91,73,84,45,10268,79,91,102,106,106
20161224 17:52,67,40,67,37,67,47,91,72,83,43,10268,80,91,102,106,107
20161224 17:53,65,35,66,38,62,45,91,73,84,45,10268,80,91,102,106,107
20161224 17:54,63,32,66,38,65,43,91,72,83,43,10269,80,91,102,106,107
20161224 17:55,67,29,66,37,69,43,91,73,84,45,10269,79,90,102,106,106
20161224 17:56,68,31,66,36,68,42,91,73,84,45,10269,80,90,102,106,106
20161224 17:57,61,35,65,36,55,54,91,73,84,45,10269,80,90,102,105,107
20161224 17:58,60,35,65,35,65,52,91,72,83,43,10269,80,90,102,106,107
20161224 17:59,68,34,65,35,71,48,91,72,83,43,10269,80,90,102,105,107
20161224 18:00,70,34,66,34,70,53,91,72,83,43,10268,80,90,102,105,107
20161224 18:01,67,36,66,34,64,58,91,72,83,43,10268,80,90,102,105,107
20161224 18:02,66,39,66,34,69,53,92,72,84,44,10268,80,90,101,105,107
20161224 18:03,72,37,67,34,76,51,92,72,84,44,10268,80,90,101,105,107
20161224 18:04,73,34,68,35,69,54,92,72,84,44,10269,80,90,101,105,107
20161224 18:05,69,34,68,35,68,58,92,73,85,46,10269,80,90,101,105,107
20161224 18:06,69,31,68,35,70,49,92,73,85,46,10269,80,90,101,105,107
20161224 18:07,73,32,70,35,75,51,91,73,84,45,10268,80,90,101,105,107
20161224 18:08,74,35,71,35,73,58,91,73,84,45,10268,80,90,101,105,107
20161224 18:09,72,42,71,36,71,63,91,73,84,45,10268,80,90,101,105,106
20161224 18:10,70,41,70,36,68,41,92,73,85,46,10268,80,90,101,105,106
20161224 18:11,69,31,71,35,70,46,92,73,85,46,10268,80,90,101,105,107
20161224 18:12,68,37,71,36,67,62,92,73,85,46,10267,80,89,101,105,107
20161224 18:13,68,45,70,37,69,62,92,73,85,46,10268,80,89,101,105,106
20161224 18:14,68,44,70,38,68,62,92,73,85,46,10268,80,89,101,105,106
20161224 18:15,67,40,70,38,65,62,92,73,85,46,10268,80,89,100,105,106
20161224 18:16,68,37,70,39,70,51,92,73,85,46,10269,80,89,100,105,106
20161224 18:17,64,35,68,39,59,48,92,73,85,46,10269,80,89,100,105,106
20161224 18:18,64,38,68,39,68,61,91,74,85,47,10269,79,89,100,105,106
20161224 18:19,67,40,67,38,65,66,91,74,85,47,10269,79,89,100,105,106
20161224 18:20,68,44,67,40,72,75,91,74,85,47,10269,79,89,100,105,106
20161224 18:21,69,42,67,40,66,54,91,73,84,45,10269,79,89,100,105,106
20161224 18:22,63,38,66,40,61,59,91,73,84,45,10269,79,89,100,105,106
20161224 18:23,68,39,67,39,74,53,91,74,85,47,10270,79,89,100,105,106
20161224 18:24,68,33,66,38,62,47,91,74,85,47,10270,78,89,100,104,106
20161224 18:25,62,33,66,38,62,50,91,74,85,47,10270,78,89,100,104,106
20161224 18:26,67,33,66,37,72,44,91,74,85,47,10269,77,89,100,104,106
20161224 18:27,68,29,66,37,63,41,91,74,85,47,10270,77,89,100,104,106
20161224 18:28,64,31,66,36,66,54,91,74,85,47,10270,76,89,100,104,106
20161224 18:29,68,38,67,36,69,68,91,74,85,47,10270,76,88,100,104,106
20161224 18:30,66,43,66,36,64,67,91,74,85,47,10271,76,88,100,104,106
20161224 18:31,66,44,66,37,69,60,91,74,85,47,10271,76,88,100,104,106
20161224 18:32,66,38,66,36,63,40,91,74,85,47,10272,76,88,99,104,106
20161224 18:33,60,27,65,34,58,36,91,74,85,47,10272,75,88,99,104,106
20161224 18:34,56,25,64,34,54,34,90,75,86,48,10272,75,88,99,104,106
20161224 18:35,59,29,64,34,64,44,90,75,86,48,10272,75,88,99,104,106
20161224 18:36,63,29,63,33,62,48,90,75,86,48,10273,75,88,99,104,106
20161224 18:37,57,28,62,33,52,41,90,75,86,48,10273,75,88,99,104,106
20161224 18:38,54,31,61,33,57,40,90,75,86,48,10273,75,88,99,104,106
20161224 18:39,56,38,60,33,56,56,90,75,86,48,10274,75,88,99,104,106
20161224 18:40,58,44,60,33,61,64,90,75,86,48,10274,75,88,99,104,106
20161224 18:41,59,42,58,33,57,53,90,75,86,48,10274,75,87,99,104,106
20161224 18:42,59,35,58,33,62,39,90,75,86,48,10274,75,87,99,104,106
20161224 18:43,61,30,59,33,60,53,90,75,86,48,10275,75,87,99,104,106
20161224 18:44,55,26,58,33,49,37,90,75,86,48,10275,74,87,99,104,106
20161224 18:45,52,28,57,33,54,43,90,75,86,48,10275,73,87,99,104,106
20161224 18:46,55,33,56,34,55,45,90,75,86,48,10275,73,87,99,104,106
20161224 18:47,53,36,56,35,52,57,90,75,86,48,10276,72,87,99,104,106
20161224 18:48,58,38,57,35,64,48,90,75,86,48,10276,72,87,98,104,106
20161224 18:49,62,37,57,35,60,53,89,75,85,47,10276,72,87,98,104,106
20161224 18:50,60,35,57,33,59,54,89,75,85,47,10276,73,87,98,104,106
20161224 18:51,63,32,58,33,67,49,89,75,85,47,10275,72,86,98,104,106
20161224 18:52,61,35,58,33,56,52,89,76,87,49,10276,72,86,98,103,106
20161224 18:53,60,39,58,34,63,55,89,76,87,49,10276,72,86,98,103,106
20161224 18:54,65,36,60,35,66,40,89,76,87,49,10276,72,86,98,103,106
20161224 18:55,66,27,61,34,66,31,89,76,87,49,10276,72,86,98,103,106
20161224 18:56,64,25,62,34,63,39,89,76,87,49,10276,71,86,98,103,106
20161224 18:57,64,30,63,33,64,43,89,76,87,49,10276,71,86,98,103,106
20161224 18:58,64,33,63,33,63,55,89,76,87,49,10276,70,86,98,103,106
20161224 18:59,62,31,63,32,60,41,89,76,87,49,10276,71,86,98,103,106
20161224 19:00,63,30,63,32,66,46,89,76,87,49,10276,71,86,98,103,106
20161224 19:01,70,29,64,31,74,40,88,76,86,48,10276,70,85,98,103,106
20161224 19:02,69,26,65,30,64,33,88,76,86,48,10276,70,85,98,103,106
20161224 19:03,61,29,64,29,59,53,88,77,87,50,10276,70,85,98,103,106
20161224 19:04,64,33,65,30,68,51,88,77,87,50,10276,70,85,98,103,106
20161224 19:05,67,29,65,30,66,35,88,77,87,50,10277,71,85,98,103,106
20161224 19:06,62,30,64,31,58,46,88,77,87,50,10277,71,85,98,103,106
20161224 19:07,57,33,63,31,55,49,88,77,87,50,10277,71,85,97,103,106
20161224 19:08,61,29,64,30,67,33,88,77,87,50,10277,71,85,97,103,106
20161224 19:09,67,29,64,30,67,43,88,77,87,50,10277,71,84,97,103,106
20161224 19:10,65,33,64,30,63,54,88,77,87,50,10277,72,84,97,103,106
20161224 19:11,62,31,63,30,60,43,88,77,87,50,10277,72,84,97,103,106
20161224 19:12,60,30,62,31,60,43,88,77,87,50,10277,73,84,97,103,106
20161224 19:13,59,32,62,31,58,45,88,77,87,50,10277,73,84,97,103,106
20161224 19:14,59,36,61,32,60,49,88,77,87,50,10276,74,84,97,103,106
20161224 19:15,63,35,61,32,66,39,88,77,87,50,10276,75,84,97,103,106
20161224 19:16,68,29,63,31,71,56,88,77,87,50,10276,75,84,97,103,106
20161224 19:17,64,31,63,32,59,48,89,77,88,51,10277,75,84,97,103,106
20161224 19:18,61,32,63,32,63,46,89,77,88,51,10277,76,84,97,103,106
20161224 19:19,59,31,61,32,55,42,89,77,88,51,10277,76,84,97,102,106
20161224 19:20,61,31,62,32,67,39,89,77,88,51,10276,76,84,97,102,106
20161224 19:21,64,31,62,32,60,49,89,77,88,51,10276,76,84,97,102,106
20161224 19:22,61,34,62,33,62,43,89,77,88,51,10276,76,84,97,102,106
20161224 19:23,58,32,62,32,53,44,89,77,88,51,10277,77,83,96,102,106
20161224 19:24,54,30,61,31,55,47,89,77,88,51,10277,77,84,96,102,106
20161224 19:25,58,30,61,31,62,40,89,77,88,51,10278,77,84,96,102,106
20161224 19:26,59,29,59,31,55,42,89,77,88,51,10278,77,83,96,102,106
20161224 19:27,54,29,58,31,53,43,89,77,88,51,10278,77,83,96,102,106
20161224 19:28,53,28,57,31,53,42,89,77,88,51,10278,77,83,96,102,106
20161224 19:29,56,27,58,30,59,45,90,77,88,52,10278,77,83,96,102,106
20161224 19:30,60,27,57,30,61,41,90,77,88,52,10278,78,83,96,102,106
20161224 19:31,57,26,57,29,53,41,90,76,87,50,10278,78,83,96,102,106
20161224 19:32,58,25,57,28,63,31,90,76,87,50,10278,78,84,96,102,106
20161224 19:33,59,23,57,27,54,33,90,77,88,52,10278,77,83,96,102,106
20161224 19:34,51,23,56,26,47,37,90,77,88,52,10279,77,83,96,102,106
20161224 19:35,52,27,56,26,57,41,90,77,88,52,10279,78,83,96,102,106
20161224 19:36,50,27,54,26,43,37,90,77,88,52,10279,78,84,96,102,106
20161224 19:37,50,23,55,25,56,37,90,77,88,52,10279,78,84,96,102,106
20161224 19:38,50,22,54,25,44,46,90,77,88,52,10279,78,84,96,102,106
20161224 19:39,50,25,53,25,55,39,90,77,88,52,10279,78,84,96,102,106
20161224 19:40,54,24,53,24,53,30,90,77,88,52,10279,78,84,95,102,106
20161224 19:41,59,23,54,24,64,39,90,77,88,52,10279,77,84,95,102,106
20161224 19:42,60,26,53,24,55,32,90,77,88,52,10279,78,84,95,102,106
20161224 19:43,49,22,52,24,43,30,90,77,88,52,10278,78,84,95,102,106
20161224 19:44,48,25,52,25,53,46,90,77,88,52,10278,78,84,95,102,106
20161224 19:45,54,27,52,24,55,38,90,77,88,52,10278,78,84,95,102,106
20161224 19:46,57,25,54,24,59,39,90,77,88,52,10278,78,84,95,102,105
20161224 19:47,57,28,54,25,54,46,90,77,88,52,10279,78,84,95,101,106
20161224 19:48,57,30,55,26,59,45,90,77,88,52,10279,78,84,95,102,106
20161224 19:49,60,29,56,26,62,46,90,77,88,52,10279,78,84,95,101,105
20161224 19:50,62,29,57,27,62,42,90,77,88,52,10279,78,84,95,101,105
20161224 19:51,66,27,57,27,69,33,90,77,88,52,10279,78,84,95,101,105
20161224 19:52,66,27,58,27,63,41,90,77,88,52,10279,78,84,95,101,105
20161224 19:53,65,26,60,28,67,38,90,77,88,52,10279,78,84,95,101,105
20161224 19:54,63,25,61,27,59,37,90,77,88,52,10279,78,84,95,101,105
20161224 19:55,61,27,62,27,63,38,90,77,88,52,10279,78,84,95,101,105
20161224 19:56,62,28,62,28,61,40,90,77,88,52,10279,78,84,95,101,105
20161224 19:57,65,26,63,27,69,31,90,77,88,52,10279,78,84,95,101,105
20161224 19:58,67,23,64,26,65,35,90,77,88,52,10279,78,84,95,101,105
20161224 19:59,64,26,64,26,64,35,90,77,88,52,10279,78,84,95,101,105
20161224 20:00,64,26,64,26,64,34,90,77,88,52,10279,78,84,95,101,105
