time_now,wd_avg_2mins,ws_avg_2mins,wd_avg_10mins,ws_avg_10mins,wd_maxsp_this_min,ws_maxsp_this_min,air_temp_by_box,relative_humidity,water_vapor_pressure,dew_temp,station_pressure,ground_temp_pt,ground_tem_5cm,ground_tem_10cm,ground_tem_15cm,ground_tem_20cm
20150307 20:01,63,20,63,18,64,33,64,73,70,19,10229,57,69,77,83,83
20150307 20:02,64,20,63,18,64,25,64,73,70,19,10229,57,69,77,82,83
20150307 20:03,61,16,62,19,57,25,64,73,70,19,10229,57,69,77,82,83
20150307 20:04,55,17,61,19,53,28,64,73,70,19,10229,57,69,77,82,83
20150307 20:05,58,18,61,19,63,27,63,73,70,18,10229,57,69,77,82,83
20150307 20:06,63,19,60,18,63,28,63,73,70,18,10229,57,68,77,82,83
20150307 20:07,63,21,61,19,62,30,63,73,70,18,10230,57,68,77,82,83
20150307 20:08,63,22,61,19,64,30,63,72,69,16,10230,57,68,77,82,83
20150307 20:09,67,23,62,20,71,31,63,72,69,16,10230,57,68,77,82,83
20150307 20:10,67,22,63,20,64,30,63,72,69,16,10230,57,68,77,82,83
20150307 20:11,66,19,63,19,69,25,63,72,69,16,10230,56,68,77,82,83
20150307 20:12,67,21,63,20,65,31,63,72,69,16,10230,56,68,77,82,83
20150307 20:13,62,21,63,20,60,29,63,72,69,16,10230,56,68,77,82,83
20150307 20:14,59,18,64,20,58,30,63,72,69,16,10230,56,68,77,82,83
20150307 20:15,63,17,64,20,68,21,63,72,69,16,10230,56,68,77,82,83
20150307 20:16,67,16,65,20,66,23,63,73,70,18,10229,56,68,76,82,83
20150307 20:17,66,19,65,20,66,30,63,73,70,18,10229,56,68,76,82,83
20150307 20:18,69,26,66,21,71,35,63,73,70,18,10229,56,68,76,82,83
20150307 20:19,70,26,66,21,68,32,63,72,69,16,10229,56,68,76,82,83
20150307 20:20,71,23,67,21,74,33,63,72,69,16,10229,56,68,76,82,83
20150307 20:21,71,25,67,22,69,33,63,72,69,16,10229,56,68,76,82,83
20150307 20:22,69,22,67,21,70,29,63,72,69,16,10229,56,68,76,82,83
20150307 20:23,68,21,68,22,65,29,63,73,70,18,10229,56,67,76,82,83
20150307 20:24,66,21,68,22,66,26,63,73,70,18,10229,56,67,76,82,83
20150307 20:25,67,19,68,22,68,28,63,73,70,18,10229,56,67,76,82,83
20150307 20:26,68,23,68,23,68,33,63,73,70,18,10229,56,67,76,82,83
20150307 20:27,65,24,68,23,63,31,63,73,70,18,10228,56,67,76,82,83
20150307 20:28,64,23,68,22,65,26,63,73,70,18,10228,56,67,76,82,83
20150307 20:29,67,24,68,23,70,33,63,73,70,18,10228,55,67,76,82,83
20150307 20:30,69,22,67,22,69,26,63,72,69,16,10229,55,67,76,82,82
20150307 20:31,71,20,68,22,74,35,63,73,70,18,10229,55,67,76,82,83
20150307 20:32,72,25,68,23,69,33,63,72,69,16,10229,56,67,76,81,83
20150307 20:33,65,23,67,22,61,23,63,72,69,16,10229,56,67,76,81,82
20150307 20:34,64,17,67,22,66,21,63,72,69,16,10229,55,67,76,81,82
20150307 20:35,64,18,67,22,62,25,63,73,70,18,10229,55,67,75,81,82
20150307 20:36,66,19,67,21,70,23,63,72,69,16,10229,55,67,75,81,82
20150307 20:37,71,18,68,21,72,31,63,73,70,18,10230,55,67,75,81,82
20150307 20:38,69,22,68,21,66,31,63,73,70,18,10230,55,67,75,81,82
20150307 20:39,63,25,67,21,60,32,63,72,69,16,10230,55,66,75,81,82
20150307 20:40,65,22,67,21,69,26,63,72,69,16,10229,55,66,75,81,82
20150307 20:41,66,18,66,20,63,21,63,73,70,18,10229,55,66,75,81,82
20150307 20:42,64,16,65,19,66,26,63,73,70,18,10229,55,66,75,81,82
20150307 20:43,64,15,66,19,62,18,62,73,69,17,10230,55,66,75,81,82
20150307 20:44,65,16,66,19,69,23,62,73,69,17,10230,55,66,75,81,82
20150307 20:45,64,16,66,19,60,23,62,73,69,17,10230,55,66,75,81,82
20150307 20:46,61,17,65,19,62,30,62,73,69,17,10230,55,66,75,81,82
20150307 20:47,63,18,64,19,64,22,62,73,69,17,10230,55,66,75,81,82
20150307 20:48,65,15,64,17,66,20,62,73,69,17,10230,55,66,75,81,82
20150307 20:49,67,15,65,17,67,20,62,74,70,19,10230,55,66,75,81,82
20150307 20:50,67,17,65,16,67,24,62,74,70,19,10230,55,66,75,81,82
20150307 20:51,64,18,64,17,61,34,62,73,69,17,10230,55,66,75,81,82
20150307 20:52,62,17,64,16,63,18,62,73,69,17,10230,55,66,75,81,82
20150307 20:53,67,15,65,17,70,23,62,74,70,19,10230,55,66,75,81,82
20150307 20:54,70,16,65,16,70,24,62,73,69,17,10231,55,66,75,81,82
20150307 20:55,74,17,67,17,78,23,62,73,69,17,10231,55,66,74,81,82
20150307 20:56,73,16,67,16,67,19,62,73,69,17,10231,55,66,74,81,82
20150307 20:57,72,15,68,16,76,19,62,73,69,17,10231,55,66,74,81,82
20150307 20:58,73,17,69,16,70,25,62,74,70,19,10231,55,66,74,81,82
20150307 20:59,68,17,69,16,66,18,62,73,69,17,10231,55,66,74,81,82
20150307 21:00,69,12,69,16,72,14,62,73,69,17,10232,55,65,74,81,82
20150307 21:01,68,10,70,15,64,14,62,74,70,19,10232,55,65,74,80,82
20150307 21:02,69,11,71,14,74,14,62,74,70,19,10232,55,65,74,80,82
20150307 21:03,73,11,71,14,72,14,62,74,70,19,10233,54,65,74,80,82
20150307 21:04,73,12,71,14,74,16,62,74,70,19,10233,54,65,74,80,82
20150307 21:05,69,12,70,13,65,16,62,74,70,19,10232,54,65,74,80,82
20150307 21:06,66,14,70,13,68,21,62,74,70,19,10232,54,65,74,80,82
20150307 21:07,68,15,69,13,69,19,62,74,70,19,10232,55,65,74,80,82
20150307 21:08,68,15,69,13,68,20,62,74,70,19,10232,55,65,74,80,82
20150307 21:09,70,16,70,13,72,22,62,74,70,19,10232,54,65,74,80,82
20150307 21:10,72,16,70,14,71,19,62,74,70,19,10232,54,65,74,80,82
20150307 21:11,67,13,70,14,63,17,62,74,70,19,10233,54,65,74,80,82
20150307 21:12,64,11,69,14,65,14,61,74,70,18,10233,54,65,74,80,82
20150307 21:13,63,12,68,14,61,18,61,74,70,18,10233,54,65,74,80,82
20150307 21:14,62,12,66,13,62,19,61,74,70,18,10233,55,65,74,80,82
20150307 21:15,64,11,67,13,66,15,61,74,70,18,10233,54,65,74,80,82
20150307 21:16,64,12,66,13,62,17,61,74,70,18,10233,54,65,74,80,82
20150307 21:17,62,12,65,13,62,17,61,74,70,18,10233,54,65,74,80,82
20150307 21:18,60,11,64,12,57,14,61,74,70,18,10233,54,65,73,80,82
20150307 21:19,59,11,63,12,61,16,61,74,70,18,10233,54,65,73,80,82
20150307 21:20,61,13,62,12,62,16,61,74,70,18,10233,54,65,73,80,82
20150307 21:21,62,14,62,12,61,17,61,74,70,18,10233,55,65,73,80,82
20150307 21:22,59,13,61,12,58,17,61,74,70,18,10233,55,65,73,80,82
20150307 21:23,57,14,61,12,55,19,61,74,70,18,10233,55,65,73,80,82
20150307 21:24,54,14,60,13,53,19,61,74,70,18,10233,54,65,73,80,82
20150307 21:25,56,11,59,12,59,12,61,74,70,18,10233,54,65,73,80,82
20150307 21:26,56,10,58,12,53,13,61,74,70,18,10233,54,65,73,80,82
20150307 21:27,53,9,57,12,53,12,61,74,70,18,10233,54,65,73,80,82
20150307 21:28,50,8,56,11,46,12,61,74,70,18,10234,54,65,73,80,82
20150307 21:29,50,7,55,11,53,13,61,75,71,20,10233,54,65,73,80,82
20150307 21:30,54,7,55,10,54,14,61,75,71,20,10233,55,65,73,80,82
20150307 21:31,60,9,55,10,67,15,61,75,71,20,10233,55,65,73,80,82
20150307 21:32,65,10,56,10,63,12,61,75,71,20,10233,55,64,73,80,82
20150307 21:33,61,10,56,9,60,14,61,75,71,20,10233,55,64,73,80,82
20150307 21:34,60,11,57,9,60,16,61,75,71,20,10233,55,64,73,79,82
20150307 21:35,56,11,56,9,51,14,61,75,71,20,10233,55,64,73,79,82
20150307 21:36,58,10,57,9,64,12,61,75,71,20,10233,54,64,73,79,82
20150307 21:37,66,10,59,9,69,14,61,75,71,20,10233,54,64,73,79,82
20150307 21:38,69,9,61,9,69,10,61,76,72,22,10233,54,64,73,79,82
20150307 21:39,67,9,62,10,65,15,61,76,72,22,10233,54,64,73,79,82
20150307 21:40,64,10,63,10,63,14,61,76,72,22,10234,54,64,73,79,82
20150307 21:41,60,10,62,10,58,14,61,76,72,22,10234,54,64,72,79,82
20150307 21:42,60,10,62,10,61,14,61,75,71,20,10234,54,64,72,79,82
20150307 21:43,61,11,62,10,61,13,61,75,71,20,10234,54,64,72,79,82
20150307 21:44,64,12,63,10,67,16,61,75,71,20,10233,54,64,72,79,81
20150307 21:45,66,13,64,11,66,15,61,75,71,20,10233,54,64,72,79,81
20150307 21:46,66,13,65,11,66,16,61,75,71,20,10233,54,64,72,79,81
20150307 21:47,67,13,64,11,68,16,61,76,72,22,10233,54,64,72,79,81
20150307 21:48,68,11,64,11,68,13,61,76,72,22,10233,54,64,72,79,81
20150307 21:49,68,11,65,12,68,15,61,76,72,22,10233,54,64,72,79,81
20150307 21:50,68,12,65,12,68,15,60,76,71,21,10233,54,64,72,79,81
20150307 21:51,63,12,65,12,58,16,60,76,71,21,10233,54,64,72,79,81
20150307 21:52,60,12,65,12,63,15,60,77,72,23,10233,54,64,72,79,81
20150307 21:53,61,13,65,12,60,15,60,77,72,23,10233,54,64,72,79,81
20150307 21:54,59,13,64,12,58,16,60,76,71,21,10233,54,64,72,79,81
20150307 21:55,59,13,64,12,59,15,60,76,71,21,10233,54,64,72,79,81
20150307 21:56,62,12,63,12,64,15,60,77,72,23,10234,54,64,72,79,81
20150307 21:57,64,11,63,12,64,14,60,77,72,23,10234,54,64,72,79,81
20150307 21:58,62,10,62,12,60,13,60,77,72,23,10233,54,64,72,79,81
20150307 21:59,59,11,61,12,59,16,60,77,72,23,10233,54,64,72,79,81
20150307 22:00,58,12,60,12,57,16,60,77,72,23,10233,54,64,72,79,81
20150307 22:01,58,12,60,12,60,15,60,77,72,23,10232,54,64,72,79,81
20150307 22:02,59,12,60,12,59,18,60,77,72,23,10232,54,64,72,79,81
20150307 22:03,57,13,60,12,56,16,60,77,72,23,10232,54,64,72,79,81
20150307 22:04,55,13,59,12,54,16,60,77,72,23,10232,54,64,72,79,81
20150307 22:05,52,12,58,12,50,16,60,77,72,23,10232,54,64,72,79,81
20150307 22:06,52,12,57,12,55,21,60,77,72,23,10232,54,64,72,79,81
20150307 22:07,58,13,57,12,60,17,60,77,72,23,10232,54,64,72,79,81
20150307 22:08,60,13,57,13,60,18,60,77,72,23,10232,54,64,72,78,81
20150307 22:09,63,14,58,13,65,19,60,77,72,23,10232,54,64,72,78,81
20150307 22:10,63,14,58,13,61,16,60,77,72,23,10232,54,64,72,78,81
20150307 22:11,62,14,58,13,63,19,60,77,72,23,10233,54,64,72,78,81
20150307 22:12,61,13,58,13,59,15,60,77,72,23,10233,54,64,71,78,81
20150307 22:13,58,12,59,13,58,16,60,77,72,23,10233,54,64,71,78,81
20150307 22:14,58,12,59,13,59,14,60,77,72,23,10233,54,64,71,78,81
20150307 22:15,60,12,60,13,61,15,60,77,72,23,10233,54,64,71,78,81
20150307 22:16,62,11,61,13,62,11,60,77,72,23,10233,54,63,71,78,81
20150307 22:17,61,8,61,12,59,10,60,77,72,23,10233,54,63,71,78,81
20150307 22:18,61,8,61,12,62,11,60,77,72,23,10233,54,63,71,78,81
20150307 22:19,65,8,61,11,67,12,60,77,72,23,10233,54,63,71,78,81
20150307 22:20,64,9,61,10,60,13,60,77,72,23,10234,54,63,71,78,81
20150307 22:21,63,9,61,10,65,10,60,77,72,23,10234,54,63,71,78,81
20150307 22:22,64,9,62,10,63,12,60,77,72,23,10233,54,63,71,78,81
20150307 22:23,64,10,62,10,64,14,60,77,72,23,10233,54,63,71,78,81
20150307 22:24,57,12,61,10,50,17,60,77,72,23,10233,54,63,71,78,81
20150307 22:25,49,12,60,10,48,17,60,77,72,23,10233,54,63,71,78,81
20150307 22:26,52,10,59,10,55,10,60,77,72,23,10233,54,63,71,78,81
20150307 22:27,54,10,59,10,52,18,59,77,71,22,10233,54,63,71,78,81
20150307 22:28,54,12,58,10,56,17,59,77,71,22,10233,54,63,71,78,81
20150307 22:29,55,11,57,11,54,15,60,77,72,23,10233,54,63,71,78,81
20150307 22:30,57,11,57,11,60,15,60,77,72,23,10233,54,63,71,78,81
20150307 22:31,61,10,56,11,62,13,60,77,72,23,10233,54,63,71,78,81
20150307 22:32,58,11,55,11,53,20,60,76,71,21,10233,54,63,71,78,81
20150307 22:33,56,12,55,11,59,19,60,76,71,21,10233,54,63,71,78,81
20150307 22:34,55,11,55,11,51,16,60,76,71,21,10234,54,63,71,78,81
20150307 22:35,53,10,56,11,55,10,60,76,71,21,10234,54,63,71,78,81
20150307 22:36,52,9,55,11,48,16,60,76,71,21,10234,54,63,71,78,81
20150307 22:37,51,9,55,10,53,11,60,76,71,21,10233,54,63,71,78,81
20150307 22:38,57,7,56,10,62,9,60,76,71,21,10233,54,63,71,78,81
20150307 22:39,58,9,56,10,54,19,60,77,72,23,10233,54,63,71,78,81
20150307 22:40,56,11,55,10,58,15,60,76,71,21,10233,53,63,71,78,81
20150307 22:41,57,10,55,10,56,15,60,77,72,23,10233,53,63,71,78,81
20150307 22:42,56,11,55,10,55,15,60,76,71,21,10233,53,63,71,78,81
20150307 22:43,54,10,54,10,53,13,59,76,71,20,10233,53,63,71,78,81
20150307 22:44,58,9,56,9,63,11,60,77,72,23,10233,53,63,71,78,81
20150307 22:45,61,7,56,9,58,8,59,77,71,22,10233,53,63,71,78,81
20150307 22:46,54,8,56,9,50,14,59,77,71,22,10233,53,63,71,78,81
20150307 22:47,54,9,57,9,58,13,59,77,71,22,10233,53,63,71,78,81
20150307 22:48,56,9,56,9,53,14,59,77,71,22,10233,53,63,70,77,80
20150307 22:49,52,9,55,9,51,13,59,77,71,22,10233,53,63,70,77,80
20150307 22:50,54,8,55,9,58,13,59,77,71,22,10233,53,63,70,77,80
20150307 22:51,57,9,55,9,55,14,59,77,71,22,10233,53,63,70,77,80
20150307 22:52,58,10,56,9,60,16,59,77,71,22,10233,53,63,70,77,80
20150307 22:53,57,10,56,9,54,14,59,77,71,22,10233,53,63,70,77,80
20150307 22:54,56,8,55,9,57,10,59,77,71,22,10233,53,63,70,77,80
20150307 22:55,57,8,55,9,58,14,59,77,71,22,10233,53,63,70,77,80
20150307 22:56,60,11,57,9,61,16,59,77,71,22,10233,53,63,70,77,80
20150307 22:57,56,13,56,10,51,18,59,77,71,22,10233,53,62,70,77,80
20150307 22:58,50,13,56,10,50,17,59,77,71,22,10233,53,62,70,77,80
20150307 22:59,49,10,55,10,48,14,59,77,71,22,10233,53,62,70,77,80
20150307 23:00,51,6,55,10,53,9,59,77,71,22,10233,53,62,70,77,80
20150307 23:01,50,4,54,9,48,10,59,77,71,22,10233,53,62,70,77,80
20150307 23:02,46,3,52,8,45,3,59,77,71,22,10233,53,62,70,77,80
20150307 23:03,45,3,51,8,44,11,59,77,71,22,10233,53,62,70,77,80
20150307 23:04,46,5,51,8,48,7,59,77,71,22,10233,53,62,70,77,80
20150307 23:05,47,6,49,7,47,7,59,77,71,22,10233,53,62,70,77,80
20150307 23:06,46,6,48,7,46,9,59,77,71,22,10233,53,62,70,77,80
20150307 23:07,50,5,48,6,55,11,59,77,71,22,10233,53,62,70,77,80
20150307 23:08,54,6,49,5,54,11,59,77,71,22,10233,53,62,70,77,80
20150307 23:09,51,7,49,5,48,9,59,77,71,22,10234,53,62,70,77,80
20150307 23:10,54,6,49,5,59,7,59,77,71,22,10234,53,62,70,77,80
20150307 23:11,51,6,49,5,43,9,59,77,71,22,10234,53,62,70,77,80
20150307 23:12,50,8,50,6,57,12,59,77,71,22,10234,53,62,70,77,80
20150307 23:13,58,8,52,6,58,13,59,77,71,22,10234,53,62,70,77,80
20150307 23:14,57,7,52,7,56,9,59,77,71,22,10234,53,62,70,77,80
20150307 23:15,55,6,53,6,53,8,59,77,71,22,10234,53,62,70,77,80
20150307 23:16,51,6,53,6,48,11,59,77,71,22,10234,53,62,70,77,80
20150307 23:17,48,5,52,6,48,8,59,77,71,22,10234,53,62,70,77,80
20150307 23:18,44,6,51,6,41,9,59,77,71,22,10235,53,62,70,77,80
20150307 23:19,47,5,52,6,53,7,59,77,71,22,10235,53,62,70,77,80
20150307 23:20,44,4,49,6,35,8,59,77,71,22,10235,53,62,70,77,80
20150307 23:21,34,6,48,6,33,7,59,77,71,22,10235,53,62,70,77,80
20150307 23:22,29,5,45,6,26,7,59,77,71,22,10236,53,62,70,77,80
20150307 23:23,14,4,40,5,1,4,59,77,71,22,10236,53,62,70,77,80
20150307 23:24,4,2,35,5,7,5,59,77,71,22,10236,53,62,70,77,80
20150307 23:25,8,2,30,4,10,4,59,78,72,24,10236,53,62,70,77,80
20150307 23:26,9,2,26,4,9,4,59,78,72,24,10236,53,62,70,77,80
20150307 23:27,14,5,23,4,20,10,59,78,72,24,10236,53,62,70,77,80
20150307 23:28,20,7,21,4,21,9,59,78,72,24,10236,53,62,69,77,80
20150307 23:29,18,7,18,5,16,11,59,77,71,22,10237,53,62,70,77,80
20150307 23:30,18,8,16,5,21,11,59,77,71,22,10237,53,62,69,77,80
20150307 23:31,22,9,15,5,22,12,59,77,71,22,10237,53,62,69,76,80
20150307 23:32,27,8,16,6,32,11,59,77,71,22,10237,53,62,69,76,80
20150307 23:33,35,7,20,6,39,9,59,77,71,22,10237,53,62,69,76,80
20150307 23:34,34,6,22,6,28,9,59,77,71,22,10237,53,62,69,76,80
20150307 23:35,33,5,25,7,39,8,59,77,71,22,10237,53,62,69,76,80
20150307 23:36,29,2,26,6,20,0,59,77,71,22,10237,53,62,69,76,80
20150307 23:37,18,4,25,6,15,12,59,77,71,22,10238,53,62,69,76,80
20150307 23:38,22,8,26,7,28,11,59,77,71,22,10238,53,62,69,76,80
20150307 23:39,25,7,27,6,23,8,59,77,71,22,10238,53,62,69,76,80
20150307 23:40,18,7,26,6,13,9,59,76,71,20,10238,53,62,69,76,80
20150307 23:41,12,7,25,6,10,8,59,76,71,20,10238,53,62,69,76,80
20150307 23:42,19,7,24,6,28,8,59,76,71,20,10238,53,62,69,76,80
20150307 23:43,28,8,23,6,27,12,59,76,71,20,10238,53,62,69,76,80
20150307 23:44,22,7,22,6,17,7,59,76,71,20,10238,53,62,69,76,80
20150307 23:45,18,5,20,6,19,8,59,76,71,20,10238,53,62,69,76,80
20150307 23:46,16,5,19,7,13,5,59,76,71,20,10238,53,62,69,76,80
20150307 23:47,13,4,19,6,13,5,59,76,71,20,10239,53,62,69,76,80
20150307 23:48,11,5,17,6,9,8,59,76,71,20,10239,53,62,69,76,80
20150307 23:49,13,6,17,6,17,7,59,76,71,20,10238,53,62,69,76,80
20150307 23:50,22,7,18,6,27,11,59,76,71,20,10238,53,62,69,76,80
20150307 23:51,31,8,20,6,35,11,59,76,71,20,10238,53,62,69,76,80
20150307 23:52,31,8,20,7,27,10,59,76,71,20,10238,53,62,69,76,80
20150307 23:53,16,7,18,6,5,8,59,76,71,20,10238,53,62,69,76,80
20150307 23:54,13,5,18,6,20,6,59,76,71,20,10238,53,62,69,76,80
20150307 23:55,16,5,18,6,12,10,59,76,71,20,10238,53,62,69,76,80
20150307 23:56,14,8,18,7,16,12,59,76,71,20,10238,53,62,69,76,79
20150307 23:57,14,10,18,7,12,11,59,76,71,20,10238,53,62,69,76,79
20150307 23:58,8,9,17,8,4,14,59,76,71,20,10238,53,62,69,76,79
20150307 23:59,11,10,18,8,18,12,59,76,71,20,10238,53,62,69,76,79
20150307 00:00,20,9,17,8,22,10,59,75,70,18,10238,53,62,69,76,80
20150307 00:01,26,9,17,8,29,13,59,75,70,18,10238,53,62,69,76,79
20150307 00:02,27,12,16,9,25,15,59,75,70,18,10238,53,62,69,76,79
20150307 00:03,20,12,17,9,16,16,59,76,71,20,10238,53,62,69,76,79
20150307 00:04,14,10,16,10,11,13,59,76,71,20,10238,53,62,69,76,79
20150307 00:05,13,9,17,10,15,15,59,76,71,20,10238,53,62,69,76,79
20150307 00:06,15,8,17,10,14,9,59,75,70,18,10238,53,62,69,76,79
20150307 00:07,14,7,17,10,14,12,59,76,71,20,10238,53,62,69,76,79
20150307 00:08,21,7,19,9,28,8,59,76,71,20,10238,53,62,69,76,79
20150307 00:09,27,8,20,9,25,18,59,76,71,20,10238,53,62,69,76,79
20150307 00:10,28,11,21,10,32,18,59,76,71,20,10237,53,62,69,76,79
20150307 00:11,29,11,21,10,26,14,59,76,71,20,10237,53,62,69,76,79
20150307 00:12,28,12,21,10,29,15,59,76,71,20,10237,53,62,69,76,79
20150307 00:13,31,12,23,10,32,15,59,76,71,20,10237,53,62,69,76,79
20150307 00:14,25,10,23,10,19,13,59,76,71,20,10237,53,62,69,76,79
20150307 00:15,23,11,25,10,26,17,59,76,71,20,10237,53,62,69,76,79
20150307 00:16,27,11,26,10,28,11,59,75,70,18,10237,53,61,69,76,79
20150307 00:17,24,8,27,10,20,11,59,75,70,18,10237,53,61,69,76,79
20150307 00:18,20,8,26,11,20,12,59,75,70,18,10237,53,61,68,76,79
20150307 00:19,14,10,24,11,8,13,59,75,70,18,10237,53,61,69,76,79
20150307 00:20,21,9,24,10,33,10,59,75,70,18,10237,53,61,68,76,79
20150307 00:21,37,8,26,10,41,11,59,75,70,18,10237,53,61,68,76,79
20150307 00:22,33,7,25,9,25,11,59,75,70,18,10237,53,61,68,76,79
20150307 00:23,24,5,24,8,23,5,59,75,70,18,10237,53,61,68,76,79
20150307 00:24,28,4,26,8,33,6,59,75,70,18,10237,53,61,68,75,79
20150307 00:25,44,4,29,7,57,5,59,75,70,18,10237,53,61,68,75,79
20150307 00:26,46,2,30,6,36,1,59,75,70,18,10237,53,61,68,75,79
20150307 00:27,34,2,31,6,32,7,59,75,70,18,10238,53,61,68,75,79
20150307 00:28,29,3,31,5,27,3,59,75,70,18,10238,53,61,68,75,79
20150307 00:29,21,1,32,4,14,2,59,76,71,20,10238,53,61,68,75,79
20150307 00:30,27,1,32,4,37,5,59,76,71,20,10238,53,61,68,75,79
20150307 00:31,37,4,32,3,36,6,59,76,71,20,10238,53,61,68,75,79
20150307 00:32,33,5,32,3,29,7,59,76,71,20,10238,53,61,68,75,79
20150307 00:33,31,5,33,3,32,6,59,75,70,18,10238,53,61,68,75,79
20150307 00:34,22,3,31,3,13,3,59,75,70,18,10238,53,61,68,75,79
20150307 00:35,4,2,25,3,354,4,58,75,69,17,10238,53,61,68,75,79
20150307 00:36,13,1,25,3,31,5,59,75,70,18,10238,53,61,68,75,79
20150307 00:37,27,1,24,2,23,0,59,75,70,18,10238,53,61,68,75,79
20150307 00:38,17,0,22,2,12,0,58,75,69,17,10238,53,61,68,75,79
20150307 00:39,9,0,21,2,5,0,58,76,70,19,10238,53,61,68,75,79
20150307 00:40,356,0,16,2,348,0,58,76,70,19,10238,53,61,68,75,79
20150307 00:41,5,3,15,2,22,11,58,76,70,19,10238,53,61,68,75,79
20150307 00:42,17,5,13,2,12,9,58,76,70,19,10238,53,61,68,75,79
20150307 00:43,18,6,12,2,24,8,58,75,69,17,10239,53,61,68,75,79
20150307 00:44,25,5,14,2,26,5,58,75,69,17,10239,53,61,68,75,79
20150307 00:45,20,1,16,2,14,0,58,75,69,17,10239,53,61,68,75,79
20150307 00:46,18,1,15,2,22,6,58,75,69,17,10239,53,61,68,75,79
20150307 00:47,23,3,15,3,24,6,58,75,69,17,10239,53,61,68,75,79
20150307 00:48,22,4,16,3,19,6,58,75,69,17,10239,53,61,68,75,79
20150307 00:49,23,4,18,3,27,5,58,75,69,17,10239,53,61,68,75,79
20150307 00:50,23,3,21,4,20,4,58,75,69,17,10239,53,61,68,75,79
20150307 00:51,25,2,22,3,31,4,58,75,69,17,10239,53,61,68,75,79
20150307 00:52,29,1,23,3,27,0,58,75,69,17,10238,53,61,68,75,79
20150307 00:53,19,0,22,2,11,1,58,75,69,17,10238,53,61,68,75,79
20150307 00:54,18,0,22,2,25,0,58,75,69,17,10238,53,61,68,75,79
20150307 00:55,28,0,24,2,31,0,58,75,69,17,10238,53,61,68,75,79
20150307 00:56,32,0,25,2,32,0,58,75,69,17,10238,53,61,68,75,79
20150307 00:57,37,0,26,1,41,0,58,75,69,17,10238,53,61,68,75,79
20150307 00:58,28,0,26,1,16,0,58,75,69,17,10238,53,61,68,75,79
20150307 00:59,19,0,26,0,23,0,58,76,70,19,10238,53,61,68,75,79
20150307 01:00,25,0,26,0,27,0,58,76,70,19,10239,53,61,68,75,79
20150307 01:01,25,0,26,0,23,0,58,76,70,19,10239,53,61,68,75,79
20150307 01:02,16,0,24,0,10,0,58,76,70,19,10238,53,61,68,75,79
20150307 01:03,9,0,24,0,8,0,58,76,70,19,10239,53,61,68,75,79
20150307 01:04,9,0,22,0,10,0,58,76,70,19,10239,53,61,68,75,79
20150307 01:05,12,0,20,0,14,0,58,77,71,21,10239,53,61,68,75,79
20150307 01:06,10,0,18,0,6,0,58,77,71,21,10239,53,61,68,75,79
20150307 01:07,13,0,16,0,20,0,58,77,71,21,10239,53,61,68,75,79
20150307 01:08,29,0,18,0,38,0,58,77,71,21,10238,53,61,68,75,79
20150307 01:09,41,0,20,0,43,0,58,78,72,23,10238,53,61,68,75,79
20150307 01:10,37,0,20,0,31,0,57,79,72,23,10238,53,61,68,75,79
20150307 01:11,44,0,23,0,56,0,57,80,73,25,10238,53,61,68,75,79
20150307 01:12,59,0,29,0,62,0,57,80,73,25,10238,53,61,68,75,79
20150307 01:13,65,0,35,0,68,0,57,79,72,23,10237,53,61,68,75,79
20150307 01:14,67,0,41,0,67,0,57,79,72,23,10237,53,61,68,75,79
20150307 01:15,72,0,47,0,78,0,57,79,72,23,10237,53,61,68,75,78
20150307 01:16,80,0,55,0,82,0,57,80,73,25,10236,53,61,68,75,78
20150307 01:17,78,0,60,0,73,0,57,80,73,25,10236,53,61,68,75,78
20150307 01:18,69,0,63,0,66,0,57,80,73,25,10236,53,61,68,75,78
20150307 01:19,68,0,65,0,70,0,57,80,73,25,10237,53,61,68,75,78
20150307 01:20,71,0,69,0,72,0,57,80,73,25,10237,53,61,68,75,78
20150307 01:21,73,0,71,0,73,0,57,80,73,25,10236,53,61,68,75,78
20150307 01:22,71,0,72,0,68,0,57,80,73,25,10236,53,61,68,75,78
20150307 01:23,69,0,72,0,71,0,57,80,73,25,10236,53,61,67,75,78
20150307 01:24,74,0,73,0,76,0,57,80,73,25,10236,53,61,67,74,78
20150307 01:25,79,0,73,0,82,0,57,80,73,25,10237,53,61,68,74,78
20150307 01:26,77,0,72,0,72,0,57,81,74,27,10237,53,61,67,74,78
20150307 01:27,71,0,72,0,69,0,57,81,74,27,10237,53,61,67,74,78
20150307 01:28,74,0,73,0,80,0,57,81,74,27,10237,53,61,67,74,78
20150307 01:29,69,0,72,0,59,0,57,81,74,27,10237,53,61,67,74,78
20150307 01:30,59,0,71,0,59,0,57,81,74,27,10237,53,61,67,74,78
20150307 01:31,56,0,69,0,54,0,57,81,74,27,10237,53,61,67,74,78
20150307 01:32,48,0,67,0,43,0,56,81,74,26,10237,53,61,67,74,78
20150307 01:33,32,0,62,0,21,0,56,81,74,26,10237,53,61,67,74,78
20150307 01:34,13,0,55,0,6,0,56,80,73,24,10237,53,61,67,74,78
20150307 01:35,6,0,47,0,6,0,56,80,73,24,10237,53,61,67,74,78
20150307 01:36,6,0,40,0,6,0,56,80,73,24,10237,53,61,67,74,78
20150307 01:37,6,0,34,0,6,0,56,80,73,24,10237,53,61,67,74,78
20150307 01:38,36,0,35,0,110,0,56,80,73,24,10237,53,61,67,74,78
20150307 01:39,116,0,40,0,120,0,56,79,72,23,10237,53,61,67,74,78
20150307 01:40,122,0,45,0,125,0,56,79,72,23,10237,53,61,67,74,78
20150307 01:41,120,0,53,0,115,0,56,79,72,23,10237,53,61,67,74,78
20150307 01:42,97,0,58,0,79,0,56,79,72,23,10237,53,61,67,74,78
20150307 01:43,72,0,65,0,66,0,56,79,72,23,10237,53,61,67,74,78
20150307 01:44,83,0,77,0,99,0,56,79,72,23,10237,53,61,67,74,78
20150307 01:45,86,0,83,0,73,0,56,79,72,23,10237,53,61,67,74,78
20150307 01:46,77,0,90,0,81,0,56,79,72,23,10236,53,61,67,74,78
20150307 01:47,80,0,95,0,78,0,56,80,73,24,10236,53,61,67,74,78
20150307 01:48,76,0,91,0,73,0,56,81,74,26,10236,53,61,67,74,78
20150307 01:49,63,0,84,0,52,0,56,81,74,26,10236,53,61,67,74,78
20150307 01:50,50,0,76,0,48,0,56,82,75,28,10236,53,61,67,74,78
20150307 01:51,52,0,70,0,56,0,56,81,74,26,10236,53,61,67,74,78
20150307 01:52,52,0,67,0,48,0,56,82,75,28,10236,53,61,67,74,78
20150307 01:53,46,0,65,0,45,0,56,82,75,28,10236,53,61,67,74,78
20150307 01:54,43,1,59,0,40,6,56,82,75,28,10236,53,61,67,74,78
20150307 01:55,39,4,56,1,39,7,56,82,75,28,10235,53,61,67,74,78
20150307 01:56,37,6,51,1,36,7,56,82,75,28,10235,53,61,67,74,78
20150307 01:57,35,6,47,2,33,8,56,82,75,28,10235,53,61,67,74,78
20150307 01:58,33,7,43,3,33,9,56,82,75,28,10235,53,61,67,74,78
20150307 01:59,34,7,41,4,34,8,56,82,75,28,10235,53,61,67,74,78
20150307 02:00,33,6,40,4,33,8,56,82,75,28,10235,53,61,67,74,78
20150307 02:01,35,7,38,5,38,8,56,82,75,28,10235,53,61,67,74,78
20150307 02:02,35,7,36,6,33,7,56,82,75,28,10235,53,61,67,74,78
20150307 02:03,36,6,36,6,38,7,56,82,75,28,10235,54,61,67,74,78
20150307 02:04,36,7,35,7,34,9,56,82,75,28,10235,54,61,67,74,78
20150307 02:05,35,8,35,7,35,10,56,81,74,26,10235,54,61,67,74,78
20150307 02:06,37,7,35,7,39,10,56,80,73,24,10235,54,61,67,74,78
20150307 02:07,35,7,35,7,30,9,56,80,73,24,10235,54,61,67,74,78
20150307 02:08,27,7,34,7,25,8,56,81,74,26,10235,54,61,67,74,78
20150307 02:09,25,7,33,7,26,9,56,80,73,24,10236,54,61,67,74,78
20150307 02:10,27,8,33,7,29,11,56,80,73,24,10236,54,61,67,74,78
20150307 02:11,27,7,31,7,25,11,56,80,73,24,10236,54,61,67,74,78
20150307 02:12,24,7,30,7,23,9,56,80,73,24,10236,54,61,67,74,78
20150307 02:13,20,7,28,8,17,10,56,79,72,23,10235,54,61,67,74,78
20150307 02:14,17,8,27,8,17,12,56,78,71,21,10235,54,61,67,74,78
20150307 02:15,20,7,25,8,23,8,56,77,70,19,10235,54,61,67,74,78
20150307 02:16,25,8,24,8,27,13,56,77,70,19,10235,54,61,67,74,78
20150307 02:17,30,10,24,8,32,13,56,77,70,19,10235,54,61,67,74,78
20150307 02:18,29,9,24,8,25,11,56,77,70,19,10235,54,61,67,74,78
20150307 02:19,30,8,25,8,34,11,56,77,70,19,10235,54,61,67,74,78
20150307 02:20,40,7,27,8,46,7,56,77,70,19,10235,53,61,67,74,78
20150307 02:21,43,7,28,8,40,10,56,77,70,19,10235,53,61,67,74,78
20150307 02:22,37,6,30,8,35,6,56,77,70,19,10235,53,61,67,74,78
20150307 02:23,38,4,32,7,41,5,56,77,70,19,10235,53,61,67,74,78
20150307 02:24,41,5,34,7,41,11,56,77,70,19,10234,53,61,67,74,78
20150307 02:25,37,7,36,7,34,12,56,78,71,21,10234,53,61,67,74,78
20150307 02:26,36,8,37,7,39,13,56,77,70,19,10234,53,61,67,74,78
20150307 02:27,37,7,37,7,35,9,56,77,70,19,10234,53,61,67,74,78
20150307 02:28,39,5,39,6,44,6,56,77,70,19,10234,53,61,67,74,78
20150307 02:29,48,5,41,6,51,14,56,77,70,19,10234,53,61,67,74,78
20150307 02:30,44,9,40,7,38,14,56,77,70,19,10233,53,61,67,74,78
20150307 02:31,45,9,41,7,53,10,57,77,70,20,10233,53,61,67,74,78
20150307 02:32,51,7,43,7,50,8,57,77,70,20,10233,53,61,67,74,78
20150307 02:33,56,7,45,7,63,13,57,77,70,20,10233,53,61,67,74,78
20150307 02:34,61,9,47,8,59,14,57,77,70,20,10232,53,61,67,74,78
20150307 02:35,59,10,49,8,59,15,57,76,70,18,10232,53,61,67,74,78
20150307 02:36,54,10,50,8,49,11,57,76,70,18,10232,53,61,67,74,78
20150307 02:37,52,9,52,8,55,12,57,76,70,18,10232,53,61,67,74,78
20150307 02:38,53,9,53,9,51,11,57,76,70,18,10232,53,61,67,74,78
20150307 02:39,48,8,52,9,45,16,57,76,70,18,10232,53,61,67,74,78
20150307 02:40,46,10,53,9,48,16,57,76,70,18,10232,53,61,67,74,78
20150307 02:41,45,12,52,9,43,18,57,76,70,18,10232,53,61,67,73,78
20150307 02:42,42,12,51,10,41,17,57,76,70,18,10232,53,61,67,74,78
20150307 02:43,44,10,50,10,47,18,57,76,70,18,10232,53,61,67,73,78
20150307 02:44,42,11,47,10,36,19,57,76,70,18,10232,53,61,67,73,78
20150307 02:45,36,11,45,10,36,14,57,75,69,16,10231,53,61,67,73,77
20150307 02:46,39,10,44,10,41,15,57,76,70,18,10231,53,61,67,73,77
20150307 02:47,38,11,42,11,34,17,57,76,70,18,10231,52,61,67,73,77
20150307 02:48,34,11,40,11,34,19,57,76,70,18,10231,52,61,67,73,77
20150307 02:49,32,12,39,12,30,18,57,76,70,18,10231,52,61,67,73,77
20150307 02:50,31,13,37,11,32,15,57,75,69,16,10231,52,60,67,73,77
20150307 02:51,33,13,36,12,34,18,57,76,70,18,10230,52,60,67,73,77
20150307 02:52,31,12,35,12,27,15,57,76,70,18,10230,52,61,67,73,77
20150307 02:53,36,13,35,12,44,20,57,76,70,18,10230,52,60,67,73,77
20150307 02:54,36,17,34,13,28,22,57,75,69,16,10230,52,60,67,73,77
20150307 02:55,36,15,35,13,45,17,57,75,69,16,10230,52,60,67,73,77
20150307 02:56,47,10,36,13,48,12,57,75,69,16,10229,52,60,67,73,77
20150307 02:57,48,8,37,12,48,19,57,75,69,16,10229,52,60,67,73,77
20150307 02:58,43,12,37,13,38,20,57,75,69,16,10229,52,60,67,73,77
20150307 02:59,40,12,39,12,42,14,57,74,68,14,10228,52,60,67,73,77
20150307 03:00,44,9,40,12,45,11,57,74,68,14,10228,52,60,67,73,77
20150307 03:01,45,11,41,12,44,16,57,74,68,14,10227,52,60,67,73,77
20150307 03:02,49,12,44,12,55,16,57,74,68,14,10227,52,60,67,73,77
20150307 03:03,57,9,45,11,59,14,57,75,69,16,10227,52,60,67,73,77
20150307 03:04,57,8,48,10,56,16,57,74,68,14,10227,52,60,67,73,77
20150307 03:05,50,12,48,11,45,19,57,75,69,16,10227,52,60,67,73,77
20150307 03:06,45,13,48,11,45,11,57,74,68,14,10227,52,60,67,73,77
20150307 03:07,46,11,48,11,47,21,57,74,68,14,10227,52,60,66,73,77
20150307 03:08,46,14,48,11,45,22,57,75,69,16,10227,52,60,66,73,77
20150307 03:09,45,15,48,12,44,20,57,74,68,14,10227,52,60,66,73,77
20150307 03:10,44,13,48,12,43,17,58,74,68,15,10227,52,60,67,73,77
20150307 03:11,45,15,49,13,47,20,58,74,68,15,10227,52,60,66,73,77
20150307 03:12,48,12,48,12,50,12,58,74,68,15,10227,52,60,66,73,77
20150307 03:13,46,11,46,13,42,18,58,75,69,17,10227,51,60,66,73,77
20150307 03:14,42,12,45,13,42,14,58,75,69,17,10227,51,60,66,73,77
20150307 03:15,39,12,44,13,36,21,57,75,69,16,10227,51,60,66,73,77
20150307 03:16,37,16,43,14,38,21,57,75,69,16,10227,51,60,66,73,77
20150307 03:17,40,17,43,14,41,21,57,74,68,14,10227,51,60,66,73,77
20150307 03:18,39,16,42,14,37,18,57,75,69,16,10227,51,60,66,73,77
20150307 03:19,37,13,41,14,37,14,57,75,69,16,10227,51,60,66,73,77
20150307 03:20,33,13,40,14,29,19,57,75,69,16,10227,51,60,66,73,77
20150307 03:21,27,13,38,13,25,15,57,75,69,16,10227,51,60,66,73,77
20150307 03:22,24,14,35,14,23,22,57,75,69,16,10227,51,60,66,73,77
20150307 03:23,24,15,33,14,26,16,57,75,69,16,10227,51,60,66,73,77
20150307 03:24,22,12,31,14,19,14,57,75,69,16,10227,51,60,66,73,77
20150307 03:25,19,12,29,14,20,16,57,75,69,16,10227,51,60,66,73,77
20150307 03:26,23,13,28,14,25,16,57,75,69,16,10227,51,60,66,73,77
20150307 03:27,23,13,26,13,21,16,57,75,69,16,10227,51,60,66,73,77
20150307 03:28,21,12,25,13,22,11,57,75,69,16,10227,51,60,66,73,77
20150307 03:29,27,9,24,13,32,11,57,75,69,16,10226,51,60,66,73,77
20150307 03:30,31,10,24,12,30,15,57,75,69,16,10226,51,59,66,73,77
20150307 03:31,29,12,25,12,28,14,57,75,69,16,10226,51,59,66,73,77
20150307 03:32,30,12,26,12,33,14,57,75,69,16,10226,51,59,66,73,77
20150307 03:33,37,11,27,11,42,13,57,75,69,16,10225,51,59,66,73,77
20150307 03:34,44,10,30,11,46,12,57,76,70,18,10225,51,59,66,73,77
20150307 03:35,41,13,32,12,37,23,57,76,70,18,10225,50,59,66,73,77
20150307 03:36,40,13,33,11,43,18,57,75,69,16,10225,50,59,66,73,77
20150307 03:37,35,8,34,11,27,9,57,75,69,16,10225,50,59,66,73,77
20150307 03:38,27,8,34,10,27,13,57,75,69,16,10225,50,59,66,73,77
20150307 03:39,33,9,35,10,39,12,57,75,69,16,10225,50,59,66,73,77
20150307 03:40,36,8,36,10,34,11,57,75,69,16,10225,50,59,66,73,77
20150307 03:41,31,8,36,10,29,10,57,75,69,16,10225,50,59,66,73,77
20150307 03:42,26,7,35,9,22,8,57,75,69,16,10225,50,59,66,73,77
20150307 03:43,26,5,33,8,31,9,57,75,69,16,10225,50,59,66,73,77
20150307 03:44,33,6,32,8,35,8,57,75,69,16,10225,50,59,66,73,77
20150307 03:45,35,5,32,7,34,7,57,75,69,16,10225,50,59,66,73,77
20150307 03:46,37,5,32,6,41,8,57,75,69,16,10226,49,59,66,73,77
20150307 03:47,27,3,31,6,13,9,57,75,69,16,10226,49,59,66,73,77
20150307 03:48,23,5,31,6,33,11,57,75,69,16,10226,49,59,66,73,77
20150307 03:49,39,8,32,6,45,11,57,75,69,16,10226,49,59,66,73,77
20150307 03:50,41,9,32,6,37,14,56,76,69,17,10225,49,59,66,73,77
20150307 03:51,41,11,34,7,46,13,56,76,69,17,10225,49,59,66,73,77
20150307 03:52,49,8,37,7,53,8,56,76,69,17,10226,49,59,66,73,77
20150307 03:53,47,5,38,7,42,6,56,76,69,17,10226,49,59,66,73,77
20150307 03:54,30,5,36,7,19,7,56,76,69,17,10226,49,59,66,73,77
20150307 03:55,22,6,36,7,26,11,56,76,69,17,10226,49,59,66,73,77
20150307 03:56,22,7,33,7,18,14,56,77,70,19,10226,49,59,66,73,77
20150307 03:57,22,9,34,8,25,12,56,76,69,17,10227,49,59,66,73,77
20150307 03:58,22,9,33,8,19,11,56,76,69,17,10226,49,59,66,73,77
20150307 03:59,19,9,30,8,19,11,56,76,69,17,10226,49,59,66,73,77
20150307 04:00,22,8,29,8,25,12,56,76,69,17,10226,49,59,66,73,77
20150307 04:01,21,8,26,8,18,12,56,76,69,17,10226,49,59,66,73,77
20150307 04:02,18,10,23,8,19,14,56,76,69,17,10226,49,59,66,73,77
20150307 04:03,20,9,21,8,20,10,56,76,69,17,10226,49,59,66,73,77
20150307 04:04,23,7,21,8,26,7,56,76,69,17,10226,49,58,66,73,77
20150307 04:05,30,7,22,9,35,12,56,76,69,17,10226,49,58,66,73,77
20150307 04:06,36,6,24,8,37,6,56,76,69,17,10226,49,58,66,73,77
20150307 04:07,36,6,25,8,36,12,56,76,69,17,10226,49,58,66,73,77
20150307 04:08,37,9,27,8,37,13,56,76,69,17,10226,49,58,66,73,77
20150307 04:09,35,10,29,8,33,13,56,76,69,17,10226,49,58,65,73,77
20150307 04:10,40,9,31,8,47,8,56,76,69,17,10226,49,58,66,73,77
20150307 04:11,44,5,33,8,41,8,56,76,69,17,10226,49,58,65,73,77
20150307 04:12,44,5,36,7,47,11,56,77,70,19,10226,49,58,65,73,77
20150307 04:13,47,5,39,7,46,7,56,77,70,19,10226,49,58,65,73,77
20150307 04:14,43,5,40,7,40,11,56,77,70,19,10226,49,58,65,73,77
20150307 04:15,39,6,40,7,37,7,56,77,70,19,10226,49,58,65,73,77
20150307 04:16,35,5,40,7,33,12,56,77,70,19,10226,49,58,65,72,77
20150307 04:17,35,9,40,7,36,13,56,77,70,19,10226,49,58,65,72,77
20150307 04:18,40,10,40,7,44,13,56,77,70,19,10226,49,58,65,72,77
20150307 04:19,42,10,41,7,40,13,56,77,70,19,10226,49,58,65,72,77
20150307 04:20,48,7,42,7,57,7,56,77,70,19,10226,49,58,65,72,77
20150307 04:21,52,6,43,7,46,9,55,77,70,18,10226,49,58,65,72,77
20150307 04:22,50,7,43,7,54,13,55,78,70,20,10226,49,58,65,72,77
20150307 04:23,48,11,43,8,42,19,55,77,70,18,10226,49,58,65,72,77
20150307 04:24,38,13,42,9,35,15,55,77,70,18,10226,49,58,65,72,77
20150307 04:25,38,10,43,9,41,11,55,77,70,18,10226,49,58,65,72,77
20150307 04:26,43,9,44,10,45,17,55,77,70,18,10225,49,58,65,72,77
20150307 04:27,41,12,44,10,36,17,55,77,70,18,10225,49,58,65,72,77
20150307 04:28,41,14,44,10,45,18,55,77,70,18,10225,49,58,65,72,77
20150307 04:29,44,14,44,11,43,20,55,77,70,18,10225,49,58,65,72,77
20150307 04:30,44,11,43,11,45,12,55,77,70,18,10225,49,58,65,72,77
20150307 04:31,41,8,42,11,36,12,55,77,70,18,10225,49,58,65,72,77
20150307 04:32,46,9,42,11,55,15,55,77,70,18,10225,49,58,65,72,77
20150307 04:33,53,10,43,11,51,15,55,77,70,18,10225,49,58,65,72,77
20150307 04:34,48,10,44,10,46,17,55,76,69,16,10225,49,58,65,72,77
20150307 04:35,48,12,45,11,49,18,55,76,69,16,10225,49,58,65,72,77
20150307 04:36,53,11,46,11,56,16,55,76,69,16,10225,49,58,65,72,77
20150307 04:37,56,7,48,10,56,12,55,76,69,16,10225,49,58,65,72,77
20150307 04:38,54,9,49,10,52,15,55,76,69,16,10225,49,58,65,72,76
20150307 04:39,51,11,50,9,51,14,55,76,69,16,10225,49,58,65,72,76
20150307 04:40,49,10,50,10,47,15,55,76,69,16,10224,49,58,65,72,76
20150307 04:41,45,10,51,10,43,12,55,76,69,16,10224,49,58,65,72,76
20150307 04:42,46,10,50,10,48,16,55,76,69,16,10224,49,58,65,72,76
20150307 04:43,57,10,51,10,66,10,55,76,69,16,10224,49,58,65,72,76
20150307 04:44,70,8,54,10,73,12,55,77,70,18,10223,49,58,65,72,76
20150307 04:45,78,10,57,10,83,16,55,77,70,18,10223,49,58,65,72,76
20150307 04:46,78,13,59,10,73,16,55,77,70,18,10223,48,58,65,72,76
20150307 04:47,74,13,61,11,75,15,55,77,70,18,10223,48,58,65,72,76
20150307 04:48,70,11,62,10,65,14,55,77,70,18,10223,48,58,65,72,76
20150307 04:49,66,12,64,11,67,17,55,77,70,18,10223,48,58,65,72,76
20150307 04:50,70,12,67,11,72,13,55,77,70,18,10223,48,58,65,72,76
20150307 04:51,71,10,69,11,71,14,55,78,70,20,10222,48,57,65,72,76
20150307 04:52,74,10,72,11,76,11,55,78,70,20,10222,48,57,65,72,76
20150307 04:53,76,10,73,11,76,19,55,78,70,20,10222,48,57,65,72,76
20150307 04:54,75,13,73,12,74,19,55,78,70,20,10222,48,57,65,72,76
20150307 04:55,72,14,72,12,70,17,55,78,70,20,10222,48,57,65,72,76
20150307 04:56,72,12,72,11,74,12,54,78,70,19,10222,48,57,65,72,76
20150307 04:57,73,10,72,11,73,12,54,79,71,21,10222,48,57,65,72,76
20150307 04:58,76,10,73,11,80,12,54,79,71,21,10222,48,57,65,72,76
20150307 04:59,80,10,75,11,80,12,54,79,71,21,10222,48,57,65,72,76
20150307 05:00,79,11,75,11,78,13,54,79,71,21,10222,48,57,65,72,76
20150307 05:01,78,11,76,11,79,14,54,80,72,22,10222,48,57,65,72,76
20150307 05:02,76,9,76,11,74,11,54,80,72,22,10222,48,57,65,72,76
20150307 05:03,71,7,75,10,69,8,54,80,72,22,10223,48,57,65,72,76
20150307 05:04,62,5,73,9,55,9,54,80,72,22,10223,48,57,65,72,76
20150307 05:05,56,5,72,9,57,8,54,80,72,22,10224,48,57,65,72,76
20150307 05:06,57,5,70,8,58,6,54,80,72,22,10224,48,57,65,72,76
20150307 05:07,57,6,69,8,56,9,54,80,72,22,10224,48,57,64,72,76
20150307 05:08,55,7,66,7,54,9,54,80,72,22,10224,48,57,64,72,76
20150307 05:09,58,7,64,7,62,10,54,81,73,24,10224,48,57,64,72,76
20150307 05:10,67,7,63,7,71,10,54,81,73,24,10224,48,57,64,72,76
20150307 05:11,65,6,61,6,58,10,53,81,72,23,10225,48,57,64,72,76
20150307 05:12,57,6,59,6,55,9,53,81,72,23,10225,48,57,64,72,76
20150307 05:13,51,6,57,6,46,7,53,81,72,23,10226,48,57,64,72,76
20150307 05:14,41,6,55,6,36,9,53,81,72,23,10226,48,57,64,72,76
20150307 05:15,34,7,53,6,33,10,53,81,72,23,10226,48,57,64,72,76
20150307 05:16,38,6,51,6,42,10,53,81,72,23,10226,48,57,64,72,76
20150307 05:17,50,4,52,6,58,5,53,81,72,23,10226,48,57,64,72,76
20150307 05:18,62,2,53,5,67,4,53,81,72,23,10226,48,57,64,72,76
20150307 05:19,49,2,50,5,31,3,53,81,72,23,10226,48,57,64,72,76
20150307 05:20,33,2,46,5,35,4,53,81,72,23,10226,48,57,64,72,76
20150307 05:21,39,3,44,5,42,7,53,81,72,23,10226,48,57,64,72,76
20150307 05:22,37,5,42,4,31,8,53,81,72,23,10226,48,57,64,72,76
20150307 05:23,38,6,42,5,45,13,53,81,72,23,10226,48,57,64,72,76
20150307 05:24,50,9,44,5,56,14,53,80,71,21,10226,48,57,64,72,76
20150307 05:25,60,8,47,5,63,9,53,80,71,21,10226,48,57,64,72,76
20150307 05:26,61,6,49,5,58,8,53,81,72,23,10226,48,57,64,72,76
20150307 05:27,60,7,49,5,62,9,53,80,71,21,10226,48,57,64,72,76
20150307 05:28,58,8,48,6,54,13,53,80,71,21,10226,48,57,64,72,76
20150307 05:29,54,10,50,7,54,13,53,80,71,21,10226,48,57,64,72,76
20150307 05:30,57,10,53,8,60,14,53,80,71,21,10226,48,57,64,72,76
20150307 05:31,59,12,54,9,58,16,53,80,71,21,10226,48,57,64,72,76
20150307 05:32,60,12,57,9,61,14,53,80,71,21,10226,48,57,64,72,76
20150307 05:33,55,12,58,10,50,15,53,80,71,21,10226,48,57,64,72,76
20150307 05:34,56,10,58,10,62,10,53,80,71,21,10226,48,57,64,72,76
20150307 05:35,57,8,57,10,52,13,53,80,71,21,10226,48,57,64,72,76
20150307 05:36,59,8,58,10,66,10,53,80,71,21,10226,48,57,64,72,76
20150307 05:37,68,8,59,10,69,11,53,80,71,21,10226,48,57,64,71,76
20150307 05:38,69,9,60,10,69,12,53,80,71,21,10226,48,57,64,71,76
20150307 05:39,70,10,62,10,72,16,53,80,71,21,10227,48,57,64,71,76
20150307 05:40,70,10,63,10,69,12,53,80,71,21,10227,48,57,64,71,76
20150307 05:41,65,8,63,9,60,12,53,80,71,21,10227,48,57,64,71,76
20150307 05:42,58,8,63,9,56,9,53,80,71,21,10227,48,57,64,71,76
20150307 05:43,56,9,63,9,56,13,53,80,71,21,10227,48,57,64,71,76
20150307 05:44,55,11,62,9,54,18,53,79,70,20,10227,48,57,64,71,76
20150307 05:45,66,11,65,9,77,13,53,79,70,20,10227,48,57,64,71,76
20150307 05:46,69,10,64,10,61,13,53,79,70,20,10227,48,57,64,71,76
20150307 05:47,61,10,64,10,62,15,53,79,70,20,10228,48,57,64,71,76
20150307 05:48,53,10,61,10,44,13,53,79,70,20,10228,48,57,64,71,76
20150307 05:49,49,6,59,9,55,8,53,79,70,20,10228,48,57,64,71,76
20150307 05:50,49,7,57,9,44,14,53,79,70,20,10228,48,57,64,71,76
20150307 05:51,42,10,55,9,40,11,53,79,70,20,10229,48,56,64,71,76
20150307 05:52,40,8,53,9,41,14,53,79,70,20,10229,48,56,64,71,76
20150307 05:53,41,10,52,10,40,19,53,79,70,20,10229,48,56,64,71,76
20150307 05:54,43,11,51,9,46,11,53,78,69,18,10229,48,56,64,71,76
20150307 05:55,55,8,50,9,65,12,54,78,70,19,10229,48,56,64,71,76
20150307 05:56,62,8,49,9,58,11,54,78,70,19,10228,48,56,64,71,76
20150307 05:57,59,8,49,9,59,13,54,78,70,19,10228,48,56,64,71,76
20150307 05:58,60,10,51,9,62,15,54,78,70,19,10228,48,56,64,71,76
20150307 05:59,62,11,52,10,62,14,54,78,70,19,10228,48,56,64,71,76
20150307 06:00,64,10,54,9,66,12,54,78,70,19,10228,48,56,64,71,76
20150307 06:01,68,10,57,10,69,15,54,78,70,19,10228,48,56,64,71,76
20150307 06:02,60,11,58,10,50,15,54,78,70,19,10228,48,56,64,71,76
20150307 06:03,50,9,59,9,49,16,54,78,70,19,10229,48,56,64,71,76
20150307 06:04,46,11,58,10,43,18,54,78,70,19,10229,48,56,64,71,76
20150307 06:05,42,12,56,10,42,15,54,78,70,19,10229,48,56,64,71,76
20150307 06:06,44,12,55,11,47,18,54,78,70,19,10230,48,56,64,71,76
20150307 06:07,46,13,53,11,45,14,54,77,69,17,10230,48,56,64,71,76
20150307 06:08,40,11,51,11,35,20,54,78,70,19,10230,48,56,64,71,76
20150307 06:09,35,12,48,11,35,21,54,78,70,19,10231,48,56,64,71,76
20150307 06:10,32,12,44,12,30,15,54,78,70,19,10231,48,56,63,71,76
20150307 06:11,31,13,41,12,33,18,54,78,70,19,10231,48,56,64,71,76
20150307 06:12,34,11,39,12,35,15,54,78,70,19,10231,48,56,63,71,76
20150307 06:13,34,10,38,12,33,18,54,77,69,17,10232,48,56,63,71,76
20150307 06:14,31,11,36,12,28,15,54,78,70,19,10232,48,56,63,71,76
20150307 06:15,27,7,35,11,27,7,54,78,70,19,10232,48,56,63,71,76
20150307 06:16,32,6,34,10,38,11,54,78,70,19,10232,48,56,63,71,76
20150307 06:17,34,8,33,10,31,18,54,78,70,19,10233,48,56,63,71,76
20150307 06:18,28,11,32,10,25,15,54,78,70,19,10233,48,56,63,71,76
20150307 06:19,20,12,30,10,15,14,54,78,70,19,10233,48,56,63,71,76
20150307 06:20,18,13,29,10,22,22,54,78,70,19,10234,48,56,63,71,76
20150307 06:21,23,17,28,11,25,22,54,77,69,17,10234,48,56,63,71,76
20150307 06:22,26,18,27,12,28,25,54,77,69,17,10234,48,56,63,71,76
20150307 06:23,24,17,26,12,21,23,54,77,69,17,10235,48,56,63,71,76
20150307 06:24,24,18,26,13,28,27,54,77,69,17,10235,48,56,63,71,76
20150307 06:25,26,18,26,14,25,21,54,77,69,17,10235,48,56,63,71,75
20150307 06:26,25,15,25,15,26,19,55,76,69,16,10236,48,56,63,71,75
20150307 06:27,21,15,23,16,17,18,55,76,69,16,10236,48,56,63,71,75
20150307 06:28,17,12,22,15,17,13,55,76,69,16,10236,48,56,63,71,75
20150307 06:29,14,10,22,15,12,12,55,76,69,16,10236,48,56,63,71,76
20150307 06:30,11,9,21,15,10,10,55,76,69,16,10236,48,56,63,71,75
20150307 06:31,16,7,21,13,22,7,55,76,69,16,10237,48,56,63,71,75
20150307 06:32,22,8,20,13,21,15,55,76,69,16,10237,48,56,63,71,75
20150307 06:33,18,12,19,12,15,16,55,76,69,16,10237,48,56,63,71,75
20150307 06:34,17,11,18,11,19,14,55,76,69,16,10237,48,56,63,71,75
20150307 06:35,25,10,19,11,31,11,55,76,69,16,10237,48,56,63,71,75
20150307 06:36,32,12,20,11,33,23,55,76,69,16,10237,48,56,63,71,75
20150307 06:37,31,15,21,11,28,21,55,75,68,14,10237,49,56,63,71,75
20150307 06:38,23,15,21,11,18,19,55,75,68,14,10237,49,56,63,71,75
20150307 06:39,20,16,22,12,21,20,55,75,68,14,10237,49,56,63,71,75
20150307 06:40,23,17,23,13,24,21,55,75,68,14,10238,49,56,63,71,75
20150307 06:41,21,14,23,13,18,13,55,75,68,14,10238,49,56,63,71,75
20150307 06:42,22,9,23,13,25,10,55,76,69,16,10238,49,56,63,71,75
20150307 06:43,20,10,23,13,16,19,55,76,69,16,10238,49,56,63,71,75
20150307 06:44,18,14,23,13,20,21,55,76,69,16,10238,49,56,63,71,75
20150307 06:45,18,14,22,14,17,17,55,75,68,14,10239,49,56,63,71,75
20150307 06:46,20,12,21,13,24,18,55,75,68,14,10239,49,56,63,71,75
20150307 06:47,29,12,22,13,33,16,55,75,68,14,10239,49,56,63,71,75
20150307 06:48,28,9,22,12,23,8,55,75,68,14,10239,49,56,63,71,75
20150307 06:49,24,8,22,12,25,13,55,75,68,14,10239,49,56,63,71,75
20150307 06:50,25,8,23,11,26,10,55,76,69,16,10239,49,56,63,71,75
20150307 06:51,21,7,23,10,17,13,55,75,68,14,10240,49,56,63,71,75
20150307 06:52,21,10,23,11,25,14,56,76,69,17,10240,50,56,63,71,75
20150307 06:53,20,13,22,11,14,20,56,75,68,15,10240,50,56,63,71,75
20150307 06:54,21,14,23,11,28,17,56,75,68,15,10240,50,56,63,71,75
20150307 06:55,24,15,24,11,20,21,56,75,68,15,10240,50,56,63,71,75
20150307 06:56,27,15,25,11,34,16,56,75,68,15,10240,50,56,63,70,75
20150307 06:57,32,12,24,11,30,14,56,75,68,15,10240,50,56,63,70,75
20150307 06:58,28,8,25,11,26,10,56,75,68,15,10240,50,56,63,70,75
20150307 06:59,15,5,22,10,3,11,56,75,68,15,10240,50,56,63,70,75
20150307 07:00,23,8,24,11,41,15,56,75,68,15,10240,50,56,63,70,75
20150307 07:01,39,9,26,11,37,13,56,75,68,15,10240,50,56,63,70,75
20150307 07:02,27,10,25,11,17,15,56,76,69,17,10240,51,56,63,70,75
20150307 07:03,21,10,26,10,24,13,56,75,68,15,10240,51,56,63,70,75
20150307 07:04,24,9,26,10,25,14,56,75,68,15,10240,51,56,63,70,75
20150307 07:05,22,7,26,9,20,9,56,75,68,15,10240,51,56,63,70,75
20150307 07:06,29,5,26,8,39,9,56,75,68,15,10240,51,56,63,70,75
20150307 07:07,34,6,26,7,30,7,56,75,68,15,10240,51,56,63,70,75
20150307 07:08,26,8,26,8,22,15,56,75,68,15,10240,52,56,63,70,75
20150307 07:09,19,11,27,9,15,16,56,75,68,15,10240,52,56,63,70,75
20150307 07:10,19,10,25,8,23,9,56,75,68,15,10240,52,56,63,70,75
20150307 07:11,23,10,24,9,24,17,56,75,68,15,10240,52,56,63,70,75
20150307 07:12,29,12,25,9,33,19,56,75,68,15,10240,52,56,63,70,75
20150307 07:13,32,11,26,9,32,19,56,75,68,15,10241,52,56,63,70,75
20150307 07:14,26,9,26,9,21,12,56,75,68,15,10241,53,56,63,70,75
20150307 07:15,20,10,26,9,19,13,57,75,69,16,10241,53,56,63,70,75
20150307 07:16,20,9,24,10,20,11,57,75,69,16,10240,53,56,63,70,75
20150307 07:17,23,7,23,10,26,12,57,75,69,16,10240,53,56,63,70,75
20150307 07:18,23,8,23,10,20,13,57,75,69,16,10240,53,56,63,70,75
20150307 07:19,21,11,24,10,21,17,57,75,69,16,10240,54,56,63,70,75
20150307 07:20,17,13,23,10,13,15,57,75,69,16,10241,54,56,63,70,75
20150307 07:21,16,12,22,10,18,15,57,75,69,16,10241,54,56,63,70,75
20150307 07:22,21,12,21,10,24,17,57,75,69,16,10240,54,56,63,70,75
20150307 07:23,26,12,21,10,27,14,57,74,68,14,10240,55,56,63,70,75
20150307 07:24,25,10,21,10,23,17,57,74,68,14,10240,55,56,63,70,75
20150307 07:25,19,12,21,11,16,17,57,74,68,14,10240,55,56,63,70,75
20150307 07:26,18,14,21,11,21,23,57,74,68,14,10240,55,56,63,70,75
20150307 07:27,22,15,21,12,23,21,58,74,68,15,10240,55,57,63,70,75
20150307 07:28,22,14,21,13,21,15,58,74,68,15,10240,56,57,63,70,75
20150307 07:29,21,12,21,13,21,16,58,74,68,15,10240,56,57,63,70,75
20150307 07:30,21,14,22,13,22,18,58,73,67,13,10240,56,57,63,70,75
20150307 07:31,21,15,22,13,20,18,58,73,67,13,10240,56,57,63,70,75
20150307 07:32,28,12,23,13,36,14,58,73,67,13,10240,56,57,63,70,75
20150307 07:33,39,9,25,13,43,12,58,74,68,15,10240,57,57,63,70,75
20150307 07:34,44,6,27,12,44,8,58,74,68,15,10240,57,57,63,70,75
20150307 07:35,39,6,28,12,33,11,58,75,69,17,10240,57,57,63,70,75
20150307 07:36,31,10,29,12,29,17,58,75,69,17,10240,58,57,63,70,75
20150307 07:37,31,12,30,11,33,20,59,75,70,18,10241,58,57,63,70,75
20150307 07:38,25,13,30,11,17,19,59,75,70,18,10241,58,57,63,70,75
20150307 07:39,25,15,31,12,33,21,59,74,69,16,10241,58,57,63,70,75
20150307 07:40,31,16,32,12,30,20,59,74,69,16,10241,59,57,63,70,75
20150307 07:41,28,14,32,11,26,15,59,74,69,16,10241,59,57,63,70,75
20150307 07:42,22,14,31,12,17,16,59,73,68,14,10241,59,57,63,70,75
20150307 07:43,19,14,28,12,21,16,59,73,68,14,10241,59,57,63,70,75
20150307 07:44,17,12,25,13,12,14,59,73,68,14,10241,60,57,63,70,75
20150307 07:45,15,13,24,14,17,21,59,73,68,14,10241,60,57,63,70,75
20150307 07:46,21,16,23,14,25,17,60,73,68,15,10241,60,58,63,70,75
20150307 07:47,22,13,22,14,19,16,60,72,67,13,10241,61,58,63,70,75
20150307 07:48,29,11,24,13,38,18,60,72,67,13,10242,61,58,63,70,75
20150307 07:49,35,14,24,14,32,21,60,73,68,15,10242,61,58,63,70,75
20150307 07:50,29,16,23,13,26,21,60,73,68,15,10242,61,58,63,70,75
20150307 07:51,14,12,21,13,3,14,60,73,68,15,10242,62,58,63,70,75
20150307 07:52,13,11,22,13,23,14,60,73,68,15,10242,62,58,63,70,75
20150307 07:53,24,10,22,12,26,12,60,73,68,15,10243,63,58,63,70,75
20150307 07:54,18,8,22,12,10,12,60,73,68,15,10243,63,58,63,70,75
20150307 07:55,11,9,22,12,13,12,61,72,68,14,10243,63,58,63,70,75
20150307 07:56,18,12,21,12,23,18,61,72,68,14,10242,64,58,63,70,75
20150307 07:57,25,15,22,12,27,23,61,72,68,14,10242,64,58,63,70,75
20150307 07:58,28,17,21,13,29,20,61,71,67,12,10242,65,58,63,70,75
20150307 07:59,28,16,21,13,28,18,61,71,67,12,10242,65,59,63,70,75
20150307 08:00,24,15,20,13,21,21,61,71,67,12,10242,65,59,63,70,75
20150307 08:01,20,14,22,13,19,16,61,71,67,12,10242,65,59,63,70,75
20150307 08:02,22,11,22,13,26,11,61,71,67,12,10242,66,59,63,70,75
20150307 08:03,22,9,21,13,18,12,61,72,68,14,10243,67,59,63,70,75
20150307 08:04,28,9,24,13,38,13,62,72,68,15,10243,67,59,63,70,75
20150307 08:05,33,4,26,12,27,3,62,72,68,15,10243,68,59,63,70,75
20150307 08:06,23,2,25,11,18,6,62,73,69,17,10243,68,59,63,70,75
20150307 08:07,29,4,26,9,40,6,62,73,69,17,10242,69,59,63,70,75
20150307 08:08,43,4,28,8,46,9,62,73,69,17,10242,69,60,63,70,75
20150307 08:09,49,5,30,7,52,11,63,73,70,18,10242,70,60,63,70,75
20150307 08:10,55,10,34,7,57,21,63,73,70,18,10242,70,60,63,70,75
20150307 08:11,56,15,38,8,56,24,63,72,69,16,10242,70,60,63,70,75
20150307 08:12,55,18,41,8,54,23,63,71,68,14,10242,70,60,63,70,75
20150307 08:13,52,17,44,9,51,22,63,71,68,14,10242,70,60,63,70,75
20150307 08:14,54,16,46,10,58,20,63,70,67,12,10242,71,60,63,70,75
20150307 08:15,57,15,49,12,56,29,63,70,67,12,10243,71,60,63,70,74
20150307 08:16,55,19,52,13,54,29,63,70,67,12,10243,71,61,63,70,74
20150307 08:17,54,21,54,15,54,23,63,70,67,12,10243,71,61,63,70,74
20150307 08:18,52,18,54,16,50,22,63,70,67,12,10243,71,61,63,70,74
20150307 08:19,45,18,53,17,41,24,63,70,67,12,10243,71,61,63,70,74
20150307 08:20,38,16,51,18,36,22,63,70,67,12,10243,71,61,63,70,74
20150307 08:21,37,19,49,18,38,34,63,70,67,12,10243,72,61,63,70,74
20150307 08:22,37,22,48,18,37,28,63,70,67,12,10244,72,62,63,70,74
20150307 08:23,36,21,46,19,34,29,63,69,66,10,10244,73,62,63,70,74
20150307 08:24,36,22,44,20,37,30,63,70,67,12,10244,73,62,63,70,74
20150307 08:25,36,23,41,20,34,28,64,70,67,13,10244,73,62,63,70,74
20150307 08:26,36,22,40,20,38,27,64,70,67,13,10245,73,62,63,70,74
20150307 08:27,32,20,37,20,26,25,64,70,67,13,10245,73,62,63,70,74
20150307 08:28,25,19,35,20,24,25,64,70,67,13,10245,73,62,63,70,74
20150307 08:29,28,19,34,20,32,22,64,70,67,13,10245,74,62,63,70,74
20150307 08:30,32,22,33,21,33,29,64,70,67,13,10245,75,63,63,70,74
20150307 08:31,39,20,34,21,45,26,64,70,67,13,10245,75,63,64,70,74
20150307 08:32,44,17,35,20,42,25,64,70,67,13,10245,75,63,64,70,74
20150307 08:33,36,19,34,20,30,23,65,71,69,16,10245,76,63,64,70,74
20150307 08:34,32,21,34,20,35,29,65,70,68,14,10245,76,63,64,70,74
20150307 08:35,35,22,34,20,35,26,65,70,68,14,10245,76,63,64,70,74
20150307 08:36,36,21,34,20,37,26,65,69,67,12,10245,77,63,64,70,74
20150307 08:37,32,20,34,20,27,24,65,70,68,14,10246,77,64,64,70,74
20150307 08:38,38,17,37,19,50,19,65,70,68,14,10246,77,64,64,70,74
20150307 08:39,46,10,37,18,39,12,65,70,68,14,10245,78,64,64,70,74
20150307 08:40,50,7,40,16,58,12,65,71,69,16,10246,79,64,64,70,74
20150307 08:41,48,8,39,16,36,14,66,72,70,19,10246,80,64,64,70,74
20150307 08:42,28,14,37,16,22,25,66,71,69,17,10246,80,64,64,70,74
20150307 08:43,24,19,37,16,27,21,66,69,67,13,10246,80,64,64,70,74
20150307 08:44,31,17,37,15,35,27,66,68,66,11,10246,80,65,64,70,74
20150307 08:45,41,18,38,15,46,28,66,69,67,13,10247,80,65,64,70,74
20150307 08:46,46,20,39,15,46,26,66,69,67,13,10247,80,65,64,70,74
20150307 08:47,42,17,40,15,38,16,66,69,67,13,10247,80,65,64,70,74
20150307 08:48,40,16,39,15,43,28,67,69,68,14,10248,80,65,64,70,74
20150307 08:49,46,19,40,16,50,25,67,69,68,14,10248,80,65,64,70,74
20150307 08:50,48,16,39,17,46,24,67,69,68,14,10248,80,66,64,70,74
20150307 08:51,42,17,39,18,37,25,67,69,68,14,10249,80,66,64,70,74
20150307 08:52,33,15,40,17,28,16,67,69,68,14,10249,80,66,65,70,74
20150307 08:53,28,12,40,17,28,21,67,70,69,16,10249,81,66,65,70,74
20150307 08:54,24,17,38,17,20,28,68,69,68,15,10249,82,66,65,70,74
20150307 08:55,24,23,36,18,28,33,68,67,66,11,10249,82,66,65,70,74
20150307 08:56,22,22,33,17,15,22,68,66,65,9,10249,81,67,65,70,74
20150307 08:57,15,20,31,18,16,26,68,66,65,9,10249,82,67,65,70,74
20150307 08:58,20,23,29,19,25,28,68,66,65,9,10249,83,67,65,70,74
20150307 08:59,22,24,26,19,19,28,68,66,65,9,10248,83,67,65,70,74
20150307 09:00,13,21,22,20,7,21,68,66,65,9,10249,83,67,65,70,74
20150307 09:01,15,16,21,19,24,19,68,66,65,9,10249,84,67,65,70,74
20150307 09:02,20,15,20,20,16,21,68,67,66,11,10249,84,67,65,70,74
20150307 09:03,20,19,19,20,24,28,68,67,66,11,10249,84,68,65,70,74
20150307 09:04,19,20,19,20,14,29,69,67,67,12,10249,84,68,65,70,74
20150307 09:05,12,21,17,20,9,29,69,67,67,12,10249,84,68,65,70,74
20150307 09:06,16,22,18,20,23,24,69,66,66,10,10250,84,68,65,70,74
20150307 09:07,15,19,17,20,7,23,69,66,66,10,10250,84,68,65,70,74
20150307 09:08,18,15,17,19,30,19,69,66,66,10,10250,84,68,65,70,74
20150307 09:09,28,16,18,18,27,24,69,66,66,10,10249,85,68,66,70,74
20150307 09:10,35,18,22,18,43,21,69,66,66,10,10249,86,69,66,70,74
20150307 09:11,48,18,24,19,52,23,69,65,65,8,10249,86,69,66,70,74
20150307 09:12,50,19,28,19,48,24,69,65,65,8,10249,86,69,66,70,74
20150307 09:13,52,14,31,18,57,24,69,66,66,10,10249,86,69,66,70,74
20150307 09:14,39,10,32,17,20,16,70,67,67,13,10249,86,69,66,70,74
20150307 09:15,20,14,33,16,21,24,70,67,67,13,10249,87,69,66,70,74
20150307 09:16,36,18,36,16,50,25,70,66,66,11,10249,88,69,66,70,74
20150307 09:17,54,18,41,16,58,22,70,66,66,11,10249,88,70,66,70,74
20150307 09:18,55,20,43,17,52,28,70,65,65,9,10249,88,70,66,70,74
20150307 09:19,50,25,45,18,47,31,70,64,64,7,10249,87,70,66,70,74
20150307 09:20,50,25,46,18,53,30,70,64,64,7,10249,87,70,66,70,74
20150307 09:21,57,21,47,18,61,31,70,65,65,9,10249,88,70,66,70,74
20150307 09:22,57,24,47,19,54,35,70,65,65,9,10249,88,70,66,70,74
20150307 09:23,49,26,46,21,43,31,70,65,65,9,10249,88,71,66,70,74
20150307 09:24,35,23,47,22,28,26,70,65,65,9,10249,89,71,67,70,74
20150307 09:25,26,21,47,22,24,22,71,65,66,10,10249,90,71,67,70,74
20150307 09:26,19,19,44,22,14,22,71,65,66,10,10248,91,71,67,70,74
20150307 09:27,36,18,44,22,60,29,71,66,67,12,10248,91,71,67,70,74
20150307 09:28,61,19,45,22,61,31,71,66,67,12,10247,92,71,67,70,74
20150307 09:29,56,23,45,22,51,32,71,65,66,10,10247,91,71,67,70,74
20150307 09:30,53,18,45,21,55,18,71,64,65,8,10247,91,72,67,70,74
20150307 09:31,58,9,45,19,61,18,72,65,66,11,10247,93,72,67,70,74
20150307 09:32,67,15,47,19,74,30,72,65,66,11,10247,94,72,67,70,74
20150307 09:33,73,24,50,19,73,32,72,64,65,9,10247,94,72,67,70,74
20150307 09:34,71,23,55,19,70,25,72,65,66,11,10247,94,72,67,70,74
20150307 09:35,63,23,58,20,57,38,72,65,66,11,10247,94,73,67,70,74
20150307 09:36,52,25,61,20,47,31,73,66,67,14,10247,94,73,67,70,74
20150307 09:37,53,22,61,20,59,29,73,65,66,12,10247,95,73,68,70,74
20150307 09:38,48,18,59,20,38,25,73,64,65,9,10247,95,73,68,70,74
20150307 09:39,42,17,58,19,47,26,73,64,65,9,10247,96,73,68,70,74
20150307 09:40,49,21,58,20,50,30,73,64,65,9,10246,97,73,68,70,74
20150307 09:41,49,20,56,21,47,26,73,64,65,9,10246,98,74,68,70,74
20150307 09:42,47,21,53,22,47,31,73,65,66,12,10246,100,74,68,70,74
20150307 09:43,40,23,49,21,33,30,73,63,64,7,10247,100,74,68,70,74
20150307 09:44,37,22,47,21,40,31,73,63,64,7,10247,100,74,68,70,74
20150307 09:45,41,22,45,21,42,25,74,64,66,10,10246,101,74,68,71,74
20150307 09:46,47,18,46,20,53,24,74,63,65,8,10246,102,75,68,71,74
20150307 09:47,51,18,45,20,49,30,74,65,67,13,10246,102,75,68,71,74
20150307 09:48,47,21,45,21,46,25,74,64,66,10,10247,102,75,68,71,74
20150307 09:49,56,17,47,20,67,22,74,65,67,13,10247,104,75,68,71,74
20150307 09:50,60,13,48,19,52,24,75,65,67,14,10246,105,76,69,71,74
20150307 09:51,50,17,48,19,49,33,75,64,66,11,10246,106,76,69,71,74
20150307 09:52,51,21,48,19,53,30,75,64,66,11,10246,107,76,69,71,74
20150307 09:53,56,20,51,19,59,29,76,64,67,12,10246,108,76,69,71,74
20150307 09:54,60,20,53,19,62,28,76,63,66,10,10246,107,76,69,71,74
20150307 09:55,68,23,56,19,74,31,76,64,67,12,10246,108,77,69,71,74
20150307 09:56,72,25,58,20,69,31,76,62,65,8,10246,108,77,69,71,74
20150307 09:57,67,24,60,20,66,35,76,62,65,8,10246,107,77,69,71,74
20150307 09:58,69,23,62,20,71,28,77,63,66,11,10246,106,78,69,71,74
20150307 09:59,74,26,63,22,76,37,77,63,66,11,10246,106,78,69,71,74
20150307 10:00,67,25,64,23,58,28,77,63,66,11,10246,107,78,70,71,74
20150307 10:01,61,18,65,22,65,21,77,62,65,9,10246,109,78,70,71,74
20150307 10:02,53,17,64,22,41,24,77,63,66,11,10246,111,79,70,71,74
20150307 10:03,45,19,63,22,49,27,77,62,65,9,10246,113,79,70,71,74
20150307 10:04,53,23,63,23,56,34,78,62,66,10,10245,113,79,70,71,74
20150307 10:05,54,24,60,22,52,30,78,62,66,10,10245,113,79,70,71,74
20150307 10:06,57,21,60,22,62,27,78,61,65,8,10245,113,80,70,71,74
20150307 10:07,57,19,58,21,52,23,78,62,66,10,10245,113,80,70,71,74
20150307 10:08,57,18,57,21,62,24,78,63,67,12,10246,114,80,70,71,74
20150307 10:09,60,16,56,19,58,24,79,62,66,11,10246,115,81,70,71,74
20150307 10:10,56,14,55,19,55,19,78,61,65,8,10245,116,81,71,71,74
20150307 10:11,58,12,55,18,62,21,79,63,67,13,10245,119,81,71,71,74
20150307 10:12,57,17,56,19,53,32,79,62,66,11,10245,121,81,71,71,74
20150307 10:13,56,20,57,18,59,21,79,62,66,11,10246,121,82,71,71,74
20150307 10:14,58,18,57,18,57,29,79,62,66,11,10246,121,82,71,71,74
20150307 10:15,55,21,57,18,54,27,79,62,66,11,10246,122,83,71,71,74
20150307 10:16,52,19,56,17,51,24,79,61,65,9,10246,121,83,71,71,74
20150307 10:17,43,18,55,18,35,26,79,61,65,9,10246,123,83,71,71,74
20150307 10:18,32,22,51,18,29,29,79,61,65,9,10246,124,83,71,71,74
20150307 10:19,33,24,49,19,37,28,79,61,65,9,10245,125,84,72,71,74
20150307 10:20,38,25,48,20,39,29,80,62,66,12,10245,127,84,72,72,74
20150307 10:21,46,26,47,22,53,36,80,61,65,9,10245,128,84,72,72,74
20150307 10:22,48,26,46,22,43,35,80,62,66,12,10245,127,85,72,72,74
20150307 10:23,44,21,44,22,46,21,80,61,65,9,10245,128,85,72,72,74
20150307 10:24,32,17,40,22,17,25,81,62,67,13,10245,132,85,72,72,74
20150307 10:25,18,24,37,23,20,36,81,62,67,13,10245,134,86,72,72,74
20150307 10:26,27,28,35,24,34,42,82,62,67,14,10245,133,86,72,72,74
20150307 10:27,30,23,34,24,26,27,81,60,65,8,10244,132,87,73,72,74
20150307 10:28,28,22,35,24,31,35,82,60,65,9,10244,133,87,73,72,74
20150307 10:29,29,26,34,24,28,31,82,61,66,11,10244,133,87,73,72,74
20150307 10:30,41,25,35,24,55,32,82,61,66,11,10244,135,88,73,72,74
20150307 10:31,55,27,36,24,56,40,82,61,66,11,10244,134,88,73,72,74
20150307 10:32,54,25,36,24,52,32,82,61,66,11,10244,133,89,73,72,74
20150307 10:33,58,18,38,24,64,24,83,62,68,15,10244,134,89,73,72,74
20150307 10:34,61,26,42,25,58,44,84,64,71,20,10244,134,89,74,72,74
20150307 10:35,56,36,46,26,54,44,84,62,68,15,10244,132,90,74,72,74
20150307 10:36,55,32,48,26,56,37,83,60,66,10,10244,132,90,74,72,74
20150307 10:37,52,26,50,27,49,34,83,61,67,12,10244,133,91,74,72,74
20150307 10:38,54,27,53,27,59,45,84,62,68,15,10244,135,91,74,72,74
20150307 10:39,57,32,56,28,54,45,84,61,67,13,10244,133,91,74,72,74
20150307 10:40,53,31,55,28,52,39,84,58,64,6,10244,132,92,74,72,74
20150307 10:41,49,22,54,27,46,30,84,60,66,11,10244,135,92,75,72,74
20150307 10:42,46,20,54,27,45,36,84,61,67,13,10243,138,92,75,72,74
20150307 10:43,40,24,51,28,34,35,85,60,67,12,10243,140,93,75,72,74
20150307 10:44,36,29,49,27,37,42,85,61,68,14,10243,140,93,75,73,74
20150307 10:45,32,27,46,26,28,33,85,60,67,12,10243,139,94,75,73,74
20150307 10:46,25,25,43,26,22,36,85,60,67,12,10243,141,94,75,73,74
20150307 10:47,20,24,40,26,18,28,85,59,65,10,10243,144,94,76,73,74
20150307 10:48,22,24,36,26,27,33,85,58,64,7,10242,146,95,76,73,74
20150307 10:49,25,27,33,25,24,35,85,59,65,10,10242,146,95,76,73,75
20150307 10:50,23,29,30,25,23,36,85,60,67,12,10242,147,95,76,73,75
20150307 10:51,24,30,28,26,25,36,84,59,65,9,10242,148,96,76,73,75
20150307 10:52,26,27,26,27,27,34,84,60,66,11,10242,148,96,76,73,75
20150307 10:53,27,23,26,26,26,38,85,61,68,14,10242,151,96,77,73,75
20150307 10:54,27,26,25,26,28,41,85,61,68,14,10242,152,97,77,73,75
20150307 10:55,40,25,27,26,53,26,85,59,65,10,10242,151,97,77,73,75
20150307 10:56,30,17,26,25,7,18,85,60,67,12,10242,153,98,77,73,75
20150307 10:57,9,15,25,24,11,33,85,60,67,12,10242,157,98,77,73,75
20150307 10:58,6,19,22,24,1,29,86,61,68,15,10242,159,98,78,73,75
20150307 10:59,13,23,23,23,27,32,86,60,67,13,10242,160,99,78,73,75
20150307 11:00,56,25,28,23,90,50,87,62,70,18,10242,160,99,78,73,75
20150307 11:01,60,26,30,22,38,34,89,61,70,18,10242,158,100,78,73,75
20150307 11:02,44,23,32,22,50,30,89,61,70,18,10243,158,100,78,74,75
20150307 11:03,46,27,34,23,42,39,89,59,67,13,10243,158,101,78,74,75
20150307 11:04,49,27,37,22,57,31,89,58,66,11,10243,157,101,79,74,75
20150307 11:05,48,26,36,23,40,41,89,60,68,16,10243,155,102,79,74,75
20150307 11:06,25,29,36,25,11,38,89,57,65,9,10244,153,102,79,74,75
20150307 11:07,9,27,36,26,7,32,88,58,66,10,10244,154,103,79,74,75
20150307 11:08,11,20,37,25,15,28,89,57,65,9,10244,156,103,79,74,75
20150307 11:09,11,19,35,25,8,30,89,59,67,13,10244,158,104,80,74,75
20150307 11:10,10,23,28,25,12,33,90,58,67,12,10244,158,104,80,74,75
20150307 11:11,12,25,25,25,13,31,89,57,65,9,10244,157,104,80,74,75
20150307 11:12,14,24,22,25,15,29,88,57,65,8,10245,157,105,80,74,75
20150307 11:13,11,21,18,24,8,27,89,58,66,11,10245,158,105,80,74,75
20150307 11:14,18,20,16,23,29,31,89,58,66,11,10245,159,106,81,74,75
20150307 11:15,36,16,16,22,44,15,88,56,63,5,10245,159,106,81,74,75
20150307 11:16,51,7,21,19,59,6,88,57,65,8,10244,161,106,81,74,75
20150307 11:17,55,6,25,17,51,14,89,57,65,9,10244,164,107,81,74,75
20150307 11:18,43,17,27,18,36,35,89,58,66,11,10244,165,107,81,75,75
20150307 11:19,54,26,34,19,74,39,89,56,64,6,10244,163,107,82,75,75
20150307 11:20,73,32,40,20,73,47,90,56,64,7,10244,159,108,82,75,75
20150307 11:21,64,32,44,20,54,35,90,56,64,7,10244,154,108,82,75,75
20150307 11:22,57,28,49,21,60,44,90,54,62,2,10245,154,109,82,75,75
20150307 11:23,64,27,55,22,68,29,90,55,63,5,10245,154,109,83,75,75
20150307 11:24,71,25,59,22,73,28,89,54,62,1,10245,154,109,83,75,75
20150307 11:25,72,19,62,22,70,22,89,55,63,4,10245,155,110,83,75,75
20150307 11:26,72,15,63,24,75,21,89,55,63,4,10245,157,110,83,75,75
20150307 11:27,59,14,63,24,42,28,89,55,63,4,10244,160,110,83,75,75
20150307 11:28,32,21,61,24,23,39,90,55,63,5,10244,163,111,84,75,75
20150307 11:29,32,26,58,24,42,31,90,55,63,5,10245,165,111,84,75,75
20150307 11:30,49,22,56,22,56,27,91,55,64,5,10244,165,111,84,75,75
20150307 11:31,56,23,57,22,56,33,91,55,64,5,10245,164,112,84,76,75
20150307 11:32,58,22,57,21,61,22,91,55,64,5,10244,163,112,85,76,75
20150307 11:33,48,18,53,20,35,26,90,54,62,2,10244,163,112,85,76,75
20150307 11:34,25,18,48,20,16,20,90,55,63,5,10244,165,113,85,76,75
20150307 11:35,17,19,42,20,19,25,91,56,65,8,10244,168,113,85,76,75
20150307 11:36,12,19,36,20,5,28,92,57,66,11,10243,172,113,85,76,75
20150307 11:37,28,19,36,21,50,24,92,56,65,9,10243,174,114,86,76,75
20150307 11:38,39,19,37,20,29,23,93,56,66,10,10243,174,114,86,76,75
20150307 11:39,39,16,38,19,50,19,94,57,67,13,10243,174,114,86,76,75
20150307 11:40,57,16,39,19,64,28,94,56,66,11,10243,171,115,86,76,75
20150307 11:41,70,20,41,18,77,28,94,55,65,8,10242,170,115,86,76,76
20150307 11:42,79,17,43,18,82,20,93,55,64,7,10242,169,116,87,77,76
20150307 11:43,77,18,47,18,73,34,93,55,64,7,10241,169,116,87,77,76
20150307 11:44,76,25,53,19,80,35,93,56,66,10,10241,168,116,87,77,76
20150307 11:45,81,32,60,21,82,45,93,56,66,10,10241,168,117,87,77,76
20150307 11:46,79,35,67,23,76,40,93,57,67,12,10241,165,117,88,77,76
20150307 11:47,64,34,67,24,52,45,93,56,66,10,10241,163,117,88,77,76
20150307 11:48,61,24,71,24,70,30,93,54,63,5,10241,164,118,88,77,76
20150307 11:49,51,16,69,24,31,21,93,54,63,5,10241,168,118,88,77,76
20150307 11:50,40,13,68,23,50,15,93,56,66,10,10240,172,118,88,77,76
20150307 11:51,55,17,66,24,59,38,94,57,67,13,10240,175,119,89,77,76
20150307 11:52,51,27,62,25,44,39,95,55,65,9,10240,174,119,89,77,76
20150307 11:53,46,27,59,25,49,38,95,56,66,12,10240,175,119,89,78,76
20150307 11:54,47,29,56,26,44,40,96,56,67,13,10240,177,120,89,78,76
20150307 11:55,45,29,52,25,46,36,95,54,64,7,10240,176,120,90,78,76
20150307 11:56,41,21,48,23,35,22,95,53,63,4,10240,175,120,90,78,76
20150307 11:57,41,18,47,22,46,34,95,56,66,12,10239,178,121,90,78,76
20150307 11:58,53,20,47,22,61,29,95,56,66,12,10240,177,121,90,78,76
20150307 11:59,73,21,52,23,84,30,96,56,67,13,10240,176,121,90,78,76
20150307 12:00,78,24,54,24,72,38,95,55,65,9,10240,175,122,91,78,76
20150307 12:01,61,27,53,25,50,37,95,55,65,9,10239,175,122,91,78,76
20150307 12:02,34,22,50,23,16,25,96,58,69,17,10239,177,123,91,78,76
20150307 12:03,28,15,49,22,39,19,97,55,66,11,10239,183,123,91,79,76
20150307 12:04,44,20,50,22,48,36,97,54,65,8,10239,186,123,92,79,76
20150307 12:05,44,23,49,21,40,27,97,53,64,6,10239,183,123,92,79,76
20150307 12:06,48,19,51,21,55,29,97,53,64,6,10239,183,124,92,79,76
20150307 12:07,62,20,53,21,69,31,97,55,66,11,10239,185,124,92,79,76
20150307 12:08,72,21,55,21,74,30,97,55,66,11,10238,183,125,92,79,76
20150307 12:09,55,23,50,22,35,35,97,54,65,8,10238,181,125,93,79,76
20150307 12:10,32,28,45,22,29,37,97,55,66,11,10238,181,125,93,79,76
20150307 12:11,34,27,44,22,39,28,98,54,65,9,10238,184,126,93,79,77
20150307 12:12,43,19,47,22,47,20,98,53,64,7,10238,184,126,93,79,77
20150307 12:13,57,12,50,21,69,12,98,54,65,9,10238,184,127,94,80,77
20150307 12:14,53,11,49,20,36,23,98,54,65,9,10237,188,127,94,80,77
20150307 12:15,54,12,52,19,69,22,99,55,67,13,10237,189,127,94,80,77
20150307 12:16,54,13,51,18,39,18,98,53,64,7,10237,187,128,94,80,77
20150307 12:17,35,11,47,17,30,12,98,54,65,9,10237,184,128,94,80,77
20150307 12:18,39,9,44,16,48,19,99,56,68,15,10237,188,128,95,80,77
20150307 12:19,55,9,47,14,67,10,99,56,68,15,10237,189,129,95,80,77
20150307 12:20,83,16,53,14,93,32,100,55,67,14,10236,190,129,95,80,77
20150307 12:21,94,24,59,14,95,30,100,56,69,16,10236,186,130,95,80,77
20150307 12:22,98,19,65,14,101,19,100,54,66,11,10236,183,130,96,81,77
20150307 12:23,100,15,68,14,100,18,100,54,66,11,10236,184,130,96,81,77
20150307 12:24,107,12,76,14,115,16,101,56,69,17,10236,188,131,96,81,77
20150307 12:25,118,7,82,13,121,8,101,53,65,10,10236,190,131,96,81,77
20150307 12:26,6,4,80,12,326,11,101,55,68,15,10236,193,131,97,81,77
20150307 12:27,311,9,81,13,300,18,102,55,68,16,10236,192,132,97,81,77
20150307 12:28,305,14,78,13,309,21,102,52,65,8,10235,193,132,97,81,77
20150307 12:29,322,18,65,14,335,26,103,53,66,11,10235,195,132,97,81,77
20150307 12:30,347,18,40,14,359,24,102,51,63,5,10235,195,133,97,81,77
20150307 12:31,9,16,22,13,18,19,102,51,63,5,10235,194,133,98,82,77
20150307 12:32,0,15,1,13,342,21,102,52,65,8,10235,194,133,98,82,77
20150307 12:33,3,13,356,13,32,17,103,52,65,9,10235,193,134,98,82,77
20150307 12:34,7,17,348,14,345,32,103,53,66,11,10234,195,134,98,82,78
20150307 12:35,343,22,343,16,342,27,103,52,65,9,10234,198,135,99,82,78
20150307 12:36,332,16,342,16,322,19,102,51,63,5,10234,198,135,99,82,78
20150307 12:37,331,10,346,16,341,14,102,52,65,8,10234,202,135,99,82,78
20150307 12:38,9,10,355,15,37,20,103,53,66,11,10234,207,136,99,82,78
20150307 12:39,35,15,1,15,34,26,103,53,66,11,10234,211,136,100,83,78
20150307 12:40,28,18,4,15,22,26,104,54,68,15,10234,214,136,100,83,78
20150307 12:41,24,19,4,16,26,24,104,51,64,7,10234,215,136,100,83,78
20150307 12:42,3,20,4,16,342,31,105,52,66,11,10234,212,137,100,83,78
20150307 12:43,351,24,1,18,0,31,105,53,67,13,10234,209,137,100,83,78
20150307 12:44,8,21,4,17,17,21,105,50,63,5,10234,205,138,101,83,78
20150307 12:45,5,15,6,16,352,18,105,49,62,2,10234,199,138,101,83,78
20150307 12:46,343,14,6,17,333,17,104,50,63,4,10234,199,139,101,83,78
20150307 12:47,333,13,6,17,333,18,104,50,63,4,10234,208,139,101,83,78
20150307 12:48,344,13,1,18,353,20,105,51,65,8,10234,217,140,102,84,78
20150307 12:49,19,20,2,18,42,35,106,52,66,12,10233,219,140,102,84,78
20150307 12:50,44,20,4,18,46,22,107,54,69,18,10233,221,141,102,84,78
20150307 12:51,45,22,6,19,44,37,107,51,66,10,10233,226,141,102,84,78
20150307 12:52,31,28,10,19,18,36,107,51,66,10,10233,226,142,103,84,78
20150307 12:53,8,22,9,19,357,24,108,52,67,13,10233,226,142,103,84,78
20150307 12:54,331,19,2,19,306,33,108,52,67,13,10233,228,142,103,84,79
20150307 12:55,305,24,358,20,304,38,108,51,66,11,10233,231,143,103,84,79
20150307 12:56,304,28,355,22,304,34,108,52,67,13,10233,234,144,104,85,79
20150307 12:57,298,28,351,23,291,35,110,52,68,15,10232,236,144,104,85,79
20150307 12:58,284,24,342,24,277,25,109,50,65,9,10232,241,145,104,85,79
20150307 12:59,279,22,327,24,281,28,108,49,63,5,10232,245,145,104,85,79
20150307 13:00,263,22,311,24,244,29,108,50,65,8,10231,246,146,104,85,79
20150307 13:01,237,19,296,23,229,23,107,50,64,7,10231,240,147,105,85,79
20150307 13:02,251,14,286,21,273,15,106,49,63,3,10231,229,148,105,85,79
20150307 13:03,275,10,279,21,277,14,106,49,63,3,10231,222,148,105,85,79
20150307 13:04,274,11,276,20,272,14,106,50,64,6,10231,218,149,106,86,79
20150307 13:05,282,10,274,18,292,12,106,49,63,3,10231,215,150,106,86,79
20150307 13:06,321,9,277,16,348,13,106,50,64,6,10231,211,151,106,86,79
20150307 13:07,359,7,283,14,9,7,106,50,64,6,10231,208,151,106,86,79
20150307 13:08,358,7,290,12,339,12,106,50,64,6,10231,203,152,107,86,79
20150307 13:09,305,18,291,13,286,36,106,51,65,9,10231,200,152,107,86,79
20150307 13:10,297,21,299,12,308,26,106,52,66,12,10231,196,153,107,86,79
20150307 13:11,295,11,303,11,278,19,107,52,67,13,10230,194,153,107,86,79
20150307 13:12,293,14,306,12,306,36,107,52,67,13,10230,192,153,108,87,80
20150307 13:13,306,19,309,13,306,24,107,51,66,10,10230,189,153,108,87,80
20150307 13:14,319,19,316,14,332,29,106,51,65,9,10230,183,153,108,87,80
20150307 13:15,330,28,320,17,328,43,106,50,64,6,10230,182,154,109,87,80
20150307 13:16,334,32,319,19,340,37,105,49,62,2,10230,177,154,109,87,80
20150307 13:17,351,24,318,20,1,28,105,51,65,8,10230,173,153,109,87,80
20150307 13:18,3,21,321,21,4,27,105,51,65,8,10230,171,153,109,87,80
20150307 13:19,352,20,326,21,340,23,104,50,63,4,10230,170,153,110,88,80
20150307 13:20,342,15,330,20,344,18,104,50,63,4,10230,171,153,110,88,80
20150307 13:21,4,13,340,21,25,20,104,50,63,4,10229,172,153,110,88,80
20150307 13:22,32,14,350,20,39,17,104,50,63,4,10229,169,152,111,88,80
20150307 13:23,8,15,352,20,334,23,104,51,64,7,10229,168,152,111,88,80
20150307 13:24,314,18,349,20,295,24,103,51,64,6,10229,168,152,111,88,80
20150307 13:25,294,16,346,18,293,18,103,50,63,3,10229,168,151,111,88,80
20150307 13:26,305,16,343,17,318,39,103,52,65,9,10229,169,151,112,89,80
20150307 13:27,314,25,337,18,309,38,104,52,66,10,10229,168,151,112,89,81
20150307 13:28,335,26,337,18,2,28,104,51,64,7,10229,166,150,112,89,81
20150307 13:29,8,21,341,18,13,28,104,51,64,7,10229,164,150,112,89,81
20150307 13:30,6,20,343,19,0,27,104,52,66,10,10229,164,150,113,89,81
20150307 13:31,354,20,339,20,348,28,104,51,64,7,10228,166,149,113,89,81
20150307 13:32,353,20,335,20,359,24,103,50,63,3,10228,166,149,113,89,81
20150307 13:33,351,18,336,20,343,22,103,50,63,3,10228,166,149,113,90,81
20150307 13:34,349,14,343,19,355,14,103,51,64,6,10228,165,148,114,90,81
20150307 13:35,8,11,351,19,21,15,103,53,66,11,10228,167,148,114,90,81
20150307 13:36,16,15,357,19,11,28,104,53,67,12,10227,168,148,114,90,81
20150307 13:37,22,18,5,18,35,23,104,52,66,10,10227,166,147,114,90,81
20150307 13:38,42,14,9,17,49,23,105,52,66,11,10227,167,147,114,90,81
20150307 13:39,41,14,11,16,33,24,105,53,67,13,10227,167,147,114,90,81
20150307 13:40,28,18,14,16,23,24,105,52,66,11,10227,167,146,115,91,81
20150307 13:41,31,18,19,16,40,21,105,52,66,11,10227,167,146,115,91,81
20150307 13:42,26,17,20,16,12,25,105,53,67,13,10227,166,146,115,91,81
20150307 13:43,17,19,24,16,21,23,105,52,66,11,10227,166,146,115,91,82
20150307 13:44,20,18,26,17,18,22,105,51,65,8,10226,166,145,115,91,82
20150307 13:45,22,17,27,17,26,24,105,51,65,8,10226,167,145,115,91,82
20150307 13:46,35,15,30,16,45,18,105,52,66,11,10226,168,145,115,91,82
20150307 13:47,45,10,31,16,46,12,106,54,69,17,10226,168,145,116,92,82
20150307 13:48,47,9,31,16,48,20,107,55,71,20,10226,168,145,116,92,82
20150307 13:49,33,13,30,16,19,20,107,53,68,15,10226,167,144,116,92,82
20150307 13:50,30,16,32,15,42,21,107,51,66,10,10226,168,144,116,92,82
20150307 13:51,48,17,33,15,54,27,107,52,67,13,10226,167,144,116,92,82
20150307 13:52,40,19,34,15,25,31,106,51,65,9,10225,164,144,116,92,82
20150307 13:53,9,22,32,16,352,29,106,52,66,12,10225,164,144,116,92,82
20150307 13:54,357,27,30,17,2,40,106,51,65,9,10225,164,144,116,93,82
20150307 13:55,17,30,31,18,31,35,105,50,63,5,10225,163,144,116,93,82
20150307 13:56,24,26,28,20,17,33,105,50,63,5,10225,161,144,116,93,82
20150307 13:57,3,19,22,20,349,21,104,51,64,7,10225,161,143,116,93,83
20150307 13:58,353,18,17,21,357,32,104,51,64,7,10225,162,143,116,93,83
20150307 13:59,20,24,19,22,41,38,105,52,66,11,10225,163,143,116,93,83
20150307 14:00,50,24,21,23,59,32,105,52,66,11,10225,161,143,117,93,83
20150307 14:01,65,19,22,23,71,25,105,53,67,13,10226,159,143,117,93,83
20150307 14:02,69,19,26,23,68,25,105,55,70,18,10226,158,143,117,94,83
20150307 14:03,69,19,35,22,70,24,105,55,70,18,10226,158,143,117,94,83
20150307 14:04,73,18,43,21,75,24,105,52,66,11,10226,157,143,117,94,83
20150307 14:05,76,18,48,20,77,24,105,51,65,8,10226,157,142,117,94,83
20150307 14:06,64,22,51,20,50,32,104,51,64,7,10226,157,142,117,94,83
20150307 14:07,54,20,57,20,57,22,105,52,66,11,10226,158,142,117,94,83
20150307 14:08,49,16,61,20,41,22,104,52,66,10,10226,158,142,117,94,83
20150307 14:09,38,12,60,18,36,14,104,50,63,4,10226,158,142,117,94,83
20150307 14:10,42,4,59,16,48,2,104,50,63,4,10225,162,142,117,95,84
20150307 14:11,31,5,54,15,14,20,105,51,65,8,10225,166,142,117,95,84
20150307 14:12,8,14,47,15,2,24,105,52,66,11,10225,168,141,117,95,84
20150307 14:13,8,18,41,15,13,23,105,51,65,8,10225,167,141,117,95,84
20150307 14:14,9,14,34,14,4,16,105,51,65,8,10225,166,141,117,95,84
20150307 14:15,1,6,26,12,359,6,105,50,63,5,10225,167,141,117,95,84
20150307 14:16,41,6,29,11,81,17,105,50,63,5,10225,169,141,117,95,84
20150307 14:17,76,9,30,10,72,19,105,50,63,5,10225,168,141,117,95,84
20150307 14:18,57,14,31,10,44,28,105,52,66,11,10225,168,141,117,96,84
20150307 14:19,40,19,31,11,36,27,106,53,68,14,10225,167,141,117,96,84
20150307 14:20,34,18,29,13,32,22,106,52,66,12,10225,166,141,117,96,84
20150307 14:21,29,17,30,14,27,27,106,51,65,9,10225,167,141,117,96,84
20150307 14:22,28,15,33,13,29,21,106,51,65,9,10225,168,141,118,96,84
20150307 14:23,37,8,37,12,46,8,106,50,64,6,10225,169,141,118,96,85
20150307 14:24,74,6,46,12,100,16,106,50,64,6,10225,171,141,118,96,85
20150307 14:25,115,10,58,13,129,12,106,50,64,6,10225,172,141,118,96,85
20150307 14:26,125,10,61,13,120,14,106,49,63,3,10225,173,141,118,96,85
20150307 14:27,126,8,67,12,135,13,107,50,64,7,10225,173,141,118,96,85
20150307 14:28,82,9,67,12,44,18,107,51,66,10,10225,178,141,118,97,85
20150307 14:29,42,16,68,12,39,22,107,51,66,10,10225,181,141,118,97,85
20150307 14:30,45,16,70,11,51,19,107,49,63,4,10225,181,141,118,97,85
20150307 14:31,57,10,74,10,65,11,107,48,62,1,10225,187,141,118,97,85
20150307 14:32,119,12,88,11,155,34,107,49,63,4,10225,195,141,118,97,85
20150307 14:33,161,25,101,14,167,42,107,53,68,15,10225,200,141,118,97,85
20150307 14:34,167,34,109,16,168,41,106,58,74,27,10225,203,141,118,97,85
20150307 14:35,166,30,113,18,163,34,105,58,74,26,10225,207,142,118,97,85
20150307 14:36,171,23,121,19,178,26,105,59,75,28,10224,210,142,118,97,86
20150307 14:37,173,22,126,21,168,36,105,60,76,31,10224,213,142,118,97,86
20150307 14:38,159,33,139,24,151,54,105,60,76,31,10224,213,143,118,97,86
20150307 14:39,148,44,147,26,145,61,104,60,76,30,10224,212,143,118,98,86
20150307 14:40,150,45,155,29,156,55,104,60,76,30,10224,210,143,118,98,86
20150307 14:41,157,45,161,33,158,60,103,59,74,26,10224,208,144,118,98,86
20150307 14:42,158,48,161,36,159,62,102,59,73,26,10224,205,144,118,98,86
20150307 14:43,153,50,159,38,147,63,101,60,74,27,10224,201,145,118,98,86
20150307 14:44,149,49,158,40,151,55,100,60,74,26,10224,196,145,118,98,86
20150307 14:45,152,47,157,42,153,55,100,59,72,24,10224,192,146,118,98,86
20150307 14:46,154,46,154,44,155,52,99,59,72,23,10224,190,146,118,98,86
20150307 14:47,155,43,153,46,156,46,99,60,73,25,10224,190,147,118,98,86
20150307 14:48,148,42,152,46,141,56,99,61,74,27,10224,192,147,119,98,86
20150307 14:49,142,45,152,46,143,55,99,61,74,27,10224,194,148,119,98,86
20150307 14:50,144,46,151,46,145,54,97,60,72,23,10224,190,148,119,98,86
20150307 14:51,152,41,151,45,159,45,97,61,73,26,10224,186,148,119,99,87
20150307 14:52,165,36,152,44,170,45,96,62,74,27,10224,190,148,119,99,87
20150307 14:53,161,35,152,42,151,47,97,63,76,30,10224,186,149,119,99,87
20150307 14:54,149,33,152,41,148,42,97,64,77,32,10224,183,149,119,99,87
20150307 14:55,150,36,152,40,151,50,98,64,77,33,10224,182,149,119,99,87
20150307 14:56,151,41,152,39,152,50,98,64,77,33,10224,184,149,119,99,87
20150307 14:57,161,38,153,39,170,42,97,63,76,30,10224,183,149,119,99,87
20150307 14:58,163,34,154,38,156,42,97,62,75,28,10225,185,149,119,99,87
20150307 14:59,156,31,156,36,156,42,98,63,76,31,10225,188,149,120,99,87
20150307 15:00,156,35,157,36,156,47,98,62,75,29,10225,193,150,120,99,87
20150307 15:01,158,34,157,35,160,44,97,62,75,28,10225,193,150,120,99,87
20150307 15:02,162,34,156,35,164,43,97,63,76,30,10225,189,150,120,99,87
20150307 15:03,163,40,157,36,162,52,97,62,75,28,10225,186,150,120,99,87
20150307 15:04,162,39,159,37,162,45,96,63,75,29,10225,185,150,120,100,88
20150307 15:05,158,33,159,36,155,48,97,63,76,30,10225,187,150,120,100,88
20150307 15:06,166,35,162,35,178,48,97,63,76,30,10225,189,150,120,100,88
20150307 15:07,169,36,161,35,160,42,97,62,75,28,10225,188,150,120,100,88
20150307 15:08,164,32,162,35,168,42,96,61,73,25,10225,185,150,121,100,88
20150307 15:09,166,33,163,36,165,44,96,62,74,27,10225,187,150,121,100,88
20150307 15:10,165,34,164,35,166,39,95,61,72,24,10225,189,150,121,100,88
20150307 15:11,165,31,164,35,165,41,96,63,75,29,10225,189,150,121,100,88
20150307 15:12,166,29,165,34,167,40,97,64,77,32,10225,191,150,121,100,88
20150307 15:13,159,28,164,32,151,32,97,63,76,30,10224,191,150,121,100,88
20150307 15:14,150,27,162,32,150,34,97,64,77,32,10224,192,150,121,100,88
20150307 15:15,152,28,162,31,155,33,97,62,75,28,10224,191,150,121,100,88
20150307 15:16,156,29,160,30,157,39,97,63,76,30,10224,193,150,122,101,88
20150307 15:17,152,32,159,30,148,37,97,63,76,30,10224,192,150,122,101,88
20150307 15:18,157,34,159,31,166,44,97,63,76,30,10225,190,150,122,101,88
20150307 15:19,165,35,159,30,165,44,97,63,76,30,10224,190,150,122,101,88
20150307 15:20,161,33,158,30,157,36,97,63,76,30,10224,187,150,122,101,89
20150307 15:21,160,27,158,30,163,32,97,64,77,32,10224,188,150,122,101,89
20150307 15:22,160,27,157,30,158,43,97,63,76,30,10224,190,150,122,101,89
20150307 15:23,160,32,158,31,161,42,97,62,75,28,10224,189,151,122,101,89
20150307 15:24,156,34,158,31,151,39,96,61,73,25,10224,186,151,122,101,89
20150307 15:25,150,31,157,31,148,37,95,62,74,26,10224,184,151,122,101,89
20150307 15:26,154,29,158,31,160,37,95,63,75,28,10224,185,151,123,101,89
20150307 15:27,156,27,158,31,152,39,95,62,74,26,10224,188,151,123,101,89
20150307 15:28,159,31,158,31,165,44,95,63,75,28,10224,188,151,123,102,89
20150307 15:29,163,34,158,30,161,39,95,62,74,26,10224,187,151,123,102,89
20150307 15:30,160,33,158,31,159,41,96,63,75,29,10224,186,151,123,102,89
20150307 15:31,157,33,157,32,155,39,95,63,75,28,10224,184,151,123,102,89
20150307 15:32,161,32,158,32,167,38,96,64,76,31,10224,184,151,123,102,89
20150307 15:33,166,30,158,31,165,35,96,64,76,31,10224,186,151,123,102,89
20150307 15:34,164,30,159,31,162,43,96,63,75,29,10224,187,151,123,102,89
20150307 15:35,164,36,161,32,167,50,96,63,75,29,10224,187,151,123,102,90
20150307 15:36,166,33,162,32,166,42,96,62,74,27,10224,187,151,124,102,90
20150307 15:37,167,33,163,33,167,47,96,63,75,29,10224,185,151,124,102,90
20150307 15:38,163,35,163,32,159,38,95,62,74,26,10224,184,151,124,102,90
20150307 15:39,152,35,161,33,145,47,95,62,74,26,10224,183,151,124,102,90
20150307 15:40,152,35,161,33,158,40,94,63,74,27,10224,182,151,124,103,90
20150307 15:41,157,31,161,33,156,36,94,62,73,25,10224,181,151,124,103,90
20150307 15:42,157,31,160,33,158,44,93,62,73,24,10224,181,150,124,103,90
20150307 15:43,164,31,161,33,170,36,94,63,74,27,10224,180,150,124,103,90
20150307 15:44,167,27,161,32,164,35,94,62,73,25,10224,180,150,124,103,90
20150307 15:45,168,30,161,32,171,41,94,63,74,27,10224,181,150,124,103,90
20150307 15:46,172,33,162,32,174,37,94,61,72,23,10224,182,150,124,103,90
20150307 15:47,167,31,162,32,160,36,94,63,74,27,10224,181,150,124,103,90
20150307 15:48,175,28,165,31,191,35,94,63,74,27,10224,180,150,125,103,90
20150307 15:49,174,30,166,31,158,41,95,63,75,28,10224,177,150,125,103,90
20150307 15:50,162,30,167,30,166,34,94,63,74,27,10224,176,150,125,103,90
20150307 15:51,165,29,168,30,164,45,95,63,75,28,10224,175,150,125,103,91
20150307 15:52,173,33,170,30,181,43,95,63,75,28,10224,176,150,125,104,91
20150307 15:53,180,32,171,31,179,44,94,62,73,25,10224,174,150,125,104,91
20150307 15:54,176,35,172,32,174,45,93,61,71,22,10224,173,150,125,104,91
20150307 15:55,177,32,173,31,180,37,93,61,71,22,10224,172,149,125,104,91
20150307 15:56,190,22,175,30,199,27,93,61,71,22,10223,172,149,125,104,91
20150307 15:57,199,24,179,29,199,35,93,61,71,22,10223,170,149,125,104,91
20150307 15:58,204,26,181,29,208,32,93,62,73,24,10223,170,149,125,104,91
20150307 15:59,191,20,182,27,173,22,94,63,74,27,10223,171,149,125,104,91
20150307 16:00,176,22,183,28,178,40,94,62,73,25,10223,172,149,125,104,91
20150307 16:01,172,28,184,27,167,35,94,61,72,23,10223,172,149,125,104,91
20150307 16:02,173,28,184,27,179,33,93,61,71,22,10223,170,149,125,104,91
20150307 16:03,181,26,184,26,184,33,93,61,71,22,10223,169,148,125,104,91
20150307 16:04,184,25,185,25,184,33,93,61,71,22,10223,169,148,126,104,91
20150307 16:05,183,26,185,25,182,29,93,60,70,19,10223,170,148,126,105,91
20150307 16:06,180,25,183,25,178,39,93,61,71,22,10223,170,148,126,105,91
20150307 16:07,173,28,180,25,168,35,93,62,73,24,10223,167,148,126,105,92
20150307 16:08,174,28,177,26,180,30,92,62,72,23,10223,166,148,126,105,92
20150307 16:09,179,28,178,27,179,38,93,62,73,24,10223,167,148,126,105,92
20150307 16:10,176,27,177,27,173,32,92,61,71,21,10223,165,147,126,105,92
20150307 16:11,179,28,179,27,185,39,92,62,72,23,10223,165,147,126,105,92
20150307 16:12,183,32,179,28,180,39,92,62,72,23,10224,164,147,126,105,92
20150307 16:13,181,27,179,27,182,32,92,62,72,23,10224,163,147,126,105,92
20150307 16:14,179,23,178,27,175,32,92,63,73,25,10224,163,147,126,105,92
20150307 16:15,179,24,178,27,183,36,93,63,74,26,10224,163,147,126,105,92
20150307 16:16,172,22,177,27,162,28,93,63,74,26,10224,161,146,126,105,92
20150307 16:17,176,25,179,27,189,38,93,63,74,26,10224,160,146,126,105,92
20150307 16:18,190,30,180,27,191,45,93,62,73,24,10224,159,146,126,106,92
20150307 16:19,182,31,179,27,174,44,93,62,73,24,10224,156,146,126,106,92
20150307 16:20,183,32,181,28,192,41,92,61,71,21,10224,156,145,126,106,92
20150307 16:21,189,34,181,28,186,47,92,61,71,21,10223,154,145,126,106,92
20150307 16:22,183,35,181,29,180,47,91,61,70,20,10223,152,145,126,106,92
20150307 16:23,170,31,179,29,159,37,91,62,72,22,10223,154,145,126,106,93
20150307 16:24,162,25,178,29,164,33,92,63,73,25,10223,155,145,126,106,93
20150307 16:25,167,24,177,29,170,31,92,64,74,28,10223,155,144,126,106,93
20150307 16:26,170,27,178,30,170,39,92,64,74,28,10223,153,144,126,106,93
20150307 16:27,168,25,175,29,165,27,92,63,73,25,10223,151,144,126,106,93
20150307 16:28,167,26,173,29,170,41,92,64,74,28,10223,151,144,126,106,93
20150307 16:29,171,30,173,29,172,35,92,64,74,28,10223,150,143,126,106,93
20150307 16:30,172,26,171,28,171,33,92,63,73,25,10223,149,143,126,106,93
20150307 16:31,165,27,168,27,160,37,92,63,73,25,10223,148,143,126,106,93
20150307 16:32,170,29,168,26,180,35,91,62,72,22,10223,147,143,126,107,93
20150307 16:33,186,26,171,26,193,39,91,62,72,22,10224,147,142,126,107,93
20150307 16:34,189,24,174,26,185,34,91,62,72,22,10224,148,142,126,107,93
20150307 16:35,180,26,174,27,175,40,90,62,71,21,10224,148,142,126,107,93
20150307 16:36,179,27,175,27,184,35,90,62,71,21,10224,146,142,126,107,93
20150307 16:37,183,29,177,27,182,40,90,62,71,21,10224,146,141,126,107,93
20150307 16:38,179,31,178,28,176,40,90,63,72,23,10224,144,141,126,107,93
20150307 16:39,181,31,179,28,186,44,90,63,72,23,10224,143,141,126,107,94
20150307 16:40,186,29,181,28,186,36,90,64,73,26,10224,141,140,126,107,94
20150307 16:41,186,29,183,28,187,39,90,63,72,23,10224,141,140,126,107,94
20150307 16:42,183,28,183,28,180,33,90,63,72,23,10224,141,140,126,107,94
20150307 16:43,182,25,183,28,185,28,90,64,73,26,10224,141,140,126,107,94
20150307 16:44,178,24,181,28,172,32,90,63,72,23,10225,139,139,126,107,94
20150307 16:45,171,25,181,28,169,33,90,64,73,26,10225,139,139,126,107,94
20150307 16:46,169,27,179,28,168,35,90,63,72,23,10225,137,139,126,107,94
20150307 16:47,176,29,179,28,184,38,89,63,72,22,10225,136,138,126,107,94
20150307 16:48,187,27,181,27,190,30,89,63,72,22,10225,135,138,126,108,94
20150307 16:49,181,24,179,26,172,31,89,63,72,22,10226,134,138,126,108,94
20150307 16:50,186,22,181,26,201,31,89,64,73,25,10226,135,137,126,108,94
20150307 16:51,201,23,182,25,201,33,89,64,73,25,10226,132,137,126,108,94
20150307 16:52,196,25,183,25,191,32,89,64,73,25,10225,129,137,126,108,94
20150307 16:53,189,26,183,26,186,34,89,65,74,27,10225,129,137,126,108,94
20150307 16:54,184,25,184,25,182,28,89,65,74,27,10225,128,136,125,108,94
20150307 16:55,181,23,186,25,180,31,89,66,75,29,10226,129,136,125,108,94
20150307 16:56,190,21,189,24,199,27,88,65,74,26,10226,130,136,125,108,95
20150307 16:57,189,19,188,23,180,23,88,65,74,26,10226,130,135,125,108,95
20150307 16:58,180,18,187,22,180,22,89,66,75,29,10226,130,135,125,108,95
20150307 16:59,177,15,187,21,175,16,89,65,74,27,10226,130,135,125,108,95
20150307 17:00,173,14,184,21,171,25,89,66,75,29,10226,130,134,125,108,95
20150307 17:01,170,19,181,20,169,26,89,65,74,27,10226,129,134,125,108,95
20150307 17:02,169,20,179,20,169,26,89,63,72,22,10226,127,134,125,108,95
20150307 17:03,176,14,179,18,184,15,89,64,73,25,10226,127,133,125,108,95
20150307 17:04,189,10,180,17,193,13,89,64,73,25,10226,127,133,125,108,95
20150307 17:05,186,10,180,15,180,19,89,65,74,27,10226,126,133,125,108,95
20150307 17:06,187,15,179,15,194,26,89,65,74,27,10226,125,132,125,108,95
20150307 17:07,189,21,180,16,184,25,89,65,74,27,10226,124,132,125,108,95
20150307 17:08,187,21,181,16,190,23,88,65,74,26,10226,123,132,124,108,95
20150307 17:09,180,20,180,17,170,24,88,65,74,26,10226,122,132,124,108,95
20150307 17:10,177,16,182,16,185,17,88,65,74,26,10226,122,131,124,108,95
20150307 17:11,190,12,184,15,194,16,88,65,74,26,10226,121,131,124,109,95
20150307 17:12,192,14,186,15,189,19,88,65,74,26,10226,120,131,124,109,95
20150307 17:13,186,13,186,15,183,19,88,65,74,26,10226,120,130,124,109,95
20150307 17:14,190,9,187,15,197,11,88,66,75,28,10226,119,130,124,109,95
20150307 17:15,190,5,187,14,183,8,88,66,75,28,10226,118,130,124,109,96
20150307 17:16,180,5,185,13,177,9,88,66,75,28,10226,115,130,124,109,96
20150307 17:17,167,8,183,12,157,14,88,66,75,28,10226,114,129,124,109,96
20150307 17:18,162,10,180,11,166,18,87,66,74,27,10226,113,129,124,109,96
20150307 17:19,171,14,181,11,175,19,87,67,75,29,10226,111,129,124,109,96
20150307 17:20,167,21,178,12,160,32,87,67,75,29,10226,110,128,123,109,96
20150307 17:21,157,31,174,15,154,63,87,67,75,29,10226,108,128,123,109,96
20150307 17:22,125,43,166,18,96,68,86,64,71,22,10226,105,128,123,109,96
20150307 17:23,80,43,157,20,65,46,86,61,68,15,10227,101,127,123,109,96
20150307 17:24,61,33,144,22,57,42,86,61,68,15,10227,98,127,123,109,96
20150307 17:25,54,28,130,25,52,37,86,60,67,13,10227,97,127,123,109,96
20150307 17:26,54,26,115,26,57,35,86,60,67,13,10227,96,126,123,109,96
20150307 17:27,56,22,101,28,56,30,86,60,67,13,10227,96,126,123,109,96
20150307 17:28,59,22,88,29,62,34,86,60,67,13,10227,96,126,123,109,96
20150307 17:29,60,23,77,29,58,33,86,59,66,10,10227,94,125,123,109,96
20150307 17:30,59,25,69,30,59,34,86,58,65,8,10227,93,125,122,109,96
20150307 17:31,58,27,62,29,57,43,85,58,64,7,10227,92,124,122,109,96
20150307 17:32,62,26,59,26,68,28,85,58,64,7,10227,91,124,122,109,96
20150307 17:33,68,23,59,25,67,32,85,59,65,10,10227,90,123,122,109,96
20150307 17:34,65,27,60,25,63,41,85,60,67,12,10227,89,123,122,109,96
20150307 17:35,66,32,62,26,69,38,84,59,65,9,10227,87,123,122,109,97
20150307 17:36,68,29,63,26,66,36,84,59,65,9,10227,86,122,122,109,97
20150307 17:37,66,25,63,26,65,34,84,60,66,11,10227,85,122,122,109,97
20150307 17:38,64,26,64,27,63,37,83,60,66,10,10227,84,121,121,109,97
20150307 17:39,57,28,63,27,51,46,83,59,65,8,10227,84,121,121,109,97
20150307 17:40,55,29,63,28,59,42,83,58,63,5,10227,83,120,121,109,97
20150307 17:41,58,28,63,28,58,38,83,58,63,5,10227,82,120,121,109,97
20150307 17:42,55,24,61,27,52,30,82,59,64,7,10228,81,119,121,109,97
20150307 17:43,56,23,61,28,60,37,82,59,64,7,10228,80,119,121,109,97
20150307 17:44,62,25,61,27,63,33,82,59,64,7,10228,80,118,121,109,97
20150307 17:45,62,25,60,26,60,40,82,60,65,9,10228,79,118,121,109,97
20150307 17:46,62,27,59,26,63,35,81,60,65,8,10229,79,117,120,109,97
20150307 17:47,60,27,59,26,58,33,81,60,65,8,10229,78,117,120,109,97
20150307 17:48,56,26,58,26,55,35,81,60,65,8,10229,77,116,120,109,97
20150307 17:49,57,29,59,26,59,46,80,59,63,5,10229,77,116,120,109,97
20150307 17:50,62,29,59,26,65,44,80,59,63,5,10229,76,115,120,109,97
20150307 17:51,62,27,59,26,58,42,80,59,63,5,10229,75,115,120,109,97
20150307 17:52,58,28,60,27,58,32,80,60,64,7,10229,74,114,119,109,97
20150307 17:53,60,24,60,27,61,31,80,60,64,7,10229,74,114,119,109,97
20150307 17:54,63,21,60,26,65,32,79,61,65,9,10229,73,113,119,109,97
20150307 17:55,63,21,60,26,62,31,79,61,65,9,10229,73,113,119,109,97
20150307 17:56,59,21,60,25,55,25,79,61,65,9,10230,72,112,119,109,97
20150307 17:57,55,18,59,24,54,23,78,61,65,8,10230,72,112,119,109,97
20150307 17:58,56,17,59,23,58,22,78,61,65,8,10230,71,111,118,109,97
20150307 17:59,57,19,59,22,57,26,78,61,65,8,10230,71,111,118,109,98
20150307 18:00,61,21,59,22,65,29,78,62,66,10,10230,71,110,118,109,98
20150307 18:01,67,23,60,21,69,33,77,62,65,9,10230,70,110,118,109,98
20150307 18:02,67,21,61,20,66,27,77,62,65,9,10230,70,109,118,109,98
20150307 18:03,70,20,63,20,75,28,77,62,65,9,10230,69,109,118,109,98
20150307 18:04,75,20,64,20,76,26,76,63,66,10,10230,69,109,117,109,98
20150307 18:05,77,18,65,20,78,22,76,63,66,10,10230,68,108,117,109,98
20150307 18:06,82,18,68,20,87,23,75,64,66,11,10230,68,108,117,109,98
20150307 18:07,87,20,72,20,87,27,75,64,66,11,10230,67,107,117,109,98
20150307 18:08,97,21,77,20,107,35,75,65,67,14,10230,67,107,117,109,98
20150307 18:09,98,24,80,21,89,42,74,65,67,13,10230,66,106,116,109,98
20150307 18:10,92,27,83,22,94,32,74,67,69,17,10230,66,106,116,109,98
20150307 18:11,99,25,86,22,104,35,74,67,69,17,10230,66,106,116,109,98
20150307 18:12,101,24,89,22,98,32,74,68,70,19,10230,66,105,116,109,98
20150307 18:13,96,22,92,22,95,30,73,69,71,20,10230,65,105,116,109,98
20150307 18:14,91,23,93,23,87,37,73,69,71,20,10230,65,105,115,109,98
20150307 18:15,90,25,94,23,92,30,73,69,71,20,10230,65,104,115,109,98
20150307 18:16,94,20,95,23,96,23,73,70,72,22,10230,65,104,115,109,98
20150307 18:17,96,18,96,23,96,29,72,70,71,21,10230,64,103,115,109,98
20150307 18:18,93,20,94,23,90,33,72,71,72,23,10230,64,103,114,109,98
20150307 18:19,90,25,94,23,90,41,72,71,72,23,10230,64,103,114,109,98
20150307 18:20,90,27,94,23,91,32,72,71,72,23,10231,64,102,114,109,98
20150307 18:21,89,25,92,23,87,34,71,71,72,22,10231,64,102,114,109,98
20150307 18:22,88,23,91,23,89,26,71,71,72,22,10231,64,101,114,109,98
20150307 18:23,92,22,91,23,95,32,71,71,72,22,10231,63,101,114,109,98
20150307 18:24,92,23,91,23,89,31,71,71,72,22,10230,63,101,113,108,98
20150307 18:25,92,26,92,23,94,33,71,71,72,22,10230,63,100,113,108,98
20150307 18:26,90,24,91,23,86,24,71,70,71,20,10230,63,100,113,108,98
20150307 18:27,91,25,91,24,95,35,70,70,70,19,10230,63,100,113,108,98
20150307 18:28,94,26,91,25,93,29,70,70,70,19,10230,62,99,112,108,98
20150307 18:29,96,21,92,24,98,31,70,71,71,21,10230,62,99,112,108,98
20150307 18:30,101,19,93,23,103,29,70,71,71,21,10230,61,99,112,108,98
20150307 18:31,99,18,94,22,95,25,70,71,71,21,10230,61,98,112,108,98
20150307 18:32,97,19,95,22,99,25,69,71,71,20,10231,61,98,112,108,98
20150307 18:33,101,21,95,22,102,30,69,72,72,22,10231,61,98,111,108,99
20150307 18:34,103,23,97,22,104,30,69,72,72,22,10231,60,98,111,108,99
20150307 18:35,105,21,98,21,106,23,69,72,72,22,10231,60,97,111,108,99
20150307 18:36,106,19,100,21,107,25,69,72,72,22,10231,59,97,111,108,99
20150307 18:37,104,21,101,21,101,31,68,73,72,23,10231,59,97,111,108,99
20150307 18:38,101,22,102,21,101,29,68,72,71,21,10231,59,96,110,108,99
20150307 18:39,104,24,102,21,106,36,68,72,71,21,10231,59,96,110,108,99
20150307 18:40,108,23,103,21,110,35,68,72,71,21,10231,59,96,110,108,99
20150307 18:41,107,20,104,22,103,27,67,72,71,20,10231,59,95,110,108,99
20150307 18:42,107,22,105,22,110,36,67,73,72,22,10231,58,95,110,108,99
20150307 18:43,108,26,105,23,106,39,67,73,72,22,10231,58,95,109,108,99
20150307 18:44,105,26,105,23,104,33,67,73,72,22,10231,58,95,109,108,99
20150307 18:45,104,25,105,23,103,34,67,72,71,20,10231,58,94,109,107,99
20150307 18:46,107,23,105,23,110,28,67,72,71,20,10231,58,94,109,107,99
20150307 18:47,109,24,106,24,107,36,66,72,70,19,10231,58,94,108,107,99
20150307 18:48,106,25,106,24,104,33,66,72,70,19,10232,58,93,108,107,99
20150307 18:49,106,23,106,24,108,31,66,73,71,21,10231,57,93,108,107,99
20150307 18:50,108,25,106,24,109,35,66,73,71,21,10231,57,93,108,107,99
20150307 18:51,107,27,106,25,104,33,66,72,70,19,10231,57,93,108,107,99
20150307 18:52,104,25,106,25,104,29,66,72,70,19,10231,57,92,108,107,99
20150307 18:53,105,24,106,25,107,34,66,72,70,19,10231,57,92,107,107,99
20150307 18:54,107,26,106,25,108,36,65,72,70,18,10231,56,92,107,107,99
20150307 18:55,107,27,107,25,107,31,65,72,70,18,10231,56,91,107,107,99
20150307 18:56,105,24,106,25,102,28,65,73,71,20,10231,55,91,107,107,99
20150307 18:57,101,23,105,25,100,30,65,73,71,20,10231,55,91,107,107,99
20150307 18:58,101,22,105,24,102,30,65,73,71,20,10231,55,91,106,107,99
20150307 18:59,101,20,104,24,101,26,64,73,70,19,10231,55,90,106,107,99
20150307 19:00,100,21,103,24,99,28,64,73,70,19,10231,55,90,106,106,99
20150307 19:01,102,20,103,23,105,23,64,73,70,19,10231,54,90,106,106,99
20150307 19:02,105,19,103,22,104,25,64,73,70,19,10232,54,90,106,106,99
20150307 19:03,104,19,103,22,103,26,64,73,70,19,10232,54,89,105,106,99
20150307 19:04,103,20,103,21,103,27,63,74,71,20,10232,53,89,105,106,99
20150307 19:05,100,20,102,20,98,27,63,74,71,20,10233,53,89,105,106,99
20150307 19:06,99,18,102,20,100,22,63,74,71,20,10233,53,89,105,106,99
20150307 19:07,98,17,101,19,96,24,63,74,71,20,10233,52,88,105,106,99
20150307 19:08,96,19,100,19,95,26,63,74,71,20,10233,52,88,104,106,99
20150307 19:09,97,20,100,19,98,24,63,74,71,20,10233,52,88,104,106,99
20150307 19:10,95,19,99,19,92,23,63,74,71,20,10232,52,88,104,106,99
20150307 19:11,94,18,99,19,97,25,62,74,70,19,10232,51,87,104,106,99
20150307 19:12,100,20,99,19,103,27,62,74,70,19,10232,51,87,104,106,99
20150307 19:13,98,21,98,19,94,26,62,74,70,19,10232,51,87,103,106,99
20150307 19:14,98,19,97,19,101,24,62,74,70,19,10233,51,87,103,106,99
20150307 19:15,100,17,97,19,98,22,62,74,70,19,10233,51,86,103,105,99
20150307 19:16,100,19,98,19,103,23,62,74,70,19,10234,51,86,103,105,99
20150307 19:17,101,19,98,19,99,24,62,75,71,21,10234,50,86,103,105,99
20150307 19:18,99,19,98,19,99,30,62,75,71,21,10234,50,86,102,105,99
20150307 19:19,99,17,99,18,100,20,61,75,71,20,10234,50,85,102,105,99
20150307 19:20,97,15,99,18,95,22,61,75,71,20,10234,50,85,102,105,99
20150307 19:21,97,14,99,18,100,16,61,75,71,20,10235,50,85,102,105,99
20150307 19:22,101,15,99,17,103,21,61,75,71,20,10235,49,85,102,105,99
20150307 19:23,101,15,100,16,100,19,61,75,71,20,10235,49,85,102,105,99
20150307 19:24,102,14,100,16,103,18,61,76,72,22,10235,48,84,101,105,99
20150307 19:25,101,13,100,16,99,15,60,76,71,21,10235,48,84,101,105,99
20150307 19:26,98,13,99,15,96,15,60,76,71,21,10236,48,84,101,105,99
20150307 19:27,95,14,99,14,94,19,60,76,71,21,10236,48,84,101,104,99
20150307 19:28,94,15,99,14,95,17,60,76,71,21,10236,48,83,101,104,99
20150307 19:29,93,15,98,14,92,19,60,77,72,23,10236,48,83,101,104,99
20150307 19:30,95,14,98,14,98,17,59,77,71,22,10236,48,83,100,104,99
20150307 19:31,95,12,97,14,92,14,59,77,71,22,10236,48,83,100,104,99
20150307 19:32,93,12,96,14,93,15,59,77,71,22,10236,48,83,100,104,99
20150307 19:33,92,13,95,13,91,14,59,77,71,22,10236,48,82,100,104,99
20150307 19:34,92,13,94,13,93,17,59,77,71,22,10236,48,82,100,104,99
20150307 19:35,94,13,94,13,94,16,58,78,72,23,10237,48,82,99,104,99
20150307 19:36,93,13,93,13,92,15,58,78,72,23,10237,47,82,99,104,99
20150307 19:37,94,10,94,13,96,10,58,78,72,23,10237,47,82,99,104,99
20150307 19:38,93,9,93,12,90,12,58,78,72,23,10237,48,81,99,104,99
20150307 19:39,97,11,94,12,104,19,58,78,72,23,10238,48,81,99,104,99
20150307 19:40,102,11,94,12,100,14,57,78,71,22,10238,47,81,99,103,99
20150307 19:41,99,9,95,11,98,10,57,78,71,22,10238,47,81,98,103,99
20150307 19:42,100,9,96,11,102,16,57,78,71,22,10238,47,81,98,103,99
20150307 19:43,100,10,97,11,99,13,57,79,72,23,10238,46,80,98,103,99
20150307 19:44,98,9,97,10,97,12,57,79,72,23,10239,46,80,98,103,99
20150307 19:45,99,10,98,10,101,12,57,79,72,23,10239,46,80,98,103,99
20150307 19:46,100,9,99,10,99,9,56,79,72,23,10239,46,80,98,103,99
20150307 19:47,98,7,99,9,98,8,56,79,72,23,10239,46,80,97,103,99
20150307 19:48,103,8,101,9,108,12,56,79,72,23,10239,46,80,97,103,99
20150307 19:49,108,10,101,9,108,14,56,80,73,24,10239,45,79,97,103,99
20150307 19:50,108,12,102,9,108,14,55,80,72,23,10239,45,79,97,103,98
20150307 19:51,110,12,103,10,113,13,55,80,72,23,10239,45,79,97,103,98
20150307 19:52,113,12,104,10,113,16,55,80,72,23,10239,44,79,97,102,98
20150307 19:53,112,14,106,11,111,18,55,81,73,25,10239,44,79,96,102,98
20150307 19:54,112,15,107,11,114,17,55,81,73,25,10239,44,79,96,102,98
20150307 19:55,114,14,109,11,114,15,55,81,73,25,10239,44,78,96,102,98
20150307 19:56,112,13,110,12,109,16,54,81,73,24,10239,44,78,96,102,98
20150307 19:57,109,11,111,12,108,12,54,81,73,24,10239,44,78,96,102,98
20150307 19:58,109,10,111,12,110,14,54,81,73,24,10239,44,78,96,102,98
20150307 19:59,108,10,111,12,105,12,54,82,74,26,10239,44,78,95,102,98
20150307 20:00,104,9,110,12,103,12,54,82,74,26,10240,44,78,95,102,98
