time_now,wd_avg_2mins,ws_avg_2mins,wd_avg_10mins,ws_avg_10mins,wd_maxsp_this_min,ws_maxsp_this_min,air_temp_by_box,relative_humidity,water_vapor_pressure,dew_temp,station_pressure,ground_temp_pt,ground_tem_5cm,ground_tem_10cm,ground_tem_15cm,ground_tem_20cm
20151215 20:01,282,17,287,21,280,25,66,81,79,36,10247,45,63,85,97,103
20151215 20:02,282,18,287,20,283,29,66,81,79,36,10247,46,63,85,97,103
20151215 20:03,282,18,286,20,282,26,66,81,79,36,10247,46,63,85,97,103
20151215 20:04,276,16,284,19,271,20,66,81,79,36,10247,47,63,85,97,103
20151215 20:05,274,17,283,19,278,23,66,81,79,36,10247,48,63,85,97,103
20151215 20:06,287,17,282,18,295,19,66,81,79,36,10247,49,63,85,97,103
20151215 20:07,292,19,283,19,289,42,66,81,79,36,10247,49,63,85,97,103
20151215 20:08,286,22,283,19,283,30,66,81,79,36,10247,50,63,85,97,103
20151215 20:09,289,23,284,19,295,32,66,81,79,36,10248,50,63,84,97,103
20151215 20:10,299,23,286,19,302,36,67,81,79,37,10248,51,63,84,97,103
20151215 20:11,297,26,287,20,292,40,67,81,79,37,10248,51,63,84,97,103
20151215 20:12,295,23,289,20,298,29,68,81,80,38,10248,52,63,84,97,103
20151215 20:13,292,22,289,21,286,34,68,81,80,38,10249,52,63,84,97,103
20151215 20:14,291,29,291,23,295,43,68,81,80,38,10249,53,63,84,97,103
20151215 20:15,299,30,294,24,303,37,69,81,81,39,10249,53,63,84,97,103
20151215 20:16,303,28,295,25,303,39,69,81,81,39,10249,54,63,84,96,103
20151215 20:17,300,28,296,26,298,37,70,81,81,40,10248,54,63,84,96,103
20151215 20:18,295,24,296,26,292,28,70,80,80,38,10248,54,63,84,96,103
20151215 20:19,297,26,297,26,301,45,70,80,80,38,10248,55,63,84,96,103
20151215 20:20,302,33,297,28,303,52,70,80,80,38,10248,55,63,84,96,103
20151215 20:21,297,36,297,28,292,47,71,80,81,39,10247,56,63,84,96,103
20151215 20:22,295,30,297,29,297,47,71,80,81,39,10247,56,63,84,96,103
20151215 20:23,303,23,299,29,309,33,71,80,81,39,10247,56,63,84,96,103
20151215 20:24,305,26,300,28,302,45,71,80,81,39,10247,56,63,84,96,103
20151215 20:25,302,30,300,29,302,42,71,80,81,39,10247,56,64,84,96,103
20151215 20:26,300,34,299,30,298,57,72,79,80,38,10247,57,64,84,96,103
20151215 20:27,299,31,299,29,299,39,72,79,80,38,10247,57,64,83,96,103
20151215 20:28,302,22,301,29,304,24,72,79,80,38,10247,57,64,83,96,103
20151215 20:29,304,23,301,29,304,42,72,79,80,38,10247,57,64,83,96,103
20151215 20:30,299,28,300,28,295,41,72,79,80,38,10247,58,64,83,96,103
20151215 20:31,296,30,301,27,297,45,72,79,80,38,10247,58,64,83,96,103
20151215 20:32,294,29,300,28,290,37,73,79,81,39,10247,58,64,83,96,103
20151215 20:33,291,29,298,29,292,44,73,79,81,39,10247,58,64,83,96,103
20151215 20:34,295,27,298,28,298,40,73,79,81,39,10247,58,65,83,96,103
20151215 20:35,292,30,296,29,286,54,73,79,81,39,10247,58,65,83,96,103
20151215 20:36,286,34,295,28,286,44,73,79,81,39,10246,59,65,83,96,103
20151215 20:37,294,28,296,28,303,36,73,78,80,37,10246,59,65,83,96,103
20151215 20:38,309,27,297,29,316,44,73,78,80,37,10246,59,65,83,96,102
20151215 20:39,300,25,295,28,284,24,73,78,80,37,10246,59,65,83,95,103
20151215 20:40,292,24,295,28,299,37,73,79,81,39,10245,59,65,83,95,102
20151215 20:41,297,27,295,28,295,36,73,79,81,39,10245,59,65,83,95,102
20151215 20:42,297,23,296,27,298,27,74,79,81,40,10245,59,65,83,95,102
20151215 20:43,299,23,296,27,299,36,74,79,81,40,10244,59,65,83,95,102
20151215 20:44,303,31,297,28,307,48,74,79,81,40,10244,59,66,83,95,102
20151215 20:45,305,31,299,27,304,35,74,78,80,38,10244,59,66,83,95,102
20151215 20:46,302,24,301,26,300,27,74,78,80,38,10243,59,66,83,95,102
20151215 20:47,298,22,300,26,296,27,74,78,80,38,10243,59,66,83,95,102
20151215 20:48,301,22,299,25,307,28,74,78,80,38,10243,59,66,83,95,102
20151215 20:49,306,25,301,26,305,44,74,78,80,38,10243,59,66,83,95,102
20151215 20:50,306,29,302,26,307,42,74,79,81,40,10243,60,66,83,95,102
20151215 20:51,304,32,302,27,300,41,74,78,80,38,10243,60,66,83,95,102
20151215 20:52,303,30,303,27,306,41,74,78,80,38,10243,60,66,83,95,102
20151215 20:53,304,24,303,27,302,34,74,78,80,38,10243,60,66,83,95,102
20151215 20:54,303,21,303,25,304,26,74,78,80,38,10243,60,66,83,95,102
20151215 20:55,307,23,304,25,310,36,74,78,80,38,10243,60,66,83,95,102
20151215 20:56,301,23,303,25,292,24,75,78,81,39,10243,60,66,83,95,102
20151215 20:57,285,14,301,24,276,18,74,78,80,38,10243,60,67,83,95,102
20151215 20:58,281,13,299,23,285,27,74,78,80,38,10243,60,67,83,95,102
20151215 20:59,280,22,296,23,275,37,74,78,80,38,10243,60,67,83,95,102
20151215 21:00,278,24,293,22,282,29,75,78,81,39,10244,60,67,82,95,102
20151215 21:01,284,23,292,22,286,35,75,78,81,39,10244,61,67,82,95,102
20151215 21:02,284,26,289,21,282,33,75,78,81,39,10244,61,67,82,95,102
20151215 21:03,276,23,286,21,269,31,75,78,81,39,10244,61,67,82,95,102
20151215 21:04,276,19,284,21,282,24,75,78,81,39,10244,61,67,82,95,102
20151215 21:05,287,17,282,20,292,20,75,78,81,39,10244,61,67,82,95,102
20151215 21:06,289,19,281,20,285,32,75,78,81,39,10244,61,67,82,95,102
20151215 21:07,281,21,281,21,276,26,75,78,81,39,10244,61,67,82,94,102
20151215 21:08,281,19,282,22,286,22,75,78,81,39,10244,61,67,82,94,102
20151215 21:09,284,17,282,20,283,20,75,78,81,39,10243,61,67,82,94,102
20151215 21:10,283,15,283,20,284,18,75,78,81,39,10243,61,67,82,94,102
20151215 21:11,282,14,282,18,280,18,75,78,81,39,10243,61,67,82,94,102
20151215 21:12,281,14,282,17,282,18,75,79,82,41,10243,61,68,82,94,102
20151215 21:13,277,15,282,17,271,23,75,79,82,41,10243,61,68,82,94,102
20151215 21:14,274,16,282,17,277,20,75,79,82,41,10243,62,68,82,94,102
20151215 21:15,276,15,280,17,275,19,75,79,82,41,10243,62,68,82,94,102
20151215 21:16,270,15,278,16,265,21,75,79,82,41,10243,62,68,82,94,102
20151215 21:17,268,17,277,16,271,21,75,79,82,41,10244,62,68,82,94,102
20151215 21:18,272,17,276,16,274,24,75,79,82,41,10244,62,68,82,94,102
20151215 21:19,268,17,274,16,262,22,75,79,82,41,10244,62,68,82,94,102
20151215 21:20,260,15,272,15,258,15,75,79,82,41,10244,62,68,82,94,102
20151215 21:21,259,15,270,16,261,30,74,79,81,40,10244,62,68,82,94,101
20151215 21:22,264,16,268,16,267,23,75,79,82,41,10244,62,68,82,94,101
20151215 21:23,263,14,267,15,259,17,74,79,81,40,10245,62,68,82,94,101
20151215 21:24,264,14,266,15,269,27,74,79,81,40,10245,62,68,82,94,101
20151215 21:25,270,17,266,16,271,22,74,80,82,42,10245,62,68,82,94,101
20151215 21:26,272,17,266,16,272,25,74,80,82,42,10245,62,68,82,94,101
20151215 21:27,267,15,265,16,261,19,74,80,82,42,10245,62,68,82,94,101
20151215 21:28,267,13,265,15,272,14,74,80,82,42,10245,62,68,82,94,101
20151215 21:29,272,12,266,15,271,16,74,80,82,42,10245,62,68,82,94,101
20151215 21:30,272,16,268,15,272,25,74,80,82,42,10245,62,69,82,94,101
20151215 21:31,274,18,269,15,275,23,74,80,82,42,10246,62,69,82,94,101
20151215 21:32,273,16,269,15,272,24,74,80,82,42,10246,63,69,82,94,101
20151215 21:33,269,16,270,16,266,21,74,80,82,42,10246,63,69,82,94,101
20151215 21:34,269,17,270,16,272,22,74,80,82,42,10246,63,69,82,94,101
20151215 21:35,272,19,270,16,271,25,74,81,83,44,10246,63,69,82,94,101
20151215 21:36,272,19,271,16,273,23,74,81,83,44,10246,63,69,82,94,101
20151215 21:37,274,17,272,17,275,21,74,81,83,44,10246,63,69,82,94,101
20151215 21:38,274,16,272,17,273,23,74,81,83,44,10246,63,69,82,94,101
20151215 21:39,272,17,272,18,271,26,74,81,83,44,10247,63,69,82,94,101
20151215 21:40,271,17,272,17,272,19,74,81,83,44,10247,63,69,82,94,101
20151215 21:41,270,18,271,18,269,26,74,81,83,44,10247,63,69,82,93,101
20151215 21:42,272,20,272,18,274,25,74,81,83,44,10247,63,69,82,94,101
20151215 21:43,274,20,273,18,275,29,74,81,83,44,10247,63,69,82,93,101
20151215 21:44,276,22,273,19,278,29,74,81,83,44,10247,63,69,82,93,101
20151215 21:45,278,23,274,19,278,28,74,81,83,44,10247,63,69,82,93,101
20151215 21:46,278,21,274,19,278,23,74,81,83,44,10247,63,69,82,93,101
20151215 21:47,276,19,274,20,274,23,74,81,83,44,10247,63,69,82,93,101
20151215 21:48,277,19,275,20,279,23,74,81,83,44,10247,63,69,82,93,101
20151215 21:49,278,20,275,20,277,28,74,82,84,45,10247,63,69,82,93,101
20151215 21:50,278,22,276,21,278,31,74,82,84,45,10247,63,69,82,93,101
20151215 21:51,276,22,277,21,274,28,74,82,84,45,10247,64,69,82,93,101
20151215 21:52,273,20,276,21,272,23,74,82,84,45,10247,63,69,82,93,101
20151215 21:53,272,18,276,21,272,22,74,82,84,45,10247,64,70,82,93,101
20151215 21:54,273,20,276,21,274,33,74,82,84,45,10247,64,70,82,93,101
20151215 21:55,270,23,274,21,266,28,74,82,84,45,10247,64,70,82,93,101
20151215 21:56,273,21,275,21,280,26,74,82,84,45,10247,64,70,82,93,101
20151215 21:57,276,19,274,21,272,23,74,82,84,45,10247,64,70,82,93,101
20151215 21:58,273,18,274,20,274,22,73,82,84,44,10247,64,70,82,93,101
20151215 21:59,274,18,274,20,274,23,73,82,84,44,10247,64,70,82,93,101
20151215 22:00,273,17,273,19,272,18,73,82,84,44,10247,64,70,82,93,101
20151215 22:01,274,16,273,19,275,27,73,82,84,44,10247,64,70,82,93,101
20151215 22:02,282,18,275,19,289,30,73,82,84,44,10247,64,70,82,93,101
20151215 22:03,282,17,275,19,274,17,73,82,84,44,10247,64,70,82,93,101
20151215 22:04,281,13,276,17,288,17,73,82,84,44,10246,64,70,82,93,101
20151215 22:05,284,14,278,17,280,21,73,83,85,46,10246,64,70,82,93,101
20151215 22:06,280,13,278,16,279,17,73,83,85,46,10246,64,70,82,93,101
20151215 22:07,276,14,278,16,272,27,73,83,85,46,10247,64,70,82,93,101
20151215 22:08,273,15,278,15,273,17,73,83,85,46,10247,64,70,82,93,100
20151215 22:09,270,14,277,15,266,18,73,83,85,46,10247,64,70,82,93,100
20151215 22:10,271,16,277,15,275,22,73,83,85,46,10246,64,70,82,93,100
20151215 22:11,274,17,277,15,272,21,73,83,85,46,10246,64,70,82,93,100
20151215 22:12,279,17,276,15,285,24,73,83,85,46,10246,64,70,82,93,100
20151215 22:13,280,18,276,15,274,24,73,83,85,46,10246,64,70,82,93,100
20151215 22:14,273,16,275,15,271,20,73,83,85,46,10246,64,70,82,93,100
20151215 22:15,277,14,275,15,283,23,73,83,85,46,10246,64,70,82,93,100
20151215 22:16,280,16,275,16,277,25,73,83,85,46,10246,64,70,82,93,100
20151215 22:17,277,17,275,16,278,22,73,83,85,46,10246,64,70,82,93,100
20151215 22:18,278,17,276,16,279,22,73,83,85,46,10246,64,70,82,93,100
20151215 22:19,279,17,277,17,279,21,73,83,85,46,10246,64,70,82,93,100
20151215 22:20,284,18,279,17,289,27,73,83,85,46,10246,64,70,82,93,100
20151215 22:21,282,19,279,17,274,22,73,83,85,46,10246,64,71,82,93,100
20151215 22:22,280,18,279,17,287,23,73,83,85,46,10246,64,71,82,93,100
20151215 22:23,291,16,281,17,295,18,73,83,85,46,10246,64,71,82,93,100
20151215 22:24,300,16,284,17,304,26,73,84,86,48,10246,64,71,82,93,100
20151215 22:25,294,18,285,17,284,32,73,84,86,48,10246,64,71,82,93,100
20151215 22:26,283,21,285,18,283,29,73,84,86,48,10246,64,71,82,93,100
20151215 22:27,289,22,287,18,296,28,73,83,85,46,10246,64,71,82,93,100
20151215 22:28,290,19,287,18,283,22,73,83,85,46,10245,64,71,82,93,100
20151215 22:29,279,17,287,18,276,24,73,83,85,46,10245,65,71,82,93,100
20151215 22:30,277,16,286,18,279,19,73,83,85,46,10245,65,71,82,93,100
20151215 22:31,284,16,288,18,289,25,73,83,85,46,10245,65,71,82,93,100
20151215 22:32,284,17,287,18,279,19,73,83,85,46,10245,65,71,82,93,100
20151215 22:33,275,16,284,18,272,30,73,83,85,46,10245,65,71,82,93,100
20151215 22:34,276,19,282,18,281,24,73,83,85,46,10245,65,71,82,93,100
20151215 22:35,278,20,281,18,274,25,73,83,85,46,10245,65,71,82,93,100
20151215 22:36,277,19,281,18,280,25,73,83,85,46,10245,65,71,82,93,100
20151215 22:37,280,21,279,18,280,29,73,83,85,46,10245,65,71,82,93,100
20151215 22:38,284,23,280,19,289,31,73,83,85,46,10244,65,71,82,93,100
20151215 22:39,291,23,281,19,292,28,73,83,85,46,10244,65,71,82,93,100
20151215 22:40,293,23,283,20,294,31,73,83,85,46,10244,65,71,82,93,100
20151215 22:41,298,21,284,20,303,22,73,83,85,46,10244,65,71,82,93,100
20151215 22:42,302,20,287,21,301,35,73,83,85,46,10244,65,71,82,93,100
20151215 22:43,296,18,288,21,291,25,73,83,85,46,10244,65,71,82,93,100
20151215 22:44,291,18,290,21,291,27,73,83,85,46,10244,65,71,82,93,100
20151215 22:45,290,22,291,21,289,33,73,83,85,46,10244,65,71,82,92,100
20151215 22:46,295,22,293,21,301,30,73,83,85,46,10244,65,71,82,92,100
20151215 22:47,296,21,294,21,292,31,73,83,85,46,10245,65,71,82,92,100
20151215 22:48,292,20,295,21,292,26,73,83,85,46,10245,65,71,82,92,100
20151215 22:49,296,18,295,20,300,21,73,83,85,46,10244,65,71,82,92,100
20151215 22:50,290,19,294,20,280,28,74,83,85,47,10244,65,71,82,92,100
20151215 22:51,289,20,294,20,298,26,74,83,85,47,10244,65,71,82,92,100
20151215 22:52,293,19,292,20,288,24,74,83,85,47,10244,65,71,82,92,100
20151215 22:53,295,15,293,19,301,18,74,82,84,45,10244,65,71,82,92,100
20151215 22:54,296,14,293,19,291,29,74,82,84,45,10244,65,71,82,92,100
20151215 22:55,294,22,294,19,296,34,74,82,84,45,10244,65,71,82,92,100
20151215 22:56,296,22,293,19,295,25,74,82,84,45,10244,65,71,82,92,100
20151215 22:57,295,16,294,18,296,21,74,82,84,45,10244,65,71,82,92,100
20151215 22:58,291,16,293,18,287,25,74,82,84,45,10244,65,71,82,92,100
20151215 22:59,285,17,292,18,284,22,74,82,84,45,10244,65,71,82,92,100
20151215 23:00,286,19,292,18,287,27,74,82,84,45,10244,65,71,82,92,100
20151215 23:01,283,23,290,19,278,32,74,82,84,45,10244,65,71,82,92,100
20151215 23:02,283,21,290,19,287,28,74,82,84,45,10244,65,71,82,92,100
20151215 23:03,281,19,288,19,275,28,74,82,84,45,10244,65,71,82,92,100
20151215 23:04,278,18,287,19,281,21,74,82,84,45,10244,65,71,82,92,100
20151215 23:05,276,16,284,18,272,41,74,82,84,45,10245,65,71,83,92,100
20151215 23:06,279,20,283,19,286,40,74,82,84,45,10245,65,71,82,92,100
20151215 23:07,283,24,282,20,280,29,74,82,84,45,10245,65,71,83,92,100
20151215 23:08,278,21,281,20,276,26,74,82,84,45,10245,65,71,82,92,99
20151215 23:09,280,14,281,19,284,18,74,82,84,45,10244,65,72,83,92,99
20151215 23:10,283,14,280,19,283,28,74,82,84,45,10244,65,71,82,92,99
20151215 23:11,285,18,281,18,287,25,74,82,84,45,10244,65,71,82,92,99
20151215 23:12,283,20,280,19,280,32,74,82,84,45,10244,65,71,83,92,99
20151215 23:13,280,20,281,19,280,24,74,82,84,45,10244,65,72,82,92,99
20151215 23:14,285,18,282,19,290,22,74,82,84,45,10243,65,72,82,92,99
20151215 23:15,285,15,283,18,280,22,74,82,84,45,10243,65,72,83,92,99
20151215 23:16,277,16,281,18,274,33,74,82,84,45,10243,65,72,83,92,99
20151215 23:17,286,22,283,18,299,35,74,82,84,45,10243,65,72,83,92,99
20151215 23:18,294,20,285,18,289,22,74,82,84,45,10244,65,72,82,92,99
20151215 23:19,288,17,285,18,287,25,74,82,84,45,10244,65,72,83,92,99
20151215 23:20,283,15,284,18,279,23,74,82,84,45,10244,65,72,82,92,99
20151215 23:21,283,16,284,18,286,25,74,82,84,45,10244,65,72,83,92,99
20151215 23:22,288,15,285,17,290,16,74,82,84,45,10244,65,72,83,92,99
20151215 23:23,289,12,286,16,289,19,74,82,84,45,10244,65,72,83,92,99
20151215 23:24,285,13,285,16,280,18,74,82,84,45,10244,65,72,83,92,99
20151215 23:25,273,12,284,16,267,14,75,82,85,46,10244,65,72,83,92,99
20151215 23:26,270,12,284,15,273,20,75,81,84,45,10244,65,72,83,92,99
20151215 23:27,273,12,281,14,274,16,75,81,84,45,10244,65,72,83,92,99
20151215 23:28,278,12,281,13,283,17,75,81,84,45,10244,65,72,83,92,99
20151215 23:29,276,12,279,13,270,18,75,81,84,45,10244,65,72,83,92,99
20151215 23:30,276,13,279,13,282,20,75,81,84,45,10244,65,72,83,92,99
20151215 23:31,274,17,277,13,266,26,75,81,84,45,10244,65,72,83,92,99
20151215 23:32,269,20,275,14,271,25,75,81,84,45,10244,65,72,83,92,99
20151215 23:33,270,18,273,14,269,23,75,81,84,45,10244,65,72,83,92,99
20151215 23:34,270,16,273,14,271,20,75,81,84,45,10244,65,72,83,92,99
20151215 23:35,271,17,273,15,271,21,75,81,84,45,10244,65,72,83,92,99
20151215 23:36,275,16,274,15,279,19,75,81,84,45,10245,65,72,83,92,99
20151215 23:37,271,16,272,16,262,25,75,81,84,45,10245,65,72,83,92,99
20151215 23:38,260,18,270,17,257,31,75,81,84,45,10245,65,72,83,92,99
20151215 23:39,257,20,268,18,256,26,75,81,84,45,10245,65,72,83,92,99
20151215 23:40,257,19,266,18,257,21,75,81,84,45,10246,66,72,83,92,99
20151215 23:41,260,15,266,17,263,18,75,81,84,45,10246,66,72,83,92,99
20151215 23:42,261,15,264,17,260,22,75,81,84,45,10247,66,72,83,92,99
20151215 23:43,260,14,264,16,260,18,75,81,84,45,10247,66,72,83,92,99
20151215 23:44,263,15,263,16,265,22,75,81,84,45,10247,66,72,83,92,99
20151215 23:45,266,16,263,16,268,18,75,81,84,45,10247,66,72,83,92,99
20151215 23:46,265,20,261,17,262,32,75,81,84,45,10248,66,72,83,92,99
20151215 23:47,262,21,261,17,262,26,75,81,84,45,10248,65,72,83,92,99
20151215 23:48,260,20,261,18,258,29,75,81,84,45,10249,65,72,83,92,99
20151215 23:49,256,19,261,17,254,21,75,81,84,45,10249,65,72,83,92,99
20151215 23:50,253,19,260,18,251,24,75,81,84,45,10249,66,72,83,92,99
20151215 23:51,255,21,260,18,258,26,75,82,85,46,10248,65,72,83,92,99
20151215 23:52,256,17,259,18,253,17,75,82,85,46,10248,66,72,83,92,99
20151215 23:53,256,16,259,19,259,23,75,82,85,46,10248,65,72,83,92,99
20151215 23:54,256,18,258,19,253,25,75,82,85,46,10248,65,72,83,92,99
20151215 23:55,255,18,257,19,256,25,74,82,84,45,10248,65,72,83,92,99
20151215 23:56,257,18,256,18,258,20,74,82,84,45,10248,65,72,83,92,99
20151215 23:57,255,17,255,18,252,24,74,82,84,45,10247,65,72,83,92,99
20151215 23:58,257,15,255,18,261,18,74,82,84,45,10247,65,72,83,92,99
20151215 23:59,260,13,256,17,259,16,74,82,84,45,10247,65,72,83,92,99
20151215 00:00,258,15,257,17,256,24,74,83,85,47,10247,65,72,83,92,99
20151215 00:01,261,16,257,16,266,19,74,83,85,47,10247,65,72,83,92,99
20151215 00:02,265,18,258,17,264,23,74,83,85,47,10247,65,72,83,92,99
20151215 00:03,263,20,259,17,262,28,74,83,85,47,10247,65,72,83,92,99
20151215 00:04,266,19,260,17,270,26,74,83,85,47,10247,65,72,83,92,99
20151215 00:05,271,14,262,16,272,16,74,83,85,47,10247,65,72,83,92,99
20151215 00:06,267,11,263,16,263,14,74,83,85,47,10247,65,72,83,92,99
20151215 00:07,269,11,265,15,276,15,74,83,85,47,10247,65,72,83,92,99
20151215 00:08,270,12,265,15,264,18,74,83,85,47,10247,65,72,83,92,99
20151215 00:09,271,15,267,15,278,24,74,83,85,47,10247,65,72,83,92,99
20151215 00:10,268,15,267,15,258,21,74,83,85,47,10247,65,72,83,92,99
20151215 00:11,262,14,267,15,266,21,74,83,85,47,10246,65,72,83,92,99
20151215 00:12,268,16,268,15,270,21,74,83,85,47,10246,65,72,83,92,99
20151215 00:13,278,16,270,14,286,21,74,83,85,47,10246,65,72,83,92,99
20151215 00:14,282,17,271,14,278,24,74,83,85,47,10246,65,72,83,92,99
20151215 00:15,276,16,271,15,274,18,74,83,85,47,10246,65,72,83,92,99
20151215 00:16,280,14,274,15,287,17,74,83,85,47,10246,65,72,83,92,99
20151215 00:17,284,14,274,15,281,22,74,83,85,47,10246,65,72,83,92,99
20151215 00:18,279,15,276,15,277,24,74,83,85,47,10245,65,72,83,92,99
20151215 00:19,280,18,276,16,283,28,74,83,85,47,10245,65,72,83,92,99
20151215 00:20,288,16,279,16,292,19,74,82,84,45,10246,65,72,83,92,99
20151215 00:21,290,14,282,16,288,20,74,82,84,45,10246,65,72,83,92,99
20151215 00:22,288,16,283,16,287,24,74,82,84,45,10245,65,72,83,92,99
20151215 00:23,285,16,283,16,283,25,74,82,84,45,10245,65,72,83,92,99
20151215 00:24,290,16,285,16,296,22,74,82,84,45,10245,65,72,83,92,99
20151215 00:25,290,14,286,15,285,19,74,82,84,45,10244,65,72,83,92,99
20151215 00:26,288,13,286,15,292,18,74,82,84,45,10244,65,72,83,92,99
20151215 00:27,294,15,288,15,296,18,74,82,84,45,10244,65,72,83,92,99
20151215 00:28,298,13,290,15,301,14,74,82,84,45,10244,65,72,83,92,99
20151215 00:29,292,13,290,14,282,28,74,82,84,45,10244,65,72,83,92,99
20151215 00:30,289,18,290,15,295,32,74,82,84,45,10244,65,72,83,92,99
20151215 00:31,295,20,291,16,295,31,74,81,83,44,10244,65,72,83,92,99
20151215 00:32,294,19,292,16,293,25,74,81,83,44,10243,65,72,83,92,99
20151215 00:33,294,14,293,15,296,17,74,81,83,44,10244,65,72,83,92,99
20151215 00:34,288,12,291,15,279,17,74,81,83,44,10244,65,72,83,92,99
20151215 00:35,281,15,291,16,282,24,74,81,83,44,10244,65,72,83,92,99
20151215 00:36,284,17,290,16,285,19,74,80,82,42,10244,65,72,83,92,99
20151215 00:37,286,14,289,16,287,16,74,80,82,42,10244,65,72,83,92,99
20151215 00:38,284,15,287,16,281,25,74,80,82,42,10244,65,72,83,92,98
20151215 00:39,288,17,289,16,295,23,74,80,82,42,10244,65,72,83,92,98
20151215 00:40,290,15,288,16,284,18,74,80,82,42,10244,65,72,83,92,99
20151215 00:41,279,16,286,16,274,26,74,80,82,42,10244,65,72,83,92,99
20151215 00:42,279,19,285,16,283,24,74,80,82,42,10244,65,72,83,92,98
20151215 00:43,285,20,284,17,286,30,75,79,82,41,10244,65,72,83,92,98
20151215 00:44,282,19,283,17,278,24,75,79,82,41,10244,65,72,83,92,98
20151215 00:45,285,16,284,17,292,20,75,79,82,41,10244,65,72,83,92,98
20151215 00:46,288,18,284,17,285,23,75,79,82,41,10243,65,72,83,92,98
20151215 00:47,290,19,285,18,296,30,75,79,82,41,10243,65,72,83,92,98
20151215 00:48,286,22,285,19,276,30,75,79,82,41,10243,65,72,83,92,98
20151215 00:49,281,23,284,19,286,31,75,79,82,41,10244,65,72,83,92,98
20151215 00:50,285,20,284,20,283,25,75,79,82,41,10243,65,72,83,92,98
20151215 00:51,285,19,285,20,286,35,75,79,82,41,10243,65,72,83,92,98
20151215 00:52,285,21,285,20,284,25,75,79,82,41,10243,65,72,83,92,98
20151215 00:53,289,19,286,19,294,23,75,79,82,41,10243,65,72,83,92,98
20151215 00:54,292,17,287,20,289,26,75,79,82,41,10243,65,72,83,92,98
20151215 00:55,289,21,287,20,289,33,75,79,82,41,10243,65,72,83,92,98
20151215 00:56,287,24,287,21,284,33,75,79,82,41,10243,64,72,83,92,98
20151215 00:57,288,23,286,21,292,28,75,78,81,39,10243,64,72,83,92,98
20151215 00:58,293,22,288,21,294,26,75,78,81,39,10243,64,72,83,92,98
20151215 00:59,289,20,288,20,283,29,75,78,81,39,10243,64,72,83,92,98
20151215 01:00,282,18,287,20,280,23,75,78,81,39,10242,64,72,83,92,98
20151215 01:01,281,19,287,20,283,25,75,78,81,39,10242,64,72,83,92,98
20151215 01:02,283,19,287,20,283,27,75,78,81,39,10243,64,72,83,92,98
20151215 01:03,285,20,286,21,286,25,75,78,81,39,10243,63,72,83,92,98
20151215 01:04,283,18,285,20,280,23,75,78,81,39,10243,63,72,83,92,98
20151215 01:05,284,17,285,20,288,27,75,78,81,39,10243,63,72,83,92,98
20151215 01:06,291,17,286,19,293,21,75,78,81,39,10243,63,72,83,92,98
20151215 01:07,293,15,286,18,293,20,75,79,82,41,10243,63,72,83,92,98
20151215 01:08,294,14,286,17,294,18,75,79,82,41,10243,63,72,83,91,98
20151215 01:09,288,16,286,17,283,24,75,79,82,41,10243,63,72,83,92,98
20151215 01:10,287,18,288,17,292,22,75,79,82,41,10243,63,72,83,92,98
20151215 01:11,288,15,288,17,285,16,75,79,82,41,10243,63,72,83,92,98
20151215 01:12,287,13,288,16,289,22,75,79,82,41,10243,62,72,83,92,98
20151215 01:13,292,17,289,16,296,31,74,79,81,40,10242,62,72,83,92,98
20151215 01:14,297,16,291,16,298,16,74,79,81,40,10242,62,72,83,91,98
20151215 01:15,297,16,292,16,296,26,74,79,81,40,10242,62,72,83,91,98
20151215 01:16,297,20,292,16,298,26,74,79,81,40,10242,62,72,83,91,98
20151215 01:17,294,17,292,16,290,18,74,79,81,40,10242,62,72,83,92,98
20151215 01:18,285,15,291,17,279,20,74,79,81,40,10242,62,72,83,91,98
20151215 01:19,283,17,291,17,287,23,74,79,81,40,10242,62,71,83,91,98
20151215 01:20,285,16,290,16,283,16,74,79,81,40,10242,62,71,83,91,98
20151215 01:21,284,14,290,16,286,20,74,79,81,40,10242,62,71,83,91,98
20151215 01:22,291,17,291,17,296,25,74,79,81,40,10242,62,71,83,91,98
20151215 01:23,296,18,291,16,296,23,74,79,81,40,10242,62,71,82,91,98
20151215 01:24,300,16,291,17,303,23,74,79,81,40,10241,62,71,83,91,98
20151215 01:25,300,15,292,16,297,23,74,79,81,40,10240,62,71,83,91,98
20151215 01:26,300,19,292,16,302,31,74,79,81,40,10240,62,71,83,91,98
20151215 01:27,297,20,292,17,292,26,74,79,81,40,10240,62,71,83,91,98
20151215 01:28,291,18,293,17,290,22,74,79,81,40,10241,62,71,83,91,98
20151215 01:29,290,19,293,17,289,25,74,79,81,40,10241,61,71,83,91,98
20151215 01:30,286,19,293,18,283,23,74,79,81,40,10241,61,71,83,91,98
20151215 01:31,285,18,293,18,286,29,74,79,81,40,10241,61,71,82,91,98
20151215 01:32,290,17,293,18,293,23,74,79,81,40,10241,61,71,82,91,98
20151215 01:33,285,17,291,18,277,24,74,79,81,40,10241,61,71,82,91,98
20151215 01:34,279,19,289,18,280,24,73,79,81,39,10241,61,71,82,91,98
20151215 01:35,283,18,288,18,285,26,73,79,81,39,10242,61,71,82,91,98
20151215 01:36,283,18,286,18,282,25,73,79,81,39,10242,61,71,82,91,98
20151215 01:37,284,17,285,18,287,20,73,79,81,39,10241,61,71,82,91,98
20151215 01:38,284,19,284,18,280,30,73,79,81,39,10241,61,71,82,91,98
20151215 01:39,283,22,284,18,286,27,73,79,81,39,10241,61,71,82,91,98
20151215 01:40,287,21,284,19,287,34,73,79,81,39,10241,61,71,82,91,98
20151215 01:41,287,19,284,19,288,24,73,79,81,39,10241,61,71,82,91,98
20151215 01:42,293,18,285,19,299,22,73,79,81,39,10241,61,71,82,91,98
20151215 01:43,291,17,286,19,283,29,73,79,81,39,10241,60,71,82,91,98
20151215 01:44,291,18,287,19,298,26,73,79,81,39,10241,60,71,82,91,98
20151215 01:45,294,18,288,19,289,25,73,79,81,39,10242,60,71,82,91,98
20151215 01:46,289,19,288,19,288,23,73,79,81,39,10242,60,71,82,91,98
20151215 01:47,285,19,288,19,283,28,73,79,81,39,10243,60,70,82,91,98
20151215 01:48,281,19,288,19,280,26,73,79,81,39,10243,60,71,82,91,98
20151215 01:49,280,18,287,19,280,23,73,79,81,39,10243,60,70,82,91,98
20151215 01:50,275,18,286,18,271,22,73,79,81,39,10243,60,70,82,91,98
20151215 01:51,273,20,285,19,275,32,73,79,81,39,10242,60,70,82,91,98
20151215 01:52,275,22,282,19,275,29,73,79,81,39,10242,60,70,82,91,98
20151215 01:53,270,19,280,19,265,26,73,79,81,39,10242,60,70,82,91,98
20151215 01:54,270,19,278,20,274,31,73,79,81,39,10242,60,70,82,91,98
20151215 01:55,274,23,276,20,273,33,73,79,81,39,10242,60,70,82,91,98
20151215 01:56,276,24,275,21,278,29,73,79,81,39,10242,60,70,82,91,98
20151215 01:57,282,22,276,21,286,23,73,79,81,39,10242,60,70,82,91,98
20151215 01:58,292,17,278,20,299,19,73,79,81,39,10241,60,70,82,91,98
20151215 01:59,294,14,279,20,290,20,72,79,80,38,10240,59,70,82,91,98
20151215 02:00,293,16,281,20,296,29,72,79,80,38,10240,59,70,82,91,98
20151215 02:01,293,19,283,19,291,26,72,79,80,38,10239,59,70,82,91,98
20151215 02:02,295,20,285,19,299,26,72,79,80,38,10240,59,70,82,91,98
20151215 02:03,298,20,288,19,298,26,72,79,80,38,10240,59,70,82,91,98
20151215 02:04,296,18,290,19,294,23,72,79,80,38,10240,59,70,82,91,98
20151215 02:05,287,17,291,18,281,23,72,79,80,38,10240,58,70,82,91,98
20151215 02:06,285,17,292,18,290,25,72,79,80,38,10240,58,70,82,91,98
20151215 02:07,294,19,294,18,297,29,72,79,80,38,10240,58,70,82,91,98
20151215 02:08,291,20,292,18,286,26,72,79,80,38,10241,58,70,82,91,98
20151215 02:09,288,20,292,19,290,28,71,79,80,37,10241,58,70,82,91,98
20151215 02:10,289,20,292,19,289,25,71,79,80,37,10241,58,70,82,91,98
20151215 02:11,289,22,291,20,289,34,71,79,80,37,10241,57,70,82,91,98
20151215 02:12,293,23,291,20,297,28,71,79,80,37,10241,57,70,82,91,98
20151215 02:13,296,19,291,20,295,26,71,79,80,37,10241,57,69,82,91,98
20151215 02:14,293,17,291,19,291,20,71,79,80,37,10241,57,69,82,91,98
20151215 02:15,289,17,291,20,288,26,71,79,80,37,10241,57,69,82,91,98
20151215 02:16,287,20,291,20,286,27,71,79,80,37,10241,57,69,82,91,98
20151215 02:17,289,20,290,20,293,30,71,79,80,37,10241,57,69,82,91,98
20151215 02:18,293,20,291,20,293,29,71,79,80,37,10241,57,69,82,91,98
20151215 02:19,298,21,292,20,302,28,71,79,80,37,10241,57,69,82,91,98
20151215 02:20,299,21,293,20,296,27,71,79,80,37,10241,57,69,82,91,98
20151215 02:21,299,20,294,20,303,35,71,79,80,37,10241,58,69,82,91,98
20151215 02:22,301,23,295,20,299,36,71,79,80,37,10241,58,69,82,91,98
20151215 02:23,299,21,295,20,300,21,71,79,80,37,10241,58,69,82,91,98
20151215 02:24,299,18,296,21,298,34,71,79,80,37,10240,58,69,82,91,98
20151215 02:25,303,23,298,21,308,36,71,79,80,37,10240,58,69,82,91,98
20151215 02:26,313,23,301,21,318,33,72,78,79,36,10240,59,69,82,91,98
20151215 02:27,312,24,302,22,306,36,72,78,79,36,10239,59,69,82,91,98
20151215 02:28,311,27,305,22,317,34,72,78,79,36,10239,59,69,82,91,98
20151215 02:29,317,29,306,24,317,38,72,78,79,36,10238,59,69,82,91,98
20151215 02:30,319,31,309,25,320,40,73,77,79,35,10238,59,69,82,91,98
20151215 02:31,325,27,311,25,329,41,73,77,79,35,10238,59,69,82,91,98
20151215 02:32,326,28,314,26,323,39,73,77,79,35,10238,60,69,82,91,98
20151215 02:33,321,33,316,27,320,43,73,77,79,35,10238,60,69,82,91,98
20151215 02:34,323,42,318,30,326,64,73,77,79,35,10238,60,68,82,91,98
20151215 02:35,324,44,320,32,322,56,74,76,78,35,10238,60,68,82,91,98
20151215 02:36,312,35,318,33,303,51,74,75,77,33,10238,60,68,82,91,98
20151215 02:37,308,36,319,34,313,50,74,75,77,33,10239,60,68,82,91,98
20151215 02:38,315,40,319,35,317,60,74,75,77,33,10239,60,68,82,91,98
20151215 02:39,305,35,317,35,292,39,74,75,77,33,10239,60,68,82,91,98
20151215 02:40,301,27,316,34,310,35,74,75,77,33,10239,60,68,82,91,98
20151215 02:41,307,28,313,35,303,37,74,75,77,33,10239,59,68,82,91,98
20151215 02:42,304,28,311,34,305,36,74,75,77,33,10239,59,68,82,91,98
20151215 02:43,310,23,311,33,315,34,74,75,77,33,10238,59,68,81,91,98
20151215 02:44,315,22,310,31,315,33,74,75,77,33,10238,59,68,81,91,98
20151215 02:45,317,23,309,29,320,29,74,75,77,33,10238,59,68,82,91,98
20151215 02:46,320,21,311,28,321,29,74,75,77,33,10238,59,68,81,91,98
20151215 02:47,311,19,310,26,300,33,74,75,77,33,10237,59,68,81,91,98
20151215 02:48,309,20,310,23,319,32,74,75,77,33,10237,59,68,81,91,98
20151215 02:49,318,22,312,23,316,32,74,76,78,35,10237,59,68,81,91,98
20151215 02:50,320,31,314,24,324,49,74,75,77,33,10236,59,68,81,91,98
20151215 02:51,323,36,316,25,321,49,74,75,77,33,10236,59,68,81,91,98
20151215 02:52,331,33,319,25,341,48,74,75,77,33,10235,59,68,81,91,98
20151215 02:53,335,25,320,25,328,27,74,75,77,33,10235,59,68,81,91,98
20151215 02:54,329,20,322,25,331,26,74,75,77,33,10235,59,68,81,91,97
20151215 02:55,326,27,322,26,321,43,74,75,77,33,10235,59,68,81,91,98
20151215 02:56,320,33,322,27,319,44,74,74,76,31,10236,59,68,81,91,98
20151215 02:57,321,41,324,30,324,56,74,74,76,31,10236,59,68,81,91,97
20151215 02:58,321,41,324,32,319,51,74,73,75,29,10236,59,68,81,91,97
20151215 02:59,324,33,326,32,328,40,74,72,74,27,10236,59,68,81,91,98
20151215 03:00,325,33,325,32,322,44,74,72,74,27,10236,59,68,81,91,98
20151215 03:01,321,31,325,31,320,38,74,72,74,27,10236,59,68,81,91,97
20151215 03:02,322,28,324,31,324,40,74,72,74,27,10237,59,68,81,91,97
20151215 03:03,320,25,322,31,316,34,74,72,74,27,10236,59,68,81,91,97
20151215 03:04,324,29,322,33,332,58,74,72,74,27,10236,59,68,81,91,97
20151215 03:05,327,39,323,34,322,50,74,72,74,27,10236,59,68,81,91,97
20151215 03:06,314,33,321,33,306,36,74,72,74,27,10236,58,68,81,91,97
20151215 03:07,311,24,321,30,317,33,74,72,74,27,10236,58,68,81,91,97
20151215 03:08,318,26,321,29,319,40,74,72,74,27,10236,58,68,81,91,97
20151215 03:09,320,32,320,30,321,49,74,72,74,27,10236,58,68,81,91,97
20151215 03:10,323,29,320,29,325,35,74,71,73,25,10236,58,68,81,91,97
20151215 03:11,330,28,322,30,335,54,74,72,74,27,10236,58,68,81,91,97
20151215 03:12,336,45,323,32,337,74,74,71,73,25,10236,58,68,81,91,97
20151215 03:13,338,47,325,34,338,61,74,70,72,23,10236,58,68,81,91,97
20151215 03:14,330,32,324,33,322,39,74,70,72,23,10236,58,68,81,91,97
20151215 03:15,315,24,323,31,307,33,74,70,72,23,10236,58,68,81,91,97
20151215 03:16,314,24,324,31,320,36,74,70,72,23,10236,58,68,81,91,97
20151215 03:17,327,27,326,32,334,41,74,71,73,25,10237,58,68,81,91,97
20151215 03:18,326,34,326,33,317,49,74,70,72,23,10237,58,68,81,91,97
20151215 03:19,314,41,325,34,310,57,74,70,72,23,10237,58,68,81,91,97
20151215 03:20,308,39,323,35,306,56,74,70,72,23,10237,58,68,81,90,97
20151215 03:21,314,38,321,36,322,54,74,70,72,23,10237,58,68,81,90,97
20151215 03:22,316,41,319,34,310,64,74,70,72,23,10237,58,68,81,91,97
20151215 03:23,311,46,316,35,313,70,74,70,72,23,10237,58,68,81,90,97
20151215 03:24,309,46,314,37,305,59,74,69,71,21,10237,58,68,81,90,97
20151215 03:25,312,36,316,38,319,60,74,69,71,21,10236,58,68,81,90,97
20151215 03:26,325,39,317,40,330,63,74,69,71,21,10236,57,67,81,90,97
20151215 03:27,328,47,316,42,327,59,74,69,71,21,10235,57,67,81,90,97
20151215 03:28,324,50,316,43,321,74,74,69,71,21,10235,57,67,81,90,97
20151215 03:29,319,44,317,42,317,57,74,69,71,21,10235,57,67,81,90,97
20151215 03:30,318,38,318,43,319,53,74,69,71,21,10234,57,67,81,90,97
20151215 03:31,330,48,320,44,340,78,73,69,71,20,10235,57,67,81,90,97
20151215 03:32,336,49,322,44,332,62,74,68,70,19,10235,57,67,81,90,97
20151215 03:33,330,47,324,44,327,67,74,68,70,19,10235,57,67,81,90,97
20151215 03:34,324,46,325,44,320,70,74,68,70,19,10236,57,67,81,90,97
20151215 03:35,322,44,326,46,324,65,74,68,70,19,10236,57,67,81,90,97
20151215 03:36,320,49,324,46,317,67,73,68,69,18,10236,57,67,81,90,97
20151215 03:37,315,49,323,47,313,61,73,67,68,16,10236,57,67,81,90,97
20151215 03:38,319,47,323,46,324,66,73,67,68,16,10236,57,67,81,90,97
20151215 03:39,317,48,322,47,309,71,73,67,68,16,10236,56,67,81,90,97
20151215 03:40,315,52,323,49,320,70,73,67,68,16,10236,56,67,81,90,97
20151215 03:41,318,56,320,49,316,76,73,67,68,16,10236,56,67,81,90,97
20151215 03:42,317,50,319,49,318,53,73,66,67,14,10236,56,67,80,90,97
20151215 03:43,320,41,318,48,322,52,73,66,67,14,10235,56,67,80,90,97
20151215 03:44,325,42,319,48,329,61,73,66,67,14,10236,56,67,80,90,97
20151215 03:45,327,47,319,48,325,70,73,66,67,14,10236,56,67,80,90,97
20151215 03:46,325,54,320,49,325,85,73,66,67,14,10235,55,67,80,90,97
20151215 03:47,325,53,321,49,324,64,73,66,67,14,10235,55,67,80,90,97
20151215 03:48,319,43,320,48,315,53,73,66,67,14,10235,55,66,80,90,97
20151215 03:49,322,37,322,47,330,48,72,66,67,13,10235,55,66,80,90,97
20151215 03:50,333,40,324,46,336,74,72,66,67,13,10235,54,66,80,90,97
20151215 03:51,329,42,325,44,322,62,72,66,67,13,10235,54,66,80,90,97
20151215 03:52,322,38,325,44,321,63,72,66,67,13,10235,54,66,80,90,97
20151215 03:53,323,37,325,43,324,46,72,65,66,11,10235,54,66,80,90,97
20151215 03:54,324,41,325,43,324,75,72,66,67,13,10235,53,66,80,90,97
20151215 03:55,324,48,324,43,324,73,72,66,67,13,10235,53,66,80,90,97
20151215 03:56,327,47,325,42,329,67,72,65,66,11,10235,52,66,80,90,97
20151215 03:57,323,45,324,42,315,69,71,65,66,10,10235,52,66,80,90,97
20151215 03:58,320,44,325,42,325,57,71,65,66,10,10236,52,66,80,90,97
20151215 03:59,326,45,325,43,327,59,71,65,66,10,10236,51,66,80,90,97
20151215 04:00,323,42,323,43,319,59,71,65,66,10,10236,51,66,80,90,97
20151215 04:01,324,49,324,45,329,73,71,65,66,10,10235,50,66,80,90,97
20151215 04:02,329,55,325,46,329,67,71,65,66,10,10235,50,66,80,90,97
20151215 04:03,329,54,325,48,330,76,71,65,66,10,10235,50,65,80,90,97
20151215 04:04,326,52,325,48,322,76,70,65,65,9,10235,49,65,80,90,97
20151215 04:05,317,50,324,48,311,79,70,65,65,9,10235,49,65,80,90,97
20151215 04:06,313,46,322,48,315,65,70,65,65,9,10235,49,65,80,90,97
20151215 04:07,318,49,323,49,320,75,70,65,65,9,10235,48,65,80,90,97
20151215 04:08,322,55,323,50,323,88,70,65,65,9,10235,48,65,80,90,97
20151215 04:09,323,58,322,52,322,79,70,65,65,9,10235,48,65,80,90,97
20151215 04:10,327,54,323,53,331,55,70,65,65,9,10234,48,65,80,90,97
20151215 04:11,328,46,323,51,325,63,69,65,65,8,10234,48,65,80,90,97
20151215 04:12,321,47,322,51,317,65,69,65,65,8,10234,48,64,80,90,97
20151215 04:13,323,45,322,49,329,65,69,65,65,8,10234,48,64,80,90,97
20151215 04:14,325,42,321,49,321,59,69,65,65,8,10233,48,64,80,90,97
20151215 04:15,319,42,322,48,316,57,69,66,66,10,10233,47,64,80,90,97
20151215 04:16,319,41,323,48,322,65,69,66,66,10,10233,47,64,80,90,97
20151215 04:17,321,43,323,47,320,52,69,66,66,10,10233,47,64,80,90,97
20151215 04:18,320,40,322,45,321,61,68,66,65,9,10233,47,64,80,90,97
20151215 04:19,325,47,323,44,330,74,68,66,65,9,10234,47,63,80,90,97
20151215 04:20,328,46,323,43,326,47,68,66,65,9,10233,47,63,80,90,97
20151215 04:21,319,33,321,42,312,42,68,66,65,9,10233,47,63,80,90,97
20151215 04:22,319,34,322,41,325,51,68,66,65,9,10234,47,63,80,90,97
20151215 04:23,328,40,322,41,331,65,68,66,65,9,10234,47,63,80,90,97
20151215 04:24,326,37,322,40,321,44,68,67,66,11,10234,47,63,80,90,97
20151215 04:25,318,32,322,39,315,56,68,67,66,11,10234,47,63,79,90,97
20151215 04:26,319,39,323,39,324,60,68,67,66,11,10234,47,63,79,90,97
20151215 04:27,324,42,323,39,324,50,68,67,66,11,10234,48,63,79,90,97
20151215 04:28,327,40,324,39,330,58,68,67,66,11,10234,48,62,79,90,97
20151215 04:29,330,36,324,37,329,45,68,67,66,11,10234,48,62,79,90,97
20151215 04:30,332,30,325,36,334,42,68,67,66,11,10235,48,62,79,90,97
20151215 04:31,330,33,326,37,326,45,68,67,66,11,10235,48,62,79,90,97
20151215 04:32,322,31,325,36,318,33,68,67,66,11,10235,48,62,79,90,97
20151215 04:33,325,25,325,34,333,31,68,67,66,11,10235,48,62,79,90,97
20151215 04:34,331,25,326,33,329,31,67,67,66,10,10234,48,62,79,90,97
20151215 04:35,322,29,326,33,316,47,67,67,66,10,10234,48,62,79,90,97
20151215 04:36,316,35,326,32,316,56,67,67,66,10,10234,49,62,79,90,97
20151215 04:37,328,33,327,31,341,37,67,67,66,10,10234,49,62,79,90,97
20151215 04:38,333,26,327,29,325,30,67,67,66,10,10233,49,62,79,90,97
20151215 04:39,328,23,327,29,331,29,67,67,66,10,10233,49,62,79,90,97
20151215 04:40,326,18,325,27,320,21,67,67,66,10,10234,49,62,79,89,97
20151215 04:41,320,17,325,25,320,29,67,67,66,10,10234,49,62,79,89,97
20151215 04:42,325,24,326,26,330,42,67,67,66,10,10234,49,61,79,89,97
20151215 04:43,326,27,325,26,321,42,67,67,66,10,10234,49,61,79,89,97
20151215 04:44,317,29,323,26,313,48,67,68,67,12,10234,49,61,79,89,97
20151215 04:45,317,30,324,26,320,40,67,67,66,10,10234,49,61,79,89,97
20151215 04:46,322,26,324,25,324,48,67,67,66,10,10234,49,61,79,89,97
20151215 04:47,329,34,324,26,333,63,67,67,66,10,10234,49,61,79,89,96
20151215 04:48,331,48,324,29,330,72,67,67,66,10,10234,49,61,79,89,97
20151215 04:49,330,43,324,30,330,46,67,67,66,10,10235,49,61,79,89,97
20151215 04:50,323,26,324,31,316,30,67,67,66,10,10235,49,61,79,89,96
20151215 04:51,313,22,323,31,310,41,67,67,66,10,10235,49,61,78,89,96
20151215 04:52,313,25,321,31,316,38,67,67,66,10,10235,48,61,78,89,97
20151215 04:53,310,28,320,32,303,40,67,68,67,12,10236,49,61,78,89,96
20151215 04:54,314,27,321,30,324,35,67,68,67,12,10236,49,61,78,89,96
20151215 04:55,317,24,320,30,309,36,67,68,67,12,10236,49,61,78,89,96
20151215 04:56,308,33,318,32,306,57,67,68,67,12,10236,49,61,78,89,96
20151215 04:57,302,36,314,31,299,45,67,68,67,12,10236,49,61,78,89,96
20151215 04:58,303,28,312,28,308,31,67,68,67,12,10236,49,61,78,89,96
20151215 04:59,314,27,311,27,320,46,67,69,68,14,10235,49,61,78,89,96
20151215 05:00,328,33,313,29,337,48,67,69,68,14,10235,49,61,78,89,96
20151215 05:01,333,35,315,30,330,43,67,69,68,14,10234,49,61,78,89,96
20151215 05:02,329,36,316,31,327,48,67,68,67,12,10235,49,61,78,89,96
20151215 05:03,329,35,319,31,331,46,67,68,67,12,10235,50,61,78,89,96
20151215 05:04,324,25,318,31,317,24,67,68,67,12,10235,50,61,78,89,96
20151215 05:05,318,23,319,31,319,45,67,69,68,14,10235,50,61,78,89,96
20151215 05:06,320,31,321,31,320,49,66,69,67,13,10235,50,61,78,89,96
20151215 05:07,321,38,323,32,321,50,66,69,67,13,10235,50,61,78,89,96
20151215 05:08,320,39,324,33,318,50,66,68,66,11,10235,50,61,78,89,96
20151215 05:09,316,35,323,33,314,47,67,68,67,12,10235,50,61,78,89,96
20151215 05:10,318,33,322,33,322,51,66,68,66,11,10236,50,61,78,89,96
20151215 05:11,320,36,321,33,318,53,66,68,66,11,10236,50,61,78,89,96
20151215 05:12,321,38,320,33,324,54,66,68,66,11,10236,50,61,78,89,96
20151215 05:13,328,34,320,33,332,39,66,68,66,11,10236,50,61,78,89,96
20151215 05:14,321,27,320,34,309,36,67,68,67,12,10236,50,61,78,89,96
20151215 05:15,307,25,318,34,305,35,66,68,66,11,10236,50,61,78,89,96
20151215 05:16,312,27,318,33,319,40,66,68,66,11,10236,50,61,78,89,96
20151215 05:17,317,24,318,31,315,30,66,68,66,11,10237,50,61,77,89,96
20151215 05:18,318,25,318,30,322,43,66,68,66,11,10237,50,61,77,89,96
20151215 05:19,316,30,318,30,310,45,66,68,66,11,10237,50,61,77,89,96
20151215 05:20,312,29,317,29,314,35,66,68,66,11,10237,50,61,77,89,96
20151215 05:21,322,32,318,29,329,47,66,68,66,11,10237,50,61,77,89,96
20151215 05:22,322,35,317,29,315,41,66,68,66,11,10237,50,61,77,89,96
20151215 05:23,312,32,315,29,310,43,66,68,66,11,10238,50,61,77,89,96
20151215 05:24,315,34,316,30,321,55,66,68,66,11,10238,50,61,77,89,96
20151215 05:25,315,31,316,30,310,42,66,68,66,11,10238,50,61,77,89,96
20151215 05:26,308,23,315,29,306,32,66,68,66,11,10239,50,61,77,89,96
20151215 05:27,313,23,316,30,321,44,66,68,66,11,10238,50,61,77,89,96
20151215 05:28,322,26,316,30,322,37,66,68,66,11,10238,50,61,77,89,96
20151215 05:29,317,26,316,29,311,34,66,68,66,11,10238,50,61,77,89,96
20151215 05:30,307,22,315,28,302,29,66,68,66,11,10238,50,61,77,88,96
20151215 05:31,312,24,314,27,321,48,66,68,66,11,10238,50,61,77,88,96
20151215 05:32,323,29,315,27,324,45,66,68,66,11,10238,50,61,77,88,96
20151215 05:33,329,31,317,27,334,45,66,68,66,11,10238,50,61,77,88,96
20151215 05:34,332,35,318,27,329,43,66,67,65,9,10238,50,61,77,88,96
20151215 05:35,321,35,318,28,312,47,66,67,65,9,10238,50,61,77,88,96
20151215 05:36,312,35,319,30,313,47,66,67,65,9,10237,50,61,77,88,96
20151215 05:37,315,31,319,30,318,40,66,67,65,9,10237,50,61,77,88,96
20151215 05:38,313,27,317,30,309,37,66,67,65,9,10238,49,61,77,88,96
20151215 05:39,314,25,318,29,320,28,66,67,65,9,10238,49,61,77,88,96
20151215 05:40,315,23,319,30,311,38,66,67,65,9,10239,49,61,77,88,96
20151215 05:41,314,25,319,30,316,38,66,67,65,9,10239,49,61,77,88,96
20151215 05:42,314,28,317,30,312,47,66,67,65,9,10240,49,61,77,88,96
20151215 05:43,310,32,315,30,308,43,66,67,65,9,10240,49,61,77,88,96
20151215 05:44,310,28,313,28,311,29,66,67,65,9,10241,49,61,77,88,96
20151215 05:45,317,26,314,28,323,45,65,67,65,8,10241,48,61,77,88,96
20151215 05:46,316,28,314,27,309,38,65,67,65,8,10242,48,61,77,88,96
20151215 05:47,310,29,313,28,312,45,65,67,65,8,10242,48,61,77,88,96
20151215 05:48,308,28,312,27,303,31,65,67,65,8,10242,48,60,77,88,96
20151215 05:49,312,30,313,29,322,46,65,68,66,10,10242,48,60,77,88,96
20151215 05:50,323,33,314,29,323,40,65,67,65,8,10242,48,60,77,88,96
20151215 05:51,317,26,313,29,310,30,65,67,65,8,10242,47,60,77,88,96
20151215 05:52,306,20,312,28,302,29,65,67,65,8,10242,47,60,77,88,96
20151215 05:53,308,24,313,27,315,36,65,68,66,10,10242,47,60,77,88,96
20151215 05:54,314,28,313,28,314,36,64,68,65,9,10242,47,60,77,88,96
20151215 05:55,313,23,312,26,312,27,64,68,65,9,10242,47,60,77,88,96
20151215 05:56,316,21,313,26,321,33,64,68,65,9,10242,46,60,76,88,96
20151215 05:57,320,26,314,26,318,38,64,68,65,9,10242,46,60,76,88,96
20151215 05:58,316,24,315,25,313,29,64,68,65,9,10243,46,60,76,88,96
20151215 05:59,312,21,314,24,311,31,64,68,65,9,10243,46,60,76,88,96
20151215 06:00,314,28,313,24,318,45,63,68,65,8,10243,45,60,76,88,96
20151215 06:01,321,33,315,25,324,45,63,68,65,8,10244,45,60,76,88,96
20151215 06:02,322,27,316,26,319,34,63,68,65,8,10244,45,60,76,88,96
20151215 06:03,317,24,316,26,315,35,63,68,65,8,10244,45,60,76,88,96
20151215 06:04,315,25,317,25,315,33,63,68,65,8,10244,44,60,76,88,96
20151215 06:05,320,26,318,26,325,38,63,68,65,8,10244,44,60,76,88,96
20151215 06:06,320,25,317,26,314,35,63,68,65,8,10244,43,60,76,88,96
20151215 06:07,314,26,317,26,314,39,63,68,65,8,10244,43,60,76,88,96
20151215 06:08,313,27,317,27,311,37,63,68,65,8,10244,42,60,76,88,96
20151215 06:09,311,27,317,28,311,43,63,68,65,8,10244,42,59,76,88,96
20151215 06:10,314,28,316,27,317,34,62,68,64,7,10245,42,59,76,88,96
20151215 06:11,314,26,315,26,311,34,62,68,64,7,10245,41,59,76,88,95
20151215 06:12,315,26,315,26,320,37,62,68,64,7,10245,41,59,76,88,95
20151215 06:13,315,22,315,26,311,31,62,67,63,5,10245,41,59,76,88,95
20151215 06:14,308,17,314,25,305,27,62,68,64,7,10246,41,59,76,88,95
20151215 06:15,303,18,312,24,301,26,62,68,64,7,10246,40,59,76,88,95
20151215 06:16,306,19,311,23,312,28,61,68,64,6,10246,40,59,76,88,95
20151215 06:17,309,17,311,22,307,23,61,68,64,6,10246,40,59,76,88,95
20151215 06:18,315,20,312,22,322,47,61,68,64,6,10246,40,59,76,88,95
20151215 06:19,317,27,312,22,312,38,61,68,64,6,10246,39,59,76,87,95
20151215 06:20,311,26,311,22,310,35,61,68,64,6,10246,39,58,76,87,95
20151215 06:21,309,22,311,21,307,31,61,68,64,6,10246,39,58,76,87,95
20151215 06:22,308,25,309,22,308,39,61,68,64,6,10246,40,58,76,87,95
20151215 06:23,307,28,309,22,307,32,61,67,63,4,10246,40,58,76,87,95
20151215 06:24,304,22,309,23,302,25,61,68,64,6,10246,40,58,76,87,95
20151215 06:25,313,18,311,22,325,27,61,68,64,6,10246,40,58,76,87,95
20151215 06:26,316,19,311,23,307,38,61,68,64,6,10246,40,58,76,87,95
20151215 06:27,306,23,310,24,305,41,61,68,64,6,10247,40,58,76,87,95
20151215 06:28,301,27,308,24,297,39,61,68,64,6,10247,40,57,76,87,95
20151215 06:29,305,26,308,23,312,43,61,68,64,6,10247,40,57,76,87,95
20151215 06:30,306,23,307,23,299,31,61,67,63,4,10246,41,57,76,87,95
20151215 06:31,298,20,306,23,297,23,61,67,63,4,10246,41,57,76,87,95
20151215 06:32,301,17,306,22,305,31,61,68,64,6,10246,41,57,76,87,95
20151215 06:33,307,21,306,22,310,34,61,68,64,6,10246,41,57,76,87,95
20151215 06:34,307,27,306,23,303,36,61,68,64,6,10246,41,57,75,87,95
20151215 06:35,309,28,305,24,316,38,61,68,64,6,10246,41,57,75,87,95
20151215 06:36,305,22,304,24,293,24,61,67,63,4,10246,41,57,75,87,95
20151215 06:37,305,16,305,22,316,20,61,68,64,6,10247,41,57,75,87,95
20151215 06:38,308,17,305,22,301,32,61,67,63,4,10247,41,57,75,87,95
20151215 06:39,302,20,304,21,302,32,61,67,63,4,10247,41,57,75,87,95
20151215 06:40,298,22,304,21,295,27,61,68,64,6,10248,42,57,75,87,95
20151215 06:41,293,21,303,22,291,28,61,68,64,6,10248,42,56,75,87,95
20151215 06:42,299,19,303,22,307,32,61,68,64,6,10248,42,56,75,87,95
20151215 06:43,311,22,304,22,315,31,61,68,64,6,10248,42,56,75,87,95
20151215 06:44,299,23,302,21,284,25,61,67,63,4,10249,42,56,75,87,95
20151215 06:45,293,20,301,20,303,28,61,68,64,6,10249,42,56,75,87,95
20151215 06:46,300,18,301,20,297,27,61,68,64,6,10250,43,56,75,87,95
20151215 06:47,291,15,298,20,285,26,61,68,64,6,10250,43,56,75,87,95
20151215 06:48,287,16,297,20,290,25,61,68,64,6,10250,43,56,75,87,95
20151215 06:49,290,16,296,19,291,16,61,68,64,6,10251,43,56,75,87,95
20151215 06:50,290,13,295,18,289,20,61,68,64,6,10251,43,56,75,87,95
20151215 06:51,298,15,297,18,307,26,61,68,64,6,10251,44,56,75,87,95
20151215 06:52,309,19,297,18,312,27,61,68,64,6,10251,44,56,75,87,95
20151215 06:53,307,21,296,18,301,25,61,68,64,6,10251,44,56,75,87,95
20151215 06:54,306,20,299,18,311,29,61,68,64,6,10251,44,56,75,87,95
20151215 06:55,308,19,299,17,306,23,61,68,64,6,10251,44,56,75,87,95
20151215 06:56,309,19,301,18,313,25,61,68,64,6,10251,45,56,75,87,95
20151215 06:57,317,20,304,18,321,25,61,68,64,6,10250,45,56,75,87,95
20151215 06:58,324,16,308,18,327,18,61,68,64,6,10250,45,56,75,87,95
20151215 06:59,320,14,310,18,313,21,61,68,64,6,10250,45,56,75,87,95
20151215 07:00,317,17,313,18,321,26,61,68,64,6,10250,45,56,75,87,95
20151215 07:01,321,19,315,19,321,27,61,68,64,6,10250,46,56,74,87,95
20151215 07:02,317,20,315,18,313,34,61,68,64,6,10251,46,56,74,87,95
20151215 07:03,308,26,315,20,303,47,61,68,64,6,10251,46,56,74,87,95
20151215 07:04,309,29,315,20,316,46,62,68,64,7,10252,46,56,74,87,95
20151215 07:05,310,25,315,21,304,33,62,68,64,7,10252,46,56,74,87,95
20151215 07:06,309,22,315,21,314,30,62,67,63,5,10252,46,56,74,87,95
20151215 07:07,314,18,315,20,314,23,62,68,64,7,10252,46,56,74,86,95
20151215 07:08,311,20,313,22,308,35,62,68,64,7,10252,47,56,74,87,95
20151215 07:09,308,25,312,23,308,36,62,67,63,5,10252,47,56,74,86,95
20151215 07:10,312,24,312,23,316,32,62,68,64,7,10252,47,56,74,86,95
20151215 07:11,314,23,311,23,313,28,62,68,64,7,10252,47,56,74,86,95
20151215 07:12,313,18,311,23,314,18,62,67,63,5,10252,47,56,74,86,95
20151215 07:13,311,18,311,22,307,31,62,68,64,7,10252,48,57,74,86,95
20151215 07:14,313,18,312,20,318,23,62,68,64,7,10253,48,57,74,86,95
20151215 07:15,309,15,311,20,300,29,62,68,64,7,10253,48,57,74,86,95
20151215 07:16,302,20,310,20,304,30,63,68,65,8,10253,48,57,74,86,95
20151215 07:17,306,23,310,21,307,33,63,68,65,8,10254,48,57,74,86,95
20151215 07:18,308,21,310,20,308,33,63,68,65,8,10254,48,57,74,86,95
20151215 07:19,296,19,307,20,284,23,63,68,65,8,10254,48,57,74,86,95
20151215 07:20,286,17,304,19,288,22,63,68,65,8,10254,48,57,74,86,95
20151215 07:21,291,17,302,18,294,27,63,68,65,8,10254,49,57,74,86,95
20151215 07:22,293,14,300,18,291,13,63,68,65,8,10254,49,57,74,86,94
20151215 07:23,295,17,299,18,300,38,63,68,65,8,10254,49,57,74,86,94
20151215 07:24,302,22,298,19,304,34,63,68,65,8,10254,50,57,74,86,94
20151215 07:25,299,22,298,20,295,37,63,68,65,8,10254,50,57,74,86,94
20151215 07:26,295,25,296,20,294,34,63,68,65,8,10254,51,57,74,86,94
20151215 07:27,296,22,296,19,299,26,63,67,64,6,10254,51,57,74,86,94
20151215 07:28,303,20,296,20,308,41,63,68,65,8,10254,52,57,74,86,94
20151215 07:29,309,27,298,21,310,41,63,67,64,6,10254,53,57,74,86,94
20151215 07:30,309,31,300,22,308,39,64,67,64,7,10254,53,57,74,86,94
20151215 07:31,310,27,302,23,311,38,64,67,64,7,10254,54,57,74,86,94
20151215 07:32,305,22,303,24,299,22,64,67,64,7,10255,54,57,74,86,94
20151215 07:33,302,21,303,24,305,33,64,67,64,7,10255,54,57,74,86,94
20151215 07:34,302,24,303,24,300,28,64,67,64,7,10254,55,57,74,86,94
20151215 07:35,305,22,304,24,310,24,64,67,64,7,10254,55,58,74,86,94
20151215 07:36,312,21,307,24,315,27,64,67,64,7,10254,55,58,74,86,94
20151215 07:37,316,22,308,24,317,27,65,67,65,8,10253,56,58,74,86,94
20151215 07:38,310,20,308,24,304,24,65,67,65,8,10253,56,58,74,86,94
20151215 07:39,320,19,310,22,336,29,65,67,65,8,10253,57,58,74,86,94
20151215 07:40,334,24,313,22,333,36,65,67,65,8,10253,57,58,74,86,94
20151215 07:41,328,22,314,21,322,24,65,67,65,8,10254,57,58,74,86,94
20151215 07:42,319,21,316,22,315,31,65,67,65,8,10254,58,58,74,86,94
20151215 07:43,316,23,317,22,317,30,65,67,65,8,10254,58,58,73,86,94
20151215 07:44,322,25,320,22,327,37,65,66,64,6,10254,58,58,73,86,94
20151215 07:45,329,27,322,23,330,31,66,66,64,7,10254,58,59,73,86,94
20151215 07:46,322,25,322,23,315,34,66,66,64,7,10254,58,59,73,86,94
20151215 07:47,319,25,322,23,323,35,66,66,64,7,10254,58,59,73,86,94
20151215 07:48,332,26,326,24,341,31,66,66,64,7,10254,58,59,73,86,94
20151215 07:49,329,23,324,24,317,25,66,66,64,7,10254,58,59,73,86,94
20151215 07:50,315,17,322,23,313,19,66,66,64,7,10254,58,59,73,86,94
20151215 07:51,313,18,321,23,314,38,66,67,65,9,10254,58,59,73,86,94
20151215 07:52,321,25,322,24,328,38,66,66,64,7,10254,59,60,73,86,94
20151215 07:53,330,28,324,24,332,39,66,66,64,7,10254,59,60,73,86,94
20151215 07:54,329,24,324,24,326,28,66,66,64,7,10254,59,60,73,86,94
20151215 07:55,325,23,323,23,324,29,66,66,64,7,10254,59,60,73,85,94
20151215 07:56,329,24,325,23,335,32,66,66,64,7,10254,60,60,73,85,94
20151215 07:57,328,22,325,23,321,27,67,65,64,6,10254,61,60,73,85,94
20151215 07:58,318,21,322,22,314,32,67,66,65,8,10255,61,60,73,85,94
20151215 07:59,324,24,324,23,333,34,67,65,64,6,10255,61,60,73,85,94
20151215 08:00,321,24,324,24,308,32,67,65,64,6,10255,62,60,73,85,94
20151215 08:01,311,31,324,25,314,49,67,65,64,6,10255,62,61,73,85,94
20151215 08:02,315,32,322,25,317,36,67,65,64,6,10255,62,61,73,85,94
20151215 08:03,321,23,322,24,325,29,67,65,64,6,10255,63,61,73,85,94
20151215 08:04,322,24,321,25,318,35,67,65,64,6,10255,63,61,73,85,94
20151215 08:05,319,25,320,25,320,32,67,65,64,6,10255,64,61,73,85,94
20151215 08:06,314,22,318,24,308,28,68,65,64,7,10256,64,61,73,85,94
20151215 08:07,308,23,317,25,309,40,68,65,64,7,10256,65,61,73,85,94
20151215 08:08,313,28,317,26,317,36,68,64,63,5,10256,66,61,73,85,94
20151215 08:09,314,26,315,25,312,29,68,64,63,5,10256,66,62,73,85,94
20151215 08:10,303,18,313,25,294,29,68,65,64,7,10256,67,62,73,85,94
20151215 08:11,304,21,313,23,313,37,68,65,64,7,10257,67,62,74,85,94
20151215 08:12,311,26,313,24,310,33,68,64,63,5,10257,67,62,74,85,94
20151215 08:13,308,24,311,24,307,32,68,64,63,5,10257,67,62,73,85,94
20151215 08:14,307,28,310,25,308,42,68,64,63,5,10257,66,62,73,85,94
20151215 08:15,316,30,310,25,324,32,69,64,64,6,10257,66,62,74,85,94
20151215 08:16,308,25,309,25,291,30,69,64,64,6,10257,66,63,74,85,94
20151215 08:17,303,24,309,25,315,29,69,64,64,6,10258,66,63,74,85,94
20151215 08:18,312,22,308,24,308,26,69,64,64,6,10258,66,63,74,85,94
20151215 08:19,298,25,306,25,288,42,69,64,64,6,10258,66,63,74,85,94
20151215 08:20,293,30,306,26,298,44,69,64,64,6,10258,66,63,74,85,94
20151215 08:21,306,32,306,27,313,45,69,63,63,4,10258,66,63,74,85,94
20151215 08:22,311,30,306,27,310,33,69,63,63,4,10258,66,63,74,85,94
20151215 08:23,310,25,307,27,310,30,69,63,63,4,10258,66,64,74,85,94
20151215 08:24,311,24,307,26,312,35,69,64,64,6,10258,66,64,74,85,94
20151215 08:25,312,27,306,27,311,39,69,64,64,6,10258,66,64,74,85,94
20151215 08:26,317,24,309,26,324,23,69,63,63,4,10258,66,64,74,85,93
20151215 08:27,322,18,310,25,321,29,69,64,64,6,10258,66,64,74,85,93
20151215 08:28,322,19,311,25,322,31,69,64,64,6,10258,66,64,74,85,93
20151215 08:29,310,21,312,24,299,25,69,64,64,6,10258,66,64,74,85,93
20151215 08:30,300,21,312,23,301,30,69,64,64,6,10258,66,64,74,85,93
20151215 08:31,306,23,312,23,312,34,69,64,64,6,10259,66,64,74,85,93
20151215 08:32,307,25,311,23,302,34,70,63,63,4,10259,66,65,74,85,93
20151215 08:33,300,20,310,22,299,22,70,63,63,4,10259,67,65,74,85,93
20151215 08:34,295,16,308,21,291,28,70,65,65,9,10260,67,65,74,85,93
20151215 08:35,291,21,306,21,292,34,70,64,64,7,10260,67,65,74,85,93
20151215 08:36,296,27,304,22,301,41,70,64,64,7,10260,67,65,74,85,93
20151215 08:37,302,27,302,22,303,35,70,64,64,7,10261,67,65,74,85,93
20151215 08:38,305,22,301,22,308,29,70,63,63,4,10261,68,65,74,85,93
20151215 08:39,302,22,301,23,297,37,70,63,63,4,10261,68,65,74,85,93
20151215 08:40,307,26,302,23,317,35,70,64,64,7,10261,68,65,74,85,93
20151215 08:41,318,30,303,24,320,52,70,63,63,4,10261,68,65,74,85,93
20151215 08:42,312,35,303,25,303,48,70,62,62,2,10261,69,65,74,85,93
20151215 08:43,303,37,303,27,303,49,70,62,62,2,10261,69,65,74,85,93
20151215 08:44,303,34,305,29,303,43,70,62,62,2,10261,69,66,74,85,93
20151215 08:45,303,31,306,29,303,41,70,62,62,2,10261,69,66,74,85,93
20151215 08:46,293,29,304,29,282,35,70,62,62,2,10261,70,66,74,85,93
20151215 08:47,281,28,302,30,280,35,70,62,62,2,10262,70,66,74,85,93
20151215 08:48,287,32,300,31,295,43,71,62,63,3,10262,71,66,74,85,93
20151215 08:49,297,33,301,32,299,38,71,62,63,3,10262,71,66,74,85,93
20151215 08:50,305,26,300,31,311,33,71,63,64,5,10262,72,66,74,85,93
20151215 08:51,306,21,298,30,301,25,71,63,64,5,10262,73,66,74,85,93
20151215 08:52,297,25,297,29,292,38,71,63,64,5,10263,73,66,74,85,93
20151215 08:53,291,31,296,29,291,41,71,63,64,5,10263,73,66,74,85,93
20151215 08:54,292,34,295,29,294,46,71,62,63,3,10263,73,66,74,85,93
20151215 08:55,297,33,295,29,300,37,71,61,61,1,10263,74,67,74,85,93
20151215 08:56,303,31,297,30,306,38,71,61,61,1,10263,74,67,75,85,93
20151215 08:57,297,29,298,29,289,35,71,62,63,3,10263,74,67,75,85,93
20151215 08:58,297,24,299,28,305,27,72,63,64,6,10263,74,67,75,85,93
20151215 08:59,307,27,300,28,308,39,72,63,64,6,10263,75,67,75,85,93
20151215 09:00,301,30,298,29,293,39,72,63,64,6,10263,75,67,75,85,93
20151215 09:01,291,28,297,29,290,42,72,62,63,4,10263,76,67,75,85,93
20151215 09:02,293,30,297,30,296,39,72,62,63,4,10263,76,67,75,85,93
20151215 09:03,292,31,297,29,289,39,72,61,62,2,10263,76,68,75,85,93
20151215 09:04,288,27,296,28,287,43,72,62,63,4,10263,76,68,75,85,93
20151215 09:05,299,26,297,28,310,38,72,62,63,4,10263,76,68,75,85,93
20151215 09:06,308,30,297,28,305,43,72,61,62,2,10263,76,68,75,85,93
20151215 09:07,293,26,296,28,282,27,72,62,63,4,10263,76,68,75,85,93
20151215 09:08,285,24,295,28,289,41,72,62,63,4,10263,77,68,75,85,93
20151215 09:09,291,31,293,29,292,48,72,62,63,4,10264,76,68,75,85,93
20151215 09:10,297,36,294,29,301,53,72,62,63,4,10264,76,69,75,85,93
20151215 09:11,304,37,296,30,307,49,72,61,62,2,10264,76,69,75,85,93
20151215 09:12,308,31,297,30,308,34,72,61,62,2,10263,76,69,75,85,93
20151215 09:13,299,25,297,29,290,34,72,61,62,2,10263,76,69,75,85,93
20151215 09:14,306,24,301,29,322,35,72,61,62,2,10263,77,69,75,85,93
20151215 09:15,321,24,302,29,320,36,72,61,62,2,10263,77,69,75,85,93
20151215 09:16,312,25,302,28,305,34,73,62,63,5,10263,77,69,75,85,93
20151215 09:17,305,26,304,29,306,34,73,62,63,5,10262,78,70,75,85,93
20151215 09:18,308,25,306,28,311,31,73,61,62,3,10262,79,70,75,85,93
20151215 09:19,312,21,308,27,314,26,73,61,62,3,10262,80,70,75,85,93
20151215 09:20,308,21,309,25,303,37,73,61,62,3,10262,80,70,75,85,93
20151215 09:21,309,25,309,25,315,38,73,61,62,3,10262,81,70,75,85,93
20151215 09:22,317,26,311,24,320,28,73,61,62,3,10262,81,70,75,85,93
20151215 09:23,318,23,313,24,316,33,73,61,62,3,10262,82,70,75,85,93
20151215 09:24,314,24,312,24,313,35,74,62,64,6,10262,82,70,75,85,93
20151215 09:25,310,23,311,24,308,29,74,62,64,6,10262,83,71,76,85,93
20151215 09:26,318,20,313,23,328,28,74,62,64,6,10262,83,71,76,85,93
20151215 09:27,322,25,314,23,315,38,74,61,63,4,10262,83,71,76,85,93
20151215 09:28,313,25,314,23,310,25,74,61,63,4,10261,83,71,76,85,93
20151215 09:29,313,20,314,23,315,30,74,61,63,4,10261,83,71,76,85,93
20151215 09:30,317,17,316,22,318,21,74,61,63,4,10261,83,71,76,85,93
20151215 09:31,322,19,317,22,326,36,74,62,64,6,10261,82,72,76,85,93
20151215 09:32,318,23,316,22,310,36,74,61,63,4,10261,82,72,76,85,93
20151215 09:33,311,26,316,23,313,38,74,61,63,4,10261,83,72,76,85,93
20151215 09:34,317,28,316,23,321,33,74,61,63,4,10261,83,72,76,85,93
20151215 09:35,312,22,316,23,302,28,74,62,64,6,10262,83,72,76,85,93
20151215 09:36,318,24,316,23,335,36,74,61,63,4,10262,82,72,76,85,93
20151215 09:37,325,26,317,23,316,37,74,61,63,4,10262,81,73,76,85,93
20151215 09:38,313,24,316,23,309,32,74,61,63,4,10261,81,73,76,85,93
20151215 09:39,309,26,316,24,310,37,74,61,63,4,10261,80,73,76,85,93
20151215 09:40,305,27,314,25,301,37,74,61,63,4,10261,80,73,76,85,93
20151215 09:41,306,29,313,26,311,43,74,61,63,4,10261,80,73,76,85,93
20151215 09:42,309,33,312,27,307,44,74,61,63,4,10260,80,73,76,85,93
20151215 09:43,305,30,311,27,303,41,74,61,63,4,10260,82,73,76,85,93
20151215 09:44,312,27,311,27,320,40,74,60,62,2,10260,84,73,76,85,93
20151215 09:45,324,26,314,28,327,34,75,61,63,5,10260,86,73,76,85,93
20151215 09:46,314,22,310,27,300,26,75,61,63,5,10260,89,73,76,85,93
20151215 09:47,304,18,310,26,309,28,76,61,64,6,10260,91,74,77,85,93
20151215 09:48,307,20,309,26,304,33,76,61,64,6,10260,93,74,77,85,93
20151215 09:49,300,20,308,25,295,21,77,61,64,7,10260,95,74,77,85,93
20151215 09:50,303,16,309,24,311,28,77,61,64,7,10260,96,74,77,85,93
20151215 09:51,323,23,311,24,334,38,78,61,65,8,10260,97,74,77,85,93
20151215 09:52,333,33,313,24,332,44,78,60,63,5,10260,99,74,77,85,93
20151215 09:53,327,29,315,23,322,36,78,59,62,3,10260,100,74,77,85,93
20151215 09:54,305,23,312,23,288,34,78,61,65,8,10260,100,75,77,85,93
20151215 09:55,294,30,310,24,301,49,79,61,65,9,10260,100,75,77,85,93
20151215 09:56,304,36,310,26,307,42,79,59,63,4,10260,100,75,77,85,93
20151215 09:57,303,31,309,27,298,34,79,59,63,4,10260,99,75,77,85,93
20151215 09:58,299,28,309,27,300,37,79,59,63,4,10260,99,76,77,85,93
20151215 09:59,302,28,310,28,305,34,79,59,63,4,10260,99,76,77,85,93
20151215 10:00,296,27,307,29,288,35,79,58,62,2,10260,100,76,77,85,93
20151215 10:01,295,25,304,29,303,43,79,59,63,4,10260,101,77,77,85,93
20151215 10:02,307,30,302,29,311,54,80,59,63,5,10260,103,77,77,85,93
20151215 10:03,313,33,302,29,315,38,80,59,63,5,10260,105,77,77,85,93
20151215 10:04,315,29,304,30,315,44,80,59,63,5,10260,107,77,77,85,93
20151215 10:05,315,33,306,30,314,40,81,58,63,3,10260,109,78,77,85,93
20151215 10:06,311,35,306,30,309,53,81,58,63,3,10260,109,78,77,85,93
20151215 10:07,304,31,306,30,299,38,81,58,63,3,10260,109,78,78,85,93
20151215 10:08,300,28,306,30,302,38,81,58,63,3,10260,110,79,78,85,93
20151215 10:09,294,30,304,30,286,43,81,57,62,1,10260,110,79,78,85,93
20151215 10:10,285,32,304,31,284,44,82,58,63,4,10260,110,79,78,85,93
20151215 10:11,286,34,302,32,287,42,82,58,63,4,10260,110,80,78,85,93
20151215 10:12,286,34,300,32,286,39,82,58,63,4,10260,111,80,78,85,93
20151215 10:13,289,31,297,32,291,36,82,57,62,2,10260,111,80,78,85,93
20151215 10:14,297,26,296,31,303,36,82,57,62,2,10260,112,81,78,85,93
20151215 10:15,297,31,294,31,292,46,82,58,63,4,10260,112,81,78,85,92
20151215 10:16,297,35,293,31,303,40,82,57,62,2,10259,111,81,78,85,92
20151215 10:17,302,25,294,30,302,31,83,57,62,3,10259,111,82,78,85,92
20151215 10:18,297,24,293,30,292,40,83,57,62,3,10259,112,82,78,85,93
20151215 10:19,291,31,293,30,291,48,83,57,62,3,10259,111,82,78,85,92
20151215 10:20,289,31,293,30,287,33,83,56,61,0,10259,110,83,78,85,92
20151215 10:21,297,24,296,28,309,33,83,56,61,0,10259,110,83,79,85,93
20151215 10:22,313,24,299,28,317,39,83,57,62,3,10259,111,83,79,85,93
20151215 10:23,323,33,302,29,329,48,84,58,64,6,10259,112,84,79,85,92
20151215 10:24,325,36,304,30,322,45,84,57,63,4,10259,112,84,79,85,92
20151215 10:25,309,29,305,28,296,30,84,58,64,6,10259,113,84,79,85,92
20151215 10:26,292,25,303,28,288,40,84,58,64,6,10259,113,85,79,86,92
20151215 10:27,291,24,302,28,294,32,85,58,64,7,10259,114,85,79,85,93
20151215 10:28,295,27,303,28,296,47,85,58,64,7,10259,114,85,79,86,92
20151215 10:29,309,34,306,29,321,48,85,56,62,2,10259,114,85,79,86,92
20151215 10:30,315,34,308,29,309,46,85,56,62,2,10259,113,86,79,86,92
20151215 10:31,306,32,308,30,304,48,85,56,62,2,10258,112,86,79,86,92
20151215 10:32,304,32,306,31,304,46,85,56,62,2,10258,113,86,80,86,93
20151215 10:33,302,31,303,30,300,45,85,57,63,5,10258,114,86,80,86,93
20151215 10:34,309,30,303,30,317,38,85,56,62,2,10258,115,87,80,86,92
20151215 10:35,309,29,303,30,300,38,85,56,62,2,10257,116,87,80,86,92
20151215 10:36,287,26,302,30,273,33,86,58,65,8,10257,117,87,80,86,92
20151215 10:37,286,26,302,31,298,37,86,58,65,8,10257,117,87,80,86,92
20151215 10:38,296,25,302,29,294,33,87,56,63,4,10258,117,87,80,86,92
20151215 10:39,304,26,301,29,314,38,87,56,63,4,10258,117,88,80,86,93
20151215 10:40,318,27,303,28,321,32,87,56,63,4,10258,116,88,80,86,92
20151215 10:41,325,28,305,28,329,44,88,56,63,5,10258,116,88,80,86,92
20151215 10:42,313,37,304,29,298,62,88,55,62,3,10258,117,88,81,86,93
20151215 10:43,298,44,304,30,298,56,88,55,62,3,10258,117,89,81,86,92
20151215 10:44,301,44,303,32,303,65,87,53,60,-3,10258,116,89,81,86,92
20151215 10:45,304,38,303,32,304,51,87,54,61,-1,10258,115,89,81,86,93
20151215 10:46,305,34,307,33,307,47,87,55,62,2,10258,114,89,81,86,92
20151215 10:47,307,38,307,35,307,57,88,55,62,3,10258,113,90,81,86,92
20151215 10:48,302,42,308,37,296,60,87,54,61,-1,10258,112,90,81,86,93
20151215 10:49,296,38,306,37,295,50,87,54,61,-1,10258,111,90,81,86,92
20151215 10:50,295,33,303,38,296,49,87,54,61,-1,10258,111,90,81,86,92
20151215 10:51,306,32,302,38,316,47,87,54,61,-1,10258,112,90,81,86,93
20151215 10:52,323,37,305,38,330,70,88,55,62,3,10258,113,91,82,86,92
20151215 10:53,332,42,309,38,334,52,88,54,61,0,10258,112,91,82,86,93
20151215 10:54,331,45,311,38,327,66,88,53,60,-2,10258,113,91,82,86,93
20151215 10:55,329,44,314,39,331,52,88,53,60,-2,10258,113,91,82,86,92
20151215 10:56,329,42,316,40,327,53,88,54,61,0,10258,113,91,82,86,93
20151215 10:57,317,35,316,38,306,40,88,53,60,-2,10257,113,91,82,86,93
20151215 10:58,303,29,316,37,300,46,88,55,62,3,10257,114,91,82,86,93
20151215 10:59,305,36,318,38,311,51,89,55,63,4,10257,115,91,82,86,93
20151215 11:00,320,38,321,38,328,49,89,54,62,1,10257,115,92,82,86,93
20151215 11:01,326,38,322,39,324,54,89,54,62,1,10257,115,92,83,86,93
20151215 11:02,328,45,322,40,331,61,89,54,62,1,10257,115,92,83,87,93
20151215 11:03,328,45,321,40,326,54,89,54,62,1,10257,115,92,83,87,93
20151215 11:04,326,39,321,39,327,46,89,54,62,1,10257,116,92,83,87,93
20151215 11:05,320,38,319,38,312,57,89,54,62,1,10258,116,92,83,87,93
20151215 11:06,311,41,317,38,309,60,89,54,62,1,10258,116,92,83,87,93
20151215 11:07,307,39,317,39,305,63,89,55,63,4,10257,116,92,83,87,93
20151215 11:08,296,43,316,41,287,63,89,55,63,4,10257,116,92,83,87,93
20151215 11:09,297,48,316,41,307,61,89,55,63,4,10257,115,93,83,87,93
20151215 11:10,305,38,313,41,303,61,89,56,64,6,10257,115,93,83,87,93
20151215 11:11,301,39,311,42,299,68,89,55,63,4,10257,114,93,84,87,93
20151215 11:12,300,46,308,41,301,58,89,54,62,1,10256,113,93,84,87,93
20151215 11:13,299,43,305,41,297,56,89,55,63,4,10256,114,93,84,87,93
20151215 11:14,306,40,304,42,315,50,89,55,63,4,10256,113,93,84,87,93
20151215 11:15,313,38,303,41,311,53,89,55,63,4,10256,114,93,84,87,93
20151215 11:16,313,41,304,42,315,58,89,56,64,6,10256,114,93,84,87,93
20151215 11:17,307,45,304,42,300,58,89,55,63,4,10255,113,94,84,87,93
20151215 11:18,301,38,305,41,302,44,89,56,64,6,10255,113,94,84,87,93
20151215 11:19,302,39,304,41,302,60,89,55,63,4,10255,113,94,84,87,93
20151215 11:20,308,37,305,40,313,48,89,55,63,4,10254,112,94,84,87,93
20151215 11:21,310,25,306,38,307,30,89,56,64,6,10254,112,94,85,87,93
20151215 11:22,310,22,308,36,313,35,89,56,64,6,10253,113,94,85,87,93
20151215 11:23,314,25,309,34,314,50,90,57,65,9,10253,114,94,85,87,93
20151215 11:24,319,30,310,34,323,52,90,56,64,7,10253,113,94,85,87,93
20151215 11:25,318,37,310,34,313,55,90,55,63,5,10253,113,94,85,87,93
20151215 11:26,315,35,310,33,318,60,90,55,63,5,10253,112,94,85,87,93
20151215 11:27,311,38,311,33,304,61,89,55,63,4,10253,110,94,85,87,93
20151215 11:28,313,41,313,33,323,54,89,55,63,4,10253,109,94,85,88,93
20151215 11:29,326,35,316,32,329,54,89,56,64,6,10253,109,94,85,88,93
20151215 11:30,331,42,318,34,334,59,89,55,63,4,10253,109,94,85,88,93
20151215 11:31,330,45,320,36,326,59,89,55,63,4,10253,109,94,86,88,93
20151215 11:32,324,42,321,38,322,64,89,55,63,4,10253,109,94,86,88,93
20151215 11:33,323,41,322,39,324,50,89,55,63,4,10252,109,95,86,88,93
20151215 11:34,318,34,321,39,313,47,89,55,63,4,10252,108,95,86,88,93
20151215 11:35,308,30,320,38,304,45,89,55,63,4,10252,108,95,86,88,93
20151215 11:36,307,35,319,39,311,58,89,54,62,1,10252,107,95,86,88,93
20151215 11:37,316,44,321,39,321,72,89,55,63,4,10252,106,95,86,88,93
20151215 11:38,314,44,319,40,306,60,89,54,62,1,10251,106,95,86,88,93
20151215 11:39,307,40,317,40,307,59,89,55,63,4,10252,105,95,86,88,93
20151215 11:40,311,44,315,40,316,59,89,55,63,4,10251,104,95,86,88,93
20151215 11:41,311,44,313,40,307,51,89,54,62,1,10251,103,95,86,88,93
20151215 11:42,304,47,311,41,302,70,89,54,62,1,10251,103,94,86,88,93
20151215 11:43,306,44,310,41,310,60,88,54,61,0,10250,102,94,87,88,93
20151215 11:44,312,33,310,41,314,50,88,55,62,3,10250,103,94,87,88,93
20151215 11:45,312,30,310,41,311,40,89,55,63,4,10249,103,94,87,88,93
20151215 11:46,319,24,312,39,327,33,89,56,64,6,10249,104,94,87,88,93
20151215 11:47,317,26,311,37,308,41,89,55,63,4,10248,106,94,87,88,93
20151215 11:48,312,32,312,36,316,41,89,55,63,4,10248,106,94,87,88,93
20151215 11:49,307,30,311,35,299,43,89,55,63,4,10248,107,94,87,89,93
20151215 11:50,299,29,309,33,300,45,89,54,62,1,10248,108,94,87,89,93
20151215 11:51,301,37,309,33,302,57,89,56,64,6,10247,109,94,87,89,93
20151215 11:52,302,41,309,32,302,47,89,54,62,1,10247,109,94,87,89,93
20151215 11:53,300,36,308,32,299,48,89,54,62,1,10247,110,94,87,89,93
20151215 11:54,305,37,307,33,311,49,89,54,62,1,10247,110,94,87,89,93
20151215 11:55,314,38,308,34,317,53,89,54,62,1,10246,110,94,87,89,93
20151215 11:56,320,36,308,35,324,50,89,54,62,1,10246,110,94,88,89,93
20151215 11:57,322,33,309,35,321,46,89,55,63,4,10246,111,94,88,89,93
20151215 11:58,323,32,310,35,326,44,89,54,62,1,10245,111,94,88,89,93
20151215 11:59,326,35,313,36,325,47,89,54,62,1,10245,112,94,88,89,93
20151215 12:00,325,37,315,37,326,47,89,54,62,1,10245,112,94,88,89,93
20151215 12:01,322,34,317,35,318,41,90,54,62,2,10244,113,94,88,89,93
20151215 12:02,321,37,319,36,324,54,90,55,63,5,10245,113,94,88,89,93
20151215 12:03,324,39,322,36,324,43,90,55,63,5,10244,113,94,88,89,93
20151215 12:04,322,27,322,34,319,30,90,54,62,2,10244,114,94,88,89,93
20151215 12:05,331,25,325,33,342,42,90,55,63,5,10244,115,94,88,89,93
20151215 12:06,322,34,323,34,302,53,91,55,64,5,10244,116,94,88,89,93
20151215 12:07,310,36,322,34,318,46,91,55,64,5,10244,116,94,88,89,93
20151215 12:08,313,34,321,34,308,53,91,57,66,10,10244,116,95,88,89,93
20151215 12:09,309,37,319,34,309,49,91,56,65,8,10244,116,95,88,89,93
20151215 12:10,314,38,318,34,319,46,91,56,65,8,10244,117,95,88,90,93
20151215 12:11,313,36,317,35,307,44,91,57,66,10,10244,117,95,88,90,93
20151215 12:12,311,32,316,33,314,49,91,57,66,10,10243,117,95,88,90,93
20151215 12:13,310,35,314,34,306,50,91,57,66,10,10243,118,95,89,90,94
20151215 12:14,311,39,314,36,315,55,91,56,65,8,10243,117,95,89,90,94
20151215 12:15,330,39,314,36,345,52,91,56,65,8,10243,117,95,89,90,93
20151215 12:16,336,33,317,36,326,38,92,55,64,6,10243,117,96,89,90,94
20151215 12:17,325,30,317,35,323,35,92,56,65,9,10243,118,96,89,90,94
20151215 12:18,318,28,317,34,311,39,92,56,65,9,10243,119,96,89,90,94
20151215 12:19,315,32,318,34,318,47,93,57,67,12,10243,118,96,89,90,94
20151215 12:20,310,40,317,35,302,55,93,57,67,12,10243,119,96,89,90,94
20151215 12:21,300,45,316,36,298,56,93,56,66,10,10243,119,96,89,90,94
20151215 12:22,292,45,313,37,286,57,92,56,65,9,10243,119,96,89,90,94
20151215 12:23,290,48,312,39,294,70,92,56,65,9,10243,119,96,89,90,94
20151215 12:24,295,50,310,39,297,64,92,56,65,9,10243,117,97,89,90,94
20151215 12:25,297,41,305,39,298,55,91,56,65,8,10243,117,97,89,90,94
20151215 12:26,297,39,302,40,296,55,91,56,65,8,10243,117,97,89,90,94
20151215 12:27,292,37,299,41,288,44,91,56,65,8,10242,116,97,89,90,94
20151215 12:28,296,39,298,43,304,62,91,56,65,8,10242,115,97,89,90,94
20151215 12:29,300,41,296,42,296,46,91,57,66,10,10242,115,97,89,90,94
20151215 12:30,297,37,296,42,299,61,91,57,66,10,10242,115,97,89,90,94
20151215 12:31,299,36,296,41,299,52,91,57,66,10,10242,115,97,89,90,94
20151215 12:32,300,32,297,39,302,39,91,57,66,10,10243,115,97,90,90,94
20151215 12:33,300,34,298,38,298,61,91,57,66,10,10243,115,97,90,90,94
20151215 12:34,303,41,299,38,308,59,91,56,65,8,10243,114,97,90,91,94
20151215 12:35,306,46,299,39,304,62,91,56,65,8,10243,114,98,90,91,94
20151215 12:36,310,45,301,39,315,54,91,56,65,8,10242,113,98,90,91,94
20151215 12:37,310,40,303,40,306,60,91,56,65,8,10242,113,98,90,91,94
20151215 12:38,305,42,303,39,303,57,91,56,65,8,10242,113,98,90,91,94
20151215 12:39,300,45,303,40,296,59,91,56,65,8,10242,114,98,90,91,94
20151215 12:40,300,49,304,42,305,66,91,55,64,5,10243,114,98,90,91,94
20151215 12:41,304,50,304,43,302,64,91,55,64,5,10243,114,98,90,91,94
20151215 12:42,312,38,306,43,323,38,91,55,64,5,10243,113,98,90,91,94
20151215 12:43,321,31,308,42,319,46,91,56,65,8,10244,114,98,90,91,94
20151215 12:44,326,36,311,42,334,52,92,56,65,9,10244,115,98,90,91,94
20151215 12:45,329,39,313,41,324,54,92,54,63,4,10243,117,98,90,91,94
20151215 12:46,320,35,313,40,317,41,92,54,63,4,10243,117,98,90,91,94
20151215 12:47,315,29,314,39,314,41,92,55,64,6,10243,119,98,90,91,94
20151215 12:48,316,28,315,37,318,40,92,56,65,9,10243,120,98,91,91,94
20151215 12:49,316,29,317,36,313,45,93,56,66,10,10243,120,98,91,91,94
20151215 12:50,306,37,316,35,299,72,93,55,64,7,10242,122,98,91,91,94
20151215 12:51,301,49,317,35,304,73,93,54,63,5,10242,120,98,91,91,94
20151215 12:52,302,49,314,37,300,66,92,54,63,4,10242,118,98,91,91,94
20151215 12:53,296,45,311,38,292,55,92,54,63,4,10242,118,98,91,91,94
20151215 12:54,297,38,308,37,302,52,92,54,63,4,10242,118,98,91,91,94
20151215 12:55,301,35,306,37,300,55,92,55,64,6,10242,118,98,91,91,94
20151215 12:56,303,36,305,38,306,50,92,55,64,6,10242,118,98,91,91,94
20151215 12:57,310,38,305,39,314,64,92,55,64,6,10242,119,99,91,91,94
20151215 12:58,309,46,303,41,304,57,93,55,64,7,10242,118,99,91,92,94
20151215 12:59,303,54,302,44,302,83,93,54,63,5,10242,118,99,91,92,94
20151215 13:00,318,55,306,45,334,75,93,54,63,5,10243,117,99,91,92,94
20151215 13:01,331,50,308,44,328,71,93,53,62,2,10242,116,99,91,92,94
20151215 13:02,313,41,308,43,297,55,93,53,62,2,10242,116,99,91,92,95
20151215 13:03,301,47,309,45,304,73,93,53,62,2,10242,117,99,91,92,94
20151215 13:04,312,56,311,47,320,73,93,53,62,2,10241,116,99,91,92,95
20151215 13:05,306,44,310,46,292,48,93,53,62,2,10241,116,99,91,92,95
20151215 13:06,303,34,311,47,315,48,93,53,62,2,10241,117,99,92,92,95
20151215 13:07,315,37,311,46,315,62,93,54,63,5,10241,116,99,92,92,95
20151215 13:08,321,47,313,47,326,65,93,53,62,2,10241,115,99,92,92,95
20151215 13:09,324,56,315,47,321,80,93,53,62,2,10241,115,99,92,92,95
20151215 13:10,322,48,314,45,323,54,93,52,61,0,10241,114,99,92,92,95
20151215 13:11,314,43,312,45,304,71,93,52,61,0,10240,113,99,92,92,95
20151215 13:12,306,44,313,46,308,62,93,52,61,0,10240,114,99,92,92,95
20151215 13:13,311,42,314,44,313,64,93,52,61,0,10240,114,99,92,92,95
20151215 13:14,312,41,313,43,310,52,94,53,62,3,10240,114,99,92,92,95
20151215 13:15,312,41,315,44,313,60,94,53,62,3,10240,114,99,92,92,95
20151215 13:16,316,45,315,45,319,62,94,52,61,0,10240,113,99,92,92,95
20151215 13:17,324,36,317,44,328,41,94,53,62,3,10240,112,99,92,92,95
20151215 13:18,326,37,316,43,323,55,94,53,62,3,10240,112,99,92,92,95
20151215 13:19,314,43,315,41,306,58,94,52,61,0,10240,112,99,92,92,95
20151215 13:20,306,40,313,41,305,54,94,54,64,6,10240,112,99,92,92,95
20151215 13:21,310,38,314,40,315,49,94,53,62,3,10240,111,99,92,92,95
20151215 13:22,310,39,314,40,305,51,94,53,62,3,10240,111,99,92,92,95
20151215 13:23,305,38,313,39,306,57,94,54,64,6,10240,111,99,92,92,95
20151215 13:24,305,40,312,40,305,61,94,53,62,3,10240,111,99,92,93,95
20151215 13:25,305,41,312,39,305,51,94,54,64,6,10240,110,99,93,93,95
20151215 13:26,306,46,310,40,307,65,94,53,62,3,10240,110,99,93,93,95
20151215 13:27,307,47,308,41,308,58,93,52,61,0,10240,110,99,93,93,95
20151215 13:28,314,48,308,43,319,70,93,53,62,2,10240,110,99,93,93,95
20151215 13:29,318,55,309,44,316,70,93,52,61,0,10240,109,99,93,93,95
20151215 13:30,319,54,311,45,322,65,93,52,61,0,10240,108,99,93,93,95
20151215 13:31,319,49,311,46,316,62,93,52,61,0,10240,109,99,93,93,95
20151215 13:32,325,40,314,46,333,47,93,53,62,2,10240,109,99,93,93,95
20151215 13:33,321,36,314,46,310,55,93,53,62,2,10240,110,99,93,93,95
20151215 13:34,313,37,315,45,317,62,93,53,62,2,10240,110,99,93,93,95
20151215 13:35,319,39,317,45,321,58,93,53,62,2,10240,111,98,93,93,95
20151215 13:36,323,45,319,45,325,64,93,53,62,2,10241,111,98,93,93,95
20151215 13:37,322,51,320,46,319,74,93,53,62,2,10241,110,98,93,93,95
20151215 13:38,327,44,321,44,334,54,93,53,62,2,10240,111,98,93,93,95
20151215 13:39,328,46,322,44,321,85,93,53,62,2,10240,109,98,93,93,95
20151215 13:40,324,60,322,45,326,87,93,53,62,2,10240,109,98,93,93,95
20151215 13:41,319,54,322,45,312,58,93,53,62,2,10240,108,98,93,93,95
20151215 13:42,319,45,321,46,325,58,93,54,63,5,10240,108,98,93,93,95
20151215 13:43,326,43,323,47,326,67,93,54,63,5,10240,109,98,93,93,95
20151215 13:44,326,46,324,48,327,64,93,54,63,5,10240,110,98,93,93,95
20151215 13:45,329,43,325,47,332,48,93,53,62,2,10240,109,98,93,93,95
20151215 13:46,330,39,325,47,329,54,94,54,64,6,10240,109,98,93,93,95
20151215 13:47,330,41,326,46,332,57,94,54,64,6,10240,110,98,93,93,95
20151215 13:48,324,38,325,46,315,48,94,55,65,8,10240,111,98,93,93,96
20151215 13:49,314,47,324,46,313,73,94,55,65,8,10240,110,98,93,93,96
20151215 13:50,321,55,324,45,329,77,94,53,62,3,10240,109,98,94,94,96
20151215 13:51,322,45,324,44,315,46,94,54,64,6,10241,110,98,94,94,96
20151215 13:52,317,37,324,43,318,50,94,54,64,6,10241,110,98,94,94,96
20151215 13:53,313,37,322,43,309,60,94,54,64,6,10241,111,98,94,94,96
20151215 13:54,306,44,320,43,303,73,94,54,64,6,10241,110,98,94,94,96
20151215 13:55,310,52,318,45,317,84,94,53,62,3,10241,110,98,94,94,96
20151215 13:56,313,53,316,45,309,63,94,53,62,3,10241,110,98,94,94,96
20151215 13:57,309,51,314,46,309,64,94,53,62,3,10241,109,98,94,94,96
20151215 13:58,313,50,314,48,318,71,94,53,62,3,10241,109,98,94,94,96
20151215 13:59,317,48,314,47,315,64,94,53,62,3,10241,108,98,94,94,96
20151215 14:00,315,38,313,44,314,39,94,53,62,3,10242,109,98,94,94,96
20151215 14:01,319,41,314,46,323,69,94,53,62,3,10242,110,98,94,94,96
20151215 14:02,328,49,315,47,333,65,94,53,62,3,10241,109,98,94,94,96
20151215 14:03,322,43,315,47,311,55,95,53,63,4,10242,109,98,94,94,96
20151215 14:04,316,47,317,47,321,74,95,52,62,1,10242,109,97,94,94,96
20151215 14:05,318,47,317,46,315,58,95,51,61,-1,10241,108,97,94,94,96
20151215 14:06,323,39,319,45,330,57,95,51,61,-1,10241,109,97,94,94,96
20151215 14:07,329,36,321,43,327,51,95,51,61,-1,10241,110,97,94,94,96
20151215 14:08,327,43,322,43,327,65,95,51,61,-1,10241,110,97,94,94,96
20151215 14:09,325,48,323,43,324,66,95,50,59,-4,10241,109,97,94,94,96
20151215 14:10,325,44,324,45,326,61,95,50,59,-4,10240,109,97,94,94,96
20151215 14:11,324,38,324,43,321,49,95,50,59,-4,10240,109,97,94,94,96
20151215 14:12,315,35,321,42,310,60,95,50,59,-4,10240,109,97,94,94,96
20151215 14:13,311,47,321,44,313,80,95,50,59,-4,10241,108,97,94,94,96
20151215 14:14,310,52,320,43,308,63,95,50,59,-4,10241,107,97,94,94,96
20151215 14:15,303,54,319,45,299,84,95,50,59,-4,10241,107,97,94,94,96
20151215 14:16,302,54,316,46,306,64,95,50,59,-4,10240,106,97,94,94,96
20151215 14:17,307,49,314,48,308,73,95,51,61,-1,10240,105,97,94,94,96
20151215 14:18,311,48,313,47,314,63,95,51,61,-1,10240,105,97,94,94,96
20151215 14:19,311,38,311,45,308,50,95,51,61,-1,10240,105,97,94,95,96
20151215 14:20,303,32,308,44,298,44,95,51,61,-1,10240,105,97,94,95,96
20151215 14:21,303,39,307,45,307,62,95,51,61,-1,10240,105,97,94,95,96
20151215 14:22,306,52,307,48,305,73,95,50,59,-4,10240,106,97,94,95,96
20151215 14:23,306,50,306,46,308,55,95,50,59,-4,10240,105,97,94,95,96
20151215 14:24,310,37,307,45,312,43,95,50,59,-4,10240,106,97,94,95,96
20151215 14:25,316,36,309,42,321,50,95,51,61,-1,10239,106,97,94,95,96
20151215 14:26,325,39,311,42,329,51,96,51,61,0,10239,107,97,94,95,96
20151215 14:27,332,46,314,42,334,76,96,50,60,-3,10239,106,97,94,95,96
20151215 14:28,333,56,315,43,332,82,96,49,59,-6,10239,106,97,94,95,96
20151215 14:29,332,49,318,44,333,58,96,48,57,-9,10239,106,96,94,95,96
20151215 14:30,329,36,321,44,325,48,96,48,57,-9,10239,107,96,94,95,97
20151215 14:31,328,38,323,44,331,58,96,48,57,-9,10239,107,96,94,95,97
20151215 14:32,330,46,325,43,328,73,96,47,56,-12,10239,107,96,94,95,97
20151215 14:33,330,45,328,43,331,64,97,46,55,-14,10239,105,96,94,95,97
20151215 14:34,324,52,328,46,318,84,97,46,55,-14,10239,104,96,94,95,97
20151215 14:35,321,56,329,47,325,73,97,45,54,-17,10239,103,96,94,95,97
20151215 14:36,325,52,328,49,325,68,96,43,51,-24,10239,103,96,94,95,97
20151215 14:37,328,49,328,48,331,65,96,43,51,-24,10239,102,96,95,95,97
20151215 14:38,340,47,329,47,348,65,97,44,53,-20,10239,101,96,95,95,97
20151215 14:39,350,51,331,48,351,73,97,43,52,-23,10239,101,96,95,95,97
20151215 14:40,350,54,334,50,349,75,97,42,51,-26,10239,101,96,95,95,97
20151215 14:41,344,44,335,49,340,58,97,43,52,-23,10239,101,96,95,95,97
20151215 14:42,332,34,334,48,324,54,97,43,52,-23,10239,101,96,95,95,97
20151215 14:43,324,48,333,50,324,71,97,44,53,-20,10239,101,96,95,95,97
20151215 14:44,321,50,333,47,318,55,97,44,53,-20,10238,100,96,95,95,97
20151215 14:45,320,35,333,45,321,44,97,45,54,-17,10238,101,96,95,95,97
20151215 14:46,330,29,334,43,339,41,97,45,54,-17,10238,101,95,95,95,97
20151215 14:47,340,30,336,41,342,50,97,45,54,-17,10238,101,95,95,95,97
20151215 14:48,344,32,335,40,346,41,97,45,54,-17,10239,101,95,95,95,97
20151215 14:49,343,34,334,38,340,59,97,44,53,-20,10239,102,95,95,95,97
20151215 14:50,342,41,334,37,344,59,97,44,53,-20,10238,102,95,95,95,97
20151215 14:51,340,42,333,38,336,53,97,44,53,-20,10238,101,95,95,95,97
20151215 14:52,330,35,334,37,325,38,97,44,53,-20,10238,101,95,95,95,97
20151215 14:53,327,38,334,36,329,73,97,44,53,-20,10238,101,95,95,95,97
20151215 14:54,330,46,335,37,331,70,97,44,53,-20,10238,101,95,95,95,97
20151215 14:55,324,45,335,38,316,53,97,43,52,-23,10238,101,95,95,95,97
20151215 14:56,320,38,333,39,324,59,97,44,53,-20,10238,100,95,95,95,97
20151215 14:57,324,44,331,40,323,63,96,44,53,-20,10238,99,94,95,95,97
20151215 14:58,327,45,330,41,330,52,96,44,53,-20,10238,99,94,95,96,97
20151215 14:59,326,37,328,41,322,48,96,44,53,-20,10238,99,94,95,96,97
20151215 15:00,323,41,326,41,324,60,96,44,53,-20,10238,98,94,95,96,97
20151215 15:01,321,47,324,42,319,65,96,43,51,-24,10238,97,94,95,96,97
20151215 15:02,318,44,323,43,316,54,96,44,53,-20,10239,97,94,95,96,97
20151215 15:03,315,43,322,43,315,66,96,44,53,-20,10239,96,94,95,96,97
20151215 15:04,316,45,321,43,317,66,96,44,53,-20,10239,96,94,95,96,97
20151215 15:05,322,42,322,43,327,61,96,44,53,-20,10239,95,94,95,96,97
20151215 15:06,338,41,324,43,349,51,96,44,53,-20,10239,95,94,95,96,97
20151215 15:07,339,40,325,42,329,52,95,44,52,-21,10240,96,94,95,96,97
20151215 15:08,327,38,324,42,325,50,96,45,54,-17,10240,96,94,95,96,97
20151215 15:09,333,43,326,43,342,74,96,44,53,-20,10240,96,93,95,96,97
20151215 15:10,337,40,327,42,331,47,96,44,53,-20,10240,95,93,95,96,97
20151215 15:11,332,30,328,40,334,36,96,45,54,-17,10239,95,93,95,96,97
20151215 15:12,324,26,328,38,314,42,96,45,54,-17,10239,96,93,95,96,97
20151215 15:13,317,29,329,37,320,58,96,45,54,-17,10239,96,93,95,96,97
20151215 15:14,322,39,329,37,324,65,96,44,53,-20,10239,96,93,95,96,97
20151215 15:15,325,49,329,38,327,75,96,43,51,-24,10240,96,93,95,96,97
20151215 15:16,328,47,327,38,329,53,96,43,51,-24,10240,96,93,95,96,97
20151215 15:17,326,35,327,37,322,42,96,44,53,-20,10240,97,93,95,96,97
20151215 15:18,326,33,327,37,330,46,96,44,53,-20,10240,97,92,95,96,98
20151215 15:19,329,39,326,36,328,52,96,43,51,-24,10240,97,92,95,96,97
20151215 15:20,317,34,323,36,306,37,96,43,51,-24,10240,96,92,95,96,98
20151215 15:21,318,27,323,36,331,36,96,45,54,-17,10240,96,92,95,96,98
20151215 15:22,329,35,324,38,327,65,96,45,54,-17,10240,96,92,95,96,98
20151215 15:23,331,36,326,37,336,45,96,44,53,-20,10240,96,92,95,96,98
20151215 15:24,327,39,325,37,318,65,96,44,53,-20,10240,95,92,95,96,98
20151215 15:25,320,48,325,37,321,64,96,44,53,-20,10239,95,92,95,96,98
20151215 15:26,317,43,323,37,313,58,96,44,53,-20,10239,94,92,94,96,98
20151215 15:27,315,37,323,37,316,49,95,44,52,-21,10239,92,92,94,96,98
20151215 15:28,324,39,323,38,332,51,95,44,52,-21,10239,91,92,95,96,98
20151215 15:29,330,45,323,39,327,61,95,44,52,-21,10240,91,92,94,96,98
20151215 15:30,329,39,325,39,331,52,95,44,52,-21,10240,90,92,94,96,98
20151215 15:31,324,30,324,39,317,38,95,45,53,-18,10240,90,91,94,96,98
20151215 15:32,317,24,323,37,317,24,95,45,53,-18,10240,90,91,94,96,98
20151215 15:33,313,22,320,36,309,38,95,46,55,-15,10241,89,91,94,96,98
20151215 15:34,308,28,319,35,307,39,95,46,55,-15,10241,89,91,94,96,98
20151215 15:35,310,28,318,32,312,34,95,46,55,-15,10241,89,91,94,96,98
20151215 15:36,314,32,318,32,315,55,95,46,55,-15,10241,88,91,94,96,98
20151215 15:37,319,39,319,33,322,57,94,46,54,-16,10241,88,91,94,96,98
20151215 15:38,320,34,317,32,317,41,94,46,54,-16,10241,87,91,94,96,98
20151215 15:39,321,30,317,30,325,42,94,47,55,-13,10242,87,91,94,96,98
20151215 15:40,318,31,315,30,311,44,94,46,54,-16,10242,87,90,94,96,98
20151215 15:41,318,32,316,30,325,47,94,47,55,-13,10242,87,90,94,96,98
20151215 15:42,318,33,315,32,310,43,94,46,54,-16,10242,86,90,94,96,98
20151215 15:43,309,33,315,33,309,49,94,47,55,-13,10242,86,90,94,96,98
20151215 15:44,310,34,316,33,311,49,94,46,54,-16,10242,85,90,94,96,98
20151215 15:45,320,37,317,34,329,51,94,47,55,-13,10242,85,90,94,96,98
20151215 15:46,327,38,318,34,325,51,94,47,55,-13,10242,84,90,94,96,98
20151215 15:47,325,29,319,32,326,36,94,47,55,-13,10242,83,89,94,96,98
20151215 15:48,314,25,317,32,303,51,94,47,55,-13,10242,83,89,94,96,98
20151215 15:49,306,30,316,32,310,39,94,47,55,-13,10242,82,89,94,96,98
20151215 15:50,314,25,317,31,319,31,93,47,55,-14,10243,81,89,94,96,98
20151215 15:51,317,20,316,30,315,32,93,47,55,-14,10243,81,89,94,96,98
20151215 15:52,315,25,316,30,315,45,93,48,56,-11,10243,80,89,94,96,98
20151215 15:53,319,28,318,29,324,39,93,48,56,-11,10243,79,89,94,96,98
20151215 15:54,315,25,317,28,307,43,93,48,56,-11,10243,78,88,94,96,98
20151215 15:55,309,27,316,27,311,43,92,48,56,-12,10243,78,88,94,96,98
20151215 15:56,313,27,314,26,314,32,92,48,56,-12,10243,77,88,94,96,98
20151215 15:57,316,22,314,25,318,26,92,48,56,-12,10243,76,88,94,96,98
20151215 15:58,312,20,314,24,306,23,92,49,57,-10,10243,76,88,94,96,98
20151215 15:59,307,21,314,24,309,29,92,49,57,-10,10244,76,87,94,96,98
20151215 16:00,314,27,314,25,319,42,92,48,56,-12,10244,75,87,94,96,98
20151215 16:01,315,33,313,26,312,46,92,48,56,-12,10244,75,87,94,96,98
20151215 16:02,310,28,313,25,308,29,92,48,56,-12,10244,74,87,94,96,98
20151215 16:03,308,27,311,26,308,44,91,49,57,-10,10244,74,87,94,96,98
20151215 16:04,310,30,312,27,312,38,91,49,57,-10,10244,74,87,94,96,98
20151215 16:05,313,33,312,27,313,51,91,49,57,-10,10245,74,86,94,96,98
20151215 16:06,310,35,311,28,307,46,91,48,55,-13,10245,73,86,94,96,98
20151215 16:07,307,33,310,30,307,41,91,48,55,-13,10245,73,86,94,96,98
20151215 16:08,311,31,311,31,314,37,91,48,55,-13,10245,73,86,94,96,98
20151215 16:09,314,28,311,31,313,34,91,48,55,-13,10245,72,85,94,97,98
20151215 16:10,316,28,311,31,319,43,91,49,57,-10,10245,72,85,94,97,98
20151215 16:11,314,28,311,30,309,35,91,49,57,-10,10245,72,85,93,96,98
20151215 16:12,308,26,311,30,306,35,91,48,55,-13,10245,71,85,93,96,98
20151215 16:13,322,25,314,29,338,44,91,49,57,-10,10245,71,85,93,97,98
20151215 16:14,330,25,315,29,322,39,91,49,57,-10,10245,71,84,93,96,98
20151215 16:15,320,25,315,28,318,32,91,49,57,-10,10245,70,84,93,97,98
20151215 16:16,317,24,316,27,315,38,91,49,57,-10,10245,70,84,93,97,98
20151215 16:17,314,26,317,26,314,45,91,49,57,-10,10245,70,84,93,97,98
20151215 16:18,319,30,318,27,324,40,91,49,57,-10,10245,70,84,93,97,98
20151215 16:19,322,27,318,26,320,35,91,49,57,-10,10245,69,83,93,97,98
20151215 16:20,313,21,317,25,306,35,91,49,57,-10,10245,69,83,93,96,98
20151215 16:21,309,19,317,25,312,22,90,50,57,-9,10245,69,83,93,97,99
20151215 16:22,314,16,318,23,316,23,90,50,57,-9,10245,68,83,93,97,98
20151215 16:23,314,13,316,22,311,18,90,50,57,-9,10245,68,83,93,96,99
20151215 16:24,314,14,315,21,317,22,90,50,57,-9,10245,67,82,93,97,99
20151215 16:25,313,18,314,21,309,32,90,50,57,-9,10246,67,82,93,96,99
20151215 16:26,317,19,315,20,324,22,90,50,57,-9,10246,66,82,93,97,99
20151215 16:27,323,18,316,19,321,26,89,50,57,-10,10246,66,82,93,96,99
20151215 16:28,314,22,314,19,307,40,89,50,57,-10,10246,65,82,93,97,99
20151215 16:29,311,25,314,19,315,33,89,50,57,-10,10246,65,82,93,96,99
20151215 16:30,306,26,313,19,298,33,89,50,57,-10,10246,64,81,93,97,99
20151215 16:31,304,27,313,20,310,35,89,50,57,-10,10246,63,81,93,97,99
20151215 16:32,307,28,312,22,303,36,89,50,57,-10,10246,63,81,92,96,99
20151215 16:33,307,25,312,23,311,33,89,50,57,-10,10246,62,81,92,97,99
20151215 16:34,312,21,311,23,312,27,89,50,57,-10,10246,62,81,92,97,99
20151215 16:35,309,18,311,23,306,20,89,50,57,-10,10247,61,80,92,96,99
20151215 16:36,305,13,309,22,303,15,88,51,58,-8,10247,60,80,92,96,99
20151215 16:37,304,16,307,22,304,34,88,51,58,-8,10247,60,80,92,96,99
20151215 16:38,307,20,307,22,310,28,88,51,58,-8,10247,59,80,92,96,99
20151215 16:39,304,18,306,21,299,20,88,51,58,-8,10247,59,80,92,96,99
20151215 16:40,295,14,305,19,291,15,87,52,58,-6,10247,58,79,92,96,99
20151215 16:41,295,12,304,18,300,19,87,52,58,-6,10247,57,79,92,96,99
20151215 16:42,308,15,305,17,316,22,86,52,58,-7,10247,57,79,92,96,99
20151215 16:43,312,18,305,17,308,22,86,52,58,-7,10247,56,79,92,96,99
20151215 16:44,310,14,305,16,312,16,86,52,58,-7,10247,56,79,92,96,99
20151215 16:45,313,11,306,15,314,15,85,53,59,-5,10247,55,78,92,96,99
20151215 16:46,303,10,305,15,293,14,85,53,59,-5,10247,55,78,92,96,99
20151215 16:47,289,9,303,14,285,12,85,53,59,-5,10247,54,78,92,96,99
20151215 16:48,285,11,300,13,285,14,84,53,58,-6,10247,53,78,91,96,99
20151215 16:49,290,13,300,13,294,17,84,53,58,-6,10248,53,78,91,96,99
20151215 16:50,294,15,300,13,293,19,84,54,59,-4,10248,53,77,91,96,99
20151215 16:51,298,15,300,13,303,17,83,54,59,-5,10248,52,77,91,96,99
20151215 16:52,306,13,300,13,310,20,83,54,59,-5,10248,52,77,91,96,99
20151215 16:53,305,16,299,13,299,27,82,54,59,-5,10248,51,77,91,96,99
20151215 16:54,300,18,298,13,300,19,82,54,59,-5,10248,51,76,91,96,99
20151215 16:55,305,15,297,14,309,20,82,55,60,-3,10248,51,76,91,96,99
20151215 16:56,306,14,298,14,302,21,81,55,59,-4,10247,50,76,91,96,99
20151215 16:57,297,14,299,15,291,17,81,55,59,-4,10247,50,76,91,96,99
20151215 16:58,295,15,300,15,299,19,81,55,59,-4,10247,49,75,91,96,99
20151215 16:59,299,15,300,15,299,16,81,54,58,-6,10247,49,75,91,96,99
20151215 17:00,300,14,301,15,301,18,80,55,59,-5,10248,48,75,91,96,99
20151215 17:01,303,13,302,15,305,15,80,54,58,-7,10248,48,75,91,96,99
20151215 17:02,301,13,300,15,297,15,80,55,59,-5,10248,48,75,91,96,99
20151215 17:03,298,12,300,14,299,14,80,55,59,-5,10248,47,74,90,96,99
20151215 17:04,295,12,299,13,291,14,79,55,59,-6,10248,47,74,90,96,99
20151215 17:05,297,13,299,13,303,16,79,55,59,-6,10248,47,74,90,96,99
20151215 17:06,302,13,299,13,302,15,79,55,59,-6,10248,46,74,90,96,99
20151215 17:07,302,12,300,13,302,15,79,55,59,-6,10248,46,73,90,96,99
20151215 17:08,305,12,301,12,307,15,78,55,58,-7,10248,46,73,90,96,99
20151215 17:09,307,12,301,12,307,14,78,56,59,-4,10248,45,73,90,96,99
20151215 17:10,309,14,302,13,311,24,78,56,59,-4,10248,45,73,90,96,99
20151215 17:11,306,15,302,13,301,19,77,56,59,-5,10248,44,73,90,96,99
20151215 17:12,304,13,303,13,306,17,77,56,59,-5,10248,44,72,90,96,99
20151215 17:13,304,15,303,13,302,21,77,56,59,-5,10248,44,72,90,96,99
20151215 17:14,303,17,304,14,304,24,77,56,59,-5,10248,44,72,90,96,99
20151215 17:15,306,16,305,14,308,20,76,57,59,-4,10248,43,72,90,96,99
20151215 17:16,309,15,306,14,309,19,76,57,59,-4,10249,43,72,89,96,99
20151215 17:17,309,15,306,15,309,20,76,57,59,-4,10249,43,71,89,96,99
20151215 17:18,309,15,307,15,310,24,75,57,59,-5,10249,43,71,89,96,99
20151215 17:19,307,15,306,15,304,23,75,57,59,-5,10249,43,71,89,96,99
20151215 17:20,307,15,306,15,310,20,75,57,59,-5,10249,43,71,89,96,99
20151215 17:21,310,17,307,16,309,25,74,57,59,-6,10248,42,70,89,96,99
20151215 17:22,308,18,307,16,308,23,74,57,59,-6,10248,43,70,89,96,99
20151215 17:23,314,17,309,16,319,24,74,58,60,-3,10248,42,70,89,96,99
20151215 17:24,316,16,310,16,313,20,74,57,59,-6,10248,42,70,89,96,99
20151215 17:25,310,16,310,16,308,23,74,57,59,-6,10248,42,70,89,96,99
20151215 17:26,310,17,310,16,311,23,74,57,59,-6,10248,41,69,89,96,99
20151215 17:27,308,17,310,16,305,25,74,57,59,-6,10249,41,69,89,96,99
20151215 17:28,306,16,309,16,307,26,74,57,59,-6,10248,41,69,89,96,99
20151215 17:29,308,17,310,17,310,27,74,57,59,-6,10248,41,69,88,96,99
20151215 17:30,304,20,309,18,299,31,74,57,59,-6,10248,41,69,88,96,99
20151215 17:31,302,20,309,17,306,23,74,57,59,-6,10248,41,68,88,96,99
20151215 17:32,309,19,309,18,313,27,74,57,59,-6,10248,41,68,88,96,99
20151215 17:33,311,19,308,18,310,27,74,57,59,-6,10248,41,68,88,96,99
20151215 17:34,310,19,308,18,310,22,74,57,59,-6,10248,41,68,88,96,99
20151215 17:35,311,17,308,18,311,22,74,57,59,-6,10249,41,68,88,96,99
20151215 17:36,313,17,309,18,316,20,74,57,59,-6,10249,40,68,88,96,99
20151215 17:37,308,17,308,18,300,24,74,57,59,-6,10249,40,67,88,96,99
20151215 17:38,305,18,308,18,309,27,74,57,59,-6,10249,40,67,88,95,99
20151215 17:39,304,16,307,18,300,19,74,57,59,-6,10250,40,67,88,95,99
20151215 17:40,299,15,307,17,299,22,74,57,59,-6,10250,40,67,88,95,99
20151215 17:41,300,15,307,17,300,17,74,57,59,-6,10250,39,67,87,95,99
20151215 17:42,296,12,305,16,293,14,74,57,59,-6,10250,39,66,87,95,99
20151215 17:43,291,10,303,15,289,14,74,56,58,-8,10250,39,66,87,95,99
20151215 17:44,287,10,300,14,285,14,74,56,58,-8,10250,38,66,87,95,99
20151215 17:45,287,9,298,14,290,11,74,57,59,-6,10250,38,66,87,95,99
20151215 17:46,285,9,295,13,280,11,74,57,59,-6,10250,38,66,87,95,99
20151215 17:47,279,11,292,13,279,15,73,57,58,-6,10250,37,66,87,95,99
20151215 17:48,277,12,289,12,275,14,73,58,59,-4,10250,37,65,87,95,99
20151215 17:49,278,12,287,12,281,14,73,58,59,-4,10250,37,65,87,95,99
20151215 17:50,282,12,285,11,282,15,73,58,59,-4,10250,36,65,87,95,99
20151215 17:51,282,13,283,11,281,14,72,58,59,-5,10250,36,65,86,95,99
20151215 17:52,279,13,282,11,276,15,72,58,59,-5,10250,36,65,86,95,99
20151215 17:53,274,12,280,11,272,14,71,58,58,-6,10251,36,65,86,95,99
20151215 17:54,268,12,278,12,265,13,71,59,59,-4,10251,36,64,86,95,99
20151215 17:55,264,11,276,12,264,12,71,59,59,-4,10251,35,64,86,95,99
20151215 17:56,265,11,274,12,266,13,70,60,60,-2,10251,35,64,86,95,99
20151215 17:57,267,11,273,12,269,13,70,60,60,-2,10251,35,64,86,95,99
20151215 17:58,273,12,273,12,277,16,69,61,61,-1,10251,35,64,86,95,99
20151215 17:59,279,13,273,12,281,16,68,61,60,-2,10251,34,64,86,95,99
20151215 18:00,283,13,274,12,285,16,68,61,60,-2,10251,34,63,86,95,99
20151215 18:01,286,13,274,12,288,17,67,61,60,-3,10251,34,63,86,95,99
20151215 18:02,287,13,275,12,286,16,67,61,60,-3,10251,34,63,85,95,99
20151215 18:03,287,13,277,12,288,15,67,61,60,-3,10251,33,63,85,95,99
20151215 18:04,284,13,279,12,281,15,66,62,60,-2,10251,33,63,85,95,99
20151215 18:05,282,14,280,13,282,16,66,62,60,-2,10251,33,63,85,95,99
20151215 18:06,282,14,282,13,283,18,66,62,60,-2,10251,33,63,85,95,99
20151215 18:07,284,15,284,14,286,18,66,62,60,-2,10251,32,62,85,95,99
20151215 18:08,286,15,285,14,286,15,65,62,60,-2,10251,32,62,85,95,99
20151215 18:09,285,14,285,14,285,16,65,62,60,-2,10251,32,62,85,94,99
20151215 18:10,285,14,285,14,284,16,65,63,61,0,10252,32,62,85,94,99
20151215 18:11,283,14,284,14,282,15,65,63,61,0,10252,32,62,85,94,99
20151215 18:12,283,14,284,14,284,16,64,63,61,-1,10252,32,62,85,94,99
20151215 18:13,283,14,283,14,282,16,64,63,61,-1,10252,31,61,85,94,99
20151215 18:14,283,14,284,14,284,17,63,63,60,-2,10252,31,61,84,94,99
20151215 18:15,285,15,284,14,285,20,63,64,61,0,10252,31,61,84,94,99
20151215 18:16,284,16,284,14,283,19,63,64,61,0,10253,31,61,84,94,99
20151215 18:17,285,16,284,14,287,20,63,64,61,0,10253,31,61,84,94,99
20151215 18:18,286,16,284,15,286,21,63,64,61,0,10253,31,61,84,94,99
20151215 18:19,287,15,284,15,288,17,62,65,62,1,10253,31,60,84,94,99
20151215 18:20,289,16,285,15,290,20,62,65,62,1,10253,31,60,84,94,99
20151215 18:21,292,15,286,15,295,18,62,65,62,1,10253,31,60,84,94,99
20151215 18:22,294,15,287,15,294,18,62,65,62,1,10254,31,60,84,94,99
20151215 18:23,294,16,289,16,295,20,62,65,62,1,10254,31,60,84,94,99
20151215 18:24,294,17,290,16,293,24,62,65,62,1,10254,31,60,84,94,99
20151215 18:25,293,18,291,16,294,24,61,65,61,0,10255,30,60,84,94,99
20151215 18:26,292,18,291,17,289,22,61,65,61,0,10255,30,59,83,94,99
20151215 18:27,291,20,292,17,292,24,61,65,61,0,10255,30,59,83,94,99
20151215 18:28,292,18,292,17,291,20,61,66,62,2,10255,30,59,83,94,99
20151215 18:29,292,17,293,17,292,22,61,66,62,2,10254,30,59,83,94,99
20151215 18:30,292,17,293,17,292,23,61,66,62,2,10255,30,59,83,94,99
20151215 18:31,294,16,293,17,297,17,61,66,62,2,10255,30,59,83,94,99
20151215 18:32,295,15,293,17,292,20,61,66,62,2,10255,30,59,83,94,99
20151215 18:33,295,16,293,17,297,19,61,66,62,2,10255,30,58,83,94,99
20151215 18:34,297,15,293,17,298,19,61,66,62,2,10255,29,58,83,94,99
20151215 18:35,296,14,293,16,294,18,61,66,62,2,10256,29,58,83,93,99
20151215 18:36,293,15,294,16,292,18,60,66,62,1,10256,29,58,83,93,98
20151215 18:37,294,16,294,16,296,20,60,66,62,1,10256,29,58,82,93,99
20151215 18:38,292,16,294,16,289,18,60,66,62,1,10256,29,58,82,93,99
20151215 18:39,288,17,293,16,287,22,60,66,62,1,10257,29,58,82,93,99
20151215 18:40,287,18,293,16,287,21,60,66,62,1,10257,29,57,82,93,98
20151215 18:41,288,18,292,16,289,21,60,67,63,3,10257,29,57,82,93,98
20151215 18:42,288,17,292,16,287,21,60,67,63,3,10256,29,57,82,93,98
20151215 18:43,287,17,291,16,288,19,59,67,62,2,10256,29,57,82,93,98
20151215 18:44,286,17,289,17,285,22,59,67,62,2,10256,29,57,82,93,98
20151215 18:45,286,17,289,17,286,19,59,67,62,2,10257,29,57,82,93,98
20151215 18:46,285,16,288,17,285,22,59,67,62,2,10257,29,57,82,93,98
20151215 18:47,286,16,287,17,287,21,59,67,62,2,10257,29,57,82,93,98
20151215 18:48,289,16,287,17,290,21,59,67,62,2,10257,28,56,81,93,98
20151215 18:49,289,15,287,17,288,19,59,67,62,2,10257,28,56,81,93,98
20151215 18:50,291,13,288,16,294,16,58,68,63,4,10257,28,56,81,93,98
20151215 18:51,291,13,288,16,289,17,58,68,63,4,10257,28,56,81,93,98
20151215 18:52,291,12,288,15,293,14,58,68,63,4,10257,28,56,81,93,98
20151215 18:53,291,11,289,15,290,14,58,68,63,4,10257,28,56,81,93,98
20151215 18:54,288,12,289,14,286,17,58,68,63,4,10257,27,56,81,93,98
20151215 18:55,286,13,289,14,286,16,58,68,63,4,10257,27,56,81,93,98
20151215 18:56,285,13,289,13,284,15,58,68,63,4,10257,27,56,81,93,98
20151215 18:57,282,13,288,13,280,15,58,68,63,4,10257,27,55,81,93,98
20151215 18:58,280,12,287,13,281,15,58,68,63,4,10257,27,55,81,92,98
20151215 18:59,280,13,286,13,279,15,58,68,63,4,10258,26,55,81,92,98
20151215 19:00,279,14,285,13,278,15,58,68,63,4,10258,26,55,80,92,98
20151215 19:01,277,13,283,13,276,16,57,68,62,3,10258,26,55,80,92,98
20151215 19:02,272,13,281,13,268,15,57,68,62,3,10258,26,55,80,92,98
20151215 19:03,265,13,278,13,263,15,57,68,62,3,10258,26,55,80,92,98
20151215 19:04,265,12,276,13,267,13,57,68,62,3,10258,26,55,80,92,98
20151215 19:05,266,11,274,13,266,13,57,68,62,3,10258,25,55,80,92,98
20151215 19:06,266,11,272,12,265,14,56,68,62,2,10258,25,54,80,92,98
20151215 19:07,266,11,271,12,267,14,56,69,63,4,10259,25,54,80,92,98
20151215 19:08,266,11,269,12,266,14,55,69,62,3,10259,25,54,80,92,98
20151215 19:09,266,11,268,12,266,13,55,70,63,5,10259,25,54,80,92,98
20151215 19:10,266,10,267,12,265,12,55,70,63,5,10259,25,54,80,92,98
20151215 19:11,266,9,266,11,266,10,54,70,63,4,10259,24,54,80,92,98
20151215 19:12,265,9,265,11,263,10,54,70,63,4,10259,24,54,79,92,98
20151215 19:13,264,9,266,10,264,11,54,70,63,4,10259,24,54,79,92,98
20151215 19:14,268,11,266,10,272,13,54,71,64,6,10259,24,54,79,92,98
20151215 19:15,271,11,266,10,271,12,53,71,63,5,10259,24,53,79,92,98
20151215 19:16,273,11,267,11,275,15,53,71,63,5,10259,24,53,79,92,98
20151215 19:17,277,12,269,11,279,13,52,72,64,6,10259,24,53,79,92,98
20151215 19:18,278,12,270,11,277,14,52,72,64,6,10259,23,53,79,92,98
20151215 19:19,277,12,271,11,278,15,51,73,64,7,10259,23,53,79,92,98
20151215 19:20,277,12,272,11,277,13,51,74,65,9,10259,23,53,79,91,98
20151215 19:21,275,12,273,11,272,14,51,75,66,10,10259,23,53,79,91,98
20151215 19:22,270,13,273,12,268,14,51,75,66,10,10260,23,53,79,91,98
20151215 19:23,266,12,273,12,265,13,50,75,65,9,10260,23,53,79,91,98
20151215 19:24,262,11,272,12,260,13,50,75,65,9,10260,23,52,78,91,98
20151215 19:25,257,10,271,12,255,12,50,75,65,9,10260,22,52,78,91,98
20151215 19:26,253,9,268,11,252,10,49,75,65,8,10260,22,52,78,91,98
20151215 19:27,251,10,265,11,249,14,49,75,65,8,10260,22,52,78,91,98
20151215 19:28,249,13,262,11,249,18,49,75,65,8,10260,22,52,78,91,98
20151215 19:29,250,16,260,12,252,21,48,76,65,9,10260,22,52,78,91,98
20151215 19:30,253,18,258,13,254,21,48,76,65,9,10260,22,52,78,91,98
20151215 19:31,255,17,256,13,256,20,48,76,65,9,10260,22,52,78,91,98
20151215 19:32,258,16,255,13,260,17,48,76,65,9,10261,22,51,78,91,98
20151215 19:33,264,13,255,13,268,15,48,76,65,9,10261,22,51,78,91,98
20151215 19:34,268,12,256,13,269,16,48,76,65,9,10261,22,51,78,91,97
20151215 19:35,272,14,258,14,275,18,47,76,65,8,10261,21,51,78,91,98
20151215 19:36,277,15,261,15,278,16,47,76,65,8,10261,21,51,78,91,97
20151215 19:37,275,13,263,15,272,14,47,76,65,8,10261,21,51,77,91,97
20151215 19:38,274,12,266,15,275,13,47,76,65,8,10261,21,51,77,91,97
20151215 19:39,274,11,268,14,272,12,47,76,65,8,10261,21,51,77,91,97
20151215 19:40,271,11,269,13,269,12,47,76,65,8,10261,21,51,77,90,97
20151215 19:41,266,11,270,12,264,12,46,77,65,9,10261,21,50,77,90,97
20151215 19:42,264,10,271,12,265,12,46,77,65,9,10260,21,50,77,90,97
20151215 19:43,269,10,271,12,273,11,46,77,65,9,10261,21,50,77,90,97
20151215 19:44,275,10,272,12,277,10,46,78,66,11,10261,20,50,77,90,97
20151215 19:45,279,9,273,11,282,11,46,78,66,11,10261,20,50,77,90,97
20151215 19:46,284,9,273,11,286,10,45,78,66,10,10261,20,50,77,90,97
20151215 19:47,285,10,275,10,284,11,45,78,66,10,10261,20,50,77,90,97
20151215 19:48,280,10,275,10,276,12,45,78,66,10,10261,20,50,77,90,97
20151215 19:49,272,10,274,10,268,12,44,79,66,11,10261,20,50,77,90,97
20151215 19:50,270,10,275,10,272,11,44,80,67,13,10261,20,49,76,90,97
20151215 19:51,276,10,276,10,279,11,43,81,67,13,10260,20,49,76,90,97
20151215 19:52,282,10,278,10,285,11,43,81,67,13,10260,19,49,76,90,97
20151215 19:53,286,10,280,10,286,11,42,81,67,12,10260,19,49,76,90,97
20151215 19:54,289,10,281,10,291,11,42,82,68,14,10260,19,49,76,90,97
20151215 19:55,291,11,282,10,290,11,41,82,67,13,10260,19,49,76,90,97
20151215 19:56,289,11,282,10,288,12,41,82,67,13,10260,19,49,76,90,97
20151215 19:57,288,12,282,11,288,13,41,83,68,15,10259,19,49,76,90,97
20151215 19:58,291,12,284,11,293,13,41,83,68,15,10259,19,49,76,90,97
20151215 19:59,292,12,286,11,292,12,41,83,68,15,10259,19,49,76,90,97
20151215 20:00,293,12,289,11,294,13,40,83,67,14,10259,19,48,76,90,97
