time_now,wd_avg_2mins,ws_avg_2mins,wd_avg_10mins,ws_avg_10mins,wd_maxsp_this_min,ws_maxsp_this_min,air_temp_by_box,relative_humidity,water_vapor_pressure,dew_temp,station_pressure,ground_temp_pt,ground_tem_5cm,ground_tem_10cm,ground_tem_15cm,ground_tem_20cm
20150308 20:01,106,10,110,12,108,12,53,82,73,25,10240,44,77,95,102,98
20150308 20:02,109,9,109,11,110,10,53,82,73,25,10240,44,77,95,102,98
20150308 20:03,111,9,109,11,111,10,53,82,73,25,10240,44,77,95,102,98
20150308 20:04,113,8,109,10,115,9,53,82,73,25,10240,44,77,95,101,98
20150308 20:05,115,7,109,9,115,8,53,82,73,25,10240,44,77,95,101,98
20150308 20:06,115,6,110,9,116,8,53,82,73,25,10241,44,77,94,101,98
20150308 20:07,117,6,111,8,118,8,53,83,74,27,10241,44,76,94,101,98
20150308 20:08,117,5,112,8,116,5,53,83,74,27,10241,44,76,94,101,98
20150308 20:09,119,5,114,7,123,5,53,83,74,27,10241,44,76,94,101,98
20150308 20:10,123,5,116,7,124,6,53,83,74,27,10241,44,76,94,101,98
20150308 20:11,122,5,117,6,119,6,52,83,73,26,10241,44,76,94,101,98
20150308 20:12,123,6,118,6,126,8,52,83,73,26,10241,43,76,94,101,98
20150308 20:13,125,6,119,6,123,6,52,83,73,26,10241,43,76,93,101,98
20150308 20:14,123,5,120,6,123,8,52,83,73,26,10241,44,75,93,101,98
20150308 20:15,124,5,121,5,125,6,52,83,73,26,10241,43,75,93,100,98
20150308 20:16,132,4,124,5,139,5,51,83,73,25,10241,43,75,93,100,98
20150308 20:17,135,3,125,5,132,4,51,83,73,25,10241,43,75,93,100,98
20150308 20:18,135,4,127,5,138,7,51,83,73,25,10241,43,75,93,100,98
20150308 20:19,135,3,128,4,131,2,50,83,72,24,10241,43,75,93,100,98
20150308 20:20,127,1,128,4,123,3,50,84,73,25,10241,42,75,92,100,98
20150308 20:21,127,3,129,4,131,5,50,84,73,25,10241,43,75,92,100,98
20150308 20:22,126,3,129,4,121,5,50,84,73,25,10241,43,74,92,100,98
20150308 20:23,120,3,128,3,118,4,49,84,73,24,10241,42,74,92,100,98
20150308 20:24,124,3,129,3,130,4,49,84,73,24,10242,42,74,92,100,98
20150308 20:25,136,2,131,3,142,3,49,84,73,24,10242,43,74,92,100,98
20150308 20:26,146,3,132,3,151,5,49,84,73,24,10242,42,74,92,100,98
20150308 20:27,141,5,132,3,131,8,48,84,72,23,10242,42,74,91,99,98
20150308 20:28,131,5,131,3,132,5,48,85,73,25,10242,42,74,91,99,98
20150308 20:29,124,6,129,4,116,10,48,85,73,25,10242,42,74,91,99,98
20150308 20:30,116,8,129,5,115,10,47,85,73,24,10242,42,73,91,99,98
20150308 20:31,109,8,126,5,103,10,47,85,73,24,10241,42,73,91,99,98
20150308 20:32,100,8,123,6,96,10,47,86,73,26,10241,42,73,91,99,98
20150308 20:33,95,9,121,6,93,11,46,86,73,25,10241,42,73,91,99,97
20150308 20:34,89,10,116,7,85,14,46,87,74,26,10241,42,73,90,99,97
20150308 20:35,86,12,111,8,87,14,46,88,75,28,10241,42,73,90,99,97
20150308 20:36,86,13,104,9,86,16,46,88,75,28,10241,42,73,90,99,97
20150308 20:37,84,13,99,10,81,16,46,88,75,28,10241,42,72,90,99,97
20150308 20:38,81,14,94,11,81,16,46,88,75,28,10240,42,72,90,99,97
20150308 20:39,82,15,91,11,83,16,46,89,75,29,10240,42,72,90,99,97
20150308 20:40,82,15,88,12,81,18,46,89,75,29,10240,42,72,90,98,97
20150308 20:41,79,16,85,13,78,18,46,89,75,29,10240,42,72,90,98,97
20150308 20:42,79,17,83,14,80,19,46,89,75,29,10240,42,72,89,98,97
20150308 20:43,78,17,82,15,77,19,46,89,75,29,10240,42,72,89,98,97
20150308 20:44,77,17,81,15,76,19,47,89,76,30,10240,42,72,89,98,97
20150308 20:45,74,16,80,16,72,18,47,89,76,30,10240,42,72,89,98,97
20150308 20:46,73,16,78,16,74,19,47,88,75,29,10240,43,71,89,98,97
20150308 20:47,73,17,77,16,72,20,47,88,75,29,10240,43,71,89,98,97
20150308 20:48,72,17,76,17,72,19,48,88,76,30,10240,43,71,89,98,97
20150308 20:49,72,17,75,17,72,20,48,88,76,30,10239,43,71,89,98,97
20150308 20:50,71,18,74,17,70,21,48,88,76,30,10239,43,71,89,98,97
20150308 20:51,70,18,73,17,69,20,48,87,75,28,10239,43,71,88,97,97
20150308 20:52,69,17,72,17,69,21,49,87,75,29,10240,44,71,88,97,97
20150308 20:53,67,16,71,17,66,19,49,87,75,29,10240,44,71,88,97,97
20150308 20:54,67,15,70,17,68,18,49,87,75,29,10240,44,71,88,97,97
20150308 20:55,67,14,70,17,66,20,49,87,75,29,10240,44,71,88,97,97
20150308 20:56,67,14,69,16,68,19,50,86,75,29,10240,44,70,88,97,97
20150308 20:57,68,16,69,16,69,20,50,86,75,29,10240,44,70,88,97,97
20150308 20:58,69,16,69,16,70,20,50,86,75,29,10239,44,70,88,97,97
20150308 20:59,72,17,69,16,74,20,50,86,75,29,10239,44,70,87,97,97
20150308 21:00,73,17,69,16,73,21,51,86,76,30,10239,44,70,87,97,97
20150308 21:01,74,16,70,16,76,17,51,86,76,30,10239,44,70,87,97,97
20150308 21:02,77,15,71,16,77,18,51,86,76,30,10239,44,70,87,97,97
20150308 21:03,77,16,72,16,77,20,51,86,76,30,10239,44,70,87,97,97
20150308 21:04,76,17,73,16,76,20,51,86,76,30,10239,44,70,87,96,97
20150308 21:05,74,17,73,16,73,20,51,86,76,30,10239,44,70,87,96,96
20150308 21:06,72,16,74,16,71,19,51,86,76,30,10239,44,70,87,96,96
20150308 21:07,71,16,74,16,72,19,51,86,76,30,10239,44,69,87,96,96
20150308 21:08,74,16,75,16,76,19,51,86,76,30,10239,44,69,86,96,96
20150308 21:09,74,16,74,16,72,18,50,86,75,29,10239,44,69,86,96,96
20150308 21:10,72,17,74,16,73,21,50,86,75,29,10239,44,69,86,96,96
20150308 21:11,72,18,74,17,71,21,50,86,75,29,10238,44,69,86,96,96
20150308 21:12,69,19,73,17,68,23,50,86,75,29,10238,44,69,86,96,96
20150308 21:13,67,19,72,17,66,22,50,86,75,29,10238,44,69,86,96,96
20150308 21:14,66,19,71,18,65,21,51,86,76,30,10237,44,69,86,96,96
20150308 21:15,65,20,70,18,64,23,51,86,76,30,10237,44,69,86,96,96
20150308 21:16,64,20,69,18,64,23,51,86,76,30,10237,44,69,86,95,96
20150308 21:17,63,19,68,18,62,21,51,86,76,30,10236,44,69,85,95,96
20150308 21:18,63,17,67,18,63,20,51,86,76,30,10237,44,69,85,95,96
20150308 21:19,64,16,66,18,65,19,51,86,76,30,10237,44,68,85,95,96
20150308 21:20,65,14,65,18,65,17,52,86,76,31,10237,44,68,85,95,96
20150308 21:21,66,13,65,17,68,20,52,86,76,31,10237,44,68,85,95,96
20150308 21:22,66,11,65,17,64,16,52,86,76,31,10238,44,68,85,95,96
20150308 21:23,66,10,65,16,69,14,52,86,76,31,10238,44,68,85,95,96
20150308 21:24,67,10,65,15,64,13,52,86,76,31,10238,44,68,85,95,96
20150308 21:25,62,10,64,14,59,14,52,86,76,31,10238,44,68,85,95,96
20150308 21:26,61,9,64,12,63,12,52,86,76,31,10239,44,68,85,95,96
20150308 21:27,64,8,65,11,65,9,52,86,76,31,10239,44,68,84,95,96
20150308 21:28,64,9,64,11,62,13,52,86,76,31,10239,44,68,84,95,96
20150308 21:29,64,9,65,10,66,10,52,86,76,31,10239,44,68,84,95,96
20150308 21:30,65,8,64,9,64,11,52,86,76,31,10240,43,68,84,94,96
20150308 21:31,69,9,65,9,74,11,52,86,76,31,10240,43,68,84,94,96
20150308 21:32,71,9,65,9,68,11,52,86,76,31,10240,44,68,84,94,96
20150308 21:33,67,8,65,9,66,11,52,86,76,31,10240,44,67,84,94,95
20150308 21:34,68,9,66,9,69,11,51,86,76,30,10240,43,67,84,94,95
20150308 21:35,69,10,67,9,69,11,51,86,76,30,10240,43,67,84,94,95
20150308 21:36,67,10,67,9,66,10,51,86,76,30,10240,43,67,84,94,95
20150308 21:37,66,9,67,9,65,9,51,86,76,30,10240,43,67,83,94,95
20150308 21:38,65,8,67,9,64,11,51,86,76,30,10240,43,67,83,94,95
20150308 21:39,63,8,67,9,62,11,51,86,76,30,10240,43,67,83,94,95
20150308 21:40,61,8,66,9,60,9,51,86,76,30,10240,43,67,83,94,95
20150308 21:41,60,7,65,9,61,8,51,86,76,30,10240,43,67,83,94,95
20150308 21:42,61,7,64,9,61,9,51,86,76,30,10240,43,67,83,94,95
20150308 21:43,60,7,64,8,59,8,51,86,76,30,10241,43,67,83,94,95
20150308 21:44,59,6,63,8,59,7,51,87,76,31,10241,42,67,83,93,95
20150308 21:45,59,6,61,7,58,8,51,87,76,31,10241,42,67,83,93,95
20150308 21:46,57,7,60,7,56,9,51,87,76,31,10241,42,67,83,93,95
20150308 21:47,56,7,60,7,55,10,50,87,76,30,10241,42,67,83,93,95
20150308 21:48,58,7,59,7,62,8,50,87,76,30,10241,42,66,82,93,95
20150308 21:49,62,7,59,7,62,10,50,87,76,30,10241,42,66,82,93,95
20150308 21:50,62,8,60,7,62,10,50,87,76,30,10241,41,66,82,93,95
20150308 21:51,62,9,60,7,62,11,50,87,76,30,10241,41,66,82,93,95
20150308 21:52,62,9,60,7,62,11,50,87,76,30,10241,41,66,82,93,95
20150308 21:53,61,8,60,8,59,10,50,87,76,30,10241,41,66,82,93,95
20150308 21:54,59,7,60,8,59,9,50,87,76,30,10241,41,66,82,93,95
20150308 21:55,59,6,60,8,60,8,49,87,75,29,10241,41,66,82,93,95
20150308 21:56,60,5,60,8,59,7,49,87,75,29,10241,40,66,82,93,95
20150308 21:57,59,5,61,7,59,7,49,87,75,29,10241,40,66,82,93,95
20150308 21:58,59,5,60,7,59,6,49,87,75,29,10241,40,66,82,92,95
20150308 21:59,60,6,60,7,61,7,49,87,75,29,10241,39,66,82,92,95
20150308 22:00,63,7,60,7,64,8,49,87,75,29,10240,39,66,82,92,94
20150308 22:01,64,7,60,6,63,8,49,88,76,31,10240,39,66,81,92,94
20150308 22:02,62,7,60,6,62,8,48,88,76,30,10239,38,65,81,92,94
20150308 22:03,60,7,60,6,59,8,48,88,76,30,10239,38,65,81,92,94
20150308 22:04,58,7,60,6,57,11,48,88,76,30,10239,38,65,81,92,94
20150308 22:05,54,9,60,7,52,12,48,88,76,30,10239,38,65,81,92,94
20150308 22:06,49,9,58,7,45,10,47,88,75,29,10239,38,65,81,92,94
20150308 22:07,45,9,57,8,45,14,47,89,76,30,10239,38,65,81,92,94
20150308 22:08,47,12,56,8,48,15,47,89,76,30,10239,38,65,81,92,94
20150308 22:09,50,14,55,9,52,17,47,89,76,30,10238,38,65,81,92,94
20150308 22:10,54,12,54,9,56,13,46,89,75,29,10238,37,65,81,92,94
20150308 22:11,59,10,54,10,62,11,46,90,76,31,10238,37,65,81,92,94
20150308 22:12,64,8,54,10,67,9,46,90,76,31,10238,38,65,81,91,94
20150308 22:13,64,6,54,9,61,6,46,90,76,31,10239,38,64,81,91,94
20150308 22:14,57,5,54,9,52,7,46,90,76,31,10239,38,64,80,91,94
20150308 22:15,51,4,54,8,50,6,46,90,76,31,10239,38,64,80,91,94
20150308 22:16,59,1,56,7,67,2,46,90,76,31,10239,38,64,80,91,94
20150308 22:17,93,0,63,6,124,0,46,90,76,31,10240,38,64,80,91,94
20150308 22:18,156,0,71,5,183,2,46,90,76,31,10241,38,64,80,91,94
20150308 22:19,174,1,82,4,165,3,46,90,76,31,10242,38,64,80,91,94
20150308 22:20,164,3,94,3,162,6,47,90,77,32,10242,38,64,80,91,94
20150308 22:21,161,5,108,3,161,6,47,90,77,32,10242,38,64,80,91,94
20150308 22:22,164,6,122,3,167,8,47,91,78,34,10242,38,64,80,91,94
20150308 22:23,179,6,138,3,190,7,47,91,78,34,10242,38,64,80,91,94
20150308 22:24,200,6,155,3,209,7,48,91,78,35,10242,38,63,80,91,94
20150308 22:25,205,7,167,4,201,8,48,90,77,33,10242,39,63,80,91,94
20150308 22:26,196,6,176,5,191,7,48,90,77,33,10242,39,63,79,91,93
20150308 22:27,192,5,182,5,193,5,48,90,77,33,10241,38,63,79,90,93
20150308 22:28,183,3,181,5,172,4,47,90,77,32,10241,38,63,79,90,93
20150308 22:29,152,2,178,5,129,4,47,90,77,32,10241,37,63,79,90,93
20150308 22:30,113,3,173,5,98,6,47,90,77,32,10240,37,63,79,90,93
20150308 22:31,93,4,167,5,89,5,46,90,76,31,10240,37,63,79,90,93
20150308 22:32,92,4,159,5,95,5,46,90,76,31,10240,37,63,79,90,93
20150308 22:33,116,4,152,4,137,4,46,90,76,31,10241,36,63,79,90,93
20150308 22:34,142,3,145,4,147,4,46,90,76,31,10242,36,63,79,90,93
20150308 22:35,149,3,140,4,151,3,46,90,76,31,10242,35,63,79,90,93
20150308 22:36,153,2,137,3,155,3,46,90,76,31,10242,35,63,79,90,93
20150308 22:37,149,1,132,3,142,1,45,90,76,30,10242,35,62,79,90,93
20150308 22:38,142,0,129,3,141,0,45,90,76,30,10242,35,62,79,90,93
20150308 22:39,140,0,130,2,140,0,45,90,76,30,10241,34,62,78,90,93
20150308 22:40,138,0,134,2,136,0,45,90,76,30,10241,33,62,78,90,93
20150308 22:41,130,1,137,2,124,3,45,90,76,30,10240,33,62,78,90,93
20150308 22:42,122,3,139,2,120,4,44,90,75,29,10240,33,62,78,90,93
20150308 22:43,121,4,138,2,121,4,44,90,75,29,10240,33,62,78,89,93
20150308 22:44,117,4,134,2,113,5,44,90,75,29,10240,33,62,78,89,93
20150308 22:45,108,4,129,2,102,5,43,91,76,30,10239,33,62,78,89,93
20150308 22:46,98,4,123,2,94,5,43,91,76,30,10239,32,61,78,89,93
20150308 22:47,88,4,117,3,81,6,43,91,76,30,10239,32,61,78,89,93
20150308 22:48,77,6,111,3,73,7,42,91,75,29,10238,32,61,78,89,93
20150308 22:49,73,7,104,4,73,7,42,91,75,29,10238,32,61,78,89,93
20150308 22:50,71,7,97,5,70,9,42,91,75,29,10238,32,61,78,89,93
20150308 22:51,71,8,92,5,72,9,41,92,75,29,10238,31,61,78,89,93
20150308 22:52,71,8,87,6,71,8,41,92,75,29,10238,31,61,77,89,93
20150308 22:53,69,7,81,6,67,7,41,92,75,29,10238,31,61,77,89,92
20150308 22:54,66,6,77,6,65,8,41,92,75,29,10238,31,60,77,89,92
20150308 22:55,63,7,73,6,60,7,41,92,75,29,10238,31,60,77,89,92
20150308 22:56,62,7,70,7,65,8,41,92,75,29,10238,31,60,77,89,92
20150308 22:57,69,8,69,7,73,9,41,92,75,29,10238,30,60,77,89,92
20150308 22:58,77,7,70,7,81,8,41,93,76,31,10238,30,60,77,89,92
20150308 22:59,81,6,70,7,80,6,40,93,76,30,10239,30,60,77,89,92
20150308 23:00,82,5,72,7,83,5,40,93,76,30,10239,30,60,77,88,92
20150308 23:01,81,3,72,6,79,4,39,92,74,27,10239,30,60,77,88,92
20150308 23:02,74,2,72,6,69,2,39,92,74,27,10239,31,60,77,88,92
20150308 23:03,67,3,72,5,65,5,39,93,75,29,10238,31,59,77,88,92
20150308 23:04,65,5,72,5,65,8,39,93,75,29,10238,31,59,77,88,92
20150308 23:05,63,7,72,5,60,9,39,93,75,29,10237,31,59,76,88,92
20150308 23:06,59,8,71,5,58,9,38,93,75,28,10237,30,59,76,88,92
20150308 23:07,56,9,69,6,54,11,38,93,75,28,10237,31,59,76,88,92
20150308 23:08,51,10,66,6,48,12,38,93,75,28,10237,31,59,76,88,92
20150308 23:09,49,11,63,7,50,11,38,93,75,28,10237,32,59,76,88,92
20150308 23:10,52,9,60,7,54,11,38,93,75,28,10237,32,59,76,88,92
20150308 23:11,54,9,58,8,55,13,38,94,75,29,10236,32,59,76,88,92
20150308 23:12,56,9,57,8,58,13,38,94,75,29,10236,33,58,76,88,92
20150308 23:13,59,9,56,9,60,10,38,94,75,29,10235,33,58,76,88,92
20150308 23:14,59,10,56,9,58,12,38,94,75,29,10235,33,58,76,88,92
20150308 23:15,59,10,56,9,60,11,38,94,75,29,10235,34,58,76,88,92
20150308 23:16,59,9,56,10,58,11,38,94,75,29,10236,35,58,75,88,92
20150308 23:17,55,7,55,9,51,8,38,94,75,29,10237,35,58,75,87,92
20150308 23:18,49,3,55,8,48,3,39,94,76,30,10237,35,58,75,87,92
20150308 23:19,49,1,55,7,51,0,39,94,76,30,10238,35,58,75,87,92
20150308 23:20,23,0,50,6,357,0,40,94,76,31,10238,36,58,75,87,91
20150308 23:21,21,0,49,5,44,0,40,95,77,33,10238,36,58,75,87,91
20150308 23:22,42,0,47,4,40,0,40,95,77,33,10238,36,58,75,87,91
20150308 23:23,34,0,44,3,27,0,40,95,77,33,10238,36,58,75,87,91
20150308 23:24,49,0,48,2,102,0,40,95,77,33,10238,37,58,75,87,91
20150308 23:25,149,0,53,2,168,0,40,95,77,33,10238,37,58,75,87,91
20150308 23:26,158,0,60,1,148,0,40,95,77,33,10239,37,58,75,87,91
20150308 23:27,154,0,72,0,159,0,40,95,77,33,10239,37,58,75,87,91
20150308 23:28,160,0,89,0,161,0,41,95,78,34,10238,37,58,75,87,91
20150308 23:29,148,0,104,0,134,0,41,95,78,34,10238,38,58,74,87,91
20150308 23:30,114,0,111,0,94,0,41,95,78,34,10238,38,58,74,87,91
20150308 23:31,92,0,116,0,90,0,41,95,78,34,10237,38,58,74,87,91
20150308 23:32,84,0,119,0,78,0,41,95,78,34,10237,38,58,74,87,91
20150308 23:33,71,0,120,0,63,0,41,94,77,32,10238,38,58,74,86,91
20150308 23:34,47,0,114,0,31,1,41,94,77,32,10238,38,58,74,86,91
20150308 23:35,20,1,99,0,9,3,41,94,77,32,10238,38,58,74,86,91
20150308 23:36,18,2,83,0,28,5,41,94,77,32,10238,39,58,74,86,91
20150308 23:37,39,4,71,1,50,6,41,94,77,32,10236,39,58,74,86,91
20150308 23:38,57,7,63,2,63,12,41,94,77,32,10235,39,58,74,86,91
20150308 23:39,65,13,58,4,68,20,41,94,77,32,10233,39,58,74,86,91
20150308 23:40,68,19,55,6,69,24,42,95,78,35,10232,40,58,74,86,91
20150308 23:41,70,24,53,8,71,27,42,95,78,35,10231,40,58,74,86,91
20150308 23:42,72,24,53,11,72,28,43,95,79,36,10231,41,58,73,86,91
20150308 23:43,72,21,54,13,71,24,43,95,79,36,10231,41,58,73,86,91
20150308 23:44,69,18,58,14,68,20,43,95,79,36,10232,42,58,73,86,91
20150308 23:45,62,13,62,15,55,15,44,95,79,37,10233,42,58,73,86,91
20150308 23:46,49,9,63,15,42,10,44,95,79,37,10234,42,58,73,86,91
20150308 23:47,42,8,62,16,41,15,44,95,79,37,10234,42,58,73,86,90
20150308 23:48,37,12,59,16,32,17,45,95,80,38,10234,43,58,73,86,90
20150308 23:49,39,13,57,16,45,18,45,94,79,36,10233,43,58,73,86,90
20150308 23:50,49,12,55,15,52,18,45,94,79,36,10233,43,58,73,86,90
20150308 23:51,53,10,53,13,55,15,46,94,80,37,10233,43,58,73,85,90
20150308 23:52,56,10,52,12,58,14,46,94,80,37,10233,43,58,73,85,90
20150308 23:53,50,12,49,11,42,17,46,94,80,37,10233,44,58,73,85,90
20150308 23:54,37,10,45,10,32,10,47,94,80,38,10233,44,58,73,85,90
20150308 23:55,29,8,42,10,25,13,47,94,80,38,10233,44,58,73,85,90
20150308 23:56,21,10,40,11,17,15,47,93,79,37,10233,44,58,73,85,90
20150308 23:57,28,10,40,11,39,18,48,93,80,38,10233,44,58,73,85,90
20150308 23:58,32,10,39,11,25,14,48,93,80,38,10233,44,58,73,85,90
20150308 23:59,30,12,38,11,35,20,48,93,80,38,10233,44,58,73,85,90
20150308 00:00,38,14,37,11,41,19,49,93,81,39,10232,44,58,72,85,90
20150308 00:01,44,13,36,11,46,22,49,92,80,37,10232,44,58,72,85,90
20150308 00:02,46,14,35,12,46,21,50,92,80,38,10232,45,58,72,85,90
20150308 00:03,46,15,35,12,45,23,50,92,80,38,10232,45,58,72,85,90
20150308 00:04,50,13,38,12,56,19,51,92,81,39,10232,45,58,72,85,90
20150308 00:05,60,11,41,12,64,15,51,91,80,38,10232,45,58,72,85,90
20150308 00:06,63,11,46,13,62,14,51,91,80,38,10232,46,58,72,85,90
20150308 00:07,58,14,47,13,53,23,52,91,80,39,10232,46,58,72,85,90
20150308 00:08,55,13,50,13,56,15,52,91,80,39,10232,46,58,72,84,90
20150308 00:09,53,12,52,13,49,20,52,90,80,37,10232,46,58,72,84,90
20150308 00:10,52,12,53,13,55,16,52,90,80,37,10232,46,58,72,84,90
20150308 00:11,53,11,54,13,51,20,52,90,80,37,10232,46,58,72,84,90
20150308 00:12,54,12,55,12,57,16,52,90,80,37,10232,46,58,72,84,90
20150308 00:13,58,11,56,12,59,17,53,90,80,38,10232,46,58,72,84,90
20150308 00:14,62,11,57,12,66,15,53,90,80,38,10232,46,58,72,84,90
20150308 00:15,63,12,57,12,60,16,53,90,80,38,10232,46,58,72,84,89
20150308 00:16,62,12,57,12,64,17,53,89,79,36,10232,46,59,72,84,89
20150308 00:17,64,12,58,12,63,15,53,89,79,36,10232,46,59,72,84,89
20150308 00:18,64,13,59,12,64,19,54,89,80,37,10232,46,59,72,84,89
20150308 00:19,65,12,60,12,65,16,54,89,80,37,10231,47,59,72,84,89
20150308 00:20,66,13,62,12,67,17,54,89,80,37,10231,47,59,72,84,89
20150308 00:21,68,14,64,12,70,20,54,89,80,37,10231,47,59,72,84,89
20150308 00:22,71,15,65,13,72,18,54,89,80,37,10231,47,59,72,84,89
20150308 00:23,67,13,65,13,62,14,54,89,80,37,10231,47,59,72,84,89
20150308 00:24,62,11,65,13,63,14,54,89,80,37,10232,47,59,71,84,89
20150308 00:25,61,8,65,12,58,8,54,89,80,37,10232,47,59,72,84,89
20150308 00:26,56,5,64,11,54,7,54,89,80,37,10232,47,59,71,84,89
20150308 00:27,55,6,63,11,55,12,54,89,80,37,10231,46,59,71,84,89
20150308 00:28,56,9,62,11,56,18,54,89,80,37,10231,46,59,71,83,89
20150308 00:29,58,11,62,11,61,14,54,89,80,37,10231,46,59,71,83,89
20150308 00:30,61,12,61,11,60,18,55,89,80,38,10231,46,59,71,83,89
20150308 00:31,63,13,61,10,66,17,55,89,80,38,10231,46,59,71,83,89
20150308 00:32,64,12,60,10,62,16,55,89,80,38,10231,46,59,71,83,89
20150308 00:33,61,11,59,10,60,16,55,89,80,38,10231,46,59,71,83,89
20150308 00:34,57,10,59,10,54,14,55,89,80,38,10231,46,59,71,83,89
20150308 00:35,47,8,57,10,39,11,55,89,80,38,10231,46,59,71,83,89
20150308 00:36,36,12,55,11,32,20,55,89,80,38,10231,45,59,71,83,89
20150308 00:37,33,16,52,12,34,19,55,89,80,38,10231,45,59,71,83,89
20150308 00:38,42,16,52,12,49,21,55,89,80,38,10231,45,59,71,83,89
20150308 00:39,49,15,50,13,48,17,55,89,80,38,10230,45,59,71,83,89
20150308 00:40,48,13,49,13,47,17,55,89,80,38,10230,45,59,71,83,89
20150308 00:41,51,14,48,13,55,23,55,88,79,37,10229,45,59,71,83,89
20150308 00:42,54,19,47,14,54,27,55,88,79,37,10229,46,59,71,83,89
20150308 00:43,53,20,47,15,53,29,55,88,79,37,10229,45,59,71,83,88
20150308 00:44,57,18,47,16,61,21,56,88,80,38,10230,45,59,71,83,88
20150308 00:45,58,17,49,16,55,21,56,88,80,38,10230,45,59,71,83,88
20150308 00:46,54,17,51,17,54,23,56,88,80,38,10231,45,59,71,83,88
20150308 00:47,51,18,52,17,48,24,56,88,80,38,10232,45,59,71,83,88
20150308 00:48,50,18,53,17,52,26,56,88,80,38,10232,45,59,71,83,88
20150308 00:49,48,15,52,17,45,17,56,88,80,38,10232,45,59,71,83,88
20150308 00:50,48,13,53,17,52,22,56,88,80,38,10233,45,59,71,83,88
20150308 00:51,46,13,51,17,40,17,56,88,80,38,10233,45,59,71,82,88
20150308 00:52,44,15,51,16,48,25,56,88,80,38,10233,45,59,71,82,88
20150308 00:53,52,16,51,16,57,19,56,88,80,38,10233,45,59,71,82,88
20150308 00:54,63,15,52,16,70,18,56,88,80,38,10233,45,59,71,82,88
20150308 00:55,65,14,53,15,61,16,57,88,81,39,10233,46,59,71,82,88
20150308 00:56,62,15,54,15,64,21,57,88,81,39,10233,46,59,71,82,88
20150308 00:57,67,14,56,14,70,13,57,88,81,39,10232,46,59,71,82,88
20150308 00:58,67,11,57,14,64,17,57,88,81,39,10232,46,59,71,82,88
20150308 00:59,64,12,59,14,65,17,57,88,81,39,10232,47,59,71,82,88
20150308 01:00,63,12,60,13,61,15,57,88,81,39,10232,47,59,71,82,88
20150308 01:01,64,12,63,14,67,19,57,88,81,39,10232,47,59,71,82,88
20150308 01:02,67,15,65,14,68,20,57,88,81,39,10231,47,59,71,82,88
20150308 01:03,67,17,66,14,67,21,57,88,81,39,10230,47,59,71,82,88
20150308 01:04,69,20,66,15,70,25,57,88,81,39,10229,47,58,70,82,88
20150308 01:05,71,21,67,15,71,25,57,88,81,39,10228,47,58,70,82,88
20150308 01:06,71,19,67,16,71,23,57,88,81,39,10228,47,59,70,82,88
20150308 01:07,73,18,68,16,75,23,57,88,81,39,10228,47,58,70,82,88
20150308 01:08,69,17,68,17,63,23,57,88,81,39,10229,48,58,70,82,88
20150308 01:09,63,13,68,16,62,13,57,88,81,39,10230,47,58,70,82,88
20150308 01:10,60,10,67,16,58,16,57,88,81,39,10231,47,58,70,82,88
20150308 01:11,47,9,64,16,35,13,57,88,81,39,10231,47,58,70,82,87
20150308 01:12,40,10,62,15,45,17,57,88,81,39,10231,48,58,70,82,87
20150308 01:13,47,14,60,15,48,22,57,88,81,39,10231,48,58,70,82,87
20150308 01:14,49,15,58,14,50,20,57,88,81,39,10230,48,58,70,82,87
20150308 01:15,52,15,56,14,53,26,57,88,81,39,10230,49,59,70,82,87
20150308 01:16,56,14,55,13,59,21,57,89,81,40,10230,49,59,70,82,87
20150308 01:17,60,13,53,13,61,16,57,89,81,40,10230,50,59,70,81,87
20150308 01:18,56,13,52,13,52,18,57,89,81,40,10230,50,59,70,81,87
20150308 01:19,53,10,52,12,55,12,57,88,81,39,10230,50,59,70,81,87
20150308 01:20,54,10,51,13,53,22,57,88,81,39,10230,50,59,70,81,87
20150308 01:21,53,14,53,13,52,20,57,88,81,39,10230,50,59,70,81,87
20150308 01:22,55,15,54,14,58,24,58,88,81,40,10230,50,59,70,81,87
20150308 01:23,63,15,56,13,69,19,58,88,81,40,10230,51,59,70,81,87
20150308 01:24,63,12,57,13,58,14,58,88,81,40,10230,51,59,70,81,87
20150308 01:25,58,10,57,12,57,15,58,88,81,40,10230,51,59,70,81,87
20150308 01:26,61,12,58,12,65,17,58,88,81,40,10230,51,59,70,81,87
20150308 01:27,61,13,57,13,56,16,58,88,81,40,10230,51,59,70,81,87
20150308 01:28,61,14,59,13,66,19,58,88,81,40,10229,52,59,70,81,87
20150308 01:29,67,15,60,14,68,20,58,88,81,40,10228,52,59,70,81,87
20150308 01:30,71,17,62,14,74,22,58,88,81,40,10228,52,59,70,81,87
20150308 01:31,74,18,64,14,74,21,59,88,82,41,10228,52,59,70,81,87
20150308 01:32,76,17,67,14,78,22,59,88,82,41,10228,53,59,70,81,87
20150308 01:33,78,18,67,15,78,22,59,88,82,41,10228,53,59,70,81,87
20150308 01:34,78,16,69,15,78,17,59,88,82,41,10227,53,59,70,81,87
20150308 01:35,75,14,71,16,72,24,59,88,82,41,10227,53,59,70,81,87
20150308 01:36,75,18,72,17,78,25,59,88,82,41,10226,53,59,70,81,87
20150308 01:37,78,23,74,18,78,27,59,88,82,41,10226,53,59,70,81,87
20150308 01:38,79,21,76,18,80,23,59,88,82,41,10226,53,59,70,81,87
20150308 01:39,83,15,78,17,86,17,59,88,82,41,10226,53,59,70,81,87
20150308 01:40,92,11,80,17,97,17,59,88,82,41,10227,53,60,70,81,87
20150308 01:41,100,9,83,16,103,10,59,88,82,41,10227,53,60,70,81,87
20150308 01:42,95,8,84,15,87,16,59,89,83,42,10227,53,60,70,81,87
20150308 01:43,85,12,84,15,82,17,59,89,83,42,10227,53,60,70,81,87
20150308 01:44,78,14,84,15,73,18,59,89,83,42,10226,54,60,70,81,86
20150308 01:45,71,15,83,15,69,18,59,89,83,42,10225,54,60,70,81,86
20150308 01:46,71,15,83,14,73,19,59,89,83,42,10225,54,60,70,81,86
20150308 01:47,71,13,82,13,69,16,59,89,83,42,10226,54,60,70,80,86
20150308 01:48,74,9,82,12,79,10,59,89,83,42,10227,54,60,70,80,86
20150308 01:49,74,7,80,11,69,11,59,89,83,42,10227,54,60,70,80,86
20150308 01:50,67,8,77,11,65,11,60,89,83,43,10228,54,60,70,80,86
20150308 01:51,61,8,72,11,56,12,60,89,83,43,10229,54,60,70,80,86
20150308 01:52,60,6,70,10,63,7,60,89,83,43,10229,54,60,70,80,86
20150308 01:53,64,5,68,10,66,9,60,89,83,43,10230,54,60,70,80,86
20150308 01:54,64,4,67,9,63,5,60,89,83,43,10230,54,60,70,80,86
20150308 01:55,64,3,67,7,65,6,60,89,83,43,10230,54,60,69,80,86
20150308 01:56,76,1,69,6,100,0,60,89,83,43,10231,54,60,70,80,86
20150308 01:57,136,0,76,5,156,0,60,89,83,43,10231,55,60,70,80,86
20150308 01:58,169,0,83,4,179,1,60,89,83,43,10231,55,61,70,80,86
20150308 01:59,172,1,93,3,165,4,60,89,83,43,10231,55,61,70,80,86
20150308 02:00,163,3,105,3,161,7,60,89,83,43,10232,55,61,70,80,86
20150308 02:01,173,5,121,3,184,6,60,89,83,43,10233,55,61,69,80,86
20150308 02:02,200,5,138,3,215,7,61,89,84,44,10234,55,61,70,80,86
20150308 02:03,216,8,156,3,218,14,61,89,84,44,10234,55,61,70,80,86
20150308 02:04,221,11,172,4,223,15,61,89,84,44,10235,55,61,69,80,86
20150308 02:05,223,14,184,6,222,16,61,89,84,44,10235,55,61,69,80,86
20150308 02:06,221,15,194,7,219,20,61,89,84,44,10235,56,61,69,80,86
20150308 02:07,220,16,201,9,221,19,61,89,84,44,10235,56,61,70,80,86
20150308 02:08,227,14,207,10,234,14,62,89,84,45,10235,56,61,70,80,86
20150308 02:09,235,12,214,11,237,12,62,89,84,45,10234,56,61,69,80,86
20150308 02:10,229,8,220,11,222,9,62,89,84,45,10234,56,61,70,80,86
20150308 02:11,228,3,224,11,234,3,62,89,84,45,10234,56,61,70,80,86
20150308 02:12,236,3,227,10,239,4,62,89,84,45,10234,56,61,70,80,86
20150308 02:13,251,4,231,10,263,8,62,89,84,45,10235,56,61,69,80,86
20150308 02:14,269,4,236,9,275,7,62,89,84,45,10235,56,61,69,80,86
20150308 02:15,279,5,242,8,284,8,62,89,84,45,10235,56,61,69,80,86
20150308 02:16,290,4,250,7,296,7,62,89,84,45,10234,56,61,69,80,86
20150308 02:17,306,2,259,5,317,2,62,89,84,45,10234,56,62,69,80,86
20150308 02:18,286,1,262,4,258,2,62,89,84,45,10234,56,62,69,80,86
20150308 02:19,240,1,261,3,223,3,62,89,84,45,10234,56,62,70,80,85
20150308 02:20,230,2,262,3,236,4,62,89,84,45,10235,56,62,70,80,85
20150308 02:21,235,3,262,3,233,4,62,89,84,45,10235,56,62,70,80,85
20150308 02:22,235,3,262,3,236,3,62,89,84,45,10235,56,62,70,80,85
20150308 02:23,229,2,257,2,223,2,62,89,84,45,10234,56,62,70,79,85
20150308 02:24,197,0,248,2,170,0,62,89,84,45,10233,56,62,70,79,85
20150308 02:25,145,1,235,2,122,4,62,89,84,45,10233,56,62,70,79,85
20150308 02:26,115,4,218,2,108,9,62,89,84,45,10232,57,62,70,79,85
20150308 02:27,105,7,199,3,102,9,62,89,84,45,10231,57,62,70,79,85
20150308 02:28,96,9,179,4,90,10,61,89,84,44,10230,57,62,70,79,85
20150308 02:29,86,10,157,5,81,14,61,90,85,46,10229,57,62,70,79,85
20150308 02:30,78,12,134,6,75,15,61,90,85,46,10229,57,62,70,79,85
20150308 02:31,72,14,116,7,69,16,61,90,85,46,10228,57,62,70,79,85
20150308 02:32,66,14,102,8,63,15,61,90,85,46,10229,57,62,70,79,85
20150308 02:33,62,12,92,9,62,13,61,90,85,46,10229,57,62,70,79,85
20150308 02:34,62,12,83,10,63,15,61,90,85,46,10229,57,62,70,79,85
20150308 02:35,63,12,78,11,64,14,62,90,85,47,10228,57,62,70,79,85
20150308 02:36,60,12,72,12,55,18,62,90,85,47,10227,57,62,70,79,85
20150308 02:37,55,14,68,12,54,18,62,90,85,47,10227,57,62,70,79,85
20150308 02:38,52,12,64,13,50,17,62,90,85,47,10227,58,62,70,79,85
20150308 02:39,50,11,60,13,50,15,62,90,85,47,10227,58,63,70,79,85
20150308 02:40,46,10,57,12,43,14,62,90,85,47,10227,58,63,70,79,85
20150308 02:41,50,10,56,12,57,16,62,90,85,47,10226,58,63,70,79,85
20150308 02:42,58,11,56,12,58,19,62,90,85,47,10225,58,63,70,79,85
20150308 02:43,61,14,56,12,64,22,62,90,85,47,10224,58,63,70,79,85
20150308 02:44,66,18,56,13,68,23,62,90,85,47,10224,58,63,70,79,85
20150308 02:45,69,19,57,14,71,24,62,90,85,47,10224,58,63,70,79,85
20150308 02:46,71,19,59,14,71,24,62,90,85,47,10223,58,63,70,79,85
20150308 02:47,70,19,60,15,69,27,62,90,85,47,10222,58,63,70,79,85
20150308 02:48,70,19,62,16,71,23,62,90,85,47,10222,58,63,70,79,85
20150308 02:49,72,19,65,16,73,24,63,90,86,48,10221,58,63,70,79,85
20150308 02:50,74,20,68,18,75,28,63,89,85,46,10220,59,63,70,79,85
20150308 02:51,72,22,69,19,70,28,63,89,85,46,10220,59,63,70,79,85
20150308 02:52,71,21,71,20,73,27,63,89,85,46,10219,59,63,70,79,85
20150308 02:53,72,20,71,20,72,27,63,89,85,46,10219,59,63,70,79,85
20150308 02:54,73,20,72,20,75,28,63,89,85,46,10219,59,63,70,79,85
20150308 02:55,71,19,72,20,68,27,63,89,85,46,10220,59,63,70,79,85
20150308 02:56,69,16,71,20,69,23,63,89,85,46,10220,59,63,70,79,85
20150308 02:57,61,13,70,19,53,17,63,89,85,46,10220,59,63,70,79,85
20150308 02:58,57,12,69,18,61,19,63,89,85,46,10220,59,63,70,79,85
20150308 02:59,61,13,68,18,61,17,63,89,85,46,10221,59,63,70,79,85
20150308 03:00,62,14,67,17,63,18,63,89,85,46,10221,59,63,70,79,85
20150308 03:01,65,14,66,16,68,18,63,89,85,46,10221,59,63,70,79,84
20150308 03:02,71,12,66,15,73,14,63,89,85,46,10221,59,63,70,79,84
20150308 03:03,72,13,66,15,71,20,63,89,85,46,10221,59,63,70,79,84
20150308 03:04,72,15,66,14,73,22,64,89,86,47,10220,59,63,70,79,84
20150308 03:05,73,15,67,14,73,16,64,89,86,47,10220,59,63,70,79,84
20150308 03:06,76,14,67,14,78,18,64,89,86,47,10220,59,63,70,79,84
20150308 03:07,76,14,70,14,75,18,64,89,86,47,10220,59,63,70,79,84
20150308 03:08,75,13,71,14,75,17,64,89,86,47,10219,59,64,70,79,84
20150308 03:09,80,13,73,14,84,18,64,89,86,47,10219,59,64,70,79,84
20150308 03:10,83,14,75,14,82,19,64,89,86,47,10219,59,64,70,79,84
20150308 03:11,81,13,76,13,81,15,64,89,86,47,10219,59,64,70,79,84
20150308 03:12,83,12,78,14,85,17,64,89,86,47,10218,59,64,70,79,84
20150308 03:13,86,12,79,13,86,16,64,89,86,47,10218,59,64,70,79,84
20150308 03:14,85,13,80,13,83,18,64,89,86,47,10218,59,64,70,79,84
20150308 03:15,85,15,82,13,87,21,64,89,86,47,10217,59,64,70,79,84
20150308 03:16,92,15,83,13,97,17,64,89,86,47,10217,59,64,70,79,84
20150308 03:17,96,14,85,13,94,18,64,89,86,47,10217,59,64,70,79,84
20150308 03:18,99,14,88,14,104,18,64,89,86,47,10217,60,64,70,79,84
20150308 03:19,104,14,90,14,105,17,64,89,86,47,10217,60,64,70,79,84
20150308 03:20,105,11,93,13,105,12,64,89,86,47,10217,60,64,70,79,84
20150308 03:21,105,9,95,13,105,17,64,89,86,47,10217,60,64,70,79,84
20150308 03:22,105,12,97,13,105,19,64,89,86,47,10216,60,64,70,78,84
20150308 03:23,104,14,99,13,103,16,64,89,86,47,10216,60,64,70,79,84
20150308 03:24,107,13,102,13,112,15,65,89,86,48,10216,60,64,70,79,84
20150308 03:25,111,14,104,13,111,17,65,89,86,48,10217,60,64,70,78,84
20150308 03:26,114,13,106,13,117,17,65,89,86,48,10217,60,64,70,78,84
20150308 03:27,124,13,110,13,130,18,65,89,86,48,10218,60,64,70,78,84
20150308 03:28,128,13,112,12,126,15,65,89,86,48,10218,60,64,70,78,84
20150308 03:29,137,11,116,12,148,13,65,89,86,48,10218,60,64,70,78,84
20150308 03:30,153,9,121,12,157,10,65,89,86,48,10218,60,64,70,78,84
20150308 03:31,164,8,128,12,171,9,65,89,86,48,10218,60,64,70,78,84
20150308 03:32,176,9,135,12,181,11,65,89,86,48,10218,60,64,70,78,84
20150308 03:33,177,9,142,11,173,11,65,89,86,48,10218,60,64,70,78,84
20150308 03:34,173,8,149,10,173,10,65,89,86,48,10219,60,64,70,78,84
20150308 03:35,179,7,156,10,184,8,65,89,86,48,10219,60,64,70,78,84
20150308 03:36,181,7,162,9,177,8,65,89,86,48,10219,60,64,70,78,84
20150308 03:37,175,7,167,8,173,10,65,89,86,48,10219,60,64,70,78,84
20150308 03:38,164,8,169,8,155,11,65,89,86,48,10218,60,64,70,78,84
20150308 03:39,149,8,169,8,144,10,65,89,86,48,10218,60,64,70,78,84
20150308 03:40,143,8,167,8,142,11,65,89,86,48,10217,60,64,70,78,84
20150308 03:41,140,9,164,8,138,13,65,89,86,48,10217,60,64,70,78,84
20150308 03:42,144,8,161,8,149,9,65,89,86,48,10218,60,64,70,78,84
20150308 03:43,148,6,158,8,147,7,65,89,86,48,10218,60,64,70,78,84
20150308 03:44,148,6,156,7,149,8,65,89,86,48,10218,60,65,70,78,84
20150308 03:45,147,6,152,7,144,9,65,89,86,48,10218,60,65,70,78,84
20150308 03:46,135,6,147,7,125,7,65,89,86,48,10218,60,65,70,78,84
20150308 03:47,123,5,141,7,121,6,65,89,86,48,10218,60,65,70,78,84
20150308 03:48,134,4,141,6,146,3,65,89,86,48,10218,60,65,70,78,84
20150308 03:49,150,2,142,6,155,4,65,89,86,48,10218,60,65,70,78,84
20150308 03:50,147,1,141,5,138,2,65,89,86,48,10218,60,65,70,78,84
20150308 03:51,132,1,140,4,126,1,65,89,86,48,10218,60,65,70,78,84
20150308 03:52,125,2,138,4,125,6,65,89,86,48,10217,60,65,70,78,84
20150308 03:53,117,3,134,4,109,6,65,89,86,48,10217,60,65,70,78,84
20150308 03:54,101,5,128,4,93,8,65,89,86,48,10216,61,65,70,78,84
20150308 03:55,94,6,123,4,94,7,65,89,86,48,10216,61,65,70,78,84
20150308 03:56,90,8,119,4,85,12,65,89,86,48,10215,61,65,70,78,83
20150308 03:57,86,10,116,5,86,14,65,89,86,48,10215,61,65,70,78,83
20150308 03:58,86,12,109,6,87,15,65,90,87,50,10214,61,65,70,78,83
20150308 03:59,88,13,103,7,89,16,65,90,87,50,10214,61,65,70,78,83
20150308 04:00,86,14,98,8,83,17,65,90,87,50,10213,61,65,70,78,83
20150308 04:01,84,16,93,10,85,20,65,90,87,50,10213,61,65,70,78,83
20150308 04:02,83,18,89,11,82,22,65,90,87,50,10212,61,65,70,78,83
20150308 04:03,82,19,87,13,82,25,65,90,87,50,10212,61,65,70,78,83
20150308 04:04,81,20,85,14,80,24,65,90,87,50,10212,61,65,70,78,83
20150308 04:05,77,20,83,16,74,24,65,90,87,50,10211,61,65,70,78,83
20150308 04:06,75,21,82,17,76,24,65,90,87,50,10211,61,65,70,78,83
20150308 04:07,77,22,82,18,78,24,65,90,87,50,10210,61,65,70,78,83
20150308 04:08,79,23,81,19,79,27,65,90,87,50,10209,61,65,70,78,83
20150308 04:09,78,23,80,20,77,30,65,90,87,50,10209,61,65,70,78,83
20150308 04:10,77,21,79,20,77,26,65,90,87,50,10209,61,65,71,78,83
20150308 04:11,74,18,78,20,71,21,65,90,87,50,10208,61,65,71,78,83
20150308 04:12,71,17,77,20,72,23,65,90,87,50,10208,61,65,71,78,83
20150308 04:13,71,15,75,19,70,16,65,90,87,50,10209,61,65,71,78,83
20150308 04:14,70,12,74,19,70,16,65,90,87,50,10209,61,65,71,78,83
20150308 04:15,73,12,75,18,76,16,65,90,87,50,10209,61,65,71,78,83
20150308 04:16,76,11,75,17,76,14,65,90,87,50,10209,61,65,71,78,83
20150308 04:17,72,10,74,16,69,14,66,90,88,51,10209,61,65,71,78,83
20150308 04:18,66,12,72,15,64,18,66,90,88,51,10209,61,65,71,78,83
20150308 04:19,63,14,71,14,62,20,66,90,88,51,10209,61,65,71,78,83
20150308 04:20,65,16,70,14,69,21,66,90,88,51,10209,61,65,71,78,83
20150308 04:21,71,15,70,13,73,19,66,90,88,51,10209,61,65,71,78,83
20150308 04:22,72,15,70,13,72,21,66,90,88,51,10208,61,65,71,78,83
20150308 04:23,70,18,70,14,68,24,66,90,88,51,10208,61,65,71,78,83
20150308 04:24,70,19,70,15,73,24,66,91,89,52,10207,61,65,71,78,83
20150308 04:25,75,19,70,15,77,22,66,91,89,52,10207,61,65,71,78,83
20150308 04:26,76,19,70,16,75,27,66,91,89,52,10207,61,65,71,78,83
20150308 04:27,72,19,70,17,69,26,66,91,89,52,10207,61,66,71,78,83
20150308 04:28,69,18,71,18,70,27,66,91,89,52,10207,61,66,71,78,83
20150308 04:29,70,17,72,18,70,24,66,91,89,52,10207,60,66,71,78,83
20150308 04:30,72,16,72,18,74,21,66,91,89,52,10208,60,66,71,78,83
20150308 04:31,74,16,72,18,74,22,66,91,89,52,10208,60,66,71,78,83
20150308 04:32,71,15,72,18,69,20,67,91,89,53,10208,61,66,71,78,83
20150308 04:33,73,15,73,17,78,19,67,91,89,53,10208,61,66,71,78,83
20150308 04:34,75,13,73,16,72,16,67,91,89,53,10209,61,66,71,78,83
20150308 04:35,78,12,73,16,83,15,67,91,89,53,10209,61,66,71,78,83
20150308 04:36,81,11,74,15,80,15,67,91,89,53,10209,61,66,71,78,83
20150308 04:37,72,9,73,14,65,13,67,91,89,53,10209,61,66,71,78,83
20150308 04:38,69,11,74,13,73,16,67,91,89,53,10209,61,66,71,78,83
20150308 04:39,74,13,74,13,76,18,67,91,89,53,10209,61,66,71,78,83
20150308 04:40,79,11,75,12,82,12,68,91,90,54,10210,61,66,71,78,83
20150308 04:41,82,10,76,12,83,15,68,91,90,54,10210,61,66,71,78,83
20150308 04:42,87,11,78,11,92,16,68,91,90,54,10210,61,66,71,78,83
20150308 04:43,95,10,80,11,98,14,68,91,90,54,10211,61,66,71,78,83
20150308 04:44,98,10,83,11,98,14,68,91,90,54,10211,61,66,71,78,83
20150308 04:45,90,11,83,11,83,18,68,91,90,54,10211,62,66,71,78,83
20150308 04:46,86,11,84,11,90,16,68,91,90,54,10211,62,66,71,78,83
20150308 04:47,88,11,86,11,86,12,68,91,90,54,10211,62,66,71,78,83
20150308 04:48,85,9,87,11,83,10,68,91,90,54,10211,62,66,71,78,83
20150308 04:49,85,8,88,10,86,10,69,91,90,55,10211,62,66,71,78,83
20150308 04:50,81,9,87,10,76,14,69,91,90,55,10210,62,66,71,78,83
20150308 04:51,83,11,88,10,90,16,69,91,90,55,10210,62,66,71,78,83
20150308 04:52,91,13,88,11,93,16,69,91,90,55,10209,62,66,71,78,83
20150308 04:53,91,14,87,11,89,18,69,90,89,54,10208,62,66,71,78,83
20150308 04:54,88,15,86,12,87,21,69,90,89,54,10208,63,66,71,78,83
20150308 04:55,86,16,87,12,86,19,69,90,89,54,10208,63,66,71,78,83
20150308 04:56,86,14,86,12,86,18,69,90,89,54,10208,63,66,71,78,83
20150308 04:57,91,12,87,12,97,14,70,90,90,55,10209,63,66,71,78,83
20150308 04:58,95,12,88,13,94,19,70,90,90,55,10209,63,66,71,78,83
20150308 04:59,93,13,89,13,92,18,70,90,90,55,10209,63,66,71,78,83
20150308 05:00,92,14,91,13,92,17,70,90,90,55,10208,63,66,71,78,83
20150308 05:01,89,16,90,14,87,21,70,90,90,55,10208,63,66,71,78,83
20150308 05:02,88,18,90,14,89,23,70,90,90,55,10208,63,66,71,78,83
20150308 05:03,86,17,89,15,84,19,70,90,90,55,10208,63,66,71,78,83
20150308 05:04,86,14,89,14,88,15,70,90,90,55,10208,63,66,71,78,83
20150308 05:05,93,13,91,14,98,18,70,90,90,55,10209,63,66,71,78,83
20150308 05:06,99,12,92,14,101,14,70,90,90,55,10210,62,66,71,78,83
20150308 05:07,94,9,91,13,86,13,70,90,90,55,10210,62,66,71,78,83
20150308 05:08,90,6,91,13,94,8,70,90,90,55,10211,62,66,71,78,83
20150308 05:09,96,4,92,12,97,5,70,90,90,55,10211,62,66,71,78,83
20150308 05:10,99,5,92,11,101,8,71,90,91,56,10210,62,66,71,78,83
20150308 05:11,103,6,94,10,104,12,71,90,91,56,10209,62,66,71,78,83
20150308 05:12,100,9,95,9,95,15,71,90,91,56,10209,62,66,71,78,83
20150308 05:13,99,13,97,9,102,16,71,90,91,56,10208,62,66,71,78,82
20150308 05:14,102,14,98,9,103,17,71,90,91,56,10208,63,66,71,78,82
20150308 05:15,100,15,98,9,97,19,71,90,91,56,10207,63,66,71,78,82
20150308 05:16,95,16,97,10,93,19,71,91,92,57,10207,63,66,71,78,82
20150308 05:17,88,17,97,11,84,22,71,91,92,57,10206,63,66,71,78,82
20150308 05:18,84,19,96,13,84,24,71,91,92,57,10205,63,66,71,78,82
20150308 05:19,81,19,94,14,78,26,71,91,92,57,10205,63,66,71,78,82
20150308 05:20,81,18,92,15,84,21,71,91,92,57,10206,63,66,71,78,82
20150308 05:21,87,17,91,16,90,20,71,91,92,57,10206,64,66,71,78,82
20150308 05:22,91,15,91,16,91,20,71,91,92,57,10207,64,66,71,78,82
20150308 05:23,93,14,90,16,94,18,71,91,92,57,10207,64,66,71,78,82
20150308 05:24,94,15,89,17,93,19,71,91,92,57,10207,64,66,71,78,82
20150308 05:25,93,15,88,17,93,19,71,91,92,57,10207,64,66,71,78,82
20150308 05:26,94,16,89,16,95,22,71,91,92,57,10208,64,66,71,78,82
20150308 05:27,94,15,90,16,94,19,71,91,92,57,10208,64,66,71,78,82
20150308 05:28,89,13,90,15,85,16,71,91,92,57,10208,64,66,71,78,82
20150308 05:29,84,15,90,15,84,25,71,91,92,57,10208,64,66,71,78,82
20150308 05:30,80,18,90,15,77,23,72,91,92,58,10208,64,66,71,78,82
20150308 05:31,76,18,88,15,75,24,72,91,92,58,10207,65,66,71,78,82
20150308 05:32,76,19,87,16,77,23,72,91,92,58,10207,65,66,71,78,82
20150308 05:33,77,20,85,16,76,27,72,91,92,58,10207,65,66,71,78,82
20150308 05:34,77,20,83,17,77,26,72,91,92,58,10207,65,66,71,78,82
20150308 05:35,78,21,82,18,78,29,72,91,92,58,10206,65,67,71,78,82
20150308 05:36,79,20,80,18,80,26,72,91,92,58,10206,65,67,71,78,82
20150308 05:37,80,19,79,18,81,25,72,91,92,58,10206,65,67,71,78,82
20150308 05:38,82,19,79,19,82,24,72,91,92,58,10206,65,67,71,78,82
20150308 05:39,84,20,79,20,85,25,72,91,92,58,10205,65,67,71,78,82
20150308 05:40,84,21,79,20,84,27,72,91,92,58,10205,65,67,71,78,82
20150308 05:41,83,21,80,20,81,27,72,91,92,58,10205,65,67,71,78,82
20150308 05:42,82,21,81,20,82,25,73,91,93,59,10205,65,67,71,78,82
20150308 05:43,81,21,81,21,80,25,73,91,93,59,10205,66,67,71,78,82
20150308 05:44,80,21,81,21,79,30,73,91,93,59,10204,66,67,71,78,82
20150308 05:45,78,24,81,21,76,32,73,91,93,59,10203,66,67,71,78,82
20150308 05:46,78,25,81,22,80,28,73,91,93,59,10202,66,67,71,78,82
20150308 05:47,83,23,82,22,87,28,73,91,93,59,10202,66,67,71,78,82
20150308 05:48,87,24,82,23,87,32,73,91,93,59,10201,66,67,71,78,82
20150308 05:49,89,23,83,22,91,25,73,91,93,59,10201,66,67,71,78,82
20150308 05:50,89,22,83,23,86,29,73,91,93,59,10201,67,67,71,78,82
20150308 05:51,88,23,84,23,90,28,73,91,93,59,10201,67,67,71,78,82
20150308 05:52,91,21,85,23,92,28,74,91,94,60,10201,67,67,71,78,82
20150308 05:53,91,22,86,23,90,28,74,91,94,60,10201,66,67,71,78,82
20150308 05:54,87,24,86,23,85,32,74,91,94,60,10201,67,67,71,78,82
20150308 05:55,87,23,88,23,88,28,74,91,94,60,10202,67,67,71,78,82
20150308 05:56,90,20,89,22,92,26,74,91,94,60,10202,67,67,71,78,82
20150308 05:57,90,21,89,22,88,30,74,91,94,60,10202,67,67,71,78,82
20150308 05:58,87,20,89,21,87,25,74,91,94,60,10202,67,67,71,78,82
20150308 05:59,89,23,89,22,91,32,74,91,94,60,10202,67,67,71,78,82
20150308 06:00,92,27,90,23,93,35,75,91,94,61,10202,68,67,71,78,82
20150308 06:01,89,27,89,23,86,35,75,91,94,61,10201,68,67,71,78,82
20150308 06:02,84,26,88,24,82,32,75,91,94,61,10201,68,67,71,78,82
20150308 06:03,83,25,88,24,85,32,75,91,94,61,10201,68,67,71,78,82
20150308 06:04,91,23,89,23,97,35,75,92,95,63,10202,68,67,71,78,82
20150308 06:05,96,23,90,24,94,32,75,92,95,63,10202,68,67,71,78,82
20150308 06:06,95,27,90,25,96,36,75,92,95,63,10201,68,68,71,78,82
20150308 06:07,95,26,91,25,94,28,76,92,96,64,10201,68,68,71,78,82
20150308 06:08,95,23,92,25,97,30,76,92,96,64,10201,68,68,71,78,82
20150308 06:09,97,25,92,26,97,34,76,92,96,64,10200,68,68,71,78,82
20150308 06:10,95,26,92,25,93,37,76,92,96,64,10200,68,68,71,78,82
20150308 06:11,92,25,93,25,91,31,76,92,96,64,10199,68,68,71,78,82
20150308 06:12,92,26,94,25,93,33,76,92,96,64,10199,68,68,71,78,82
20150308 06:13,96,27,95,25,99,32,76,92,96,64,10199,68,68,71,78,82
20150308 06:14,96,25,95,26,92,32,76,92,96,64,10198,68,68,71,78,82
20150308 06:15,96,23,95,25,100,33,76,92,96,64,10198,69,68,71,78,82
20150308 06:16,96,24,95,25,92,31,76,92,96,64,10198,69,68,71,78,82
20150308 06:17,95,27,95,26,97,33,76,92,96,64,10198,69,68,71,78,82
20150308 06:18,94,28,94,26,90,38,76,92,96,64,10198,69,68,71,78,82
20150308 06:19,90,27,94,26,89,33,76,92,96,64,10197,69,68,71,78,82
20150308 06:20,90,26,93,26,92,35,77,92,97,65,10198,69,68,72,78,82
20150308 06:21,92,29,94,27,93,41,77,92,97,65,10198,70,68,72,78,82
20150308 06:22,90,32,93,27,88,37,77,92,97,65,10198,70,68,72,78,82
20150308 06:23,88,32,92,28,89,46,77,92,97,65,10198,70,68,72,78,82
20150308 06:24,92,29,92,28,94,33,77,92,97,65,10198,70,68,72,78,82
20150308 06:25,97,27,92,28,100,39,77,92,97,65,10198,70,68,72,78,82
20150308 06:26,101,29,93,29,101,40,78,92,97,66,10198,70,68,72,78,82
20150308 06:27,104,28,94,29,107,35,78,92,97,66,10198,70,68,72,78,82
20150308 06:28,104,30,95,29,102,43,78,92,97,66,10198,71,68,72,78,82
20150308 06:29,103,34,97,30,104,40,78,92,97,66,10197,71,68,72,78,82
20150308 06:30,103,35,98,31,102,47,78,92,97,66,10197,71,68,72,78,82
20150308 06:31,102,34,99,31,103,41,78,92,97,66,10197,71,68,72,78,82
20150308 06:32,104,30,101,31,104,43,78,92,97,66,10197,71,68,72,78,82
20150308 06:33,104,29,102,30,104,36,78,92,97,66,10197,71,69,72,78,82
20150308 06:34,105,29,103,31,106,38,78,92,97,66,10198,71,69,72,78,82
20150308 06:35,101,24,103,30,96,28,78,92,97,66,10198,71,69,72,78,82
20150308 06:36,99,20,103,29,101,34,78,92,97,66,10199,71,69,72,78,82
20150308 06:37,101,24,102,29,101,37,78,92,97,66,10199,72,69,72,78,82
20150308 06:38,103,28,103,28,105,39,79,92,98,67,10199,72,69,72,78,82
20150308 06:39,102,27,102,28,99,37,79,92,98,67,10200,72,69,72,78,82
20150308 06:40,99,28,102,27,99,34,79,92,98,67,10200,72,69,72,78,82
20150308 06:41,101,30,102,27,104,39,79,92,98,67,10200,72,69,72,78,82
20150308 06:42,103,27,102,26,102,30,79,92,98,67,10200,72,69,72,78,82
20150308 06:43,99,25,101,26,95,34,79,92,98,67,10200,72,69,72,78,82
20150308 06:44,96,25,100,26,96,29,79,92,98,67,10199,72,69,72,78,82
20150308 06:45,99,23,101,26,103,31,79,92,98,67,10199,73,69,72,78,82
20150308 06:46,98,23,100,26,92,39,79,92,98,67,10199,73,69,72,78,82
20150308 06:47,95,26,99,26,97,34,79,92,98,67,10199,73,69,72,78,82
20150308 06:48,97,26,98,26,96,28,79,92,98,67,10199,73,69,72,78,82
20150308 06:49,95,24,98,26,94,32,79,92,98,67,10199,74,69,72,78,82
20150308 06:50,91,22,97,24,89,35,80,92,99,68,10200,74,69,72,78,82
20150308 06:51,88,23,95,24,87,35,80,93,100,69,10200,75,69,72,78,82
20150308 06:52,91,24,94,24,95,29,80,93,100,69,10201,75,70,72,78,82
20150308 06:53,99,22,95,24,102,29,80,93,100,69,10201,76,70,72,78,82
20150308 06:54,102,20,96,23,101,28,80,93,100,69,10202,76,70,72,78,82
20150308 06:55,98,23,95,23,94,34,80,93,100,69,10202,76,70,72,78,82
20150308 06:56,94,26,95,24,94,31,81,93,100,70,10203,76,70,72,78,82
20150308 06:57,88,25,94,23,83,33,81,93,100,70,10202,76,70,72,78,82
20150308 06:58,83,21,92,23,83,23,81,93,100,70,10202,76,70,72,78,82
20150308 06:59,86,22,92,23,88,34,81,93,100,70,10201,76,70,72,78,82
20150308 07:00,82,25,90,23,75,32,81,93,100,70,10201,76,70,72,78,82
20150308 07:01,77,24,89,23,79,30,81,92,99,69,10201,76,70,72,78,82
20150308 07:02,79,23,88,23,80,25,81,93,100,70,10201,77,70,72,78,82
20150308 07:03,81,20,86,23,83,28,81,93,100,70,10202,77,70,72,78,82
20150308 07:04,87,21,85,23,91,30,81,93,100,70,10203,77,70,72,78,82
20150308 07:05,94,23,85,23,97,32,82,93,101,71,10203,77,71,72,78,82
20150308 07:06,95,23,85,23,92,31,82,93,101,71,10204,77,71,72,78,82
20150308 07:07,95,20,87,22,98,23,82,93,101,71,10204,77,71,72,78,82
20150308 07:08,93,17,87,22,88,28,82,93,101,71,10204,77,71,72,78,82
20150308 07:09,90,19,87,21,91,27,82,93,101,71,10204,77,71,72,78,82
20150308 07:10,93,22,89,21,94,32,82,93,101,71,10203,77,71,72,78,82
20150308 07:11,92,22,90,21,90,29,82,93,101,71,10203,77,71,72,78,82
20150308 07:12,88,22,91,21,86,26,82,93,101,71,10202,77,71,72,78,82
20150308 07:13,85,23,91,21,83,31,83,92,101,71,10201,77,71,72,78,82
20150308 07:14,84,24,90,21,85,29,83,92,101,71,10201,78,71,73,78,82
20150308 07:15,86,25,89,22,86,32,83,93,102,72,10201,78,71,73,78,82
20150308 07:16,86,27,89,22,85,33,83,93,102,72,10201,78,71,73,78,82
20150308 07:17,88,27,88,23,90,33,83,93,102,72,10201,78,71,73,78,82
20150308 07:18,87,27,87,24,84,38,83,93,102,72,10202,79,72,73,78,82
20150308 07:19,83,26,86,25,82,34,83,93,102,72,10202,79,72,73,78,82
20150308 07:20,86,23,86,25,89,29,83,93,102,72,10202,79,72,73,78,82
20150308 07:21,90,22,86,25,91,27,84,93,102,73,10202,79,72,73,78,82
20150308 07:22,88,22,86,25,85,30,84,93,102,73,10202,79,72,73,78,82
20150308 07:23,89,22,87,24,93,28,84,93,102,73,10203,80,72,73,78,82
20150308 07:24,95,21,88,24,97,24,84,93,102,73,10203,80,72,73,78,82
20150308 07:25,95,20,89,23,93,33,84,93,102,73,10203,80,72,73,78,81
20150308 07:26,95,23,90,23,97,33,84,93,102,73,10203,80,72,73,78,82
20150308 07:27,97,24,91,23,96,39,84,93,102,73,10203,80,72,73,78,81
20150308 07:28,96,22,92,22,96,29,84,93,102,73,10203,80,72,73,78,81
20150308 07:29,99,21,94,22,101,33,84,93,102,73,10203,80,72,73,78,81
20150308 07:30,95,22,94,22,90,27,85,93,103,74,10203,80,73,73,78,81
20150308 07:31,92,22,94,22,94,28,85,93,103,74,10203,81,73,73,78,81
20150308 07:32,90,22,94,22,86,26,85,93,103,74,10202,81,73,73,78,81
20150308 07:33,88,22,94,22,90,32,85,93,103,74,10202,81,73,73,78,81
20150308 07:34,89,25,93,23,89,36,85,93,103,74,10202,81,73,73,78,81
20150308 07:35,88,29,93,24,87,40,85,93,103,74,10202,81,73,73,78,81
20150308 07:36,87,31,92,24,87,44,85,93,103,74,10201,82,73,73,78,82
20150308 07:37,85,31,90,25,83,38,86,93,104,75,10201,82,73,73,78,81
20150308 07:38,87,30,90,26,92,37,86,93,104,75,10201,82,73,73,78,81
20150308 07:39,89,27,88,26,85,34,86,93,104,75,10201,82,73,73,78,81
20150308 07:40,83,24,87,26,82,31,86,93,104,75,10201,82,73,73,78,81
20150308 07:41,86,24,87,27,90,36,86,93,104,75,10201,82,73,73,78,81
20150308 07:42,93,24,88,27,96,33,86,93,104,75,10202,82,74,73,78,81
20150308 07:43,95,25,88,27,94,39,86,93,104,75,10202,83,74,73,78,81
20150308 07:44,96,26,89,27,98,29,86,93,104,75,10203,83,74,73,78,81
20150308 07:45,98,25,91,26,98,36,87,93,105,76,10203,83,74,73,78,81
20150308 07:46,92,24,90,25,85,29,87,93,105,76,10203,83,74,74,78,81
20150308 07:47,91,22,92,25,96,30,87,93,105,76,10203,83,74,74,78,81
20150308 07:48,92,24,91,24,88,35,87,93,105,76,10203,83,74,74,78,81
20150308 07:49,92,27,92,25,97,37,87,93,105,76,10203,83,74,74,78,81
20150308 07:50,95,27,94,25,93,33,87,93,105,76,10204,83,74,74,78,81
20150308 07:51,91,24,94,25,90,27,87,93,105,76,10204,83,74,74,78,81
20150308 07:52,87,19,92,24,85,28,87,93,105,76,10205,83,74,74,78,81
20150308 07:53,88,18,92,23,90,24,88,93,105,77,10204,83,75,74,78,81
20150308 07:54,92,19,92,23,94,24,88,93,105,77,10204,83,75,74,78,81
20150308 07:55,90,21,90,22,87,29,88,93,105,77,10205,83,75,74,78,81
20150308 07:56,88,22,91,22,89,29,88,93,105,77,10205,83,75,74,78,81
20150308 07:57,91,23,91,23,93,38,88,93,105,77,10205,84,75,74,78,81
20150308 07:58,91,24,91,22,90,26,88,93,105,77,10205,84,75,74,78,81
20150308 07:59,88,21,90,21,86,25,88,93,105,77,10205,84,75,74,78,81
20150308 08:00,91,23,90,22,96,40,88,93,105,77,10205,84,75,74,78,81
20150308 08:01,96,24,91,22,96,26,89,93,106,78,10205,84,75,74,78,81
20150308 08:02,97,22,92,22,97,37,89,93,106,78,10205,84,75,74,78,81
20150308 08:03,93,25,92,23,89,37,89,93,106,78,10205,84,75,74,78,81
20150308 08:04,91,25,92,23,94,31,89,93,106,78,10205,84,75,74,78,81
20150308 08:05,95,20,93,23,97,25,89,93,106,78,10206,84,75,74,78,81
20150308 08:06,99,19,94,23,102,35,89,93,106,78,10206,84,76,74,78,81
20150308 08:07,101,24,95,23,100,32,89,93,106,78,10206,84,76,74,78,81
20150308 08:08,95,25,95,23,91,31,89,93,106,78,10205,85,76,74,78,81
20150308 08:09,91,23,95,23,92,28,89,93,106,78,10205,85,76,74,78,81
20150308 08:10,96,21,96,23,101,34,89,93,106,78,10205,85,76,74,78,81
20150308 08:11,100,22,96,23,99,33,89,93,106,78,10205,85,76,75,78,81
20150308 08:12,101,22,97,23,102,26,90,93,107,79,10206,85,76,75,78,81
20150308 08:13,103,23,98,22,103,30,90,93,107,79,10206,85,76,75,78,81
20150308 08:14,102,22,99,22,102,25,90,93,107,79,10206,85,76,75,78,81
20150308 08:15,103,20,100,22,105,24,90,93,107,79,10206,85,76,75,78,81
20150308 08:16,103,20,100,22,101,23,90,93,107,79,10206,86,76,75,78,81
20150308 08:17,103,20,100,22,105,27,90,93,107,79,10206,86,76,75,78,81
20150308 08:18,103,21,101,21,101,28,90,93,107,79,10206,86,76,75,78,81
20150308 08:19,102,16,102,20,103,15,90,93,107,79,10207,86,77,75,78,81
20150308 08:20,102,13,102,20,101,24,90,93,107,79,10207,86,77,75,78,81
20150308 08:21,102,15,103,19,104,22,90,93,107,79,10207,86,77,75,78,81
20150308 08:22,107,12,103,18,110,13,90,93,107,79,10207,86,77,75,78,81
20150308 08:23,110,9,104,16,110,16,90,93,107,79,10207,86,77,75,78,81
20150308 08:24,113,13,106,16,117,21,90,93,107,79,10207,86,77,75,78,81
20150308 08:25,108,12,105,15,100,15,90,93,107,79,10207,86,77,75,78,81
20150308 08:26,107,12,107,15,115,19,90,93,107,79,10207,86,77,75,78,81
20150308 08:27,115,15,108,14,116,18,90,93,107,79,10207,86,77,75,78,81
20150308 08:28,116,19,109,14,117,25,90,93,107,79,10207,86,77,75,78,81
20150308 08:29,121,20,111,15,124,23,91,93,107,80,10207,86,77,75,78,81
20150308 08:30,123,18,114,15,122,23,91,93,107,80,10207,86,77,75,78,81
20150308 08:31,126,17,116,15,129,21,91,93,107,80,10207,86,77,75,78,81
20150308 08:32,128,19,118,16,127,27,91,93,107,80,10206,86,77,75,78,81
20150308 08:33,127,19,120,17,128,20,91,93,107,80,10206,86,78,75,78,81
20150308 08:34,123,17,120,17,118,20,91,93,107,80,10206,86,78,76,78,81
20150308 08:35,117,18,121,18,116,25,91,93,107,80,10206,86,78,76,78,81
20150308 08:36,117,18,121,18,117,23,91,93,107,80,10206,86,78,76,78,81
20150308 08:37,117,17,121,18,116,22,91,93,107,80,10205,87,78,76,78,81
20150308 08:38,116,16,121,18,117,17,91,93,107,80,10205,87,78,76,78,81
20150308 08:39,120,15,121,17,123,21,91,93,107,80,10205,87,78,76,78,81
20150308 08:40,117,18,120,18,111,25,91,93,107,80,10206,87,78,76,78,81
20150308 08:41,109,18,118,17,107,20,91,93,107,80,10206,87,78,76,78,81
20150308 08:42,110,16,117,17,114,23,91,93,107,80,10206,87,78,76,78,81
20150308 08:43,114,17,115,17,115,26,91,93,107,80,10205,87,78,76,78,81
20150308 08:44,111,16,114,17,108,19,91,93,107,80,10205,87,78,76,78,81
20150308 08:45,108,15,114,17,108,18,91,93,107,80,10205,87,78,76,78,81
20150308 08:46,106,15,112,17,105,21,91,93,107,80,10205,87,78,76,78,81
20150308 08:47,106,18,111,17,106,24,91,93,107,80,10205,87,78,76,79,81
20150308 08:48,103,18,110,17,100,22,91,93,107,80,10205,87,79,76,79,81
20150308 08:49,101,18,107,17,101,26,91,93,107,80,10205,87,79,76,79,81
20150308 08:50,100,19,106,17,99,23,91,94,109,82,10205,87,79,76,79,81
20150308 08:51,98,19,105,18,98,25,91,94,109,82,10205,87,79,76,79,81
20150308 08:52,98,17,104,17,98,18,92,94,109,83,10205,87,79,76,79,81
20150308 08:53,99,16,102,17,100,23,92,94,109,83,10205,88,79,76,79,81
20150308 08:54,100,20,102,18,101,27,92,94,109,83,10205,88,79,76,79,81
20150308 08:55,98,20,100,18,96,21,92,94,109,83,10204,87,79,76,79,81
20150308 08:56,97,18,100,19,98,22,92,94,109,83,10204,87,79,76,79,81
20150308 08:57,98,20,99,19,98,25,92,94,109,83,10204,87,79,77,79,81
20150308 08:58,99,22,99,19,99,28,92,94,109,83,10204,87,79,77,79,81
20150308 08:59,100,21,99,19,100,27,92,94,109,83,10204,87,79,77,79,81
20150308 09:00,101,18,99,19,101,20,92,94,109,83,10204,87,79,77,79,81
20150308 09:01,102,16,99,19,103,21,92,94,109,83,10204,87,79,77,79,81
20150308 09:02,100,16,99,19,98,22,92,94,109,83,10204,87,80,77,79,81
20150308 09:03,97,19,99,19,97,27,92,94,109,83,10204,87,80,77,79,81
20150308 09:04,101,20,99,19,105,26,92,94,109,83,10204,87,80,77,79,81
20150308 09:05,105,22,100,20,106,28,92,94,109,83,10205,87,80,77,79,81
20150308 09:06,103,21,101,20,101,27,92,94,109,83,10205,87,80,77,79,81
20150308 09:07,100,18,101,19,99,25,92,94,109,83,10204,87,80,77,79,81
20150308 09:08,104,20,102,19,109,30,92,95,110,84,10204,88,80,77,79,81
20150308 09:09,107,23,102,20,104,31,92,95,110,84,10204,88,80,77,79,81
20150308 09:10,108,26,103,21,113,30,92,95,110,84,10205,88,80,77,79,81
20150308 09:11,110,26,104,22,106,34,92,95,110,84,10205,88,80,77,79,81
20150308 09:12,104,23,104,22,103,31,92,95,110,84,10205,88,80,77,79,81
20150308 09:13,104,24,105,23,106,32,92,95,110,84,10205,89,80,77,79,81
20150308 09:14,104,24,105,23,101,30,92,95,110,84,10204,89,80,77,79,81
20150308 09:15,104,24,105,23,106,36,92,95,110,84,10204,89,80,77,79,81
20150308 09:16,109,23,106,23,112,29,92,95,110,84,10204,89,80,77,79,81
20150308 09:17,113,23,107,24,114,35,92,95,110,84,10203,90,80,77,79,81
20150308 09:18,115,32,108,26,116,47,93,95,111,85,10203,90,81,77,79,81
20150308 09:19,112,35,109,27,109,42,93,95,111,85,10203,90,81,77,79,81
20150308 09:20,110,28,108,26,111,35,93,95,111,85,10203,90,81,78,79,81
20150308 09:21,113,26,109,27,114,38,93,95,111,85,10202,91,81,78,79,81
20150308 09:22,114,29,110,28,115,38,93,95,111,85,10202,91,81,78,79,81
20150308 09:23,115,33,111,29,116,49,93,95,111,85,10202,91,81,78,79,81
20150308 09:24,113,35,112,30,110,47,93,95,111,85,10201,91,81,78,79,82
20150308 09:25,111,39,113,31,112,54,93,95,111,85,10201,91,81,78,79,81
20150308 09:26,116,45,114,34,119,54,93,95,111,85,10201,91,81,78,79,82
20150308 09:27,119,42,114,35,118,53,94,95,112,86,10201,91,81,78,79,82
20150308 09:28,122,41,115,36,126,57,94,95,112,86,10201,91,81,78,79,82
20150308 09:29,124,41,116,36,123,46,94,95,112,86,10201,92,81,78,79,81
20150308 09:30,118,38,117,38,113,56,94,95,112,86,10201,92,81,78,79,82
20150308 09:31,120,35,118,38,127,39,94,95,112,86,10201,92,82,78,79,82
20150308 09:32,123,31,118,38,120,40,94,95,112,86,10201,93,82,78,79,82
20150308 09:33,120,30,119,38,121,43,94,95,112,86,10200,93,82,78,79,82
20150308 09:34,116,30,119,37,110,43,94,95,112,86,10201,93,82,78,79,82
20150308 09:35,116,34,120,37,121,49,94,95,112,86,10201,93,82,78,79,82
20150308 09:36,117,35,119,35,112,48,93,95,111,85,10201,93,82,78,79,82
20150308 09:37,117,31,120,34,122,42,93,95,111,85,10201,93,82,78,79,82
20150308 09:38,121,31,119,33,120,37,93,95,111,85,10200,93,82,78,79,82
20150308 09:39,119,29,118,32,117,39,93,95,111,85,10200,93,82,78,80,82
20150308 09:40,119,29,119,31,121,44,93,95,111,85,10200,93,82,78,80,82
20150308 09:41,124,32,119,31,128,45,93,95,111,85,10200,94,83,78,80,82
20150308 09:42,124,36,119,32,120,45,93,95,111,85,10200,94,83,78,80,82
20150308 09:43,118,33,119,32,117,39,93,95,111,85,10200,94,83,79,80,82
20150308 09:44,121,28,120,32,125,37,93,96,112,87,10200,94,83,79,80,82
20150308 09:45,128,27,121,31,131,43,93,96,112,87,10199,95,83,79,80,82
20150308 09:46,123,27,122,30,115,35,93,96,112,87,10199,94,83,79,80,82
20150308 09:47,116,24,121,29,117,29,93,96,112,87,10199,95,83,79,80,82
20150308 09:48,118,27,121,29,119,41,93,96,112,87,10198,96,83,79,80,82
20150308 09:49,121,34,121,30,122,42,93,96,112,87,10198,96,83,79,80,82
20150308 09:50,120,31,121,30,118,32,93,96,112,87,10198,96,84,79,80,82
20150308 09:51,118,30,120,30,118,43,93,96,112,87,10198,97,84,79,80,82
20150308 09:52,117,31,120,29,117,37,93,96,112,87,10198,97,84,79,80,82
20150308 09:53,117,29,120,29,117,39,93,96,112,87,10198,98,84,79,80,82
20150308 09:54,117,31,119,29,118,43,93,96,112,87,10198,97,84,79,80,82
20150308 09:55,121,33,118,30,124,41,93,96,112,87,10198,97,84,79,80,82
20150308 09:56,124,31,119,30,124,36,92,96,112,86,10198,97,84,79,80,82
20150308 09:57,129,26,121,30,134,30,92,96,112,86,10198,97,84,79,80,82
20150308 09:58,132,26,122,30,130,38,92,96,112,86,10199,96,85,79,80,82
20150308 09:59,132,24,123,28,134,24,92,96,112,86,10198,96,85,79,80,82
20150308 10:00,127,21,124,28,120,29,92,96,112,86,10198,96,85,79,80,82
20150308 10:01,117,21,123,26,113,29,92,96,112,86,10198,95,85,79,80,82
20150308 10:02,114,20,123,26,115,35,92,96,112,86,10197,95,85,80,80,82
20150308 10:03,114,24,122,26,113,35,92,96,112,86,10197,94,85,80,80,82
20150308 10:04,115,27,122,25,117,33,92,96,112,86,10197,94,85,80,80,82
20150308 10:05,117,27,122,24,117,38,92,96,112,86,10197,94,85,80,80,82
20150308 10:06,116,28,121,24,116,32,92,96,112,86,10197,94,85,80,80,82
20150308 10:07,113,24,118,24,110,28,92,96,112,86,10197,94,86,80,80,82
20150308 10:08,114,16,117,22,118,30,92,97,113,87,10197,94,86,80,80,82
20150308 10:09,118,19,116,23,117,31,92,97,113,87,10197,94,86,80,80,82
20150308 10:10,120,24,116,23,123,28,92,97,113,87,10197,93,86,80,80,82
20150308 10:11,116,23,116,23,110,31,91,97,112,86,10196,93,86,80,80,82
20150308 10:12,113,27,116,24,116,39,91,97,112,86,10196,94,86,80,80,82
20150308 10:13,115,29,116,24,114,36,91,97,112,86,10196,94,86,80,80,82
20150308 10:14,112,25,115,24,111,30,91,97,112,86,10196,94,86,80,80,82
20150308 10:15,107,23,114,23,104,29,91,97,112,86,10196,95,86,80,80,82
20150308 10:16,101,22,112,23,98,31,91,97,112,86,10196,95,86,80,80,82
20150308 10:17,106,20,113,23,114,29,92,97,113,87,10196,96,86,80,80,82
20150308 10:18,116,20,113,24,118,29,92,97,113,87,10196,96,86,80,80,82
20150308 10:19,118,20,113,23,118,24,91,97,112,86,10196,96,86,81,80,82
20150308 10:20,120,15,112,22,121,17,91,97,112,86,10197,96,86,81,80,82
20150308 10:21,127,13,115,21,133,19,91,97,112,86,10197,96,87,81,81,82
20150308 10:22,138,14,117,20,142,17,91,97,112,86,10198,96,87,81,80,82
20150308 10:23,145,13,121,18,147,14,91,97,112,86,10199,96,87,81,80,82
20150308 10:24,150,11,125,17,153,12,91,97,112,86,10199,96,87,81,81,82
20150308 10:25,151,10,129,15,149,13,91,97,112,86,10199,96,87,81,81,82
20150308 10:26,151,11,135,14,154,14,91,97,112,86,10200,95,87,81,81,82
20150308 10:27,155,11,139,14,156,15,91,97,112,86,10200,95,87,81,81,82
20150308 10:28,160,12,144,13,165,15,91,97,112,86,10200,95,87,81,81,82
20150308 10:29,167,12,149,12,169,16,91,97,112,86,10200,95,87,81,81,82
20150308 10:30,158,9,152,12,148,11,91,97,112,86,10199,95,87,81,81,82
20150308 10:31,146,10,153,11,144,17,91,97,112,86,10199,95,87,81,81,82
20150308 10:32,142,15,152,12,139,20,91,97,112,86,10199,95,87,81,81,82
20150308 10:33,137,15,151,12,135,16,91,97,112,86,10199,95,87,81,81,82
20150308 10:34,143,15,151,12,150,22,91,97,112,86,10199,95,87,81,81,82
20150308 10:35,150,19,151,14,150,25,91,97,112,86,10199,95,87,81,81,82
20150308 10:36,150,20,151,14,151,19,91,97,112,86,10200,96,88,82,81,82
20150308 10:37,151,17,150,15,151,25,91,97,112,86,10200,96,88,82,81,82
20150308 10:38,159,17,150,15,167,21,91,97,112,86,10200,96,88,82,81,82
20150308 10:39,173,18,151,16,179,24,91,97,112,86,10201,96,88,82,81,82
20150308 10:40,179,19,154,17,178,21,91,97,112,86,10201,96,88,82,81,82
20150308 10:41,185,15,159,17,191,15,91,97,112,86,10201,96,88,82,81,82
20150308 10:42,189,14,164,17,188,22,91,97,112,86,10202,96,88,82,81,82
20150308 10:43,188,19,169,18,188,25,91,97,112,86,10202,96,88,82,81,82
20150308 10:44,189,19,173,18,189,21,91,97,112,86,10202,95,88,82,81,82
20150308 10:45,188,17,177,18,187,22,91,97,112,86,10202,95,88,82,81,82
20150308 10:46,186,17,181,18,186,23,91,97,112,86,10201,95,88,82,81,82
20150308 10:47,179,16,182,17,171,19,90,97,111,85,10201,95,88,82,81,82
20150308 10:48,167,13,182,17,163,18,90,97,111,85,10200,95,88,82,81,82
20150308 10:49,162,15,180,16,162,20,90,97,111,85,10200,95,88,82,81,82
20150308 10:50,154,14,177,16,145,16,90,97,111,85,10199,96,88,82,81,82
20150308 10:51,146,12,173,16,146,16,90,97,111,85,10199,96,88,82,81,82
20150308 10:52,146,13,168,16,146,18,90,97,111,85,10198,96,88,82,81,82
20150308 10:53,145,11,164,14,145,14,90,97,111,85,10198,96,88,82,81,82
20150308 10:54,145,12,160,14,146,23,90,97,111,85,10198,97,88,82,81,82
20150308 10:55,147,15,156,14,148,19,90,97,111,85,10199,98,88,82,81,82
20150308 10:56,146,14,151,14,143,18,90,97,111,85,10199,98,89,83,81,82
20150308 10:57,133,14,147,14,122,21,90,97,111,85,10198,98,89,83,81,82
20150308 10:58,117,16,142,14,111,19,90,97,111,85,10198,98,89,83,81,82
20150308 10:59,120,16,138,14,129,20,90,97,111,85,10198,98,89,83,82,82
20150308 11:00,122,15,135,14,115,14,90,97,111,85,10197,98,89,83,82,82
20150308 11:01,110,13,131,14,106,20,90,97,111,85,10197,99,89,83,82,82
20150308 11:02,105,14,127,14,105,21,90,97,111,85,10197,98,89,83,82,82
20150308 11:03,115,14,125,15,126,21,90,97,111,85,10196,98,89,83,82,82
20150308 11:04,117,15,121,15,108,21,90,97,111,85,10196,98,89,83,82,82
20150308 11:05,115,16,119,15,121,22,90,97,111,85,10196,99,89,83,82,82
20150308 11:06,121,16,116,15,121,20,90,97,111,85,10196,99,89,83,82,82
20150308 11:07,118,18,116,15,116,26,90,97,111,85,10196,99,89,83,82,82
20150308 11:08,112,20,115,16,107,25,90,97,111,85,10195,99,89,83,82,82
20150308 11:09,110,20,114,16,112,22,90,97,111,85,10195,100,89,83,82,82
20150308 11:10,113,21,114,17,114,28,90,97,111,85,10195,100,90,83,82,82
20150308 11:11,109,20,113,18,104,21,90,97,111,85,10195,101,90,83,82,82
20150308 11:12,107,21,114,18,110,30,90,97,111,85,10195,101,90,83,82,82
20150308 11:13,114,23,113,19,118,33,90,97,111,85,10195,101,90,83,82,82
20150308 11:14,118,24,114,20,119,33,90,97,111,85,10195,100,90,83,82,82
20150308 11:15,120,23,114,21,121,26,90,97,111,85,10195,101,90,83,82,82
20150308 11:16,123,19,115,21,125,23,90,97,111,85,10195,101,90,84,82,82
20150308 11:17,127,16,116,20,130,18,90,97,111,85,10196,102,90,84,82,82
20150308 11:18,129,13,118,20,128,15,90,97,111,85,10195,102,90,84,82,82
20150308 11:19,128,14,120,19,129,24,91,97,112,86,10195,102,91,84,82,83
20150308 11:20,126,18,121,19,123,23,91,98,113,88,10194,103,91,84,82,83
20150308 11:21,121,21,122,19,118,28,91,98,113,88,10193,104,91,84,82,83
20150308 11:22,112,16,122,18,106,21,91,98,113,88,10193,105,91,84,82,83
20150308 11:23,111,16,122,18,116,27,92,98,114,89,10193,106,91,84,82,83
20150308 11:24,117,18,122,17,119,18,92,98,114,89,10193,107,91,84,82,83
20150308 11:25,116,16,121,17,114,29,93,98,115,90,10193,108,91,84,82,83
20150308 11:26,119,20,121,17,125,26,93,98,115,90,10193,108,91,84,82,83
20150308 11:27,122,21,120,18,120,25,93,98,115,90,10192,108,91,84,82,83
20150308 11:28,121,22,119,19,123,25,93,98,115,90,10192,107,92,84,82,83
20150308 11:29,115,20,117,19,107,25,93,98,115,90,10192,107,92,84,82,83
20150308 11:30,108,23,116,20,110,39,93,98,115,90,10191,108,92,84,82,83
20150308 11:31,113,27,116,20,116,33,94,98,116,91,10191,107,92,84,82,83
20150308 11:32,113,27,116,22,110,32,94,98,116,91,10190,107,92,84,82,83
20150308 11:33,108,26,115,22,106,35,94,98,116,91,10190,107,92,84,83,83
20150308 11:34,104,24,113,23,102,33,94,98,116,91,10190,107,93,84,83,83
20150308 11:35,105,30,113,25,108,46,94,98,116,91,10189,108,93,85,83,83
20150308 11:36,106,34,111,26,105,45,94,98,116,91,10189,108,93,85,83,83
20150308 11:37,104,31,109,27,104,35,94,98,116,91,10189,109,93,85,83,83
20150308 11:38,109,28,108,27,114,35,95,98,116,92,10189,109,93,85,83,83
20150308 11:39,109,28,108,28,104,43,95,98,116,92,10188,110,93,85,83,83
20150308 11:40,108,33,108,29,112,42,95,98,116,92,10188,110,94,85,83,83
20150308 11:41,106,29,106,29,99,31,95,98,116,92,10187,110,94,85,83,83
20150308 11:42,101,22,106,28,103,31,95,98,116,92,10187,112,94,85,83,83
20150308 11:43,101,27,105,29,98,46,95,98,116,92,10186,113,94,85,83,83
20150308 11:44,102,30,105,29,106,38,95,98,116,92,10186,112,94,85,83,83
20150308 11:45,104,29,105,29,103,37,96,98,117,93,10185,112,95,85,83,83
20150308 11:46,103,29,104,28,102,43,96,98,117,93,10185,113,95,85,83,83
20150308 11:47,104,33,105,29,107,50,96,98,117,93,10184,114,95,85,83,83
20150308 11:48,104,32,103,29,101,40,96,98,117,93,10184,114,95,85,83,83
20150308 11:49,97,26,102,29,93,37,96,97,116,91,10184,114,95,85,83,83
20150308 11:50,95,27,101,28,97,37,96,97,116,91,10184,114,95,86,83,83
20150308 11:51,92,26,100,28,87,34,96,97,116,91,10184,113,96,86,83,83
20150308 11:52,82,23,97,28,78,32,96,97,116,91,10184,112,96,86,83,83
20150308 11:53,85,26,97,28,92,37,97,97,117,92,10184,112,96,86,83,83
20150308 11:54,92,27,95,28,93,31,97,97,117,92,10184,111,96,86,83,83
20150308 11:55,94,23,95,27,95,29,97,97,117,92,10183,111,96,86,83,83
20150308 11:56,98,29,94,28,101,43,97,97,117,92,10182,110,97,86,83,83
20150308 11:57,96,34,93,27,90,39,97,97,117,92,10182,108,97,86,83,83
20150308 11:58,92,32,92,27,94,39,97,97,117,92,10182,108,97,86,83,83
20150308 11:59,93,33,92,29,92,45,97,97,117,92,10181,107,97,86,83,83
20150308 12:00,95,37,92,30,97,47,96,97,116,91,10180,107,97,86,83,83
20150308 12:01,98,39,93,31,99,52,96,97,116,91,10179,108,97,86,83,83
20150308 12:02,99,39,95,33,98,51,96,97,116,91,10179,107,97,86,83,83
20150308 12:03,101,38,96,34,103,53,96,97,116,91,10178,107,97,87,83,83
20150308 12:04,104,42,97,36,105,59,96,97,116,91,10177,106,98,87,83,83
20150308 12:05,108,43,99,38,111,60,96,97,116,91,10177,107,98,87,84,83
20150308 12:06,108,35,99,37,104,38,97,97,117,92,10176,107,98,87,84,83
20150308 12:07,108,32,101,38,112,54,97,97,117,92,10177,109,98,87,84,83
20150308 12:08,111,37,103,38,111,58,97,97,117,92,10177,110,98,87,84,83
20150308 12:09,115,45,106,40,119,59,97,97,117,92,10178,110,98,87,84,83
20150308 12:10,118,49,108,41,118,57,97,97,117,92,10179,111,98,87,84,83
20150308 12:11,117,45,110,41,115,58,97,97,117,92,10179,112,98,87,84,83
20150308 12:12,118,38,112,40,121,48,98,97,117,93,10179,111,98,87,84,83
20150308 12:13,121,40,114,41,120,55,98,97,117,93,10179,111,98,87,84,83
20150308 12:14,115,45,114,41,110,58,98,97,117,93,10178,111,98,87,84,83
20150308 12:15,113,46,115,41,116,56,98,97,117,93,10178,112,98,88,84,83
20150308 12:16,117,41,116,42,118,49,98,97,117,93,10179,112,98,88,84,83
20150308 12:17,115,29,116,41,112,34,98,97,117,93,10179,112,98,88,84,83
20150308 12:18,114,31,117,41,116,53,98,97,117,93,10179,112,98,88,84,83
20150308 12:19,110,35,115,39,105,41,98,97,117,93,10179,112,98,88,84,83
20150308 12:20,107,32,114,38,109,42,99,97,118,94,10179,112,99,88,84,83
20150308 12:21,115,35,115,37,122,45,99,97,118,94,10180,112,99,88,84,83
20150308 12:22,115,33,114,37,108,40,98,97,117,93,10180,110,99,88,84,83
20150308 12:23,112,30,113,35,115,37,98,97,117,93,10181,110,99,88,84,83
20150308 12:24,119,29,114,33,122,32,99,97,118,94,10181,109,99,88,84,83
20150308 12:25,123,27,115,31,123,36,99,97,118,94,10181,109,99,88,84,83
20150308 12:26,113,25,113,30,103,30,99,97,118,94,10181,109,99,88,84,84
20150308 12:27,105,25,113,30,107,30,99,97,118,94,10181,109,99,89,84,84
20150308 12:28,115,25,114,29,124,30,99,97,118,94,10181,109,99,89,84,84
20150308 12:29,123,24,115,28,121,29,99,97,118,94,10181,109,99,89,84,84
20150308 12:30,115,24,116,27,110,38,99,97,118,94,10181,108,99,89,84,84
20150308 12:31,112,26,115,26,113,37,99,97,118,94,10180,108,99,89,84,84
20150308 12:32,124,27,117,26,135,36,99,97,118,94,10180,107,99,89,85,84
20150308 12:33,133,28,119,26,130,36,99,97,118,94,10180,107,99,89,85,84
20150308 12:34,125,28,119,26,120,33,99,97,118,94,10179,107,99,89,85,84
20150308 12:35,126,33,120,27,132,47,99,96,117,93,10179,107,99,89,85,84
20150308 12:36,130,35,122,28,129,48,99,96,117,93,10179,107,99,89,85,84
20150308 12:37,124,35,123,29,119,49,99,96,117,93,10178,107,99,89,85,84
20150308 12:38,121,38,123,31,123,43,99,96,117,93,10178,107,100,89,85,84
20150308 12:39,121,38,123,32,118,54,99,96,117,93,10177,107,99,89,85,84
20150308 12:40,118,36,124,33,117,42,99,96,117,93,10177,107,99,89,85,84
20150308 12:41,116,36,124,34,114,48,99,96,117,93,10176,107,100,89,85,84
20150308 12:42,117,37,122,35,119,46,99,96,117,93,10176,107,99,90,85,84
20150308 12:43,116,31,120,35,113,37,99,96,117,93,10176,106,99,90,85,84
20150308 12:44,116,30,120,35,119,40,99,96,117,93,10176,106,99,90,85,84
20150308 12:45,121,34,119,35,124,42,99,96,117,93,10176,106,99,90,85,84
20150308 12:46,119,35,118,35,115,43,99,96,117,93,10176,105,99,90,85,84
20150308 12:47,119,39,118,36,122,52,99,96,117,93,10176,105,99,90,85,84
20150308 12:48,120,39,118,36,118,53,99,96,117,93,10175,104,99,90,85,84
20150308 12:49,119,34,118,35,120,48,99,96,117,93,10175,104,99,90,85,84
20150308 12:50,118,35,118,35,116,49,99,96,117,93,10175,104,99,90,85,84
20150308 12:51,117,40,118,36,118,54,99,96,117,93,10175,104,99,90,85,84
20150308 12:52,117,42,118,36,115,49,99,96,117,93,10174,103,99,90,85,84
20150308 12:53,116,39,118,37,118,49,99,96,117,93,10174,103,99,90,85,84
20150308 12:54,120,40,119,38,123,53,99,96,117,93,10173,103,99,90,86,84
20150308 12:55,121,39,118,38,119,44,99,96,117,93,10173,103,99,90,86,84
20150308 12:56,117,38,118,39,116,51,99,96,117,93,10173,103,99,90,86,84
20150308 12:57,115,38,118,38,115,46,99,96,117,93,10173,103,99,90,86,84
20150308 12:58,111,37,117,38,108,55,99,96,117,93,10173,103,99,90,86,84
20150308 12:59,110,39,116,39,113,55,99,96,117,93,10172,103,99,91,86,84
20150308 13:00,115,39,116,39,118,49,99,96,117,93,10172,104,99,91,86,84
20150308 13:01,116,33,116,38,114,38,99,96,117,93,10172,104,99,91,86,84
20150308 13:02,113,28,116,37,111,40,99,96,117,93,10171,104,99,91,86,84
20150308 13:03,113,30,115,36,115,40,99,96,117,93,10171,104,99,91,86,84
20150308 13:04,114,35,114,35,114,43,99,96,117,93,10171,104,99,91,86,84
20150308 13:05,117,37,114,36,120,46,99,96,117,93,10171,104,99,91,86,84
20150308 13:06,118,40,114,36,115,59,99,96,117,93,10171,104,99,91,86,84
20150308 13:07,117,44,115,37,119,57,99,96,117,93,10170,105,99,91,86,84
20150308 13:08,117,47,115,38,114,62,99,96,117,93,10170,104,99,91,86,84
20150308 13:09,117,47,116,38,121,60,99,96,117,93,10170,105,99,91,86,84
20150308 13:10,118,45,116,39,116,52,99,96,117,93,10169,105,99,91,86,84
20150308 13:11,117,44,116,41,119,51,99,96,117,93,10169,106,99,91,86,84
20150308 13:12,119,43,117,42,119,51,99,96,117,93,10169,107,99,91,86,84
20150308 13:13,118,35,118,42,118,39,99,96,117,93,10169,108,99,91,86,84
20150308 13:14,118,33,118,41,119,48,99,96,117,93,10168,108,99,91,86,84
20150308 13:15,121,36,118,41,122,47,99,96,117,93,10168,110,99,91,86,84
20150308 13:16,121,38,119,41,120,52,99,96,117,93,10167,110,99,91,86,85
20150308 13:17,123,43,119,41,127,61,99,96,117,93,10167,112,99,91,86,85
20150308 13:18,126,41,121,40,126,48,99,96,117,93,10166,112,99,91,86,85
20150308 13:19,129,31,122,38,132,37,99,96,117,93,10166,112,99,91,86,85
20150308 13:20,134,32,124,37,136,48,99,96,117,93,10166,112,99,91,87,85
20150308 13:21,138,38,126,37,139,50,99,96,117,93,10166,113,99,91,87,85
20150308 13:22,135,35,127,36,130,44,99,96,117,93,10167,112,99,91,87,85
20150308 13:23,125,34,127,36,119,48,99,96,117,93,10167,111,99,91,87,85
20150308 13:24,127,36,129,37,135,55,99,96,117,93,10166,110,100,91,87,85
20150308 13:25,133,38,130,37,132,44,99,96,117,93,10166,110,100,92,87,85
20150308 13:26,132,33,131,35,133,44,99,96,117,93,10166,110,100,91,87,85
20150308 13:27,130,30,131,34,127,48,99,96,117,93,10165,110,100,92,87,85
20150308 13:28,129,32,131,34,130,42,99,96,117,93,10165,110,100,92,87,85
20150308 13:29,132,38,132,36,134,56,99,96,117,93,10165,110,100,92,87,85
20150308 13:30,130,42,131,36,127,53,99,96,117,93,10165,110,100,92,87,85
20150308 13:31,129,38,130,36,132,46,98,96,116,92,10165,110,100,92,87,85
20150308 13:32,134,32,131,35,136,39,98,96,116,92,10165,111,100,92,87,85
20150308 13:33,131,30,131,35,126,49,98,96,116,92,10165,111,101,92,87,85
20150308 13:34,127,34,131,35,129,47,98,96,116,92,10165,111,101,92,87,85
20150308 13:35,128,39,130,35,126,58,98,96,116,92,10165,111,101,92,87,85
20150308 13:36,130,37,130,36,133,42,98,96,116,92,10165,112,101,92,87,85
20150308 13:37,128,27,130,34,123,30,98,96,116,92,10165,113,101,92,87,85
20150308 13:38,128,26,130,34,133,39,98,96,116,92,10165,112,101,92,87,85
20150308 13:39,134,34,130,34,136,59,98,96,116,92,10166,113,101,92,87,85
20150308 13:40,133,32,130,32,129,40,98,96,116,92,10166,112,101,92,87,85
20150308 13:41,124,26,129,31,119,37,98,96,116,92,10166,111,101,92,87,85
20150308 13:42,118,29,127,31,117,41,98,96,116,92,10166,110,101,92,87,85
20150308 13:43,126,31,128,31,134,42,98,96,116,92,10166,108,101,92,87,85
20150308 13:44,138,32,129,31,142,41,98,96,116,92,10166,108,102,92,87,85
20150308 13:45,133,32,129,30,124,47,98,96,116,92,10165,108,102,92,87,85
20150308 13:46,127,29,129,30,131,38,98,96,116,92,10165,108,102,92,87,85
20150308 13:47,133,33,130,31,136,46,98,96,116,92,10165,108,102,92,87,85
20150308 13:48,142,40,132,32,148,51,98,96,116,92,10165,108,102,92,88,85
20150308 13:49,140,37,131,32,131,41,98,96,116,92,10165,107,102,92,88,85
20150308 13:50,123,33,130,33,115,41,98,96,116,92,10164,107,102,92,88,85
20150308 13:51,120,43,130,35,125,72,98,96,116,92,10164,107,102,93,88,85
20150308 13:52,130,47,132,36,136,51,98,96,116,92,10164,106,102,93,88,85
20150308 13:53,143,39,134,37,150,49,98,95,115,90,10164,106,102,93,88,85
20150308 13:54,146,33,134,37,143,36,98,96,116,92,10164,107,102,93,88,85
20150308 13:55,141,33,135,37,139,46,98,96,116,92,10164,107,102,93,88,85
20150308 13:56,133,32,135,37,126,37,98,95,115,90,10164,106,102,93,88,85
20150308 13:57,126,28,134,36,126,46,98,95,115,90,10164,106,102,93,88,85
20150308 13:58,132,32,133,36,139,47,98,96,116,92,10164,106,102,93,88,85
20150308 13:59,131,29,132,35,122,32,98,95,115,90,10164,106,102,93,88,85
20150308 14:00,120,25,132,34,118,33,98,96,116,92,10164,106,102,93,88,86
20150308 14:01,121,31,132,32,124,41,98,96,116,92,10164,107,102,93,88,86
20150308 14:02,126,33,132,31,129,47,98,96,116,92,10163,106,102,93,88,86
20150308 14:03,130,36,130,32,131,49,98,96,116,92,10163,106,102,93,88,86
20150308 14:04,130,33,128,31,128,42,97,96,115,91,10163,106,102,93,88,86
20150308 14:05,127,25,127,30,127,31,98,96,116,92,10163,105,102,93,88,86
20150308 14:06,125,23,127,30,123,30,97,96,115,91,10162,106,102,93,88,86
20150308 14:07,122,21,126,29,122,25,97,96,115,91,10162,106,102,93,88,86
20150308 14:08,124,20,125,27,125,35,97,96,115,91,10162,106,102,93,88,86
20150308 14:09,125,24,125,28,124,33,97,96,115,91,10162,106,102,93,88,86
20150308 14:10,124,27,126,27,123,41,97,96,115,91,10161,106,102,93,88,86
20150308 14:11,122,27,125,27,120,34,97,96,115,91,10161,106,102,93,88,86
20150308 14:12,120,27,124,26,120,31,97,96,115,91,10160,106,102,93,88,86
20150308 14:13,124,30,124,25,128,39,97,96,115,91,10160,107,102,94,88,86
20150308 14:14,125,28,123,25,123,33,97,96,115,91,10160,107,102,94,88,86
20150308 14:15,123,24,123,25,122,30,97,96,115,91,10160,107,102,94,88,86
20150308 14:16,121,23,123,25,121,28,97,96,115,91,10160,107,102,94,88,86
20150308 14:17,123,23,123,26,126,32,97,96,115,91,10161,108,102,94,89,86
20150308 14:18,127,23,124,26,129,28,97,96,115,91,10161,107,102,94,89,86
20150308 14:19,129,20,124,25,129,23,97,96,115,91,10161,107,102,94,89,86
20150308 14:20,132,18,125,24,136,26,97,96,115,91,10160,106,102,94,89,86
20150308 14:21,130,17,126,23,124,25,97,96,115,91,10160,107,102,94,89,86
20150308 14:22,122,21,126,23,120,33,97,96,115,91,10159,106,102,94,89,86
20150308 14:23,119,26,125,22,118,35,97,96,115,91,10158,106,102,94,89,86
20150308 14:24,118,29,124,23,118,37,97,96,115,91,10157,107,102,94,89,86
20150308 14:25,121,33,124,24,123,51,97,96,115,91,10156,107,102,94,89,86
20150308 14:26,121,32,124,25,118,41,97,96,115,91,10156,107,102,94,89,86
20150308 14:27,121,34,124,26,125,49,97,96,115,91,10156,108,102,94,89,86
20150308 14:28,125,39,124,28,126,48,97,96,115,91,10157,109,102,94,89,86
20150308 14:29,131,34,124,29,135,39,97,96,115,91,10157,109,102,94,89,86
20150308 14:30,132,31,124,30,129,38,97,96,115,91,10157,109,102,94,89,86
20150308 14:31,132,27,125,31,135,29,97,96,115,91,10158,108,102,94,89,86
20150308 14:32,124,24,124,31,113,33,98,96,116,92,10158,107,102,94,89,86
20150308 14:33,115,23,124,30,116,41,97,96,115,91,10158,106,102,94,89,86
20150308 14:34,116,27,123,30,115,41,97,97,117,92,10157,106,102,94,89,86
20150308 14:35,110,25,122,29,105,27,97,96,115,91,10157,106,102,94,89,86
20150308 14:36,117,21,123,28,128,32,97,96,115,91,10158,105,102,94,89,86
20150308 14:37,120,19,121,26,111,19,97,96,115,91,10158,105,102,94,89,86
20150308 14:38,119,21,122,25,128,31,97,96,115,91,10158,105,102,94,89,86
20150308 14:39,126,23,121,23,125,27,97,96,115,91,10158,105,102,94,89,86
20150308 14:40,127,21,121,22,129,29,97,96,115,91,10159,104,102,94,89,86
20150308 14:41,128,24,120,23,128,37,97,96,115,91,10159,104,102,94,89,86
20150308 14:42,128,25,121,23,128,33,97,96,115,91,10159,104,102,95,89,86
20150308 14:43,136,27,124,23,145,36,97,96,115,91,10158,104,102,95,89,86
20150308 14:44,134,24,125,22,123,28,97,96,115,91,10158,104,102,95,89,86
20150308 14:45,126,26,127,24,129,40,97,96,115,91,10157,104,102,95,89,86
20150308 14:46,130,26,128,23,130,28,97,96,115,91,10157,104,102,95,89,87
20150308 14:47,131,23,130,24,132,30,98,96,116,92,10157,104,102,95,90,87
20150308 14:48,135,26,131,24,138,58,98,96,116,92,10157,105,102,95,89,87
20150308 14:49,143,30,133,26,148,62,98,96,116,92,10157,104,102,95,90,87
20150308 14:50,149,28,135,26,151,36,98,96,116,92,10157,104,102,95,90,87
20150308 14:51,147,29,137,27,144,48,98,96,116,92,10157,105,102,95,90,87
20150308 14:52,144,39,138,29,144,50,98,96,116,92,10156,105,102,95,90,87
20150308 14:53,146,40,139,30,148,51,98,96,116,92,10156,105,102,95,90,87
20150308 14:54,145,35,141,31,142,43,98,96,116,92,10156,106,102,95,90,87
20150308 14:55,140,33,141,31,137,42,98,96,116,92,10155,107,102,95,90,87
20150308 14:56,140,31,143,32,143,36,98,96,116,92,10156,107,102,95,90,87
20150308 14:57,146,27,145,32,150,36,98,96,116,92,10156,107,102,95,90,87
20150308 14:58,150,28,146,33,150,48,98,96,116,92,10157,106,102,95,90,87
20150308 14:59,155,30,147,32,159,39,98,96,116,92,10158,106,102,95,90,87
20150308 15:00,157,26,147,32,156,26,98,96,116,92,10158,105,102,95,90,87
20150308 15:01,157,19,149,30,158,25,98,96,116,92,10158,105,102,95,90,87
20150308 15:02,153,19,149,28,149,42,98,96,116,92,10158,105,102,95,90,87
20150308 15:03,151,27,150,27,153,49,98,96,116,92,10158,104,102,95,90,87
20150308 15:04,148,33,150,27,143,43,98,96,116,92,10158,104,102,95,90,87
20150308 15:05,147,29,151,26,151,32,98,96,116,92,10158,104,102,95,90,87
20150308 15:06,155,28,153,27,159,46,98,96,116,92,10158,104,102,95,90,87
20150308 15:07,156,31,153,27,152,38,98,96,116,92,10158,104,102,95,90,87
20150308 15:08,149,38,153,29,146,53,98,96,116,92,10158,104,102,95,90,87
20150308 15:09,144,43,151,30,141,49,98,96,116,92,10158,103,102,95,90,87
20150308 15:10,142,44,149,32,143,63,98,96,116,92,10157,103,102,95,90,87
20150308 15:11,146,45,149,35,149,57,98,96,116,92,10157,102,102,95,90,87
20150308 15:12,150,39,149,36,150,50,98,96,116,92,10156,102,102,95,90,87
20150308 15:13,147,37,148,37,145,51,98,96,116,92,10155,103,102,95,90,87
20150308 15:14,142,36,147,37,138,40,98,96,116,92,10155,103,102,95,90,87
20150308 15:15,141,33,147,38,144,42,98,96,116,92,10156,103,102,95,90,87
20150308 15:16,139,29,144,37,133,40,98,96,116,92,10156,104,102,95,90,87
20150308 15:17,131,29,142,37,128,44,98,96,116,92,10155,105,102,95,90,87
20150308 15:18,131,39,140,37,133,56,98,96,116,92,10154,105,102,95,90,87
20150308 15:19,132,40,139,37,130,54,98,96,116,92,10153,105,102,95,90,87
20150308 15:20,137,43,139,37,144,61,98,96,116,92,10153,106,102,95,90,87
20150308 15:21,144,50,139,38,143,63,98,96,116,92,10153,105,102,95,90,87
20150308 15:22,146,54,139,40,148,69,98,96,116,92,10152,104,102,95,90,87
20150308 15:23,147,53,139,41,146,67,98,96,116,92,10153,104,102,95,91,87
20150308 15:24,147,42,140,41,148,54,98,96,116,92,10153,104,102,95,91,87
20150308 15:25,149,41,140,43,150,54,98,96,116,92,10153,104,102,95,91,87
20150308 15:26,149,41,142,44,149,48,98,96,116,92,10154,104,102,95,91,87
20150308 15:27,153,33,145,43,158,40,98,96,116,92,10154,104,102,96,91,87
20150308 15:28,157,31,147,42,156,45,98,96,116,92,10154,104,102,96,91,87
20150308 15:29,150,32,148,42,143,39,98,96,116,92,10154,104,102,96,91,87
20150308 15:30,147,32,149,40,150,50,98,96,116,92,10154,104,102,96,91,88
20150308 15:31,147,32,149,38,143,42,98,96,116,92,10154,104,102,96,91,88
20150308 15:32,142,30,148,35,141,41,98,96,116,92,10154,103,102,96,91,88
20150308 15:33,141,29,148,33,141,52,98,96,116,92,10154,103,102,96,91,88
20150308 15:34,140,34,147,34,140,50,98,96,116,92,10154,103,102,96,91,88
20150308 15:35,146,39,147,33,152,45,98,96,116,92,10155,103,102,96,91,88
20150308 15:36,144,30,146,32,136,32,98,96,116,92,10155,103,102,96,91,88
20150308 15:37,139,32,144,33,143,47,98,96,116,92,10155,102,102,96,91,88
20150308 15:38,143,35,143,32,143,45,98,96,116,92,10154,102,102,96,91,88
20150308 15:39,145,31,144,33,147,39,98,96,116,92,10154,102,102,96,91,88
20150308 15:40,145,32,143,32,143,41,98,96,116,92,10154,102,102,96,91,88
20150308 15:41,141,31,143,33,140,38,97,96,115,91,10153,101,102,96,91,88
20150308 15:42,142,27,143,32,144,31,97,96,115,91,10153,102,102,96,91,88
20150308 15:43,143,28,143,32,142,39,98,96,116,92,10153,102,102,96,91,88
20150308 15:44,142,32,143,32,143,41,97,96,115,91,10152,102,102,96,91,88
20150308 15:45,144,34,143,31,145,44,97,96,115,91,10152,102,102,96,91,88
20150308 15:46,143,30,143,31,142,36,97,96,115,91,10152,102,102,96,91,88
20150308 15:47,142,29,143,31,141,51,97,96,115,91,10152,102,102,96,91,88
20150308 15:48,148,33,144,31,154,44,97,96,115,91,10151,101,102,96,91,88
20150308 15:49,148,32,144,31,142,38,97,96,115,91,10151,101,101,96,91,88
20150308 15:50,144,35,144,32,147,52,97,96,115,91,10151,101,101,96,91,88
20150308 15:51,142,37,144,32,137,45,97,96,115,91,10150,101,101,96,91,88
20150308 15:52,130,29,142,32,123,33,97,96,115,91,10150,100,101,96,91,88
20150308 15:53,127,28,141,32,131,46,97,97,117,92,10150,101,101,96,91,88
20150308 15:54,129,31,139,32,126,37,97,97,117,92,10150,101,101,96,91,88
20150308 15:55,128,28,137,31,131,35,97,97,117,92,10150,101,101,96,91,88
20150308 15:56,136,28,137,31,141,37,97,97,117,92,10150,101,101,96,91,88
20150308 15:57,136,28,136,31,130,47,97,97,117,92,10151,100,101,96,91,88
20150308 15:58,134,33,134,31,137,49,97,97,117,92,10152,100,101,96,91,88
20150308 15:59,143,36,135,32,149,46,97,97,117,92,10152,100,101,96,91,88
20150308 16:00,146,34,135,31,142,43,97,97,117,92,10152,100,101,96,91,88
20150308 16:01,142,31,135,31,142,37,97,97,117,92,10153,100,101,96,91,88
20150308 16:02,144,25,138,30,146,33,97,97,117,92,10153,100,101,96,91,88
20150308 16:03,150,21,140,29,154,28,97,97,117,92,10153,100,101,96,91,88
20150308 16:04,152,25,142,29,150,41,97,97,117,92,10154,99,101,96,91,88
20150308 16:05,151,27,144,29,152,36,97,97,117,92,10154,99,101,96,92,88
20150308 16:06,155,24,146,28,158,33,97,97,117,92,10154,99,101,96,92,88
20150308 16:07,163,23,150,28,168,30,97,97,117,92,10155,99,101,96,92,88
20150308 16:08,165,24,152,27,162,32,97,97,117,92,10154,98,101,96,92,88
20150308 16:09,159,24,153,25,157,26,96,97,116,91,10154,99,101,96,92,88
20150308 16:10,156,23,154,24,154,32,96,97,116,91,10154,98,101,96,92,88
20150308 16:11,149,21,154,23,144,25,96,97,116,91,10154,99,100,96,92,88
20150308 16:12,156,17,157,23,168,24,96,97,116,91,10154,99,100,96,92,88
20150308 16:13,169,22,158,23,170,35,96,97,116,91,10154,98,100,96,92,88
20150308 16:14,168,28,160,23,166,38,96,97,116,91,10154,98,100,96,92,88
20150308 16:15,160,28,160,23,154,33,96,97,116,91,10154,98,100,96,92,88
20150308 16:16,158,26,161,24,162,37,96,97,116,91,10153,98,100,96,92,88
20150308 16:17,164,25,160,24,165,30,96,97,116,91,10153,98,100,96,92,88
20150308 16:18,167,27,161,24,168,42,96,97,116,91,10153,98,100,96,92,88
20150308 16:19,168,27,162,25,167,31,96,97,116,91,10152,98,100,96,92,88
20150308 16:20,159,24,161,24,150,32,96,97,116,91,10153,98,100,96,92,88
20150308 16:21,158,21,164,25,165,28,96,97,116,91,10153,98,100,96,92,89
20150308 16:22,166,22,163,26,166,32,96,97,116,91,10153,98,100,96,92,89
20150308 16:23,166,19,163,24,166,17,96,97,116,91,10154,98,100,96,92,89
20150308 16:24,171,18,164,23,176,39,96,97,116,91,10154,98,100,96,92,89
20150308 16:25,173,21,166,23,170,29,96,97,116,91,10154,98,100,96,92,89
20150308 16:26,165,19,165,22,160,25,96,97,116,91,10154,98,100,96,92,89
20150308 16:27,158,20,164,22,155,29,96,97,116,91,10153,97,100,96,92,89
20150308 16:28,159,17,164,20,164,17,96,97,116,91,10153,97,100,96,92,89
20150308 16:29,157,18,162,20,151,36,96,97,116,91,10152,97,100,96,92,89
20150308 16:30,153,25,163,20,155,33,95,97,115,90,10152,97,99,96,92,89
20150308 16:31,158,26,162,21,161,28,95,97,115,90,10152,97,99,96,92,89
20150308 16:32,161,25,162,21,161,32,95,97,115,90,10152,97,99,96,92,89
20150308 16:33,159,23,161,22,157,26,95,97,115,90,10152,97,99,96,92,89
20150308 16:34,169,21,162,21,182,23,95,97,115,90,10153,97,99,96,92,89
20150308 16:35,171,21,161,22,160,29,95,97,115,90,10153,97,99,96,92,89
20150308 16:36,164,20,161,21,167,25,95,97,115,90,10153,97,99,96,92,89
20150308 16:37,162,16,161,21,156,20,95,97,115,90,10153,97,99,96,92,89
20150308 16:38,160,16,161,21,163,23,95,97,115,90,10153,97,99,96,92,89
20150308 16:39,167,24,163,22,171,39,95,97,115,90,10153,96,99,96,92,89
20150308 16:40,173,32,165,23,175,41,95,97,115,90,10153,96,99,96,92,89
20150308 16:41,172,33,166,23,170,38,95,97,115,90,10153,96,99,96,92,89
20150308 16:42,169,31,167,24,167,42,95,97,115,90,10153,96,99,96,92,89
20150308 16:43,171,31,169,25,176,40,95,97,115,90,10153,96,99,96,92,89
20150308 16:44,173,31,168,26,171,41,95,97,115,90,10153,96,99,96,92,89
20150308 16:45,173,32,169,27,174,45,95,97,115,90,10153,96,99,96,92,89
20150308 16:46,173,28,170,28,172,25,95,97,115,90,10153,96,99,96,92,89
20150308 16:47,172,18,171,27,171,26,95,97,115,90,10153,96,99,96,92,89
20150308 16:48,171,19,172,28,170,36,95,97,115,90,10153,96,99,96,92,89
20150308 16:49,170,24,172,28,171,28,95,97,115,90,10153,96,99,96,92,89
20150308 16:50,170,23,171,27,168,26,95,97,115,90,10153,96,99,96,92,89
20150308 16:51,167,26,171,26,166,39,94,97,114,89,10152,96,98,96,92,89
20150308 16:52,166,32,171,27,167,39,94,97,114,89,10152,95,98,96,92,89
20150308 16:53,166,28,170,26,166,28,94,97,114,89,10152,95,98,96,92,89
20150308 16:54,164,22,169,25,163,28,94,97,114,89,10152,95,98,96,92,89
20150308 16:55,172,20,170,24,182,26,94,97,114,89,10153,95,98,96,92,89
20150308 16:56,187,21,171,24,191,34,94,97,114,89,10155,95,98,96,92,89
20150308 16:57,191,23,173,25,191,33,94,97,114,89,10156,95,98,96,92,89
20150308 16:58,195,22,176,24,199,25,94,97,114,89,10157,95,98,96,92,89
20150308 16:59,201,21,179,24,202,28,94,97,114,89,10157,95,98,96,92,89
20150308 17:00,212,16,185,23,223,18,94,97,114,89,10158,95,98,96,92,89
20150308 17:01,208,17,188,22,193,29,94,97,114,89,10158,95,98,96,92,89
20150308 17:02,203,18,192,20,212,22,94,97,114,89,10158,95,98,96,92,89
20150308 17:03,216,13,198,19,220,16,94,97,114,89,10158,95,98,96,92,89
20150308 17:04,223,15,204,18,226,21,94,97,114,89,10158,95,98,96,92,89
20150308 17:05,216,20,206,19,205,32,94,97,114,89,10157,95,98,96,92,89
20150308 17:06,195,25,206,19,185,36,94,97,114,89,10157,94,98,96,92,89
20150308 17:07,186,26,205,19,188,29,94,97,114,89,10156,94,98,96,92,89
20150308 17:08,186,26,204,20,184,33,94,97,114,89,10156,94,98,95,92,89
20150308 17:09,189,24,203,20,194,24,94,97,114,89,10156,94,98,95,92,89
20150308 17:10,193,16,200,20,192,18,94,97,114,89,10156,94,98,95,92,89
20150308 17:11,197,11,201,19,203,19,94,97,114,89,10156,94,97,95,93,89
20150308 17:12,199,17,199,20,195,29,94,97,114,89,10155,94,97,95,93,89
20150308 17:13,189,22,195,21,183,29,94,97,114,89,10155,94,97,95,93,89
20150308 17:14,182,24,191,22,181,36,94,97,114,89,10155,94,97,95,93,89
20150308 17:15,182,24,189,21,184,25,93,97,114,88,10155,94,97,95,92,89
20150308 17:16,181,20,188,21,178,32,93,97,114,88,10155,94,97,95,93,89
20150308 17:17,183,18,188,20,189,18,93,97,114,88,10154,94,97,95,93,89
20150308 17:18,186,17,188,19,183,30,93,97,114,88,10154,94,97,95,93,90
20150308 17:19,178,21,186,19,173,31,93,97,114,88,10154,94,97,95,93,89
20150308 17:20,174,21,184,20,175,30,93,97,114,88,10153,94,97,95,93,90
20150308 17:21,170,23,181,21,166,35,93,97,114,88,10153,94,97,95,93,90
20150308 17:22,166,27,178,22,166,34,93,97,114,88,10152,94,97,95,93,90
20150308 17:23,170,26,177,22,174,30,93,97,114,88,10152,94,97,95,93,90
20150308 17:24,168,24,175,22,163,29,93,97,114,88,10152,93,97,95,93,90
20150308 17:25,163,24,173,22,164,28,93,97,114,88,10152,94,97,95,93,90
20150308 17:26,167,23,172,22,170,29,93,97,114,88,10152,94,97,95,93,90
20150308 17:27,167,19,170,23,163,27,93,97,114,88,10153,94,97,95,93,90
20150308 17:28,170,14,169,22,176,17,93,97,114,88,10153,94,97,95,93,90
20150308 17:29,172,14,168,21,168,25,93,97,114,88,10153,94,97,95,93,90
20150308 17:30,167,17,168,21,166,25,93,97,114,88,10152,94,97,95,93,90
20150308 17:31,165,18,167,20,164,26,93,97,114,88,10152,94,97,95,93,90
20150308 17:32,166,18,168,19,168,26,93,97,114,88,10151,93,96,95,93,90
20150308 17:33,170,17,167,18,173,19,93,97,114,88,10151,93,96,95,93,90
20150308 17:34,170,17,168,18,167,26,92,97,113,87,10151,93,96,95,93,90
20150308 17:35,168,20,168,18,169,26,92,97,113,87,10152,93,96,95,93,90
20150308 17:36,172,18,169,17,175,19,92,97,113,87,10152,93,96,95,93,90
20150308 17:37,174,16,170,17,172,20,92,97,113,87,10151,93,96,95,93,90
20150308 17:38,173,17,170,18,174,25,92,97,113,87,10152,93,96,95,93,90
20150308 17:39,174,18,170,18,175,25,92,97,113,87,10152,93,96,95,93,90
20150308 17:40,174,14,171,17,173,18,92,97,113,87,10152,93,96,95,93,90
20150308 17:41,172,12,172,16,171,14,92,97,113,87,10152,93,96,95,93,90
20150308 17:42,177,11,173,16,183,14,92,97,113,87,10152,93,96,95,93,90
20150308 17:43,186,11,175,15,188,17,92,97,113,87,10152,93,96,95,93,90
20150308 17:44,185,12,176,15,182,18,92,97,113,87,10152,93,96,95,93,90
20150308 17:45,186,14,178,14,190,28,92,97,113,87,10153,93,96,95,93,90
20150308 17:46,189,20,179,15,187,29,92,97,113,87,10154,92,96,95,93,90
20150308 17:47,190,23,182,16,193,30,92,97,113,87,10154,92,96,95,93,90
20150308 17:48,197,19,184,15,201,20,92,97,113,87,10155,92,96,95,93,90
20150308 17:49,201,17,187,15,200,23,92,97,113,87,10155,92,96,95,93,90
20150308 17:50,204,16,190,16,208,19,92,97,113,87,10155,92,96,95,93,90
20150308 17:51,208,18,194,17,208,32,92,97,113,87,10156,92,96,95,93,90
20150308 17:52,211,19,197,17,215,23,92,97,113,87,10156,92,96,95,93,90
20150308 17:53,213,17,200,18,211,21,92,97,113,87,10156,92,96,95,93,90
20150308 17:54,218,14,204,18,225,20,92,97,113,87,10156,92,96,95,93,90
20150308 17:55,227,10,208,17,229,13,92,97,113,87,10156,92,96,95,93,90
20150308 17:56,225,11,211,16,221,17,92,97,113,87,10156,92,95,95,93,90
20150308 17:57,221,10,214,14,222,12,92,97,113,87,10155,92,95,95,93,90
20150308 17:58,211,8,214,14,200,15,92,97,113,87,10155,92,95,95,93,90
20150308 17:59,198,10,214,13,197,14,92,97,113,87,10155,92,95,94,93,90
20150308 18:00,201,12,213,13,205,17,92,97,113,87,10156,92,95,95,93,90
20150308 18:01,199,11,212,12,193,15,92,97,113,87,10155,92,95,94,93,90
20150308 18:02,199,8,211,11,206,11,92,97,113,87,10155,92,95,94,93,90
20150308 18:03,204,5,210,9,203,10,92,97,113,87,10155,92,95,94,93,90
20150308 18:04,203,10,208,10,203,23,92,97,113,87,10156,92,95,94,93,90
20150308 18:05,206,15,206,11,209,21,92,97,113,87,10156,92,95,94,93,90
20150308 18:06,203,12,204,10,198,13,92,97,113,87,10156,92,95,94,93,90
20150308 18:07,199,9,202,10,201,11,91,97,112,86,10156,92,95,94,93,90
20150308 18:08,200,9,201,10,199,14,91,98,113,88,10156,92,95,94,93,90
20150308 18:09,198,10,201,10,197,14,91,98,113,88,10156,92,95,94,93,90
20150308 18:10,193,11,200,10,189,14,91,98,113,88,10155,92,95,94,93,90
20150308 18:11,188,13,199,11,188,17,91,98,113,88,10155,92,95,94,93,90
20150308 18:12,190,14,198,11,193,16,91,98,113,88,10155,91,95,94,93,90
20150308 18:13,193,13,197,12,193,17,91,98,113,88,10155,91,95,94,93,90
20150308 18:14,195,12,196,12,198,15,91,98,113,88,10156,91,95,94,93,90
20150308 18:15,207,12,197,11,217,19,91,98,113,88,10156,91,95,94,93,90
20150308 18:16,221,13,200,12,226,20,91,98,113,88,10157,91,95,94,93,90
20150308 18:17,229,12,203,12,231,13,91,98,113,88,10157,91,95,94,93,90
20150308 18:18,228,14,206,13,226,25,91,98,113,88,10157,91,95,94,93,90
20150308 18:19,223,17,208,13,221,20,91,98,113,88,10157,91,95,94,93,90
20150308 18:20,225,14,212,13,228,19,92,98,114,89,10157,91,95,94,93,90
20150308 18:21,226,12,216,13,224,16,92,98,114,89,10157,91,94,94,93,90
20150308 18:22,228,15,220,14,232,22,92,98,114,89,10157,91,94,94,93,90
20150308 18:23,231,16,223,14,230,21,92,98,114,89,10157,91,94,94,93,90
20150308 18:24,238,14,228,14,246,21,92,98,114,89,10157,91,94,94,93,90
20150308 18:25,247,18,231,15,249,29,92,98,114,89,10157,91,94,94,93,90
20150308 18:26,247,23,233,16,245,28,92,98,114,89,10157,91,94,94,93,90
20150308 18:27,251,20,236,17,257,23,91,98,113,88,10156,91,94,94,93,90
20150308 18:28,254,21,238,17,251,29,91,98,113,88,10156,91,94,94,93,90
20150308 18:29,239,20,239,17,228,21,91,98,113,88,10155,91,94,94,93,90
20150308 18:30,229,17,239,18,230,22,91,98,113,88,10155,91,94,94,93,90
20150308 18:31,233,16,240,18,237,19,91,98,113,88,10154,90,94,94,93,90
20150308 18:32,238,15,241,18,239,18,91,98,113,88,10154,90,94,94,93,90
20150308 18:33,240,16,242,18,241,23,91,98,113,88,10154,90,94,94,93,90
20150308 18:34,253,16,244,18,264,21,91,98,113,88,10155,90,94,94,93,90
20150308 18:35,265,14,246,17,265,15,91,98,113,88,10155,90,94,94,93,90
20150308 18:36,261,12,247,16,257,15,91,98,113,88,10155,90,94,94,93,90
20150308 18:37,247,11,245,15,237,18,91,98,113,88,10155,90,94,94,93,90
20150308 18:38,243,10,245,14,249,12,91,98,113,88,10155,90,94,94,93,90
20150308 18:39,249,10,247,13,249,14,91,98,113,88,10155,90,94,94,93,90
20150308 18:40,246,9,248,12,243,11,91,98,113,88,10155,90,94,94,93,90
20150308 18:41,239,6,248,11,234,12,91,98,113,88,10155,90,94,94,93,90
20150308 18:42,233,11,247,11,232,20,91,98,113,88,10155,90,94,94,93,90
20150308 18:43,233,16,246,11,235,18,91,98,113,88,10156,90,94,94,93,90
20150308 18:44,236,17,244,12,238,30,91,98,113,88,10156,90,94,94,93,90
20150308 18:45,236,22,241,13,233,30,91,98,113,88,10157,90,94,94,93,90
20150308 18:46,233,23,238,14,232,26,91,97,112,86,10157,89,94,94,93,90
20150308 18:47,234,21,238,15,236,28,91,97,112,86,10157,89,94,94,93,90
20150308 18:48,236,20,237,16,235,27,91,97,112,86,10158,89,93,94,93,90
20150308 18:49,239,20,236,17,243,28,91,97,112,86,10159,89,93,94,93,90
20150308 18:50,243,20,236,18,244,26,90,97,111,85,10159,89,93,93,93,90
20150308 18:51,244,19,237,20,244,23,90,97,111,85,10160,89,93,93,93,90
20150308 18:52,241,19,238,20,239,32,90,97,111,85,10160,89,93,93,93,90
20150308 18:53,243,17,239,20,248,22,90,97,111,85,10161,89,93,93,93,90
20150308 18:54,248,17,240,20,249,27,90,97,111,85,10161,89,93,93,93,91
20150308 18:55,244,21,241,19,240,25,90,97,111,85,10162,89,93,93,93,91
20150308 18:56,243,18,242,19,246,22,90,97,111,85,10162,89,93,93,93,91
20150308 18:57,245,19,243,19,245,29,90,98,112,87,10162,89,93,93,93,90
20150308 18:58,242,25,244,20,240,36,90,98,112,87,10163,89,93,93,93,91
20150308 18:59,242,24,244,20,245,26,90,98,112,87,10163,89,93,93,93,91
20150308 19:00,245,19,244,20,245,25,90,98,112,87,10163,89,93,93,93,91
20150308 19:01,248,17,245,20,250,24,90,98,112,87,10163,89,93,93,93,91
20150308 19:02,251,18,246,19,252,24,90,98,112,87,10164,89,93,93,93,91
20150308 19:03,256,19,247,20,259,24,90,98,112,87,10164,89,93,93,93,91
20150308 19:04,256,22,247,20,253,33,90,98,112,87,10164,89,93,93,93,91
20150308 19:05,256,25,249,21,259,28,90,98,112,87,10165,89,93,93,93,91
20150308 19:06,260,22,251,21,261,30,90,98,112,87,10165,89,93,93,93,91
20150308 19:07,259,22,252,22,257,33,90,98,112,87,10166,89,93,93,93,91
20150308 19:08,254,23,253,21,252,32,90,98,112,87,10166,89,93,93,93,91
20150308 19:09,254,22,255,21,257,29,90,98,112,87,10165,89,93,93,93,91
20150308 19:10,262,23,257,22,268,31,90,98,112,87,10165,89,93,93,93,91
20150308 19:11,265,25,258,23,262,39,90,98,112,87,10165,89,93,93,93,91
20150308 19:12,260,24,259,23,258,25,90,98,112,87,10166,89,93,93,93,91
20150308 19:13,264,20,260,23,269,24,90,98,112,87,10166,89,93,93,93,91
20150308 19:14,270,18,261,22,271,24,90,98,112,87,10167,89,93,93,93,91
20150308 19:15,274,16,263,21,277,18,90,98,112,87,10166,89,93,93,93,91
20150308 19:16,273,13,264,20,268,17,90,98,112,87,10166,89,93,93,93,91
20150308 19:17,269,15,265,20,270,28,90,98,112,87,10165,89,92,93,93,91
20150308 19:18,270,18,267,19,270,25,90,98,112,87,10165,89,92,93,93,91
20150308 19:19,268,17,268,19,267,26,90,98,112,87,10165,89,92,93,93,91
20150308 19:20,269,17,268,18,271,30,90,98,112,87,10164,89,92,93,93,91
20150308 19:21,271,15,269,16,271,15,90,98,112,87,10164,88,92,93,93,91
20150308 19:22,272,18,271,17,272,32,90,98,112,87,10164,88,92,93,93,91
20150308 19:23,270,22,270,17,267,25,90,98,112,87,10165,88,92,93,93,91
20150308 19:24,263,20,269,17,259,27,90,98,112,87,10165,88,92,93,93,91
20150308 19:25,269,23,269,18,278,31,90,98,112,87,10165,88,92,93,93,91
20150308 19:26,274,25,270,20,270,32,89,98,112,86,10166,88,92,93,93,91
20150308 19:27,271,22,270,20,272,29,89,98,112,86,10166,88,92,93,93,91
20150308 19:28,271,25,270,21,270,46,89,98,112,86,10166,88,92,93,93,91
20150308 19:29,275,30,271,22,279,34,89,98,112,86,10166,88,92,93,93,91
20150308 19:30,269,25,270,23,259,30,89,98,112,86,10166,88,92,93,92,91
20150308 19:31,264,20,270,23,269,28,89,98,112,86,10165,88,92,93,92,91
20150308 19:32,262,17,268,23,256,21,89,98,112,86,10165,88,92,93,93,91
20150308 19:33,259,17,268,22,263,21,89,98,112,86,10165,88,92,93,92,91
20150308 19:34,266,17,269,22,269,26,89,98,112,86,10165,88,92,93,92,91
20150308 19:35,266,17,267,21,263,25,89,98,112,86,10165,88,92,93,92,91
20150308 19:36,265,17,267,20,268,23,89,98,112,86,10166,88,92,93,92,91
20150308 19:37,261,16,265,20,255,23,89,98,112,86,10166,88,92,93,92,91
20150308 19:38,259,15,264,18,264,21,89,98,112,86,10166,88,92,93,92,91
20150308 19:39,262,16,263,17,260,23,89,98,112,86,10166,88,92,92,92,91
20150308 19:40,260,16,263,16,260,20,89,98,112,86,10166,88,92,92,92,91
20150308 19:41,266,14,263,16,272,18,89,98,112,86,10166,88,92,92,92,91
20150308 19:42,269,14,264,16,265,22,89,98,112,86,10166,88,92,92,92,91
20150308 19:43,267,14,265,15,270,32,89,98,112,86,10166,88,92,92,92,91
20150308 19:44,266,19,264,16,262,34,89,98,112,86,10166,88,92,92,92,91
20150308 19:45,265,21,264,16,267,29,89,98,112,86,10166,88,92,92,92,91
20150308 19:46,270,22,265,17,273,36,89,98,112,86,10166,88,92,92,92,91
20150308 19:47,269,21,266,17,266,30,89,98,112,86,10166,88,92,92,92,91
20150308 19:48,265,20,266,18,264,33,89,98,112,86,10167,88,92,92,92,91
20150308 19:49,264,22,266,19,263,33,89,98,112,86,10167,88,92,92,92,91
20150308 19:50,264,19,267,19,264,23,89,98,112,86,10167,88,92,92,92,91
20150308 19:51,264,16,266,19,264,24,89,98,112,86,10167,88,92,92,92,91
20150308 19:52,263,19,265,20,262,31,89,98,112,86,10167,88,91,92,92,91
20150308 19:53,265,19,265,20,268,25,89,98,112,86,10167,88,92,92,92,91
20150308 19:54,265,19,265,20,261,36,89,98,112,86,10167,88,91,92,92,91
20150308 19:55,261,24,265,20,261,33,89,98,112,86,10167,88,91,92,92,91
20150308 19:56,261,24,263,20,262,30,89,98,112,86,10167,88,91,92,92,91
20150308 19:57,265,20,264,20,268,27,89,98,112,86,10167,88,91,92,92,91
20150308 19:58,264,16,263,19,260,23,89,98,112,86,10167,88,91,92,92,91
20150308 19:59,268,17,264,19,275,25,89,98,112,86,10167,88,91,92,92,91
20150308 20:00,277,18,266,19,279,19,89,98,112,86,10166,88,91,92,92,91
