time_now,wd_avg_2mins,ws_avg_2mins,wd_avg_10mins,ws_avg_10mins,wd_maxsp_this_min,ws_maxsp_this_min,air_temp_by_box,relative_humidity,water_vapor_pressure,dew_temp,station_pressure,ground_temp_pt,ground_tem_5cm,ground_tem_10cm,ground_tem_15cm,ground_tem_20cm
20160122 20:01,23,33,26,31,22,68,30,93,70,20,10286,32,43,52,57,60
20160122 20:02,19,45,25,32,15,61,30,93,70,20,10288,31,43,52,57,60
20160122 20:03,12,39,23,31,10,53,30,93,70,20,10288,31,42,52,57,60
20160122 20:04,13,31,21,30,16,32,30,92,70,18,10287,31,42,51,57,60
20160122 20:05,23,22,21,29,30,39,30,92,70,18,10287,31,42,51,57,60
20160122 20:06,25,22,21,28,21,33,30,92,70,18,10287,31,42,51,57,60
20160122 20:07,22,25,22,28,24,33,29,92,69,17,10288,31,42,51,57,60
20160122 20:08,29,24,22,28,34,34,30,92,70,18,10288,31,42,51,57,60
20160122 20:09,33,29,23,30,32,54,29,92,69,17,10287,31,42,51,57,60
20160122 20:10,34,33,24,31,37,43,29,92,69,17,10287,31,42,51,57,60
20160122 20:11,30,25,24,28,23,36,29,92,69,17,10287,31,42,51,57,60
20160122 20:12,23,21,25,26,23,33,29,92,69,17,10287,31,42,51,57,60
20160122 20:13,21,28,26,26,19,46,29,92,69,17,10287,31,42,51,57,60
20160122 20:14,25,32,27,26,30,45,29,92,69,17,10287,31,42,51,57,60
20160122 20:15,34,28,28,27,38,34,29,92,69,17,10286,31,42,51,57,60
20160122 20:16,39,24,30,27,39,40,29,92,69,17,10286,31,42,51,57,60
20160122 20:17,30,23,30,27,21,31,29,92,69,17,10285,31,42,51,57,60
20160122 20:18,15,22,27,26,9,26,29,92,69,17,10285,31,42,51,57,60
20160122 20:19,13,22,25,25,16,35,29,93,70,19,10286,31,42,51,57,60
20160122 20:20,24,28,25,25,32,47,29,93,70,19,10286,31,42,51,57,60
20160122 20:21,33,27,26,26,35,30,29,93,70,19,10286,31,42,51,57,60
20160122 20:22,41,22,29,26,46,37,29,93,70,19,10286,31,42,51,57,60
20160122 20:23,36,20,29,24,26,29,29,93,70,19,10286,31,42,51,57,60
20160122 20:24,33,24,30,24,40,45,29,93,70,19,10286,31,42,51,57,60
20160122 20:25,44,29,31,24,49,36,29,93,70,19,10286,31,42,51,57,60
20160122 20:26,48,29,32,25,47,45,29,93,70,19,10284,31,42,51,57,60
20160122 20:27,42,31,34,26,38,49,29,92,69,17,10284,31,42,51,57,60
20160122 20:28,39,34,37,28,41,49,29,92,69,17,10284,31,42,51,57,60
20160122 20:29,39,33,39,28,38,49,29,92,69,17,10284,30,42,51,57,60
20160122 20:30,44,29,41,28,49,41,29,92,69,17,10284,30,42,51,57,60
20160122 20:31,43,34,41,29,37,58,29,92,69,17,10284,30,42,51,57,60
20160122 20:32,38,42,41,32,40,59,29,92,69,17,10284,30,42,51,57,60
20160122 20:33,32,39,40,33,25,48,29,92,69,17,10284,30,42,51,57,60
20160122 20:34,28,40,40,35,31,60,29,92,69,17,10284,30,42,51,57,60
20160122 20:35,32,43,38,36,32,48,28,92,69,16,10284,30,41,51,57,60
20160122 20:36,31,36,36,36,29,53,28,92,69,16,10283,30,41,51,57,60
20160122 20:37,31,36,36,37,34,46,28,92,69,16,10281,30,41,51,57,60
20160122 20:38,36,33,35,36,38,44,28,92,69,16,10281,30,41,51,57,60
20160122 20:39,32,25,34,35,27,32,28,92,69,16,10282,30,41,51,57,60
20160122 20:40,28,17,32,34,30,20,28,92,69,16,10283,30,41,51,57,60
20160122 20:41,19,20,29,32,8,38,28,92,69,16,10284,30,41,51,57,60
20160122 20:42,19,24,28,30,29,29,28,92,69,16,10285,30,41,51,57,60
20160122 20:43,31,22,29,29,33,30,28,92,69,16,10285,30,41,51,57,60
20160122 20:44,30,30,29,28,27,61,28,93,69,18,10286,30,41,51,57,60
20160122 20:45,29,29,29,26,31,36,28,92,69,16,10287,30,41,51,57,60
20160122 20:46,27,22,28,25,22,30,28,92,69,16,10287,30,41,50,57,60
20160122 20:47,18,21,26,23,14,25,28,92,69,16,10288,30,41,51,57,60
20160122 20:48,8,16,22,22,3,20,28,92,69,16,10289,30,41,50,57,60
20160122 20:49,9,19,21,22,15,39,28,92,69,16,10290,30,41,50,57,60
20160122 20:50,24,27,21,24,32,43,28,93,69,18,10291,30,41,50,57,60
20160122 20:51,26,26,23,23,21,33,28,92,69,16,10292,30,41,50,57,60
20160122 20:52,21,20,22,23,22,27,28,92,69,16,10292,30,41,50,57,60
20160122 20:53,19,18,20,23,16,27,28,92,69,16,10292,30,41,50,57,60
20160122 20:54,24,17,21,20,31,20,28,92,69,16,10291,30,41,50,57,60
20160122 20:55,22,15,19,20,13,24,28,92,69,16,10291,30,41,50,57,60
20160122 20:56,26,15,20,19,38,23,28,92,69,16,10291,30,41,50,57,60
20160122 20:57,33,14,22,19,27,22,28,92,69,16,10291,30,41,50,56,60
20160122 20:58,30,18,25,19,32,31,28,92,69,16,10291,30,41,50,56,60
20160122 20:59,30,18,26,18,27,27,28,92,69,16,10291,30,41,50,56,60
20160122 21:00,23,18,25,17,19,30,28,92,69,16,10291,30,41,50,56,60
20160122 21:01,25,22,26,18,32,31,28,92,69,16,10291,30,41,50,56,60
20160122 21:02,24,17,25,17,15,17,28,92,69,16,10290,30,41,50,56,60
20160122 21:03,24,13,27,17,33,22,28,92,69,16,10289,30,41,50,56,60
20160122 21:04,31,17,26,17,28,25,28,92,69,16,10289,30,41,50,56,60
20160122 21:05,28,14,28,16,28,19,28,92,69,16,10290,30,41,50,56,60
20160122 21:06,27,12,27,16,26,29,28,92,69,16,10290,30,40,50,56,60
20160122 21:07,26,19,27,17,26,31,28,92,69,16,10290,30,40,50,56,60
20160122 21:08,28,20,26,17,29,31,28,92,69,16,10290,30,40,50,56,60
20160122 21:09,20,15,25,17,12,19,28,92,69,16,10290,30,40,50,56,60
20160122 21:10,15,15,25,17,17,20,28,93,69,18,10290,30,40,50,56,60
20160122 21:11,22,15,24,15,28,20,28,93,69,18,10290,30,40,50,56,60
20160122 21:12,31,15,26,16,35,23,28,93,69,18,10290,30,40,50,56,60
20160122 21:13,36,17,27,16,36,25,28,93,69,18,10290,30,40,50,56,60
20160122 21:14,30,16,26,16,24,23,28,93,69,18,10291,30,40,50,56,60
20160122 21:15,35,13,28,16,46,17,28,93,69,18,10292,30,40,50,56,60
20160122 21:16,32,13,27,16,19,21,28,93,69,18,10293,30,40,50,56,60
20160122 21:17,2,14,23,15,345,15,28,93,69,18,10293,30,40,50,56,60
20160122 21:18,345,10,19,14,346,13,28,93,69,18,10292,30,40,50,56,60
20160122 21:19,356,8,19,14,7,11,28,93,69,18,10291,30,40,50,56,60
20160122 21:20,19,7,20,12,32,9,28,93,69,18,10290,30,40,50,56,60
20160122 21:21,29,6,20,12,26,21,28,93,69,18,10290,30,40,50,56,60
20160122 21:22,22,10,18,11,17,18,28,93,69,18,10290,30,40,50,56,60
20160122 21:23,21,11,17,10,26,13,28,93,69,18,10291,30,40,50,56,60
20160122 21:24,20,10,16,10,14,12,28,93,69,18,10292,30,40,50,56,60
20160122 21:25,12,10,12,10,10,13,28,93,69,18,10292,30,40,50,56,60
20160122 21:26,8,9,11,9,6,11,28,93,69,18,10293,30,40,50,56,60
20160122 21:27,10,9,14,9,13,14,28,93,69,18,10293,30,40,50,56,60
20160122 21:28,10,10,16,9,8,13,28,93,69,18,10294,30,40,50,56,60
20160122 21:29,8,10,16,9,9,13,28,93,69,18,10294,30,40,50,56,60
20160122 21:30,15,10,15,10,21,11,28,92,69,16,10294,31,40,49,56,60
20160122 21:31,19,10,14,10,18,13,28,92,69,16,10294,31,40,50,56,60
20160122 21:32,13,10,13,10,9,13,28,92,69,16,10294,31,40,49,56,60
20160122 21:33,12,11,12,10,14,15,28,92,69,16,10294,31,40,49,56,60
20160122 21:34,11,10,11,10,7,11,28,92,69,16,10293,31,40,49,56,60
20160122 21:35,4,7,11,10,1,10,28,92,69,16,10293,31,40,49,56,60
20160122 21:36,4,6,11,9,8,6,28,92,69,16,10294,31,40,49,56,60
20160122 21:37,356,6,8,9,344,7,28,92,69,16,10294,31,40,49,56,60
20160122 21:38,353,7,7,9,3,10,28,92,69,16,10295,31,40,49,56,60
20160122 21:39,347,6,4,8,331,8,28,92,69,16,10295,31,40,49,56,60
20160122 21:40,343,7,1,8,354,13,28,92,69,16,10295,31,40,49,56,60
20160122 21:41,4,8,1,8,14,10,28,92,69,16,10295,31,40,49,56,60
20160122 21:42,8,9,0,8,2,15,28,92,69,16,10295,31,40,49,56,60
20160122 21:43,6,9,0,7,10,10,28,92,69,16,10295,31,40,49,56,60
20160122 21:44,3,9,358,7,357,12,28,92,69,16,10294,31,40,49,56,60
20160122 21:45,4,10,359,8,10,13,28,92,69,16,10294,31,40,49,56,60
20160122 21:46,15,10,1,8,20,10,28,92,69,16,10294,31,40,49,56,60
20160122 21:47,13,9,3,9,6,10,28,92,69,16,10294,31,40,49,56,60
20160122 21:48,359,8,2,9,353,9,28,92,69,16,10295,30,40,49,56,60
20160122 21:49,1,6,6,9,9,7,28,92,69,16,10295,30,40,49,56,60
20160122 21:50,356,6,4,8,343,11,28,92,69,16,10295,30,40,49,56,60
20160122 21:51,357,7,4,8,12,12,29,92,69,17,10294,31,40,49,56,60
20160122 21:52,1,8,3,8,351,9,29,92,69,17,10294,31,40,49,56,60
20160122 21:53,6,8,4,8,20,16,29,92,69,17,10293,30,40,49,56,60
20160122 21:54,14,12,5,9,8,19,29,92,69,17,10293,30,40,49,56,60
20160122 21:55,6,14,5,9,4,16,29,92,69,17,10293,30,40,49,56,60
20160122 21:56,8,12,4,9,12,13,29,92,69,17,10293,30,40,49,56,60
20160122 21:57,8,12,4,10,4,17,29,92,69,17,10293,30,40,49,56,60
20160122 21:58,3,12,5,10,2,15,29,92,69,17,10292,30,40,49,56,60
20160122 21:59,4,9,4,10,6,11,29,91,68,16,10293,30,40,49,56,60
20160122 22:00,7,9,7,11,8,13,29,91,68,16,10293,30,40,49,56,60
20160122 22:01,4,11,6,11,1,15,29,91,68,16,10293,30,40,49,56,60
20160122 22:02,5,10,7,11,8,12,29,91,68,16,10292,30,40,49,56,60
20160122 22:03,13,11,7,12,17,19,29,91,68,16,10292,30,40,49,56,60
20160122 22:04,16,12,8,11,14,16,29,91,68,16,10292,30,40,49,56,60
20160122 22:05,14,14,9,11,14,20,29,91,68,16,10292,30,40,49,56,60
20160122 22:06,15,14,9,11,15,18,29,91,68,16,10292,30,40,49,56,60
20160122 22:07,14,11,10,11,13,13,30,91,69,17,10292,30,40,49,56,60
20160122 22:08,10,10,10,11,6,14,29,91,68,16,10292,30,40,49,56,60
20160122 22:09,11,9,11,11,17,12,30,91,69,17,10292,30,40,49,56,60
20160122 22:10,15,11,12,11,13,19,30,91,69,17,10292,30,40,49,56,60
20160122 22:11,9,11,12,11,6,13,30,91,69,17,10292,30,40,49,56,60
20160122 22:12,6,10,12,11,5,15,30,91,69,17,10292,30,40,49,56,60
20160122 22:13,3,11,10,11,1,14,30,91,69,17,10292,30,40,49,56,60
20160122 22:14,5,12,10,11,10,21,30,91,69,17,10292,30,40,49,55,60
20160122 22:15,12,14,10,11,15,20,30,91,69,17,10293,30,40,49,55,60
20160122 22:16,7,13,9,11,0,13,30,90,68,15,10293,30,39,49,55,60
20160122 22:17,7,8,9,11,15,10,30,90,68,15,10294,30,39,49,55,60
20160122 22:18,3,7,7,10,352,13,30,90,68,15,10294,30,39,49,55,60
20160122 22:19,352,10,5,11,353,16,30,90,68,15,10294,30,39,49,55,60
20160122 22:20,5,11,6,10,19,16,30,90,68,15,10294,30,39,49,55,60
20160122 22:21,19,8,7,10,19,8,30,90,68,15,10292,30,39,49,55,60
20160122 22:22,20,7,9,10,21,12,30,90,68,15,10292,30,39,49,55,60
20160122 22:23,23,10,11,10,25,17,30,90,68,15,10291,30,39,49,55,60
20160122 22:24,15,15,10,11,4,23,30,90,68,15,10291,29,39,49,55,60
20160122 22:25,10,16,10,10,16,16,30,89,67,14,10291,29,39,49,55,60
20160122 22:26,7,12,10,10,359,12,30,89,67,14,10291,29,39,49,55,60
20160122 22:27,356,11,8,11,353,24,30,89,67,14,10291,29,39,49,55,60
20160122 22:28,359,12,9,11,4,16,30,89,67,14,10291,29,39,48,55,60
20160122 22:29,15,11,13,11,25,14,30,89,67,14,10291,29,39,49,55,60
20160122 22:30,23,11,13,11,21,18,30,89,67,14,10290,29,39,49,55,60
20160122 22:31,23,17,13,13,26,30,30,89,67,14,10290,28,39,48,55,60
20160122 22:32,25,21,14,14,24,26,30,89,67,14,10290,28,39,48,55,60
20160122 22:33,23,20,13,15,22,28,30,88,67,12,10289,28,39,49,55,60
20160122 22:34,23,16,15,15,24,19,31,88,67,13,10289,28,39,48,55,60
20160122 22:35,19,14,15,15,15,17,31,88,67,13,10288,28,39,48,55,60
20160122 22:36,17,17,17,16,20,27,31,88,67,13,10288,28,39,48,55,60
20160122 22:37,19,22,20,17,17,29,31,88,67,13,10289,27,39,48,55,60
20160122 22:38,21,23,22,18,25,28,31,88,67,13,10289,27,39,48,55,60
20160122 22:39,21,20,21,19,17,28,31,87,66,11,10289,27,39,48,55,60
20160122 22:40,20,18,21,19,24,21,31,87,66,11,10289,27,39,48,55,60
20160122 22:41,17,17,20,18,10,22,31,87,66,11,10290,27,39,48,55,60
20160122 22:42,15,17,19,18,20,23,31,87,66,11,10290,27,39,48,55,60
20160122 22:43,20,20,19,18,20,32,31,87,66,11,10291,27,39,48,55,60
20160122 22:44,14,22,18,19,8,31,31,86,66,10,10291,27,39,48,55,60
20160122 22:45,357,18,15,19,346,25,31,86,66,10,10292,27,39,48,55,59
20160122 22:46,351,17,12,19,357,26,32,86,66,11,10293,26,39,48,55,60
20160122 22:47,353,19,10,19,350,29,32,86,66,11,10294,26,39,48,55,60
20160122 22:48,2,20,9,19,14,36,32,86,66,11,10294,26,39,48,55,59
20160122 22:49,9,17,7,18,4,16,32,86,66,11,10295,26,39,48,55,59
20160122 22:50,2,12,5,17,0,14,32,86,66,11,10295,26,39,48,55,59
20160122 22:51,6,12,5,17,11,15,32,86,66,11,10294,26,39,48,55,59
20160122 22:52,7,12,3,17,3,21,32,86,66,11,10295,26,38,48,55,59
20160122 22:53,4,14,2,16,6,22,32,86,66,11,10294,26,38,48,55,59
20160122 22:54,11,14,3,15,16,16,32,86,66,11,10294,26,38,48,55,59
20160122 22:55,14,13,5,15,12,16,32,86,66,11,10294,26,38,48,55,59
20160122 22:56,15,17,7,15,17,25,32,86,66,11,10293,26,38,48,55,59
20160122 22:57,14,16,9,14,11,20,32,86,66,11,10292,26,38,48,55,59
20160122 22:58,16,12,10,14,22,22,32,85,65,9,10292,26,38,48,55,59
20160122 22:59,19,14,12,14,17,21,32,85,65,9,10292,26,38,48,55,59
20160122 23:00,14,17,13,15,11,24,32,85,65,9,10292,26,38,48,55,59
20160122 23:01,10,16,12,15,9,19,32,85,65,9,10292,26,38,48,55,59
20160122 23:02,7,14,13,15,6,16,32,85,65,9,10293,26,38,48,55,59
20160122 23:03,15,14,15,15,25,19,32,85,65,9,10293,26,38,48,55,59
20160122 23:04,12,17,13,15,0,24,32,85,65,9,10293,26,38,48,55,59
20160122 23:05,5,18,13,16,10,22,32,85,65,9,10292,26,38,48,55,59
20160122 23:06,13,21,13,16,16,30,32,85,65,9,10292,26,38,48,55,59
20160122 23:07,15,23,13,17,14,30,32,85,65,9,10291,26,38,48,55,59
20160122 23:08,19,20,13,18,24,21,32,84,65,8,10290,26,38,48,55,59
20160122 23:09,17,19,13,18,11,27,32,84,65,8,10289,26,38,48,55,59
20160122 23:10,17,22,14,19,24,31,32,84,65,8,10289,26,38,48,55,59
20160122 23:11,22,24,15,20,21,33,32,84,65,8,10289,26,38,48,55,59
20160122 23:12,25,22,17,20,29,26,32,84,65,8,10289,26,38,48,55,59
20160122 23:13,16,16,15,20,3,24,32,84,65,8,10289,26,38,48,55,59
20160122 23:14,15,16,18,20,26,29,32,84,65,8,10290,26,38,48,55,59
20160122 23:15,15,21,17,21,5,31,32,84,65,8,10291,26,38,48,55,59
20160122 23:16,7,21,17,20,9,28,33,84,65,9,10291,26,38,48,55,59
20160122 23:17,8,16,16,19,7,16,32,84,65,8,10291,26,38,48,55,59
20160122 23:18,4,15,14,19,1,28,32,84,65,8,10291,26,38,48,55,59
20160122 23:19,10,20,14,19,19,29,33,84,65,9,10292,26,37,48,55,59
20160122 23:20,15,23,13,19,11,33,33,84,65,9,10292,26,37,48,55,59
20160122 23:21,11,21,12,19,12,22,33,83,64,7,10293,26,37,48,55,59
20160122 23:22,359,15,8,18,345,18,33,84,65,9,10294,26,37,48,55,59
20160122 23:23,348,14,7,18,350,22,33,84,65,9,10294,26,37,48,55,59
20160122 23:24,350,15,3,18,350,19,33,84,65,9,10294,26,37,48,55,59
20160122 23:25,354,16,2,17,358,22,33,84,65,9,10294,26,37,48,55,59
20160122 23:26,3,18,2,17,9,22,33,84,65,9,10294,26,37,48,55,59
20160122 23:27,8,17,2,17,6,22,33,84,65,9,10294,26,37,48,55,59
20160122 23:28,8,16,3,17,9,24,33,84,65,9,10293,26,37,48,55,59
20160122 23:29,7,15,2,16,5,16,33,83,64,7,10292,26,37,48,55,59
20160122 23:30,17,12,3,15,28,15,33,83,64,7,10292,26,37,47,55,59
20160122 23:31,27,11,4,15,25,17,33,83,64,7,10291,26,37,48,55,59
20160122 23:32,27,11,9,14,29,17,33,84,65,9,10290,26,37,48,55,59
20160122 23:33,27,17,12,15,25,28,33,84,65,9,10289,26,37,47,55,59
20160122 23:34,27,24,16,16,28,34,33,83,64,7,10288,26,37,47,55,59
20160122 23:35,25,28,19,18,22,36,33,83,64,7,10288,26,37,47,55,59
20160122 23:36,23,29,20,18,24,34,33,83,64,7,10288,26,37,47,55,59
20160122 23:37,22,26,22,20,20,35,33,83,64,7,10288,26,37,47,55,59
20160122 23:38,18,24,22,20,17,32,33,83,64,7,10289,26,37,47,55,59
20160122 23:39,16,20,23,20,16,24,33,83,64,7,10289,26,37,47,55,59
20160122 23:40,18,17,23,21,20,22,33,83,64,7,10288,26,37,47,55,59
20160122 23:41,22,16,23,21,24,19,33,83,64,7,10287,26,37,47,55,59
20160122 23:42,23,17,22,22,21,28,33,83,64,7,10287,26,37,47,55,59
20160122 23:43,23,21,22,22,26,29,33,83,64,7,10287,26,37,47,54,59
20160122 23:44,23,22,21,22,20,25,33,83,64,7,10288,26,37,47,54,59
20160122 23:45,22,20,21,21,23,24,33,83,64,7,10288,26,37,47,54,59
20160122 23:46,20,18,20,20,17,21,33,83,64,7,10289,26,37,47,54,59
20160122 23:47,17,18,20,19,17,27,33,83,64,7,10289,26,37,47,54,59
20160122 23:48,17,17,20,18,17,28,33,83,64,7,10290,26,37,47,54,59
20160122 23:49,12,13,19,18,6,16,33,83,64,7,10290,25,37,47,54,59
20160122 23:50,10,13,18,17,13,25,33,83,64,7,10290,25,37,47,54,59
20160122 23:51,9,17,16,18,4,31,33,83,64,7,10291,25,37,47,54,59
20160122 23:52,8,17,16,17,12,24,33,83,64,7,10291,25,37,47,54,59
20160122 23:53,15,13,15,16,17,18,33,83,64,7,10291,25,37,47,54,59
20160122 23:54,18,14,15,16,19,23,33,83,64,7,10292,25,37,47,54,59
20160122 23:55,13,17,13,16,6,22,33,83,64,7,10292,25,37,47,54,59
20160122 23:56,9,16,12,15,11,18,33,83,64,7,10291,25,37,47,54,59
20160122 23:57,10,16,11,15,9,32,33,83,64,7,10291,25,37,47,54,59
20160122 23:58,14,22,12,16,19,34,33,83,64,7,10291,25,37,47,54,59
20160122 23:59,22,22,13,17,24,26,33,82,63,5,10291,25,36,47,54,59
20160122 00:00,23,17,14,17,21,22,33,82,63,5,10291,25,36,47,54,59
20160122 00:01,16,14,15,16,11,19,33,82,63,5,10292,25,36,47,54,59
20160122 00:02,7,17,14,17,3,34,33,82,63,5,10292,25,36,47,54,59
20160122 00:03,6,21,13,18,9,28,33,82,63,5,10292,25,36,47,54,59
20160122 00:04,8,20,12,18,7,23,33,82,63,5,10292,25,36,47,54,59
20160122 00:05,11,18,13,18,15,22,34,82,64,6,10292,25,36,47,54,59
20160122 00:06,20,15,14,18,25,17,33,82,63,5,10292,25,36,47,54,59
20160122 00:07,22,17,15,18,19,39,33,82,63,5,10292,25,36,47,54,59
20160122 00:08,16,22,15,18,14,32,33,82,63,5,10292,25,36,47,54,59
20160122 00:09,11,17,13,17,9,17,33,82,63,5,10292,25,36,47,54,59
20160122 00:10,8,15,12,18,8,28,33,82,63,5,10292,25,36,47,54,59
20160122 00:11,8,19,12,18,8,26,34,82,64,6,10292,25,36,47,54,59
20160122 00:12,7,16,12,18,5,18,34,81,63,5,10293,25,36,47,54,59
20160122 00:13,6,15,12,17,6,22,34,81,63,5,10293,25,36,47,54,59
20160122 00:14,6,17,11,17,6,23,34,82,64,6,10293,25,36,47,54,59
20160122 00:15,8,19,11,17,9,30,34,82,64,6,10292,25,36,47,54,59
20160122 00:16,12,20,10,18,15,25,34,81,63,5,10291,25,36,47,54,59
20160122 00:17,21,21,11,18,28,29,34,81,63,5,10290,25,36,47,54,59
20160122 00:18,24,25,11,19,20,33,34,81,63,5,10289,25,36,47,54,59
20160122 00:19,20,26,12,20,19,36,34,81,63,5,10289,25,36,47,54,59
20160122 00:20,17,24,13,20,15,33,34,81,63,5,10289,25,36,47,54,59
20160122 00:21,16,22,14,21,18,31,34,81,63,5,10290,24,36,47,54,59
20160122 00:22,16,22,15,22,14,37,34,81,63,5,10290,24,36,47,54,59
20160122 00:23,18,26,17,23,22,33,34,81,63,5,10290,24,36,47,54,59
20160122 00:24,19,26,17,23,15,31,34,81,63,5,10290,24,36,46,54,59
20160122 00:25,17,20,18,23,19,22,34,81,63,5,10291,24,36,47,54,59
20160122 00:26,20,18,19,23,21,24,34,81,63,5,10290,24,36,47,54,59
20160122 00:27,18,18,18,23,15,23,34,81,63,5,10290,24,36,47,54,59
20160122 00:28,20,21,18,22,25,35,34,81,63,5,10290,24,36,46,54,59
20160122 00:29,22,26,18,22,20,33,34,81,63,5,10290,24,36,46,54,59
20160122 00:30,17,26,18,23,14,39,34,81,63,5,10289,24,36,46,54,59
20160122 00:31,17,25,18,23,19,33,34,81,63,5,10288,24,36,46,54,59
20160122 00:32,22,26,19,24,24,33,34,81,63,5,10288,24,36,46,54,59
20160122 00:33,23,29,19,24,21,37,34,81,63,5,10287,24,36,46,54,59
20160122 00:34,20,30,20,24,18,38,34,81,63,5,10287,24,36,46,54,59
20160122 00:35,18,28,19,25,17,34,34,81,63,5,10286,24,36,46,54,59
20160122 00:36,22,31,20,27,26,42,34,81,63,5,10286,24,36,46,54,59
20160122 00:37,24,31,21,28,22,32,34,81,63,5,10286,24,36,46,54,59
20160122 00:38,20,25,20,28,19,33,34,81,63,5,10286,24,36,46,54,59
20160122 00:39,19,26,20,28,19,39,34,81,63,5,10286,24,36,46,54,59
20160122 00:40,18,29,20,28,17,34,34,81,63,5,10286,24,35,46,54,59
20160122 00:41,15,28,20,28,13,33,34,81,63,5,10286,24,35,46,54,59
20160122 00:42,14,25,19,28,15,29,34,81,63,5,10285,24,35,46,54,59
20160122 00:43,19,24,19,27,24,31,34,81,63,5,10285,24,35,46,54,59
20160122 00:44,25,25,20,27,27,32,34,81,63,5,10284,24,35,46,54,59
20160122 00:45,25,30,20,28,22,51,34,81,63,5,10283,24,35,46,54,59
20160122 00:46,23,38,20,28,23,56,34,81,63,5,10284,24,35,46,54,59
20160122 00:47,25,32,21,28,28,34,35,80,63,4,10284,24,35,46,54,59
20160122 00:48,24,26,21,29,21,34,34,81,63,5,10285,24,35,46,54,59
20160122 00:49,16,27,20,28,12,31,34,81,63,5,10286,24,35,46,54,59
20160122 00:50,16,28,20,28,19,39,34,81,63,5,10286,24,35,46,54,59
20160122 00:51,21,30,21,29,23,45,34,81,63,5,10286,24,35,46,54,59
20160122 00:52,20,24,22,28,16,30,35,81,64,6,10286,24,35,46,54,59
20160122 00:53,18,27,21,29,20,42,35,80,63,4,10285,24,35,46,54,59
20160122 00:54,22,32,21,30,24,34,35,80,63,4,10285,23,35,46,54,59
20160122 00:55,22,29,21,29,19,38,35,80,63,4,10285,23,35,46,54,59
20160122 00:56,17,31,20,28,15,45,35,80,63,4,10285,23,35,46,54,59
20160122 00:57,17,31,19,29,19,42,35,80,63,4,10286,24,35,46,54,59
20160122 00:58,18,28,18,29,16,40,35,80,63,4,10286,23,35,46,54,59
20160122 00:59,20,32,19,30,23,47,35,80,63,4,10286,24,35,46,54,59
20160122 01:00,20,32,19,29,16,37,35,80,63,4,10286,24,35,46,54,59
20160122 01:01,18,27,19,29,21,34,35,80,63,4,10285,24,35,46,54,59
20160122 01:02,24,32,20,31,27,45,35,80,63,4,10286,24,35,46,54,59
20160122 01:03,25,33,20,30,23,43,35,80,63,4,10286,24,35,46,54,59
20160122 01:04,22,33,20,31,21,47,35,80,63,4,10287,24,35,46,54,59
20160122 01:05,24,29,21,30,27,34,35,79,62,2,10287,24,35,46,54,59
20160122 01:06,21,26,21,30,14,53,35,80,63,4,10287,24,35,46,53,59
20160122 01:07,15,31,20,31,16,47,35,79,62,2,10287,24,35,46,53,59
20160122 01:08,21,27,21,30,25,31,35,79,62,2,10287,24,35,46,53,59
20160122 01:09,29,21,22,28,33,28,35,79,62,2,10287,24,35,46,53,59
20160122 01:10,24,21,22,28,15,28,35,79,62,2,10288,24,35,46,53,59
20160122 01:11,12,21,21,27,9,38,35,79,62,2,10288,24,35,46,53,58
20160122 01:12,15,23,20,26,20,37,35,79,62,2,10289,24,35,46,53,58
20160122 01:13,16,24,19,25,13,29,36,79,62,3,10289,24,35,46,53,58
20160122 01:14,15,25,19,25,17,43,36,79,62,3,10289,24,35,46,53,59
20160122 01:15,23,29,19,25,28,38,36,79,62,3,10288,24,35,46,53,58
20160122 01:16,29,29,21,25,30,40,36,79,62,3,10288,24,35,46,53,58
20160122 01:17,25,27,21,25,21,29,36,79,62,3,10288,24,35,46,53,58
20160122 01:18,18,28,20,25,16,40,36,79,62,3,10288,24,35,46,53,58
20160122 01:19,16,31,19,26,17,38,36,79,62,3,10288,24,34,46,53,58
20160122 01:20,20,33,19,28,23,47,36,79,62,3,10288,24,34,46,53,58
20160122 01:21,23,30,21,28,22,37,36,78,62,1,10288,24,34,46,53,58
20160122 01:22,24,26,21,28,25,38,36,78,62,1,10288,24,35,46,53,58
20160122 01:23,20,29,21,29,16,44,36,78,62,1,10288,24,34,45,53,58
20160122 01:24,18,30,22,29,20,42,36,78,62,1,10288,24,34,46,53,58
20160122 01:25,21,29,21,29,22,40,36,78,62,1,10287,24,34,45,53,58
20160122 01:26,17,30,20,29,13,51,36,78,62,1,10287,24,34,45,53,58
20160122 01:27,14,27,19,29,16,39,36,77,61,0,10287,24,34,45,53,58
20160122 01:28,20,24,20,28,24,36,36,77,61,0,10287,24,34,45,53,58
20160122 01:29,20,26,20,28,15,38,36,78,62,1,10288,24,34,45,53,58
20160122 01:30,15,29,19,28,15,37,36,78,62,1,10288,24,34,45,53,58
20160122 01:31,22,29,19,28,29,37,36,77,61,0,10288,24,34,45,53,58
20160122 01:32,25,24,19,27,21,47,36,77,61,0,10288,24,34,45,53,58
20160122 01:33,22,28,20,28,22,41,36,78,62,1,10288,24,34,45,53,58
20160122 01:34,21,28,20,27,19,35,36,77,61,0,10288,24,34,45,53,58
20160122 01:35,22,24,20,27,26,39,36,77,61,0,10288,24,34,45,53,58
20160122 01:36,28,26,22,26,31,33,36,77,61,0,10289,24,34,45,53,58
20160122 01:37,30,29,23,27,29,43,36,77,61,0,10289,24,34,45,53,58
20160122 01:38,21,28,22,27,12,33,36,77,61,0,10289,24,34,45,53,58
20160122 01:39,16,24,22,27,20,30,36,77,61,0,10289,24,34,45,53,58
20160122 01:40,16,21,22,26,12,28,36,77,61,0,10289,24,34,45,53,58
20160122 01:41,13,24,21,26,14,40,36,77,61,0,10288,24,34,45,53,58
20160122 01:42,23,24,22,26,32,28,37,76,60,-1,10288,24,34,45,53,58
20160122 01:43,29,22,22,25,26,35,36,76,60,-2,10288,24,34,45,53,58
20160122 01:44,23,27,22,25,19,38,36,77,61,0,10288,24,34,45,53,58
20160122 01:45,28,27,23,25,36,34,36,77,61,0,10287,24,34,45,53,58
20160122 01:46,34,22,23,24,31,30,36,77,61,0,10286,24,34,45,53,58
20160122 01:47,33,28,24,25,35,49,36,77,61,0,10286,24,34,45,53,58
20160122 01:48,29,35,25,26,23,50,37,76,60,-1,10287,24,34,45,53,58
20160122 01:49,25,32,25,27,26,34,37,76,60,-1,10289,24,34,45,53,58
20160122 01:50,29,35,27,29,32,54,37,76,60,-1,10289,24,34,45,53,58
20160122 01:51,29,35,29,29,26,44,37,76,60,-1,10288,24,34,45,53,58
20160122 01:52,29,33,29,30,33,49,37,76,60,-1,10288,24,34,45,53,58
20160122 01:53,33,31,29,31,33,44,37,76,60,-1,10288,24,34,45,53,58
20160122 01:54,30,27,30,30,26,36,37,76,60,-1,10288,24,34,45,53,58
20160122 01:55,27,28,29,31,28,50,37,76,60,-1,10288,24,34,45,53,58
20160122 01:56,30,35,29,33,31,52,37,76,60,-1,10288,24,34,45,53,58
20160122 01:57,27,35,28,33,24,43,37,76,60,-1,10287,24,34,45,53,58
20160122 01:58,29,30,29,32,33,41,37,76,60,-1,10287,24,34,45,53,58
20160122 01:59,34,31,30,32,34,44,37,76,60,-1,10287,24,34,45,53,58
20160122 02:00,31,33,30,32,27,44,37,76,60,-1,10287,24,34,45,53,58
20160122 02:01,32,29,31,31,37,43,37,76,60,-1,10286,24,34,45,53,58
20160122 02:02,30,33,30,32,23,58,37,76,60,-1,10286,24,34,45,53,58
20160122 02:03,29,30,30,31,35,40,37,76,60,-1,10285,24,34,45,53,58
20160122 02:04,31,28,30,32,26,48,37,76,60,-1,10286,24,34,45,53,58
20160122 02:05,30,36,30,33,33,45,37,76,60,-1,10286,24,34,45,53,58
20160122 02:06,32,33,30,32,30,43,37,76,60,-1,10285,24,34,45,53,58
20160122 02:07,29,28,31,31,27,48,37,76,60,-1,10285,24,34,45,53,58
20160122 02:08,29,30,30,32,30,44,37,76,60,-1,10285,24,34,45,53,58
20160122 02:09,31,37,30,32,31,53,37,76,60,-1,10285,24,34,45,53,58
20160122 02:10,30,34,30,32,28,40,37,76,60,-1,10285,24,34,45,53,58
20160122 02:11,28,27,29,32,28,43,37,76,60,-1,10285,24,34,45,53,58
20160122 02:12,34,25,31,30,41,33,37,76,60,-1,10285,24,34,45,53,58
20160122 02:13,33,23,30,30,26,45,37,77,61,0,10286,24,34,45,53,58
20160122 02:14,28,26,30,30,31,35,37,77,61,0,10286,24,34,45,53,58
20160122 02:15,32,25,31,28,34,42,37,76,60,-1,10286,24,34,45,53,58
20160122 02:16,33,29,31,29,33,46,37,77,61,0,10285,24,34,45,53,58
20160122 02:17,31,32,31,29,29,40,37,77,61,0,10284,24,34,45,53,58
20160122 02:18,31,26,31,28,33,33,37,77,61,0,10284,24,34,45,53,58
20160122 02:19,28,27,31,27,23,49,37,76,60,-1,10285,24,34,45,53,58
20160122 02:20,29,32,31,28,34,50,37,76,60,-1,10285,24,34,45,53,58
20160122 02:21,32,28,31,27,31,34,37,76,60,-1,10285,24,34,45,53,58
20160122 02:22,28,25,30,28,26,38,37,76,60,-1,10285,23,34,45,53,58
20160122 02:23,28,25,31,27,31,35,37,76,60,-1,10284,24,34,45,53,58
20160122 02:24,32,27,31,28,33,38,37,77,61,0,10283,23,34,45,53,58
20160122 02:25,38,29,32,28,43,42,37,76,60,-1,10283,24,34,45,53,58
20160122 02:26,36,25,31,27,28,32,37,76,60,-1,10283,23,34,45,53,58
20160122 02:27,31,24,31,27,33,38,37,76,60,-1,10284,23,34,44,53,58
20160122 02:28,32,29,31,28,30,41,37,76,60,-1,10285,23,34,44,53,58
20160122 02:29,28,33,32,28,27,46,37,76,60,-1,10285,23,34,44,53,58
20160122 02:30,28,29,31,27,30,34,37,76,60,-1,10286,23,34,44,53,58
20160122 02:31,30,27,31,28,30,45,37,76,60,-1,10285,23,34,44,53,58
20160122 02:32,30,27,31,28,29,34,37,76,60,-1,10285,23,34,44,53,58
20160122 02:33,31,30,32,29,34,52,37,76,60,-1,10284,23,34,44,52,58
20160122 02:34,35,34,32,29,36,44,37,76,60,-1,10284,23,34,44,52,58
20160122 02:35,33,30,31,29,29,39,37,76,60,-1,10284,23,34,44,52,58
20160122 02:36,31,34,31,31,33,51,37,76,60,-1,10284,23,33,44,52,58
20160122 02:37,35,39,32,32,38,57,37,75,60,-3,10284,23,34,44,52,58
20160122 02:38,35,33,32,31,32,52,37,75,60,-3,10286,23,33,44,52,58
20160122 02:39,24,28,31,31,16,37,38,74,59,-4,10288,23,33,44,52,58
20160122 02:40,19,31,30,32,23,47,38,74,59,-4,10288,23,33,44,52,58
20160122 02:41,23,36,29,33,23,60,38,74,59,-4,10288,23,33,44,52,58
20160122 02:42,27,35,30,34,31,45,38,74,59,-4,10287,24,33,44,52,58
20160122 02:43,30,30,29,33,29,45,38,74,59,-4,10287,23,33,44,52,58
20160122 02:44,25,27,28,32,21,32,38,74,59,-4,10286,23,33,44,52,58
20160122 02:45,27,27,28,32,34,46,38,74,59,-4,10286,23,33,44,52,58
20160122 02:46,30,33,27,32,26,48,38,75,60,-2,10285,23,33,44,52,58
20160122 02:47,31,28,27,30,37,27,38,74,59,-4,10285,23,33,44,52,58
20160122 02:48,29,22,26,30,21,39,38,74,59,-4,10285,23,33,44,52,58
20160122 02:49,23,29,27,30,26,43,38,74,59,-4,10286,23,33,44,52,58
20160122 02:50,28,30,28,29,31,41,38,74,59,-4,10287,23,33,44,52,58
20160122 02:51,27,26,28,28,23,44,38,74,59,-4,10287,23,33,44,52,58
20160122 02:52,22,26,27,28,21,31,38,74,59,-4,10288,24,33,44,52,58
20160122 02:53,26,27,27,27,31,35,38,74,59,-4,10287,24,33,44,52,58
20160122 02:54,31,27,28,27,31,39,38,74,59,-4,10286,24,33,44,52,58
20160122 02:55,32,30,28,28,34,47,38,74,59,-4,10285,24,33,44,52,58
20160122 02:56,32,26,29,26,30,24,38,74,59,-4,10285,24,33,44,52,58
20160122 02:57,33,22,28,27,35,38,38,74,59,-4,10285,23,33,44,52,58
20160122 02:58,30,27,29,27,25,40,38,74,59,-4,10286,23,33,44,52,58
20160122 02:59,27,25,29,26,30,35,38,74,59,-4,10286,23,33,44,52,58
20160122 03:00,32,20,29,25,34,43,38,74,59,-4,10286,23,33,44,52,58
20160122 03:01,28,24,29,25,22,40,38,74,59,-4,10286,23,33,44,52,58
20160122 03:02,25,28,30,25,28,41,38,74,59,-4,10286,23,33,44,52,58
20160122 03:03,31,30,30,26,34,42,38,74,59,-4,10286,23,33,44,52,58
20160122 03:04,29,35,30,27,24,45,38,74,59,-4,10287,23,33,44,52,58
20160122 03:05,26,31,29,26,27,42,38,74,59,-4,10287,24,33,44,52,58
20160122 03:06,28,27,29,27,29,33,38,74,59,-4,10287,23,33,44,52,58
20160122 03:07,26,21,28,26,24,24,38,74,59,-4,10287,23,33,44,52,58
20160122 03:08,23,17,27,25,22,22,38,74,59,-4,10287,23,33,44,52,58
20160122 03:09,20,18,26,25,18,25,38,75,60,-2,10287,23,33,44,52,58
20160122 03:10,23,24,26,26,28,55,38,74,59,-4,10287,24,33,44,52,58
20160122 03:11,30,29,27,26,33,41,38,74,59,-4,10286,24,33,44,52,58
20160122 03:12,30,29,27,26,28,37,38,74,59,-4,10286,24,33,44,52,58
20160122 03:13,23,28,25,26,19,50,38,74,59,-4,10287,24,33,44,52,58
20160122 03:14,20,30,25,25,22,46,38,73,59,-6,10288,24,33,44,52,58
20160122 03:15,21,29,24,25,21,35,38,73,59,-6,10288,24,33,44,52,58
20160122 03:16,27,29,25,26,32,39,38,74,59,-4,10287,24,33,44,52,58
20160122 03:17,27,30,24,27,22,42,38,73,59,-6,10286,24,33,44,52,58
20160122 03:18,29,29,26,28,35,39,38,73,59,-6,10285,24,33,44,52,58
20160122 03:19,36,27,28,29,36,39,38,73,59,-6,10285,24,33,44,52,58
20160122 03:20,35,27,28,29,34,38,38,73,59,-6,10285,24,33,44,52,58
20160122 03:21,29,27,27,28,24,46,38,73,59,-6,10286,24,33,44,52,58
20160122 03:22,24,25,27,28,23,33,38,73,59,-6,10286,24,33,44,52,57
20160122 03:23,24,28,27,28,26,46,38,73,59,-6,10286,24,33,44,52,57
20160122 03:24,25,29,28,28,25,33,38,73,59,-6,10286,24,33,44,52,57
20160122 03:25,26,30,28,28,27,46,38,73,59,-6,10286,24,33,44,52,57
20160122 03:26,27,33,28,29,27,41,38,73,59,-6,10286,24,33,44,52,57
20160122 03:27,26,31,28,28,25,44,38,73,59,-6,10286,24,33,44,52,57
20160122 03:28,29,28,28,28,34,42,38,73,59,-6,10286,24,33,44,52,57
20160122 03:29,33,25,28,28,32,44,38,73,59,-6,10286,24,33,44,52,57
20160122 03:30,28,35,27,30,25,59,38,73,59,-6,10285,24,33,44,52,57
20160122 03:31,24,43,27,31,23,54,39,73,59,-5,10285,24,33,44,52,57
20160122 03:32,30,34,28,32,37,43,39,73,59,-5,10284,24,33,44,52,57
20160122 03:33,33,30,28,32,28,41,39,73,59,-5,10284,24,33,44,52,57
20160122 03:34,31,29,29,32,33,36,38,73,59,-6,10284,24,33,44,52,57
20160122 03:35,29,30,29,32,26,49,38,73,59,-6,10284,24,33,44,52,57
20160122 03:36,27,33,29,32,28,40,39,73,59,-5,10284,24,33,44,52,57
20160122 03:37,28,39,29,34,29,58,39,73,59,-5,10284,24,33,44,52,57
20160122 03:38,30,44,29,35,30,61,39,72,58,-7,10284,24,33,44,52,57
20160122 03:39,28,35,28,36,26,43,39,72,58,-7,10284,24,33,44,52,57
20160122 03:40,34,31,30,34,42,51,39,72,58,-7,10284,24,33,44,52,57
20160122 03:41,30,29,30,33,19,36,39,72,58,-7,10284,24,33,44,52,57
20160122 03:42,27,30,29,33,34,41,39,73,59,-5,10284,24,33,44,52,57
20160122 03:43,29,27,29,32,24,35,39,73,59,-5,10284,24,33,44,52,57
20160122 03:44,24,21,28,32,23,25,39,73,59,-5,10284,24,33,44,52,57
20160122 03:45,23,22,28,31,23,35,38,73,59,-6,10284,24,33,44,52,57
20160122 03:46,29,29,28,31,34,43,38,73,59,-6,10284,24,33,44,52,57
20160122 03:47,33,26,29,28,33,27,38,73,59,-6,10285,24,33,44,52,57
20160122 03:48,34,18,29,26,35,26,38,73,59,-6,10285,24,33,43,52,57
20160122 03:49,34,20,30,25,34,35,38,73,59,-6,10285,24,33,43,52,57
20160122 03:50,32,24,29,24,31,37,38,73,59,-6,10285,24,33,43,52,57
20160122 03:51,28,24,30,24,26,29,38,73,59,-6,10285,24,33,43,52,57
20160122 03:52,26,24,29,23,27,29,38,73,59,-6,10284,24,33,43,52,57
20160122 03:53,30,26,30,24,32,42,38,73,59,-6,10284,24,33,43,52,57
20160122 03:54,33,31,31,25,33,45,38,73,59,-6,10284,24,33,43,52,57
20160122 03:55,31,27,31,25,28,30,38,73,59,-6,10283,24,33,43,52,57
20160122 03:56,25,20,30,23,23,24,38,73,59,-6,10282,24,33,43,52,57
20160122 03:57,22,25,29,25,22,45,38,73,59,-6,10282,24,33,43,52,57
20160122 03:58,26,27,29,25,30,34,38,73,59,-6,10282,24,33,43,52,57
20160122 03:59,26,24,27,26,22,37,38,73,59,-6,10283,23,33,43,52,57
20160122 04:00,28,26,28,26,33,37,38,73,59,-6,10283,23,33,43,52,57
20160122 04:01,31,28,28,26,29,40,38,73,59,-6,10283,23,33,43,52,57
20160122 04:02,29,25,28,26,30,31,38,73,59,-6,10284,23,33,43,52,57
20160122 04:03,30,24,28,26,29,38,38,74,59,-4,10284,23,33,43,52,57
20160122 04:04,30,28,28,25,31,34,38,74,59,-4,10284,23,33,43,52,57
20160122 04:05,25,25,27,25,19,34,38,73,59,-6,10284,23,33,43,51,57
20160122 04:06,20,24,27,26,21,37,38,73,59,-6,10284,23,33,43,52,57
20160122 04:07,26,25,28,25,31,35,38,73,59,-6,10284,23,33,43,51,57
20160122 04:08,31,26,28,26,31,43,38,74,59,-4,10284,23,33,43,51,57
20160122 04:09,24,25,27,26,18,32,38,74,59,-4,10284,23,33,43,51,57
20160122 04:10,27,26,28,26,36,36,38,73,59,-6,10284,23,33,43,51,57
20160122 04:11,34,27,28,25,32,50,38,73,59,-6,10283,23,33,43,51,57
20160122 04:12,29,26,27,26,25,39,38,73,59,-6,10284,23,33,43,51,57
20160122 04:13,27,27,27,26,30,41,38,73,59,-6,10284,23,33,43,51,57
20160122 04:14,26,30,27,26,22,50,38,73,59,-6,10284,23,33,43,51,57
20160122 04:15,29,32,28,27,35,41,38,73,59,-6,10284,23,33,43,51,57
20160122 04:16,32,37,29,29,29,55,38,73,59,-6,10283,23,33,43,51,57
20160122 04:17,26,32,28,28,23,35,38,73,59,-6,10283,23,33,43,51,57
20160122 04:18,25,21,28,28,28,29,38,73,59,-6,10283,23,33,43,51,57
20160122 04:19,34,21,30,28,39,44,38,74,59,-4,10283,23,33,43,51,57
20160122 04:20,31,26,29,28,23,42,38,74,59,-4,10283,23,33,43,51,57
20160122 04:21,30,27,29,28,37,35,38,73,59,-6,10283,23,33,43,51,57
20160122 04:22,31,25,29,28,25,35,38,74,59,-4,10283,23,33,43,51,57
20160122 04:23,29,21,29,27,33,26,38,74,59,-4,10283,23,33,43,51,57
20160122 04:24,31,20,30,26,30,34,38,74,59,-4,10283,24,33,43,51,57
20160122 04:25,34,26,31,25,39,44,38,74,59,-4,10283,24,33,43,51,57
20160122 04:26,38,22,31,23,37,26,38,74,59,-4,10282,24,33,43,51,57
20160122 04:27,36,17,33,22,35,27,38,74,59,-4,10282,24,33,43,51,57
20160122 04:28,40,21,34,23,44,43,38,74,59,-4,10282,24,33,43,51,57
20160122 04:29,45,26,35,23,45,37,38,73,59,-6,10282,24,33,43,51,57
20160122 04:30,41,23,36,22,36,23,38,73,59,-6,10282,24,33,43,51,57
20160122 04:31,40,22,37,22,43,40,38,73,59,-6,10282,24,33,43,51,57
20160122 04:32,38,30,37,23,33,47,38,73,59,-6,10281,24,33,43,51,57
20160122 04:33,35,30,38,24,38,35,38,73,59,-6,10281,24,33,43,51,57
20160122 04:34,43,26,40,24,47,39,38,73,59,-6,10280,24,33,43,51,57
20160122 04:35,44,31,40,25,41,50,38,73,59,-6,10280,24,33,43,51,57
20160122 04:36,42,32,41,26,43,45,38,73,59,-6,10280,24,33,43,51,57
20160122 04:37,39,30,41,28,35,38,39,73,59,-5,10279,24,33,43,51,57
20160122 04:38,39,31,40,28,43,50,39,73,59,-5,10279,25,33,43,51,57
20160122 04:39,43,32,40,29,42,46,39,73,59,-5,10280,25,33,43,51,57
20160122 04:40,41,32,41,30,40,45,39,73,59,-5,10280,25,33,43,51,57
20160122 04:41,44,28,41,30,48,39,39,73,59,-5,10280,25,33,43,51,57
20160122 04:42,47,35,42,31,46,63,39,73,59,-5,10280,25,33,43,51,57
20160122 04:43,49,38,44,32,52,56,39,73,59,-5,10280,25,33,43,51,57
20160122 04:44,51,34,44,33,50,48,39,73,59,-5,10280,25,33,43,51,57
20160122 04:45,45,29,44,32,41,31,39,73,59,-5,10280,25,33,43,51,57
20160122 04:46,39,31,43,32,37,57,39,73,59,-5,10280,25,33,43,51,57
20160122 04:47,40,37,44,33,43,58,40,73,59,-4,10281,25,33,43,51,57
20160122 04:48,43,30,44,32,42,31,40,72,59,-6,10281,25,33,43,51,57
20160122 04:49,43,23,44,31,44,35,40,72,59,-6,10281,25,33,43,51,57
20160122 04:50,42,25,44,31,40,38,40,73,59,-4,10281,25,33,43,51,57
20160122 04:51,42,27,44,31,45,48,40,73,59,-4,10281,25,33,43,51,57
20160122 04:52,43,31,43,30,41,48,40,73,59,-4,10281,25,33,43,51,57
20160122 04:53,42,33,42,30,42,47,40,73,59,-4,10280,25,33,43,51,57
20160122 04:54,40,30,41,30,38,50,40,73,59,-4,10280,25,33,43,51,57
20160122 04:55,39,31,41,30,41,42,40,73,59,-4,10280,25,33,43,51,57
20160122 04:56,42,31,42,29,43,35,40,73,59,-4,10280,25,33,43,51,57
20160122 04:57,41,28,42,29,39,41,40,73,59,-4,10280,25,33,43,51,57
20160122 04:58,36,29,41,29,34,42,40,73,59,-4,10280,25,33,43,51,57
20160122 04:59,33,29,40,30,32,37,40,73,59,-4,10281,25,33,43,51,57
20160122 05:00,41,23,40,29,50,24,39,73,59,-5,10281,25,33,43,51,57
20160122 05:01,44,25,40,29,38,48,39,74,60,-3,10280,25,33,43,51,57
20160122 05:02,42,31,40,29,45,47,39,74,60,-3,10280,25,33,43,51,57
20160122 05:03,45,31,41,29,46,42,39,74,60,-3,10280,25,33,43,51,57
20160122 05:04,44,32,41,29,42,53,39,73,59,-5,10280,25,33,43,51,57
20160122 05:05,38,36,40,30,33,50,39,73,59,-5,10279,25,33,43,51,57
20160122 05:06,37,29,40,29,41,36,39,73,59,-5,10279,25,33,43,51,57
20160122 05:07,37,24,39,29,34,35,39,73,59,-5,10279,25,33,43,51,57
20160122 05:08,36,31,40,30,38,50,40,73,59,-4,10278,25,33,43,51,57
20160122 05:09,40,29,41,29,42,35,40,73,59,-4,10278,25,33,43,51,57
20160122 05:10,42,25,40,30,42,42,40,73,59,-4,10278,25,33,43,51,57
20160122 05:11,34,26,39,29,26,36,40,73,59,-4,10277,25,33,43,51,57
20160122 05:12,33,31,38,30,40,48,40,73,59,-4,10277,25,33,43,51,57
20160122 05:13,38,33,38,30,37,40,40,73,59,-4,10276,25,33,43,51,57
20160122 05:14,36,30,37,29,34,41,40,73,59,-4,10275,25,33,43,51,57
20160122 05:15,43,28,39,28,51,32,40,73,59,-4,10274,25,33,43,51,57
20160122 05:16,47,26,39,29,42,37,40,73,59,-4,10274,25,33,43,51,57
20160122 05:17,45,30,40,30,47,53,40,73,59,-4,10273,25,33,43,51,57
20160122 05:18,45,38,41,30,44,58,40,72,59,-6,10273,25,33,43,51,57
20160122 05:19,42,40,40,32,40,53,40,72,59,-6,10273,25,33,43,51,57
20160122 05:20,40,36,40,32,39,57,40,72,59,-6,10272,24,33,43,51,57
20160122 05:21,39,32,41,33,39,43,40,72,59,-6,10272,24,33,43,51,57
20160122 05:22,40,31,41,32,41,47,40,72,59,-6,10272,24,33,43,51,57
20160122 05:23,37,35,41,33,33,57,40,72,59,-6,10271,24,33,43,51,57
20160122 05:24,39,38,42,34,45,54,40,72,59,-6,10271,24,33,43,51,57
20160122 05:25,43,35,41,34,41,47,40,72,59,-6,10271,24,33,43,51,57
20160122 05:26,42,34,41,36,43,51,40,72,59,-6,10271,24,33,43,51,57
20160122 05:27,47,30,42,34,52,31,40,72,59,-6,10271,24,33,43,51,57
20160122 05:28,48,28,42,33,44,51,40,72,59,-6,10271,24,33,43,51,57
20160122 05:29,48,29,43,32,52,38,40,72,59,-6,10271,24,33,43,51,57
20160122 05:30,47,22,43,31,43,36,40,72,59,-6,10271,24,33,43,51,57
20160122 05:31,41,26,43,31,39,46,40,72,59,-6,10272,24,33,43,51,57
20160122 05:32,40,36,43,32,41,58,40,72,59,-6,10272,24,33,43,51,57
20160122 05:33,41,42,44,32,41,67,40,72,59,-6,10273,24,33,43,51,57
20160122 05:34,43,41,44,32,45,52,40,72,59,-6,10273,24,33,43,51,57
20160122 05:35,43,38,44,33,40,53,40,72,59,-6,10273,24,33,43,51,57
20160122 05:36,38,34,43,32,37,43,40,72,59,-6,10273,24,33,43,51,56
20160122 05:37,36,27,42,32,36,42,40,72,59,-6,10274,24,33,43,51,56
20160122 05:38,41,25,42,32,45,46,40,72,59,-6,10274,24,33,43,51,57
20160122 05:39,45,26,41,32,44,45,40,73,59,-4,10274,24,33,43,51,57
20160122 05:40,48,27,42,33,51,44,40,73,59,-4,10274,24,33,43,51,57
20160122 05:41,45,29,42,32,39,43,40,73,59,-4,10274,24,33,43,51,56
20160122 05:42,44,25,43,31,49,34,40,73,59,-4,10274,24,33,43,51,56
20160122 05:43,45,23,43,29,40,37,40,73,59,-4,10274,24,33,43,51,56
20160122 05:44,42,28,42,28,43,49,40,73,59,-4,10274,25,33,43,51,56
20160122 05:45,41,30,42,27,39,45,40,73,59,-4,10274,25,33,43,51,56
20160122 05:46,37,31,42,27,36,47,40,73,59,-4,10275,25,33,43,51,56
20160122 05:47,37,34,42,29,38,57,40,73,59,-4,10276,25,33,43,51,56
20160122 05:48,42,42,42,31,45,69,40,73,59,-4,10276,25,33,43,51,56
20160122 05:49,49,39,43,31,52,52,40,73,59,-4,10277,25,33,43,51,56
20160122 05:50,45,35,42,32,37,57,40,73,59,-4,10278,25,33,43,51,56
20160122 05:51,36,42,41,33,36,56,41,73,60,-3,10278,25,33,43,51,56
20160122 05:52,35,37,40,34,34,43,41,72,59,-5,10278,25,33,43,51,56
20160122 05:53,39,34,40,36,44,54,41,73,60,-3,10278,25,33,43,51,56
20160122 05:54,48,34,41,36,52,44,41,73,60,-3,10278,25,33,43,51,56
20160122 05:55,44,32,41,36,36,49,41,73,60,-3,10279,25,33,42,51,56
20160122 05:56,35,31,41,36,35,50,41,73,60,-3,10280,25,33,42,51,56
20160122 05:57,33,32,40,36,30,50,41,73,60,-3,10280,25,33,42,51,56
20160122 05:58,37,31,40,34,42,42,41,73,60,-3,10280,25,33,42,51,56
20160122 05:59,40,31,38,34,37,43,41,73,60,-3,10280,25,33,42,51,56
20160122 06:00,40,29,39,33,44,38,41,73,60,-3,10281,25,33,42,51,56
20160122 06:01,47,25,40,31,51,32,41,73,60,-3,10281,25,33,42,51,56
20160122 06:02,48,20,41,29,44,26,41,73,60,-3,10281,25,33,42,51,56
20160122 06:03,41,18,41,27,38,31,41,73,60,-3,10281,25,33,42,51,56
20160122 06:04,44,24,41,27,49,48,41,74,61,-1,10281,25,33,42,51,56
20160122 06:05,48,28,42,27,47,49,41,74,61,-1,10281,25,33,42,50,56
20160122 06:06,43,29,42,27,38,51,41,73,60,-3,10281,25,33,42,51,56
20160122 06:07,39,26,43,26,40,33,41,73,60,-3,10280,25,33,42,51,56
20160122 06:08,41,25,43,26,42,39,41,73,60,-3,10280,25,33,42,50,56
20160122 06:09,42,26,43,25,41,36,41,73,60,-3,10280,25,33,42,50,56
20160122 06:10,47,21,44,24,52,24,41,74,61,-1,10280,25,33,42,50,56
20160122 06:11,40,20,42,24,29,34,41,74,61,-1,10280,25,33,42,50,56
20160122 06:12,42,24,43,25,55,42,41,74,61,-1,10280,25,33,42,50,56
20160122 06:13,51,27,44,26,47,38,41,74,61,-1,10280,25,33,42,50,56
20160122 06:14,45,35,43,27,43,63,41,74,61,-1,10279,25,33,42,50,56
20160122 06:15,46,42,44,28,48,60,41,73,60,-3,10279,26,33,42,50,56
20160122 06:16,45,40,44,29,41,54,41,73,60,-3,10278,26,33,42,50,56
20160122 06:17,44,36,45,30,47,57,42,73,60,-2,10277,26,33,42,50,56
20160122 06:18,51,32,46,30,54,47,42,73,60,-2,10277,26,33,42,50,56
20160122 06:19,48,30,46,31,41,49,42,73,60,-2,10277,26,33,42,50,56
20160122 06:20,37,29,44,32,33,48,42,73,60,-2,10277,26,33,42,50,56
20160122 06:21,39,34,45,34,45,69,42,73,60,-2,10277,26,33,42,50,56
20160122 06:22,43,44,44,36,41,68,42,73,60,-2,10277,26,33,42,50,56
20160122 06:23,44,41,44,37,47,48,42,73,60,-2,10277,26,33,42,50,56
20160122 06:24,48,37,45,36,49,63,42,72,59,-4,10276,26,33,42,50,56
20160122 06:25,47,35,44,35,45,53,42,73,60,-2,10276,26,33,42,50,56
20160122 06:26,47,31,45,35,48,53,42,73,60,-2,10277,26,33,42,50,56
20160122 06:27,50,28,46,34,52,36,42,73,60,-2,10278,26,33,42,50,56
20160122 06:28,46,32,44,35,40,54,42,73,60,-2,10278,26,33,42,50,56
20160122 06:29,45,32,45,34,51,43,42,73,60,-2,10278,26,33,42,50,56
20160122 06:30,49,24,47,34,48,38,42,73,60,-2,10278,26,33,42,50,56
20160122 06:31,51,23,47,32,53,29,42,73,60,-2,10278,26,33,42,50,56
20160122 06:32,47,23,47,30,41,49,42,73,60,-2,10279,26,33,42,50,56
20160122 06:33,42,26,47,29,44,38,42,73,60,-2,10279,25,33,42,50,56
20160122 06:34,43,30,46,28,42,47,42,73,60,-2,10280,26,33,42,50,56
20160122 06:35,46,28,47,28,50,42,42,73,60,-2,10280,25,33,42,50,56
20160122 06:36,45,27,46,27,41,38,42,73,60,-2,10280,25,33,42,50,56
20160122 06:37,46,33,46,29,52,65,42,73,60,-2,10280,25,33,42,50,56
20160122 06:38,43,38,46,28,34,53,42,73,60,-2,10280,25,33,42,50,56
20160122 06:39,39,36,45,30,43,50,42,73,60,-2,10280,25,33,42,50,56
20160122 06:40,45,31,45,30,46,36,42,73,60,-2,10280,25,33,42,50,56
20160122 06:41,43,28,43,30,39,39,42,73,60,-2,10281,25,33,42,50,56
20160122 06:42,39,30,43,31,40,48,42,73,60,-2,10282,25,33,42,50,56
20160122 06:43,38,34,42,32,36,55,42,73,60,-2,10283,25,33,42,50,56
20160122 06:44,42,35,43,32,47,45,42,73,60,-2,10283,25,33,42,50,56
20160122 06:45,47,27,42,32,47,27,42,73,60,-2,10283,25,33,42,50,56
20160122 06:46,42,25,42,32,36,42,42,73,60,-2,10283,25,33,42,50,56
20160122 06:47,31,24,40,30,27,31,42,73,60,-2,10283,25,33,42,50,56
20160122 06:48,26,22,39,29,25,32,42,73,60,-2,10283,25,33,42,50,56
20160122 06:49,32,25,38,28,39,37,42,73,60,-2,10282,25,33,42,50,56
20160122 06:50,46,23,39,27,54,38,42,73,60,-2,10282,25,33,42,50,56
20160122 06:51,44,21,39,26,35,35,42,74,61,0,10282,25,33,42,50,56
20160122 06:52,39,24,39,26,43,35,42,73,60,-2,10282,26,33,42,50,56
20160122 06:53,39,25,39,24,34,38,42,73,60,-2,10282,26,33,42,50,56
20160122 06:54,38,27,38,24,42,38,42,73,60,-2,10282,26,33,42,50,56
20160122 06:55,41,30,37,25,40,45,42,73,60,-2,10282,26,33,42,50,56
20160122 06:56,39,29,38,25,39,39,42,73,60,-2,10282,26,33,42,50,56
20160122 06:57,46,28,40,26,53,40,42,73,60,-2,10282,26,33,42,50,56
20160122 06:58,44,25,41,26,34,30,42,73,60,-2,10283,26,33,42,50,56
20160122 06:59,34,22,41,25,34,34,42,73,60,-2,10284,26,33,42,50,56
20160122 07:00,34,23,39,26,33,36,42,73,60,-2,10285,26,33,42,50,56
20160122 07:01,35,27,39,27,36,49,42,73,60,-2,10285,26,33,42,50,56
20160122 07:02,36,29,38,27,35,41,42,73,60,-2,10285,26,33,42,50,56
20160122 07:03,39,31,39,28,43,44,42,73,60,-2,10284,26,33,42,50,56
20160122 07:04,43,38,39,29,43,51,43,73,61,-1,10284,27,33,42,50,56
20160122 07:05,35,35,38,29,26,37,43,72,60,-3,10283,27,33,42,50,56
20160122 07:06,34,29,38,29,42,43,43,73,61,-1,10283,27,33,42,50,56
20160122 07:07,38,30,36,29,33,43,43,73,61,-1,10283,27,33,42,50,56
20160122 07:08,38,31,37,30,43,38,43,73,61,-1,10283,27,33,42,50,56
20160122 07:09,36,30,36,31,29,34,43,73,61,-1,10284,27,33,42,50,56
20160122 07:10,35,26,37,31,40,38,43,73,61,-1,10284,27,33,42,50,56
20160122 07:11,38,21,37,29,36,29,43,73,61,-1,10285,27,33,42,50,56
20160122 07:12,36,20,37,29,36,28,42,73,60,-2,10286,27,33,42,50,56
20160122 07:13,36,23,36,28,36,38,42,73,60,-2,10286,27,33,42,50,56
20160122 07:14,35,24,36,26,35,39,43,73,61,-1,10286,27,33,42,50,56
20160122 07:15,39,23,37,25,43,33,43,73,61,-1,10286,27,33,42,50,56
20160122 07:16,40,22,37,24,36,32,42,73,60,-2,10286,27,33,42,50,56
20160122 07:17,34,19,37,23,32,33,42,74,61,0,10286,27,33,42,50,56
20160122 07:18,38,18,37,22,44,31,42,74,61,0,10285,27,33,42,50,56
20160122 07:19,44,24,38,22,44,44,42,74,61,0,10285,28,33,42,50,56
20160122 07:20,45,28,39,22,46,38,42,73,60,-2,10285,28,33,42,50,56
20160122 07:21,47,30,40,24,47,47,43,73,61,-1,10284,28,33,42,50,56
20160122 07:22,45,33,41,25,43,46,43,73,61,-1,10285,28,33,42,50,56
20160122 07:23,46,31,42,26,49,41,43,73,61,-1,10285,28,33,42,50,56
20160122 07:24,45,23,43,25,41,30,43,73,61,-1,10284,28,33,42,50,56
20160122 07:25,40,22,42,25,39,35,43,73,61,-1,10284,28,33,42,50,56
20160122 07:26,40,29,43,27,40,44,43,73,61,-1,10284,28,33,42,50,56
20160122 07:27,38,30,43,27,35,34,43,73,61,-1,10283,28,33,42,50,56
20160122 07:28,36,26,42,28,36,43,43,73,61,-1,10284,29,33,42,50,56
20160122 07:29,36,25,41,27,36,32,43,73,61,-1,10285,29,33,42,50,56
20160122 07:30,37,27,40,28,38,44,43,73,61,-1,10286,29,33,42,50,56
20160122 07:31,43,30,41,28,49,40,43,73,61,-1,10286,29,33,42,50,56
20160122 07:32,49,31,41,27,49,44,43,73,61,-1,10286,29,33,42,50,56
20160122 07:33,42,29,40,27,35,36,43,72,60,-3,10285,29,33,42,50,56
20160122 07:34,36,20,39,27,37,19,43,72,60,-3,10285,29,33,42,50,56
20160122 07:35,34,22,39,27,32,46,43,72,60,-3,10285,29,33,42,50,56
20160122 07:36,41,28,40,26,49,37,43,72,60,-3,10285,30,33,42,50,56
20160122 07:37,47,23,41,26,45,37,43,72,60,-3,10285,29,33,42,50,56
20160122 07:38,41,26,41,27,38,52,43,73,61,-1,10286,30,33,42,50,56
20160122 07:39,38,28,41,26,38,44,44,72,60,-2,10286,30,33,42,50,56
20160122 07:40,41,22,42,25,44,33,44,72,60,-2,10287,30,33,42,50,56
20160122 07:41,42,18,41,24,41,26,44,72,60,-2,10287,30,33,42,50,56
20160122 07:42,43,21,40,24,45,45,44,72,60,-2,10287,30,33,42,50,56
20160122 07:43,36,25,40,23,27,29,44,72,60,-2,10287,30,34,42,50,56
20160122 07:44,35,28,40,25,43,54,44,72,60,-2,10287,30,34,42,50,56
20160122 07:45,45,34,42,26,47,56,44,72,60,-2,10286,30,34,42,50,56
20160122 07:46,45,31,41,26,42,32,44,72,60,-2,10287,30,34,42,50,56
20160122 07:47,43,28,41,27,43,50,44,72,60,-2,10287,30,34,42,50,56
20160122 07:48,44,29,41,26,44,42,44,72,60,-2,10287,30,34,42,50,56
20160122 07:49,42,24,42,26,39,30,44,71,59,-4,10288,30,34,42,50,56
20160122 07:50,43,24,42,27,48,38,44,72,60,-2,10289,30,34,42,50,56
20160122 07:51,48,28,43,28,49,39,44,72,60,-2,10290,30,34,42,50,56
20160122 07:52,47,26,43,28,46,44,44,72,60,-2,10291,31,34,42,50,56
20160122 07:53,40,30,44,29,35,50,44,72,60,-2,10292,30,34,42,50,56
20160122 07:54,36,27,43,28,37,28,44,71,59,-4,10293,31,34,42,50,56
20160122 07:55,42,24,43,27,46,39,45,71,60,-3,10293,30,34,42,50,56
20160122 07:56,45,29,43,27,44,40,45,71,60,-3,10293,31,34,42,50,56
20160122 07:57,42,28,43,27,39,41,45,71,60,-3,10294,31,34,42,50,56
20160122 07:58,42,30,43,27,44,49,45,71,60,-3,10294,31,34,42,50,56
20160122 07:59,46,33,44,28,48,46,45,71,60,-3,10293,31,34,42,50,56
20160122 08:00,47,33,43,29,46,45,45,71,60,-3,10293,31,34,42,50,56
20160122 08:01,45,29,43,29,44,37,45,71,60,-3,10293,31,34,42,50,56
20160122 08:02,40,30,42,30,37,57,45,71,60,-3,10294,31,34,42,50,56
20160122 08:03,38,36,42,30,39,51,45,71,60,-3,10294,31,34,42,50,56
20160122 08:04,43,36,43,31,47,47,45,70,59,-5,10293,31,34,42,50,56
20160122 08:05,44,34,43,32,40,54,45,70,59,-5,10293,31,34,42,50,56
20160122 08:06,46,38,43,33,51,53,45,70,59,-5,10293,31,34,42,50,56
20160122 08:07,49,46,44,35,47,73,45,70,59,-5,10293,32,34,42,50,56
20160122 08:08,43,45,44,36,39,67,46,69,58,-6,10292,32,34,42,50,56
20160122 08:09,40,44,43,38,41,64,46,69,58,-6,10293,32,34,42,50,56
20160122 08:10,43,48,43,39,46,62,46,69,58,-6,10293,32,34,42,50,56
20160122 08:11,46,45,43,41,45,62,46,69,58,-6,10294,32,34,42,50,56
20160122 08:12,37,37,43,41,30,38,46,69,58,-6,10295,32,34,42,50,56
20160122 08:13,37,29,43,40,45,44,46,69,58,-6,10296,32,34,42,50,56
20160122 08:14,44,31,43,40,42,53,46,70,59,-4,10296,32,34,42,50,56
20160122 08:15,42,34,43,40,43,52,46,70,59,-4,10297,32,35,42,50,56
20160122 08:16,39,33,41,39,34,45,46,69,58,-6,10297,32,35,42,50,56
20160122 08:17,37,29,41,36,40,38,46,69,58,-6,10298,32,35,42,50,56
20160122 08:18,40,25,41,35,41,41,46,70,59,-4,10298,32,35,42,50,56
20160122 08:19,38,29,40,33,35,49,46,70,59,-4,10298,32,35,42,50,56
20160122 08:20,34,33,39,32,32,45,46,69,58,-6,10298,33,35,42,50,56
20160122 08:21,38,31,39,31,44,43,46,69,58,-6,10297,33,35,42,50,56
20160122 08:22,39,30,39,31,33,47,46,69,58,-6,10296,33,35,42,50,56
20160122 08:23,41,33,39,31,49,50,46,69,58,-6,10295,33,35,42,50,56
20160122 08:24,44,33,39,31,39,39,46,69,58,-6,10294,33,35,42,50,56
20160122 08:25,36,33,38,31,32,50,46,69,58,-6,10294,33,35,42,50,56
20160122 08:26,40,37,39,32,47,52,46,69,58,-6,10294,33,35,42,50,56
20160122 08:27,40,38,39,33,34,59,46,69,58,-6,10294,33,35,42,50,56
20160122 08:28,39,40,39,35,44,56,46,69,58,-6,10295,33,35,42,50,56
20160122 08:29,44,37,40,35,45,50,46,69,58,-6,10295,33,35,42,50,56
20160122 08:30,42,27,41,33,39,41,46,69,58,-6,10294,33,35,42,50,56
20160122 08:31,40,28,40,34,41,45,46,69,58,-6,10294,33,35,42,50,56
20160122 08:32,45,37,42,35,49,57,46,69,58,-6,10294,33,35,42,50,56
20160122 08:33,50,41,42,35,51,67,46,68,58,-8,10294,33,35,42,50,56
20160122 08:34,48,41,43,36,44,55,47,68,58,-7,10294,33,35,42,50,56
20160122 08:35,45,42,44,37,46,65,47,68,58,-7,10294,34,35,42,50,56
20160122 08:36,43,41,43,37,41,61,47,68,58,-7,10294,34,35,42,50,56
20160122 08:37,41,34,44,36,42,43,47,68,58,-7,10293,34,35,42,50,56
20160122 08:38,40,34,44,36,39,62,47,68,58,-7,10292,34,35,42,50,56
20160122 08:39,39,32,43,35,39,40,47,69,59,-5,10291,34,35,42,50,55
20160122 08:40,43,34,44,37,47,66,47,69,59,-5,10291,34,35,42,50,56
20160122 08:41,37,40,43,38,28,51,47,68,58,-7,10291,35,35,42,50,56
20160122 08:42,32,37,41,37,37,53,47,69,59,-5,10292,35,35,42,50,55
20160122 08:43,38,32,40,36,39,40,47,69,59,-5,10293,35,35,42,50,56
20160122 08:44,44,33,41,36,49,65,47,69,59,-5,10294,35,35,42,50,55
20160122 08:45,41,33,39,34,32,44,47,68,58,-7,10295,35,35,42,50,55
20160122 08:46,32,28,38,33,31,39,47,68,58,-7,10296,35,36,42,50,55
20160122 08:47,34,29,38,33,37,43,47,69,59,-5,10297,35,36,42,50,55
20160122 08:48,34,33,37,33,30,48,47,69,59,-5,10297,35,36,42,50,55
20160122 08:49,28,42,36,35,26,66,47,69,59,-5,10298,35,36,42,50,55
20160122 08:50,29,41,34,34,32,49,47,68,58,-7,10298,35,36,43,50,55
20160122 08:51,34,36,35,34,36,55,47,68,58,-7,10298,35,36,42,50,55
20160122 08:52,29,37,33,34,23,48,47,68,58,-7,10299,35,36,42,50,55
20160122 08:53,31,34,33,35,39,41,47,68,58,-7,10300,35,36,43,50,55
20160122 08:54,32,28,31,33,26,43,47,68,58,-7,10300,35,36,42,50,55
20160122 08:55,28,28,31,34,30,44,47,68,58,-7,10301,35,36,43,50,55
20160122 08:56,34,27,32,33,38,40,47,69,59,-5,10301,36,36,43,50,55
20160122 08:57,38,28,32,33,38,57,47,69,59,-5,10302,36,36,43,50,55
20160122 08:58,29,31,31,33,19,43,47,69,59,-5,10303,36,36,43,50,55
20160122 08:59,25,30,31,31,31,41,47,69,59,-5,10303,36,36,43,50,55
20160122 09:00,29,29,31,31,26,40,47,68,58,-7,10303,36,36,43,50,55
20160122 09:01,24,34,29,31,21,56,48,69,59,-4,10303,36,36,43,50,55
20160122 09:02,26,35,30,30,30,48,48,68,58,-6,10303,36,36,43,50,55
20160122 09:03,33,29,29,30,35,42,48,68,58,-6,10303,36,36,43,50,55
20160122 09:04,36,27,30,30,36,39,48,69,59,-4,10304,36,36,43,50,55
20160122 09:05,35,31,31,30,35,53,48,69,59,-4,10304,36,36,43,50,55
20160122 09:06,38,33,31,31,42,44,48,69,59,-4,10304,36,36,43,50,55
20160122 09:07,38,35,31,32,33,52,48,69,59,-4,10303,36,36,43,50,55
20160122 09:08,32,39,32,33,30,52,48,68,58,-6,10303,36,37,43,50,55
20160122 09:09,32,38,32,33,33,42,48,68,58,-6,10302,36,37,43,50,55
20160122 09:10,30,32,32,33,27,55,48,69,59,-4,10302,37,37,43,50,55
20160122 09:11,31,33,33,33,34,57,48,69,59,-4,10302,37,37,43,50,55
20160122 09:12,37,31,34,33,40,31,48,69,59,-4,10302,37,37,43,50,55
20160122 09:13,39,25,35,32,39,38,48,69,59,-4,10302,37,37,43,50,55
20160122 09:14,37,27,35,33,35,41,48,69,59,-4,10302,37,37,43,50,55
20160122 09:15,38,34,35,33,41,52,48,69,59,-4,10302,37,37,43,50,55
20160122 09:16,38,36,35,33,35,47,48,69,59,-4,10302,38,37,43,50,55
20160122 09:17,32,32,34,33,28,41,48,69,59,-4,10302,38,37,43,50,55
20160122 09:18,30,32,34,32,31,45,48,70,60,-2,10302,38,37,43,50,55
20160122 09:19,33,34,35,32,36,57,48,70,60,-2,10302,38,37,43,50,55
20160122 09:20,36,34,36,32,36,46,48,70,60,-2,10302,38,37,43,50,55
20160122 09:21,33,26,35,31,30,29,48,70,60,-2,10302,39,37,43,50,55
20160122 09:22,35,25,35,31,41,48,48,70,60,-2,10303,39,37,43,50,55
20160122 09:23,39,33,35,32,37,46,48,70,60,-2,10303,39,37,43,50,55
20160122 09:24,34,32,35,32,32,43,48,69,59,-4,10303,39,37,43,50,55
20160122 09:25,30,31,33,31,29,51,48,69,59,-4,10303,39,37,43,50,55
20160122 09:26,27,34,32,31,25,50,48,70,60,-2,10303,39,37,43,50,55
20160122 09:27,27,39,32,33,28,60,48,70,60,-2,10303,40,37,43,50,55
20160122 09:28,32,43,33,34,36,58,48,70,60,-2,10303,40,37,43,50,55
20160122 09:29,37,40,33,34,37,56,48,70,60,-2,10304,40,38,43,50,55
20160122 09:30,34,38,32,35,30,54,48,70,60,-2,10304,40,38,43,50,55
20160122 09:31,32,38,33,36,33,54,48,70,60,-2,10305,40,38,43,50,55
20160122 09:32,32,35,32,37,31,51,48,69,59,-4,10306,40,38,43,50,55
20160122 09:33,29,36,31,37,26,47,48,69,59,-4,10307,40,38,43,50,55
20160122 09:34,29,36,31,37,32,56,48,69,59,-4,10307,40,38,43,50,55
20160122 09:35,22,38,29,38,12,51,48,69,59,-4,10308,40,38,43,50,55
20160122 09:36,18,38,29,38,24,45,48,69,59,-4,10308,40,38,43,50,55
20160122 09:37,22,34,28,37,20,51,48,69,59,-4,10307,40,38,43,50,55
20160122 09:38,25,37,28,37,30,55,49,69,60,-3,10307,40,38,43,50,55
20160122 09:39,32,42,27,38,34,54,49,69,60,-3,10306,40,38,43,50,55
20160122 09:40,33,40,27,37,32,56,49,69,60,-3,10306,41,38,43,50,55
20160122 09:41,33,40,27,38,33,51,49,69,60,-3,10306,41,38,43,50,55
20160122 09:42,29,39,27,38,25,44,49,69,60,-3,10306,41,38,43,50,55
20160122 09:43,27,35,27,38,28,55,49,69,60,-3,10306,41,38,43,50,55
20160122 09:44,30,37,27,38,31,69,49,69,60,-3,10306,41,38,43,50,55
20160122 09:45,35,42,30,39,40,66,49,69,60,-3,10306,41,38,43,50,55
20160122 09:46,35,45,30,39,31,65,49,68,59,-5,10306,41,38,43,50,55
20160122 09:47,35,40,32,40,40,50,49,69,60,-3,10306,41,39,43,50,55
20160122 09:48,35,30,32,38,31,42,49,69,60,-3,10306,41,39,43,50,55
20160122 09:49,39,24,34,36,46,38,49,69,60,-3,10307,42,39,43,50,55
20160122 09:50,33,27,33,36,21,41,49,69,60,-3,10308,42,39,43,50,55
20160122 09:51,24,37,32,36,28,54,49,69,60,-3,10308,42,39,43,50,55
20160122 09:52,29,38,33,35,30,42,49,69,60,-3,10308,42,39,43,50,55
20160122 09:53,32,29,33,35,33,42,49,69,60,-3,10308,42,39,43,50,55
20160122 09:54,34,33,33,35,35,52,49,69,60,-3,10308,42,39,43,50,55
20160122 09:55,36,34,33,33,37,39,49,69,60,-3,10308,43,39,43,50,55
20160122 09:56,35,29,33,32,34,48,49,69,60,-3,10308,43,39,43,50,55
20160122 09:57,40,31,34,31,46,43,49,69,60,-3,10309,43,39,43,50,55
20160122 09:58,47,30,36,31,47,40,49,69,60,-3,10309,43,39,43,50,55
20160122 09:59,44,32,35,33,41,45,49,69,60,-3,10309,43,39,44,50,55
20160122 10:00,41,41,37,34,42,64,49,69,60,-3,10309,43,39,43,50,55
20160122 10:01,41,43,38,34,40,65,49,68,59,-5,10309,43,39,44,50,55
20160122 10:02,40,43,39,35,40,61,50,69,60,-2,10309,44,39,44,50,55
20160122 10:03,41,36,40,35,42,37,50,69,60,-2,10308,44,39,44,50,55
20160122 10:04,42,35,41,35,43,55,50,69,60,-2,10308,44,40,44,50,55
20160122 10:05,43,32,42,35,42,39,50,69,60,-2,10307,45,40,44,50,55
20160122 10:06,38,29,42,36,35,58,50,69,60,-2,10308,45,40,44,50,55
20160122 10:07,39,33,42,35,44,48,50,70,61,0,10308,46,40,44,50,55
20160122 10:08,47,34,42,36,50,63,50,70,61,0,10308,46,40,44,50,55
20160122 10:09,51,43,43,38,53,67,50,70,61,0,10307,46,40,44,50,55
20160122 10:10,50,47,44,38,47,68,50,70,61,0,10307,46,40,44,50,55
20160122 10:11,42,41,43,37,36,47,50,70,61,0,10307,45,40,44,50,55
20160122 10:12,40,34,44,36,44,53,50,70,61,0,10307,45,40,44,50,55
20160122 10:13,44,37,44,37,43,57,50,70,61,0,10307,45,40,44,50,55
20160122 10:14,47,37,45,36,51,53,50,71,62,2,10307,45,40,44,50,55
20160122 10:15,45,40,44,39,40,75,49,71,61,1,10307,45,40,44,50,55
20160122 10:16,42,55,45,41,43,91,49,71,61,1,10307,45,40,44,50,55
20160122 10:17,47,58,46,44,50,74,49,70,61,-1,10307,44,41,44,50,55
20160122 10:18,55,53,47,45,61,74,49,71,61,1,10307,44,41,44,50,55
20160122 10:19,52,53,46,46,44,83,48,71,61,0,10307,44,41,44,50,55
20160122 10:20,47,50,46,46,50,73,48,72,62,2,10308,44,41,44,50,55
20160122 10:21,49,46,47,47,48,83,48,72,62,2,10308,44,41,44,50,55
20160122 10:22,43,52,47,49,38,93,48,73,63,4,10308,44,41,44,50,55
20160122 10:23,46,54,48,50,55,74,47,73,62,3,10308,43,41,44,50,55
20160122 10:24,45,50,46,52,36,74,47,73,62,3,10308,43,41,44,50,55
20160122 10:25,45,48,48,52,54,61,47,73,62,3,10308,43,41,44,50,55
20160122 10:26,51,36,49,48,49,69,47,73,62,3,10308,44,41,44,50,55
20160122 10:27,45,45,48,49,41,82,47,73,62,3,10309,44,41,44,50,55
20160122 10:28,30,55,43,49,19,69,47,73,62,3,10309,43,41,44,50,55
20160122 10:29,29,50,43,49,38,81,46,74,63,4,10308,43,41,44,50,55
20160122 10:30,40,51,42,49,42,73,46,74,63,4,10308,43,41,44,50,55
20160122 10:31,41,49,41,49,40,77,46,74,63,4,10308,43,42,44,50,55
20160122 10:32,40,47,41,48,40,61,46,75,64,6,10307,44,42,44,50,55
20160122 10:33,45,46,41,48,50,59,45,75,63,5,10307,44,42,44,50,55
20160122 10:34,53,49,43,47,56,89,45,75,63,5,10307,44,42,44,50,55
20160122 10:35,48,57,42,49,40,83,45,75,63,5,10307,44,42,44,50,55
20160122 10:36,38,59,40,52,36,82,44,75,63,4,10306,43,42,44,50,55
20160122 10:37,47,50,42,50,58,68,44,75,63,4,10305,43,42,44,50,55
20160122 10:38,53,44,45,50,48,83,44,76,64,5,10305,44,42,44,50,55
20160122 10:39,52,51,46,51,55,83,44,76,64,5,10305,44,42,44,50,55
20160122 10:40,58,54,48,51,60,68,43,76,63,4,10305,43,42,44,50,55
20160122 10:41,54,45,49,50,48,61,43,76,63,4,10304,44,42,44,50,55
20160122 10:42,44,37,49,49,41,49,43,76,63,4,10304,44,42,45,50,55
20160122 10:43,43,45,49,49,46,67,43,77,64,6,10304,44,42,45,50,55
20160122 10:44,48,48,48,48,49,63,43,76,63,4,10305,44,42,45,50,55
20160122 10:45,44,39,48,46,38,62,43,76,63,4,10306,44,42,45,50,55
20160122 10:46,44,38,49,44,50,68,43,76,63,4,10306,45,42,45,50,55
20160122 10:47,47,47,48,45,45,79,43,76,63,4,10306,44,42,45,50,55
20160122 10:48,49,54,48,46,53,82,43,76,63,4,10305,44,42,45,50,55
20160122 10:49,46,53,47,45,39,78,43,76,63,4,10304,44,42,45,50,55
20160122 10:50,36,47,44,45,32,62,43,76,63,4,10304,43,43,45,50,55
20160122 10:51,44,32,45,43,56,45,43,76,63,4,10303,44,43,45,50,55
20160122 10:52,55,34,46,44,53,65,43,77,64,6,10303,44,43,45,50,55
20160122 10:53,50,38,46,42,47,43,43,78,65,8,10303,44,43,45,50,55
20160122 10:54,42,29,45,40,37,44,43,78,65,8,10304,44,43,45,50,55
20160122 10:55,47,31,47,40,56,52,42,79,65,9,10304,45,43,45,50,55
20160122 10:56,60,40,48,41,63,59,42,79,65,9,10304,45,43,45,50,55
20160122 10:57,56,42,49,39,49,58,42,79,65,9,10305,45,43,45,50,55
20160122 10:58,52,35,49,37,55,57,42,79,65,9,10305,45,43,45,50,55
20160122 10:59,49,38,49,36,43,68,42,79,65,9,10305,45,43,45,50,55
20160122 11:00,42,50,50,38,41,95,42,79,65,9,10305,45,43,45,50,55
20160122 11:01,33,52,47,40,25,81,41,79,65,8,10305,44,43,45,50,55
20160122 11:02,35,42,46,39,44,58,41,79,65,8,10304,44,43,45,50,55
20160122 11:03,44,35,46,40,45,55,41,79,65,8,10304,45,43,45,50,55
20160122 11:04,50,45,48,42,54,78,41,80,65,10,10303,45,43,45,50,55
20160122 11:05,49,50,46,43,45,70,41,79,65,8,10303,44,43,45,50,55
20160122 11:06,47,41,45,43,49,61,41,80,65,10,10302,44,43,45,50,55
20160122 11:07,51,42,45,43,53,67,41,80,65,10,10302,44,43,45,50,55
20160122 11:08,51,36,45,43,49,43,41,80,65,10,10302,45,43,45,50,55
20160122 11:09,41,36,44,43,32,63,40,81,66,10,10302,45,43,45,50,55
20160122 11:10,39,36,44,40,47,43,40,81,66,10,10301,45,43,45,51,55
20160122 11:11,46,25,46,38,45,37,40,81,66,10,10301,45,43,45,51,55
20160122 11:12,38,28,45,37,32,59,40,82,67,12,10301,46,43,45,51,55
20160122 11:13,34,42,44,39,36,82,40,82,67,12,10301,45,44,45,51,55
20160122 11:14,33,57,42,40,30,76,40,81,66,10,10301,44,44,45,51,55
20160122 11:15,36,58,41,41,41,78,40,81,66,10,10301,44,44,45,51,55
20160122 11:16,40,58,40,43,38,91,39,81,65,9,10301,44,44,45,51,55
20160122 11:17,39,57,39,44,40,78,39,81,65,9,10301,44,44,46,51,55
20160122 11:18,38,45,37,45,34,66,39,81,65,9,10302,44,44,46,51,55
20160122 11:19,38,40,38,44,40,61,39,82,66,11,10302,44,44,46,51,55
20160122 11:20,42,48,38,47,43,67,39,82,66,11,10302,44,44,46,51,55
20160122 11:21,45,48,38,49,48,69,39,82,66,11,10302,44,44,46,51,55
20160122 11:22,46,46,39,51,44,66,39,82,66,11,10302,44,44,46,51,55
20160122 11:23,43,44,40,49,42,52,39,82,66,11,10302,44,44,46,51,55
20160122 11:24,43,38,41,47,44,56,39,83,67,13,10302,45,44,46,51,55
20160122 11:25,43,38,42,45,42,65,39,83,67,13,10302,45,44,46,51,55
20160122 11:26,49,44,43,44,55,84,39,83,67,13,10302,46,44,46,51,55
20160122 11:27,52,47,44,43,49,75,38,83,67,12,10302,46,44,46,51,55
20160122 11:28,50,43,46,44,51,57,38,83,67,12,10302,46,44,46,51,55
20160122 11:29,54,42,47,44,56,59,38,83,67,12,10301,46,44,46,51,55
20160122 11:30,46,46,47,43,35,74,38,83,67,12,10301,46,44,46,51,55
20160122 11:31,40,38,46,42,45,44,38,83,67,12,10300,46,44,46,51,55
20160122 11:32,41,28,46,40,38,43,38,83,67,12,10300,47,44,46,51,55
20160122 11:33,45,39,47,41,51,99,38,84,67,13,10300,47,44,46,51,55
20160122 11:34,45,54,46,43,38,77,38,83,67,12,10300,46,44,46,51,55
20160122 11:35,41,55,46,44,44,76,38,83,67,12,10300,45,44,46,51,55
20160122 11:36,42,44,45,43,41,64,38,83,67,12,10300,45,44,46,51,55
20160122 11:37,42,31,44,41,43,46,38,83,67,12,10300,46,44,46,51,55
20160122 11:38,49,35,45,41,55,68,38,84,67,13,10300,46,44,46,51,55
20160122 11:39,48,43,43,41,41,60,38,84,67,13,10299,46,44,46,51,55
20160122 11:40,38,50,43,42,35,80,38,83,67,12,10299,46,44,46,51,55
20160122 11:41,39,49,43,43,42,59,38,83,67,12,10299,46,45,46,51,55
20160122 11:42,42,33,43,43,43,35,38,84,67,13,10299,46,45,46,51,55
20160122 11:43,48,30,43,42,52,51,38,84,67,13,10299,47,45,46,51,55
20160122 11:44,49,30,44,38,47,38,38,84,67,13,10299,48,45,46,51,55
20160122 11:45,45,27,44,36,43,49,38,84,67,13,10299,48,45,46,51,55
20160122 11:46,43,31,44,36,43,49,38,85,68,15,10299,49,45,46,51,55
20160122 11:47,42,40,44,38,40,61,38,85,68,15,10299,49,45,46,51,55
20160122 11:48,41,48,43,38,41,60,38,85,68,15,10299,49,45,46,51,55
20160122 11:49,43,43,43,38,45,58,37,84,67,13,10298,49,45,46,51,55
20160122 11:50,46,39,44,36,46,60,37,84,67,13,10298,48,45,46,51,55
20160122 11:51,41,45,44,37,36,69,37,85,68,14,10297,49,45,46,51,56
20160122 11:52,36,54,43,40,35,88,37,85,68,14,10296,48,45,46,51,56
20160122 11:53,42,58,43,43,49,83,36,85,67,13,10296,47,45,46,51,55
20160122 11:54,51,53,43,45,53,89,36,85,67,13,10295,47,45,46,51,55
20160122 11:55,49,40,43,46,45,45,36,85,67,13,10294,47,45,46,51,56
20160122 11:56,45,41,44,47,46,80,36,85,67,13,10294,47,45,46,51,56
20160122 11:57,49,56,45,49,53,97,36,85,67,13,10295,47,45,47,51,55
20160122 11:58,48,55,45,48,43,61,35,85,67,12,10295,47,45,47,51,56
20160122 11:59,44,50,45,50,44,72,35,85,67,12,10295,47,45,47,51,56
20160122 12:00,39,43,44,49,34,47,35,85,67,12,10295,48,45,47,51,56
20160122 12:01,35,40,44,49,35,67,35,86,67,14,10296,49,45,47,51,56
20160122 12:02,33,42,43,47,31,67,35,86,67,14,10296,48,46,47,51,56
20160122 12:03,28,42,41,46,24,65,35,86,67,14,10295,48,46,47,51,56
20160122 12:04,30,42,39,45,36,56,35,86,67,14,10294,49,46,47,51,56
20160122 12:05,37,42,38,46,37,71,35,86,67,14,10293,49,46,47,51,56
20160122 12:06,38,43,38,45,39,69,35,86,67,14,10292,49,46,47,51,56
20160122 12:07,41,40,37,43,42,55,35,86,67,14,10291,50,46,47,51,56
20160122 12:08,40,45,36,43,37,60,34,86,67,13,10291,49,46,47,51,56
20160122 12:09,36,50,35,43,36,75,34,87,68,14,10291,49,46,47,51,56
20160122 12:10,33,46,35,44,30,78,34,87,68,14,10290,50,46,47,51,56
20160122 12:11,31,42,34,43,32,53,34,87,68,14,10290,50,46,47,51,56
20160122 12:12,31,44,34,44,31,64,34,87,68,14,10290,50,46,47,51,56
20160122 12:13,31,46,35,44,31,72,34,87,68,14,10290,50,46,47,51,56
20160122 12:14,32,44,35,44,32,59,34,87,68,14,10290,50,46,47,51,56
20160122 12:15,32,48,34,45,33,72,34,87,68,14,10290,51,46,47,51,56
20160122 12:16,39,51,35,46,45,69,34,87,68,14,10291,51,46,47,51,56
20160122 12:17,42,45,35,46,39,64,34,87,68,14,10291,51,46,47,51,56
20160122 12:18,43,42,36,45,47,62,34,87,68,14,10291,51,46,47,51,56
20160122 12:19,40,51,35,46,33,102,34,88,69,16,10292,51,47,47,51,56
20160122 12:20,33,54,36,47,33,69,33,87,67,13,10291,50,47,47,51,56
20160122 12:21,39,42,37,46,45,54,33,87,67,13,10291,50,47,47,51,56
20160122 12:22,45,33,38,45,45,41,33,88,68,15,10291,51,47,47,51,56
20160122 12:23,38,35,38,44,31,58,33,88,68,15,10291,52,47,47,51,56
20160122 12:24,28,36,38,43,25,51,34,88,69,16,10292,52,47,47,51,56
20160122 12:25,28,30,37,41,31,49,34,89,69,18,10292,52,47,47,52,56
20160122 12:26,25,37,35,40,20,67,34,89,69,18,10292,52,47,47,52,56
20160122 12:27,27,40,34,40,34,65,34,89,69,18,10292,52,47,47,52,56
20160122 12:28,34,45,33,41,34,74,33,89,69,17,10292,51,47,47,52,56
20160122 12:29,34,46,33,39,33,53,33,88,68,15,10292,51,47,47,52,56
20160122 12:30,37,37,34,38,40,51,33,88,68,15,10291,52,47,47,52,56
20160122 12:31,43,36,34,38,46,55,33,89,69,17,10291,53,47,47,52,56
20160122 12:32,46,36,34,38,45,44,33,89,69,17,10291,53,47,47,52,56
20160122 12:33,38,31,34,37,31,36,33,89,69,17,10291,52,47,47,52,56
20160122 12:34,34,27,35,37,36,43,33,89,69,17,10290,53,48,48,52,56
20160122 12:35,41,45,37,40,47,81,33,90,70,18,10289,53,48,48,52,56
20160122 12:36,44,63,39,42,40,81,33,89,69,17,10289,50,48,48,52,56
20160122 12:37,39,59,39,44,38,79,33,89,69,17,10288,49,48,48,52,56
20160122 12:38,40,58,40,44,42,83,32,89,68,16,10288,48,48,48,52,56
20160122 12:39,38,56,40,45,33,65,32,88,68,14,10287,47,48,48,52,56
20160122 12:40,38,48,40,46,43,68,32,89,68,16,10286,48,48,48,52,56
20160122 12:41,44,46,40,47,45,64,32,89,68,16,10285,48,48,48,52,56
20160122 12:42,46,46,40,48,48,58,32,89,68,16,10285,48,48,48,52,56
20160122 12:43,47,49,42,51,47,81,32,89,68,16,10286,49,48,48,52,56
20160122 12:44,39,50,41,53,31,67,32,89,68,16,10286,48,48,48,52,56
20160122 12:45,28,41,39,50,25,57,32,89,68,16,10286,50,48,48,52,56
20160122 12:46,29,44,39,49,34,67,32,90,69,17,10285,51,48,48,52,56
20160122 12:47,37,44,39,47,40,50,33,90,70,18,10285,51,48,48,52,56
20160122 12:48,41,35,39,45,41,49,33,90,70,18,10286,53,48,48,52,56
20160122 12:49,44,28,40,42,47,40,33,90,70,18,10287,54,48,48,52,56
20160122 12:50,38,24,39,40,30,47,33,90,70,18,10287,56,48,48,52,56
20160122 12:51,32,35,38,40,34,61,33,91,70,20,10287,57,48,48,52,56
20160122 12:52,32,52,36,41,31,75,33,91,70,20,10287,56,48,48,52,56
20160122 12:53,35,51,35,40,40,68,33,90,70,18,10287,57,48,48,52,56
20160122 12:54,39,48,36,41,38,81,33,90,70,18,10288,56,48,48,52,56
20160122 12:55,41,49,38,42,44,62,33,90,70,18,10288,56,48,48,52,56
20160122 12:56,36,39,37,40,27,51,33,90,70,18,10288,57,49,48,52,56
20160122 12:57,29,35,36,40,31,48,34,90,70,19,10288,56,49,48,52,56
20160122 12:58,32,33,35,39,32,46,34,90,70,19,10287,57,49,48,52,56
20160122 12:59,33,34,34,41,34,53,34,90,70,19,10287,57,49,48,52,56
20160122 13:00,37,43,35,43,41,63,34,90,70,19,10286,57,49,48,52,56
20160122 13:01,40,47,36,43,39,63,34,90,70,19,10286,57,49,48,52,56
20160122 13:02,41,48,37,42,43,80,34,90,70,19,10286,56,49,48,52,56
20160122 13:03,38,54,36,44,33,75,34,90,70,19,10286,56,49,48,52,56
20160122 13:04,32,52,36,43,32,75,33,90,70,18,10285,55,49,48,52,56
20160122 13:05,37,41,35,42,43,46,33,90,70,18,10285,54,49,48,52,56
20160122 13:06,44,39,37,43,44,61,33,90,70,18,10285,54,49,48,52,56
20160122 13:07,46,41,39,44,48,59,33,90,70,18,10285,53,50,49,52,56
20160122 13:08,44,47,40,46,40,72,33,90,70,18,10284,54,50,49,52,56
20160122 13:09,42,48,41,46,44,61,33,90,70,18,10284,53,50,49,52,56
20160122 13:10,41,42,40,46,37,71,33,89,69,17,10284,53,50,49,52,56
20160122 13:11,41,41,41,45,45,62,33,90,70,18,10284,53,50,49,52,56
20160122 13:12,44,42,41,44,43,58,33,90,70,18,10284,53,50,49,52,56
20160122 13:13,37,39,41,42,32,46,33,90,70,18,10284,54,50,49,52,56
20160122 13:14,35,27,41,40,38,39,33,90,70,18,10283,54,50,49,52,56
20160122 13:15,41,26,42,39,44,54,33,90,70,18,10283,56,50,49,52,56
20160122 13:16,41,28,41,37,37,35,33,91,70,20,10283,55,50,49,52,56
20160122 13:17,40,36,40,38,43,81,33,91,70,20,10283,56,50,49,52,56
20160122 13:18,44,50,41,38,46,70,33,91,70,20,10283,54,50,49,52,56
20160122 13:19,44,48,41,38,42,57,33,90,70,18,10283,53,50,49,52,56
20160122 13:20,48,42,42,38,54,61,33,90,70,18,10282,53,50,49,52,56
20160122 13:21,53,40,43,38,51,61,33,90,70,18,10282,52,50,49,52,56
20160122 13:22,49,37,43,37,46,50,33,90,70,18,10282,52,50,49,52,56
20160122 13:23,44,34,44,37,43,59,33,90,70,18,10281,52,51,49,52,56
20160122 13:24,48,35,46,39,53,57,33,90,70,18,10280,52,51,49,52,56
20160122 13:25,46,33,45,38,40,47,33,91,70,20,10279,52,51,49,52,56
20160122 13:26,38,26,45,38,37,34,33,91,70,20,10279,52,51,49,52,56
20160122 13:27,35,26,44,36,32,47,33,91,70,20,10279,52,51,49,53,56
20160122 13:28,34,30,43,34,36,46,33,91,70,20,10279,52,51,49,52,56
20160122 13:29,30,34,42,33,25,53,33,91,70,20,10280,53,51,49,53,56
20160122 13:30,29,35,40,33,34,44,33,91,70,20,10280,53,51,49,53,56
20160122 13:31,30,38,37,33,27,56,33,91,70,20,10280,53,51,49,53,56
20160122 13:32,28,39,36,33,30,48,33,91,70,20,10280,52,51,49,53,56
20160122 13:33,30,35,34,33,31,53,33,91,70,20,10280,53,51,49,53,56
20160122 13:34,36,42,33,34,40,62,33,91,70,20,10280,54,51,49,53,56
20160122 13:35,35,33,32,33,29,42,33,91,70,20,10280,54,51,49,53,56
20160122 13:36,25,28,30,35,21,49,33,91,70,20,10280,55,51,50,53,56
20160122 13:37,34,33,32,35,47,55,33,91,70,20,10280,55,51,50,53,56
20160122 13:38,39,32,31,35,30,48,33,91,70,20,10279,55,51,50,53,56
20160122 13:39,30,38,32,36,29,66,33,91,70,20,10279,55,51,50,53,56
20160122 13:40,35,44,33,37,42,65,33,91,70,20,10279,55,51,50,53,56
20160122 13:41,46,42,35,36,51,49,33,91,70,20,10280,55,51,50,53,56
20160122 13:42,51,36,37,36,51,53,33,91,70,20,10280,54,51,50,53,56
20160122 13:43,47,38,38,37,43,60,33,91,70,20,10280,55,51,50,53,56
20160122 13:44,49,49,40,38,56,84,33,91,70,20,10280,55,51,50,53,56
20160122 13:45,41,52,40,41,27,69,33,91,70,20,10280,54,51,50,53,56
20160122 13:46,36,46,42,41,45,63,33,91,70,20,10280,55,51,50,53,56
20160122 13:47,39,39,41,42,32,48,33,91,70,20,10280,56,51,50,53,56
20160122 13:48,43,33,43,42,54,58,33,91,70,20,10280,56,51,50,53,56
20160122 13:49,53,28,45,40,53,50,33,91,70,20,10280,57,51,50,53,56
20160122 13:50,52,28,46,39,51,51,33,91,70,20,10281,57,51,50,53,56
20160122 13:51,48,38,46,39,45,55,33,91,70,20,10281,57,51,50,53,56
20160122 13:52,41,43,44,40,37,60,33,91,70,20,10281,56,51,50,53,56
20160122 13:53,44,37,45,39,51,45,33,91,70,20,10281,57,51,50,53,56
20160122 13:54,44,33,43,37,37,55,33,91,70,20,10281,57,51,50,53,56
20160122 13:55,40,45,45,38,43,78,33,91,70,20,10281,57,51,50,53,56
20160122 13:56,41,46,44,37,38,56,32,91,70,19,10281,56,52,50,53,56
20160122 13:57,40,42,45,38,42,64,32,91,70,19,10281,56,52,50,53,56
20160122 13:58,41,42,44,39,40,54,32,91,70,19,10281,56,52,50,53,56
20160122 13:59,45,38,43,40,51,49,32,91,70,19,10281,56,52,50,53,56
20160122 14:00,39,38,41,41,28,50,32,91,70,19,10281,56,52,50,53,56
20160122 14:01,30,44,40,41,33,69,32,91,70,19,10280,56,52,50,53,56
20160122 14:02,37,53,40,43,40,74,32,91,70,19,10280,54,52,50,53,56
20160122 14:03,39,45,39,43,37,47,32,91,70,19,10279,53,52,50,53,56
20160122 14:04,42,34,40,43,48,48,32,91,70,19,10279,54,52,50,53,56
20160122 14:05,43,30,40,40,39,39,32,91,70,19,10279,54,52,50,53,56
20160122 14:06,36,32,39,40,34,60,32,91,70,19,10279,54,52,50,53,56
20160122 14:07,35,35,39,39,37,44,32,92,71,20,10279,54,52,50,53,56
20160122 14:08,32,37,37,39,28,70,32,92,71,20,10280,54,52,50,53,56
20160122 14:09,34,45,36,40,40,60,32,92,71,20,10280,54,52,51,53,56
20160122 14:10,36,47,37,41,32,78,32,91,70,19,10280,53,52,51,53,56
20160122 14:11,35,44,37,40,38,57,32,91,70,19,10280,53,52,51,53,57
20160122 14:12,31,47,36,40,25,66,32,91,70,19,10280,54,52,51,53,57
20160122 14:13,32,46,36,40,39,59,32,91,70,19,10280,54,52,51,53,57
20160122 14:14,39,44,35,41,39,82,32,91,70,19,10280,53,52,51,53,57
20160122 14:15,36,39,35,42,33,42,32,91,70,19,10279,54,52,51,53,57
20160122 14:16,38,36,35,42,42,57,32,91,70,19,10279,55,52,51,53,57
20160122 14:17,42,38,36,42,42,54,32,91,70,19,10279,55,52,51,53,57
20160122 14:18,35,41,36,43,28,75,32,91,70,19,10279,56,52,51,53,57
20160122 14:19,26,52,34,44,23,68,32,91,70,19,10279,55,52,51,53,57
20160122 14:20,24,50,34,43,26,59,32,91,70,19,10279,55,52,51,53,57
20160122 14:21,26,43,32,44,26,60,32,91,70,19,10278,56,52,51,53,57
20160122 14:22,24,42,32,42,22,52,32,91,70,19,10278,57,52,51,54,57
20160122 14:23,23,47,30,44,24,67,32,92,71,20,10277,58,52,51,54,57
20160122 14:24,25,42,29,42,26,42,32,91,70,19,10277,58,52,51,54,57
20160122 14:25,25,38,28,44,24,77,32,91,70,19,10277,58,52,51,54,57
20160122 14:26,26,48,27,45,27,67,32,91,70,19,10277,57,52,51,54,57
20160122 14:27,28,50,26,46,29,70,32,91,70,19,10278,57,52,51,54,57
20160122 14:28,29,47,26,46,29,73,32,91,70,19,10278,57,53,51,54,57
20160122 14:29,35,46,27,45,40,64,32,91,70,19,10278,57,53,51,54,57
20160122 14:30,39,42,29,44,39,61,32,91,70,19,10278,57,53,51,54,57
20160122 14:31,36,38,29,44,33,65,32,91,70,19,10278,56,53,51,54,57
20160122 14:32,36,34,31,43,38,52,32,91,70,19,10278,57,53,51,54,57
20160122 14:33,38,39,32,42,38,71,32,92,71,20,10278,57,53,51,54,57
20160122 14:34,31,47,32,44,25,63,32,91,70,19,10278,57,53,51,54,57
20160122 14:35,34,39,34,42,42,46,32,91,70,19,10278,57,53,51,54,57
20160122 14:36,38,38,35,42,34,59,32,91,70,19,10279,57,53,51,54,57
20160122 14:37,39,38,36,40,43,53,32,91,70,19,10279,56,53,51,54,57
20160122 14:38,39,35,37,39,35,50,32,92,71,20,10280,55,53,51,54,57
20160122 14:39,32,33,36,38,28,56,32,92,71,20,10280,55,53,51,54,57
20160122 14:40,37,34,36,38,45,51,32,92,71,20,10280,55,53,51,54,57
20160122 14:41,37,45,36,39,29,68,32,92,71,20,10280,55,53,51,54,57
20160122 14:42,26,46,34,40,23,56,32,91,70,19,10280,55,53,51,54,57
20160122 14:43,30,33,34,38,38,41,32,91,70,19,10280,55,53,51,54,57
20160122 14:44,36,36,35,38,35,74,32,91,70,19,10280,57,53,51,54,57
20160122 14:45,31,51,34,40,27,83,32,92,71,20,10280,56,53,52,54,57
20160122 14:46,30,55,34,41,33,77,32,91,70,19,10281,55,53,52,54,57
20160122 14:47,34,55,33,43,34,79,32,91,70,19,10282,55,53,52,54,57
20160122 14:48,33,48,32,44,33,63,32,91,70,19,10283,55,53,52,54,57
20160122 14:49,27,40,32,45,21,56,32,91,70,19,10283,56,53,52,54,57
20160122 14:50,24,37,30,44,26,45,32,91,70,19,10283,57,53,52,54,57
20160122 14:51,28,44,30,45,30,74,32,91,70,19,10283,57,53,52,54,57
20160122 14:52,29,50,31,45,29,64,32,91,70,19,10283,56,53,52,54,57
20160122 14:53,35,37,31,45,41,39,32,91,70,19,10283,57,53,52,54,57
20160122 14:54,36,28,30,43,31,38,32,91,70,19,10283,57,53,52,54,57
20160122 14:55,32,30,31,41,32,56,32,92,71,20,10284,58,53,52,54,57
20160122 14:56,29,31,30,39,26,46,32,91,70,19,10284,57,54,52,54,57
20160122 14:57,26,40,29,38,26,65,32,91,70,19,10284,57,54,52,54,57
20160122 14:58,31,46,30,38,36,51,32,91,70,19,10283,56,54,52,54,57
20160122 14:59,29,39,30,38,22,57,32,91,70,19,10283,56,54,52,54,57
20160122 15:00,25,33,30,37,29,40,32,91,70,19,10282,57,54,52,54,57
20160122 15:01,33,27,31,35,36,35,32,91,70,19,10282,57,54,52,54,57
20160122 15:02,34,26,31,33,32,37,32,91,70,19,10283,58,54,52,54,57
20160122 15:03,27,25,29,32,23,42,33,92,71,21,10283,58,54,52,54,57
20160122 15:04,25,39,29,35,26,70,32,92,71,20,10283,57,54,52,54,57
20160122 15:05,28,49,29,36,30,70,32,91,70,19,10283,56,54,52,54,57
20160122 15:06,31,42,29,37,32,67,32,91,70,19,10282,55,54,52,54,57
20160122 15:07,30,36,29,35,28,46,32,91,70,19,10282,56,54,52,54,57
20160122 15:08,33,31,30,34,38,57,32,91,70,19,10282,56,54,52,54,57
20160122 15:09,35,26,31,33,32,28,32,91,70,19,10282,57,54,52,54,57
20160122 15:10,23,32,29,34,13,63,33,91,70,20,10282,57,54,52,54,57
20160122 15:11,20,48,28,37,26,71,32,91,70,19,10282,56,54,52,54,57
20160122 15:12,30,52,28,39,34,66,32,91,70,19,10282,55,54,52,54,57
20160122 15:13,30,54,29,43,27,78,32,91,70,19,10282,53,54,52,54,57
20160122 15:14,26,57,29,43,25,74,32,91,70,19,10283,52,54,52,54,57
20160122 15:15,26,52,28,43,28,61,32,91,70,19,10283,51,54,52,55,57
20160122 15:16,30,46,28,44,33,60,32,91,70,19,10283,50,54,52,55,57
20160122 15:17,29,44,28,45,24,56,32,91,70,19,10283,50,54,52,55,57
20160122 15:18,28,40,28,46,33,45,32,91,70,19,10282,50,54,52,55,57
20160122 15:19,30,39,27,48,27,60,32,91,70,19,10282,50,54,52,55,57
20160122 15:20,30,34,29,46,32,37,32,91,70,19,10282,50,54,52,55,57
20160122 15:21,32,33,30,44,32,55,32,92,71,20,10282,51,54,52,55,57
20160122 15:22,26,46,28,45,19,64,32,92,71,20,10282,50,54,52,55,57
20160122 15:23,23,46,28,43,27,57,31,92,70,19,10283,49,54,53,55,57
20160122 15:24,29,43,29,42,32,56,31,91,69,18,10284,49,54,53,55,57
20160122 15:25,35,38,30,40,39,46,31,92,70,19,10284,49,54,53,55,57
20160122 15:26,34,29,30,38,30,39,31,92,70,19,10284,49,54,53,55,57
20160122 15:27,22,34,29,38,14,48,31,92,70,19,10284,49,54,53,55,57
20160122 15:28,14,36,27,38,14,51,31,92,70,19,10284,49,54,53,55,57
20160122 15:29,20,27,27,35,27,35,31,92,70,19,10284,50,54,53,55,57
20160122 15:30,27,30,26,37,27,60,31,92,70,19,10283,52,54,53,55,57
20160122 15:31,28,42,26,37,28,66,31,92,70,19,10283,51,54,53,55,57
20160122 15:32,25,40,26,36,23,59,31,92,70,19,10284,51,54,53,55,57
20160122 15:33,27,41,27,36,31,61,31,92,70,19,10284,52,54,53,55,57
20160122 15:34,25,39,25,35,20,48,31,92,70,19,10284,52,53,53,55,57
20160122 15:35,21,30,24,35,22,45,31,92,70,19,10284,53,53,53,55,57
20160122 15:36,21,29,23,35,20,41,31,92,70,19,10284,53,53,53,55,57
20160122 15:37,21,30,23,34,22,55,31,92,70,19,10284,53,53,53,55,57
20160122 15:38,25,37,25,35,28,73,31,92,70,19,10284,53,53,53,55,57
20160122 15:39,28,38,25,36,27,62,31,92,70,19,10284,52,53,53,55,57
20160122 15:40,32,40,26,37,37,63,31,92,70,19,10284,52,53,53,55,57
20160122 15:41,33,43,26,37,30,62,31,92,70,19,10284,51,53,53,55,57
20160122 15:42,32,41,27,37,34,61,31,92,70,19,10284,51,53,53,55,57
20160122 15:43,27,40,26,36,21,52,31,92,70,19,10283,51,53,53,55,57
20160122 15:44,28,38,28,37,35,66,31,92,70,19,10284,51,53,53,55,57
20160122 15:45,32,42,28,39,28,63,31,92,70,19,10284,52,53,53,55,57
20160122 15:46,27,44,29,40,27,62,31,92,70,19,10284,51,53,53,55,57
20160122 15:47,25,35,29,39,23,40,31,92,70,19,10284,51,53,53,55,57
20160122 15:48,27,35,29,40,32,51,31,92,70,19,10284,51,53,53,55,58
20160122 15:49,20,38,27,39,7,52,31,92,70,19,10284,50,53,53,55,58
20160122 15:50,12,34,25,38,17,43,31,92,70,19,10284,50,53,53,55,58
20160122 15:51,23,27,25,36,29,42,31,92,70,19,10285,50,53,53,55,58
20160122 15:52,24,25,24,35,19,40,31,92,70,19,10285,51,53,53,55,58
20160122 15:53,11,29,22,34,3,42,31,92,70,19,10285,51,53,53,55,58
20160122 15:54,13,30,21,33,22,45,31,92,70,19,10285,51,53,53,55,58
20160122 15:55,28,34,21,32,34,53,32,93,71,22,10285,51,53,53,55,58
20160122 15:56,28,35,21,32,22,51,32,93,71,22,10285,50,53,53,55,58
20160122 15:57,16,34,20,32,11,56,31,92,70,19,10285,50,53,53,55,58
20160122 15:58,18,34,19,31,25,41,32,92,71,20,10286,49,53,53,55,58
20160122 15:59,27,32,21,31,29,44,32,92,71,20,10286,49,53,53,55,58
20160122 16:00,30,36,23,32,32,58,32,93,71,22,10286,48,53,53,55,58
20160122 16:01,25,37,22,33,18,49,32,93,71,22,10286,48,53,53,55,58
20160122 16:02,24,35,23,34,29,48,31,93,71,21,10286,48,53,53,55,58
20160122 16:03,25,32,24,34,20,44,31,93,71,21,10286,48,53,53,55,58
20160122 16:04,23,35,25,35,25,54,32,93,71,22,10286,48,53,53,55,58
20160122 16:05,26,35,24,34,27,49,32,93,71,22,10286,48,53,53,55,58
20160122 16:06,21,37,23,35,14,64,32,93,71,22,10285,49,53,53,55,58
20160122 16:07,25,39,25,35,35,60,31,92,70,19,10285,49,53,53,55,58
20160122 16:08,35,32,27,35,36,44,32,92,71,20,10284,49,53,53,55,58
20160122 16:09,39,35,28,36,43,65,32,93,71,22,10284,49,53,53,55,58
20160122 16:10,35,40,27,36,26,53,32,93,71,22,10284,48,53,53,55,58
20160122 16:11,21,35,27,35,16,47,32,93,71,22,10284,48,53,53,55,58
20160122 16:12,21,39,27,36,25,68,32,93,71,22,10285,48,53,53,56,58
20160122 16:13,22,40,27,37,19,59,31,92,70,19,10285,47,52,53,56,58
20160122 16:14,23,37,27,37,27,52,31,92,70,19,10285,47,52,53,56,58
20160122 16:15,33,38,28,38,40,53,31,92,70,19,10285,47,52,53,56,58
20160122 16:16,34,41,29,38,28,69,31,92,70,19,10285,47,52,53,56,58
20160122 16:17,30,44,29,38,32,59,31,92,70,19,10285,46,52,53,56,58
20160122 16:18,31,38,29,39,30,43,31,92,70,19,10285,46,52,53,56,58
20160122 16:19,21,30,26,37,12,39,31,92,70,19,10285,46,52,53,56,58
20160122 16:20,11,26,24,36,11,34,31,92,70,19,10286,47,52,53,56,58
20160122 16:21,21,29,25,36,30,44,31,92,70,19,10286,46,52,53,56,58
20160122 16:22,24,36,25,36,17,46,31,92,70,19,10286,46,52,53,56,58
20160122 16:23,17,34,24,35,16,49,31,92,70,19,10286,46,52,53,56,58
20160122 16:24,22,34,24,35,28,50,31,92,70,19,10286,46,52,53,56,58
20160122 16:25,27,37,23,35,25,50,31,92,70,19,10286,45,52,53,56,58
20160122 16:26,28,33,23,33,32,39,31,92,70,19,10286,45,52,53,56,58
20160122 16:27,29,33,23,33,25,48,31,92,70,19,10286,45,52,53,56,58
20160122 16:28,25,33,22,33,24,55,31,92,70,19,10287,45,52,53,56,58
20160122 16:29,26,41,24,35,28,63,31,92,70,19,10287,45,52,53,56,58
20160122 16:30,26,47,25,37,23,65,31,92,70,19,10288,44,52,53,56,58
20160122 16:31,20,47,23,38,16,73,31,92,70,19,10288,43,52,53,56,58
20160122 16:32,20,55,24,40,25,69,31,91,69,18,10288,42,52,53,56,58
20160122 16:33,22,53,25,42,20,71,31,91,69,18,10288,42,52,53,56,58
20160122 16:34,16,43,23,42,12,66,30,91,69,17,10289,41,51,53,56,58
20160122 16:35,20,42,23,43,28,59,30,91,69,17,10289,41,51,53,56,58
20160122 16:36,26,39,23,44,24,55,30,91,69,17,10289,40,51,53,56,58
20160122 16:37,23,36,22,44,21,50,30,91,69,17,10289,40,51,53,56,58
20160122 16:38,30,42,24,45,39,71,30,91,69,17,10289,40,51,53,56,58
20160122 16:39,34,41,24,44,30,53,30,91,69,17,10289,40,51,53,56,58
20160122 16:40,27,37,24,43,24,51,30,91,69,17,10289,40,51,53,56,58
20160122 16:41,19,34,24,41,13,47,30,91,69,17,10289,40,51,53,56,58
20160122 16:42,14,31,23,39,15,43,30,92,70,18,10289,39,51,53,56,58
20160122 16:43,22,31,23,37,29,47,30,92,70,18,10289,40,51,53,56,58
20160122 16:44,23,35,24,37,16,67,30,92,70,18,10289,39,51,53,56,58
20160122 16:45,22,40,24,37,28,51,30,92,70,18,10289,39,51,53,56,58
20160122 16:46,23,43,23,38,17,63,30,92,70,18,10289,38,51,53,56,58
20160122 16:47,14,39,22,37,11,53,30,92,70,18,10289,38,50,53,56,58
20160122 16:48,17,29,20,35,22,37,30,92,70,18,10289,38,50,53,56,58
20160122 16:49,17,36,19,36,12,63,30,92,70,18,10289,39,50,53,56,58
20160122 16:50,25,44,20,37,37,60,30,92,70,18,10289,38,50,53,56,58
20160122 16:51,26,38,20,37,15,53,30,92,70,18,10289,38,50,53,56,58
20160122 16:52,23,32,22,37,31,59,30,92,70,18,10289,38,50,53,56,58
20160122 16:53,24,30,21,37,17,47,30,92,70,18,10289,38,50,53,56,58
20160122 16:54,24,34,22,36,30,54,30,92,70,18,10289,38,50,53,56,58
20160122 16:55,29,36,22,36,29,53,30,92,70,18,10290,37,50,53,56,58
20160122 16:56,27,39,23,35,26,53,30,92,70,18,10290,37,49,53,56,58
20160122 16:57,23,49,24,38,19,70,29,92,69,17,10289,36,49,53,56,58
20160122 16:58,27,51,25,40,35,61,29,92,69,17,10289,36,49,53,56,58
20160122 16:59,24,41,25,39,14,57,29,92,69,17,10289,36,49,53,56,58
20160122 17:00,21,47,24,40,27,75,29,92,69,17,10289,36,49,53,56,58
20160122 17:01,25,53,25,42,22,67,29,92,69,17,10289,35,49,53,56,58
20160122 17:02,23,46,24,43,24,53,29,92,69,17,10289,35,49,53,56,58
20160122 17:03,26,43,25,44,27,57,29,92,69,17,10289,35,49,53,56,58
20160122 17:04,28,45,25,45,28,69,29,92,69,17,10289,35,49,53,56,58
20160122 17:05,20,39,23,45,12,47,29,92,69,17,10289,34,49,53,56,58
20160122 17:06,20,42,24,46,27,67,29,92,69,17,10289,35,49,53,56,58
20160122 17:07,31,50,25,45,34,77,29,92,69,17,10289,34,48,53,56,58
20160122 17:08,29,50,24,46,25,66,29,92,69,17,10290,34,48,53,56,58
20160122 17:09,27,39,26,45,30,50,29,92,69,17,10290,34,48,53,56,58
20160122 17:10,24,31,25,43,18,57,29,92,69,17,10290,34,48,53,56,58
20160122 17:11,23,35,25,41,27,46,29,92,69,17,10290,34,48,53,56,58
20160122 17:12,32,39,27,41,37,65,29,92,69,17,10290,34,48,53,56,58
20160122 17:13,31,38,26,40,26,49,29,92,69,17,10290,33,48,53,56,58
20160122 17:14,32,35,27,39,37,57,29,92,69,17,10290,34,48,53,56,58
20160122 17:15,30,39,28,40,23,57,29,92,69,17,10291,33,47,53,56,58
20160122 17:16,26,40,28,39,28,53,29,92,69,17,10291,33,47,53,56,58
20160122 17:17,27,39,28,38,26,49,29,92,69,17,10291,33,47,53,56,58
20160122 17:18,24,33,27,36,22,49,29,92,69,17,10291,33,47,53,56,58
20160122 17:19,20,28,26,36,19,40,29,92,69,17,10292,33,47,53,56,58
20160122 17:20,18,29,26,35,18,44,29,92,69,17,10292,33,47,53,56,58
20160122 17:21,20,32,26,35,23,51,29,92,69,17,10292,33,47,53,56,58
20160122 17:22,27,37,25,35,31,47,29,92,69,17,10292,33,47,53,56,58
20160122 17:23,32,33,26,34,32,35,29,92,69,17,10292,33,47,53,56,58
20160122 17:24,32,27,25,33,31,35,29,92,69,17,10292,33,47,53,56,59
20160122 17:25,26,30,25,33,21,43,29,92,69,17,10292,33,47,53,56,58
20160122 17:26,22,28,25,31,24,30,29,92,69,17,10292,33,46,53,56,59
20160122 17:27,21,24,24,30,17,39,29,92,69,17,10292,33,46,53,56,59
20160122 17:28,16,32,23,31,15,52,29,93,70,19,10293,33,46,53,56,59
20160122 17:29,18,37,23,31,21,49,29,93,70,19,10293,33,46,53,56,59
20160122 17:30,20,38,23,33,19,55,29,92,69,17,10293,33,46,53,56,59
20160122 17:31,22,38,23,33,24,52,30,92,70,18,10293,33,46,53,56,59
20160122 17:32,19,36,22,32,13,53,30,92,70,18,10293,33,46,53,56,59
20160122 17:33,20,38,21,34,27,63,30,92,70,18,10293,33,46,53,56,59
20160122 17:34,28,41,21,35,29,50,30,92,70,18,10292,33,46,53,56,59
20160122 17:35,24,47,21,37,19,70,30,92,70,18,10292,33,46,53,56,59
20160122 17:36,20,44,20,38,21,48,30,92,70,18,10292,33,46,53,56,59
20160122 17:37,24,35,22,39,28,47,30,92,70,18,10292,33,45,53,56,59
20160122 17:38,28,42,23,40,28,65,30,92,70,18,10293,33,45,53,56,59
20160122 17:39,22,44,23,41,17,54,30,92,70,18,10293,33,45,53,56,59
20160122 17:40,17,35,22,39,17,37,30,92,70,18,10294,33,45,53,56,59
20160122 17:41,18,33,22,40,19,49,30,92,70,18,10294,33,45,53,56,59
20160122 17:42,26,34,24,39,33,53,30,92,70,18,10294,33,45,53,56,59
20160122 17:43,25,36,23,39,17,55,30,92,70,18,10294,33,45,52,56,59
20160122 17:44,22,35,22,38,26,40,30,92,70,18,10294,33,45,52,56,59
20160122 17:45,22,29,22,36,18,45,30,92,70,18,10294,33,45,52,56,59
20160122 17:46,7,36,20,36,356,62,30,92,70,18,10294,33,45,52,56,59
20160122 17:47,5,40,18,36,13,54,30,92,70,18,10294,33,45,52,56,59
20160122 17:48,18,36,18,35,23,46,30,92,70,18,10294,32,45,52,56,59
20160122 17:49,24,34,19,34,26,45,30,92,70,18,10294,32,45,52,56,59
20160122 17:50,23,32,19,34,20,49,30,92,70,18,10295,33,45,52,56,59
20160122 17:51,20,38,19,35,19,60,30,92,70,18,10295,32,45,52,56,59
20160122 17:52,19,51,18,38,18,75,30,92,70,18,10296,32,44,52,56,59
20160122 17:53,19,46,18,37,20,47,30,92,70,18,10296,32,44,52,56,59
20160122 17:54,23,35,18,38,26,42,30,91,69,17,10297,32,44,52,56,59
20160122 17:55,21,38,18,39,17,64,30,92,70,18,10297,32,44,52,56,59
20160122 17:56,17,40,20,39,17,55,30,92,70,18,10297,32,44,52,56,59
20160122 17:57,18,32,21,38,20,36,30,91,69,17,10297,32,44,52,56,59
20160122 17:58,18,29,20,37,16,46,30,91,69,17,10297,32,44,52,56,59
20160122 17:59,24,37,20,38,32,58,30,91,69,17,10297,32,44,52,56,59
20160122 18:00,23,36,20,38,14,40,30,91,69,17,10296,32,44,52,56,59
20160122 18:01,11,34,19,38,8,49,30,91,69,17,10296,32,44,52,56,59
20160122 18:02,12,38,19,36,16,48,30,91,69,17,10297,32,44,52,56,59
20160122 18:03,18,35,18,36,19,40,30,91,69,17,10297,32,44,52,56,59
20160122 18:04,17,37,17,36,16,55,30,91,69,17,10297,32,44,52,56,59
20160122 18:05,19,38,18,36,22,53,30,91,69,17,10296,32,44,52,56,59
20160122 18:06,22,29,18,34,22,29,30,91,69,17,10296,32,44,52,56,59
20160122 18:07,21,31,18,35,20,50,30,91,69,17,10296,32,44,52,56,59
20160122 18:08,23,44,19,37,26,65,30,91,69,17,10297,32,44,52,56,59
20160122 18:09,21,45,18,37,17,59,30,91,69,17,10298,31,43,52,56,59
20160122 18:10,16,40,18,38,14,45,30,91,69,17,10298,31,43,52,56,59
20160122 18:11,12,30,18,36,9,40,30,91,69,17,10298,31,43,52,56,59
20160122 18:12,12,23,18,35,14,32,30,91,69,17,10298,32,43,52,56,59
20160122 18:13,20,28,19,35,27,74,30,91,69,17,10299,32,43,52,56,59
20160122 18:14,28,41,20,35,30,75,30,91,69,17,10299,32,43,52,56,59
20160122 18:15,24,46,20,36,18,54,30,91,69,17,10299,31,43,51,56,59
20160122 18:16,24,39,20,37,29,58,30,91,69,17,10299,31,43,52,56,59
20160122 18:17,26,39,21,38,23,47,30,91,69,17,10299,31,43,51,56,59
20160122 18:18,23,38,20,36,23,49,30,91,69,17,10299,31,43,51,56,59
20160122 18:19,26,25,22,33,29,28,30,91,69,17,10298,31,43,51,56,59
20160122 18:20,27,21,23,32,24,42,30,91,69,17,10298,31,43,51,56,59
20160122 18:21,24,25,24,32,23,31,30,91,69,17,10298,31,43,51,56,59
20160122 18:22,20,26,24,33,16,59,30,91,69,17,10298,31,43,51,56,59
20160122 18:23,22,37,24,34,27,54,29,91,68,16,10298,31,43,51,56,59
20160122 18:24,23,38,23,32,20,41,29,91,68,16,10298,31,43,51,56,59
20160122 18:25,17,31,23,31,14,45,30,91,69,17,10298,31,43,51,56,59
20160122 18:26,12,29,21,31,9,34,30,91,69,17,10298,31,43,51,56,59
20160122 18:27,10,27,20,29,10,32,29,91,68,16,10298,31,43,51,56,59
20160122 18:28,14,27,19,28,18,44,29,91,68,16,10298,31,43,51,56,59
20160122 18:29,21,32,18,30,23,47,29,91,68,16,10298,31,43,51,56,59
20160122 18:30,25,35,19,31,27,46,29,91,68,16,10299,31,43,51,56,59
20160122 18:31,28,25,19,30,29,21,29,91,68,16,10299,31,42,51,56,59
20160122 18:32,31,22,21,30,33,50,29,91,68,16,10299,31,42,51,56,59
20160122 18:33,29,26,21,28,26,43,29,91,68,16,10300,31,42,51,56,59
20160122 18:34,23,30,21,29,20,48,29,91,68,16,10300,31,42,51,56,59
20160122 18:35,16,38,21,29,13,57,29,91,68,16,10300,31,42,51,56,59
20160122 18:36,15,34,22,30,18,39,29,91,68,16,10300,31,42,51,56,59
20160122 18:37,18,39,22,32,18,73,29,91,68,16,10301,31,42,51,56,59
20160122 18:38,20,42,23,33,22,56,29,91,68,16,10301,30,42,51,56,59
20160122 18:39,23,34,23,32,24,51,29,91,68,16,10302,30,42,51,56,59
20160122 18:40,20,35,22,33,16,50,29,91,68,16,10302,31,42,51,56,59
20160122 18:41,14,38,20,35,11,48,29,91,68,16,10302,30,42,51,56,59
20160122 18:42,13,42,18,37,14,62,29,91,68,16,10302,30,42,51,56,59
20160122 18:43,18,49,18,40,22,68,29,91,68,16,10302,30,42,51,56,59
20160122 18:44,19,40,17,39,16,42,29,91,68,16,10302,30,42,51,56,59
20160122 18:45,14,23,17,37,12,35,29,91,68,16,10302,30,42,51,56,59
20160122 18:46,16,22,17,37,19,42,29,91,68,16,10302,30,42,51,56,59
20160122 18:47,22,31,18,35,26,54,29,91,68,16,10303,30,42,51,56,59
20160122 18:48,21,35,18,35,17,46,29,91,68,16,10303,30,42,51,56,59
20160122 18:49,18,33,17,35,18,48,29,91,68,16,10303,30,42,51,56,59
20160122 18:50,19,35,17,35,20,61,29,91,68,16,10304,30,42,51,56,59
20160122 18:51,22,44,19,36,24,55,29,91,68,16,10304,30,42,51,56,59
20160122 18:52,23,43,20,35,21,51,29,91,68,16,10304,30,42,50,56,59
20160122 18:53,17,34,18,33,12,51,29,91,68,16,10304,30,42,50,56,59
20160122 18:54,12,27,18,33,12,33,29,91,68,16,10304,30,42,50,56,59
20160122 18:55,18,33,19,35,24,65,29,91,68,16,10305,30,41,50,56,59
20160122 18:56,20,37,19,36,16,44,29,91,68,16,10305,30,41,50,56,59
20160122 18:57,9,38,17,36,2,58,29,91,68,16,10305,30,41,50,56,59
20160122 18:58,5,38,16,36,8,46,29,91,68,16,10305,30,41,50,56,59
20160122 18:59,11,39,15,38,14,65,29,91,68,16,10305,30,41,50,56,59
20160122 19:00,15,40,15,37,17,58,29,91,68,16,10305,30,41,50,56,59
20160122 19:01,13,39,14,36,9,63,29,90,68,14,10305,30,41,50,56,59
20160122 19:02,13,41,13,37,17,57,29,90,68,14,10305,29,41,50,56,59
20160122 19:03,17,37,14,37,17,53,29,90,68,14,10305,29,41,50,56,59
20160122 19:04,17,31,14,37,16,42,29,91,68,16,10305,29,41,50,56,59
20160122 19:05,16,38,13,38,16,70,29,91,68,16,10305,29,41,50,56,59
20160122 19:06,19,53,14,41,22,72,29,90,68,14,10305,29,41,50,56,59
20160122 19:07,21,52,16,41,19,54,29,90,68,14,10306,29,41,50,56,59
20160122 19:08,19,36,17,40,19,36,29,90,68,14,10306,29,41,50,56,59
20160122 19:09,21,31,18,39,23,55,29,90,68,14,10306,29,41,50,56,59
20160122 19:10,22,35,18,39,20,61,29,90,68,14,10306,29,41,50,56,59
20160122 19:11,20,40,19,39,20,60,28,90,67,13,10306,29,41,50,56,59
20160122 19:12,14,42,18,39,8,54,28,90,67,13,10307,28,41,50,56,59
20160122 19:13,6,36,17,39,4,50,28,90,67,13,10307,28,41,50,56,59
20160122 19:14,6,37,16,41,7,57,28,90,67,13,10307,28,41,50,56,59
20160122 19:15,16,40,17,40,25,52,28,90,67,13,10308,28,41,50,56,59
20160122 19:16,24,33,17,37,22,40,28,90,67,13,10308,28,41,50,56,59
20160122 19:17,20,33,17,36,17,52,28,90,67,13,10309,28,41,50,56,59
20160122 19:18,17,35,16,37,18,41,28,90,67,13,10309,28,41,50,56,59
20160122 19:19,18,28,16,35,18,30,28,90,67,13,10309,28,41,50,56,59
20160122 19:20,13,30,15,35,8,51,28,90,67,13,10309,28,40,50,56,59
20160122 19:21,8,33,13,34,8,48,28,90,67,13,10309,28,40,50,56,59
20160122 19:22,11,33,14,34,14,50,28,90,67,13,10309,28,40,50,56,59
20160122 19:23,6,28,13,32,357,27,27,90,67,12,10309,28,40,50,56,59
20160122 19:24,5,24,14,31,13,41,27,91,67,14,10310,28,40,50,56,59
20160122 19:25,13,31,13,30,13,38,27,91,67,14,10310,28,40,50,56,59
20160122 19:26,18,33,13,31,22,57,27,91,67,14,10310,28,40,50,56,59
20160122 19:27,11,33,11,30,0,57,27,91,67,14,10310,28,40,50,55,59
20160122 19:28,6,32,11,30,12,49,27,91,67,14,10311,28,40,50,56,59
20160122 19:29,16,37,11,32,19,61,27,91,67,14,10311,28,40,50,55,59
20160122 19:30,19,47,12,34,20,69,27,91,67,14,10311,27,40,49,55,59
20160122 19:31,21,47,13,35,22,56,27,91,67,14,10311,27,40,49,55,59
20160122 19:32,21,46,14,36,20,75,27,90,67,12,10311,27,40,49,55,59
20160122 19:33,23,48,17,39,26,65,27,90,67,12,10312,27,40,49,55,59
20160122 19:34,20,42,17,40,15,52,27,90,67,12,10312,27,40,49,55,59
20160122 19:35,14,33,17,40,13,48,27,90,67,12,10312,27,40,49,55,59
20160122 19:36,14,35,16,40,15,54,27,90,67,12,10312,27,40,49,55,59
20160122 19:37,19,44,18,42,23,58,26,90,66,11,10313,27,40,49,55,59
20160122 19:38,17,41,18,42,11,44,26,90,66,11,10312,26,40,49,55,59
20160122 19:39,7,31,17,41,3,44,26,90,66,11,10312,26,40,49,55,59
20160122 19:40,12,25,17,38,20,35,26,90,66,11,10313,26,40,49,55,59
20160122 19:41,17,24,16,36,14,41,26,91,67,13,10313,27,39,49,55,59
20160122 19:42,7,28,14,34,1,51,26,91,67,13,10313,27,39,49,55,59
20160122 19:43,9,32,13,33,17,45,26,91,67,13,10314,27,39,49,55,59
20160122 19:44,16,31,13,32,15,39,26,91,67,13,10314,27,39,49,55,59
20160122 19:45,7,29,12,32,359,44,26,91,67,13,10314,27,39,49,55,59
20160122 19:46,4,31,11,31,9,43,26,91,67,13,10314,27,39,49,55,59
20160122 19:47,9,34,10,30,10,53,26,91,67,13,10315,27,39,49,55,59
20160122 19:48,13,35,10,30,16,49,26,91,67,13,10315,26,39,49,55,59
20160122 19:49,10,31,11,30,4,39,26,91,67,13,10315,27,39,49,55,59
20160122 19:50,9,27,10,30,13,33,26,91,67,13,10315,27,39,49,55,59
20160122 19:51,9,26,9,30,4,36,26,91,67,13,10316,27,39,49,55,59
20160122 19:52,0,25,8,30,356,31,26,91,67,13,10316,27,39,49,55,59
20160122 19:53,1,31,7,30,6,71,26,91,67,13,10316,26,39,49,55,59
20160122 19:54,4,34,6,30,2,44,26,91,67,13,10317,26,39,49,55,59
20160122 19:55,2,30,6,30,3,46,26,91,67,13,10317,26,39,49,55,59
20160122 19:56,3,33,6,31,3,56,26,91,67,13,10317,26,39,49,55,59
20160122 19:57,1,43,5,32,0,60,26,91,67,13,10316,26,39,49,55,59
20160122 19:58,3,41,4,32,5,48,26,91,67,13,10317,26,39,49,55,59
20160122 19:59,11,29,5,32,16,37,26,91,67,13,10317,26,39,49,55,59
20160122 20:00,16,28,5,32,15,42,26,91,67,13,10317,26,39,49,55,59
