time_now,wd_avg_2mins,ws_avg_2mins,wd_avg_10mins,ws_avg_10mins,wd_maxsp_this_min,ws_maxsp_this_min,air_temp_by_box,relative_humidity,water_vapor_pressure,dew_temp,station_pressure,ground_temp_pt,ground_tem_5cm,ground_tem_10cm,ground_tem_15cm,ground_tem_20cm
20160116 20:01,31,19,36,15,32,23,12,75,50,-27,10210,-5,43,70,79,81
20160116 20:02,32,18,33,16,33,21,12,75,50,-27,10210,-5,42,70,79,81
20160116 20:03,31,18,30,17,28,21,12,75,50,-27,10210,-5,42,70,79,81
20160116 20:04,31,18,28,17,33,21,12,75,50,-27,10210,-5,42,69,79,81
20160116 20:05,32,18,28,17,31,26,12,75,50,-27,10210,-6,42,69,79,81
20160116 20:06,31,19,28,18,31,23,12,75,50,-27,10210,-6,42,69,79,81
20160116 20:07,32,20,30,18,33,30,13,74,50,-28,10210,-6,41,69,79,81
20160116 20:08,31,24,30,20,28,31,14,72,49,-31,10210,-6,41,69,79,81
20160116 20:09,30,25,31,20,32,29,14,71,48,-33,10210,-6,41,69,79,81
20160116 20:10,30,23,31,21,29,30,15,70,48,-34,10210,-6,41,69,79,81
20160116 20:11,30,21,31,21,32,24,16,69,47,-35,10210,-6,41,69,79,81
20160116 20:12,29,21,30,21,26,31,17,67,46,-38,10209,-6,41,68,79,81
20160116 20:13,28,22,31,21,30,30,18,66,46,-39,10209,-6,41,68,79,81
20160116 20:14,28,24,30,22,26,31,19,65,46,-40,10209,-6,40,68,79,81
20160116 20:15,20,21,28,22,13,22,21,62,44,-44,10209,-6,40,68,79,81
20160116 20:16,18,17,27,22,23,21,22,60,43,-48,10209,-6,40,68,78,81
20160116 20:17,21,19,26,22,18,30,23,59,43,-49,10209,-6,40,68,78,81
20160116 20:18,23,19,26,21,28,23,23,58,42,-51,10209,-6,40,68,78,81
20160116 20:19,26,18,25,20,23,24,24,58,42,-50,10209,-6,40,68,78,81
20160116 20:20,25,19,25,20,26,25,25,57,42,-51,10209,-6,40,68,78,81
20160116 20:21,29,16,24,19,31,18,26,55,40,-55,10209,-6,39,67,78,81
20160116 20:22,29,14,24,19,26,22,27,55,41,-54,10209,-6,39,67,78,81
20160116 20:23,28,15,24,18,29,21,27,56,42,-52,10209,-6,39,67,78,81
20160116 20:24,30,16,25,17,31,23,27,56,42,-52,10209,-6,39,67,78,81
20160116 20:25,28,19,26,18,24,27,28,55,41,-53,10209,-6,39,67,78,81
20160116 20:26,23,22,26,18,22,25,29,54,41,-55,10209,-7,39,67,78,81
20160116 20:27,23,20,26,18,24,22,30,54,41,-54,10209,-7,39,67,78,81
20160116 20:28,25,19,26,18,26,24,30,54,41,-54,10209,-7,38,67,78,81
20160116 20:29,26,19,27,18,27,24,30,54,41,-54,10209,-7,38,67,78,81
20160116 20:30,27,20,27,18,28,23,31,53,40,-55,10209,-7,38,66,78,81
20160116 20:31,28,20,27,19,28,22,32,53,41,-55,10209,-7,38,66,77,81
20160116 20:32,27,19,27,19,27,21,32,53,41,-55,10209,-7,38,66,77,81
20160116 20:33,27,19,26,19,27,21,33,53,41,-54,10209,-7,38,66,77,81
20160116 20:34,26,17,26,19,26,20,33,53,41,-54,10209,-7,38,66,77,81
20160116 20:35,25,16,26,19,25,18,33,53,41,-54,10209,-7,37,66,77,81
20160116 20:36,25,16,26,18,26,20,33,53,41,-54,10209,-7,37,66,77,81
20160116 20:37,27,16,27,18,29,20,33,54,42,-51,10208,-7,37,66,77,80
20160116 20:38,28,16,27,18,26,19,34,54,42,-50,10208,-7,37,66,77,80
20160116 20:39,25,16,27,17,24,19,34,54,42,-50,10208,-7,37,65,77,80
20160116 20:40,26,16,27,17,27,21,34,55,43,-48,10208,-7,37,65,77,80
20160116 20:41,28,16,26,16,28,19,34,55,43,-48,10208,-7,37,65,77,80
20160116 20:42,29,15,27,16,30,17,35,55,43,-47,10208,-7,37,65,77,80
20160116 20:43,32,15,27,16,34,21,35,56,44,-44,10208,-7,37,65,77,80
20160116 20:44,32,16,28,16,29,18,35,56,44,-44,10208,-8,36,65,77,80
20160116 20:45,28,14,28,15,27,16,35,57,45,-42,10207,-8,36,65,76,80
20160116 20:46,28,13,28,15,29,16,36,58,46,-39,10207,-8,36,65,76,80
20160116 20:47,30,13,28,15,31,15,36,58,46,-39,10207,-8,36,64,76,80
20160116 20:48,30,13,29,15,30,15,36,58,46,-39,10207,-8,36,64,76,80
20160116 20:49,30,13,29,14,30,16,36,59,47,-37,10207,-8,36,64,76,80
20160116 20:50,32,13,30,14,34,14,36,59,47,-37,10207,-8,36,64,76,80
20160116 20:51,34,13,31,14,34,15,36,59,47,-37,10207,-8,36,64,76,80
20160116 20:52,37,13,32,14,41,16,36,60,47,-34,10207,-8,35,64,76,80
20160116 20:53,42,14,33,13,43,16,36,60,47,-34,10207,-8,35,64,76,80
20160116 20:54,45,14,35,13,47,16,35,60,47,-35,10207,-8,35,64,76,80
20160116 20:55,50,13,37,13,52,15,35,60,47,-35,10207,-8,35,64,76,80
20160116 20:56,54,12,40,13,55,13,35,61,48,-33,10207,-8,35,64,76,80
20160116 20:57,56,11,42,13,57,12,34,62,48,-32,10207,-8,35,63,76,80
20160116 20:58,57,10,45,13,57,12,33,63,49,-31,10207,-8,35,63,76,80
20160116 20:59,57,11,48,12,56,13,33,64,50,-29,10207,-8,35,63,75,80
20160116 21:00,58,11,50,12,59,13,33,65,50,-26,10207,-8,35,63,75,80
20160116 21:01,61,10,53,12,62,11,32,67,51,-23,10207,-8,34,63,75,80
20160116 21:02,63,10,55,12,64,12,31,67,51,-24,10207,-8,34,63,75,80
20160116 21:03,64,11,57,11,65,12,31,68,52,-22,10207,-8,34,63,75,80
20160116 21:04,66,10,59,11,67,12,30,68,52,-23,10207,-8,34,63,75,80
20160116 21:05,66,10,61,11,65,11,30,69,52,-21,10207,-8,34,63,75,80
20160116 21:06,66,9,62,10,67,10,30,69,52,-21,10206,-8,34,63,75,80
20160116 21:07,64,8,62,10,61,9,29,70,53,-20,10206,-8,34,62,75,80
20160116 21:08,60,7,63,10,59,9,28,70,52,-21,10206,-8,34,62,75,80
20160116 21:09,58,7,63,9,57,10,28,71,53,-19,10206,-8,34,62,75,79
20160116 21:10,55,8,62,9,54,11,27,71,53,-20,10206,-8,33,62,75,79
20160116 21:11,58,8,62,9,62,10,26,71,52,-21,10206,-8,33,62,75,79
20160116 21:12,64,7,62,8,65,7,26,71,52,-21,10206,-8,33,62,75,79
20160116 21:13,70,7,63,8,75,8,25,72,53,-20,10206,-8,33,62,75,79
20160116 21:14,74,7,64,7,73,7,25,72,53,-20,10206,-9,33,62,74,79
20160116 21:15,78,7,65,7,82,8,24,73,53,-19,10206,-9,33,62,74,79
20160116 21:16,81,8,67,7,80,9,24,73,53,-19,10206,-9,33,62,74,79
20160116 21:17,82,8,69,7,84,9,24,74,54,-18,10206,-9,33,61,74,79
20160116 21:18,78,8,70,7,72,10,23,74,53,-19,10206,-9,33,61,74,79
20160116 21:19,68,8,71,7,64,9,23,74,53,-19,10206,-9,33,61,74,79
20160116 21:20,65,7,72,7,66,9,22,74,53,-19,10205,-9,32,61,74,79
20160116 21:21,64,6,72,7,63,7,21,74,53,-20,10205,-9,32,61,74,79
20160116 21:22,64,6,72,7,64,7,21,74,53,-20,10205,-9,32,61,74,79
20160116 21:23,63,5,71,7,61,5,20,75,53,-20,10205,-9,32,61,74,79
20160116 21:24,54,5,68,7,46,7,20,75,53,-20,10205,-9,32,61,74,79
20160116 21:25,56,4,67,6,67,4,19,75,53,-21,10205,-9,32,61,74,79
20160116 21:26,59,3,64,6,50,5,19,75,53,-21,10205,-9,32,60,74,79
20160116 21:27,62,4,63,6,74,5,19,76,53,-19,10205,-9,32,60,74,79
20160116 21:28,70,4,62,5,65,4,18,76,53,-20,10205,-9,32,60,74,79
20160116 21:29,63,3,62,5,61,5,18,76,53,-20,10205,-9,32,60,73,79
20160116 21:30,67,4,62,4,72,5,17,77,53,-19,10205,-9,31,60,73,79
20160116 21:31,72,4,63,4,71,6,17,77,53,-19,10205,-9,31,60,73,79
20160116 21:32,71,5,64,4,71,6,16,77,53,-20,10205,-9,31,60,73,79
20160116 21:33,73,5,65,4,75,6,16,77,53,-20,10205,-9,31,60,73,79
20160116 21:34,79,5,69,4,84,7,15,78,53,-19,10205,-9,31,60,73,79
20160116 21:35,87,6,71,5,90,7,15,79,54,-17,10206,-9,31,60,73,79
20160116 21:36,90,7,75,5,91,10,14,79,53,-18,10206,-9,31,60,73,79
20160116 21:37,95,7,78,5,100,8,14,79,53,-18,10206,-9,31,59,73,79
20160116 21:38,101,7,82,5,102,8,13,80,54,-18,10206,-9,31,59,73,78
20160116 21:39,97,7,85,6,92,9,13,80,54,-18,10206,-9,31,59,73,78
20160116 21:40,93,8,87,6,94,9,13,81,54,-16,10206,-9,31,59,73,78
20160116 21:41,95,8,90,7,96,10,13,81,54,-16,10206,-9,30,59,73,78
20160116 21:42,95,9,92,7,93,10,12,81,54,-17,10206,-9,30,59,73,78
20160116 21:43,92,9,93,8,90,11,12,81,54,-17,10206,-10,30,59,73,78
20160116 21:44,92,9,94,8,93,10,11,82,54,-16,10206,-10,30,59,73,78
20160116 21:45,92,9,94,8,91,12,11,82,54,-16,10206,-10,30,59,72,78
20160116 21:46,92,9,94,8,92,10,11,83,55,-15,10206,-10,30,59,72,78
20160116 21:47,95,9,94,9,98,10,11,83,55,-15,10207,-10,30,59,72,78
20160116 21:48,95,9,93,9,93,11,10,84,55,-14,10207,-10,30,58,72,78
20160116 21:49,93,10,93,9,93,11,10,84,55,-14,10207,-10,30,58,72,78
20160116 21:50,93,10,93,9,93,11,10,84,55,-14,10207,-10,30,58,72,78
20160116 21:51,93,10,93,9,93,10,10,84,55,-14,10207,-10,30,58,72,78
20160116 21:52,93,9,93,9,92,10,9,85,55,-13,10207,-10,29,58,72,78
20160116 21:53,90,9,93,9,88,10,9,85,55,-13,10207,-10,29,58,72,78
20160116 21:54,87,9,92,9,86,11,9,86,56,-12,10206,-10,29,58,72,78
20160116 21:55,84,9,91,9,83,10,9,86,56,-12,10206,-10,29,58,72,78
20160116 21:56,82,9,90,9,80,10,8,87,56,-11,10206,-10,29,58,72,78
20160116 21:57,78,9,88,9,75,10,8,87,56,-11,10206,-10,29,58,72,78
20160116 21:58,73,8,86,9,72,9,8,87,56,-11,10206,-10,29,58,72,78
20160116 21:59,70,8,83,9,67,8,8,88,57,-10,10206,-10,29,58,72,78
20160116 22:00,65,7,80,9,63,8,9,88,57,-9,10206,-10,29,57,71,78
20160116 22:01,61,6,77,8,60,6,8,88,57,-10,10207,-10,29,57,71,78
20160116 22:02,60,5,73,8,61,6,8,88,57,-10,10207,-10,29,57,71,78
20160116 22:03,61,5,71,7,60,5,8,88,57,-10,10207,-10,29,57,71,78
20160116 22:04,59,4,68,7,58,5,8,88,57,-10,10207,-10,28,57,71,78
20160116 22:05,58,4,65,6,58,5,8,88,57,-10,10206,-10,28,57,71,78
20160116 22:06,54,6,62,6,50,9,7,88,57,-11,10206,-10,28,57,71,77
20160116 22:07,49,8,60,6,48,9,7,89,57,-9,10206,-10,28,57,71,77
20160116 22:08,47,8,57,6,46,9,7,89,57,-9,10206,-10,28,57,71,77
20160116 22:09,47,8,55,6,47,9,7,89,57,-9,10207,-10,28,57,71,77
20160116 22:10,49,8,54,6,50,9,7,90,58,-7,10207,-10,28,57,71,77
20160116 22:11,51,7,53,7,52,8,7,90,58,-7,10207,-10,28,57,71,77
20160116 22:12,52,6,52,7,53,7,6,90,57,-8,10207,-11,28,56,71,77
20160116 22:13,52,7,51,7,51,8,7,90,58,-7,10207,-10,28,56,71,77
20160116 22:14,51,8,50,7,50,9,7,90,58,-7,10207,-11,28,56,71,77
20160116 22:15,49,9,50,8,48,10,6,90,57,-8,10207,-11,28,56,71,77
20160116 22:16,46,9,49,8,44,10,6,90,57,-8,10207,-11,28,56,70,77
20160116 22:17,43,9,48,8,42,11,6,90,57,-8,10207,-11,27,56,70,77
20160116 22:18,44,10,48,8,45,11,6,90,57,-8,10207,-11,28,56,70,77
20160116 22:19,47,10,48,8,49,11,6,91,58,-7,10207,-11,27,56,70,77
20160116 22:20,51,10,49,9,53,11,6,91,58,-7,10207,-11,27,56,70,77
20160116 22:21,54,9,49,9,56,10,6,91,58,-7,10207,-11,27,56,70,77
20160116 22:22,54,9,49,9,53,11,6,91,58,-7,10207,-11,27,56,70,77
20160116 22:23,52,10,49,9,51,11,6,91,58,-7,10207,-11,27,56,70,77
20160116 22:24,48,10,49,10,46,11,6,91,58,-7,10207,-11,27,55,70,77
20160116 22:25,44,10,48,10,41,11,5,91,58,-8,10207,-11,27,55,70,77
20160116 22:26,39,10,47,10,38,11,5,91,58,-8,10207,-11,27,55,70,77
20160116 22:27,37,11,47,10,37,13,5,91,58,-8,10207,-11,27,55,70,77
20160116 22:28,37,12,46,10,37,14,5,91,58,-8,10207,-11,27,55,70,77
20160116 22:29,37,14,45,11,37,14,5,92,58,-6,10207,-11,27,55,70,77
20160116 22:30,37,14,43,11,38,15,5,92,58,-6,10207,-11,27,55,70,77
20160116 22:31,38,15,42,12,38,16,5,92,58,-6,10207,-11,27,55,70,77
20160116 22:32,38,15,40,13,38,16,5,92,58,-6,10207,-11,27,55,70,77
20160116 22:33,39,15,39,13,40,16,5,92,58,-6,10207,-11,26,55,69,77
20160116 22:34,41,15,39,13,42,15,6,92,59,-5,10207,-11,26,55,69,76
20160116 22:35,43,15,39,14,44,16,6,92,59,-5,10207,-11,26,55,69,76
20160116 22:36,45,15,40,14,45,17,6,92,59,-5,10207,-11,26,54,69,76
20160116 22:37,46,15,41,15,47,17,6,93,59,-4,10207,-11,26,54,69,76
20160116 22:38,49,15,42,15,51,16,6,93,59,-4,10207,-11,26,54,69,76
20160116 22:39,52,14,44,15,54,16,7,93,60,-3,10207,-11,26,54,69,76
20160116 22:40,55,12,45,14,55,14,7,93,60,-3,10207,-11,26,54,69,76
20160116 22:41,55,12,47,14,55,14,8,93,60,-2,10207,-11,26,54,69,76
20160116 22:42,54,13,49,14,53,15,8,93,60,-2,10207,-11,26,54,69,76
20160116 22:43,52,14,50,14,51,17,8,93,60,-2,10207,-11,26,54,69,76
20160116 22:44,51,15,51,14,50,16,8,93,60,-2,10207,-12,26,54,69,76
20160116 22:45,47,15,51,14,44,16,8,93,60,-2,10207,-12,26,54,69,76
20160116 22:46,42,14,50,14,39,15,8,93,60,-2,10207,-12,26,54,69,76
20160116 22:47,38,14,49,14,37,14,8,93,60,-2,10207,-12,26,54,69,76
20160116 22:48,36,14,47,14,36,15,8,93,60,-2,10207,-12,26,54,69,76
20160116 22:49,37,14,46,14,37,15,8,93,60,-2,10207,-12,26,54,68,76
20160116 22:50,38,14,44,14,39,15,8,93,60,-2,10207,-12,25,54,68,76
20160116 22:51,39,14,42,14,38,14,8,93,60,-2,10207,-12,25,53,68,76
20160116 22:52,39,14,41,14,39,15,8,93,60,-2,10207,-12,25,53,68,76
20160116 22:53,40,14,40,14,41,15,8,93,60,-2,10207,-12,25,53,68,76
20160116 22:54,42,14,39,14,43,14,8,93,60,-2,10207,-12,25,53,68,76
20160116 22:55,46,14,40,14,48,15,8,93,60,-2,10207,-12,25,53,68,76
20160116 22:56,51,13,41,14,54,14,8,93,60,-2,10207,-12,25,53,68,76
20160116 22:57,57,10,43,13,60,10,9,93,61,-1,10208,-12,25,53,68,76
20160116 22:58,63,9,46,13,66,11,10,93,61,0,10208,-12,25,53,68,76
20160116 22:59,69,10,50,13,71,12,11,93,61,1,10208,-12,25,53,68,76
20160116 23:00,75,10,54,12,78,11,11,93,61,1,10208,-12,25,53,68,76
20160116 23:01,82,10,58,12,85,10,12,93,62,2,10208,-12,25,53,68,76
20160116 23:02,84,9,63,11,84,11,12,93,62,2,10208,-12,25,53,68,75
20160116 23:03,83,10,67,11,82,11,12,93,62,2,10208,-12,25,53,68,75
20160116 23:04,81,10,71,10,80,11,12,93,62,2,10208,-12,25,52,68,75
20160116 23:05,78,9,74,10,77,10,11,93,61,1,10208,-12,25,52,68,75
20160116 23:06,77,9,76,10,76,9,11,93,61,1,10208,-12,24,52,67,75
20160116 23:07,76,8,78,10,77,9,10,93,61,0,10209,-12,24,52,67,75
20160116 23:08,77,7,79,9,77,7,10,93,61,0,10209,-12,24,52,67,75
20160116 23:09,79,6,80,9,81,7,10,93,61,0,10209,-12,24,52,67,75
20160116 23:10,84,5,80,8,86,5,9,92,60,-3,10209,-12,24,52,67,75
20160116 23:11,89,4,81,8,93,4,9,92,60,-3,10210,-12,24,52,67,75
20160116 23:12,95,3,83,7,97,4,8,92,60,-3,10210,-12,24,52,67,75
20160116 23:13,99,2,85,6,102,2,8,92,60,-3,10210,-12,24,52,67,75
20160116 23:14,112,1,89,5,123,1,8,92,60,-3,10210,-12,24,52,67,75
20160116 23:15,130,0,95,4,137,0,8,93,60,-2,10210,-12,24,52,67,75
20160116 23:16,137,0,101,3,136,0,8,93,60,-2,10210,-12,24,52,67,75
20160116 23:17,138,0,107,3,141,0,8,93,60,-2,10210,-12,24,52,67,75
20160116 23:18,136,0,113,2,131,0,8,93,60,-2,10210,-12,24,52,67,75
20160116 23:19,127,0,117,1,122,0,7,93,60,-3,10210,-12,24,51,67,75
20160116 23:20,119,0,120,1,115,0,7,93,60,-3,10209,-12,24,51,67,75
20160116 23:21,111,0,121,1,106,0,7,93,60,-3,10209,-12,24,51,67,75
20160116 23:22,102,0,121,0,98,0,6,93,59,-4,10209,-12,24,51,67,75
20160116 23:23,96,0,120,0,93,0,6,93,59,-4,10209,-12,24,51,67,75
20160116 23:24,91,0,117,0,88,0,5,93,59,-5,10209,-13,23,51,66,75
20160116 23:25,83,0,111,0,77,2,5,93,59,-5,10209,-13,23,51,66,75
20160116 23:26,72,2,104,1,67,5,5,93,59,-5,10209,-13,23,51,66,75
20160116 23:27,66,5,96,1,65,6,4,93,58,-6,10209,-13,23,51,66,75
20160116 23:28,66,6,90,2,66,6,4,93,58,-6,10210,-13,23,51,66,74
20160116 23:29,66,6,84,2,66,7,4,93,58,-6,10210,-13,23,51,66,74
20160116 23:30,65,6,79,3,65,6,4,93,58,-6,10210,-13,23,51,66,74
20160116 23:31,64,5,75,3,63,6,3,93,58,-7,10210,-13,23,51,66,74
20160116 23:32,68,6,72,4,72,7,3,93,58,-7,10210,-13,23,51,66,74
20160116 23:33,75,7,71,5,79,7,3,93,58,-7,10210,-13,23,51,66,74
20160116 23:34,79,6,70,5,79,6,3,93,58,-7,10210,-13,23,51,66,74
20160116 23:35,82,4,71,6,85,4,3,93,58,-7,10210,-13,23,50,66,74
20160116 23:36,91,3,74,5,98,3,3,93,58,-7,10210,-13,23,50,66,74
20160116 23:37,100,2,77,5,101,3,3,94,59,-6,10210,-13,23,50,66,74
20160116 23:38,107,1,82,4,112,1,3,94,59,-6,10210,-13,23,50,66,74
20160116 23:39,110,0,86,4,108,0,3,94,59,-6,10210,-13,23,50,66,74
20160116 23:40,111,0,91,3,113,0,2,94,58,-6,10211,-13,23,50,66,74
20160116 23:41,115,0,96,3,117,0,2,94,58,-6,10211,-13,23,50,66,74
20160116 23:42,119,0,101,2,121,0,2,94,58,-6,10211,-13,23,50,65,74
20160116 23:43,119,0,105,1,117,0,2,94,58,-6,10211,-13,23,50,65,74
20160116 23:44,110,0,107,1,102,0,2,94,58,-6,10211,-13,23,50,65,74
20160116 23:45,98,0,108,1,94,0,1,94,58,-7,10210,-13,22,50,65,74
20160116 23:46,85,0,106,0,77,0,1,94,58,-7,10210,-13,22,50,65,74
20160116 23:47,77,0,104,0,76,0,1,94,58,-7,10210,-13,22,50,65,74
20160116 23:48,76,0,100,0,76,0,1,94,58,-7,10210,-13,22,50,65,74
20160116 23:49,77,0,97,0,78,0,1,94,58,-7,10210,-13,22,49,65,74
20160116 23:50,90,0,96,0,103,0,1,94,58,-7,10210,-13,22,49,65,74
20160116 23:51,120,0,98,0,135,0,1,94,58,-7,10210,-13,22,49,65,74
20160116 23:52,116,0,95,0,97,0,1,94,58,-7,10210,-13,22,49,65,74
20160116 23:53,83,0,90,0,69,0,0,95,58,-7,10210,-13,22,49,65,74
20160116 23:54,65,0,86,0,61,2,0,95,58,-7,10210,-13,22,49,65,73
20160116 23:55,57,2,82,0,52,4,0,95,58,-7,10210,-13,22,49,65,74
20160116 23:56,49,3,79,1,46,4,0,95,58,-7,10210,-13,22,49,65,73
20160116 23:57,43,3,75,1,39,3,0,95,58,-7,10211,-13,22,49,65,73
20160116 23:58,40,3,71,1,41,4,0,95,58,-7,10211,-13,22,49,65,73
20160116 23:59,45,4,68,2,48,6,-1,95,58,-8,10211,-13,22,49,65,73
20160116 00:00,49,6,62,2,50,8,-1,95,58,-8,10211,-13,22,49,65,73
20160116 00:01,50,7,55,3,49,9,-1,95,58,-8,10211,-13,22,49,64,73
20160116 00:02,49,8,50,4,49,9,-1,95,58,-8,10211,-13,22,49,64,73
20160116 00:03,48,9,48,5,48,10,-2,95,57,-9,10211,-13,22,49,64,73
20160116 00:04,45,10,47,6,43,11,-2,95,57,-9,10211,-13,22,49,64,73
20160116 00:05,42,10,45,7,41,11,-2,95,57,-9,10211,-13,22,49,64,73
20160116 00:06,40,11,45,7,40,11,-2,95,57,-9,10211,-13,22,49,64,73
20160116 00:07,40,11,45,8,40,12,-2,95,57,-9,10211,-13,21,49,64,73
20160116 00:08,41,11,45,9,42,11,-2,95,57,-9,10211,-13,21,49,64,73
20160116 00:09,43,12,45,10,45,13,-2,95,57,-9,10211,-13,21,48,64,73
20160116 00:10,46,12,44,10,47,13,-2,95,57,-9,10211,-13,21,48,64,73
20160116 00:11,47,13,44,11,47,15,-2,95,57,-9,10211,-13,21,48,64,73
20160116 00:12,46,13,44,11,46,14,-2,95,57,-9,10210,-13,21,48,64,73
20160116 00:13,45,13,44,12,45,15,-2,95,57,-9,10210,-13,21,48,64,73
20160116 00:14,45,14,44,12,46,15,-2,95,57,-9,10210,-13,21,48,64,73
20160116 00:15,46,14,44,13,45,15,-2,95,57,-9,10210,-13,21,48,64,73
20160116 00:16,45,14,45,13,44,15,-3,95,57,-10,10210,-13,21,48,64,73
20160116 00:17,44,14,45,13,45,15,-3,95,57,-10,10210,-13,21,48,64,73
20160116 00:18,44,14,45,13,44,15,-3,95,57,-10,10210,-13,21,48,64,73
20160116 00:19,44,15,45,14,44,16,-3,95,57,-10,10210,-13,21,48,64,73
20160116 00:20,43,15,45,14,42,15,-3,95,57,-10,10210,-13,21,48,64,73
20160116 00:21,42,15,44,14,42,17,-3,95,57,-10,10210,-13,21,48,63,73
20160116 00:22,42,16,44,14,41,17,-3,95,57,-10,10210,-13,21,48,63,73
20160116 00:23,41,16,43,15,40,17,-3,95,57,-10,10210,-13,21,48,63,72
20160116 00:24,40,16,43,15,41,17,-3,95,57,-10,10210,-13,21,48,63,72
20160116 00:25,41,16,42,15,42,17,-3,95,57,-10,10210,-13,21,48,63,72
20160116 00:26,42,16,42,15,42,17,-3,95,57,-10,10210,-13,21,48,63,72
20160116 00:27,42,16,42,16,41,19,-4,95,56,-11,10210,-13,21,47,63,72
20160116 00:28,41,17,42,16,41,18,-4,95,56,-11,10210,-13,21,47,63,72
20160116 00:29,41,17,41,16,41,18,-4,95,56,-11,10210,-13,20,47,63,72
20160116 00:30,41,16,41,16,40,17,-4,95,56,-11,10210,-13,20,47,63,72
20160116 00:31,42,15,41,16,44,16,-4,95,56,-11,10210,-13,20,47,63,72
20160116 00:32,45,15,42,16,47,16,-4,95,56,-11,10210,-13,20,47,63,72
20160116 00:33,49,14,43,16,51,17,-3,96,57,-9,10210,-13,20,47,63,72
20160116 00:34,52,13,44,15,54,13,-1,96,58,-7,10210,-13,20,47,63,72
20160116 00:35,57,9,46,14,59,9,0,96,59,-6,10210,-13,20,47,63,72
20160116 00:36,59,7,48,13,59,8,2,96,59,-4,10210,-13,20,47,63,72
20160116 00:37,59,7,49,13,59,9,2,96,59,-4,10210,-13,20,47,63,72
20160116 00:38,58,8,51,12,58,9,2,96,59,-4,10210,-13,20,47,63,72
20160116 00:39,58,8,53,11,58,11,2,96,59,-4,10210,-13,20,47,63,72
20160116 00:40,58,9,55,10,58,11,2,96,59,-4,10210,-13,20,47,63,72
20160116 00:41,58,9,56,10,59,10,1,96,59,-5,10210,-13,20,47,63,72
20160116 00:42,60,9,58,9,60,10,1,96,59,-5,10210,-13,20,47,63,72
20160116 00:43,60,9,58,9,59,10,1,96,59,-5,10210,-13,20,47,62,72
20160116 00:44,58,9,59,8,57,10,1,96,59,-5,10210,-13,20,47,62,72
20160116 00:45,56,10,58,9,55,11,1,96,59,-5,10210,-13,20,47,62,72
20160116 00:46,54,11,58,9,53,13,1,96,59,-5,10210,-13,20,47,62,72
20160116 00:47,53,12,57,10,53,13,2,96,59,-4,10210,-13,20,46,62,72
20160116 00:48,52,12,56,10,52,14,2,96,59,-4,10210,-13,20,46,62,72
20160116 00:49,51,13,56,11,51,16,2,96,59,-4,10210,-13,20,46,62,72
20160116 00:50,51,15,55,11,51,15,2,96,59,-4,10210,-13,20,46,62,71
20160116 00:51,51,15,54,12,51,15,2,96,59,-4,10210,-13,20,46,62,71
20160116 00:52,51,15,53,12,51,15,2,96,59,-4,10210,-13,20,46,62,71
20160116 00:53,52,13,53,13,53,15,2,96,59,-4,10210,-13,20,46,62,71
20160116 00:54,53,12,52,13,53,13,3,96,60,-3,10210,-13,19,46,62,71
20160116 00:55,53,12,52,13,52,14,3,96,60,-3,10210,-13,19,46,62,71
20160116 00:56,52,14,52,14,51,16,4,96,60,-2,10210,-13,19,46,62,71
20160116 00:57,50,15,51,14,50,17,4,96,60,-2,10210,-13,19,46,62,71
20160116 00:58,49,16,51,14,48,17,4,96,60,-2,10210,-13,19,46,62,71
20160116 00:59,49,15,51,14,50,16,4,96,60,-2,10210,-13,19,46,62,71
20160116 01:00,51,13,51,14,52,15,5,96,61,-1,10210,-13,19,46,62,71
20160116 01:01,53,12,51,14,53,14,5,96,61,-1,10210,-13,19,46,62,71
20160116 01:02,54,11,52,13,54,13,5,96,61,-1,10210,-13,19,46,62,71
20160116 01:03,56,9,52,13,58,10,5,96,61,-1,10210,-13,19,46,62,71
20160116 01:04,61,8,53,12,65,9,6,96,61,0,10210,-13,19,46,62,71
20160116 01:05,69,7,55,12,74,8,6,96,61,0,10210,-13,19,46,61,71
20160116 01:06,82,7,59,11,91,7,6,96,61,0,10210,-13,19,46,61,71
20160116 01:07,111,6,66,10,131,8,6,96,61,0,10210,-13,19,45,61,71
20160116 01:08,143,7,75,9,154,8,7,96,62,1,10210,-13,19,45,61,71
20160116 01:09,157,7,86,9,160,10,7,96,62,1,10211,-13,19,45,61,71
20160116 01:10,162,9,98,8,164,11,7,96,62,1,10211,-13,19,45,61,71
20160116 01:11,162,10,111,8,160,11,7,96,62,1,10211,-13,19,45,61,71
20160116 01:12,160,9,123,8,159,10,7,96,62,1,10211,-13,19,45,61,71
20160116 01:13,158,9,134,8,158,10,7,96,62,1,10211,-13,19,45,61,71
20160116 01:14,158,9,143,8,158,10,6,96,61,0,10211,-13,19,45,61,71
20160116 01:15,157,9,150,8,156,10,6,96,61,0,10211,-13,19,45,61,71
20160116 01:16,157,10,156,9,157,12,6,95,61,-1,10211,-13,19,45,61,71
20160116 01:17,156,10,158,9,155,12,6,95,61,-1,10211,-13,19,45,61,71
20160116 01:18,148,8,157,9,140,9,6,95,61,-1,10210,-13,19,45,61,71
20160116 01:19,133,6,153,9,127,6,5,95,60,-2,10210,-13,19,45,61,71
20160116 01:20,119,4,148,8,111,6,5,95,60,-2,10210,-13,19,45,61,70
20160116 01:21,110,5,143,8,109,6,5,95,60,-2,10210,-13,19,45,61,70
20160116 01:22,108,6,138,8,107,6,5,95,60,-2,10210,-14,19,45,61,70
20160116 01:23,100,6,131,7,93,7,4,95,60,-3,10210,-14,18,45,61,70
20160116 01:24,92,6,125,7,91,8,4,95,60,-3,10210,-14,18,45,61,70
20160116 01:25,94,8,118,7,96,9,4,95,60,-3,10210,-14,18,45,61,70
20160116 01:26,96,8,112,7,96,9,4,95,60,-3,10210,-14,18,45,61,70
20160116 01:27,97,9,107,7,99,10,4,95,60,-3,10210,-14,18,45,60,70
20160116 01:28,102,9,103,7,105,10,4,95,60,-3,10210,-14,18,45,60,70
20160116 01:29,106,9,102,7,108,9,4,95,60,-3,10210,-14,18,44,60,70
20160116 01:30,112,7,102,7,115,8,3,95,59,-4,10210,-14,18,44,60,70
20160116 01:31,119,6,103,7,122,7,3,95,59,-4,10211,-14,18,44,60,70
20160116 01:32,125,6,105,7,128,6,3,95,59,-4,10211,-14,18,44,60,70
20160116 01:33,130,5,109,7,131,6,3,95,59,-4,10211,-14,18,44,60,70
20160116 01:34,129,5,113,7,127,5,2,95,59,-5,10211,-14,18,44,60,70
20160116 01:35,124,3,115,6,120,3,2,95,59,-5,10211,-14,18,44,60,70
20160116 01:36,122,1,118,6,124,1,2,95,59,-5,10211,-14,18,44,60,70
20160116 01:37,134,0,122,5,143,0,1,95,58,-6,10212,-14,18,44,60,70
20160116 01:38,153,0,128,4,163,0,1,95,58,-6,10212,-14,18,44,60,70
20160116 01:39,171,0,135,3,178,0,1,95,58,-6,10212,-14,18,44,60,70
20160116 01:40,184,0,142,2,190,0,0,95,58,-7,10212,-14,18,44,60,70
20160116 01:41,193,0,149,2,195,0,0,95,58,-7,10212,-14,18,44,60,70
20160116 01:42,185,2,154,1,175,4,0,95,58,-7,10212,-14,18,44,60,70
20160116 01:43,170,3,158,1,164,4,0,95,58,-7,10212,-14,18,44,60,70
20160116 01:44,164,3,162,1,165,3,0,95,58,-7,10212,-14,18,44,60,70
20160116 01:45,154,3,164,1,143,3,-1,95,58,-8,10212,-14,18,44,60,70
20160116 01:46,132,3,164,1,121,4,-1,95,58,-8,10212,-14,18,44,60,70
20160116 01:47,108,3,160,2,95,3,-1,95,58,-8,10212,-14,18,44,60,70
20160116 01:48,89,2,153,2,84,2,-2,95,57,-9,10212,-14,18,44,60,70
20160116 01:49,79,1,142,2,74,1,-1,95,58,-8,10212,-14,18,44,60,70
20160116 01:50,69,0,128,2,64,0,-2,95,57,-9,10212,-14,18,44,59,70
20160116 01:51,60,0,114,2,56,0,-2,95,57,-9,10213,-14,18,44,60,69
20160116 01:52,46,0,99,2,37,0,-2,95,57,-9,10213,-14,18,43,59,69
20160116 01:53,34,0,85,1,31,0,-2,95,57,-9,10213,-14,18,43,59,69
20160116 01:54,30,0,72,1,29,0,-2,95,57,-9,10213,-14,18,43,59,69
20160116 01:55,31,0,62,1,33,0,-3,95,57,-10,10212,-14,18,43,59,69
20160116 01:56,35,0,54,1,37,0,-3,95,57,-10,10212,-14,17,43,59,69
20160116 01:57,41,0,49,0,44,0,-3,95,57,-10,10212,-14,17,43,59,69
20160116 01:58,43,0,44,0,41,0,-3,95,57,-10,10212,-14,17,43,59,69
20160116 01:59,42,3,42,1,44,7,-3,95,57,-10,10212,-14,17,43,59,69
20160116 02:00,43,7,39,1,42,8,-4,95,56,-11,10212,-14,17,43,59,69
20160116 02:01,43,8,38,2,44,9,-4,95,56,-11,10212,-14,17,43,59,69
20160116 02:02,43,8,39,3,42,9,-4,95,56,-11,10212,-14,17,43,59,69
20160116 02:03,41,9,40,4,40,10,-4,95,56,-11,10212,-14,17,43,59,69
20160116 02:04,40,9,41,5,40,9,-4,95,56,-11,10212,-14,17,43,59,69
20160116 02:05,39,8,41,6,38,9,-5,95,56,-12,10212,-14,17,43,59,69
20160116 02:06,39,9,41,7,39,10,-5,95,56,-12,10212,-14,17,43,59,69
20160116 02:07,40,10,41,8,40,10,-5,95,56,-12,10212,-14,17,43,59,69
20160116 02:08,39,10,41,9,39,10,-6,95,56,-13,10212,-14,17,43,59,69
20160116 02:09,40,10,40,9,41,12,-6,95,56,-13,10212,-14,17,43,59,69
20160116 02:10,40,11,40,9,39,12,-6,95,56,-13,10212,-14,17,43,59,69
20160116 02:11,38,11,40,10,38,13,-6,95,56,-13,10212,-14,17,43,59,69
20160116 02:12,37,12,39,10,37,14,-6,95,56,-13,10212,-15,17,43,59,69
20160116 02:13,37,13,39,11,36,14,-6,95,56,-13,10212,-15,17,43,59,69
20160116 02:14,36,13,38,11,36,13,-6,95,56,-13,10212,-15,17,43,59,69
20160116 02:15,37,13,38,11,37,14,-6,95,56,-13,10212,-15,17,43,59,69
20160116 02:16,38,12,38,12,38,13,-6,95,56,-13,10212,-15,17,43,58,69
20160116 02:17,40,12,38,12,42,13,-6,96,56,-12,10212,-15,17,42,58,69
20160116 02:18,44,12,39,12,46,13,-6,96,56,-12,10212,-15,17,42,58,69
20160116 02:19,47,13,40,12,48,14,-7,96,56,-13,10212,-15,17,42,58,69
20160116 02:20,49,12,41,12,50,14,-7,96,56,-13,10212,-15,17,42,58,69
20160116 02:21,51,9,42,12,52,10,-7,96,56,-13,10213,-15,17,42,58,68
20160116 02:22,54,6,44,11,55,7,-7,96,56,-13,10213,-15,17,42,58,69
20160116 02:23,56,4,46,10,57,5,-7,96,56,-13,10213,-15,17,42,58,68
20160116 02:24,59,4,49,9,60,5,-7,96,56,-13,10213,-15,17,42,58,68
20160116 02:25,63,4,51,8,66,4,-7,96,56,-13,10213,-15,17,42,58,68
20160116 02:26,68,3,55,8,70,4,-7,96,56,-13,10213,-15,17,42,58,68
20160116 02:27,74,2,58,6,78,3,-7,96,56,-13,10213,-15,17,42,58,68
20160116 02:28,75,1,61,5,71,2,-7,96,56,-13,10214,-15,17,42,58,68
20160116 02:29,65,1,62,4,58,2,-7,96,56,-13,10214,-15,16,42,58,68
20160116 02:30,56,1,62,3,53,1,-7,96,56,-13,10213,-15,16,42,58,68
20160116 02:31,53,0,62,2,53,0,-7,96,56,-13,10213,-15,16,42,58,68
20160116 02:32,54,0,62,2,56,1,-7,96,56,-13,10213,-15,16,42,58,68
20160116 02:33,56,1,62,2,56,6,-7,96,56,-13,10213,-15,16,42,58,68
20160116 02:34,59,3,62,2,61,6,-7,96,56,-13,10213,-15,16,42,58,68
20160116 02:35,63,5,62,2,65,6,-7,96,56,-13,10213,-15,16,42,58,68
20160116 02:36,65,5,62,2,65,7,-7,96,56,-13,10212,-15,16,42,58,68
20160116 02:37,66,6,60,3,66,8,-8,96,55,-14,10212,-15,16,42,58,68
20160116 02:38,67,7,60,3,68,8,-8,96,55,-14,10212,-15,16,42,58,68
20160116 02:39,67,8,61,4,65,10,-8,96,55,-14,10212,-15,16,42,58,68
20160116 02:40,64,9,62,5,63,9,-8,96,55,-14,10212,-15,16,42,58,68
20160116 02:41,61,8,62,6,59,8,-7,96,56,-13,10212,-15,16,42,58,68
20160116 02:42,59,7,63,6,58,8,-7,96,56,-13,10212,-15,16,41,58,68
20160116 02:43,58,7,63,7,57,9,-7,96,56,-13,10212,-15,16,41,57,68
20160116 02:44,56,9,62,7,54,12,-7,96,56,-13,10212,-15,16,41,57,68
20160116 02:45,54,10,61,8,54,12,-7,96,56,-13,10212,-15,16,41,57,68
20160116 02:46,53,11,60,9,52,13,-8,96,55,-14,10212,-15,16,41,57,68
20160116 02:47,51,12,58,9,50,14,-8,96,55,-14,10212,-15,16,41,57,68
20160116 02:48,49,13,56,10,49,13,-8,96,55,-14,10212,-15,16,41,57,68
20160116 02:49,49,12,54,10,48,13,-8,96,55,-14,10212,-16,16,41,57,68
20160116 02:50,47,11,53,10,47,13,-7,96,56,-13,10212,-16,16,41,57,68
20160116 02:51,46,11,51,11,46,11,-8,96,55,-14,10212,-16,16,41,57,68
20160116 02:52,48,10,51,11,49,10,-8,96,55,-14,10211,-16,16,41,57,68
20160116 02:53,48,9,50,11,47,10,-8,96,55,-14,10211,-16,16,41,57,68
20160116 02:54,46,9,49,11,46,10,-8,96,55,-14,10211,-16,16,41,57,67
20160116 02:55,43,9,48,11,41,9,-8,97,56,-12,10212,-16,16,41,57,67
20160116 02:56,40,7,46,10,38,9,-8,97,56,-12,10212,-16,16,41,57,67
20160116 02:57,38,6,45,10,38,7,-8,97,56,-12,10212,-16,16,41,57,67
20160116 02:58,36,6,44,9,35,6,-7,97,56,-11,10212,-16,16,41,57,67
20160116 02:59,31,5,41,8,27,6,-7,97,56,-11,10212,-16,16,41,57,67
20160116 03:00,28,4,40,7,28,5,-7,97,56,-11,10212,-16,16,41,57,67
20160116 03:01,31,4,38,7,34,5,-7,97,56,-11,10212,-16,16,41,57,67
20160116 03:02,36,4,37,6,38,5,-7,97,56,-11,10212,-16,16,41,57,67
20160116 03:03,41,4,37,5,45,5,-7,97,56,-11,10212,-16,16,41,57,67
20160116 03:04,44,5,37,5,43,6,-7,97,56,-11,10212,-16,15,41,57,67
20160116 03:05,45,6,37,5,48,8,-8,97,56,-12,10212,-16,15,41,57,67
20160116 03:06,48,6,39,5,49,8,-8,97,56,-12,10212,-16,15,41,57,67
20160116 03:07,50,8,40,5,50,10,-8,97,56,-12,10212,-16,15,41,57,67
20160116 03:08,50,9,41,5,49,10,-8,97,56,-12,10212,-16,15,41,57,67
20160116 03:09,48,9,43,6,46,10,-9,97,55,-13,10212,-16,15,41,57,67
20160116 03:10,45,9,45,6,43,9,-9,97,55,-13,10212,-16,15,40,57,67
20160116 03:11,43,8,45,7,43,9,-9,97,55,-13,10212,-16,15,40,56,67
20160116 03:12,42,7,46,7,41,9,-9,97,55,-13,10212,-16,15,40,56,67
20160116 03:13,43,7,46,7,45,8,-9,97,55,-13,10212,-16,15,40,56,67
20160116 03:14,46,7,46,8,48,7,-9,97,55,-13,10213,-16,15,40,56,67
20160116 03:15,47,5,46,7,46,6,-9,97,55,-13,10213,-16,15,40,56,67
20160116 03:16,44,4,45,7,43,5,-9,97,55,-13,10213,-16,15,40,56,67
20160116 03:17,40,4,44,7,37,7,-9,97,55,-13,10213,-16,15,40,56,67
20160116 03:18,37,4,43,6,37,4,-9,97,55,-13,10213,-16,15,40,56,67
20160116 03:19,35,3,42,6,34,4,-9,97,55,-13,10212,-16,15,40,56,67
20160116 03:20,38,2,42,5,42,3,-9,97,55,-13,10212,-16,15,40,56,67
20160116 03:21,41,1,41,4,41,3,-9,97,55,-13,10212,-16,15,40,56,67
20160116 03:22,42,0,42,4,43,0,-9,97,55,-13,10212,-16,15,40,56,67
20160116 03:23,43,0,41,3,42,0,-9,97,55,-13,10212,-16,15,40,56,67
20160116 03:24,44,0,41,2,46,0,-9,97,55,-13,10212,-16,15,40,56,67
20160116 03:25,46,1,41,2,45,6,-9,97,55,-13,10212,-17,15,40,56,67
20160116 03:26,44,4,41,2,44,7,-9,97,55,-13,10212,-17,15,40,56,67
20160116 03:27,39,7,41,3,35,8,-9,97,55,-13,10212,-17,15,40,56,67
20160116 03:28,37,8,41,3,39,8,-9,97,55,-13,10212,-17,15,40,56,66
20160116 03:29,42,8,42,4,44,9,-9,97,55,-13,10212,-17,15,40,56,66
20160116 03:30,46,8,43,4,47,10,-10,97,55,-14,10212,-17,15,40,56,66
20160116 03:31,48,8,43,5,49,9,-10,97,55,-14,10212,-17,15,40,56,66
20160116 03:32,49,8,44,6,50,10,-10,97,55,-14,10212,-17,15,40,56,66
20160116 03:33,49,9,45,7,48,10,-10,97,55,-14,10212,-17,15,40,56,66
20160116 03:34,48,9,45,8,48,10,-10,97,55,-14,10211,-17,15,40,56,66
20160116 03:35,46,9,45,8,44,11,-10,97,55,-14,10211,-17,15,40,56,66
20160116 03:36,45,10,45,9,45,11,-10,97,55,-14,10211,-17,15,40,56,66
20160116 03:37,46,10,46,9,46,12,-10,97,55,-14,10211,-17,15,40,56,66
20160116 03:38,46,11,47,9,46,15,-10,97,55,-14,10211,-17,15,40,56,66
20160116 03:39,46,12,47,10,46,14,-10,97,55,-14,10211,-17,14,39,55,66
20160116 03:40,46,14,47,10,45,17,-10,97,55,-14,10211,-17,14,39,55,66
20160116 03:41,45,15,46,11,44,17,-10,97,55,-14,10211,-17,14,39,55,66
20160116 03:42,44,15,46,12,44,17,-10,97,55,-14,10212,-17,14,39,55,66
20160116 03:43,44,15,45,12,44,17,-10,97,55,-14,10212,-17,14,39,55,66
20160116 03:44,42,14,45,13,41,15,-11,97,55,-15,10212,-17,14,39,55,66
20160116 03:45,41,12,44,13,41,12,-11,97,55,-15,10212,-17,14,39,55,66
20160116 03:46,42,10,44,13,43,11,-10,97,55,-14,10212,-17,14,39,55,66
20160116 03:47,42,10,44,13,41,12,-10,97,55,-14,10212,-17,14,39,55,66
20160116 03:48,41,10,43,13,41,12,-10,97,55,-14,10212,-17,14,39,55,66
20160116 03:49,40,10,42,12,40,13,-10,97,55,-14,10212,-17,14,39,55,66
20160116 03:50,39,10,42,12,39,13,-10,97,55,-14,10212,-17,14,39,55,66
20160116 03:51,39,10,41,11,39,11,-11,97,55,-15,10212,-17,14,39,55,66
20160116 03:52,38,10,41,11,37,14,-11,97,55,-15,10212,-17,14,39,55,66
20160116 03:53,36,10,40,10,35,11,-11,97,55,-15,10213,-17,14,39,55,66
20160116 03:54,36,10,39,10,37,13,-10,97,55,-14,10213,-17,14,39,55,66
20160116 03:55,35,11,39,10,33,15,-10,97,55,-14,10213,-17,14,39,55,66
20160116 03:56,34,10,38,10,34,11,-10,97,55,-14,10213,-17,14,39,55,66
20160116 03:57,38,10,38,10,42,12,-10,97,55,-14,10213,-17,14,39,55,66
20160116 03:58,43,11,38,10,45,14,-10,97,55,-14,10213,-17,14,39,55,66
20160116 03:59,45,12,39,11,46,15,-10,97,55,-14,10213,-17,14,39,55,66
20160116 04:00,45,14,39,11,45,16,-10,97,55,-14,10213,-17,14,39,55,66
20160116 04:01,46,14,40,12,46,16,-10,97,55,-14,10213,-17,14,39,55,66
20160116 04:02,45,14,41,12,44,18,-10,97,55,-14,10213,-17,14,39,55,66
20160116 04:03,44,14,42,12,45,15,-10,97,55,-14,10213,-17,14,39,55,66
20160116 04:04,44,13,42,12,42,13,-11,97,55,-15,10213,-17,14,39,55,66
20160116 04:05,41,13,43,13,40,16,-11,97,55,-15,10213,-18,14,39,55,65
20160116 04:06,40,12,44,13,40,13,-11,97,55,-15,10213,-18,14,39,55,65
20160116 04:07,39,12,43,13,38,15,-11,97,55,-15,10213,-18,14,39,55,65
20160116 04:08,39,13,43,13,39,15,-11,97,55,-15,10213,-18,14,39,55,65
20160116 04:09,39,13,42,13,39,16,-11,97,55,-15,10213,-18,14,39,55,65
20160116 04:10,41,12,41,13,42,14,-10,97,55,-14,10213,-18,14,38,55,65
20160116 04:11,43,12,41,13,43,14,-10,97,55,-14,10213,-18,14,38,55,65
20160116 04:12,43,12,41,13,43,14,-9,97,55,-13,10213,-18,14,38,54,65
20160116 04:13,42,13,41,13,41,15,-9,97,55,-13,10213,-18,14,38,54,65
20160116 04:14,41,13,40,13,40,14,-10,97,55,-14,10213,-18,14,38,54,65
20160116 04:15,39,13,40,13,38,15,-10,97,55,-14,10213,-18,14,38,54,65
20160116 04:16,38,13,40,13,37,17,-10,97,55,-14,10212,-18,13,38,54,65
20160116 04:17,39,13,40,13,40,16,-10,97,55,-14,10212,-18,13,38,54,65
20160116 04:18,42,13,41,13,44,17,-10,97,55,-14,10212,-18,13,38,54,65
20160116 04:19,44,14,41,13,44,17,-10,97,55,-14,10212,-18,13,38,54,65
20160116 04:20,44,14,41,13,43,16,-9,97,55,-13,10212,-18,13,38,54,65
20160116 04:21,45,14,42,13,47,18,-9,97,55,-13,10212,-18,13,38,54,65
20160116 04:22,47,15,42,14,46,18,-9,97,55,-13,10212,-18,13,38,54,65
20160116 04:23,46,14,42,14,45,17,-9,97,55,-13,10212,-18,13,38,54,65
20160116 04:24,47,14,43,14,49,15,-9,97,55,-13,10213,-18,13,38,54,65
20160116 04:25,48,14,44,14,48,16,-9,97,55,-13,10213,-18,13,38,54,65
20160116 04:26,49,14,46,14,51,17,-9,97,55,-13,10213,-18,13,38,54,65
20160116 04:27,51,14,47,14,52,17,-8,97,56,-12,10213,-18,13,38,54,65
20160116 04:28,53,14,48,14,54,16,-7,98,57,-10,10213,-18,13,38,54,65
20160116 04:29,54,13,49,14,54,17,-6,98,57,-9,10213,-18,13,38,54,65
20160116 04:30,54,13,50,14,54,14,-5,98,58,-8,10213,-18,13,38,54,65
20160116 04:31,54,13,51,14,54,17,-4,98,58,-7,10213,-18,13,38,54,65
20160116 04:32,53,14,51,14,52,16,-4,98,58,-7,10212,-18,13,38,54,65
20160116 04:33,51,15,52,14,50,19,-4,98,58,-7,10212,-18,13,38,54,65
20160116 04:34,49,15,52,14,48,17,-4,98,58,-7,10212,-18,13,38,54,65
20160116 04:35,46,15,51,14,44,18,-4,98,58,-7,10213,-18,13,38,54,65
20160116 04:36,43,15,50,14,42,19,-4,98,58,-7,10213,-18,13,38,54,65
20160116 04:37,41,15,49,14,40,18,-4,98,58,-7,10213,-18,13,38,54,65
20160116 04:38,41,15,48,14,41,19,-4,98,58,-7,10213,-18,13,38,54,65
20160116 04:39,41,15,47,15,41,18,-4,98,58,-7,10213,-18,13,38,54,65
20160116 04:40,43,15,46,15,44,17,-4,98,58,-7,10213,-18,13,38,54,64
20160116 04:41,47,13,45,15,49,15,-4,98,58,-7,10213,-18,13,38,54,64
20160116 04:42,50,13,45,15,50,17,-4,98,58,-7,10213,-18,13,38,54,64
20160116 04:43,50,14,45,14,51,19,-3,98,59,-6,10213,-18,13,38,54,64
20160116 04:44,52,14,45,14,52,17,-2,98,59,-5,10213,-18,13,37,53,64
20160116 04:45,51,15,46,14,50,17,-1,98,59,-4,10214,-18,13,37,53,64
20160116 04:46,49,15,47,15,47,19,-1,98,59,-4,10214,-18,13,37,53,64
20160116 04:47,46,16,47,15,45,19,0,98,60,-3,10214,-18,13,37,53,64
20160116 04:48,46,16,48,15,46,19,0,98,60,-3,10214,-18,13,37,53,64
20160116 04:49,47,15,48,15,48,17,0,98,60,-3,10214,-18,13,37,53,64
20160116 04:50,47,15,49,15,47,16,0,98,60,-3,10215,-18,13,37,53,64
20160116 04:51,48,13,49,15,49,14,0,98,60,-3,10215,-18,13,37,53,64
20160116 04:52,48,12,48,15,47,15,0,98,60,-3,10215,-18,13,37,53,64
20160116 04:53,47,12,48,14,48,13,0,98,60,-3,10215,-18,13,37,53,64
20160116 04:54,50,11,48,14,52,13,0,98,60,-3,10216,-18,13,37,53,64
20160116 04:55,54,9,48,13,55,10,-1,98,59,-4,10216,-18,13,37,53,64
20160116 04:56,58,7,50,12,61,8,-1,98,59,-4,10216,-18,13,37,53,64
20160116 04:57,59,5,51,11,58,6,-1,98,59,-4,10216,-18,13,37,53,64
20160116 04:58,60,4,53,10,63,5,-2,98,59,-5,10217,-18,13,37,53,64
20160116 04:59,69,4,55,9,75,4,-2,98,59,-5,10217,-18,12,37,53,64
20160116 05:00,78,4,59,8,82,4,-2,98,59,-5,10217,-18,12,37,53,64
20160116 05:01,91,3,64,7,100,4,-2,98,59,-5,10217,-18,12,37,53,64
20160116 05:02,101,3,69,6,102,5,-2,98,59,-5,10217,-18,12,37,53,64
20160116 05:03,103,4,75,5,104,5,-2,98,59,-5,10217,-18,12,37,53,64
20160116 05:04,102,5,80,5,100,6,-3,98,59,-6,10217,-18,12,37,53,64
20160116 05:05,92,6,83,5,84,8,-3,97,58,-7,10217,-18,12,37,53,64
20160116 05:06,80,7,84,5,76,9,-3,97,58,-7,10217,-19,12,37,53,64
20160116 05:07,70,8,85,5,65,10,-3,97,58,-7,10217,-19,12,37,53,64
20160116 05:08,62,9,85,6,59,12,-3,98,59,-6,10217,-19,12,37,53,64
20160116 05:09,58,9,83,6,57,13,-4,98,58,-7,10217,-19,12,37,53,64
20160116 05:10,55,12,80,7,52,16,-3,98,59,-6,10217,-19,12,37,53,64
20160116 05:11,52,14,75,8,52,15,-3,98,59,-6,10217,-19,12,37,53,64
20160116 05:12,53,13,70,9,55,16,-3,98,59,-6,10217,-19,12,37,53,64
20160116 05:13,57,12,66,10,60,13,-2,98,59,-5,10217,-19,12,37,53,64
20160116 05:14,62,11,62,10,64,12,-1,98,59,-4,10217,-19,12,37,53,64
20160116 05:15,65,11,61,11,67,13,-1,98,59,-4,10217,-19,12,37,53,64
20160116 05:16,70,12,60,11,73,13,0,98,60,-3,10217,-19,12,36,53,64
20160116 05:17,76,12,62,11,80,13,0,98,60,-3,10217,-19,12,36,53,64
20160116 05:18,81,12,64,12,81,13,0,98,60,-3,10217,-19,12,36,53,64
20160116 05:19,83,12,67,12,85,12,0,98,60,-3,10217,-19,12,36,52,63
20160116 05:20,86,12,70,12,86,13,0,98,60,-3,10217,-19,12,36,52,63
20160116 05:21,86,12,74,12,86,13,0,98,60,-3,10217,-19,12,36,52,63
20160116 05:22,84,12,77,12,83,13,0,98,60,-3,10218,-19,12,36,52,63
20160116 05:23,82,11,79,11,80,11,0,98,60,-3,10218,-19,12,36,52,63
20160116 05:24,81,10,80,11,81,11,0,98,60,-3,10218,-19,12,36,52,63
20160116 05:25,80,11,81,11,79,12,0,98,60,-3,10218,-19,12,36,52,63
20160116 05:26,78,11,82,11,77,11,0,98,60,-3,10217,-19,12,36,52,63
20160116 05:27,76,10,81,11,75,11,0,98,60,-3,10218,-19,12,36,52,63
20160116 05:28,76,9,81,11,78,10,0,98,60,-3,10218,-19,12,36,52,63
20160116 05:29,79,10,81,11,81,11,0,98,60,-3,10218,-19,12,36,52,63
20160116 05:30,81,10,80,10,82,10,0,98,60,-3,10218,-19,12,36,52,63
20160116 05:31,82,9,80,10,81,10,-1,98,59,-4,10218,-19,12,36,52,63
20160116 05:32,82,9,80,10,83,10,-1,98,59,-4,10218,-19,12,36,52,63
20160116 05:33,83,9,80,10,83,10,-1,97,59,-5,10218,-19,12,36,52,63
20160116 05:34,84,8,80,9,85,9,-2,97,58,-6,10218,-19,12,36,52,63
20160116 05:35,84,8,81,9,84,9,-2,97,58,-6,10218,-19,12,36,52,63
20160116 05:36,85,9,82,9,86,10,-2,97,58,-6,10218,-19,12,36,52,63
20160116 05:37,89,8,83,9,91,9,-2,97,58,-6,10218,-19,12,36,52,63
20160116 05:38,91,9,85,9,90,11,-2,97,58,-6,10219,-19,12,36,52,63
20160116 05:39,87,10,85,9,84,12,-1,98,59,-4,10219,-19,12,36,52,63
20160116 05:40,83,12,85,10,82,14,-1,98,59,-4,10219,-19,12,36,52,63
20160116 05:41,82,14,85,10,81,16,-1,98,59,-4,10219,-19,12,36,52,63
20160116 05:42,80,16,84,11,78,18,-1,98,59,-4,10219,-19,12,36,52,63
20160116 05:43,77,17,84,12,76,17,-1,98,59,-4,10218,-19,12,36,52,63
20160116 05:44,75,17,83,13,74,18,-1,98,59,-4,10218,-19,12,36,52,63
20160116 05:45,72,16,81,13,71,18,-1,98,59,-4,10218,-19,12,36,52,63
20160116 05:46,70,15,79,14,68,17,-1,98,59,-4,10218,-19,12,36,52,63
20160116 05:47,68,14,77,14,68,16,-1,98,59,-4,10218,-19,12,36,52,63
20160116 05:48,66,13,75,15,64,16,-1,98,59,-4,10218,-19,11,36,52,63
20160116 05:49,63,12,72,15,62,14,-2,98,59,-5,10218,-19,11,36,52,63
20160116 05:50,62,12,70,15,61,15,-2,98,59,-5,10218,-19,11,36,52,63
20160116 05:51,61,12,68,14,61,13,-2,98,59,-5,10218,-19,11,36,52,63
20160116 05:52,62,12,67,14,63,14,-2,98,59,-5,10217,-20,11,36,52,63
20160116 05:53,65,13,66,14,67,16,-2,98,59,-5,10217,-20,11,36,52,63
20160116 05:54,70,14,66,14,73,16,-2,98,59,-5,10217,-20,11,35,52,63
20160116 05:55,73,15,66,13,73,17,-2,98,59,-5,10218,-20,11,36,51,63
20160116 05:56,73,16,66,14,73,17,-1,98,59,-4,10218,-20,11,35,51,63
20160116 05:57,74,16,67,14,74,17,-1,98,59,-4,10218,-20,11,35,51,63
20160116 05:58,73,16,68,14,72,18,-1,98,59,-4,10218,-20,11,35,51,63
20160116 05:59,73,16,69,15,73,18,-1,98,59,-4,10218,-19,11,35,51,63
20160116 06:00,73,16,70,15,73,18,-1,98,59,-4,10218,-19,11,35,51,62
20160116 06:01,72,16,71,15,71,17,0,98,60,-3,10218,-19,11,35,51,62
20160116 06:02,70,15,72,15,69,16,0,98,60,-3,10217,-19,11,35,51,62
20160116 06:03,69,14,72,15,68,16,0,98,60,-3,10217,-19,11,35,51,62
20160116 06:04,69,13,72,15,70,15,0,98,60,-3,10217,-19,11,35,51,62
20160116 06:05,69,13,71,15,68,16,0,98,60,-3,10217,-19,11,35,51,62
20160116 06:06,67,12,70,14,66,14,-1,98,59,-4,10218,-19,11,35,51,62
20160116 06:07,65,12,69,14,64,15,-1,98,59,-4,10217,-19,11,35,51,62
20160116 06:08,64,12,69,14,64,15,-1,98,59,-4,10217,-19,11,35,51,62
20160116 06:09,64,12,68,13,63,13,-1,98,59,-4,10217,-19,11,35,51,62
20160116 06:10,61,12,66,13,59,15,-1,98,59,-4,10217,-19,11,35,51,62
20160116 06:11,57,13,65,13,55,15,-1,98,59,-4,10217,-19,11,35,51,62
20160116 06:12,54,15,63,13,53,21,-1,97,59,-5,10217,-19,11,35,51,62
20160116 06:13,52,18,61,13,51,22,-2,97,58,-6,10218,-19,11,35,51,62
20160116 06:14,50,19,59,14,50,23,-2,97,58,-6,10218,-19,11,35,51,62
20160116 06:15,51,18,58,14,53,21,-2,97,58,-6,10218,-19,11,35,51,62
20160116 06:16,53,18,56,15,53,21,-2,97,58,-6,10218,-19,11,35,51,62
20160116 06:17,53,18,55,16,53,21,-2,97,58,-6,10218,-19,11,35,51,62
20160116 06:18,53,18,54,16,53,22,-2,97,58,-6,10218,-20,11,35,51,62
20160116 06:19,53,17,53,17,53,20,-2,97,58,-6,10218,-20,11,35,51,62
20160116 06:20,54,15,53,17,55,16,-2,97,58,-6,10218,-20,11,35,51,62
20160116 06:21,55,14,53,17,55,17,-2,97,58,-6,10218,-20,11,35,51,62
20160116 06:22,54,14,53,17,54,18,-2,97,58,-6,10219,-20,11,35,51,62
20160116 06:23,53,15,53,17,52,19,-1,97,59,-5,10219,-20,11,35,51,62
20160116 06:24,50,16,53,16,49,19,-1,97,59,-5,10219,-20,11,35,51,62
20160116 06:25,48,16,52,16,46,19,-1,97,59,-5,10219,-20,11,35,51,62
20160116 06:26,46,16,52,16,46,19,-2,97,58,-6,10220,-20,11,35,51,62
20160116 06:27,45,15,51,15,44,19,-1,97,59,-5,10220,-20,11,35,51,62
20160116 06:28,44,16,50,15,43,18,-1,97,59,-5,10220,-20,11,35,51,62
20160116 06:29,44,16,49,15,45,20,-1,97,59,-5,10220,-20,11,35,51,62
20160116 06:30,46,16,48,15,46,19,-1,97,59,-5,10220,-20,11,35,51,62
20160116 06:31,47,17,47,16,48,21,-1,97,59,-5,10220,-20,11,35,51,62
20160116 06:32,49,17,47,16,50,21,-1,97,59,-5,10220,-20,11,35,51,62
20160116 06:33,50,18,47,16,50,22,-1,97,59,-5,10220,-20,11,35,50,62
20160116 06:34,50,18,47,17,50,20,-1,97,59,-5,10220,-20,11,35,50,62
20160116 06:35,50,18,47,17,50,20,-1,97,59,-5,10220,-20,11,34,50,62
20160116 06:36,51,17,48,17,52,19,-1,97,59,-5,10220,-20,11,34,50,62
20160116 06:37,52,16,49,17,52,20,-1,97,59,-5,10220,-20,11,34,50,62
20160116 06:38,53,16,50,17,53,18,0,97,59,-4,10221,-20,11,34,50,62
20160116 06:39,53,15,51,17,54,16,0,97,59,-4,10221,-20,11,34,50,62
20160116 06:40,55,13,51,16,55,16,0,97,59,-4,10221,-20,11,34,50,62
20160116 06:41,55,12,52,16,55,16,0,97,59,-4,10221,-20,10,34,50,61
20160116 06:42,56,11,53,15,57,12,0,97,59,-4,10221,-20,11,34,50,62
20160116 06:43,58,10,54,14,59,11,0,97,59,-4,10220,-20,10,34,50,61
20160116 06:44,58,9,54,13,57,11,0,97,59,-4,10221,-20,10,34,50,61
20160116 06:45,57,9,55,13,56,10,0,97,59,-4,10221,-20,10,34,50,61
20160116 06:46,55,10,55,12,53,11,0,97,59,-4,10221,-20,10,34,50,61
20160116 06:47,53,11,55,11,52,12,0,97,59,-4,10221,-20,10,34,50,61
20160116 06:48,52,12,55,11,52,15,0,97,59,-4,10221,-20,10,34,50,61
20160116 06:49,52,12,55,11,53,14,0,97,59,-4,10221,-20,10,34,50,61
20160116 06:50,53,13,55,11,54,15,0,97,59,-4,10221,-20,10,34,50,61
20160116 06:51,54,12,55,11,55,14,0,97,59,-4,10221,-20,10,34,50,61
20160116 06:52,55,11,55,11,56,12,0,97,59,-4,10221,-20,10,34,50,61
20160116 06:53,57,10,55,11,57,12,0,97,59,-4,10221,-20,10,34,50,61
20160116 06:54,58,9,55,11,59,10,0,97,59,-4,10221,-20,10,34,50,61
20160116 06:55,60,9,55,11,61,12,1,97,60,-3,10221,-20,10,34,50,61
20160116 06:56,62,10,56,11,63,13,1,97,60,-3,10221,-20,10,34,50,61
20160116 06:57,63,10,57,11,62,10,2,97,60,-2,10221,-20,10,34,50,61
20160116 06:58,62,9,58,10,62,11,2,97,60,-2,10221,-19,10,34,50,61
20160116 06:59,64,10,59,10,65,12,2,97,60,-2,10221,-19,10,34,50,61
20160116 07:00,65,11,61,10,66,13,1,97,60,-3,10221,-19,10,34,50,61
20160116 07:01,66,12,62,10,66,13,1,97,60,-3,10221,-19,10,34,50,61
20160116 07:02,67,12,63,10,67,14,1,97,60,-3,10221,-19,10,34,50,61
20160116 07:03,67,12,64,10,68,14,2,97,60,-2,10221,-19,10,34,50,61
20160116 07:04,68,12,65,11,68,13,2,97,60,-2,10221,-19,10,34,50,61
20160116 07:05,69,11,66,11,69,12,2,97,60,-2,10221,-19,10,34,50,61
20160116 07:06,69,11,66,11,69,12,2,97,60,-2,10221,-19,10,34,50,61
20160116 07:07,69,10,67,11,70,11,2,97,60,-2,10221,-19,10,34,50,61
20160116 07:08,69,9,68,11,69,9,2,97,60,-2,10221,-18,10,34,50,61
20160116 07:09,71,8,68,11,73,9,2,97,60,-2,10221,-18,10,34,50,61
20160116 07:10,74,8,69,10,76,9,2,97,60,-2,10221,-18,10,34,50,61
20160116 07:11,78,8,71,10,80,9,2,97,60,-2,10221,-18,10,34,50,61
20160116 07:12,80,9,72,10,80,10,2,97,60,-2,10221,-18,10,34,50,61
20160116 07:13,82,9,74,9,84,11,2,97,60,-2,10221,-18,10,34,49,61
20160116 07:14,84,10,75,9,83,11,2,97,60,-2,10221,-18,10,33,49,61
20160116 07:15,84,9,77,9,85,10,2,97,60,-2,10221,-17,10,33,49,61
20160116 07:16,87,9,79,9,89,10,3,97,61,-1,10221,-17,10,33,49,61
20160116 07:17,89,9,81,9,88,9,3,97,61,-1,10221,-17,10,33,49,61
20160116 07:18,93,8,83,9,97,9,3,97,61,-1,10221,-17,10,33,49,61
20160116 07:19,104,7,87,9,111,8,3,97,61,-1,10221,-17,10,33,49,61
20160116 07:20,117,6,92,8,122,6,3,97,61,-1,10221,-16,10,33,49,61
20160116 07:21,121,6,96,8,120,8,3,97,61,-1,10221,-16,10,33,49,61
20160116 07:22,120,7,100,8,121,8,3,97,61,-1,10220,-16,10,33,49,61
20160116 07:23,120,8,104,8,119,9,3,97,61,-1,10220,-16,10,33,49,61
20160116 07:24,117,8,107,8,114,8,3,97,61,-1,10220,-15,10,33,49,61
20160116 07:25,109,8,108,8,103,9,3,97,61,-1,10220,-15,10,33,49,61
20160116 07:26,100,8,109,8,97,9,3,97,61,-1,10220,-15,10,33,49,61
20160116 07:27,91,8,109,7,85,9,3,97,61,-1,10220,-15,10,33,49,60
20160116 07:28,82,9,107,8,78,11,2,97,60,-2,10220,-15,10,33,49,60
20160116 07:29,77,10,104,8,76,11,2,97,60,-2,10220,-14,10,33,49,60
20160116 07:30,75,10,99,8,73,11,2,97,60,-2,10220,-14,10,33,49,60
20160116 07:31,72,10,94,9,71,12,2,97,60,-2,10220,-14,10,33,49,60
20160116 07:32,69,11,88,9,67,12,2,97,60,-2,10220,-13,10,33,49,60
20160116 07:33,66,11,83,9,65,13,2,97,60,-2,10220,-13,10,33,49,60
20160116 07:34,64,11,78,10,63,12,2,97,60,-2,10220,-13,10,33,49,60
20160116 07:35,62,10,74,10,61,11,2,97,60,-2,10220,-13,10,33,49,60
20160116 07:36,58,10,69,10,56,12,2,97,60,-2,10220,-12,10,33,49,60
20160116 07:37,53,12,66,11,50,18,2,97,60,-2,10220,-12,10,33,49,60
20160116 07:38,51,14,63,11,52,18,2,97,60,-2,10220,-12,10,33,49,60
20160116 07:39,51,16,61,12,51,20,2,97,60,-2,10220,-11,10,33,49,60
20160116 07:40,51,16,59,12,50,19,2,97,60,-2,10220,-11,10,33,49,60
20160116 07:41,51,16,57,13,52,20,3,97,61,-1,10220,-11,10,33,49,60
20160116 07:42,51,17,55,14,50,21,3,97,61,-1,10220,-10,10,33,49,60
20160116 07:43,51,18,54,14,52,22,3,97,61,-1,10220,-10,10,33,49,60
20160116 07:44,52,18,53,15,52,24,4,97,61,0,10220,-10,10,33,49,60
20160116 07:45,53,18,52,16,55,23,5,97,61,1,10220,-9,10,33,49,60
20160116 07:46,54,16,52,17,54,22,5,97,61,1,10220,-9,10,33,49,60
20160116 07:47,54,16,52,17,54,20,6,97,62,2,10220,-9,10,33,49,60
20160116 07:48,51,16,52,17,49,20,6,97,62,2,10220,-8,10,33,49,60
20160116 07:49,51,16,52,17,54,19,7,97,62,3,10220,-8,10,33,49,60
20160116 07:50,52,17,52,17,51,22,8,97,63,4,10220,-8,10,33,49,60
20160116 07:51,52,18,53,17,54,21,8,97,63,4,10220,-7,10,33,49,60
20160116 07:52,55,18,53,17,55,24,9,97,63,5,10220,-7,10,33,49,60
20160116 07:53,56,16,54,17,57,20,10,98,64,7,10220,-7,10,33,49,60
20160116 07:54,59,14,54,16,61,16,10,98,64,7,10220,-6,10,33,49,60
20160116 07:55,59,14,55,16,57,20,11,98,65,8,10220,-6,10,33,49,60
20160116 07:56,56,14,55,16,55,18,12,98,65,9,10220,-5,10,33,48,60
20160116 07:57,55,14,55,16,55,21,13,98,66,10,10219,-5,10,33,48,60
20160116 07:58,56,13,56,15,57,16,13,98,66,10,10219,-5,10,33,48,60
20160116 07:59,58,12,56,15,59,17,13,98,66,10,10219,-5,10,33,48,60
20160116 08:00,58,12,57,14,57,15,14,98,66,11,10219,-4,10,33,48,60
20160116 08:01,56,13,57,14,56,17,15,98,67,12,10219,-4,10,33,48,60
20160116 08:02,58,14,57,13,60,19,15,98,67,12,10219,-3,10,33,48,60
20160116 08:03,59,13,57,13,58,16,16,98,67,13,10219,-3,10,33,48,60
20160116 08:04,58,13,57,13,57,17,16,97,66,12,10219,-3,10,33,48,60
20160116 08:05,59,13,57,13,60,18,17,97,67,13,10219,-2,10,33,48,60
20160116 08:06,58,15,58,13,57,21,17,97,67,13,10219,-2,10,32,48,60
20160116 08:07,55,15,57,13,53,17,18,97,67,14,10219,-2,10,32,48,60
20160116 08:08,52,14,57,13,51,19,18,97,67,14,10219,-1,10,33,48,60
20160116 08:09,54,13,57,13,56,18,19,97,68,15,10219,-1,10,32,48,60
20160116 08:10,56,14,56,14,55,21,19,97,68,15,10219,0,10,32,48,60
20160116 08:11,57,16,57,14,58,21,20,97,68,16,10219,0,10,32,48,60
20160116 08:12,56,16,56,14,53,23,20,97,68,16,10219,0,10,32,48,60
20160116 08:13,55,15,56,14,57,20,21,97,69,17,10219,0,10,32,48,59
20160116 08:14,58,13,56,14,59,18,21,97,69,17,10219,0,10,32,48,59
20160116 08:15,58,13,56,14,58,15,22,97,69,18,10219,1,10,32,48,59
20160116 08:16,59,13,56,14,60,18,23,97,70,19,10220,1,10,32,48,59
20160116 08:17,60,13,57,14,60,16,24,97,70,20,10220,1,10,32,48,59
20160116 08:18,60,12,58,14,60,19,24,97,70,20,10220,1,10,32,48,59
20160116 08:19,59,10,58,13,58,17,25,97,71,21,10220,1,10,32,48,59
20160116 08:20,61,12,59,13,64,18,26,97,71,22,10220,1,10,32,48,59
20160116 08:21,66,14,60,13,68,18,26,97,71,22,10220,1,10,32,48,59
20160116 08:22,68,13,61,13,67,14,27,97,72,23,10220,2,10,32,48,59
20160116 08:23,69,12,63,13,72,16,28,97,72,24,10220,3,10,32,48,59
20160116 08:24,73,13,64,13,74,18,28,96,72,22,10220,4,10,32,48,59
20160116 08:25,74,14,66,13,73,19,29,96,72,23,10220,5,10,32,48,59
20160116 08:26,74,15,67,13,76,20,30,96,73,24,10220,6,10,32,48,59
20160116 08:27,77,16,69,13,79,19,30,96,73,24,10220,7,10,32,48,59
20160116 08:28,80,17,71,14,82,21,31,96,73,25,10220,8,10,32,48,59
20160116 08:29,80,18,73,15,79,21,32,96,74,26,10221,9,10,32,48,59
20160116 08:30,77,17,75,15,76,22,32,96,74,26,10221,10,10,32,48,59
20160116 08:31,75,17,75,15,74,22,33,96,74,27,10221,10,10,32,48,59
20160116 08:32,71,17,75,16,67,20,33,95,74,26,10221,11,10,32,48,59
20160116 08:33,69,18,75,16,70,23,34,95,74,27,10220,12,10,32,48,59
20160116 08:34,70,20,75,17,70,27,34,95,74,27,10220,13,10,32,48,59
20160116 08:35,69,19,74,17,67,22,35,95,75,28,10220,14,10,32,48,59
20160116 08:36,67,16,73,18,67,25,35,95,75,28,10220,15,10,32,48,59
20160116 08:37,67,17,72,18,67,26,36,95,75,29,10220,16,11,32,48,59
20160116 08:38,62,16,70,17,58,18,36,95,75,29,10220,17,11,32,48,59
20160116 08:39,63,14,68,17,68,19,37,95,76,30,10221,18,11,32,48,59
20160116 08:40,66,13,67,17,65,17,38,95,76,31,10221,19,11,32,48,59
20160116 08:41,65,16,66,17,65,22,38,95,76,31,10221,20,11,32,48,59
20160116 08:42,65,17,66,17,64,21,39,94,76,30,10221,21,11,32,48,59
20160116 08:43,62,17,65,17,60,23,39,94,76,30,10221,22,11,32,47,59
20160116 08:44,65,17,65,16,70,20,40,94,76,31,10221,23,11,32,47,59
20160116 08:45,68,16,65,16,66,22,41,94,77,32,10221,24,11,32,47,59
20160116 08:46,65,14,65,16,65,18,42,93,77,32,10221,25,11,32,47,59
20160116 08:47,63,13,64,15,62,21,42,93,77,32,10221,26,11,32,47,59
20160116 08:48,64,16,65,16,67,26,43,93,77,33,10221,27,11,32,47,59
20160116 08:49,65,18,65,16,63,24,44,93,78,34,10221,28,11,32,47,59
20160116 08:50,64,18,65,17,65,24,44,92,77,32,10221,29,11,32,47,59
20160116 08:51,67,18,65,16,68,23,45,92,77,33,10221,30,11,32,47,59
20160116 08:52,65,18,65,17,62,24,45,92,77,33,10221,30,11,32,47,59
20160116 08:53,67,18,66,17,72,25,46,91,77,33,10221,29,11,32,47,59
20160116 08:54,71,17,66,17,69,21,47,91,78,34,10221,28,11,32,47,59
20160116 08:55,74,17,67,17,79,22,47,91,78,34,10221,28,11,32,47,59
20160116 08:56,78,18,68,17,77,23,48,91,78,35,10221,28,11,32,47,59
20160116 08:57,70,14,68,17,63,24,49,91,79,36,10221,30,11,32,47,59
20160116 08:58,71,17,70,17,80,28,49,90,78,34,10221,33,11,32,47,59
20160116 08:59,78,20,71,17,77,27,50,90,78,35,10221,36,11,32,47,59
20160116 09:00,76,22,72,18,75,30,51,89,78,34,10221,38,11,32,47,59
20160116 09:01,76,24,73,19,76,29,51,89,78,34,10221,40,11,32,47,58
20160116 09:02,75,24,74,19,74,29,52,88,78,34,10221,42,11,32,47,58
20160116 09:03,71,23,74,20,68,28,52,88,78,34,10221,44,11,32,47,58
20160116 09:04,73,22,75,20,77,29,53,87,77,33,10221,46,11,32,47,58
20160116 09:05,76,20,74,20,75,27,54,87,78,34,10221,48,11,32,47,58
20160116 09:06,72,18,73,20,69,22,54,87,78,34,10221,49,11,32,47,58
20160116 09:07,74,22,75,22,79,32,55,86,78,33,10221,50,12,32,47,58
20160116 09:08,77,23,75,21,75,24,56,85,77,33,10221,52,12,32,47,58
20160116 09:09,74,19,74,21,73,25,56,84,76,31,10221,54,12,32,47,58
20160116 09:10,78,21,75,21,82,28,57,84,77,32,10221,55,12,32,47,58
20160116 09:11,78,21,75,21,75,23,57,84,77,32,10221,56,12,32,47,58
20160116 09:12,77,20,75,21,79,27,58,84,77,33,10221,58,12,32,47,58
20160116 09:13,76,21,76,20,72,29,58,84,77,33,10221,60,13,32,47,58
20160116 09:14,75,20,76,20,78,22,59,83,77,32,10221,62,13,32,47,58
20160116 09:15,73,16,75,20,68,20,60,83,78,33,10221,64,13,32,47,58
20160116 09:16,73,15,76,20,78,21,60,82,77,32,10221,65,13,32,47,58
20160116 09:17,77,17,76,19,76,24,61,82,77,33,10221,67,14,32,47,58
20160116 09:18,75,18,76,19,74,23,61,82,77,33,10221,68,14,32,47,58
20160116 09:19,72,16,75,18,70,18,62,82,78,34,10221,70,15,32,47,58
20160116 09:20,76,16,75,18,81,23,62,82,78,34,10221,72,15,32,47,58
20160116 09:21,77,17,75,18,73,23,63,81,77,33,10222,74,15,32,47,58
20160116 09:22,72,18,74,18,70,27,64,81,78,34,10222,76,16,32,47,58
20160116 09:23,73,19,74,17,75,24,65,79,76,31,10222,77,16,32,47,58
20160116 09:24,73,17,74,17,71,17,65,79,76,31,10222,78,17,32,47,58
20160116 09:25,72,15,74,17,74,19,66,79,77,32,10222,80,18,32,47,58
20160116 09:26,76,15,74,17,77,20,66,78,76,30,10222,82,18,32,47,58
20160116 09:27,79,14,74,16,80,18,67,78,77,31,10222,83,19,32,47,58
20160116 09:28,86,17,76,17,93,27,68,78,77,32,10221,85,20,32,47,58
20160116 09:29,85,20,77,17,78,26,68,76,75,29,10221,87,20,32,47,58
20160116 09:30,84,19,78,17,91,21,69,76,76,30,10221,89,21,32,47,58
20160116 09:31,86,18,79,17,80,26,70,75,75,29,10221,90,22,32,47,58
20160116 09:32,84,18,81,17,88,27,71,75,76,30,10221,91,22,32,47,58
20160116 09:33,88,17,82,17,88,19,72,74,75,29,10221,93,23,32,47,58
20160116 09:34,93,17,85,17,98,25,73,72,74,26,10221,95,24,32,47,58
20160116 09:35,102,20,88,18,105,24,73,71,73,24,10221,97,25,32,47,58
20160116 09:36,103,19,90,18,101,24,74,71,73,25,10221,99,25,32,47,58
20160116 09:37,99,18,92,18,97,24,75,71,74,26,10221,99,26,32,47,58
20160116 09:38,92,17,91,18,86,23,76,70,73,25,10221,101,27,32,47,58
20160116 09:39,90,18,93,18,94,24,76,70,73,25,10221,102,28,33,47,58
20160116 09:40,91,18,92,18,88,20,77,69,72,24,10221,103,28,33,47,58
20160116 09:41,91,15,94,17,94,30,78,70,74,27,10221,104,29,33,47,58
20160116 09:42,100,17,96,18,107,30,79,71,76,30,10221,105,30,33,47,58
20160116 09:43,104,21,97,18,101,27,79,68,72,24,10221,106,31,33,47,58
20160116 09:44,96,20,96,18,91,28,80,68,73,25,10221,107,31,33,47,58
20160116 09:45,99,19,97,18,108,24,81,68,73,26,10221,109,32,33,47,58
20160116 09:46,104,20,96,19,99,28,81,68,73,26,10221,109,33,33,47,58
20160116 09:47,101,24,97,19,102,36,82,68,74,27,10221,111,34,33,46,58
20160116 09:48,102,29,99,21,101,37,82,67,73,24,10221,111,35,33,47,58
20160116 09:49,97,29,98,21,93,37,82,65,71,20,10221,111,35,33,46,58
20160116 09:50,93,24,99,22,93,36,82,65,71,20,10220,113,36,34,47,58
20160116 09:51,96,26,99,24,98,35,82,66,72,22,10220,114,37,34,47,58
20160116 09:52,95,24,98,24,92,29,83,66,72,23,10220,115,38,34,47,58
20160116 09:53,92,20,97,23,92,26,83,67,73,25,10220,117,38,34,47,58
20160116 09:54,89,21,96,24,87,27,84,67,74,26,10220,119,39,34,46,57
20160116 09:55,85,23,94,24,84,32,84,66,73,24,10220,121,40,34,47,57
20160116 09:56,84,24,93,25,83,32,84,66,73,24,10220,123,41,34,47,57
20160116 09:57,85,25,91,25,87,31,84,66,73,24,10220,124,41,34,47,57
20160116 09:58,87,23,89,23,86,28,85,66,73,25,10220,123,42,35,47,57
20160116 09:59,94,19,90,23,101,19,85,66,73,25,10221,124,43,35,47,57
20160116 10:00,100,18,91,22,98,27,86,67,75,28,10221,126,43,35,47,57
20160116 10:01,109,21,93,22,120,26,86,66,74,26,10221,128,44,35,47,57
20160116 10:02,121,25,96,22,122,33,88,68,77,32,10221,129,45,35,47,57
20160116 10:03,120,27,98,23,117,34,88,68,77,32,10221,130,46,35,47,57
20160116 10:04,120,25,102,23,123,33,88,68,77,32,10221,131,46,36,47,57
20160116 10:05,110,24,103,23,97,30,89,68,77,33,10221,133,47,36,47,57
20160116 10:06,97,24,105,23,97,32,89,68,77,33,10221,134,48,36,47,57
20160116 10:07,112,27,109,24,127,39,90,68,78,34,10221,135,48,36,47,57
20160116 10:08,120,28,112,24,114,32,89,67,76,31,10221,136,49,36,47,57
20160116 10:09,109,24,112,25,105,31,90,68,78,34,10221,138,50,36,47,57
20160116 10:10,113,21,114,25,121,28,90,68,78,34,10221,139,50,37,47,57
20160116 10:11,124,20,115,24,127,27,91,68,79,35,10221,140,51,37,47,57
20160116 10:12,114,18,113,23,100,24,91,67,77,33,10221,142,52,37,47,57
20160116 10:13,103,21,112,23,106,30,91,67,77,33,10221,143,52,37,47,57
20160116 10:14,104,22,110,23,102,27,91,68,79,35,10221,144,53,37,47,57
20160116 10:15,95,17,109,22,88,18,92,68,79,36,10221,145,54,37,47,57
20160116 10:16,99,15,110,21,111,23,92,68,79,36,10221,146,54,38,47,57
20160116 10:17,114,14,109,19,117,18,92,67,78,34,10221,147,55,38,47,57
20160116 10:18,117,14,109,18,117,26,93,68,80,37,10222,148,56,38,47,57
20160116 10:19,121,19,111,18,125,36,94,69,81,40,10222,148,56,38,47,57
20160116 10:20,122,27,111,19,120,38,94,69,81,40,10222,149,57,38,47,57
20160116 10:21,123,27,111,20,126,30,94,68,80,38,10222,148,58,39,47,57
20160116 10:22,129,22,115,20,133,26,94,67,79,36,10221,149,58,39,47,57
20160116 10:23,129,20,116,19,124,26,93,67,78,35,10221,150,59,39,47,57
20160116 10:24,129,20,120,19,134,31,94,68,80,38,10221,152,60,39,47,57
20160116 10:25,133,23,124,21,132,32,94,68,80,38,10221,154,60,39,47,57
20160116 10:26,124,31,124,23,116,41,94,68,80,38,10221,154,61,40,47,57
20160116 10:27,118,34,125,25,121,45,94,68,80,38,10221,154,61,40,47,57
20160116 10:28,119,27,125,25,117,26,94,69,81,40,10221,154,62,40,47,57
20160116 10:29,120,25,125,26,124,35,94,69,81,40,10221,154,63,40,47,57
20160116 10:30,127,28,126,26,131,34,94,70,83,42,10221,153,63,41,47,57
20160116 10:31,133,25,127,26,135,27,95,70,83,43,10221,153,64,41,47,57
20160116 10:32,130,25,126,26,125,30,95,70,83,43,10221,153,65,41,47,57
20160116 10:33,120,26,125,27,114,36,95,69,82,41,10221,153,65,41,47,57
20160116 10:34,114,28,123,28,114,38,95,70,83,43,10220,152,66,41,48,57
20160116 10:35,113,25,121,27,112,30,95,70,83,43,10220,152,66,42,48,57
20160116 10:36,122,25,122,27,132,40,95,70,83,43,10219,152,67,42,48,57
20160116 10:37,133,27,124,26,135,32,95,69,82,41,10219,152,67,42,48,57
20160116 10:38,132,29,125,27,129,42,95,70,83,43,10219,152,68,42,48,57
20160116 10:39,133,32,126,27,137,42,95,70,83,43,10219,147,68,43,48,57
20160116 10:40,142,31,128,28,147,34,94,69,81,40,10219,143,69,43,48,57
20160116 10:41,142,28,128,28,137,31,93,70,82,41,10219,140,69,43,48,57
20160116 10:42,129,28,128,28,121,35,93,70,82,41,10219,139,70,43,48,57
20160116 10:43,132,27,131,28,144,35,93,70,82,41,10219,139,70,43,48,57
20160116 10:44,133,25,132,28,123,32,93,71,83,43,10219,140,71,44,48,57
20160116 10:45,119,25,132,28,115,38,94,71,84,44,10218,139,71,44,48,57
20160116 10:46,115,27,130,28,116,42,94,71,84,44,10218,139,72,44,48,57
20160116 10:47,120,27,129,28,124,31,94,71,84,44,10218,139,72,44,48,57
20160116 10:48,125,30,129,28,125,42,93,70,82,41,10218,140,72,45,48,57
20160116 10:49,130,34,129,28,135,47,93,70,82,41,10217,142,73,45,48,57
20160116 10:50,134,29,127,28,133,29,93,70,82,41,10217,145,73,45,48,57
20160116 10:51,131,24,127,28,130,28,94,69,81,40,10217,149,73,45,49,57
20160116 10:52,124,22,126,27,119,24,94,69,81,40,10217,155,74,46,49,57
20160116 10:53,123,17,125,25,128,22,95,71,84,45,10217,160,74,46,49,57
20160116 10:54,117,18,123,25,107,32,96,71,85,46,10217,165,74,46,49,57
20160116 10:55,111,22,123,25,114,32,97,70,84,45,10217,170,74,46,49,57
20160116 10:56,130,23,126,24,147,32,98,70,85,46,10217,173,75,47,49,57
20160116 10:57,139,19,127,23,131,24,99,68,83,43,10217,175,75,47,49,57
20160116 10:58,134,19,128,22,136,27,99,67,82,41,10217,172,75,47,49,57
20160116 10:59,136,20,128,20,135,28,99,67,82,41,10217,168,76,47,49,57
20160116 11:00,136,25,128,21,137,41,99,67,82,41,10217,168,76,47,49,57
20160116 11:01,129,32,128,22,121,40,98,68,82,42,10217,170,77,48,49,57
20160116 11:02,123,27,128,22,126,28,99,68,83,43,10217,172,77,48,49,57
20160116 11:03,123,19,128,22,121,23,99,67,82,41,10217,175,78,48,49,57
20160116 11:04,122,17,129,22,123,31,100,67,82,42,10217,177,78,48,50,57
20160116 11:05,129,22,131,22,135,33,100,66,81,39,10216,178,79,49,50,57
20160116 11:06,141,27,131,23,147,33,99,65,79,36,10216,179,79,49,50,57
20160116 11:07,143,28,132,24,139,36,100,66,81,39,10216,181,80,49,50,57
20160116 11:08,127,25,130,24,115,34,101,67,83,43,10216,179,80,49,50,57
20160116 11:09,121,25,129,25,128,35,100,65,80,37,10215,174,81,50,50,57
20160116 11:10,134,27,129,25,140,29,99,64,78,34,10215,171,81,50,50,57
20160116 11:11,138,19,131,23,137,17,99,66,80,39,10215,168,82,50,50,57
20160116 11:12,138,13,132,22,139,21,99,67,82,41,10215,169,82,50,50,57
20160116 11:13,124,13,131,22,110,24,100,68,83,44,10215,171,83,50,50,57
20160116 11:14,114,16,131,22,117,23,101,68,84,45,10215,174,83,51,50,57
20160116 11:15,118,21,129,22,118,30,101,68,84,45,10215,176,84,51,50,57
20160116 11:16,114,24,125,21,111,32,101,66,82,40,10215,177,84,51,51,57
20160116 11:17,120,19,124,20,130,17,101,66,82,40,10214,173,85,51,51,57
20160116 11:18,107,16,122,19,84,30,101,65,80,38,10214,170,85,52,51,57
20160116 11:19,102,22,121,19,120,32,101,66,82,40,10214,170,86,52,51,57
20160116 11:20,121,25,119,19,123,34,101,65,80,38,10214,172,86,52,51,57
20160116 11:21,120,25,117,20,118,34,101,64,79,36,10214,176,86,52,51,57
20160116 11:22,118,23,115,21,118,26,101,63,78,34,10213,180,87,53,51,57
20160116 11:23,115,25,115,22,111,36,102,63,78,35,10213,184,87,53,51,57
20160116 11:24,115,28,115,23,119,38,102,61,76,30,10213,188,88,53,51,57
20160116 11:25,120,28,116,24,121,37,104,62,78,34,10213,190,88,53,51,57
20160116 11:26,121,30,117,24,122,42,103,58,73,24,10213,190,88,53,52,57
20160116 11:27,129,28,117,26,137,39,103,58,73,24,10212,190,89,54,52,58
20160116 11:28,134,26,122,26,131,30,103,58,73,24,10212,191,89,54,52,58
20160116 11:29,156,28,127,27,181,38,102,57,71,21,10212,191,89,54,52,58
20160116 11:30,169,31,131,28,156,42,104,57,72,23,10211,193,90,54,52,58
20160116 11:31,148,33,133,28,140,39,103,57,71,22,10211,195,90,55,52,58
20160116 11:32,156,29,139,29,172,31,103,57,71,22,10211,196,91,55,52,58
20160116 11:33,169,23,144,28,167,30,103,56,70,19,10210,196,91,55,52,58
20160116 11:34,162,21,148,27,158,30,104,57,72,23,10210,196,92,55,52,58
20160116 11:35,146,22,150,27,134,29,104,57,72,23,10210,196,92,56,52,58
20160116 11:36,127,24,150,26,120,33,104,57,72,23,10210,196,93,56,52,58
20160116 11:37,124,24,149,26,127,32,105,57,72,23,10210,197,93,56,53,58
20160116 11:38,128,24,148,26,130,30,104,55,69,18,10210,196,94,56,53,58
20160116 11:39,135,21,144,25,141,24,104,54,68,15,10209,197,94,56,53,58
20160116 11:40,139,18,143,23,138,20,103,54,68,14,10209,199,95,57,53,58
20160116 11:41,131,20,141,22,124,31,104,56,71,20,10208,200,95,57,53,58
20160116 11:42,133,24,138,22,142,31,104,56,71,20,10208,201,96,57,53,58
20160116 11:43,151,25,137,22,161,32,103,56,70,19,10207,200,96,57,53,58
20160116 11:44,145,28,135,23,130,36,103,58,73,24,10207,201,97,58,53,58
20160116 11:45,122,28,133,24,114,30,103,58,73,24,10207,201,97,58,53,58
20160116 11:46,112,20,132,23,109,21,104,55,69,18,10206,202,97,58,54,58
20160116 11:47,120,22,132,23,130,39,104,55,69,18,10206,203,98,58,54,58
20160116 11:48,133,31,132,24,136,45,105,54,69,16,10206,203,99,59,54,58
20160116 11:49,133,25,131,24,130,24,105,53,67,13,10206,204,99,59,54,58
20160116 11:50,118,17,128,24,107,27,104,52,66,10,10205,205,99,59,54,58
20160116 11:51,111,22,127,24,116,36,104,53,67,12,10205,204,100,59,54,58
20160116 11:52,112,24,124,24,109,29,104,53,67,12,10205,203,100,60,54,58
20160116 11:53,114,25,120,25,119,34,105,55,70,18,10205,203,101,60,54,58
20160116 11:54,128,27,121,24,137,33,106,55,70,19,10205,206,101,60,54,58
20160116 11:55,132,26,122,24,127,36,107,54,69,18,10205,209,102,60,54,58
20160116 11:56,131,27,125,25,134,34,107,54,69,18,10205,210,102,61,55,58
20160116 11:57,143,22,127,24,151,26,107,54,69,18,10204,210,102,61,55,58
20160116 11:58,149,23,128,24,147,52,107,54,69,18,10204,208,103,61,55,58
20160116 11:59,148,30,130,25,149,45,106,52,66,12,10204,205,103,61,55,59
20160116 12:00,136,30,131,26,122,36,105,52,66,11,10204,205,104,61,55,59
20160116 12:01,115,31,130,27,107,45,106,54,69,17,10204,205,104,62,55,59
20160116 12:02,111,38,131,29,114,48,105,53,67,13,10204,202,105,62,55,59
20160116 12:03,111,37,130,29,108,38,105,52,66,11,10204,201,105,62,55,59
20160116 12:04,107,28,126,29,106,41,105,52,66,11,10204,201,105,62,56,59
20160116 12:05,103,28,124,30,100,39,105,53,67,13,10204,203,106,63,56,59
20160116 12:06,99,30,120,30,98,38,105,52,66,11,10204,204,106,63,56,59
20160116 12:07,111,33,117,32,123,51,105,53,67,13,10203,203,107,63,56,59
20160116 12:08,124,35,115,32,125,42,105,52,66,11,10203,204,107,63,56,59
20160116 12:09,115,32,111,32,106,43,105,53,67,13,10203,206,107,64,56,59
20160116 12:10,104,30,109,32,102,39,105,54,69,16,10203,207,108,64,56,59
20160116 12:11,109,32,110,33,116,42,105,53,67,13,10203,205,108,64,56,59
20160116 12:12,115,32,110,31,115,37,105,53,67,13,10203,199,108,64,56,59
20160116 12:13,125,31,112,31,134,42,104,53,67,12,10203,197,109,65,57,59
20160116 12:14,132,33,115,32,130,38,103,52,65,9,10203,195,109,65,57,59
20160116 12:15,126,29,117,32,123,34,103,52,65,9,10203,190,109,65,57,59
20160116 12:16,127,27,121,32,131,29,102,52,65,8,10203,189,109,65,57,59
20160116 12:17,134,24,122,30,138,29,103,53,66,11,10203,193,110,66,57,59
20160116 12:18,139,22,124,29,141,22,103,52,65,9,10202,195,110,66,57,59
20160116 12:19,144,22,128,28,147,29,103,51,64,6,10202,199,110,66,57,59
20160116 12:20,149,26,133,28,151,32,104,52,66,10,10202,202,110,66,57,59
20160116 12:21,153,26,137,27,155,31,104,51,64,7,10201,204,111,67,58,59
20160116 12:22,145,24,138,27,135,35,104,52,66,10,10201,206,111,67,58,59
20160116 12:23,157,27,143,26,178,35,105,54,69,16,10201,208,111,67,58,60
20160116 12:24,170,25,146,25,161,34,106,56,72,22,10201,210,111,67,58,60
20160116 12:25,161,26,150,25,161,39,107,56,72,23,10201,210,111,68,58,60
20160116 12:26,144,31,149,26,128,42,108,56,72,24,10201,212,112,68,58,60
20160116 12:27,124,28,148,26,119,37,108,54,70,19,10201,211,112,68,58,60
20160116 12:28,115,27,145,27,110,36,108,54,70,19,10200,209,112,68,58,60
20160116 12:29,118,25,142,27,125,29,108,54,70,19,10200,207,112,69,59,60
20160116 12:30,138,27,142,27,152,43,107,54,69,18,10200,205,112,69,59,60
20160116 12:31,147,32,141,28,143,42,106,54,69,17,10199,201,113,69,59,60
20160116 12:32,147,30,143,28,151,36,105,55,70,18,10199,197,113,69,59,60
20160116 12:33,150,29,140,28,149,43,104,55,69,18,10199,192,113,69,59,60
20160116 12:34,154,33,140,30,159,44,103,56,70,19,10200,188,114,70,59,60
20160116 12:35,159,37,140,30,160,46,103,56,70,19,10200,185,114,70,59,60
20160116 12:36,164,35,144,30,169,40,103,56,70,19,10200,184,114,70,60,60
20160116 12:37,162,34,148,32,156,45,103,55,69,17,10200,183,114,70,60,60
20160116 12:38,161,35,153,32,165,44,103,56,70,19,10200,186,115,71,60,60
20160116 12:39,159,30,156,33,152,33,103,58,73,24,10200,192,115,71,60,60
20160116 12:40,163,27,158,32,174,31,104,57,72,23,10200,197,115,71,60,60
20160116 12:41,176,24,161,31,177,26,104,55,69,18,10200,202,115,71,60,60
20160116 12:42,176,20,164,30,174,28,105,56,71,21,10200,206,115,72,60,60
20160116 12:43,172,24,166,30,170,44,106,56,72,22,10200,209,115,72,60,61
20160116 12:44,165,34,166,30,161,45,107,56,72,23,10200,210,115,72,61,61
20160116 12:45,162,35,166,30,164,41,107,57,73,25,10200,208,115,72,61,61
20160116 12:46,156,33,164,30,148,40,107,55,71,20,10200,204,115,72,61,61
20160116 12:47,140,31,162,29,132,37,105,56,71,21,10199,202,116,73,61,61
20160116 12:48,141,25,160,28,150,27,106,58,74,27,10199,201,116,73,61,61
20160116 12:49,153,23,161,28,156,36,106,58,74,27,10199,205,116,73,61,61
20160116 12:50,149,30,157,28,141,43,107,58,75,28,10199,210,116,73,61,61
20160116 12:51,144,30,154,29,147,36,106,58,74,27,10199,214,116,73,61,61
20160116 12:52,154,25,153,29,162,33,107,58,75,28,10199,217,116,74,62,61
20160116 12:53,165,30,153,30,167,48,108,57,74,26,10198,220,117,74,62,61
20160116 12:54,171,36,154,30,174,43,108,55,71,21,10198,221,117,74,62,61
20160116 12:55,165,32,153,29,157,35,108,53,69,16,10198,220,117,74,62,61
20160116 12:56,151,29,153,29,146,38,108,53,69,16,10197,220,117,74,62,61
20160116 12:57,138,27,153,29,129,32,107,55,71,20,10197,222,118,75,62,61
20160116 12:58,122,24,150,29,117,38,108,57,74,26,10196,224,118,75,62,61
20160116 12:59,118,27,146,29,119,40,108,57,74,26,10196,225,118,75,62,61
20160116 13:00,118,29,144,29,118,42,108,57,74,26,10195,225,118,75,63,61
20160116 13:01,118,31,140,29,117,42,108,56,72,24,10195,223,119,75,63,62
20160116 13:02,123,31,137,30,129,37,108,55,71,21,10196,219,119,75,63,62
20160116 13:03,130,29,133,29,132,34,106,53,68,14,10196,213,120,76,63,62
20160116 13:04,135,29,130,29,139,37,106,55,70,19,10196,210,120,76,63,62
20160116 13:05,140,27,129,28,141,32,105,55,70,18,10196,209,120,76,63,62
20160116 13:06,140,21,128,27,138,27,104,54,68,15,10196,206,121,76,63,62
20160116 13:07,150,24,131,28,161,35,104,56,71,20,10196,206,121,77,63,62
20160116 13:08,150,31,133,28,138,43,105,56,71,21,10195,208,121,77,64,62
20160116 13:09,131,26,134,27,123,24,106,58,74,27,10195,210,121,77,64,62
20160116 13:10,123,21,134,27,123,31,106,57,73,24,10195,213,122,77,64,62
20160116 13:11,130,27,136,26,137,37,108,57,74,26,10195,215,122,77,64,62
20160116 13:12,134,29,136,26,131,42,107,56,72,23,10195,212,122,77,64,62
20160116 13:13,146,25,139,26,160,27,107,55,71,20,10194,210,122,78,64,62
20160116 13:14,152,24,140,25,144,38,106,54,69,17,10194,209,123,78,64,62
20160116 13:15,135,22,138,25,127,29,105,53,67,13,10194,207,123,78,65,62
20160116 13:16,120,22,136,25,114,33,104,54,68,15,10193,205,123,78,65,62
20160116 13:17,131,22,134,24,147,35,104,55,69,18,10193,203,123,78,65,63
20160116 13:18,146,24,135,24,144,35,105,56,71,21,10192,202,123,79,65,63
20160116 13:19,150,26,138,24,155,26,105,57,72,23,10192,201,124,79,65,63
20160116 13:20,141,18,138,23,125,18,105,57,72,23,10192,201,124,79,65,63
20160116 13:21,132,18,139,23,138,33,106,58,74,27,10192,201,124,79,65,63
20160116 13:22,129,25,137,23,120,35,106,57,73,24,10192,200,124,79,65,63
20160116 13:23,121,26,133,23,121,32,106,55,70,19,10192,198,124,80,66,63
20160116 13:24,114,27,130,23,106,35,106,55,70,19,10192,195,124,80,66,63
20160116 13:25,106,28,128,24,106,32,106,55,70,19,10191,192,124,80,66,63
20160116 13:26,100,28,126,25,95,38,106,53,68,14,10191,187,124,80,66,63
20160116 13:27,87,28,119,25,79,35,106,53,68,14,10191,181,124,80,66,63
20160116 13:28,80,28,113,26,82,35,105,52,66,11,10191,177,125,81,66,63
20160116 13:29,83,27,106,26,85,30,104,52,66,10,10191,172,125,81,66,63
20160116 13:30,91,21,103,26,97,32,104,52,66,10,10190,170,125,81,66,63
20160116 13:31,102,24,100,27,107,37,104,53,67,12,10190,168,125,81,67,64
20160116 13:32,110,27,99,27,113,36,103,52,65,9,10190,167,125,81,67,64
20160116 13:33,106,29,97,28,99,40,103,53,66,11,10190,166,125,82,67,64
20160116 13:34,101,31,97,27,103,33,103,54,68,14,10190,165,124,82,67,64
20160116 13:35,107,26,97,27,111,33,103,54,68,14,10189,166,124,82,67,64
20160116 13:36,122,27,101,27,132,37,103,55,69,17,10189,167,124,82,67,64
20160116 13:37,136,30,107,27,140,35,103,55,69,17,10189,169,124,82,67,64
20160116 13:38,137,29,112,27,134,32,103,56,70,19,10189,172,124,82,67,64
20160116 13:39,138,26,118,27,142,33,102,55,68,16,10189,175,124,83,68,64
20160116 13:40,131,29,120,29,120,41,103,56,70,19,10189,177,123,83,68,64
20160116 13:41,123,33,122,29,126,41,104,55,69,18,10189,179,123,83,68,64
20160116 13:42,129,34,124,30,132,42,104,54,68,15,10189,183,123,83,68,64
20160116 13:43,129,31,127,29,125,35,103,52,65,9,10189,187,123,83,68,64
20160116 13:44,117,26,127,29,110,33,104,54,68,15,10189,191,123,83,68,64
20160116 13:45,111,23,127,29,112,26,105,55,70,18,10189,190,122,84,68,64
20160116 13:46,120,22,127,28,129,32,105,54,69,16,10189,189,122,84,69,65
20160116 13:47,125,23,125,27,121,29,105,52,66,11,10189,187,122,84,69,65
20160116 13:48,110,28,122,28,100,39,105,52,66,11,10189,184,122,84,69,65
20160116 13:49,114,30,120,28,128,30,104,51,64,7,10189,182,122,84,69,65
20160116 13:50,131,22,122,27,135,23,104,52,66,10,10188,184,122,84,69,65
20160116 13:51,137,23,123,26,140,37,103,52,65,9,10188,186,122,85,69,65
20160116 13:52,148,30,126,26,156,47,104,53,67,12,10188,190,122,85,69,65
20160116 13:53,145,33,126,26,134,48,105,52,66,11,10188,193,122,85,69,65
20160116 13:54,135,35,129,28,136,46,106,54,69,17,10189,197,122,85,70,65
20160116 13:55,137,34,132,29,137,36,106,52,66,12,10189,200,122,85,70,65
20160116 13:56,135,25,132,28,133,24,105,51,65,8,10189,202,122,85,70,65
20160116 13:57,133,18,133,28,134,27,105,52,66,11,10189,204,122,85,70,65
20160116 13:58,114,21,133,27,94,36,105,53,67,13,10189,203,122,85,70,65
20160116 13:59,104,29,131,27,113,38,106,53,68,14,10189,199,122,86,70,65
20160116 14:00,110,32,128,29,106,38,105,52,66,11,10188,196,122,86,70,66
20160116 14:01,116,30,127,29,126,35,105,53,67,13,10189,196,123,86,70,66
20160116 14:02,131,30,125,29,135,38,105,53,67,13,10189,199,123,86,70,66
20160116 14:03,141,30,126,28,147,39,105,53,67,13,10188,203,123,86,71,66
20160116 14:04,138,28,126,27,129,34,105,54,69,16,10188,208,123,86,71,66
20160116 14:05,135,28,126,27,141,35,105,54,69,16,10188,210,123,86,71,66
20160116 14:06,134,27,125,28,128,33,106,55,70,19,10187,207,123,86,71,66
20160116 14:07,122,23,124,28,116,25,106,54,69,17,10187,203,123,86,71,66
20160116 14:08,115,23,125,28,114,33,106,54,69,17,10187,204,124,87,71,66
20160116 14:09,118,24,126,27,122,30,107,56,72,23,10187,205,124,87,71,66
20160116 14:10,122,28,128,27,123,40,108,56,72,24,10187,206,124,87,71,66
20160116 14:11,109,29,125,27,96,33,108,54,70,19,10187,203,124,87,72,66
20160116 14:12,95,27,121,27,94,34,107,54,69,18,10187,197,124,87,72,66
20160116 14:13,85,27,114,26,76,36,107,53,68,15,10187,189,125,87,72,67
20160116 14:14,73,24,108,26,70,29,106,52,66,12,10187,181,125,87,72,67
20160116 14:15,85,22,104,25,99,27,105,53,67,13,10188,173,125,87,72,67
20160116 14:16,106,24,103,25,114,36,105,54,69,16,10188,167,125,88,72,67
20160116 14:17,120,28,104,26,126,42,104,54,68,15,10187,163,125,88,72,67
20160116 14:18,132,28,106,26,139,37,103,55,69,17,10187,160,125,88,72,67
20160116 14:19,142,28,108,27,144,41,103,56,70,19,10187,158,125,88,72,67
20160116 14:20,134,29,108,26,124,34,102,57,71,21,10187,157,125,88,73,67
20160116 14:21,125,29,111,27,126,41,102,56,70,18,10186,156,125,88,73,67
20160116 14:22,125,31,115,27,124,39,101,55,68,15,10186,154,125,88,73,67
20160116 14:23,126,30,120,27,129,31,101,55,68,15,10186,152,125,88,73,67
20160116 14:24,134,29,126,28,139,40,101,56,69,17,10187,152,125,89,73,67
20160116 14:25,137,30,130,29,134,42,101,56,69,17,10187,151,125,89,73,67
20160116 14:26,135,35,132,30,135,49,101,56,69,17,10187,150,125,89,73,67
20160116 14:27,132,36,132,31,128,44,100,55,67,14,10186,149,124,89,73,68
20160116 14:28,125,32,130,31,122,39,100,56,69,16,10186,149,124,89,73,68
20160116 14:29,122,28,128,31,122,29,100,56,69,16,10186,148,124,89,74,68
20160116 14:30,116,24,127,30,110,36,100,56,69,16,10185,147,123,89,74,68
20160116 14:31,115,32,126,31,120,49,100,57,70,19,10185,147,123,89,74,68
20160116 14:32,117,36,125,31,114,42,100,56,69,16,10185,145,123,89,74,68
20160116 14:33,125,35,126,32,136,43,100,56,69,16,10185,144,123,90,74,68
20160116 14:34,136,36,126,33,135,41,99,54,66,10,10185,143,122,90,74,68
20160116 14:35,128,33,124,33,121,39,99,55,67,13,10185,143,122,90,74,68
20160116 14:36,129,32,124,32,137,43,99,56,68,15,10184,143,122,90,74,68
20160116 14:37,131,35,124,33,124,46,99,56,68,15,10184,143,122,90,74,68
20160116 14:38,129,38,125,33,133,43,99,55,67,13,10184,142,121,90,75,68
20160116 14:39,135,34,127,34,137,43,99,55,67,13,10184,142,121,90,75,68
20160116 14:40,131,28,128,34,125,35,99,56,68,15,10184,141,121,90,75,68
20160116 14:41,130,29,130,33,136,39,99,56,68,15,10184,140,120,90,75,69
20160116 14:42,134,31,132,33,132,42,99,56,68,15,10184,139,120,90,75,69
20160116 14:43,127,31,130,32,122,39,98,56,68,14,10184,139,120,91,75,69
20160116 14:44,120,31,129,32,118,36,98,56,68,14,10183,138,120,91,75,69
20160116 14:45,126,28,130,31,134,35,98,57,69,17,10183,137,119,91,75,69
20160116 14:46,136,31,130,32,138,45,98,58,70,19,10183,137,119,91,75,69
20160116 14:47,130,36,130,32,123,47,98,57,69,17,10183,137,119,91,75,69
20160116 14:48,126,38,129,32,129,46,98,57,69,17,10183,137,119,91,76,69
20160116 14:49,130,33,129,32,132,40,98,57,69,17,10183,138,118,91,76,69
20160116 14:50,129,31,129,33,126,44,98,59,71,22,10183,139,118,91,76,69
20160116 14:51,125,35,128,33,125,45,98,59,71,22,10183,141,118,91,76,69
20160116 14:52,129,39,128,34,133,49,98,58,70,19,10183,143,117,91,76,69
20160116 14:53,130,37,129,34,127,41,98,57,69,17,10184,144,117,91,76,69
20160116 14:54,134,30,131,34,140,42,98,57,69,17,10184,146,117,91,76,70
20160116 14:55,133,26,130,34,125,34,99,58,71,20,10184,149,117,91,76,70
20160116 14:56,124,33,128,34,123,52,100,59,72,24,10185,151,116,91,76,70
20160116 14:57,123,39,128,34,123,44,99,58,71,20,10184,150,116,91,76,70
20160116 14:58,126,38,128,34,128,49,99,58,71,20,10184,149,116,91,77,70
20160116 14:59,130,39,128,35,132,44,99,58,71,20,10184,151,116,91,77,70
20160116 15:00,135,34,129,35,139,37,99,58,71,20,10185,153,116,91,77,70
20160116 15:01,135,27,130,34,132,29,99,59,72,23,10185,153,116,92,77,70
20160116 15:02,132,23,130,32,132,28,100,60,74,26,10186,152,115,91,77,70
20160116 15:03,136,25,131,31,140,35,100,59,72,24,10186,152,115,92,77,70
20160116 15:04,145,33,132,32,150,43,100,59,72,24,10186,152,115,92,77,70
20160116 15:05,145,35,134,33,139,43,100,57,70,19,10186,152,115,92,77,70
20160116 15:06,140,34,136,32,141,46,100,58,71,21,10186,150,115,92,77,70
20160116 15:07,141,36,137,32,141,47,99,56,68,15,10186,149,115,92,77,70
20160116 15:08,145,33,139,31,149,39,99,57,69,18,10186,148,115,92,77,70
20160116 15:09,138,29,139,30,126,38,99,56,68,15,10187,148,115,92,78,71
20160116 15:10,131,32,139,31,136,43,99,56,68,15,10187,150,115,92,78,71
20160116 15:11,134,38,138,32,131,49,99,54,66,10,10187,150,115,92,78,71
20160116 15:12,137,36,140,33,142,44,99,53,65,8,10187,148,115,92,78,71
20160116 15:13,135,33,138,34,127,46,99,54,66,10,10187,146,115,92,78,71
20160116 15:14,126,35,136,34,125,43,99,55,67,13,10187,145,115,92,78,71
20160116 15:15,127,36,135,34,129,45,99,56,68,15,10187,144,115,92,78,71
20160116 15:16,126,32,133,34,123,36,99,57,69,18,10187,145,115,92,78,71
20160116 15:17,127,32,132,33,131,43,99,57,69,18,10187,145,115,92,78,71
20160116 15:18,128,35,129,34,124,46,99,55,67,13,10187,143,114,92,78,71
20160116 15:19,125,31,129,34,125,37,99,56,68,15,10187,140,114,92,78,71
20160116 15:20,129,33,129,34,133,47,99,56,68,15,10188,138,114,92,78,71
20160116 15:21,128,34,128,33,122,40,98,56,68,14,10187,136,114,92,78,71
20160116 15:22,123,29,126,33,124,36,98,56,68,14,10187,135,114,92,78,71
20160116 15:23,124,25,126,32,124,32,98,57,69,17,10187,133,114,92,79,72
20160116 15:24,122,22,125,30,119,29,98,57,69,17,10187,133,114,92,79,72
20160116 15:25,128,21,126,29,138,25,98,58,70,19,10187,133,114,92,79,72
20160116 15:26,135,22,127,28,132,41,98,58,70,19,10187,133,114,92,79,72
20160116 15:27,128,26,126,28,124,37,98,56,68,14,10186,133,114,92,79,72
20160116 15:28,126,31,127,27,128,42,98,55,67,12,10186,133,113,92,79,72
20160116 15:29,126,33,127,28,124,39,98,55,67,12,10186,131,113,92,79,72
20160116 15:30,120,35,125,28,117,48,98,56,68,14,10186,131,113,92,79,72
20160116 15:31,121,35,126,28,126,43,98,57,69,17,10186,130,113,92,79,72
20160116 15:32,130,35,127,29,134,47,98,56,68,14,10186,130,113,92,79,72
20160116 15:33,126,32,126,30,118,39,97,55,66,11,10186,129,113,92,79,72
20160116 15:34,118,28,126,30,118,39,97,57,69,16,10186,130,112,92,79,72
20160116 15:35,114,31,123,32,110,44,98,57,69,17,10185,129,112,92,79,72
20160116 15:36,114,38,122,34,118,48,97,56,67,14,10185,127,112,92,79,72
20160116 15:37,119,41,121,35,121,51,97,56,67,14,10185,125,112,92,80,72
20160116 15:38,122,40,121,35,124,49,97,56,67,14,10184,124,112,92,80,72
20160116 15:39,115,34,119,35,106,39,97,55,66,11,10184,124,112,92,80,73
20160116 15:40,104,25,118,33,102,33,97,56,67,14,10185,124,111,92,80,73
20160116 15:41,106,21,116,32,109,32,97,56,67,14,10185,123,111,92,80,73
20160116 15:42,113,22,114,31,118,34,97,57,69,16,10185,124,111,92,80,73
20160116 15:43,111,26,113,31,105,37,97,57,69,16,10185,123,111,92,80,73
20160116 15:44,102,30,111,31,98,38,97,57,69,16,10185,122,111,92,80,73
20160116 15:45,99,31,110,31,101,39,97,57,69,16,10185,122,110,92,80,73
20160116 15:46,104,28,109,29,108,41,97,57,69,16,10185,123,110,92,80,73
20160116 15:47,114,28,109,28,120,40,97,57,69,16,10185,123,110,92,80,73
20160116 15:48,117,30,108,27,114,42,97,56,67,14,10185,122,110,92,80,73
20160116 15:49,118,32,110,28,122,47,97,55,66,11,10185,122,110,92,80,73
20160116 15:50,125,38,112,30,128,51,96,54,65,8,10185,121,109,92,80,73
20160116 15:51,123,41,113,32,118,51,96,54,65,8,10184,121,109,92,80,73
20160116 15:52,117,34,113,32,115,44,96,54,65,8,10184,121,109,92,81,73
20160116 15:53,118,35,115,34,121,50,96,54,65,8,10184,121,109,92,81,73
20160116 15:54,115,34,116,33,108,37,96,53,63,5,10183,121,109,92,81,73
20160116 15:55,111,30,117,33,113,43,96,54,65,8,10183,119,109,92,81,74
20160116 15:56,108,32,116,34,103,42,96,55,66,10,10183,117,108,92,81,74
20160116 15:57,108,28,115,33,112,36,96,55,66,10,10182,114,108,92,81,74
20160116 15:58,114,32,116,34,115,53,95,56,66,12,10182,113,108,92,81,74
20160116 15:59,114,34,114,34,112,40,95,55,65,9,10182,111,108,92,81,74
20160116 16:00,108,25,112,31,103,30,95,56,66,12,10182,109,108,92,81,74
20160116 16:01,105,23,111,30,107,33,95,57,68,14,10182,108,107,92,81,74
20160116 16:02,109,25,111,30,112,33,94,56,66,11,10182,107,107,92,81,74
20160116 16:03,112,31,110,29,113,52,94,56,66,11,10182,106,107,92,81,74
20160116 16:04,110,35,110,30,108,42,94,55,65,8,10182,105,107,92,81,74
20160116 16:05,113,33,110,30,119,42,94,56,66,11,10182,104,107,92,81,74
20160116 16:06,117,37,112,31,115,54,94,56,66,11,10182,104,106,92,81,74
20160116 16:07,116,41,112,32,116,51,93,55,64,7,10183,102,106,92,81,74
20160116 16:08,118,40,112,32,119,51,93,54,63,5,10183,102,106,92,81,74
20160116 16:09,118,37,113,33,117,49,93,54,63,5,10183,101,106,92,81,74
20160116 16:10,115,30,114,33,114,35,93,55,64,7,10183,101,105,92,81,74
20160116 16:11,111,28,114,34,108,42,93,55,64,7,10183,101,105,92,81,74
20160116 16:12,115,33,115,35,121,43,93,55,64,7,10183,100,105,92,82,75
20160116 16:13,118,31,115,34,115,34,93,55,64,7,10183,100,105,92,82,75
20160116 16:14,114,27,116,33,114,36,93,55,64,7,10182,99,104,92,82,75
20160116 16:15,110,25,114,32,105,29,93,56,66,10,10183,98,104,92,82,75
20160116 16:16,110,22,114,30,114,29,92,56,65,9,10183,97,104,92,82,75
20160116 16:17,116,24,114,29,117,33,92,56,65,9,10183,96,103,92,82,75
20160116 16:18,117,27,114,28,118,32,92,56,65,9,10184,96,103,92,82,75
20160116 16:19,117,25,114,27,117,29,92,57,66,11,10184,95,103,92,82,75
20160116 16:20,121,23,115,26,125,25,93,57,67,12,10184,94,103,92,82,75
20160116 16:21,122,23,117,26,120,28,93,56,66,10,10184,94,102,92,82,75
20160116 16:22,121,23,117,24,121,36,93,56,66,10,10185,93,102,92,82,75
20160116 16:23,121,21,117,24,121,23,93,56,66,10,10185,93,102,92,82,75
20160116 16:24,120,25,118,24,118,40,92,59,69,16,10185,93,102,92,82,75
20160116 16:25,117,27,119,24,116,33,92,60,70,18,10185,92,101,92,82,75
20160116 16:26,115,25,119,25,115,39,91,61,70,20,10185,91,101,92,82,75
20160116 16:27,117,25,119,24,120,33,90,61,70,19,10185,91,101,92,82,75
20160116 16:28,120,24,119,24,121,43,89,62,71,20,10185,90,101,92,82,75
20160116 16:29,117,27,119,25,113,38,88,62,70,19,10185,90,100,92,82,75
20160116 16:30,115,27,118,25,117,35,88,64,72,24,10185,89,100,92,82,75
20160116 16:31,114,27,117,25,112,35,87,65,73,25,10185,89,100,92,82,75
20160116 16:32,112,28,117,26,113,34,86,65,73,24,10185,88,99,92,82,76
20160116 16:33,112,25,116,26,111,36,85,64,71,21,10185,88,99,92,82,76
20160116 16:34,116,29,116,27,121,41,85,64,71,21,10185,87,99,92,82,76
20160116 16:35,119,30,116,27,118,37,84,68,75,28,10185,87,99,92,82,76
20160116 16:36,119,25,117,27,119,35,83,70,77,32,10186,86,98,92,83,76
20160116 16:37,117,21,116,26,115,23,83,71,78,34,10186,85,98,91,83,76
20160116 16:38,117,20,116,26,119,33,83,70,77,32,10186,85,98,91,83,76
20160116 16:39,117,22,116,25,115,32,82,70,76,31,10186,84,98,91,83,76
20160116 16:40,114,23,116,25,113,30,82,67,73,24,10186,84,97,91,83,76
20160116 16:41,116,23,116,24,118,26,82,66,72,22,10187,83,97,91,83,76
20160116 16:42,118,22,117,24,119,29,82,65,71,20,10187,83,97,91,83,76
20160116 16:43,119,21,118,24,118,25,82,64,70,18,10187,82,97,91,83,76
20160116 16:44,115,22,117,23,112,28,82,63,68,16,10187,81,96,91,83,76
20160116 16:45,113,21,116,22,114,27,82,62,67,14,10187,81,96,91,83,76
20160116 16:46,113,22,115,22,111,30,82,62,67,14,10187,80,96,91,83,76
20160116 16:47,111,21,115,22,112,25,82,62,67,14,10186,79,96,91,83,76
20160116 16:48,108,15,114,21,104,19,82,63,68,16,10187,79,95,91,83,76
20160116 16:49,106,12,113,20,108,17,82,64,70,18,10187,78,95,91,83,76
20160116 16:50,111,14,113,19,114,22,82,63,68,16,10188,78,95,91,83,76
20160116 16:51,111,15,112,19,107,20,82,63,68,16,10188,77,95,91,83,76
20160116 16:52,104,15,110,18,101,19,82,63,68,16,10189,76,94,91,83,77
20160116 16:53,104,15,109,17,107,21,82,64,70,18,10189,76,94,91,83,77
20160116 16:54,101,15,107,16,96,20,82,63,68,16,10189,76,94,91,83,77
20160116 16:55,96,16,106,16,97,24,81,63,68,15,10188,75,94,91,83,77
20160116 16:56,95,18,104,16,94,22,81,63,68,15,10188,75,93,90,83,77
20160116 16:57,95,18,102,15,97,22,81,63,68,15,10188,74,93,90,83,77
20160116 16:58,97,17,102,16,97,21,81,63,68,15,10188,73,93,90,83,77
20160116 16:59,96,18,100,17,95,29,81,63,68,15,10188,73,93,90,83,77
20160116 17:00,96,16,99,16,97,17,81,63,68,15,10188,72,92,90,83,77
20160116 17:01,99,15,98,17,100,21,81,63,68,15,10188,72,92,90,83,77
20160116 17:02,99,18,98,17,97,25,81,63,68,15,10188,71,92,90,83,77
20160116 17:03,95,20,96,17,94,25,80,63,68,14,10188,71,92,90,83,77
20160116 17:04,94,20,96,18,94,27,80,63,68,14,10188,70,91,90,83,77
20160116 17:05,93,20,96,18,91,29,80,63,68,14,10188,70,91,90,83,77
20160116 17:06,92,23,95,19,92,32,80,63,68,14,10189,69,91,90,83,77
20160116 17:07,93,22,95,19,93,27,80,63,68,14,10189,69,91,90,83,77
20160116 17:08,94,22,95,20,95,31,80,63,68,14,10189,68,90,90,83,77
20160116 17:09,97,22,95,20,98,27,80,63,68,14,10189,68,90,90,83,77
20160116 17:10,99,23,95,21,100,33,80,63,68,14,10189,67,90,89,83,77
20160116 17:11,98,26,95,22,95,34,80,62,66,12,10189,67,90,89,83,77
20160116 17:12,96,24,95,23,96,30,80,62,66,12,10189,66,89,89,83,77
20160116 17:13,96,23,95,23,97,29,79,62,66,11,10189,66,89,89,83,77
20160116 17:14,96,23,95,23,96,34,79,62,66,11,10189,65,89,89,83,77
20160116 17:15,95,24,96,24,94,29,79,62,66,11,10189,65,89,89,83,77
20160116 17:16,94,22,96,23,93,24,79,62,66,11,10189,64,89,89,83,77
20160116 17:17,90,19,95,23,88,29,79,62,66,11,10189,64,88,89,83,78
20160116 17:18,89,20,95,23,90,26,79,62,66,11,10189,63,88,89,83,78
20160116 17:19,91,20,94,22,92,24,79,62,66,11,10188,63,88,89,83,78
20160116 17:20,92,20,93,22,92,24,79,62,66,11,10188,62,88,89,83,78
20160116 17:21,90,22,93,22,88,27,78,63,67,12,10187,62,87,89,83,78
20160116 17:22,86,22,91,22,84,29,78,63,67,12,10187,61,87,89,83,78
20160116 17:23,81,23,90,22,78,28,78,63,67,12,10186,61,87,89,83,78
20160116 17:24,77,25,87,22,75,32,78,63,67,12,10186,61,86,89,83,78
20160116 17:25,75,25,86,22,75,30,77,64,67,13,10186,60,86,88,83,78
20160116 17:26,73,25,83,23,72,34,77,64,67,13,10186,60,86,88,83,78
20160116 17:27,73,27,82,24,75,40,77,64,67,13,10186,60,86,88,83,78
20160116 17:28,76,27,81,24,76,36,77,64,67,13,10186,59,85,88,83,78
20160116 17:29,77,24,79,24,77,27,76,64,67,12,10186,59,85,88,83,78
20160116 17:30,76,25,77,25,74,36,76,65,68,14,10186,59,85,88,83,78
20160116 17:31,74,26,76,25,74,36,76,65,68,14,10185,58,85,88,83,78
20160116 17:32,72,24,75,25,71,31,76,65,68,14,10186,58,84,88,83,78
20160116 17:33,74,25,75,26,77,35,76,65,68,14,10186,58,84,88,83,78
20160116 17:34,77,25,75,25,77,34,76,65,68,14,10186,58,84,88,83,78
20160116 17:35,78,25,75,26,79,36,76,65,68,14,10186,58,84,88,83,78
20160116 17:36,80,24,76,25,82,25,76,65,68,14,10186,57,84,88,83,78
20160116 17:37,80,21,77,24,78,28,76,65,68,14,10187,57,83,88,83,78
20160116 17:38,76,22,76,24,75,30,76,65,68,14,10187,57,83,87,83,78
20160116 17:39,76,25,76,24,76,34,76,65,68,14,10187,57,83,87,83,78
20160116 17:40,78,24,77,24,80,25,76,65,68,14,10186,57,83,87,83,78
20160116 17:41,79,22,77,24,79,27,75,65,67,14,10186,57,82,87,83,78
20160116 17:42,81,23,79,24,83,31,75,65,67,14,10186,56,82,87,83,78
20160116 17:43,84,23,79,23,84,29,75,65,67,14,10186,56,82,87,83,78
20160116 17:44,86,25,80,24,87,37,75,65,67,14,10187,56,82,87,83,78
20160116 17:45,84,26,80,24,81,34,75,64,66,11,10187,56,81,87,83,78
20160116 17:46,85,26,81,24,90,37,75,64,66,11,10187,56,81,87,83,78
20160116 17:47,88,27,82,25,86,40,75,64,66,11,10187,56,81,87,83,78
20160116 17:48,85,26,83,25,85,29,75,63,65,9,10187,56,81,87,83,78
20160116 17:49,84,22,84,24,83,32,75,64,66,11,10187,56,81,86,83,78
20160116 17:50,80,21,84,24,78,28,75,64,66,11,10187,56,80,86,83,79
20160116 17:51,77,24,83,25,76,34,75,64,66,11,10187,55,80,86,83,79
20160116 17:52,77,23,83,24,78,25,75,64,66,11,10187,55,80,86,83,79
20160116 17:53,77,20,82,24,76,25,75,64,66,11,10187,55,80,86,83,79
20160116 17:54,76,21,81,23,76,28,75,64,66,11,10187,55,80,86,83,79
20160116 17:55,76,22,80,23,77,27,74,64,66,10,10187,55,79,86,83,79
20160116 17:56,77,23,79,23,76,30,74,64,66,10,10187,54,79,86,83,79
20160116 17:57,79,23,79,22,81,28,74,64,66,10,10186,54,79,86,83,79
20160116 17:58,78,21,78,22,76,26,74,64,66,10,10186,54,79,86,83,79
20160116 17:59,82,20,78,22,88,29,74,64,66,10,10186,54,79,86,83,79
20160116 18:00,84,21,78,22,81,28,73,65,66,12,10186,54,78,85,83,79
20160116 18:01,83,22,79,21,86,33,73,64,65,9,10185,53,78,85,83,79
20160116 18:02,84,24,80,22,82,30,73,64,65,9,10185,53,78,85,83,79
20160116 18:03,81,24,80,22,81,28,73,64,65,9,10185,53,78,85,83,79
20160116 18:04,80,24,81,22,79,30,73,64,65,9,10185,53,78,85,83,79
20160116 18:05,80,23,81,22,81,30,73,65,66,12,10185,52,78,85,83,79
20160116 18:06,81,22,82,22,81,27,72,64,65,9,10185,52,77,85,83,79
20160116 18:07,82,21,82,22,82,26,72,64,65,9,10184,52,77,85,83,79
20160116 18:08,88,23,83,23,93,32,72,65,66,11,10184,52,77,85,83,79
20160116 18:09,90,23,83,23,86,29,72,64,65,9,10184,52,77,85,83,79
20160116 18:10,86,21,84,23,86,26,72,64,65,9,10184,51,77,85,83,79
20160116 18:11,85,20,84,22,85,26,72,64,65,9,10184,51,76,85,83,79
20160116 18:12,87,21,84,22,89,29,72,64,65,9,10184,51,76,84,83,79
20160116 18:13,86,22,84,22,83,26,72,64,65,9,10184,51,76,84,83,79
20160116 18:14,83,19,85,21,83,21,71,64,65,8,10184,51,76,84,83,79
20160116 18:15,83,19,85,21,83,27,71,64,65,8,10184,50,76,84,83,79
20160116 18:16,81,22,85,21,78,31,71,64,65,8,10184,50,76,84,83,79
20160116 18:17,80,22,85,21,81,26,71,64,65,8,10184,50,75,84,83,79
20160116 18:18,81,22,83,21,80,28,71,65,66,10,10184,50,75,84,83,79
20160116 18:19,80,22,83,21,80,25,70,65,65,9,10184,50,75,84,83,79
20160116 18:20,80,22,82,21,79,28,70,65,65,9,10184,50,75,84,83,79
20160116 18:21,76,22,81,21,73,30,70,65,65,9,10183,49,75,84,83,79
20160116 18:22,75,23,80,22,77,30,70,65,65,9,10183,49,75,84,83,79
20160116 18:23,76,24,79,22,75,28,70,65,65,9,10183,49,74,83,83,79
20160116 18:24,74,21,78,22,74,30,69,65,65,8,10182,49,74,83,83,79
20160116 18:25,75,21,77,22,76,26,69,66,66,10,10182,48,74,83,83,79
20160116 18:26,75,24,77,22,74,31,69,66,66,10,10182,48,74,83,83,79
20160116 18:27,74,23,76,22,74,24,69,66,66,10,10182,48,74,83,83,79
20160116 18:28,75,22,76,23,76,33,68,66,65,9,10181,48,74,83,83,79
20160116 18:29,78,26,76,23,80,32,68,66,65,9,10181,48,73,83,83,79
20160116 18:30,81,25,76,23,82,32,68,66,65,9,10181,48,73,83,83,79
20160116 18:31,80,24,77,24,78,30,68,66,65,9,10181,48,73,83,83,79
20160116 18:32,81,24,77,23,84,33,68,66,65,9,10181,48,73,83,83,79
20160116 18:33,81,25,78,24,79,36,68,66,65,9,10181,47,73,83,83,79
20160116 18:34,80,26,78,24,81,33,67,66,65,8,10181,47,73,82,82,79
20160116 18:35,81,27,79,25,81,31,67,66,65,8,10181,47,73,82,83,79
20160116 18:36,80,25,80,25,80,32,67,66,65,8,10181,47,72,82,82,79
20160116 18:37,79,27,80,26,79,40,67,66,65,8,10181,47,72,82,82,79
20160116 18:38,79,28,80,26,79,35,67,66,65,8,10180,47,72,82,82,79
20160116 18:39,77,26,80,25,75,39,67,66,65,8,10180,47,72,82,82,79
20160116 18:40,76,28,79,26,78,40,67,66,65,8,10180,47,72,82,82,79
20160116 18:41,76,28,79,26,74,34,67,65,64,6,10179,47,72,82,82,79
20160116 18:42,74,24,78,26,74,33,67,65,64,6,10179,46,71,82,82,79
20160116 18:43,75,26,78,27,76,36,67,65,64,6,10180,46,71,82,82,79
20160116 18:44,75,26,77,26,73,33,67,66,65,8,10180,46,71,82,82,79
20160116 18:45,73,27,76,27,73,36,67,66,65,8,10180,46,71,81,82,79
20160116 18:46,74,26,76,27,76,31,67,66,65,8,10180,46,71,81,82,79
20160116 18:47,78,24,76,26,79,35,67,65,64,6,10180,46,71,81,82,79
20160116 18:48,80,25,76,26,81,37,67,65,64,6,10180,46,71,81,82,79
20160116 18:49,81,28,76,27,81,35,67,65,64,6,10180,46,70,81,82,79
20160116 18:50,81,26,77,26,81,27,67,65,64,6,10180,46,70,81,82,79
20160116 18:51,82,24,78,26,83,33,67,65,64,6,10179,46,70,81,82,80
20160116 18:52,83,26,79,26,83,40,67,65,64,6,10178,46,70,81,82,80
20160116 18:53,83,29,79,26,82,38,67,65,64,6,10178,46,70,81,82,80
20160116 18:54,82,30,80,27,82,37,67,65,64,6,10178,46,70,81,82,80
20160116 18:55,80,30,81,27,78,38,67,65,64,6,10178,46,70,81,82,80
20160116 18:56,81,26,81,26,84,31,67,64,63,4,10178,46,70,81,82,80
20160116 18:57,85,22,82,26,86,34,67,64,63,4,10179,46,69,80,82,80
20160116 18:58,87,22,83,26,88,27,67,65,64,6,10179,46,69,80,82,80
20160116 18:59,88,21,84,25,89,27,67,64,63,4,10180,45,69,80,82,80
20160116 19:00,88,22,84,25,86,34,67,64,63,4,10181,45,69,80,82,80
20160116 19:01,85,23,84,25,83,34,68,64,63,5,10181,46,69,80,82,80
20160116 19:02,85,26,84,25,86,41,68,63,62,3,10181,46,69,80,82,80
20160116 19:03,86,27,85,24,86,28,68,63,62,3,10181,46,69,80,82,80
20160116 19:04,86,26,85,24,87,36,68,64,63,5,10181,46,68,80,82,80
20160116 19:05,84,25,86,24,81,31,68,63,62,3,10181,45,68,80,82,80
20160116 19:06,81,22,85,24,80,28,68,63,62,3,10181,46,68,80,82,80
20160116 19:07,80,23,85,24,80,32,68,63,62,3,10181,46,68,80,82,80
20160116 19:08,80,26,84,24,81,33,68,63,62,3,10181,46,68,80,82,80
20160116 19:09,84,28,84,25,88,39,68,64,63,5,10181,45,68,80,82,80
20160116 19:10,92,25,85,25,95,31,68,64,63,5,10182,45,68,79,82,80
20160116 19:11,92,23,85,25,90,32,68,64,63,5,10183,45,68,79,81,80
20160116 19:12,91,22,86,24,93,28,69,64,64,6,10183,45,68,79,81,80
20160116 19:13,91,19,86,24,90,25,69,64,64,6,10184,45,67,79,81,80
20160116 19:14,92,17,87,22,95,27,69,64,64,6,10184,45,67,79,81,80
20160116 19:15,95,18,89,22,94,25,69,64,64,6,10185,45,67,79,81,80
20160116 19:16,93,18,90,22,92,24,69,64,64,6,10185,45,67,79,81,80
20160116 19:17,92,18,91,21,92,26,69,64,64,6,10186,46,67,79,81,80
20160116 19:18,94,16,93,20,97,17,69,64,64,6,10186,46,67,79,81,80
20160116 19:19,92,14,93,18,88,20,69,64,64,6,10186,46,67,79,81,80
20160116 19:20,88,14,92,18,89,19,69,64,64,6,10187,47,67,79,81,80
20160116 19:21,91,14,92,16,94,20,69,64,64,6,10187,48,67,79,81,80
20160116 19:22,91,17,92,17,88,27,69,65,65,8,10186,48,67,78,81,80
20160116 19:23,86,19,91,17,83,23,69,65,65,8,10186,49,67,78,81,80
20160116 19:24,85,18,90,17,87,23,69,65,65,8,10185,49,66,78,81,80
20160116 19:25,85,18,89,17,83,24,69,65,65,8,10185,49,66,78,81,80
20160116 19:26,83,19,88,17,84,25,69,66,66,10,10185,50,66,78,81,80
20160116 19:27,83,19,87,17,82,24,69,66,66,10,10185,50,66,78,81,80
20160116 19:28,80,18,86,17,79,23,69,66,66,10,10185,51,66,78,81,80
20160116 19:29,79,17,85,17,79,22,69,66,66,10,10185,51,66,78,81,80
20160116 19:30,79,18,84,18,80,25,70,66,66,11,10185,51,66,78,81,80
20160116 19:31,77,20,82,19,74,25,70,66,66,11,10185,52,66,78,81,80
20160116 19:32,73,19,80,18,72,22,70,66,66,11,10185,52,66,78,81,80
20160116 19:33,73,16,79,18,74,18,70,66,66,11,10186,52,66,78,81,80
20160116 19:34,73,13,78,17,72,17,70,67,67,13,10186,52,66,78,81,80
20160116 19:35,72,15,77,17,72,19,70,67,67,13,10186,52,66,78,81,80
20160116 19:36,74,17,76,17,75,23,70,67,67,13,10185,52,66,77,81,80
20160116 19:37,76,19,75,17,77,24,70,67,67,13,10185,53,66,77,81,80
20160116 19:38,76,19,75,17,75,23,70,68,68,15,10184,53,66,77,81,80
20160116 19:39,75,22,75,18,76,29,70,68,68,15,10184,53,66,77,81,80
20160116 19:40,77,27,74,19,78,37,70,68,68,15,10184,53,66,77,80,80
20160116 19:41,79,28,75,20,80,34,70,68,68,15,10183,53,66,77,80,80
20160116 19:42,80,26,76,21,80,31,70,68,68,15,10183,53,66,77,80,80
20160116 19:43,79,25,76,22,78,30,70,68,68,15,10183,53,66,77,80,80
20160116 19:44,79,25,77,23,81,31,70,68,68,15,10183,53,66,77,80,80
20160116 19:45,82,25,78,24,83,33,70,68,68,15,10183,54,66,77,80,80
20160116 19:46,82,24,79,24,81,29,70,68,68,15,10183,54,66,77,80,80
20160116 19:47,79,22,79,24,76,26,70,69,69,17,10183,54,66,77,80,80
20160116 19:48,78,20,79,24,79,27,70,69,69,17,10182,54,66,77,80,80
20160116 19:49,77,23,79,25,75,34,70,69,69,17,10182,54,66,76,80,80
20160116 19:50,76,28,79,25,77,37,70,69,69,17,10182,54,66,76,80,80
20160116 19:51,76,27,78,24,75,30,70,69,69,17,10182,54,66,76,80,80
20160116 19:52,76,26,78,25,77,33,70,70,70,19,10182,54,66,76,80,80
20160116 19:53,77,27,78,25,77,33,70,70,70,19,10183,54,66,76,80,80
20160116 19:54,78,26,78,25,78,32,70,70,70,19,10183,54,66,76,80,80
20160116 19:55,78,23,77,25,78,30,70,70,70,19,10183,54,66,76,80,80
20160116 19:56,80,24,77,25,81,35,70,70,70,19,10183,54,65,76,80,79
20160116 19:57,81,23,78,25,80,28,71,70,71,20,10184,55,66,76,80,80
20160116 19:58,82,23,78,25,84,35,71,70,71,20,10183,55,65,76,80,80
20160116 19:59,82,23,79,25,81,31,71,70,71,20,10183,55,66,76,80,79
20160116 20:00,79,24,79,24,76,31,71,70,71,20,10183,55,65,76,80,79
