time_now,wd_avg_2mins,ws_avg_2mins,wd_avg_10mins,ws_avg_10mins,wd_maxsp_this_min,ws_maxsp_this_min,air_temp_by_box,relative_humidity,water_vapor_pressure,dew_temp,station_pressure,ground_temp_pt,ground_tem_5cm,ground_tem_10cm,ground_tem_15cm,ground_tem_20cm
20150130 20:01,351,13,4,17,348,18,36,94,74,27,10270,37,48,56,65,70
20150130 20:02,357,9,5,15,7,17,36,94,74,27,10270,37,48,56,65,70
20150130 20:03,9,11,4,14,11,22,36,94,74,27,10270,37,48,56,65,70
20150130 20:04,2,14,2,14,352,20,36,94,74,27,10270,37,48,56,65,70
20150130 20:05,353,13,1,14,354,16,36,94,74,27,10271,37,48,56,65,70
20150130 20:06,356,14,359,14,357,20,36,94,74,27,10271,38,48,56,65,70
20150130 20:07,351,12,357,13,345,13,36,94,74,27,10271,38,48,56,65,70
20150130 20:08,354,11,357,13,2,16,36,94,74,27,10271,38,48,56,65,70
20150130 20:09,351,13,355,12,340,20,36,94,74,27,10271,38,48,56,65,70
20150130 20:10,347,14,355,12,353,19,36,94,74,27,10271,38,48,56,64,70
20150130 20:11,354,15,356,13,356,23,36,94,74,27,10271,38,48,56,64,70
20150130 20:12,353,18,354,14,350,22,36,94,74,27,10271,38,48,56,64,70
20150130 20:13,357,18,353,14,4,25,36,94,74,27,10271,37,48,56,64,70
20150130 20:14,352,18,352,15,340,26,36,94,74,27,10271,37,48,56,64,70
20150130 20:15,357,16,354,15,14,20,36,94,74,27,10272,38,48,56,64,70
20150130 20:16,8,14,355,15,3,17,36,94,74,27,10272,38,48,56,65,70
20150130 20:17,7,12,357,15,11,17,36,94,74,27,10272,38,48,56,64,70
20150130 20:18,0,12,356,15,350,18,36,94,74,27,10272,38,48,56,64,70
20150130 20:19,350,14,357,15,351,19,36,94,74,27,10272,38,48,56,64,70
20150130 20:20,351,17,357,16,351,27,36,94,74,27,10272,38,48,56,64,70
20150130 20:21,346,19,355,16,340,24,36,94,74,27,10272,38,48,56,64,70
20150130 20:22,352,14,357,15,5,15,36,94,74,27,10272,37,48,56,64,70
20150130 20:23,3,10,357,14,1,11,36,94,74,27,10272,38,48,56,64,70
20150130 20:24,358,13,358,14,355,27,36,94,74,27,10272,38,48,56,64,70
20150130 20:25,356,18,356,15,357,32,36,94,74,27,10272,38,48,56,64,70
20150130 20:26,359,17,356,15,2,24,36,94,74,27,10272,37,48,56,64,70
20150130 20:27,13,14,357,15,23,17,36,94,74,27,10272,37,48,56,64,70
20150130 20:28,14,17,359,16,4,25,36,94,74,27,10273,38,48,56,64,70
20150130 20:29,352,16,358,16,340,18,36,94,74,27,10273,38,48,56,64,70
20150130 20:30,359,13,1,15,18,18,36,94,74,27,10273,38,48,56,64,70
20150130 20:31,4,15,2,15,351,22,36,94,74,27,10273,38,48,56,64,70
20150130 20:32,354,14,1,15,358,16,36,94,74,27,10273,38,48,56,64,70
20150130 20:33,356,14,0,16,353,24,36,94,74,27,10273,38,48,56,64,70
20150130 20:34,348,17,359,16,343,22,36,94,74,27,10273,38,48,56,64,70
20150130 20:35,333,16,356,15,324,21,36,94,74,27,10273,38,48,56,64,70
20150130 20:36,326,19,352,16,329,30,36,94,74,27,10273,38,48,56,64,70
20150130 20:37,326,25,346,17,324,31,36,94,74,27,10273,38,48,56,64,70
20150130 20:38,338,21,345,17,352,22,36,94,74,27,10273,38,48,56,64,70
20150130 20:39,357,14,347,17,1,19,36,94,74,27,10273,38,48,56,64,70
20150130 20:40,355,12,344,17,349,17,36,94,74,27,10273,38,48,55,64,69
20150130 20:41,338,14,342,16,327,22,36,94,74,27,10273,38,48,55,64,70
20150130 20:42,338,15,341,17,349,19,36,94,74,27,10273,38,48,56,64,70
20150130 20:43,334,13,338,16,319,14,36,94,74,27,10274,38,48,55,64,69
20150130 20:44,320,17,335,17,321,28,36,94,74,27,10274,38,48,55,64,69
20150130 20:45,315,20,334,17,309,25,36,94,74,27,10274,38,48,55,64,69
20150130 20:46,311,20,332,17,314,31,36,94,74,27,10274,38,48,55,64,69
20150130 20:47,311,20,331,16,309,22,36,94,74,27,10274,38,48,55,64,69
20150130 20:48,311,19,327,16,312,25,36,94,74,27,10274,38,48,55,64,69
20150130 20:49,314,19,322,17,315,25,36,94,74,27,10274,38,48,55,64,69
20150130 20:50,316,18,319,18,317,20,36,94,74,27,10274,38,48,55,64,69
20150130 20:51,321,21,319,19,325,35,36,94,74,27,10274,38,48,55,64,69
20150130 20:52,322,22,316,19,319,26,36,94,74,27,10274,38,48,55,64,69
20150130 20:53,316,19,315,20,314,22,36,95,75,29,10274,38,48,55,64,69
20150130 20:54,319,18,316,19,324,27,36,95,75,29,10274,38,48,55,64,69
20150130 20:55,330,20,318,20,336,29,36,95,75,29,10274,38,48,55,64,69
20150130 20:56,331,20,320,19,327,26,36,95,75,29,10274,38,48,55,64,69
20150130 20:57,321,17,320,19,315,20,36,95,75,29,10274,38,48,55,64,69
20150130 20:58,313,17,320,19,311,27,36,95,75,29,10274,38,48,55,64,69
20150130 20:59,311,23,320,20,311,43,36,95,75,29,10274,38,48,55,64,69
20150130 21:00,322,31,321,22,333,49,36,95,75,29,10274,37,48,55,64,69
20150130 21:01,330,28,322,21,326,30,36,95,75,29,10274,37,48,55,64,69
20150130 21:02,328,19,323,21,330,22,36,95,75,29,10274,38,48,55,64,69
20150130 21:03,325,16,323,21,319,18,36,95,75,29,10274,38,48,55,64,69
20150130 21:04,321,17,323,21,324,27,36,95,75,29,10274,38,48,55,64,69
20150130 21:05,328,24,323,22,332,34,36,95,75,29,10274,38,48,55,64,69
20150130 21:06,334,23,324,22,335,24,36,95,75,29,10274,37,48,55,64,69
20150130 21:07,329,18,324,22,323,25,36,95,75,29,10274,38,48,55,64,69
20150130 21:08,315,19,324,22,307,28,36,95,75,29,10274,38,48,55,64,69
20150130 21:09,315,21,325,21,324,32,36,95,75,29,10274,38,48,55,64,69
20150130 21:10,320,23,324,20,316,30,36,95,75,29,10274,37,48,55,64,69
20150130 21:11,324,25,324,21,333,36,36,95,75,29,10274,37,48,55,64,69
20150130 21:12,329,25,324,21,326,27,35,95,75,28,10274,37,48,55,64,69
20150130 21:13,327,24,325,23,327,36,35,95,75,28,10274,37,48,55,64,69
20150130 21:14,326,26,325,23,324,32,35,95,75,28,10274,37,48,55,64,69
20150130 21:15,320,19,323,22,315,25,35,95,75,28,10274,37,48,55,64,69
20150130 21:16,320,22,322,23,325,40,35,95,75,28,10275,37,48,55,64,69
20150130 21:17,326,30,322,24,327,41,35,95,75,28,10275,37,48,55,64,69
20150130 21:18,326,27,324,24,326,30,35,95,75,28,10274,37,48,55,64,69
20150130 21:19,315,20,322,24,304,24,35,95,75,28,10274,37,48,55,64,69
20150130 21:20,307,17,322,23,311,23,35,95,75,28,10274,37,47,55,63,69
20150130 21:21,315,16,320,22,319,25,35,95,75,28,10274,37,48,55,64,69
20150130 21:22,325,18,321,22,331,24,35,95,75,28,10274,37,47,55,64,69
20150130 21:23,341,18,323,21,352,23,35,95,75,28,10273,37,48,55,63,69
20150130 21:24,342,20,324,20,332,32,35,95,75,28,10274,37,47,55,63,69
20150130 21:25,326,19,325,21,320,22,35,95,75,28,10274,37,47,55,63,69
20150130 21:26,312,15,322,19,303,16,35,95,75,28,10274,38,47,55,63,69
20150130 21:27,315,14,322,18,327,24,35,95,75,28,10274,38,47,55,63,69
20150130 21:28,331,20,323,18,335,28,35,95,75,28,10274,37,47,55,63,69
20150130 21:29,333,19,326,17,330,20,35,95,75,28,10275,37,47,55,63,69
20150130 21:30,323,20,326,19,316,40,35,95,75,28,10275,37,47,55,63,69
20150130 21:31,323,31,328,20,330,45,35,95,75,28,10275,37,47,55,63,69
20150130 21:32,326,36,327,22,322,44,35,95,75,28,10275,37,47,55,63,69
20150130 21:33,325,36,324,24,328,43,36,95,75,29,10275,37,47,55,63,69
20150130 21:34,327,34,324,25,326,37,36,95,75,29,10276,37,47,55,63,69
20150130 21:35,321,31,323,26,317,35,36,95,75,29,10276,37,47,55,63,69
20150130 21:36,327,28,327,28,337,34,36,95,75,29,10276,37,47,55,63,69
20150130 21:37,328,24,326,28,319,27,36,95,75,29,10276,37,47,55,63,69
20150130 21:38,315,20,324,28,311,23,36,95,75,29,10277,37,47,55,63,69
20150130 21:39,312,24,322,29,312,45,36,95,75,29,10277,37,47,55,63,69
20150130 21:40,317,31,322,30,323,46,36,95,75,29,10277,37,47,55,63,69
20150130 21:41,314,25,320,28,306,25,36,95,75,29,10276,37,47,55,63,69
20150130 21:42,308,17,319,26,311,21,36,95,75,29,10276,37,47,55,63,69
20150130 21:43,317,17,318,24,323,28,36,95,75,29,10276,37,47,55,63,69
20150130 21:44,320,19,318,23,318,29,35,95,75,28,10276,37,47,55,63,69
20150130 21:45,316,17,317,22,315,28,35,95,75,28,10276,37,47,55,63,69
20150130 21:46,319,16,316,21,323,26,35,95,75,28,10276,37,47,55,63,69
20150130 21:47,330,15,318,20,336,19,35,95,75,28,10276,37,47,55,63,69
20150130 21:48,324,21,318,21,312,41,35,95,75,28,10276,37,47,55,63,69
20150130 21:49,324,26,320,20,336,32,35,95,75,28,10277,37,47,55,63,69
20150130 21:50,329,19,320,19,320,24,35,95,75,28,10277,37,47,55,63,69
20150130 21:51,323,22,322,20,325,38,35,95,75,28,10277,37,47,55,63,69
20150130 21:52,327,32,324,22,329,38,35,95,75,28,10277,37,47,55,63,69
20150130 21:53,327,32,324,23,326,36,35,94,74,26,10277,37,47,55,63,69
20150130 21:54,318,26,323,23,311,33,35,94,74,26,10277,36,47,55,63,69
20150130 21:55,319,21,325,23,327,36,35,94,74,26,10278,37,47,55,63,69
20150130 21:56,326,22,325,24,325,32,35,94,74,26,10278,37,47,55,63,69
20150130 21:57,330,19,325,24,336,20,35,95,75,28,10278,37,47,54,63,69
20150130 21:58,333,20,327,24,331,37,35,95,75,28,10278,37,47,54,63,69
20150130 21:59,327,24,325,24,322,27,35,95,75,28,10278,37,47,54,63,69
20150130 22:00,327,22,326,24,332,35,35,94,74,26,10279,37,47,54,63,69
20150130 22:01,331,20,327,23,330,26,35,94,74,26,10279,37,47,54,63,69
20150130 22:02,329,21,327,22,328,35,35,95,75,28,10279,37,47,54,63,69
20150130 22:03,327,29,327,23,327,45,35,95,75,28,10279,37,47,54,63,69
20150130 22:04,328,33,329,24,330,42,35,95,75,28,10279,36,47,54,63,69
20150130 22:05,329,32,329,25,328,49,35,94,74,26,10279,36,47,54,63,69
20150130 22:06,333,28,330,25,339,35,35,94,74,26,10279,36,47,54,63,69
20150130 22:07,336,29,330,27,332,45,35,94,74,26,10279,36,47,54,63,69
20150130 22:08,330,30,330,27,328,37,35,94,74,26,10279,36,47,54,63,69
20150130 22:09,337,24,332,27,345,36,35,94,74,26,10279,36,47,54,63,69
20150130 22:10,339,23,332,27,332,29,35,94,74,26,10279,36,47,54,63,69
20150130 22:11,336,23,333,27,341,32,35,94,74,26,10279,36,47,54,63,69
20150130 22:12,340,21,334,27,339,23,35,94,74,26,10279,36,47,54,63,69
20150130 22:13,332,19,334,26,325,35,35,94,74,26,10279,36,47,54,63,69
20150130 22:14,330,24,334,25,334,43,34,94,73,25,10278,36,47,54,63,69
20150130 22:15,336,27,335,25,339,36,34,94,73,25,10278,36,47,54,63,69
20150130 22:16,338,26,335,25,337,32,34,94,73,25,10278,36,47,54,63,69
20150130 22:17,332,22,335,23,327,31,34,94,73,25,10279,35,47,54,63,69
20150130 22:18,333,22,336,23,339,32,34,94,73,25,10279,36,47,54,63,69
20150130 22:19,336,25,335,23,333,31,34,94,73,25,10279,36,47,54,63,69
20150130 22:20,331,24,334,23,329,27,34,94,73,25,10279,36,47,54,63,69
20150130 22:21,324,23,332,23,320,32,34,94,73,25,10280,36,47,54,63,69
20150130 22:22,328,30,332,25,336,50,34,94,73,25,10280,35,47,54,63,69
20150130 22:23,332,34,332,26,328,39,34,93,72,24,10280,35,47,54,63,69
20150130 22:24,321,34,330,27,314,48,34,93,72,24,10280,35,47,54,63,69
20150130 22:25,321,32,329,27,329,48,34,93,72,24,10280,35,47,54,63,69
20150130 22:26,331,23,329,27,332,29,34,93,72,24,10280,35,47,54,63,69
20150130 22:27,338,25,330,28,342,42,34,93,72,24,10279,35,47,54,63,69
20150130 22:28,343,27,331,28,343,27,34,93,72,24,10279,35,47,54,63,69
20150130 22:29,335,23,330,27,328,48,34,93,72,24,10279,35,47,54,63,69
20150130 22:30,325,27,329,28,322,48,34,93,72,24,10279,35,47,54,63,69
20150130 22:31,329,32,331,29,336,42,34,93,72,24,10279,35,47,54,63,69
20150130 22:32,336,30,331,28,337,42,34,93,72,24,10279,35,47,54,63,69
20150130 22:33,334,24,332,27,332,29,34,93,72,24,10279,35,47,54,63,69
20150130 22:34,338,20,334,25,343,38,34,93,72,24,10279,36,46,54,63,69
20150130 22:35,343,24,336,26,342,40,34,93,72,24,10279,36,46,54,63,69
20150130 22:36,341,20,336,25,339,24,34,93,72,24,10279,36,46,54,63,69
20150130 22:37,339,16,336,24,339,33,34,93,72,24,10279,36,46,54,63,69
20150130 22:38,335,23,335,24,331,38,34,93,72,24,10279,36,46,54,63,69
20150130 22:39,330,23,335,24,328,28,34,93,72,24,10279,36,46,54,63,69
20150130 22:40,331,20,336,23,333,26,34,93,72,24,10280,36,46,54,63,69
20150130 22:41,330,25,335,22,327,40,34,93,72,24,10280,36,46,54,63,69
20150130 22:42,334,28,336,22,341,44,34,93,72,24,10280,36,46,54,63,69
20150130 22:43,333,25,335,22,325,29,34,93,72,24,10280,36,46,54,63,69
20150130 22:44,327,20,333,22,329,26,34,93,72,24,10280,36,46,54,63,69
20150130 22:45,317,19,330,21,305,26,34,93,72,24,10280,36,46,54,63,69
20150130 22:46,310,19,327,22,316,27,34,93,72,24,10280,36,46,54,63,69
20150130 22:47,315,21,325,22,315,33,34,93,72,24,10280,36,46,54,63,69
20150130 22:48,316,25,324,22,316,37,34,93,72,24,10280,36,46,54,63,69
20150130 22:49,318,23,323,22,320,28,34,93,72,24,10280,36,46,54,62,69
20150130 22:50,325,21,322,22,331,27,34,93,72,24,10280,36,46,54,63,69
20150130 22:51,320,20,321,21,309,23,34,93,72,24,10280,36,46,54,62,69
20150130 22:52,310,20,318,21,312,30,34,93,72,24,10280,36,46,54,62,68
20150130 22:53,313,19,317,20,314,28,34,93,72,24,10280,36,46,54,63,69
20150130 22:54,308,19,314,21,302,31,34,93,72,24,10280,36,46,54,62,68
20150130 22:55,308,21,315,21,313,24,34,93,72,24,10280,36,46,54,62,68
20150130 22:56,323,17,316,20,333,21,34,93,72,24,10280,36,46,54,62,68
20150130 22:57,324,15,316,20,314,21,34,94,73,25,10280,36,46,54,62,68
20150130 22:58,324,19,318,19,333,35,34,94,73,25,10280,36,46,54,62,68
20150130 22:59,327,23,318,20,321,30,34,94,73,25,10280,36,46,54,62,68
20150130 23:00,322,23,317,20,324,33,34,94,73,25,10280,36,46,54,62,68
20150130 23:01,312,26,317,21,300,37,34,94,73,25,10281,36,46,54,62,68
20150130 23:02,313,28,318,21,326,33,34,94,73,25,10281,36,46,54,62,68
20150130 23:03,323,28,319,23,319,37,34,94,73,25,10281,36,46,54,62,68
20150130 23:04,326,31,322,24,332,39,34,94,73,25,10281,36,46,54,62,68
20150130 23:05,335,29,324,24,337,31,34,93,72,24,10281,35,46,54,62,68
20150130 23:06,335,25,324,25,334,28,34,93,72,24,10281,36,46,54,62,68
20150130 23:07,327,25,325,26,321,39,34,93,72,24,10281,36,46,54,62,68
20150130 23:08,327,33,325,28,333,48,34,93,72,24,10281,36,46,54,62,68
20150130 23:09,333,37,326,29,333,47,34,93,72,24,10280,35,46,54,62,68
20150130 23:10,337,32,328,30,342,35,34,93,72,24,10280,35,46,54,62,68
20150130 23:11,346,26,333,29,349,45,34,93,72,24,10280,35,46,54,62,68
20150130 23:12,349,30,335,30,348,44,34,93,72,24,10280,35,46,54,62,68
20150130 23:13,347,37,338,31,346,49,33,93,72,23,10280,35,46,54,62,68
20150130 23:14,344,34,339,31,342,37,33,93,72,23,10280,35,46,54,62,68
20150130 23:15,339,28,338,31,335,34,33,93,72,23,10280,35,46,54,62,68
20150130 23:16,336,32,339,32,337,56,33,93,72,23,10280,35,46,54,62,68
20150130 23:17,336,32,340,32,335,41,33,93,72,23,10280,35,46,53,62,68
20150130 23:18,326,24,338,30,316,25,33,93,72,23,10280,35,46,54,62,68
20150130 23:19,321,23,338,29,326,35,33,93,72,23,10280,35,46,53,62,68
20150130 23:20,329,24,337,29,331,30,33,93,72,23,10280,35,46,53,62,68
20150130 23:21,336,27,336,30,340,42,33,93,72,23,10280,35,46,53,62,68
20150130 23:22,342,31,335,29,344,45,33,93,72,23,10280,35,46,53,62,68
20150130 23:23,328,27,332,27,313,30,33,93,72,23,10280,35,46,53,62,68
20150130 23:24,322,26,331,27,331,41,33,93,72,23,10280,35,46,53,62,68
20150130 23:25,333,32,331,28,335,49,33,93,72,23,10280,35,46,53,62,68
20150130 23:26,339,35,331,28,342,53,33,92,71,21,10280,35,46,53,62,68
20150130 23:27,340,36,332,29,338,48,33,92,71,21,10280,35,46,53,62,68
20150130 23:28,332,38,333,31,327,50,33,92,71,21,10280,35,46,53,62,68
20150130 23:29,324,37,332,32,322,42,33,92,71,21,10280,35,46,53,62,68
20150130 23:30,327,31,333,32,333,47,33,92,71,21,10280,35,46,53,62,68
20150130 23:31,334,31,332,32,335,45,33,92,71,21,10280,35,46,53,62,68
20150130 23:32,336,29,331,32,337,35,33,92,71,21,10280,34,46,53,62,68
20150130 23:33,333,27,333,33,329,51,33,92,71,21,10280,35,46,53,62,68
20150130 23:34,325,34,332,34,323,50,33,92,71,21,10279,34,45,53,62,68
20150130 23:35,330,31,332,33,338,38,33,92,71,21,10279,34,45,53,62,68
20150130 23:36,341,23,333,31,343,31,33,92,71,21,10280,34,45,53,62,68
20150130 23:37,350,25,334,30,357,40,33,92,71,21,10280,34,45,53,62,68
20150130 23:38,351,29,336,29,345,44,33,92,71,21,10280,34,45,53,62,68
20150130 23:39,338,28,337,29,331,40,33,92,71,21,10280,34,45,53,62,68
20150130 23:40,341,31,339,29,350,51,33,92,71,21,10279,34,45,53,62,68
20150130 23:41,349,31,340,29,347,37,33,92,71,21,10279,34,45,53,62,68
20150130 23:42,352,26,342,29,356,40,33,92,71,21,10279,34,45,53,62,68
20150130 23:43,344,25,342,28,333,37,33,92,71,21,10279,34,45,53,62,68
20150130 23:44,330,25,343,27,328,38,33,92,71,21,10279,34,45,53,62,68
20150130 23:45,327,27,342,27,326,37,33,92,71,21,10279,34,45,53,62,68
20150130 23:46,331,31,341,28,336,49,33,92,71,21,10279,34,45,53,62,68
20150130 23:47,334,31,338,29,332,39,33,92,71,21,10279,34,45,53,62,68
20150130 23:48,336,26,338,28,340,35,33,92,71,21,10279,34,45,53,62,68
20150130 23:49,338,27,338,28,335,48,33,92,71,21,10279,34,45,53,62,68
20150130 23:50,333,37,336,29,330,58,33,92,71,21,10279,34,45,53,62,68
20150130 23:51,334,35,335,29,339,42,33,92,71,21,10279,34,45,53,62,68
20150130 23:52,341,29,334,30,343,50,33,92,71,21,10279,34,45,53,62,68
20150130 23:53,346,32,336,30,349,53,33,91,70,20,10279,34,45,53,62,68
20150130 23:54,349,31,338,31,350,40,33,91,70,20,10279,34,45,53,62,68
20150130 23:55,346,28,340,31,342,35,33,91,70,20,10278,34,45,53,62,68
20150130 23:56,339,32,340,31,337,53,32,92,71,20,10278,34,45,53,62,68
20150130 23:57,337,38,340,32,336,47,32,92,71,20,10278,34,45,53,62,68
20150130 23:58,342,33,341,32,348,33,32,91,70,19,10278,34,45,53,62,68
20150130 23:59,348,26,342,32,348,35,32,91,70,19,10278,34,45,53,62,68
20150130 00:00,338,27,342,30,327,40,32,91,70,19,10278,34,45,53,62,68
20150130 00:01,336,26,343,30,345,35,32,91,70,19,10278,34,45,53,62,68
20150130 00:02,338,28,341,30,331,43,32,92,71,20,10278,34,45,53,62,68
20150130 00:03,332,31,340,30,333,41,32,92,71,20,10278,34,45,53,62,68
20150130 00:04,331,28,337,30,328,34,32,92,71,20,10278,34,45,53,62,68
20150130 00:05,332,24,337,29,337,38,32,92,71,20,10278,34,45,53,62,68
20150130 00:06,330,31,336,30,323,62,32,92,71,20,10278,34,45,53,62,68
20150130 00:07,328,39,335,30,332,50,32,92,71,20,10278,33,45,53,62,68
20150130 00:08,330,32,333,30,328,34,32,91,70,19,10278,33,45,53,62,68
20150130 00:09,325,31,331,31,322,50,32,91,70,19,10278,33,45,53,62,68
20150130 00:10,324,32,330,31,326,40,32,91,70,19,10279,33,45,53,62,68
20150130 00:11,328,26,329,30,331,39,32,91,70,19,10279,33,45,53,62,68
20150130 00:12,326,25,328,30,322,38,32,91,70,19,10279,33,45,53,62,68
20150130 00:13,325,24,328,29,329,29,32,91,70,19,10279,33,45,53,62,68
20150130 00:14,329,24,328,29,330,35,32,91,70,19,10279,33,45,53,62,68
20150130 00:15,334,26,328,29,339,29,32,91,70,19,10279,33,45,53,62,68
20150130 00:16,327,23,327,27,314,34,32,91,70,19,10279,33,45,53,62,68
20150130 00:17,318,25,326,26,321,39,32,91,70,19,10279,33,45,53,62,68
20150130 00:18,318,26,325,26,314,31,32,91,70,19,10278,33,44,53,62,68
20150130 00:19,323,28,326,26,332,39,32,91,70,19,10278,33,44,53,62,68
20150130 00:20,328,27,326,25,324,29,32,91,70,19,10278,33,44,53,62,68
20150130 00:21,327,23,326,25,330,32,32,91,70,19,10278,33,44,53,62,68
20150130 00:22,330,24,326,25,330,31,32,91,70,19,10278,33,44,53,62,68
20150130 00:23,317,26,324,26,304,43,32,91,70,19,10277,34,44,53,62,68
20150130 00:24,303,29,321,26,303,43,32,91,70,19,10277,33,44,53,62,68
20150130 00:25,309,33,319,27,315,46,31,91,69,18,10277,33,44,53,62,68
20150130 00:26,317,29,319,27,319,33,31,91,69,18,10277,33,44,53,62,68
20150130 00:27,315,25,318,27,312,42,31,91,69,18,10277,33,44,53,62,68
20150130 00:28,319,29,320,28,326,43,31,91,69,18,10277,33,44,53,61,68
20150130 00:29,323,28,318,27,321,32,31,91,69,18,10277,33,44,52,61,68
20150130 00:30,320,26,318,28,320,36,31,91,69,18,10277,33,44,52,61,68
20150130 00:31,324,28,318,28,328,41,31,92,70,19,10277,33,44,52,61,68
20150130 00:32,333,31,318,29,337,44,31,91,69,18,10277,33,44,52,61,68
20150130 00:33,333,29,321,29,329,35,31,91,69,18,10277,33,44,52,61,68
20150130 00:34,327,20,323,27,325,25,31,91,69,18,10277,33,44,52,61,68
20150130 00:35,323,20,324,26,322,29,31,92,70,19,10278,33,44,52,61,68
20150130 00:36,318,28,323,27,315,44,31,92,70,19,10278,33,44,52,61,68
20150130 00:37,311,33,323,27,308,43,31,92,70,19,10278,33,44,52,61,68
20150130 00:38,315,30,323,27,323,43,31,91,69,18,10278,33,44,52,61,68
20150130 00:39,315,24,322,27,308,25,31,91,69,18,10278,33,44,52,61,68
20150130 00:40,310,22,321,26,312,35,31,92,70,19,10278,33,44,52,61,68
20150130 00:41,316,21,320,25,321,24,31,92,70,19,10278,33,44,52,61,68
20150130 00:42,321,16,318,23,321,23,31,92,70,19,10279,33,44,52,61,68
20150130 00:43,320,23,317,24,319,38,31,92,70,19,10279,33,44,52,61,68
20150130 00:44,321,28,317,25,322,36,31,92,70,19,10279,33,44,52,61,68
20150130 00:45,322,30,317,26,322,42,31,92,70,19,10279,33,44,52,61,68
20150130 00:46,321,34,318,26,321,46,31,92,70,19,10279,33,44,52,61,68
20150130 00:47,318,33,318,26,314,37,31,92,70,19,10279,33,44,52,61,68
20150130 00:48,317,28,318,26,320,43,31,92,70,19,10279,33,44,52,61,68
20150130 00:49,319,29,319,27,319,43,31,92,70,19,10279,33,44,52,61,68
20150130 00:50,320,29,320,27,321,41,31,92,70,19,10279,33,44,52,61,68
20150130 00:51,321,25,320,28,320,36,31,92,70,19,10279,33,44,52,61,68
20150130 00:52,325,26,321,29,330,47,31,92,70,19,10279,33,44,52,61,68
20150130 00:53,330,33,322,30,329,47,31,92,70,19,10279,33,44,52,61,68
20150130 00:54,326,35,322,31,323,48,31,92,70,19,10279,33,44,52,61,68
20150130 00:55,327,33,323,31,332,45,31,92,70,19,10279,33,44,52,61,68
20150130 00:56,327,29,323,30,322,33,31,92,70,19,10279,33,44,52,61,68
20150130 00:57,311,20,322,28,301,24,31,92,70,19,10278,33,44,52,61,68
20150130 00:58,310,17,322,27,320,24,31,92,70,19,10279,33,44,52,61,68
20150130 00:59,316,16,321,26,313,20,31,92,70,19,10279,33,44,52,61,68
20150130 01:00,317,18,321,25,321,34,31,92,70,19,10279,33,44,52,61,68
20150130 01:01,322,26,321,26,323,40,31,92,70,19,10279,33,44,52,61,68
20150130 01:02,317,23,319,25,310,24,31,92,70,19,10279,33,44,52,61,68
20150130 01:03,316,20,319,23,323,32,31,92,70,19,10279,33,44,52,61,68
20150130 01:04,321,24,319,22,320,35,31,92,70,19,10279,33,44,52,61,68
20150130 01:05,321,28,318,22,323,36,31,92,70,19,10279,33,44,52,61,68
20150130 01:06,321,25,317,22,318,33,31,92,70,19,10280,33,44,52,61,67
20150130 01:07,323,24,320,23,327,45,31,92,70,19,10280,33,44,52,61,68
20150130 01:08,326,27,320,24,324,32,31,92,70,19,10279,33,44,52,61,67
20150130 01:09,325,28,321,25,325,38,31,92,70,19,10279,33,44,52,61,67
20150130 01:10,323,26,321,25,321,33,31,92,70,19,10279,33,44,52,61,67
20150130 01:11,322,23,322,24,324,32,31,92,70,19,10279,33,44,52,61,67
20150130 01:12,320,23,322,25,317,31,31,92,70,19,10279,33,43,52,61,67
20150130 01:13,320,24,322,25,323,35,31,92,70,19,10279,33,44,52,61,67
20150130 01:14,322,22,322,25,321,32,31,92,70,19,10279,33,43,52,61,67
20150130 01:15,327,25,323,25,332,40,31,92,70,19,10279,33,43,52,61,67
20150130 01:16,322,31,323,26,312,46,31,92,70,19,10279,33,43,52,61,67
20150130 01:17,320,33,323,27,328,44,31,92,70,19,10279,33,43,52,61,67
20150130 01:18,327,32,323,27,326,35,31,92,70,19,10279,33,43,52,61,67
20150130 01:19,318,25,321,26,309,35,31,92,70,19,10279,33,43,52,61,67
20150130 01:20,318,28,322,27,327,45,31,92,70,19,10279,33,43,52,61,67
20150130 01:21,328,32,323,28,330,38,31,92,70,19,10279,33,43,52,61,67
20150130 01:22,327,29,323,28,323,34,31,92,70,19,10279,33,43,52,61,67
20150130 01:23,323,24,323,28,323,25,31,92,70,19,10279,33,43,52,61,67
20150130 01:24,322,24,323,29,321,42,31,92,70,19,10279,33,43,52,61,67
20150130 01:25,317,29,321,29,313,37,31,92,70,19,10279,33,43,52,61,67
20150130 01:26,313,25,321,28,312,28,31,92,70,19,10278,33,43,52,61,67
20150130 01:27,315,24,320,27,318,33,31,92,70,19,10278,33,43,52,61,67
20150130 01:28,313,23,318,26,307,25,31,92,70,19,10279,33,43,52,61,67
20150130 01:29,312,23,319,27,317,33,31,92,70,19,10279,33,43,52,61,67
20150130 01:30,324,28,319,26,330,38,31,92,70,19,10279,32,43,52,61,67
20150130 01:31,323,24,318,25,316,36,31,92,70,19,10279,32,43,52,61,67
20150130 01:32,314,23,317,25,312,36,31,92,70,19,10279,32,43,52,61,67
20150130 01:33,312,27,316,26,313,41,31,92,70,19,10279,32,43,52,61,67
20150130 01:34,324,25,317,25,335,32,31,92,70,19,10279,32,43,52,61,67
20150130 01:35,328,21,318,24,320,30,31,92,70,19,10279,32,43,52,61,67
20150130 01:36,325,24,320,25,330,43,31,92,70,19,10279,32,43,51,61,67
20150130 01:37,325,28,320,25,321,43,31,92,70,19,10279,32,43,51,61,67
20150130 01:38,322,25,322,25,323,28,31,92,70,19,10279,32,43,51,61,67
20150130 01:39,323,22,322,25,323,31,31,92,70,19,10279,32,43,51,61,67
20150130 01:40,314,26,320,25,305,38,31,92,70,19,10279,32,43,51,61,67
20150130 01:41,308,26,319,25,312,32,31,92,70,19,10279,32,43,51,61,67
20150130 01:42,313,29,320,26,314,48,31,92,70,19,10279,32,43,51,61,67
20150130 01:43,322,36,321,27,331,47,31,92,70,19,10279,32,43,51,61,67
20150130 01:44,320,33,319,28,309,44,31,92,70,19,10279,31,43,51,61,67
20150130 01:45,313,30,318,29,316,43,31,92,70,19,10279,31,43,51,61,67
20150130 01:46,324,30,318,29,331,36,31,92,70,19,10279,31,43,51,61,67
20150130 01:47,319,28,317,29,307,37,31,92,70,19,10279,32,43,51,61,67
20150130 01:48,314,26,317,29,322,32,31,92,70,19,10279,31,43,51,61,67
20150130 01:49,323,21,317,29,323,29,31,92,70,19,10279,32,43,51,61,67
20150130 01:50,324,20,319,28,326,26,31,92,70,19,10279,32,43,51,61,67
20150130 01:51,326,24,320,28,325,33,31,92,70,19,10279,32,43,51,61,67
20150130 01:52,322,24,321,27,319,31,31,92,70,19,10279,32,43,51,61,67
20150130 01:53,323,24,321,26,327,38,31,92,70,19,10279,32,43,51,60,67
20150130 01:54,324,29,322,26,321,41,31,92,70,19,10279,32,43,51,61,67
20150130 01:55,319,28,322,25,317,31,31,92,70,19,10279,32,43,51,61,67
20150130 01:56,326,23,322,24,334,29,31,92,70,19,10279,32,43,51,60,67
20150130 01:57,334,21,325,24,335,29,31,92,70,19,10280,32,43,51,60,67
20150130 01:58,339,25,327,24,344,44,31,92,70,19,10280,32,43,51,60,67
20150130 01:59,338,27,328,25,333,38,31,92,70,19,10280,32,43,51,60,67
20150130 02:00,330,24,328,25,326,37,31,92,70,19,10280,32,43,51,60,67
20150130 02:01,320,27,327,25,315,38,31,92,70,19,10279,32,43,51,60,67
20150130 02:02,316,26,327,25,318,29,31,92,70,19,10280,32,43,51,60,67
20150130 02:03,318,22,326,25,319,30,31,92,70,19,10280,32,43,51,60,67
20150130 02:04,321,24,326,25,322,42,31,92,70,19,10280,32,43,51,60,67
20150130 02:05,326,27,327,25,329,34,31,92,70,19,10280,32,43,51,60,67
20150130 02:06,326,29,326,26,323,41,31,92,70,19,10280,31,43,51,60,67
20150130 02:07,326,29,326,26,330,37,31,92,70,19,10279,32,43,51,60,67
20150130 02:08,333,29,325,27,337,40,31,92,70,19,10279,32,43,51,60,67
20150130 02:09,332,26,325,26,327,27,31,92,70,19,10279,32,43,51,60,67
20150130 02:10,325,22,324,26,323,31,31,92,70,19,10279,32,43,51,60,67
20150130 02:11,328,29,326,27,333,45,31,92,70,19,10278,31,43,51,60,67
20150130 02:12,334,33,328,28,334,56,31,92,70,19,10278,31,43,51,60,67
20150130 02:13,329,34,328,29,325,50,31,92,70,19,10278,31,43,51,60,67
20150130 02:14,328,30,329,29,331,30,31,92,70,19,10278,31,43,51,60,67
20150130 02:15,336,33,330,30,340,60,31,92,70,19,10279,31,43,51,60,67
20150130 02:16,335,33,331,30,330,39,31,92,70,19,10279,31,43,51,60,67
20150130 02:17,322,26,330,30,315,38,31,91,69,18,10278,31,43,51,60,67
20150130 02:18,320,24,328,29,325,24,31,91,69,18,10278,31,43,51,60,67
20150130 02:19,338,19,331,28,351,28,31,91,69,18,10278,31,43,51,60,67
20150130 02:20,339,22,331,28,327,42,31,91,69,18,10278,31,43,51,60,67
20150130 02:21,327,29,330,28,326,40,31,91,69,18,10278,31,43,51,60,67
20150130 02:22,326,30,330,28,326,42,31,91,69,18,10278,31,43,51,60,67
20150130 02:23,329,30,330,27,332,38,31,91,69,18,10278,31,43,51,60,67
20150130 02:24,339,27,332,27,346,31,31,91,69,18,10278,31,43,51,60,67
20150130 02:25,342,26,332,26,338,44,31,91,69,18,10278,31,42,51,60,67
20150130 02:26,341,26,333,26,345,36,31,91,69,18,10278,31,43,51,60,67
20150130 02:27,346,24,336,26,348,40,31,90,69,16,10278,31,43,51,60,67
20150130 02:28,338,27,337,26,328,42,31,90,69,16,10278,31,43,51,60,67
20150130 02:29,330,25,335,27,331,32,31,90,69,16,10278,31,42,51,60,67
20150130 02:30,341,23,337,27,350,34,31,90,69,16,10278,31,42,51,60,67
20150130 02:31,351,25,340,26,352,38,31,90,69,16,10278,31,42,51,60,67
20150130 02:32,337,30,339,26,321,45,31,90,69,16,10278,31,42,51,60,67
20150130 02:33,323,32,339,26,326,49,31,89,68,15,10278,30,42,51,60,67
20150130 02:34,327,35,337,28,328,56,31,89,68,15,10278,30,42,51,60,67
20150130 02:35,329,37,336,28,331,39,31,89,68,15,10278,30,42,51,60,67
20150130 02:36,327,34,334,30,323,42,31,89,68,15,10278,30,42,51,60,67
20150130 02:37,325,33,332,30,327,45,31,89,68,15,10278,30,42,51,60,67
20150130 02:38,329,30,332,31,332,37,31,88,67,13,10278,30,42,51,60,67
20150130 02:39,334,23,333,30,337,25,31,88,67,13,10278,30,42,51,60,67
20150130 02:40,338,20,332,30,340,43,31,88,67,13,10278,30,42,51,60,67
20150130 02:41,333,25,329,30,327,37,31,88,67,13,10278,30,42,51,60,67
20150130 02:42,327,29,330,30,327,43,31,88,67,13,10278,30,42,51,60,67
20150130 02:43,324,32,329,30,321,40,31,88,67,13,10279,30,42,51,60,67
20150130 02:44,328,32,330,29,335,42,31,88,67,13,10279,30,42,51,60,67
20150130 02:45,333,33,330,29,331,52,31,88,67,13,10279,30,42,51,60,67
20150130 02:46,330,35,331,29,329,46,31,88,67,13,10279,30,42,51,60,67
20150130 02:47,333,34,332,29,337,41,31,87,66,11,10278,30,42,51,60,67
20150130 02:48,332,31,331,30,326,44,31,87,66,11,10278,30,42,51,60,67
20150130 02:49,328,35,330,32,329,55,31,87,66,11,10278,30,42,51,60,67
20150130 02:50,326,37,328,33,322,45,32,88,68,14,10278,30,42,51,60,67
20150130 02:51,326,33,329,33,331,44,32,87,67,12,10278,30,42,51,60,67
20150130 02:52,336,31,330,33,341,42,32,87,67,12,10278,30,42,51,60,67
20150130 02:53,340,27,332,32,339,33,32,88,68,14,10278,30,42,51,60,67
20150130 02:54,338,23,332,31,336,31,32,88,68,14,10278,30,42,50,60,67
20150130 02:55,336,23,333,30,335,32,32,88,68,14,10278,30,42,50,60,67
20150130 02:56,335,24,333,29,335,35,32,88,68,14,10278,30,42,50,60,67
20150130 02:57,334,25,333,29,333,29,32,88,68,14,10278,31,42,50,60,67
20150130 02:58,329,25,333,28,325,31,32,88,68,14,10278,31,42,50,60,67
20150130 02:59,327,22,333,26,330,28,31,88,67,13,10278,31,42,50,60,67
20150130 03:00,330,25,334,26,331,44,31,88,67,13,10279,31,42,50,60,67
20150130 03:01,327,31,333,26,323,47,32,88,68,14,10279,31,42,50,60,67
20150130 03:02,319,30,330,26,315,41,32,87,67,12,10279,31,42,50,60,67
20150130 03:03,311,26,327,26,307,37,32,87,67,12,10279,30,42,50,60,67
20150130 03:04,307,25,324,26,307,39,32,87,67,12,10279,31,42,50,60,67
20150130 03:05,313,28,323,27,320,39,32,87,67,12,10280,31,42,50,60,67
20150130 03:06,317,27,321,26,314,41,32,87,67,12,10280,31,42,50,60,67
20150130 03:07,319,31,320,28,324,48,32,87,67,12,10280,31,42,50,60,67
20150130 03:08,325,35,320,28,326,47,31,87,66,11,10280,30,41,50,60,66
20150130 03:09,332,30,320,29,338,40,31,87,66,11,10280,30,42,50,60,67
20150130 03:10,334,31,320,29,330,49,31,87,66,11,10280,30,42,50,60,67
20150130 03:11,332,28,321,28,334,31,31,87,66,11,10280,30,41,50,60,66
20150130 03:12,340,24,325,28,346,32,31,87,66,11,10280,30,41,50,60,66
20150130 03:13,341,22,328,28,336,24,31,87,66,11,10281,31,41,50,60,66
20150130 03:14,333,26,330,29,330,53,31,87,66,11,10281,31,41,50,60,66
20150130 03:15,325,32,330,29,321,39,31,87,66,11,10281,30,41,50,60,67
20150130 03:16,324,34,331,30,327,49,31,87,66,11,10281,30,41,50,60,66
20150130 03:17,328,38,332,30,328,55,31,86,66,10,10281,30,41,50,60,66
20150130 03:18,333,41,333,31,338,52,31,86,66,10,10281,30,41,50,60,66
20150130 03:19,338,41,333,32,337,51,31,86,66,10,10281,30,41,50,60,66
20150130 03:20,336,33,333,32,334,54,31,86,66,10,10281,30,41,50,60,66
20150130 03:21,346,32,335,33,357,47,31,86,66,10,10281,30,41,50,60,66
20150130 03:22,346,34,334,34,334,61,31,85,65,8,10281,30,41,50,60,66
20150130 03:23,335,42,334,37,336,75,31,85,65,8,10281,30,41,50,60,66
20150130 03:24,338,46,335,38,339,65,31,85,65,8,10281,29,41,50,60,66
20150130 03:25,343,41,338,39,347,58,31,85,65,8,10281,29,41,50,60,66
20150130 03:26,347,41,340,39,347,60,31,85,65,8,10281,29,41,50,60,66
20150130 03:27,345,32,341,38,343,34,31,85,65,8,10281,29,41,50,60,66
20150130 03:28,344,29,342,37,345,44,31,85,65,8,10281,29,41,50,60,66
20150130 03:29,340,37,342,37,334,58,31,85,65,8,10282,29,41,50,59,66
20150130 03:30,330,42,341,38,327,53,30,85,64,7,10282,29,41,50,59,66
20150130 03:31,330,37,339,38,333,40,30,85,64,7,10281,29,41,50,59,66
20150130 03:32,336,32,339,38,340,50,30,85,64,7,10281,29,41,50,59,66
20150130 03:33,346,36,341,37,353,54,30,85,64,7,10281,29,41,50,59,66
20150130 03:34,348,39,341,37,342,53,30,85,64,7,10281,29,41,50,59,66
20150130 03:35,343,40,341,37,344,49,30,85,64,7,10282,29,41,50,59,66
20150130 03:36,337,43,339,37,329,60,30,85,64,7,10282,29,41,50,59,66
20150130 03:37,328,40,337,38,327,56,30,85,64,7,10282,29,41,50,59,66
20150130 03:38,332,32,337,38,338,47,30,85,64,7,10283,29,41,50,59,66
20150130 03:39,335,27,337,36,333,35,30,85,64,7,10283,29,41,50,59,66
20150130 03:40,337,32,338,36,341,60,30,85,64,7,10283,29,41,50,59,66
20150130 03:41,336,38,338,36,331,49,30,85,64,7,10283,29,41,50,59,66
20150130 03:42,329,34,336,36,327,41,30,85,64,7,10283,29,41,50,59,66
20150130 03:43,338,29,336,35,348,36,30,85,64,7,10283,29,41,50,59,66
20150130 03:44,342,32,335,35,335,47,30,85,64,7,10283,29,41,50,59,66
20150130 03:45,338,31,335,33,341,37,30,85,64,7,10283,29,41,50,59,66
20150130 03:46,341,28,336,32,341,44,30,86,65,9,10283,29,41,50,59,66
20150130 03:47,329,35,335,32,317,56,30,86,65,9,10283,29,41,50,59,66
20150130 03:48,315,37,333,33,313,48,30,86,65,9,10283,29,40,50,59,66
20150130 03:49,317,34,332,33,321,41,30,85,64,7,10283,29,40,50,59,66
20150130 03:50,325,33,330,33,330,51,30,85,64,7,10283,29,40,50,59,66
20150130 03:51,335,30,331,32,339,36,30,85,64,7,10283,29,40,50,59,66
20150130 03:52,334,26,331,31,328,42,30,86,65,9,10283,29,40,50,59,66
20150130 03:53,328,28,329,32,328,41,30,86,65,9,10283,29,40,50,59,66
20150130 03:54,329,32,329,31,329,40,30,86,65,9,10283,29,40,50,59,66
20150130 03:55,327,34,327,32,325,46,30,86,65,9,10283,29,40,50,59,66
20150130 03:56,326,37,326,33,327,48,30,86,65,9,10283,29,40,50,59,66
20150130 03:57,334,31,328,32,341,43,30,86,65,9,10283,29,40,49,59,66
20150130 03:58,336,26,330,31,332,42,30,86,65,9,10283,29,40,49,59,66
20150130 03:59,341,28,333,30,350,55,30,86,65,9,10283,29,40,49,59,66
20150130 04:00,339,29,333,30,330,44,30,86,65,9,10283,29,40,49,59,66
20150130 04:01,331,30,332,30,333,47,30,86,65,9,10283,29,40,49,59,66
20150130 04:02,344,26,335,30,356,33,30,86,65,9,10284,29,40,49,59,66
20150130 04:03,343,25,335,30,331,37,29,86,65,8,10284,28,40,49,59,66
20150130 04:04,333,32,336,30,335,49,29,86,65,8,10284,29,40,49,59,66
20150130 04:05,336,38,337,30,336,44,29,86,65,8,10284,29,40,49,59,66
20150130 04:06,337,35,338,30,338,56,29,86,65,8,10283,28,40,49,59,66
20150130 04:07,341,32,338,31,344,42,29,86,65,8,10283,28,40,49,59,66
20150130 04:08,341,29,339,30,338,39,29,86,65,8,10283,28,40,49,59,66
20150130 04:09,338,28,338,30,338,37,29,86,65,8,10283,28,40,49,59,66
20150130 04:10,343,28,340,30,347,46,29,86,65,8,10283,28,40,49,59,66
20150130 04:11,347,36,341,32,346,59,29,86,65,8,10283,29,40,49,59,66
20150130 04:12,344,39,339,33,342,44,29,85,64,6,10283,28,40,49,59,66
20150130 04:13,338,30,340,33,334,33,29,85,64,6,10283,28,40,49,59,66
20150130 04:14,337,25,340,31,340,34,29,85,64,6,10283,28,40,49,59,66
20150130 04:15,334,32,340,32,328,58,29,86,65,8,10283,28,40,49,59,66
20150130 04:16,333,32,340,31,338,27,29,86,65,8,10283,28,40,49,59,66
20150130 04:17,343,22,340,30,349,44,29,86,65,8,10283,28,40,49,59,66
20150130 04:18,345,30,340,31,341,55,29,86,65,8,10283,28,40,49,59,66
20150130 04:19,344,36,341,32,346,46,29,85,64,6,10283,28,40,49,59,66
20150130 04:20,342,27,340,31,338,25,29,85,64,6,10283,28,40,49,59,66
20150130 04:21,334,22,339,29,330,29,29,86,65,8,10283,28,40,49,59,66
20150130 04:22,332,28,338,29,334,49,29,86,65,8,10283,28,40,49,59,66
20150130 04:23,332,35,337,30,331,49,29,86,65,8,10283,28,40,49,59,66
20150130 04:24,329,41,336,32,328,57,29,86,65,8,10284,28,40,49,59,66
20150130 04:25,329,44,337,32,331,60,29,86,65,8,10284,28,40,49,59,66
20150130 04:26,335,41,337,33,339,50,29,85,64,6,10284,28,40,49,59,66
20150130 04:27,344,34,337,34,349,50,29,85,64,6,10284,27,40,49,59,66
20150130 04:28,352,35,338,34,354,69,29,85,64,6,10284,27,40,49,59,66
20150130 04:29,350,45,338,36,345,62,28,85,63,5,10284,27,40,49,59,66
20150130 04:30,344,43,338,38,344,55,28,85,63,5,10284,27,39,49,59,66
20150130 04:31,342,37,339,39,340,57,28,85,63,5,10284,27,39,49,59,66
20150130 04:32,340,39,340,40,340,67,28,85,63,5,10284,27,39,49,59,66
20150130 04:33,342,36,341,39,344,43,28,85,63,5,10284,27,39,49,59,66
20150130 04:34,344,29,343,38,344,38,28,85,63,5,10284,27,39,49,59,66
20150130 04:35,350,31,345,37,355,46,28,85,63,5,10284,27,39,49,59,66
20150130 04:36,356,31,347,36,357,36,28,85,63,5,10284,27,39,49,59,66
20150130 04:37,351,30,347,36,344,43,28,85,63,5,10284,27,39,49,59,66
20150130 04:38,342,36,345,36,340,55,28,85,63,5,10284,27,39,49,59,66
20150130 04:39,338,36,344,34,335,41,28,85,63,5,10285,27,39,49,59,66
20150130 04:40,333,34,343,34,330,50,28,85,63,5,10285,26,39,49,59,66
20150130 04:41,340,39,344,35,349,55,28,85,63,5,10285,26,39,49,59,66
20150130 04:42,350,38,345,34,350,44,28,85,63,5,10285,26,39,49,59,66
20150130 04:43,346,33,345,34,342,66,28,85,63,5,10286,26,39,49,59,66
20150130 04:44,344,36,345,35,346,50,28,85,63,5,10286,26,39,49,59,66
20150130 04:45,346,34,344,35,346,42,28,85,63,5,10286,26,39,49,59,66
20150130 04:46,349,24,343,34,352,24,28,85,63,5,10286,26,39,49,59,66
20150130 04:47,354,27,345,34,357,55,28,85,63,5,10286,26,39,49,59,66
20150130 04:48,353,36,346,34,350,47,28,85,63,5,10286,26,39,49,59,66
20150130 04:49,348,33,347,33,346,39,28,85,63,5,10286,26,39,49,59,66
20150130 04:50,348,25,349,32,350,28,28,85,63,5,10286,26,39,49,59,66
20150130 04:51,350,20,349,29,349,24,28,85,63,5,10286,26,39,48,59,66
20150130 04:52,346,18,348,28,342,25,28,85,63,5,10286,26,39,48,59,66
20150130 04:53,344,17,348,26,346,37,28,85,63,5,10287,27,39,48,58,66
20150130 04:54,345,22,348,25,343,37,28,85,63,5,10287,27,39,48,58,66
20150130 04:55,344,28,348,25,344,45,28,85,63,5,10287,27,39,48,58,66
20150130 04:56,345,26,347,25,346,29,28,85,63,5,10287,27,39,48,58,66
20150130 04:57,341,22,345,24,336,33,28,85,63,5,10287,27,38,48,58,66
20150130 04:58,337,20,344,22,337,24,28,85,63,5,10287,27,38,48,58,66
20150130 04:59,347,25,345,22,356,39,27,85,63,4,10287,27,38,48,58,66
20150130 05:00,335,24,341,22,315,30,27,85,63,4,10287,27,38,48,58,66
20150130 05:01,325,22,340,23,334,41,27,85,63,4,10287,27,38,48,58,66
20150130 05:02,341,30,341,24,348,50,27,85,63,4,10288,27,38,48,58,66
20150130 05:03,343,31,340,26,339,34,27,85,63,4,10288,27,38,48,58,66
20150130 05:04,336,25,339,25,333,33,27,85,63,4,10288,26,38,48,58,66
20150130 05:05,325,20,336,24,316,23,27,86,64,6,10288,26,38,48,58,66
20150130 05:06,325,19,335,24,335,31,27,86,64,6,10288,26,38,48,58,65
20150130 05:07,340,19,336,23,345,25,27,86,64,6,10288,26,38,48,58,66
20150130 05:08,341,20,336,24,338,28,27,86,64,6,10288,26,38,48,58,65
20150130 05:09,332,25,333,23,326,44,27,86,64,6,10288,26,38,48,58,66
20150130 05:10,329,29,335,25,332,41,27,86,64,6,10288,26,38,48,58,66
20150130 05:11,335,27,335,24,338,40,27,85,63,4,10288,26,38,48,58,65
20150130 05:12,338,33,334,25,338,52,27,85,63,4,10288,26,38,48,58,65
20150130 05:13,343,34,335,25,349,37,27,85,63,4,10288,26,38,48,58,65
20150130 05:14,343,29,336,26,338,42,27,85,63,4,10289,26,38,48,58,65
20150130 05:15,328,26,336,26,318,28,27,85,63,4,10289,26,38,48,58,65
20150130 05:16,326,23,336,27,334,47,27,85,63,4,10289,26,38,48,58,65
20150130 05:17,327,27,333,28,320,50,27,85,63,4,10289,26,38,48,58,65
20150130 05:18,335,29,334,29,350,38,27,85,63,4,10289,25,38,48,58,65
20150130 05:19,334,31,334,29,319,44,27,85,63,4,10290,26,38,48,58,65
20150130 05:20,327,32,334,29,335,41,27,85,63,4,10290,25,38,48,58,65
20150130 05:21,333,34,333,30,331,50,27,85,63,4,10290,25,38,48,58,65
20150130 05:22,330,34,332,29,330,41,27,85,63,4,10290,25,38,48,58,65
20150130 05:23,331,34,331,30,332,51,27,85,63,4,10291,25,38,48,58,65
20150130 05:24,322,40,328,32,312,55,27,85,63,4,10290,25,38,48,58,65
20150130 05:25,316,38,328,33,319,38,27,84,62,3,10290,25,38,48,58,65
20150130 05:26,325,34,328,34,331,42,27,84,62,3,10291,25,38,48,58,65
20150130 05:27,330,33,329,34,330,36,27,84,62,3,10291,25,38,48,58,65
20150130 05:28,330,31,327,34,329,47,27,85,63,4,10291,25,38,48,58,65
20150130 05:29,330,37,328,35,330,49,27,85,63,4,10291,25,38,48,58,65
20150130 05:30,322,32,326,34,313,36,27,85,63,4,10291,25,38,48,58,65
20150130 05:31,328,25,327,33,343,56,27,85,63,4,10292,25,38,48,58,65
20150130 05:32,341,34,328,34,339,54,27,85,63,4,10292,25,38,48,58,65
20150130 05:33,330,45,327,36,322,71,27,85,63,4,10292,25,38,48,58,65
20150130 05:34,330,46,329,36,338,68,27,85,63,4,10293,24,37,48,58,65
20150130 05:35,335,39,331,36,331,61,27,84,62,3,10293,24,37,48,58,65
20150130 05:36,331,38,331,36,331,51,27,85,63,4,10294,24,37,48,58,65
20150130 05:37,327,34,330,36,323,46,27,85,63,4,10293,24,37,48,58,65
20150130 05:38,334,32,332,36,345,59,27,84,62,3,10294,24,37,48,58,65
20150130 05:39,345,40,333,37,345,60,27,84,62,3,10293,24,37,48,58,65
20150130 05:40,339,43,335,39,332,60,27,84,62,3,10294,24,37,48,58,65
20150130 05:41,335,37,334,39,337,48,27,84,62,3,10294,24,37,47,58,65
20150130 05:42,338,30,334,38,340,35,27,84,62,3,10294,24,37,47,58,65
20150130 05:43,337,24,336,35,334,35,27,84,62,3,10294,24,37,47,58,65
20150130 05:44,330,25,334,34,326,40,27,84,62,3,10295,24,37,47,58,65
20150130 05:45,327,29,334,33,327,42,27,84,62,3,10295,24,37,47,58,65
20150130 05:46,317,25,332,31,307,28,27,84,62,3,10295,24,37,47,58,65
20150130 05:47,315,21,332,30,324,27,27,85,63,4,10295,24,37,47,58,65
20150130 05:48,326,23,330,29,327,29,27,85,63,4,10295,24,37,47,58,65
20150130 05:49,320,23,327,27,313,38,27,85,63,4,10296,24,37,47,58,65
20150130 05:50,319,29,326,26,325,52,27,85,63,4,10296,24,37,47,58,65
20150130 05:51,322,36,324,26,319,43,26,85,63,3,10296,24,37,47,58,65
20150130 05:52,329,30,324,26,339,32,26,85,63,3,10296,24,37,47,58,65
20150130 05:53,332,29,323,27,326,49,26,85,63,3,10296,24,37,47,58,65
20150130 05:54,318,30,322,27,310,34,26,85,63,3,10296,23,37,47,58,65
20150130 05:55,315,28,321,27,320,44,26,85,63,3,10297,23,37,47,58,65
20150130 05:56,320,35,322,29,320,52,26,85,63,3,10297,23,37,47,58,65
20150130 05:57,321,32,322,30,322,32,26,85,63,3,10297,23,37,47,58,65
20150130 05:58,321,28,321,30,320,50,26,85,63,3,10297,23,37,47,58,65
20150130 05:59,323,38,323,33,326,57,26,85,63,3,10297,23,37,47,58,65
20150130 06:00,321,40,322,32,315,45,26,84,62,2,10297,23,37,47,58,65
20150130 06:01,320,37,322,33,324,53,26,84,62,2,10297,23,36,47,58,65
20150130 06:02,330,39,322,34,335,46,26,84,62,2,10298,23,36,47,58,65
20150130 06:03,323,33,320,34,311,44,26,84,62,2,10298,23,36,47,58,65
20150130 06:04,320,29,322,34,330,44,26,85,63,3,10298,23,36,47,58,65
20150130 06:05,329,28,323,34,327,37,26,84,62,2,10298,23,36,47,57,65
20150130 06:06,321,25,322,32,315,38,26,84,62,2,10298,23,36,47,57,65
20150130 06:07,312,26,321,32,309,46,26,85,63,3,10298,23,36,47,57,65
20150130 06:08,314,34,321,33,319,51,26,85,63,3,10298,23,36,47,57,65
20150130 06:09,325,42,322,33,331,59,26,85,63,3,10298,23,36,47,57,65
20150130 06:10,331,40,323,33,330,42,26,84,62,2,10298,23,36,47,57,65
20150130 06:11,329,36,323,33,327,48,26,84,62,2,10297,23,36,47,57,65
20150130 06:12,318,27,321,31,309,26,26,84,62,2,10297,23,36,47,57,65
20150130 06:13,315,22,322,31,321,40,26,84,62,2,10298,23,36,47,57,65
20150130 06:14,318,29,320,31,315,49,26,84,62,2,10298,23,36,47,57,65
20150130 06:15,319,39,320,33,324,60,26,84,62,2,10298,23,36,47,57,65
20150130 06:16,327,44,322,35,331,50,26,84,62,2,10298,23,36,47,57,65
20150130 06:17,323,33,322,34,315,37,26,84,62,2,10298,23,36,47,57,65
20150130 06:18,313,26,321,33,310,40,26,84,62,2,10298,23,36,47,57,65
20150130 06:19,313,32,320,32,316,43,26,84,62,2,10298,23,36,47,57,65
20150130 06:20,314,31,318,31,312,38,26,84,62,2,10298,23,36,47,57,65
20150130 06:21,317,25,317,30,321,35,26,84,62,2,10298,23,36,47,57,65
20150130 06:22,326,25,320,31,331,35,26,84,62,2,10298,23,36,46,57,65
20150130 06:23,328,28,320,31,325,43,26,84,62,2,10298,23,36,46,57,65
20150130 06:24,324,30,321,31,322,43,26,84,62,2,10298,23,36,46,57,65
20150130 06:25,324,29,321,29,326,45,26,84,62,2,10298,23,36,46,57,65
20150130 06:26,328,37,321,30,329,56,26,84,62,2,10298,23,36,46,57,65
20150130 06:27,323,44,321,31,317,53,26,84,62,2,10298,23,36,46,57,65
20150130 06:28,321,35,323,32,326,37,27,83,62,1,10298,23,36,46,57,65
20150130 06:29,323,28,323,31,320,34,27,83,62,1,10299,23,36,46,57,65
20150130 06:30,323,32,324,32,326,55,27,83,62,1,10299,23,36,46,57,65
20150130 06:31,324,38,325,33,323,54,27,83,62,1,10299,23,35,46,57,65
20150130 06:32,326,32,324,33,328,33,27,83,62,1,10299,23,35,46,57,65
20150130 06:33,331,25,325,33,333,38,27,83,62,1,10300,23,35,46,57,65
20150130 06:34,328,26,325,33,322,38,27,84,62,3,10300,23,35,46,57,65
20150130 06:35,320,28,324,33,317,44,27,84,62,3,10300,23,35,46,57,65
20150130 06:36,320,30,323,31,323,42,27,84,62,3,10300,23,35,46,57,65
20150130 06:37,322,25,324,29,321,29,27,84,62,3,10300,23,35,46,57,65
20150130 06:38,322,26,323,29,322,41,27,84,62,3,10301,23,35,46,57,65
20150130 06:39,315,26,322,29,308,37,27,84,62,3,10301,23,35,46,57,65
20150130 06:40,314,30,322,29,320,51,27,84,62,3,10301,23,35,46,57,65
20150130 06:41,323,29,322,27,325,42,27,84,62,3,10301,23,35,46,57,65
20150130 06:42,332,24,323,27,339,42,27,84,62,3,10301,23,35,46,57,65
20150130 06:43,328,28,321,28,318,39,27,84,62,3,10301,23,35,46,57,65
20150130 06:44,321,29,322,27,325,32,27,83,62,1,10301,23,35,46,57,65
20150130 06:45,324,27,322,27,323,38,27,83,62,1,10301,24,35,46,57,65
20150130 06:46,325,30,323,27,326,39,27,83,62,1,10301,24,35,46,57,65
20150130 06:47,325,27,323,28,323,39,27,83,62,1,10301,24,35,46,57,65
20150130 06:48,332,26,325,28,342,40,27,83,62,1,10301,24,35,46,57,65
20150130 06:49,341,35,328,29,340,64,27,83,62,1,10301,24,35,46,57,65
20150130 06:50,338,45,330,31,337,72,27,82,61,-1,10301,24,35,46,57,65
20150130 06:51,339,49,331,33,341,57,27,81,60,-2,10301,24,35,46,57,64
20150130 06:52,341,44,332,35,341,59,27,81,60,-2,10301,23,35,46,57,64
20150130 06:53,344,37,334,35,346,56,27,80,59,-4,10300,23,35,46,57,64
20150130 06:54,343,28,336,35,340,33,27,80,59,-4,10300,23,35,46,57,64
20150130 06:55,341,24,338,34,341,36,27,80,59,-4,10301,23,35,46,57,64
20150130 06:56,348,33,341,35,355,60,27,80,59,-4,10301,23,35,46,57,64
20150130 06:57,358,38,344,37,1,51,27,80,59,-4,10301,23,35,46,57,64
20150130 06:58,350,37,344,37,339,55,27,80,59,-4,10301,23,35,46,57,64
20150130 06:59,340,32,344,36,341,40,27,80,59,-4,10301,23,35,46,57,64
20150130 07:00,342,25,345,33,342,35,27,80,59,-4,10301,23,35,46,57,64
20150130 07:01,339,29,344,32,335,57,27,80,59,-4,10301,23,35,46,57,64
20150130 07:02,336,36,344,32,336,50,27,80,59,-4,10301,23,35,46,57,64
20150130 07:03,333,37,342,32,330,59,27,80,59,-4,10301,23,35,46,57,64
20150130 07:04,335,35,342,33,339,49,27,80,59,-4,10301,23,35,46,57,64
20150130 07:05,342,29,342,33,344,35,27,80,59,-4,10301,23,35,46,57,64
20150130 07:06,345,24,341,32,347,38,27,80,59,-4,10301,23,35,45,57,64
20150130 07:07,337,22,338,30,328,29,27,80,59,-4,10301,23,35,45,57,64
20150130 07:08,325,22,336,29,321,37,27,80,59,-4,10301,23,35,45,56,64
20150130 07:09,325,29,335,29,329,45,27,81,60,-2,10301,23,35,45,56,64
20150130 07:10,335,29,335,30,342,31,27,81,60,-2,10302,23,35,45,56,64
20150130 07:11,336,23,334,28,329,33,27,81,60,-2,10302,24,35,45,56,64
20150130 07:12,330,30,334,28,331,50,27,81,60,-2,10302,24,35,45,56,64
20150130 07:13,333,36,334,28,335,47,27,81,60,-2,10303,24,35,45,56,64
20150130 07:14,343,38,336,29,352,55,27,81,60,-2,10303,24,35,45,56,64
20150130 07:15,344,38,335,30,337,43,27,81,60,-2,10303,23,35,45,56,64
20150130 07:16,337,35,334,31,337,51,27,81,60,-2,10303,24,35,45,56,64
20150130 07:17,350,42,337,34,2,57,27,81,60,-2,10303,23,35,45,56,64
20150130 07:18,357,44,341,35,352,53,26,81,60,-3,10303,23,35,45,56,64
20150130 07:19,352,35,343,35,352,42,26,81,60,-3,10303,23,35,45,56,64
20150130 07:20,343,24,342,34,335,30,26,81,60,-3,10303,23,35,45,56,64
20150130 07:21,346,24,345,35,357,41,26,82,60,-2,10303,24,35,45,56,64
20150130 07:22,356,32,348,35,356,45,26,82,60,-2,10303,24,35,45,56,64
20150130 07:23,349,32,348,34,343,41,26,81,60,-3,10303,24,35,45,56,64
20150130 07:24,352,30,349,33,2,43,26,81,60,-3,10303,24,35,45,56,64
20150130 07:25,357,28,351,32,352,39,26,81,60,-3,10303,24,35,45,56,64
20150130 07:26,346,20,351,30,339,28,26,81,60,-3,10303,24,35,45,56,64
20150130 07:27,340,18,349,27,341,33,26,82,60,-2,10303,24,35,45,56,64
20150130 07:28,344,24,348,26,347,38,26,82,60,-2,10303,24,35,45,56,64
20150130 07:29,346,30,348,26,344,45,26,82,60,-2,10303,24,35,45,56,64
20150130 07:30,348,31,349,27,352,40,26,82,60,-2,10303,24,35,45,56,64
20150130 07:31,355,33,349,28,359,49,26,82,60,-2,10303,24,35,45,56,64
20150130 07:32,358,31,350,27,357,34,26,82,60,-2,10303,24,35,45,56,64
20150130 07:33,6,22,353,26,14,25,26,82,60,-2,10303,24,35,45,56,64
20150130 07:34,2,23,351,26,350,41,26,82,60,-2,10303,24,35,45,56,64
20150130 07:35,347,30,351,27,344,46,26,82,60,-2,10303,24,35,45,56,64
20150130 07:36,348,34,352,28,351,57,26,82,60,-2,10303,24,35,45,56,64
20150130 07:37,349,27,352,28,347,27,26,82,60,-2,10304,24,35,45,56,64
20150130 07:38,342,20,351,28,336,31,26,82,60,-2,10304,24,35,45,56,64
20150130 07:39,343,24,352,27,349,36,26,83,61,0,10304,24,35,45,56,64
20150130 07:40,346,31,351,27,343,52,25,83,61,-1,10304,24,35,45,56,64
20150130 07:41,342,32,349,27,342,36,25,83,61,-1,10304,24,35,45,56,64
20150130 07:42,346,25,349,26,350,28,25,83,61,-1,10304,24,35,45,56,64
20150130 07:43,346,24,345,27,341,32,25,83,61,-1,10305,24,35,45,56,64
20150130 07:44,342,29,345,28,343,41,25,83,61,-1,10305,24,35,45,56,64
20150130 07:45,345,34,345,28,347,49,25,83,61,-1,10305,24,35,45,56,64
20150130 07:46,347,31,345,27,347,32,25,83,61,-1,10305,24,35,45,56,64
20150130 07:47,345,29,344,28,343,50,25,83,61,-1,10305,24,35,45,56,64
20150130 07:48,341,36,344,30,339,52,25,83,61,-1,10305,24,35,45,56,64
20150130 07:49,339,38,343,31,339,49,25,83,61,-1,10305,24,35,45,56,64
20150130 07:50,338,43,343,33,338,63,25,83,61,-1,10305,24,35,45,56,64
20150130 07:51,347,45,344,34,357,52,25,83,61,-1,10306,24,35,45,56,64
20150130 07:52,353,37,344,35,349,43,25,83,61,-1,10306,23,35,45,56,64
20150130 07:53,352,34,346,36,354,56,25,84,61,1,10306,23,35,45,56,64
20150130 07:54,351,35,346,36,349,49,25,84,61,1,10305,23,35,45,56,64
20150130 07:55,340,29,345,35,331,45,25,84,61,1,10305,24,35,45,56,64
20150130 07:56,334,27,344,36,338,44,25,84,61,1,10305,24,35,45,56,64
20150130 07:57,337,29,343,35,337,36,24,84,61,0,10305,23,35,45,56,64
20150130 07:58,347,28,345,34,357,42,24,84,61,0,10305,23,35,45,56,64
20150130 07:59,2,34,348,34,6,56,24,84,61,0,10305,24,35,45,56,64
20150130 08:00,357,36,349,33,348,45,24,84,61,0,10305,23,35,45,56,64
20150130 08:01,356,36,349,33,5,53,24,84,61,0,10304,24,35,45,56,64
20150130 08:02,358,36,350,32,351,45,24,84,61,0,10304,24,35,45,56,64
20150130 08:03,353,28,350,31,355,43,24,83,60,-2,10303,24,35,45,56,64
20150130 08:04,356,34,351,32,358,55,24,83,60,-2,10304,24,35,45,56,64
20150130 08:05,355,39,353,33,353,51,24,83,60,-2,10304,24,35,45,56,64
20150130 08:06,353,38,354,34,353,52,24,83,60,-2,10305,24,35,44,56,64
20150130 08:07,359,39,357,35,6,48,24,83,60,-2,10305,24,35,45,56,64
20150130 08:08,356,32,356,35,347,37,24,83,60,-2,10306,24,35,44,56,64
20150130 08:09,348,26,355,34,350,32,24,83,60,-2,10306,24,35,44,56,64
20150130 08:10,346,26,354,33,343,36,24,83,60,-2,10306,24,35,44,56,64
20150130 08:11,351,28,353,32,359,50,24,83,60,-2,10306,24,34,44,56,64
20150130 08:12,356,30,354,32,354,52,24,83,60,-2,10306,24,34,44,55,64
20150130 08:13,354,33,354,33,355,47,24,83,60,-2,10306,24,35,44,56,64
20150130 08:14,354,32,353,32,353,36,24,83,60,-2,10306,24,35,44,56,64
20150130 08:15,345,27,352,31,338,35,24,83,60,-2,10306,25,34,44,55,64
20150130 08:16,349,27,352,29,359,43,24,83,60,-2,10306,25,34,44,56,64
20150130 08:17,3,30,353,29,7,42,24,83,60,-2,10306,25,35,44,55,64
20150130 08:18,5,28,354,29,4,34,24,83,60,-2,10306,25,34,44,55,64
20150130 08:19,1,24,355,29,359,35,24,83,60,-2,10306,26,34,44,55,63
20150130 08:20,354,28,356,29,350,50,24,83,60,-2,10306,26,35,44,55,64
20150130 08:21,351,26,355,28,352,30,24,83,60,-2,10306,27,34,44,55,63
20150130 08:22,359,24,356,28,7,35,24,83,60,-2,10306,27,34,44,55,63
20150130 08:23,356,21,355,26,345,25,24,83,60,-2,10306,28,35,44,55,63
20150130 08:24,354,18,357,25,4,30,25,83,61,-1,10306,29,35,44,55,63
20150130 08:25,356,20,358,24,348,28,25,83,61,-1,10306,29,35,44,55,63
20150130 08:26,354,25,358,24,0,36,25,82,60,-3,10306,30,35,44,55,63
20150130 08:27,350,28,355,24,341,34,25,82,60,-3,10306,30,35,44,55,63
20150130 08:28,342,27,353,24,344,35,25,82,60,-3,10307,30,35,44,55,63
20150130 08:29,345,28,352,25,346,39,25,82,60,-3,10307,30,35,44,55,63
20150130 08:30,341,25,350,24,335,28,25,81,59,-4,10307,30,35,44,55,63
20150130 08:31,336,20,349,24,336,29,25,81,59,-4,10307,29,35,44,55,63
20150130 08:32,336,18,345,23,336,25,25,81,59,-4,10307,29,35,44,55,63
20150130 08:33,333,16,344,23,330,18,25,81,59,-4,10307,29,35,44,55,63
20150130 08:34,327,16,340,22,323,23,25,81,59,-4,10307,30,35,44,55,63
20150130 08:35,323,18,337,22,323,25,26,82,60,-2,10307,30,35,44,55,63
20150130 08:36,312,23,332,22,300,38,26,81,60,-3,10307,30,35,44,55,63
20150130 08:37,304,24,328,21,309,36,26,81,60,-3,10307,29,35,44,55,63
20150130 08:38,311,24,325,21,312,34,26,81,60,-3,10307,29,35,44,55,63
20150130 08:39,316,22,322,20,320,27,26,81,60,-3,10307,30,35,44,55,63
20150130 08:40,318,17,321,20,316,23,26,81,60,-3,10307,30,35,44,55,63
20150130 08:41,311,18,318,20,307,31,26,81,60,-3,10307,30,35,44,55,63
20150130 08:42,303,30,314,22,298,54,26,81,60,-3,10307,30,35,44,55,63
20150130 08:43,313,40,314,25,329,58,26,79,58,-7,10307,29,35,44,55,63
20150130 08:44,327,42,314,27,325,54,26,79,58,-7,10307,30,36,44,55,63
20150130 08:45,326,45,314,30,327,56,26,79,58,-7,10307,29,36,44,55,63
20150130 08:46,325,47,317,32,323,60,26,78,57,-8,10307,30,36,44,55,63
20150130 08:47,328,40,319,33,333,47,26,78,57,-8,10307,30,36,44,55,63
20150130 08:48,322,31,319,34,311,43,26,78,57,-8,10307,31,36,44,55,63
20150130 08:49,312,33,318,35,314,59,26,79,58,-7,10307,31,36,44,55,63
20150130 08:50,320,37,319,38,325,48,26,79,58,-7,10307,32,36,44,55,63
20150130 08:51,326,35,321,39,328,49,26,79,58,-7,10307,32,36,44,55,63
20150130 08:52,327,30,324,38,326,32,26,78,57,-8,10307,32,36,44,55,63
20150130 08:53,326,28,324,36,327,36,26,79,58,-7,10307,32,36,44,55,63
20150130 08:54,318,25,322,34,310,26,26,79,58,-7,10307,33,36,44,55,63
20150130 08:55,317,17,322,31,323,21,27,79,59,-6,10307,33,36,44,55,63
20150130 08:56,320,23,321,29,317,43,27,79,59,-6,10307,33,36,44,55,63
20150130 08:57,316,26,320,28,315,33,27,79,59,-6,10307,34,36,44,55,63
20150130 08:58,324,25,322,28,332,38,27,79,59,-6,10307,34,36,44,55,63
20150130 08:59,318,27,321,26,304,35,27,79,59,-6,10307,34,36,44,55,63
20150130 09:00,311,25,320,25,318,39,27,79,59,-6,10307,34,36,44,55,63
20150130 09:01,317,26,319,24,317,41,27,79,59,-6,10307,34,36,44,55,63
20150130 09:02,314,32,317,26,311,45,27,78,58,-7,10307,35,36,44,55,63
20150130 09:03,312,36,316,26,313,48,27,78,58,-7,10306,35,36,44,55,63
20150130 09:04,317,30,317,27,320,41,27,78,58,-7,10306,35,37,44,55,63
20150130 09:05,323,30,317,29,325,50,27,78,58,-7,10306,36,37,44,55,63
20150130 09:06,325,34,318,29,324,54,27,78,58,-7,10306,36,37,44,55,63
20150130 09:07,322,36,318,31,320,51,27,78,58,-7,10307,37,37,44,55,63
20150130 09:08,316,39,316,32,311,51,27,78,58,-7,10307,37,37,44,55,63
20150130 09:09,313,35,317,32,315,44,27,78,58,-7,10307,37,37,44,55,63
20150130 09:10,316,33,317,34,316,54,27,78,58,-7,10307,37,37,44,55,63
20150130 09:11,319,35,318,34,321,49,27,77,57,-9,10307,37,37,44,55,63
20150130 09:12,318,34,318,34,316,53,27,77,57,-9,10307,37,37,44,55,63
20150130 09:13,316,34,319,34,317,42,27,78,58,-7,10307,37,37,44,55,63
20150130 09:14,316,38,318,36,315,58,27,77,57,-9,10307,37,37,44,55,63
20150130 09:15,319,39,318,36,323,47,27,77,57,-9,10307,37,37,44,55,63
20150130 09:16,324,37,318,36,325,48,27,77,57,-9,10307,37,37,44,55,63
20150130 09:17,322,37,318,36,320,47,27,77,57,-9,10308,37,38,44,55,63
20150130 09:18,313,38,317,36,306,51,27,77,57,-9,10308,37,38,44,55,63
20150130 09:19,311,37,318,36,316,47,27,77,57,-9,10308,37,38,44,55,63
20150130 09:20,320,36,318,36,324,45,27,77,57,-9,10308,37,38,44,55,63
20150130 09:21,322,35,318,37,320,45,28,77,57,-8,10308,38,38,44,55,63
20150130 09:22,322,33,319,36,324,43,28,77,57,-8,10308,38,38,44,55,63
20150130 09:23,327,33,320,36,329,45,28,77,57,-8,10308,38,38,44,55,63
20150130 09:24,329,33,322,35,328,42,28,77,57,-8,10309,39,38,44,55,63
20150130 09:25,319,30,320,34,310,47,28,77,57,-8,10309,39,38,44,55,63
20150130 09:26,317,27,320,33,324,39,28,77,57,-8,10309,39,38,44,55,63
20150130 09:27,322,26,320,32,320,35,28,78,58,-6,10309,39,38,45,55,63
20150130 09:28,315,22,321,30,310,30,28,78,58,-6,10309,39,38,44,55,63
20150130 09:29,313,23,321,29,316,48,28,78,58,-6,10309,40,39,45,55,63
20150130 09:30,319,28,320,29,323,46,28,78,58,-6,10309,40,39,45,55,63
20150130 09:31,316,30,319,28,309,44,28,78,58,-6,10309,41,39,45,55,63
20150130 09:32,312,34,318,29,315,58,28,78,58,-6,10309,40,39,45,55,63
20150130 09:33,313,37,317,29,311,55,28,77,57,-8,10309,41,39,45,55,63
20150130 09:34,315,34,316,29,318,44,28,77,57,-8,10309,41,39,45,55,63
20150130 09:35,316,30,316,29,313,45,28,77,57,-8,10309,42,39,45,55,63
20150130 09:36,309,31,314,30,305,39,29,77,58,-7,10309,42,39,45,55,63
20150130 09:37,316,27,315,30,327,34,29,77,58,-7,10309,42,39,45,55,63
20150130 09:38,331,31,317,32,336,53,29,78,59,-6,10310,43,39,45,55,63
20150130 09:39,331,36,318,32,326,42,29,77,58,-7,10310,43,40,45,55,63
20150130 09:40,318,35,317,33,311,56,29,77,58,-7,10311,44,40,45,55,63
20150130 09:41,313,34,318,33,314,50,29,77,58,-7,10311,43,40,45,55,63
20150130 09:42,314,32,317,33,313,49,29,77,58,-7,10311,43,40,45,55,63
20150130 09:43,317,34,318,32,320,47,29,77,58,-7,10311,43,40,45,55,63
20150130 09:44,321,37,319,33,322,51,29,78,59,-6,10311,43,40,45,55,63
20150130 09:45,324,40,320,34,327,49,29,78,59,-6,10311,43,40,45,55,63
20150130 09:46,327,38,322,35,326,45,29,77,58,-7,10311,43,40,45,55,63
20150130 09:47,327,37,322,36,328,53,29,78,59,-6,10311,43,40,45,55,63
20150130 09:48,323,33,321,35,318,36,29,78,59,-6,10311,43,41,45,55,63
20150130 09:49,313,29,319,35,308,43,29,78,59,-6,10311,44,41,45,55,63
20150130 09:50,317,38,320,36,325,67,29,79,59,-4,10311,43,41,45,55,63
20150130 09:51,324,39,321,36,323,54,29,79,59,-4,10311,43,41,45,55,63
20150130 09:52,319,31,321,35,315,36,29,79,59,-4,10311,43,41,45,55,62
20150130 09:53,318,31,321,35,321,47,29,79,59,-4,10312,43,41,45,55,62
20150130 09:54,322,35,321,35,323,52,29,79,59,-4,10312,43,41,45,55,62
20150130 09:55,327,37,322,35,331,56,29,79,59,-4,10312,43,41,45,55,62
20150130 09:56,331,44,322,36,331,61,29,79,59,-4,10313,43,41,45,55,62
20150130 09:57,328,47,322,37,325,57,28,79,59,-5,10313,43,41,45,55,62
20150130 09:58,329,44,324,38,334,56,28,79,59,-5,10313,43,41,45,55,62
20150130 09:59,331,38,326,38,328,49,28,79,59,-5,10313,43,42,45,55,62
20150130 10:00,319,30,324,37,311,41,28,79,59,-5,10314,44,42,45,55,62
20150130 10:01,319,31,325,37,328,42,28,80,60,-3,10314,44,42,45,55,62
20150130 10:02,326,32,326,37,324,44,28,80,60,-3,10314,44,42,46,55,62
20150130 10:03,324,33,326,37,325,47,28,80,60,-3,10314,44,42,46,55,62
20150130 10:04,327,35,327,37,330,49,29,80,60,-2,10314,46,42,46,55,62
20150130 10:05,327,34,326,37,324,44,29,80,60,-2,10314,46,42,46,55,62
20150130 10:06,319,32,324,35,314,40,29,79,59,-4,10314,47,42,46,55,62
20150130 10:07,325,30,325,33,335,45,29,79,59,-4,10314,47,42,46,55,62
20150130 10:08,331,30,325,32,326,35,29,79,59,-4,10314,49,42,46,55,62
20150130 10:09,318,31,323,32,310,55,29,79,59,-4,10314,49,42,46,55,62
20150130 10:10,313,35,323,33,316,54,29,79,59,-4,10314,49,42,46,55,62
20150130 10:11,313,34,321,32,310,47,29,78,59,-6,10314,49,43,46,55,62
20150130 10:12,306,35,319,33,301,51,29,78,59,-6,10314,49,43,46,55,62
20150130 10:13,310,38,318,33,318,53,29,78,59,-6,10314,49,43,46,55,62
20150130 10:14,318,33,317,33,319,50,29,77,58,-7,10314,49,43,46,55,62
20150130 10:15,323,30,318,33,328,38,29,78,59,-6,10313,50,43,46,55,62
20150130 10:16,328,33,319,33,328,39,29,78,59,-6,10313,51,43,46,55,62
20150130 10:17,331,31,319,33,335,37,29,78,59,-6,10314,51,43,46,55,62
20150130 10:18,333,36,320,34,331,60,29,78,59,-6,10314,52,43,46,55,62
20150130 10:19,329,47,321,36,327,59,29,77,58,-7,10313,52,44,46,55,62
20150130 10:20,328,43,323,36,328,50,29,77,58,-7,10313,52,44,46,55,62
20150130 10:21,329,37,325,37,330,55,29,77,58,-7,10313,53,44,46,55,62
20150130 10:22,326,42,327,37,322,55,29,77,58,-7,10313,53,44,46,55,62
20150130 10:23,326,45,328,38,329,59,29,76,57,-9,10313,52,44,46,55,62
20150130 10:24,328,43,328,39,327,55,29,76,57,-9,10313,52,44,46,55,62
20150130 10:25,326,38,328,39,324,55,29,76,57,-9,10313,52,44,46,55,62
20150130 10:26,325,34,328,39,327,43,30,76,58,-8,10313,51,45,46,55,62
20150130 10:27,334,31,329,39,341,42,30,76,58,-8,10313,51,45,47,55,62
20150130 10:28,341,27,330,38,342,43,30,76,58,-8,10313,51,45,47,55,62
20150130 10:29,336,33,330,36,330,53,30,76,58,-8,10313,51,45,47,55,62
20150130 10:30,329,42,330,38,328,66,30,76,58,-8,10313,52,45,47,55,62
20150130 10:31,330,48,330,39,332,64,30,76,58,-8,10313,51,45,47,55,62
20150130 10:32,330,47,331,39,327,56,30,76,58,-8,10313,51,45,47,55,62
20150130 10:33,331,46,331,39,335,58,30,76,58,-8,10313,51,45,47,55,62
20150130 10:34,317,43,329,39,299,57,30,76,58,-8,10313,51,46,47,55,62
20150130 10:35,308,39,328,39,318,46,30,76,58,-8,10313,51,46,47,55,62
20150130 10:36,324,37,328,39,330,58,30,77,58,-6,10313,51,46,47,55,62
20150130 10:37,333,43,328,41,335,61,30,77,58,-6,10313,51,46,47,55,62
20150130 10:38,336,45,327,43,337,52,30,77,58,-6,10313,50,46,47,55,62
20150130 10:39,334,37,327,42,331,42,30,77,58,-6,10313,51,46,47,55,62
20150130 10:40,330,30,328,40,330,58,30,77,58,-6,10313,51,46,47,55,62
20150130 10:41,330,35,327,40,330,56,30,77,58,-6,10313,50,46,47,55,62
20150130 10:42,324,37,326,38,318,43,30,77,58,-6,10313,50,46,47,55,62
20150130 10:43,318,33,325,38,319,55,29,76,57,-9,10313,49,46,47,55,62
20150130 10:44,318,41,327,38,318,54,29,76,57,-9,10313,48,47,47,55,62
20150130 10:45,311,48,325,39,305,64,29,76,57,-9,10313,47,47,47,55,62
20150130 10:46,313,47,325,40,322,66,28,77,57,-8,10313,46,47,48,55,62
20150130 10:47,322,44,323,40,322,67,28,77,57,-8,10313,46,47,48,55,62
20150130 10:48,316,41,321,39,311,56,28,77,57,-8,10314,45,47,48,55,62
20150130 10:49,318,36,320,39,325,52,28,77,57,-8,10314,45,47,48,55,62
20150130 10:50,320,36,318,40,314,53,28,78,58,-6,10314,45,47,48,55,62
20150130 10:51,315,36,317,40,317,47,28,78,58,-6,10314,46,47,48,55,62
20150130 10:52,323,31,318,39,329,34,28,78,58,-6,10314,45,47,48,55,62
20150130 10:53,324,27,318,38,319,36,28,78,58,-6,10313,46,47,48,55,62
20150130 10:54,320,33,319,38,322,50,28,78,58,-6,10313,46,47,48,55,62
20150130 10:55,319,34,320,36,316,47,28,78,58,-6,10313,46,47,48,55,62
20150130 10:56,317,35,319,36,318,65,28,78,58,-6,10313,45,47,48,55,62
20150130 10:57,319,38,319,34,320,54,28,78,58,-6,10313,45,47,48,55,62
20150130 10:58,315,36,319,35,310,57,27,78,58,-7,10314,45,47,48,55,62
20150130 10:59,315,37,318,35,320,49,27,78,58,-7,10314,45,47,48,55,62
20150130 11:00,319,32,319,34,318,45,28,78,58,-6,10314,46,47,48,55,62
20150130 11:01,324,33,320,34,330,47,28,78,58,-6,10314,46,47,48,55,62
20150130 11:02,321,31,318,34,311,52,28,79,59,-5,10314,47,47,48,55,62
20150130 11:03,315,33,318,35,320,56,28,79,59,-5,10314,47,47,48,55,62
20150130 11:04,318,44,318,36,317,60,28,78,58,-6,10314,47,47,48,55,62
20150130 11:05,312,46,317,38,307,52,28,78,58,-6,10314,46,47,49,55,62
20150130 11:06,305,43,316,37,304,54,28,78,58,-6,10314,45,47,49,55,62
20150130 11:07,310,37,315,37,316,60,27,78,58,-7,10314,45,47,49,55,62
20150130 11:08,315,31,316,36,315,43,27,78,58,-7,10313,45,47,49,55,62
20150130 11:09,323,38,317,37,330,65,28,78,58,-6,10314,45,47,49,55,62
20150130 11:10,342,45,320,39,355,51,27,77,57,-9,10313,45,47,49,55,62
20150130 11:11,346,39,321,39,338,50,28,77,57,-8,10313,46,47,49,55,62
20150130 11:12,334,34,323,39,331,44,28,77,57,-8,10313,46,47,49,55,62
20150130 11:13,332,30,325,38,334,44,28,77,57,-8,10313,47,47,49,55,62
20150130 11:14,334,38,326,38,335,64,28,77,57,-8,10313,47,47,49,55,62
20150130 11:15,327,39,328,36,318,46,28,77,57,-8,10313,47,47,49,55,62
20150130 11:16,318,27,329,35,319,32,28,77,57,-8,10313,48,47,49,55,62
20150130 11:17,316,19,329,33,313,22,28,78,58,-6,10313,48,47,49,55,62
20150130 11:18,312,22,328,33,311,37,29,78,59,-6,10313,49,47,49,55,62
20150130 11:19,316,36,328,32,322,67,29,78,59,-6,10313,48,47,49,55,62
20150130 11:20,325,43,325,33,328,51,29,77,58,-7,10312,48,47,49,55,62
20150130 11:21,323,36,323,32,318,40,28,77,57,-8,10312,48,47,49,55,62
20150130 11:22,326,29,323,32,334,45,28,76,57,-10,10312,49,47,49,55,62
20150130 11:23,333,34,323,33,332,55,29,77,58,-7,10312,49,47,49,55,62
20150130 11:24,329,37,322,32,325,52,29,77,58,-7,10312,49,47,49,55,62
20150130 11:25,322,35,322,32,319,48,29,76,57,-9,10311,50,47,49,56,62
20150130 11:26,317,38,322,34,314,52,29,77,58,-7,10311,50,47,49,56,62
20150130 11:27,307,38,320,36,300,47,29,76,57,-9,10311,50,47,49,56,62
20150130 11:28,303,37,320,37,306,52,29,76,57,-9,10311,49,48,49,56,62
20150130 11:29,317,44,320,37,327,59,29,76,57,-9,10311,49,48,49,56,62
20150130 11:30,321,47,319,38,315,59,29,76,57,-9,10310,50,48,49,56,62
20150130 11:31,320,39,320,38,326,43,29,76,57,-9,10310,50,48,49,56,62
20150130 11:32,320,35,318,39,313,54,29,76,57,-9,10310,50,48,49,56,62
20150130 11:33,318,40,317,39,323,60,29,76,57,-9,10310,50,48,50,56,62
20150130 11:34,323,38,317,39,322,43,29,76,57,-9,10310,53,48,50,56,62
20150130 11:35,325,36,317,39,328,51,30,75,57,-10,10310,57,48,50,56,62
20150130 11:36,327,38,319,39,326,49,30,75,57,-10,10310,61,48,50,56,62
20150130 11:37,323,37,321,39,321,39,31,76,58,-7,10309,65,48,50,56,62
20150130 11:38,324,32,323,38,327,40,31,75,57,-9,10309,71,48,50,56,62
20150130 11:39,325,31,322,37,323,43,32,75,58,-8,10308,78,48,50,56,62
20150130 11:40,319,32,323,35,316,37,33,75,58,-7,10308,82,48,50,56,62
20150130 11:41,317,35,322,36,318,58,33,75,58,-7,10308,89,48,50,56,62
20150130 11:42,311,40,321,36,305,55,34,75,58,-6,10308,92,49,50,56,62
20150130 11:43,311,42,320,36,318,52,35,74,58,-7,10308,95,49,50,56,62
20150130 11:44,324,39,321,36,330,48,35,74,58,-7,10308,99,49,50,56,62
20150130 11:45,324,28,320,35,318,26,36,74,58,-6,10307,106,50,50,56,62
20150130 11:46,314,27,319,34,311,53,38,75,60,-2,10307,115,50,50,56,62
20150130 11:47,325,36,320,34,338,62,39,75,61,-1,10307,119,50,50,56,62
20150130 11:48,341,39,322,35,343,47,40,74,60,-2,10307,120,51,50,56,62
20150130 11:49,341,41,323,36,338,50,39,71,57,-9,10307,116,52,50,56,62
20150130 11:50,340,34,326,36,342,36,38,71,57,-10,10306,112,52,50,56,62
20150130 11:51,356,25,331,34,11,31,40,73,59,-4,10306,109,53,50,56,62
20150130 11:52,6,31,337,34,1,55,40,73,59,-4,10306,108,54,50,56,62
20150130 11:53,342,37,337,33,323,43,40,71,58,-8,10306,102,55,50,56,62
20150130 11:54,314,33,335,33,305,42,39,71,57,-9,10306,96,55,50,56,62
20150130 11:55,310,27,335,33,314,38,39,71,57,-9,10306,93,56,50,56,62
20150130 11:56,328,22,338,32,342,27,39,71,57,-9,10306,92,57,50,56,62
20150130 11:57,347,22,339,31,351,32,39,71,57,-9,10306,91,58,50,56,62
20150130 11:58,359,29,341,30,6,50,38,70,56,-12,10305,88,58,51,56,62
20150130 11:59,356,32,342,29,346,47,38,70,56,-12,10305,86,59,51,56,62
20150130 12:00,332,31,340,29,318,45,38,71,57,-10,10306,83,59,51,56,62
20150130 12:01,330,31,337,30,342,38,38,71,57,-10,10306,82,60,51,56,62
20150130 12:02,340,32,335,30,338,40,37,71,57,-11,10305,81,60,51,56,62
20150130 12:03,326,33,334,29,315,43,37,72,57,-9,10305,79,61,51,56,62
20150130 12:04,323,32,336,29,332,43,37,72,57,-9,10305,77,61,51,56,62
20150130 12:05,328,32,337,30,324,43,37,72,57,-9,10305,77,61,51,56,62
20150130 12:06,325,34,336,32,326,49,37,72,57,-9,10305,76,61,51,56,62
20150130 12:07,326,34,333,33,327,51,37,72,57,-9,10305,76,62,51,56,62
20150130 12:08,314,28,327,32,301,31,37,72,57,-9,10305,75,62,52,56,62
20150130 12:09,301,28,322,32,300,51,38,73,59,-6,10305,76,62,52,56,62
20150130 12:10,303,33,321,32,306,53,37,72,57,-9,10305,75,62,52,56,62
20150130 12:11,303,35,317,33,300,51,37,71,57,-11,10305,73,62,52,56,62
20150130 12:12,302,32,314,32,305,40,37,71,57,-11,10305,73,62,52,56,62
20150130 12:13,312,29,314,32,320,46,37,72,57,-9,10305,73,62,52,56,62
20150130 12:14,317,34,312,33,315,53,37,72,57,-9,10305,75,62,52,56,62
20150130 12:15,314,41,311,33,313,50,37,72,57,-9,10305,76,62,53,56,62
20150130 12:16,324,35,312,33,335,38,38,72,58,-8,10305,75,62,53,56,62
20150130 12:17,329,33,312,33,322,47,38,72,58,-8,10305,76,62,53,56,62
20150130 12:18,316,35,313,34,310,47,38,72,58,-8,10305,76,62,53,57,62
20150130 12:19,311,35,314,34,312,50,38,71,57,-10,10305,74,62,53,57,62
20150130 12:20,309,32,314,34,307,48,38,71,57,-10,10305,72,63,53,56,62
20150130 12:21,310,29,315,33,314,38,38,71,57,-10,10305,71,63,53,57,62
20150130 12:22,315,26,316,33,316,32,38,71,57,-10,10305,71,63,54,57,62
20150130 12:23,319,27,317,33,322,48,38,71,57,-10,10304,70,63,54,57,62
20150130 12:24,311,31,315,32,301,54,38,71,57,-10,10304,70,63,54,57,62
20150130 12:25,311,37,316,32,322,51,38,71,57,-10,10304,69,63,54,57,62
20150130 12:26,325,44,315,34,328,65,37,70,56,-13,10304,69,63,54,57,62
20150130 12:27,326,41,316,34,323,56,37,70,56,-13,10303,67,63,54,57,62
20150130 12:28,317,38,316,34,312,56,37,70,56,-13,10303,66,63,54,57,62
20150130 12:29,320,39,317,35,329,58,37,72,57,-9,10304,65,63,55,57,62
20150130 12:30,327,37,319,35,325,50,37,71,57,-11,10303,65,63,55,57,62
20150130 12:31,318,29,319,35,312,36,37,71,57,-11,10303,65,63,55,57,62
20150130 12:32,311,25,318,35,309,43,37,71,57,-11,10303,65,63,55,57,62
20150130 12:33,310,35,317,36,311,54,37,71,57,-11,10303,64,63,55,57,62
20150130 12:34,318,39,320,37,325,42,37,70,56,-13,10303,64,62,55,57,62
20150130 12:35,329,32,321,35,333,40,37,71,57,-11,10303,65,62,55,57,62
20150130 12:36,334,30,321,34,335,37,37,70,56,-13,10303,67,62,55,57,62
20150130 12:37,333,28,322,33,331,31,37,70,56,-13,10303,69,62,55,57,62
20150130 12:38,327,31,323,32,324,45,38,70,56,-12,10302,70,62,56,57,62
20150130 12:39,325,35,323,32,326,42,38,70,56,-12,10302,70,62,56,57,62
20150130 12:40,328,34,324,32,330,42,38,70,56,-12,10302,71,62,56,57,62
20150130 12:41,328,32,325,33,326,40,39,70,56,-11,10302,70,62,56,57,62
20150130 12:42,323,26,326,32,320,34,39,70,56,-11,10302,69,62,56,57,62
20150130 12:43,326,34,328,32,331,70,39,70,56,-11,10302,68,62,56,57,62
20150130 12:44,326,45,328,33,321,52,39,69,56,-13,10302,66,62,56,57,62
20150130 12:45,314,41,325,34,308,58,38,70,56,-12,10302,64,62,56,57,62
20150130 12:46,306,39,322,35,305,59,38,70,56,-12,10302,63,62,56,57,62
20150130 12:47,305,37,320,36,305,53,38,70,56,-12,10303,62,62,56,58,62
20150130 12:48,305,36,318,36,304,56,38,70,56,-12,10303,61,62,56,58,62
20150130 12:49,315,38,318,36,327,58,38,70,56,-12,10303,61,62,56,58,62
20150130 12:50,315,36,315,37,304,49,38,70,56,-12,10302,61,62,57,58,63
20150130 12:51,308,35,314,37,311,45,38,70,56,-12,10302,62,62,57,58,62
20150130 12:52,310,34,312,38,309,51,38,71,57,-10,10302,61,62,57,58,62
20150130 12:53,317,29,312,36,326,39,38,71,57,-10,10302,61,62,57,58,63
20150130 12:54,319,25,311,34,313,33,38,71,57,-10,10302,63,62,57,58,63
20150130 12:55,312,28,311,34,310,44,38,71,57,-10,10302,65,62,57,58,63
20150130 12:56,324,30,315,32,338,40,39,70,56,-11,10302,66,61,57,58,63
20150130 12:57,323,31,315,32,308,50,39,71,57,-9,10302,67,61,57,58,63
20150130 12:58,315,34,317,32,321,46,39,70,56,-11,10302,68,61,57,58,63
20150130 12:59,326,32,317,31,330,45,39,70,56,-11,10301,68,61,57,58,63
20150130 13:00,339,30,321,30,348,45,40,70,57,-10,10301,68,61,57,58,63
20150130 13:01,348,30,325,30,348,44,40,70,57,-10,10301,67,61,57,58,63
20150130 13:02,341,26,328,29,334,32,40,69,56,-12,10301,67,61,57,58,63
20150130 13:03,337,24,329,29,339,38,40,69,56,-12,10301,67,61,57,58,63
20150130 13:04,338,29,331,30,337,44,40,69,56,-12,10301,67,61,57,58,63
20150130 13:05,334,26,334,29,332,29,40,69,56,-12,10300,67,61,57,58,63
20150130 13:06,320,27,331,29,309,58,40,69,56,-12,10300,68,61,57,58,63
20150130 13:07,313,33,332,29,317,45,41,69,56,-11,10300,67,61,58,58,63
20150130 13:08,316,31,331,29,315,40,40,68,55,-14,10300,69,61,58,58,63
20150130 13:09,309,28,328,28,303,30,40,68,55,-14,10300,72,61,58,59,63
20150130 13:10,304,26,324,28,305,44,41,68,56,-13,10300,74,61,58,59,63
20150130 13:11,302,30,319,28,299,44,41,69,56,-11,10300,74,61,58,59,63
20150130 13:12,307,31,317,29,315,36,42,69,57,-10,10300,74,61,58,59,63
20150130 13:13,317,31,315,29,319,43,42,69,57,-10,10300,73,61,58,59,63
20150130 13:14,324,34,314,30,330,51,42,68,56,-12,10300,71,61,58,59,63
20150130 13:15,331,38,314,32,332,48,42,68,56,-12,10299,70,61,58,59,63
20150130 13:16,333,34,317,31,334,39,41,67,55,-15,10299,69,62,58,59,63
20150130 13:17,346,24,321,30,0,25,41,67,55,-15,10299,68,62,58,59,63
20150130 13:18,358,26,325,30,355,46,41,67,55,-15,10299,68,62,58,59,63
20150130 13:19,350,34,329,31,345,52,41,67,55,-15,10299,67,62,58,59,63
20150130 13:20,350,37,334,32,354,56,41,67,55,-15,10299,66,62,58,59,63
20150130 13:21,346,40,338,33,339,50,41,66,54,-17,10299,65,62,58,59,63
20150130 13:22,345,35,342,33,352,42,41,66,54,-17,10299,64,62,58,59,63
20150130 13:23,345,34,344,34,337,48,41,66,54,-17,10299,64,62,58,59,63
20150130 13:24,340,37,345,34,343,44,41,67,55,-15,10299,64,62,58,59,63
20150130 13:25,337,32,345,33,330,37,41,66,54,-17,10298,66,62,58,59,63
20150130 13:26,340,26,346,32,349,31,42,66,54,-16,10298,66,62,58,59,63
20150130 13:27,347,26,345,33,345,38,42,66,54,-16,10298,69,62,58,59,63
20150130 13:28,333,27,342,33,321,34,42,66,54,-16,10298,71,62,58,59,63
20150130 13:29,326,26,340,32,332,42,43,67,56,-13,10298,73,62,58,59,63
20150130 13:30,329,27,337,31,326,39,43,67,56,-13,10298,74,62,58,59,63
20150130 13:31,323,25,335,29,319,28,43,67,56,-13,10297,75,62,58,59,63
20150130 13:32,321,22,332,28,323,30,43,67,56,-13,10297,76,62,59,60,63
20150130 13:33,329,26,332,27,334,45,44,68,57,-10,10297,75,62,59,60,63
20150130 13:34,330,34,330,27,326,50,44,68,57,-10,10297,74,62,59,60,63
20150130 13:35,325,36,330,28,324,46,43,67,56,-13,10297,73,62,59,60,63
20150130 13:36,323,40,327,30,323,66,43,67,56,-13,10297,72,62,59,60,63
20150130 13:37,320,43,325,31,318,50,43,67,56,-13,10297,69,62,59,60,63
20150130 13:38,316,37,324,32,314,44,43,67,56,-13,10298,69,62,59,60,63
20150130 13:39,320,38,323,34,327,58,43,68,56,-11,10298,69,62,59,60,63
20150130 13:40,330,42,324,35,333,61,43,68,56,-11,10298,68,63,59,60,63
20150130 13:41,329,45,325,38,324,59,42,68,56,-12,10298,68,63,59,60,63
20150130 13:42,331,40,326,39,338,47,42,68,56,-12,10298,67,63,59,60,63
20150130 13:43,332,36,325,40,326,48,42,68,56,-12,10298,67,63,59,60,63
20150130 13:44,326,38,325,40,327,48,42,68,56,-12,10298,66,63,59,60,63
20150130 13:45,321,32,325,39,316,39,42,68,56,-12,10298,66,63,59,60,63
20150130 13:46,312,25,323,37,308,38,42,68,56,-12,10298,67,63,59,60,63
20150130 13:47,308,29,322,36,308,46,42,68,56,-12,10298,67,63,59,60,63
20150130 13:48,308,37,322,37,308,52,42,67,55,-14,10298,66,63,59,60,63
20150130 13:49,316,34,321,36,325,39,42,67,55,-14,10298,65,63,59,60,63
20150130 13:50,326,27,321,34,328,35,42,67,55,-14,10298,65,63,59,60,63
20150130 13:51,333,28,322,32,339,39,42,68,56,-12,10298,66,63,59,60,63
20150130 13:52,331,30,321,32,322,40,42,67,55,-14,10298,65,63,59,60,63
20150130 13:53,318,28,319,31,314,40,42,68,56,-12,10298,65,63,59,60,63
20150130 13:54,306,33,317,30,298,52,42,68,56,-12,10299,65,63,59,60,64
20150130 13:55,303,41,316,32,308,53,42,68,56,-12,10299,64,63,59,60,64
20150130 13:56,319,42,318,34,329,58,42,68,56,-12,10299,64,63,59,60,64
20150130 13:57,324,42,319,35,319,59,42,68,56,-12,10299,64,63,59,60,64
20150130 13:58,317,40,320,34,314,44,42,68,56,-12,10299,65,63,60,60,64
20150130 13:59,318,35,319,35,321,44,42,68,56,-12,10299,66,63,60,60,64
20150130 14:00,328,43,320,37,334,57,42,68,56,-12,10299,67,63,60,60,64
20150130 14:01,331,44,319,38,329,51,42,68,56,-12,10299,68,63,60,61,64
20150130 14:02,324,32,318,38,318,35,42,68,56,-12,10299,68,63,60,61,64
20150130 14:03,317,25,319,38,316,35,42,68,56,-12,10299,68,62,60,61,64
20150130 14:04,314,29,320,37,312,41,43,69,57,-9,10299,69,63,60,61,64
20150130 14:05,303,34,319,36,294,49,43,69,57,-9,10299,70,62,60,61,64
20150130 14:06,297,35,316,36,300,48,43,68,56,-11,10299,72,63,60,61,64
20150130 14:07,300,32,314,34,300,37,43,68,56,-11,10299,75,62,60,61,64
20150130 14:08,314,28,315,33,328,36,44,68,57,-10,10299,78,63,60,61,64
20150130 14:09,318,34,314,34,308,57,44,68,57,-10,10299,81,63,60,61,64
20150130 14:10,317,35,313,32,326,40,44,67,56,-12,10299,82,63,60,61,64
20150130 14:11,316,27,311,30,305,30,45,67,56,-11,10299,81,63,60,61,64
20150130 14:12,319,28,312,31,331,39,45,67,56,-11,10299,79,63,60,61,64
20150130 14:13,320,33,311,32,308,45,45,67,56,-11,10299,79,63,60,61,64
20150130 14:14,319,35,313,32,328,40,45,67,56,-11,10299,76,63,60,61,64
20150130 14:15,326,35,316,32,324,52,45,66,56,-13,10299,75,63,60,61,64
20150130 14:16,330,35,319,32,335,51,45,66,56,-13,10299,73,63,60,61,64
20150130 14:17,332,29,322,32,329,34,45,66,56,-13,10298,72,63,60,61,64
20150130 14:18,326,29,322,32,322,42,45,66,56,-13,10298,72,63,60,61,64
20150130 14:19,320,34,323,32,318,41,45,66,56,-13,10298,72,64,60,61,64
20150130 14:20,326,34,324,32,335,41,45,66,56,-13,10298,71,64,60,61,64
20150130 14:21,327,29,325,32,319,40,45,66,56,-13,10298,71,64,60,61,64
20150130 14:22,327,31,325,33,335,44,45,66,56,-13,10298,70,64,60,61,64
20150130 14:23,337,41,328,34,339,52,45,66,56,-13,10298,68,64,60,61,64
20150130 14:24,319,37,326,33,299,40,45,66,56,-13,10298,67,64,60,61,64
20150130 14:25,298,28,323,32,297,32,45,66,56,-13,10298,66,64,60,61,64
20150130 14:26,301,27,320,32,306,37,45,68,57,-9,10299,66,64,60,61,64
20150130 14:27,310,30,318,33,314,40,46,68,58,-8,10299,65,64,60,61,64
20150130 14:28,306,28,316,32,298,36,45,67,56,-11,10298,66,64,60,61,64
20150130 14:29,287,22,312,30,276,33,45,68,57,-9,10298,66,64,60,61,64
20150130 14:30,269,27,305,30,263,41,45,68,57,-9,10298,68,64,61,61,64
20150130 14:31,280,28,302,30,297,39,45,69,58,-7,10298,70,64,61,61,64
20150130 14:32,289,22,297,28,280,26,46,69,58,-6,10298,75,64,61,61,64
20150130 14:33,303,17,296,25,326,19,46,70,59,-4,10299,78,64,61,62,64
20150130 14:34,318,20,297,24,310,34,47,69,59,-5,10299,82,64,61,62,64
20150130 14:35,305,21,297,24,299,25,47,68,58,-7,10299,85,64,61,62,64
20150130 14:36,299,23,296,24,299,36,48,68,58,-6,10299,84,64,61,62,64
20150130 14:37,306,32,296,24,312,47,48,67,58,-8,10299,82,64,61,62,64
20150130 14:38,306,30,296,24,300,41,48,65,56,-12,10298,81,64,61,62,64
20150130 14:39,315,34,302,26,330,57,48,65,56,-12,10299,80,64,61,62,64
20150130 14:40,328,32,308,25,326,34,48,64,55,-14,10299,79,64,61,62,64
20150130 14:41,319,20,309,25,312,32,48,64,55,-14,10298,78,64,61,62,64
20150130 14:42,303,28,311,27,293,57,48,64,55,-14,10298,78,65,61,62,64
20150130 14:43,305,36,310,29,319,63,49,64,55,-13,10299,76,65,61,62,64
20150130 14:44,335,31,314,29,348,39,49,64,55,-13,10299,75,65,61,62,64
20150130 14:45,336,20,316,29,323,24,49,64,55,-13,10299,76,65,61,62,64
20150130 14:46,318,19,318,28,314,39,49,65,56,-11,10299,76,65,61,62,64
20150130 14:47,315,28,318,28,316,40,49,64,55,-13,10299,74,65,61,62,64
20150130 14:48,314,30,319,28,313,35,49,64,55,-13,10299,72,65,61,62,64
20150130 14:49,310,31,317,27,308,48,49,63,55,-15,10299,71,65,61,62,64
20150130 14:50,303,37,314,29,298,50,49,63,55,-15,10299,70,65,61,62,65
20150130 14:51,304,35,314,30,310,38,49,63,55,-15,10300,68,66,61,62,65
20150130 14:52,314,31,317,30,319,41,49,63,55,-15,10300,67,66,61,62,65
20150130 14:53,318,26,316,28,317,37,49,63,55,-15,10300,67,66,61,62,65
20150130 14:54,314,25,313,28,311,42,49,64,55,-13,10300,67,66,61,62,65
20150130 14:55,318,28,313,29,325,44,49,64,55,-13,10300,66,66,61,62,65
20150130 14:56,325,27,314,30,325,37,49,64,55,-13,10300,65,66,61,62,65
20150130 14:57,320,27,314,29,314,38,49,64,55,-13,10300,66,66,62,62,65
20150130 14:58,308,30,313,30,301,36,49,63,55,-15,10300,67,66,62,62,65
20150130 14:59,300,28,312,29,300,33,49,63,55,-15,10300,68,66,62,62,65
20150130 15:00,307,27,314,28,313,41,49,64,55,-13,10300,68,65,62,62,65
20150130 15:01,308,35,313,29,303,56,50,64,56,-12,10300,69,65,62,62,65
20150130 15:02,308,36,312,29,312,42,50,63,55,-15,10300,69,65,62,62,65
20150130 15:03,313,33,312,30,315,46,50,63,55,-15,10300,67,65,62,62,65
20150130 15:04,311,26,311,29,307,25,50,63,55,-15,10300,67,65,62,62,65
20150130 15:05,312,19,311,28,318,31,50,64,56,-12,10300,68,65,62,62,65
20150130 15:06,316,24,310,28,315,45,50,64,56,-12,10300,68,65,62,62,65
20150130 15:07,321,33,311,30,327,45,50,62,54,-17,10301,68,65,62,62,65
20150130 15:08,325,32,313,29,323,36,50,62,54,-17,10301,68,65,62,62,65
20150130 15:09,316,24,314,29,308,30,50,62,54,-17,10301,68,65,62,63,65
20150130 15:10,310,23,314,28,313,31,50,63,55,-15,10301,68,65,62,63,65
20150130 15:11,314,27,315,27,315,39,50,62,54,-17,10301,67,65,62,63,65
20150130 15:12,313,26,315,26,310,26,50,62,54,-17,10301,66,65,62,63,65
20150130 15:13,308,22,314,25,305,28,50,62,54,-17,10301,66,65,62,63,65
20150130 15:14,311,26,315,26,316,49,50,62,54,-17,10301,65,65,62,63,65
20150130 15:15,314,35,314,28,312,51,50,61,53,-19,10301,64,65,62,63,65
20150130 15:16,318,37,315,29,325,48,50,60,52,-21,10301,63,65,62,63,65
20150130 15:17,324,34,315,28,322,46,50,61,53,-19,10302,62,65,62,63,65
20150130 15:18,328,32,316,29,334,37,50,61,53,-19,10302,61,65,62,63,65
20150130 15:19,343,28,320,29,353,36,50,61,53,-19,10301,60,65,62,63,65
20150130 15:20,348,29,323,30,344,40,50,61,53,-19,10301,60,65,62,63,65
20150130 15:21,345,30,327,30,346,38,50,60,52,-21,10301,60,65,62,63,65
20150130 15:22,343,25,330,30,339,29,50,61,53,-19,10302,60,64,62,63,65
20150130 15:23,332,23,332,30,325,30,50,61,53,-19,10302,60,64,62,63,65
20150130 15:24,323,29,332,30,321,51,50,62,54,-17,10303,59,64,62,63,65
20150130 15:25,322,33,333,29,322,39,50,61,53,-19,10303,58,64,62,63,65
20150130 15:26,311,38,331,31,300,54,50,61,53,-19,10303,57,64,62,63,65
20150130 15:27,301,38,329,30,302,42,50,61,53,-19,10303,57,64,62,63,65
20150130 15:28,313,32,328,31,324,55,50,61,53,-19,10303,56,64,62,63,65
20150130 15:29,321,34,324,32,318,45,50,61,53,-19,10303,55,64,62,63,65
20150130 15:30,319,44,322,34,321,63,50,61,53,-19,10303,54,64,63,63,65
20150130 15:31,325,45,320,35,330,49,49,61,53,-20,10303,54,63,62,63,65
20150130 15:32,331,38,320,36,332,50,49,61,53,-20,10302,54,63,62,63,65
20150130 15:33,323,33,318,37,313,42,50,61,53,-19,10302,54,63,63,63,65
20150130 15:34,306,34,316,37,300,51,50,62,54,-17,10302,54,63,63,63,65
20150130 15:35,304,36,315,37,307,42,49,61,53,-20,10303,54,63,63,63,65
20150130 15:36,318,29,318,35,328,36,49,61,53,-20,10303,53,63,63,63,65
20150130 15:37,325,28,320,35,323,47,49,62,54,-18,10303,53,63,63,63,65
20150130 15:38,326,33,320,35,328,51,49,62,54,-18,10303,54,62,63,63,65
20150130 15:39,329,33,321,35,330,46,50,62,54,-17,10303,53,62,63,63,65
20150130 15:40,328,29,322,32,325,33,50,62,54,-17,10303,54,62,63,63,65
20150130 15:41,330,30,322,32,335,45,50,62,54,-17,10303,54,62,63,63,65
20150130 15:42,332,33,322,31,328,46,50,61,53,-19,10303,54,62,63,63,65
20150130 15:43,325,32,323,32,321,43,50,62,54,-17,10303,53,62,63,63,65
20150130 15:44,313,27,323,30,305,33,50,62,54,-17,10303,53,62,63,63,65
20150130 15:45,316,20,325,29,327,22,50,62,54,-17,10303,54,61,63,63,65
20150130 15:46,324,27,324,30,321,46,50,62,54,-17,10303,53,61,63,64,65
20150130 15:47,313,34,323,30,305,46,50,62,54,-17,10303,53,61,62,63,66
20150130 15:48,310,32,321,30,316,41,50,62,54,-17,10303,52,61,62,64,66
20150130 15:49,320,29,321,29,325,35,49,62,54,-18,10303,52,61,63,64,66
20150130 15:50,331,30,322,30,337,43,49,62,54,-18,10303,52,61,63,64,66
20150130 15:51,336,33,322,30,335,41,49,62,54,-18,10303,52,61,63,64,66
20150130 15:52,329,26,322,28,323,30,50,62,54,-17,10303,51,61,62,64,66
20150130 15:53,324,21,322,28,325,32,50,62,54,-17,10303,51,60,62,64,66
20150130 15:54,321,28,323,29,317,42,49,62,54,-18,10303,51,60,62,64,66
20150130 15:55,320,32,323,30,323,42,49,62,54,-18,10304,50,60,62,64,66
20150130 15:56,326,33,324,30,329,45,49,62,54,-18,10304,50,60,62,64,66
20150130 15:57,326,34,325,30,323,47,49,63,55,-15,10304,50,60,62,64,66
20150130 15:58,328,33,327,30,333,43,49,63,55,-15,10304,49,60,62,64,66
20150130 15:59,328,35,327,31,322,46,49,63,55,-15,10304,49,60,62,64,66
20150130 16:00,329,32,326,31,335,42,49,63,55,-15,10304,49,60,62,64,66
20150130 16:01,331,28,326,30,327,35,49,63,55,-15,10304,49,59,62,64,66
20150130 16:02,329,26,327,31,331,32,49,64,55,-13,10304,49,59,62,64,66
20150130 16:03,329,24,327,31,328,30,49,64,55,-13,10305,49,59,62,64,66
20150130 16:04,314,23,325,30,301,37,49,64,55,-13,10305,49,59,62,64,66
20150130 16:05,306,27,324,30,311,46,49,64,55,-13,10304,49,59,62,64,66
20150130 16:06,310,26,322,28,309,35,49,64,55,-13,10305,49,59,62,64,66
20150130 16:07,316,21,322,27,323,29,49,64,55,-13,10305,49,59,62,64,66
20150130 16:08,316,24,320,26,309,40,49,65,56,-11,10305,49,58,62,64,66
20150130 16:09,305,27,318,25,301,32,49,64,55,-13,10305,48,58,62,64,66
20150130 16:10,303,25,314,25,305,32,48,64,55,-14,10305,48,58,62,64,66
20150130 16:11,312,25,314,25,320,34,48,64,55,-14,10305,49,58,62,64,66
20150130 16:12,317,24,312,25,314,33,48,64,55,-14,10305,49,58,62,64,66
20150130 16:13,318,26,311,25,321,36,48,64,55,-14,10306,49,58,62,64,66
20150130 16:14,317,27,313,25,313,37,49,64,55,-13,10306,49,58,62,64,66
20150130 16:15,317,34,314,27,321,53,48,64,55,-14,10306,49,58,62,64,66
20150130 16:16,321,35,315,27,320,39,49,63,55,-15,10307,48,58,62,64,66
20150130 16:17,315,27,313,28,310,37,49,63,55,-15,10307,48,58,62,64,66
20150130 16:18,314,23,314,27,319,27,49,63,55,-15,10307,48,57,62,64,66
20150130 16:19,327,19,318,27,336,36,49,64,55,-13,10307,48,57,62,64,66
20150130 16:20,330,24,320,27,325,36,49,64,55,-13,10307,48,57,62,64,66
20150130 16:21,326,29,321,27,328,47,49,64,55,-13,10307,48,57,62,64,66
20150130 16:22,329,31,322,28,330,39,49,64,55,-13,10307,47,57,62,64,66
20150130 16:23,329,36,323,29,327,52,49,64,55,-13,10308,47,57,62,64,66
20150130 16:24,324,42,324,31,320,57,49,64,55,-13,10308,47,57,62,64,66
20150130 16:25,320,36,324,30,320,53,48,64,55,-14,10307,46,57,62,64,66
20150130 16:26,318,32,323,30,317,47,48,64,55,-14,10307,46,57,61,64,66
20150130 16:27,312,33,323,31,307,43,48,64,55,-14,10308,45,57,61,64,66
20150130 16:28,312,29,323,32,316,33,48,64,55,-14,10308,45,56,61,64,66
20150130 16:29,319,25,321,32,323,37,48,64,55,-14,10308,45,56,61,64,66
20150130 16:30,316,23,320,31,308,36,48,64,55,-14,10309,45,56,61,64,66
20150130 16:31,313,25,319,31,318,39,48,64,55,-14,10309,45,56,61,64,66
20150130 16:32,316,28,317,31,314,34,48,64,55,-14,10309,44,56,61,64,66
20150130 16:33,310,27,315,29,307,32,48,64,55,-14,10309,44,56,61,64,66
20150130 16:34,308,25,314,27,310,29,48,63,54,-16,10309,44,56,61,64,66
20150130 16:35,309,24,313,27,309,32,48,63,54,-16,10310,44,56,61,64,66
20150130 16:36,321,25,315,26,334,33,48,63,54,-16,10310,44,56,61,64,66
20150130 16:37,322,22,315,25,310,26,48,63,54,-16,10310,43,56,61,64,66
20150130 16:38,308,21,314,25,307,33,48,64,55,-14,10310,43,55,61,64,66
20150130 16:39,308,27,313,25,309,37,48,64,55,-14,10310,43,55,61,64,66
20150130 16:40,312,27,313,25,315,36,48,64,55,-14,10310,43,55,61,64,66
20150130 16:41,313,25,313,25,312,33,48,64,55,-14,10311,43,55,61,64,66
20150130 16:42,308,20,312,24,304,23,48,64,55,-14,10311,43,55,61,64,66
20150130 16:43,306,16,312,23,307,26,48,64,55,-14,10311,43,55,61,64,66
20150130 16:44,312,17,312,22,318,39,48,64,55,-14,10312,42,55,61,64,66
20150130 16:45,315,20,313,22,312,40,48,64,55,-14,10312,42,55,61,64,66
20150130 16:46,314,23,311,22,315,30,48,64,55,-14,10312,42,55,61,64,66
20150130 16:47,315,22,311,22,314,30,48,64,55,-14,10312,42,54,61,64,66
20150130 16:48,320,20,313,21,326,27,48,64,55,-14,10312,42,54,61,64,66
20150130 16:49,319,20,314,21,313,35,48,64,55,-14,10312,42,54,61,64,67
20150130 16:50,321,23,315,21,330,32,48,64,55,-14,10312,42,54,60,64,66
20150130 16:51,327,25,316,21,323,40,48,64,55,-14,10313,42,54,60,64,66
20150130 16:52,320,24,317,21,317,30,48,64,55,-14,10313,41,54,60,64,66
20150130 16:53,320,23,319,22,324,39,48,64,55,-14,10313,41,54,60,64,67
20150130 16:54,329,25,321,23,333,39,48,64,55,-14,10313,41,54,60,64,67
20150130 16:55,327,30,322,24,321,41,48,64,55,-14,10314,41,54,60,64,67
20150130 16:56,315,29,321,24,310,38,48,63,54,-16,10314,41,54,60,64,67
20150130 16:57,333,29,325,25,357,46,48,63,54,-16,10314,41,53,60,64,67
20150130 16:58,349,24,327,25,342,30,48,63,54,-16,10314,40,53,60,64,67
20150130 16:59,344,24,330,26,346,35,48,62,53,-19,10314,40,53,60,64,67
20150130 17:00,341,25,331,26,336,29,48,61,52,-21,10315,40,53,60,64,67
20150130 17:01,334,27,332,26,332,56,48,61,52,-21,10315,40,53,60,64,67
20150130 17:02,336,35,334,28,340,52,48,60,52,-23,10315,40,53,60,64,67
20150130 17:03,334,35,335,29,329,43,48,58,50,-28,10316,40,53,60,64,67
20150130 17:04,325,27,334,28,322,32,48,58,50,-28,10316,39,53,60,64,67
20150130 17:05,323,27,334,28,325,41,48,59,51,-25,10317,39,53,60,64,67
20150130 17:06,333,35,337,29,341,62,48,58,50,-28,10317,39,52,60,64,67
20150130 17:07,345,41,336,31,349,58,49,57,49,-29,10317,39,52,60,64,67
20150130 17:08,349,37,337,32,349,47,49,56,48,-31,10317,39,52,60,64,67
20150130 17:09,341,22,336,31,333,25,49,56,48,-31,10316,38,52,60,64,67
20150130 17:10,341,20,337,31,348,39,49,57,49,-29,10317,38,52,60,64,67
20150130 17:11,351,23,339,30,354,24,48,57,49,-30,10317,38,52,59,64,67
20150130 17:12,356,23,341,29,359,35,48,57,49,-30,10317,38,52,59,64,67
20150130 17:13,353,27,343,28,346,41,48,57,49,-30,10317,38,52,59,64,67
20150130 17:14,347,28,345,29,348,47,48,57,49,-30,10317,38,52,59,64,67
20150130 17:15,356,32,349,29,3,47,48,56,48,-32,10317,38,51,59,64,67
20150130 17:16,0,35,351,29,357,54,48,56,48,-32,10317,37,51,59,64,67
20150130 17:17,358,34,352,28,359,45,48,56,48,-32,10317,37,51,59,64,67
20150130 17:18,356,30,352,27,352,39,48,56,48,-32,10317,37,51,59,64,67
20150130 17:19,356,24,355,28,359,40,48,56,48,-32,10317,37,51,59,64,67
20150130 17:20,352,27,354,29,346,48,48,56,48,-32,10317,37,51,59,64,67
20150130 17:21,346,33,353,30,345,43,48,56,48,-32,10317,37,51,59,64,67
20150130 17:22,345,29,352,30,344,41,48,56,48,-32,10317,36,51,59,64,67
20150130 17:23,350,25,353,30,357,29,48,57,49,-30,10317,36,50,59,64,67
20150130 17:24,353,21,353,28,350,36,48,57,49,-30,10317,36,50,59,64,67
20150130 17:25,350,21,352,27,350,39,48,57,49,-30,10317,36,50,59,64,67
20150130 17:26,355,25,352,26,0,42,48,56,48,-32,10317,36,50,59,64,67
20150130 17:27,357,29,352,26,354,47,48,56,48,-32,10317,36,50,59,64,67
20150130 17:28,353,32,352,27,353,44,48,57,49,-30,10317,36,50,59,64,67
20150130 17:29,359,30,352,28,5,39,48,57,49,-30,10317,36,50,59,64,67
20150130 17:30,7,30,355,28,9,38,48,57,49,-30,10317,35,50,59,64,67
20150130 17:31,3,29,356,27,357,40,48,57,49,-30,10317,35,50,58,64,67
20150130 17:32,1,24,358,27,6,27,48,57,49,-30,10316,35,49,58,64,67
20150130 17:33,8,24,359,27,9,39,48,57,49,-30,10316,35,49,58,64,67
20150130 17:34,10,22,1,27,10,22,48,56,48,-32,10317,35,49,58,64,67
20150130 17:35,14,17,4,26,18,23,48,57,49,-30,10317,35,49,58,64,67
20150130 17:36,13,22,5,26,6,42,48,57,49,-30,10317,35,49,58,64,67
20150130 17:37,9,30,6,26,11,41,48,57,49,-30,10318,35,49,58,64,67
20150130 17:38,17,30,9,26,23,37,48,57,49,-30,10318,35,49,58,64,67
20150130 17:39,10,22,9,25,358,24,47,57,49,-31,10317,35,49,58,64,67
20150130 17:40,5,18,9,23,11,30,47,57,49,-31,10317,35,49,58,64,67
20150130 17:41,4,18,9,22,357,25,47,57,49,-31,10318,35,48,58,64,67
20150130 17:42,349,20,7,22,342,32,47,58,50,-29,10318,35,48,58,64,67
20150130 17:43,340,21,4,22,339,30,47,58,50,-29,10319,35,48,58,64,67
20150130 17:44,349,24,2,23,359,39,47,57,49,-31,10319,34,48,58,64,67
20150130 17:45,359,27,1,24,359,38,47,57,49,-31,10319,34,48,58,64,67
20150130 17:46,355,25,359,23,350,36,47,57,49,-31,10319,34,48,58,64,67
20150130 17:47,352,19,357,22,355,22,47,58,50,-29,10318,34,48,57,64,67
20150130 17:48,358,16,355,21,1,26,47,58,50,-29,10318,34,48,57,64,67
20150130 17:49,2,17,356,21,3,26,47,58,50,-29,10318,34,48,57,64,67
20150130 17:50,5,20,355,21,7,31,47,58,50,-29,10318,34,48,57,64,67
20150130 17:51,355,24,354,22,343,38,47,58,50,-29,10319,34,48,57,64,67
20150130 17:52,348,29,355,23,353,41,47,58,50,-29,10319,34,48,57,64,67
20150130 17:53,347,31,355,24,341,39,47,58,50,-29,10319,34,47,57,64,67
20150130 17:54,352,27,356,24,4,33,47,58,50,-29,10319,34,47,57,64,67
20150130 17:55,357,24,355,23,351,34,47,58,50,-29,10319,34,47,57,64,67
20150130 17:56,349,29,355,25,348,55,47,58,50,-29,10320,34,47,57,64,67
20150130 17:57,355,32,355,26,2,38,47,58,50,-29,10320,34,47,57,64,67
20150130 17:58,9,28,357,27,15,36,47,58,50,-29,10320,33,47,57,64,67
20150130 17:59,11,25,357,27,6,39,47,58,50,-29,10320,33,47,57,64,67
20150130 18:00,5,25,357,28,4,34,47,58,50,-29,10320,33,47,57,64,67
20150130 18:01,2,23,358,27,0,23,46,58,49,-29,10320,33,47,57,64,67
20150130 18:02,349,22,357,26,338,35,46,58,49,-29,10320,33,47,57,63,67
20150130 18:03,350,24,359,26,4,28,46,58,49,-29,10320,33,47,57,64,67
20150130 18:04,7,23,0,26,10,30,46,58,49,-29,10320,33,46,57,63,67
20150130 18:05,3,22,0,25,356,31,46,58,49,-29,10320,33,46,56,63,67
20150130 18:06,354,20,1,24,353,29,46,59,50,-27,10320,33,46,56,63,67
20150130 18:07,342,26,358,24,332,40,46,59,50,-27,10320,33,46,56,63,67
20150130 18:08,342,28,355,24,351,34,46,59,50,-27,10320,33,46,56,63,67
20150130 18:09,349,26,354,24,348,40,46,58,49,-29,10320,33,46,56,63,67
20150130 18:10,348,25,352,24,349,31,46,59,50,-27,10321,33,46,56,63,67
20150130 18:11,351,16,352,23,354,18,46,59,50,-27,10321,33,46,56,63,67
20150130 18:12,346,18,352,23,338,37,46,59,50,-27,10321,33,46,56,63,67
20150130 18:13,349,29,351,24,0,48,46,58,49,-29,10321,33,46,56,63,67
20150130 18:14,357,27,350,23,354,30,46,58,49,-29,10321,33,46,56,63,67
20150130 18:15,0,20,351,23,6,24,46,58,49,-29,10322,33,46,56,63,67
20150130 18:16,359,18,350,23,352,23,46,59,50,-27,10322,33,46,56,63,67
20150130 18:17,352,20,352,22,352,33,46,59,50,-27,10322,32,46,56,63,67
20150130 18:18,355,20,353,22,358,24,46,59,50,-27,10322,33,46,56,63,67
20150130 18:19,359,15,354,20,359,23,46,59,50,-27,10322,32,45,56,63,67
20150130 18:20,351,19,354,21,342,32,46,59,50,-27,10321,32,45,56,63,67
20150130 18:21,350,26,354,22,358,45,46,58,49,-29,10321,33,45,56,63,67
20150130 18:22,356,25,356,22,355,37,46,58,49,-29,10322,33,45,56,63,67
20150130 18:23,359,24,356,21,4,34,46,58,49,-29,10322,33,45,55,63,67
20150130 18:24,359,24,356,21,355,29,46,58,49,-29,10322,32,45,55,63,67
20150130 18:25,1,22,356,22,6,37,46,58,49,-29,10322,32,45,55,63,67
20150130 18:26,356,23,356,22,346,31,46,58,49,-29,10322,32,45,55,63,67
20150130 18:27,1,20,358,22,15,23,46,58,49,-29,10322,32,45,55,63,67
20150130 18:28,8,16,358,22,1,22,46,59,50,-27,10322,32,45,55,63,67
20150130 18:29,357,18,357,22,352,36,46,59,50,-27,10322,32,45,55,63,67
20150130 18:30,350,23,358,22,349,35,46,59,50,-27,10322,32,45,55,63,67
20150130 18:31,351,24,358,22,353,31,46,58,49,-29,10322,32,45,55,63,67
20150130 18:32,358,23,358,22,3,40,46,58,49,-29,10322,32,45,55,63,67
20150130 18:33,2,20,358,21,1,23,46,58,49,-29,10322,32,45,55,63,67
20150130 18:34,0,15,358,20,358,19,46,58,49,-29,10322,32,44,55,63,67
20150130 18:35,2,19,358,20,6,28,46,59,50,-27,10323,32,44,55,63,67
20150130 18:36,2,24,0,21,358,33,45,59,50,-28,10323,32,44,55,63,67
20150130 18:37,353,23,357,21,349,32,46,58,49,-29,10323,32,44,55,63,67
20150130 18:38,355,20,357,21,2,25,46,59,50,-27,10323,32,44,55,63,67
20150130 18:39,359,21,358,22,356,31,45,59,50,-28,10323,32,44,55,63,67
20150130 18:40,355,20,358,21,354,26,46,58,49,-29,10323,32,44,55,63,67
20150130 18:41,350,19,357,21,346,22,46,59,50,-27,10323,32,44,55,63,67
20150130 18:42,345,25,356,21,345,37,46,59,50,-27,10323,32,44,55,63,67
20150130 18:43,352,27,355,22,359,30,46,59,50,-27,10323,32,44,54,63,67
20150130 18:44,355,22,355,23,351,26,46,59,50,-27,10324,32,44,54,63,67
20150130 18:45,347,22,352,23,344,32,46,59,50,-27,10324,32,44,54,63,67
20150130 18:46,345,20,351,22,345,24,46,59,50,-27,10324,32,44,54,63,67
20150130 18:47,347,17,351,21,348,26,45,59,50,-28,10324,32,44,54,63,67
20150130 18:48,350,17,350,21,351,29,45,59,50,-28,10324,32,44,54,62,67
20150130 18:49,357,21,350,21,2,29,45,59,50,-28,10324,32,44,54,62,67
20150130 18:50,357,20,350,21,352,21,45,59,50,-28,10324,32,44,54,62,67
20150130 18:51,351,15,351,20,351,19,45,60,51,-26,10324,31,44,54,62,67
20150130 18:52,355,16,352,19,359,25,45,60,51,-26,10324,31,44,54,62,67
20150130 18:53,347,21,350,19,335,36,45,60,51,-26,10324,31,44,54,62,67
20150130 18:54,343,24,350,19,351,31,45,60,51,-26,10324,32,43,54,62,67
20150130 18:55,356,22,352,19,1,29,45,60,51,-26,10324,32,43,54,62,67
20150130 18:56,5,18,354,19,9,18,45,60,51,-26,10324,32,43,54,62,67
20150130 18:57,3,17,355,19,357,28,45,60,51,-26,10324,31,43,54,62,67
20150130 18:58,6,18,357,19,16,21,45,60,51,-26,10324,31,43,54,62,67
20150130 18:59,23,14,0,18,30,17,45,61,51,-24,10324,31,43,54,62,67
20150130 19:00,32,14,4,18,35,18,45,61,51,-24,10324,31,43,54,62,67
20150130 19:01,30,15,8,18,25,20,45,61,51,-24,10324,31,43,54,62,67
20150130 19:02,15,17,8,18,4,22,45,61,51,-24,10325,31,43,54,62,67
20150130 19:03,5,20,11,18,5,26,45,62,52,-21,10325,31,43,54,62,67
20150130 19:04,12,18,14,17,18,23,44,62,52,-22,10325,31,43,53,62,67
20150130 19:05,11,14,14,16,3,18,44,62,52,-22,10325,31,43,53,62,67
20150130 19:06,0,12,13,16,356,14,44,62,52,-22,10325,31,43,53,62,67
20150130 19:07,9,10,15,15,21,14,44,62,52,-22,10325,31,43,53,62,67
20150130 19:08,24,10,16,14,26,15,44,62,52,-22,10325,31,43,53,62,67
20150130 19:09,32,14,17,14,38,20,44,62,52,-22,10325,31,43,53,62,67
20150130 19:10,36,18,17,15,34,22,44,62,52,-22,10324,31,43,53,62,67
20150130 19:11,34,19,18,15,34,22,44,62,52,-22,10324,31,43,53,62,67
20150130 19:12,38,17,22,15,42,20,44,62,52,-22,10324,31,43,53,62,67
20150130 19:13,34,17,24,15,25,22,44,63,53,-20,10325,31,43,53,62,67
20150130 19:14,24,21,24,15,24,28,44,63,53,-20,10325,31,43,53,62,67
20150130 19:15,28,25,27,17,33,36,44,63,53,-20,10325,31,43,53,62,67
20150130 19:16,26,29,30,19,19,39,44,62,52,-22,10325,32,43,53,62,67
20150130 19:17,27,26,31,20,35,29,44,62,52,-22,10325,32,43,53,62,67
20150130 19:18,29,19,31,21,23,30,44,63,53,-20,10325,31,43,53,62,67
20150130 19:19,31,21,31,21,38,36,43,63,52,-21,10325,31,43,53,62,67
20150130 19:20,41,20,32,21,44,23,43,63,52,-21,10325,31,42,53,62,67
20150130 19:21,40,18,32,21,37,30,43,63,52,-21,10326,31,42,53,62,67
20150130 19:22,36,23,31,22,34,32,43,63,52,-21,10326,31,42,53,62,67
20150130 19:23,36,22,33,22,38,28,43,62,51,-23,10326,31,42,53,62,67
20150130 19:24,36,20,34,22,34,33,43,62,51,-23,10326,31,42,53,62,67
20150130 19:25,29,23,33,22,24,34,43,62,51,-23,10326,31,42,53,62,67
20150130 19:26,23,26,33,22,23,38,43,62,51,-23,10326,31,42,53,62,67
20150130 19:27,23,25,32,22,23,33,42,61,50,-26,10326,31,42,53,62,67
20150130 19:28,22,20,32,22,21,28,42,62,51,-24,10326,31,42,52,62,67
20150130 19:29,24,20,30,22,26,33,42,62,51,-24,10326,30,42,52,62,67
20150130 19:30,26,26,28,23,25,37,42,62,51,-24,10326,30,42,52,62,67
20150130 19:31,30,25,28,23,34,31,42,61,50,-26,10327,30,42,52,61,67
20150130 19:32,30,22,27,23,26,28,42,61,50,-26,10327,30,42,52,61,67
20150130 19:33,30,24,27,23,34,36,42,62,51,-24,10327,30,42,52,61,67
20150130 19:34,32,22,27,23,31,26,42,62,51,-24,10327,30,42,52,61,67
20150130 19:35,29,22,27,23,28,32,42,62,51,-24,10327,30,42,52,61,66
20150130 19:36,30,25,28,23,32,44,42,62,51,-24,10327,30,42,52,61,67
20150130 19:37,32,26,29,23,31,33,41,62,51,-25,10327,30,42,52,61,67
20150130 19:38,34,23,30,24,36,25,41,62,51,-25,10327,30,42,52,61,66
20150130 19:39,42,20,32,23,47,28,41,62,51,-25,10327,30,42,52,61,67
20150130 19:40,44,17,34,22,41,22,41,62,51,-25,10328,30,42,52,61,66
20150130 19:41,47,14,36,21,53,41,41,63,52,-23,10328,30,42,52,61,66
20150130 19:42,51,25,38,22,50,49,41,63,52,-23,10328,30,42,52,61,66
20150130 19:43,42,35,38,24,35,46,41,63,52,-23,10328,30,42,52,61,66
20150130 19:44,42,32,40,24,48,39,41,62,51,-25,10328,29,42,52,61,66
20150130 19:45,44,30,41,25,39,43,40,63,51,-24,10328,29,42,52,61,66
20150130 19:46,43,29,43,25,47,38,40,62,50,-26,10328,29,41,52,61,66
20150130 19:47,43,25,43,25,39,30,40,63,51,-24,10328,29,41,52,61,66
20150130 19:48,36,24,43,25,32,35,40,63,51,-24,10328,29,41,52,61,66
20150130 19:49,32,23,42,26,32,30,40,63,51,-24,10328,29,41,52,61,66
20150130 19:50,27,24,40,27,22,31,40,63,51,-24,10328,29,41,52,61,66
20150130 19:51,31,23,39,27,41,26,40,63,51,-24,10329,28,41,52,61,66
20150130 19:52,41,24,38,27,41,39,40,63,51,-24,10329,28,41,52,61,66
20150130 19:53,40,24,38,25,38,28,40,64,52,-22,10329,28,41,52,61,66
20150130 19:54,31,22,35,25,23,31,40,64,52,-22,10329,28,41,52,61,66
20150130 19:55,26,29,34,25,29,48,39,64,52,-23,10329,28,41,52,61,66
20150130 19:56,31,35,33,26,33,43,39,63,51,-25,10329,28,41,51,61,66
20150130 19:57,28,28,31,26,22,31,39,63,51,-25,10330,28,41,51,61,66
20150130 19:58,27,24,31,26,32,46,39,64,52,-23,10330,27,41,51,61,66
20150130 19:59,30,39,31,29,28,59,39,63,51,-25,10330,27,41,51,61,66
20150130 20:00,29,44,32,30,30,55,39,63,51,-25,10330,27,41,51,61,66
