time_now,wd_avg_2mins,ws_avg_2mins,wd_avg_10mins,ws_avg_10mins,wd_maxsp_this_min,ws_maxsp_this_min,air_temp_by_box,relative_humidity,water_vapor_pressure,dew_temp,station_pressure,ground_temp_pt,ground_tem_5cm,ground_tem_10cm,ground_tem_15cm,ground_tem_20cm
20151230 20:01,67,5,61,4,68,6,35,91,71,22,10313,24,59,83,93,95
20151230 20:02,68,6,62,4,68,6,34,91,71,21,10313,24,58,83,93,95
20151230 20:03,70,6,64,5,71,6,34,91,71,21,10313,24,58,83,93,95
20151230 20:04,72,6,65,5,72,6,34,91,71,21,10313,24,58,83,92,95
20151230 20:05,73,5,67,5,73,6,34,91,71,21,10313,24,58,83,92,95
20151230 20:06,74,6,68,5,75,6,33,91,70,20,10313,24,58,83,92,95
20151230 20:07,76,5,70,5,77,6,33,90,70,18,10313,24,58,83,92,95
20151230 20:08,78,5,72,5,79,5,33,90,70,18,10313,24,58,83,92,95
20151230 20:09,76,4,72,5,73,4,33,91,70,20,10313,23,57,83,92,95
20151230 20:10,74,4,73,5,75,4,33,91,70,20,10313,23,57,82,92,95
20151230 20:11,78,4,74,5,82,4,32,91,70,19,10313,23,57,82,92,95
20151230 20:12,81,4,76,5,80,5,32,91,70,19,10313,23,57,82,92,95
20151230 20:13,81,4,77,5,83,4,32,91,70,19,10313,23,57,82,92,95
20151230 20:14,83,3,78,4,83,4,32,92,71,20,10313,23,57,82,92,95
20151230 20:15,85,3,79,4,88,3,32,92,71,20,10313,23,57,82,92,94
20151230 20:16,87,3,81,4,87,5,32,92,71,20,10313,23,57,82,92,94
20151230 20:17,88,4,82,4,89,4,32,92,71,20,10313,23,56,82,92,94
20151230 20:18,92,4,84,4,96,5,31,92,70,19,10313,23,56,82,92,94
20151230 20:19,96,5,86,4,95,5,32,92,71,20,10312,23,56,82,92,94
20151230 20:20,97,5,88,4,99,6,31,92,70,19,10312,23,56,81,92,94
20151230 20:21,103,5,91,4,106,5,31,92,70,19,10312,23,56,81,91,94
20151230 20:22,109,4,94,4,112,4,31,92,70,19,10312,23,56,81,91,94
20151230 20:23,110,3,96,4,107,4,31,92,70,19,10312,22,56,81,91,94
20151230 20:24,105,2,98,4,103,2,31,92,70,19,10312,22,56,81,91,94
20151230 20:25,95,0,98,4,88,0,30,92,70,18,10312,22,55,81,91,94
20151230 20:26,88,0,98,3,87,0,30,92,70,18,10312,22,55,81,91,94
20151230 20:27,89,0,98,3,91,0,30,92,70,18,10312,22,55,81,91,94
20151230 20:28,93,0,98,2,94,0,30,92,70,18,10312,22,55,81,91,94
20151230 20:29,87,0,97,2,80,0,30,92,70,18,10312,22,55,81,91,94
20151230 20:30,77,0,94,1,74,0,30,92,70,18,10312,22,55,80,91,94
20151230 20:31,75,0,91,1,76,0,30,93,70,20,10311,22,55,80,91,94
20151230 20:32,79,0,88,0,83,0,30,93,70,20,10311,22,55,80,91,94
20151230 20:33,88,0,87,0,92,0,30,93,70,20,10311,22,55,80,91,94
20151230 20:34,94,0,86,0,96,0,30,93,70,20,10311,22,54,80,91,94
20151230 20:35,96,0,87,0,97,0,30,93,70,20,10311,22,54,80,91,94
20151230 20:36,95,0,88,0,93,3,29,93,70,19,10310,22,54,80,91,94
20151230 20:37,94,2,88,0,95,4,29,93,70,19,10310,22,54,80,91,94
20151230 20:38,94,4,88,1,93,5,29,93,70,19,10310,22,54,80,90,94
20151230 20:39,92,4,89,1,91,5,29,93,70,19,10310,22,54,80,90,94
20151230 20:40,89,5,90,2,88,5,30,93,70,20,10310,22,54,79,90,94
20151230 20:41,86,5,91,2,85,6,30,93,70,20,10310,22,54,79,90,94
20151230 20:42,83,6,91,3,82,7,30,93,70,20,10310,21,54,79,90,94
20151230 20:43,80,6,90,4,77,7,29,93,70,19,10310,21,53,79,90,94
20151230 20:44,79,7,88,4,81,8,29,93,70,19,10310,21,53,79,90,94
20151230 20:45,83,7,87,5,86,7,30,93,70,20,10310,21,53,79,90,94
20151230 20:46,87,6,87,5,89,7,30,93,70,20,10309,21,53,79,90,94
20151230 20:47,88,7,86,6,87,7,30,94,71,21,10309,21,53,79,90,94
20151230 20:48,85,7,85,6,83,8,30,94,71,21,10309,21,53,79,90,94
20151230 20:49,83,7,84,6,83,8,30,94,71,21,10309,21,53,79,90,94
20151230 20:50,82,8,83,7,81,10,30,94,71,21,10309,21,53,79,90,94
20151230 20:51,79,10,83,7,77,11,30,94,71,21,10309,21,53,79,90,94
20151230 20:52,75,11,82,8,74,12,30,94,71,21,10309,21,53,78,90,94
20151230 20:53,71,10,81,8,68,11,30,94,71,21,10309,21,52,78,90,94
20151230 20:54,66,9,79,8,65,9,30,94,71,21,10309,21,52,78,90,94
20151230 20:55,64,9,77,9,63,10,31,94,72,22,10309,21,52,78,89,94
20151230 20:56,64,9,75,9,65,10,31,94,72,22,10309,21,52,78,89,94
20151230 20:57,64,8,72,9,63,9,31,94,72,22,10309,21,52,78,89,93
20151230 20:58,65,8,71,9,67,10,30,94,71,21,10309,21,52,78,89,93
20151230 20:59,68,9,69,9,69,9,30,94,71,21,10309,22,52,78,89,93
20151230 21:00,68,9,68,9,67,9,30,94,71,21,10309,22,52,78,89,93
20151230 21:01,65,8,66,9,64,9,30,94,71,21,10309,22,52,78,89,93
20151230 21:02,62,7,65,9,60,7,30,94,71,21,10309,22,52,78,89,93
20151230 21:03,60,6,64,8,60,7,30,94,71,21,10309,22,52,77,89,93
20151230 21:04,59,6,64,8,58,7,30,94,71,21,10309,22,52,77,89,93
20151230 21:05,58,6,63,7,59,6,30,94,71,21,10309,22,51,77,89,93
20151230 21:06,61,5,63,7,63,6,30,94,71,21,10309,22,51,77,89,93
20151230 21:07,67,6,64,7,70,7,31,94,72,22,10309,22,51,77,89,93
20151230 21:08,72,6,64,7,73,7,31,94,72,22,10309,22,51,77,89,93
20151230 21:09,71,7,64,6,69,7,30,94,71,21,10309,22,51,77,89,93
20151230 21:10,67,7,64,6,65,8,30,94,71,21,10309,22,51,77,89,93
20151230 21:11,65,8,64,6,65,9,30,94,71,21,10309,22,51,77,89,93
20151230 21:12,65,8,65,7,65,9,30,94,71,21,10309,23,51,77,88,93
20151230 21:13,66,9,65,7,67,10,30,94,71,21,10309,23,51,77,88,93
20151230 21:14,67,9,66,7,68,9,31,94,72,22,10309,23,51,77,88,93
20151230 21:15,69,9,67,8,70,10,31,95,72,24,10309,23,51,76,88,93
20151230 21:16,70,10,68,8,70,10,31,95,72,24,10309,23,51,76,88,93
20151230 21:17,70,10,68,9,70,11,31,95,72,24,10309,24,51,76,88,93
20151230 21:18,69,10,68,9,69,10,31,95,72,24,10309,24,51,76,88,93
20151230 21:19,69,10,68,9,69,12,31,95,72,24,10309,24,51,76,88,93
20151230 21:20,68,11,68,10,68,12,31,95,72,24,10309,24,51,76,88,93
20151230 21:21,69,11,69,10,69,12,31,95,72,24,10309,25,51,76,88,93
20151230 21:22,68,10,69,10,66,11,31,94,72,22,10309,25,50,76,88,93
20151230 21:23,66,10,68,10,65,11,31,94,72,22,10309,25,50,76,88,93
20151230 21:24,66,10,68,10,67,11,31,94,72,22,10309,25,50,76,88,93
20151230 21:25,68,10,68,10,69,11,31,94,72,22,10309,25,50,76,88,93
20151230 21:26,68,10,68,10,68,12,31,94,72,22,10309,26,50,76,88,93
20151230 21:27,67,10,68,10,67,11,31,94,72,22,10309,26,50,75,88,93
20151230 21:28,67,9,68,10,68,10,31,94,72,22,10309,26,50,75,88,93
20151230 21:29,69,10,68,10,71,11,31,94,72,22,10308,26,50,75,88,93
20151230 21:30,73,11,68,10,75,12,31,94,72,22,10308,26,50,75,87,93
20151230 21:31,77,12,69,10,79,12,32,95,73,25,10308,26,50,75,87,93
20151230 21:32,79,12,71,11,80,12,32,95,73,25,10308,26,50,75,87,93
20151230 21:33,80,11,72,11,79,12,33,95,74,26,10308,26,50,75,87,92
20151230 21:34,78,11,73,11,78,12,33,95,74,26,10307,26,50,75,87,92
20151230 21:35,79,11,75,11,80,12,34,95,74,27,10307,25,50,75,87,92
20151230 21:36,79,12,76,11,78,12,33,95,74,26,10307,25,50,75,87,92
20151230 21:37,78,12,77,11,77,14,33,95,74,26,10307,25,50,75,87,92
20151230 21:38,77,12,77,12,77,13,33,95,74,26,10307,25,50,75,87,92
20151230 21:39,77,12,78,12,76,13,33,95,74,26,10307,25,50,75,87,92
20151230 21:40,77,11,78,12,77,12,33,95,74,26,10307,25,50,74,87,92
20151230 21:41,77,11,78,12,77,11,33,95,74,26,10307,24,50,74,87,92
20151230 21:42,75,10,77,11,72,10,33,95,74,26,10307,24,50,74,87,92
20151230 21:43,70,9,76,11,67,10,33,95,74,26,10307,24,50,74,87,92
20151230 21:44,65,7,74,10,62,7,33,94,73,24,10308,24,50,74,87,92
20151230 21:45,63,7,73,10,63,8,33,94,73,24,10308,24,50,74,87,92
20151230 21:46,64,7,71,10,64,9,33,94,73,24,10307,24,50,74,87,92
20151230 21:47,64,8,70,9,65,8,33,94,73,24,10307,24,50,74,87,92
20151230 21:48,65,8,69,9,65,9,33,94,73,24,10307,24,50,74,86,92
20151230 21:49,66,9,68,9,66,9,33,95,74,26,10307,23,50,74,86,92
20151230 21:50,66,8,67,8,65,8,33,95,74,26,10308,23,50,74,86,92
20151230 21:51,65,8,65,8,65,8,33,95,74,26,10308,23,50,74,86,92
20151230 21:52,64,7,65,8,63,8,33,95,74,26,10308,23,50,74,86,92
20151230 21:53,64,7,64,8,65,9,33,95,74,26,10308,23,50,74,86,92
20151230 21:54,65,7,65,8,64,8,33,95,74,26,10308,23,50,74,86,92
20151230 21:55,63,7,65,8,63,8,32,95,73,25,10308,24,50,73,86,92
20151230 21:56,61,6,64,8,60,6,32,95,73,25,10308,24,50,73,86,92
20151230 21:57,61,6,64,7,63,7,32,95,73,25,10308,24,49,73,86,92
20151230 21:58,65,7,64,7,67,7,32,95,73,25,10308,24,49,73,86,92
20151230 21:59,66,6,64,7,65,6,32,95,73,25,10308,24,49,73,86,92
20151230 22:00,65,6,64,7,64,7,32,95,73,25,10308,24,49,73,86,92
20151230 22:01,65,6,64,7,65,6,32,95,73,25,10308,24,49,73,86,92
20151230 22:02,66,6,64,6,67,6,33,95,74,26,10308,24,49,73,86,92
20151230 22:03,68,4,65,6,70,5,33,95,74,26,10308,24,49,73,86,92
20151230 22:04,67,3,65,6,65,3,33,95,74,26,10308,24,49,73,86,92
20151230 22:05,65,2,65,5,65,3,33,95,74,26,10308,24,49,73,86,92
20151230 22:06,64,2,65,5,63,2,33,95,74,26,10308,24,49,73,86,92
20151230 22:07,63,2,65,4,62,2,33,95,74,26,10308,24,49,73,85,91
20151230 22:08,59,1,64,4,57,1,32,95,73,25,10308,25,49,73,85,91
20151230 22:09,53,0,63,3,49,0,32,95,73,25,10308,25,49,73,85,91
20151230 22:10,42,0,60,2,36,0,32,95,73,25,10308,25,49,73,85,91
20151230 22:11,36,0,57,2,35,0,33,95,74,26,10309,25,49,73,85,91
20151230 22:12,38,0,54,1,41,0,33,95,74,26,10309,25,49,73,85,91
20151230 22:13,39,0,51,1,38,0,33,95,74,26,10309,25,49,72,85,91
20151230 22:14,36,0,48,1,35,0,33,95,74,26,10309,25,49,72,85,91
20151230 22:15,35,0,45,0,34,0,33,95,74,26,10309,25,49,72,85,91
20151230 22:16,37,0,43,0,40,0,33,95,74,26,10308,25,49,72,85,91
20151230 22:17,42,1,41,0,44,5,33,95,74,26,10308,25,49,72,85,91
20151230 22:18,45,3,40,1,45,5,33,95,74,26,10308,26,49,72,85,91
20151230 22:19,48,5,40,1,50,7,33,95,74,26,10308,26,49,72,85,91
20151230 22:20,50,6,41,2,50,7,33,95,74,26,10308,26,49,72,85,91
20151230 22:21,50,6,43,3,49,8,33,95,74,26,10308,26,49,72,85,91
20151230 22:22,49,7,43,3,49,9,33,95,74,26,10308,26,49,72,85,91
20151230 22:23,47,7,44,4,46,8,33,95,74,26,10308,26,49,72,85,91
20151230 22:24,45,8,45,5,43,9,33,95,74,26,10308,26,49,72,85,91
20151230 22:25,42,8,46,6,41,10,33,95,74,26,10308,26,49,72,85,91
20151230 22:26,41,8,46,6,40,9,32,95,73,25,10308,26,49,72,85,91
20151230 22:27,39,8,45,7,39,10,32,95,73,25,10308,26,49,72,84,91
20151230 22:28,39,8,45,7,39,9,32,95,73,25,10308,26,48,72,84,91
20151230 22:29,38,8,43,8,36,10,33,95,74,26,10308,26,48,71,84,91
20151230 22:30,33,8,41,8,30,8,33,95,74,26,10308,26,48,71,84,91
20151230 22:31,29,7,39,8,29,7,33,95,74,26,10309,26,48,71,84,91
20151230 22:32,27,7,37,8,25,7,33,95,74,26,10309,26,48,71,84,91
20151230 22:33,25,7,35,8,25,7,33,95,74,26,10309,26,48,71,84,91
20151230 22:34,26,6,33,7,28,7,33,95,74,26,10309,26,48,71,84,91
20151230 22:35,30,6,32,7,33,7,33,95,74,26,10309,26,48,71,84,91
20151230 22:36,38,7,33,7,43,8,33,95,74,26,10308,26,48,71,84,91
20151230 22:37,43,7,33,7,44,8,33,95,74,26,10308,26,48,71,84,91
20151230 22:38,48,7,34,7,51,8,32,95,73,25,10308,26,48,71,84,91
20151230 22:39,51,7,36,7,51,9,32,95,73,25,10308,26,48,71,84,91
20151230 22:40,52,8,38,7,53,9,32,95,73,25,10308,26,48,71,84,90
20151230 22:41,55,7,41,7,57,8,32,95,73,25,10308,26,48,71,84,90
20151230 22:42,57,7,44,7,56,8,32,95,73,25,10308,26,48,71,84,90
20151230 22:43,57,7,47,7,57,9,32,95,73,25,10308,26,48,71,84,90
20151230 22:44,56,8,50,7,55,9,33,95,74,26,10308,26,48,71,84,90
20151230 22:45,56,7,52,7,57,8,33,95,74,26,10308,26,48,71,84,90
20151230 22:46,58,6,54,7,59,6,33,95,74,26,10308,26,48,71,84,90
20151230 22:47,59,6,56,7,60,6,33,95,74,26,10308,27,48,71,84,90
20151230 22:48,60,5,57,7,61,6,33,95,74,26,10308,27,48,71,84,90
20151230 22:49,60,5,57,6,59,6,32,95,73,25,10308,27,48,71,84,90
20151230 22:50,58,5,58,6,57,6,32,95,73,25,10308,27,48,70,83,90
20151230 22:51,58,5,58,6,58,6,32,95,73,25,10308,27,48,70,83,90
20151230 22:52,60,4,58,6,62,5,33,95,74,26,10308,27,48,70,83,90
20151230 22:53,65,4,59,5,67,5,33,95,74,26,10308,27,48,70,83,90
20151230 22:54,66,4,60,5,65,5,33,95,74,26,10308,27,48,70,83,90
20151230 22:55,64,4,61,5,63,4,33,95,74,26,10308,27,48,70,83,90
20151230 22:56,67,4,62,5,70,5,33,95,74,26,10308,28,48,70,83,90
20151230 22:57,72,5,64,5,74,5,33,96,74,27,10308,28,48,70,83,90
20151230 22:58,72,5,64,5,69,6,33,95,74,26,10308,28,48,70,83,90
20151230 22:59,69,5,65,5,69,6,33,96,74,27,10308,28,48,70,83,90
20151230 23:00,68,6,66,5,67,7,33,95,74,26,10308,28,48,70,83,90
20151230 23:01,66,5,67,5,64,6,33,95,74,26,10307,28,48,70,83,90
20151230 23:02,64,5,67,5,63,6,33,95,74,26,10307,28,48,70,83,90
20151230 23:03,63,5,67,5,62,6,33,95,74,26,10307,28,48,70,83,90
20151230 23:04,62,5,66,5,61,6,33,95,74,26,10307,28,48,70,83,90
20151230 23:05,61,5,66,5,61,5,33,95,74,26,10307,28,48,70,83,90
20151230 23:06,60,5,65,5,59,5,33,95,74,26,10306,28,48,70,83,90
20151230 23:07,60,5,64,5,62,7,33,95,74,26,10306,28,48,70,83,90
20151230 23:08,62,6,63,5,62,8,33,95,74,26,10306,29,48,70,83,90
20151230 23:09,63,7,62,5,63,8,33,95,74,26,10306,29,48,70,83,90
20151230 23:10,64,8,62,6,65,9,33,95,74,26,10306,29,48,70,83,90
20151230 23:11,65,8,62,6,66,9,34,95,74,27,10306,29,48,70,82,90
20151230 23:12,67,8,63,6,67,10,34,95,74,27,10306,29,48,70,82,90
20151230 23:13,65,8,63,7,63,11,34,95,74,27,10306,29,48,69,82,90
20151230 23:14,63,7,63,7,64,8,34,95,74,27,10306,30,48,69,82,89
20151230 23:15,65,7,64,7,67,9,35,95,75,28,10305,30,48,69,82,89
20151230 23:16,68,8,65,8,69,8,35,95,75,28,10305,30,48,69,82,89
20151230 23:17,71,8,66,8,73,9,35,95,75,28,10305,30,48,69,82,89
20151230 23:18,73,8,67,8,73,9,36,95,75,29,10305,30,48,69,82,89
20151230 23:19,72,9,68,8,70,9,36,95,75,29,10305,31,48,69,82,89
20151230 23:20,71,9,68,8,71,9,36,95,75,29,10305,31,48,69,82,89
20151230 23:21,70,9,69,8,68,10,36,95,75,29,10305,31,48,69,82,89
20151230 23:22,68,8,69,8,69,9,37,95,76,30,10305,31,48,69,82,89
20151230 23:23,69,7,69,8,70,8,37,95,76,30,10304,31,48,69,82,89
20151230 23:24,71,7,70,8,72,8,37,95,76,30,10304,31,48,69,82,89
20151230 23:25,71,8,70,8,70,9,38,95,76,31,10304,31,48,69,82,89
20151230 23:26,70,8,71,8,70,9,38,95,76,31,10304,32,48,69,82,89
20151230 23:27,72,9,71,8,75,10,38,95,76,31,10304,32,48,69,82,89
20151230 23:28,77,9,71,8,79,11,39,95,77,32,10304,32,48,69,82,89
20151230 23:29,79,10,72,9,78,11,39,95,77,32,10304,32,48,69,82,89
20151230 23:30,75,10,72,9,72,11,39,95,77,32,10304,32,48,69,82,89
20151230 23:31,68,8,72,8,64,9,39,95,77,32,10304,32,48,69,82,89
20151230 23:32,61,6,71,8,57,9,40,95,77,33,10304,32,48,69,82,89
20151230 23:33,56,6,69,8,55,9,40,95,77,33,10304,32,49,69,82,89
20151230 23:34,56,7,68,8,57,9,39,95,77,32,10304,32,48,69,82,89
20151230 23:35,57,7,66,8,58,9,39,95,77,32,10304,32,49,69,82,89
20151230 23:36,59,7,65,8,59,10,39,95,77,32,10304,32,49,69,82,89
20151230 23:37,59,7,64,8,59,8,40,95,77,33,10304,33,49,69,82,89
20151230 23:38,55,6,61,7,51,8,40,95,77,33,10304,33,49,69,81,89
20151230 23:39,47,7,58,7,43,11,40,94,76,31,10305,33,49,69,81,89
20151230 23:40,40,8,54,7,38,8,40,94,76,31,10305,33,49,68,81,89
20151230 23:41,40,7,52,7,42,8,40,94,76,31,10305,33,49,68,81,89
20151230 23:42,42,7,50,7,42,9,40,94,76,31,10305,34,49,68,81,89
20151230 23:43,42,7,49,7,42,8,40,94,76,31,10304,34,49,68,81,89
20151230 23:44,51,7,49,7,61,9,40,94,76,31,10304,34,49,68,81,89
20151230 23:45,64,8,50,7,67,10,40,94,76,31,10303,34,49,68,81,89
20151230 23:46,67,10,51,7,66,12,41,94,77,32,10303,34,49,68,81,89
20151230 23:47,68,11,52,8,69,13,41,94,77,32,10303,34,49,68,81,89
20151230 23:48,67,11,54,8,66,14,41,94,77,32,10303,34,49,68,81,89
20151230 23:49,64,10,56,9,63,10,42,94,77,33,10303,34,49,68,81,88
20151230 23:50,63,9,58,9,64,10,42,94,77,33,10303,34,49,68,81,88
20151230 23:51,67,8,61,9,69,9,42,94,77,33,10303,34,49,68,81,88
20151230 23:52,71,8,64,9,73,11,42,94,77,33,10303,34,49,68,81,88
20151230 23:53,74,10,67,9,75,13,42,94,77,33,10302,34,49,68,81,88
20151230 23:54,75,11,69,10,74,13,42,94,77,33,10302,35,49,68,81,88
20151230 23:55,76,12,70,10,77,14,43,94,78,34,10302,35,49,68,81,88
20151230 23:56,77,12,71,10,77,13,43,94,78,34,10302,35,49,68,81,88
20151230 23:57,75,10,71,10,72,11,43,93,77,33,10302,35,49,68,81,88
20151230 23:58,66,7,71,10,61,8,43,93,77,33,10302,35,49,68,81,88
20151230 23:59,59,7,70,10,58,10,42,93,77,32,10302,35,49,68,81,88
20151230 00:00,55,9,69,10,52,13,42,93,77,32,10302,35,49,68,81,88
20151230 00:01,53,9,67,10,53,11,42,93,77,32,10302,35,49,68,81,88
20151230 00:02,54,10,65,10,54,12,42,93,77,32,10302,36,49,68,81,88
20151230 00:03,52,10,63,10,50,12,42,93,77,32,10302,36,49,68,81,88
20151230 00:04,47,11,60,10,45,14,42,93,77,32,10302,36,49,68,81,88
20151230 00:05,46,11,57,10,48,13,42,93,77,32,10302,36,50,68,80,88
20151230 00:06,48,11,54,10,48,15,43,93,77,33,10302,36,50,68,80,88
20151230 00:07,51,10,52,10,55,11,43,93,77,33,10302,36,50,68,80,88
20151230 00:08,57,8,52,10,58,11,43,93,77,33,10302,36,50,68,80,88
20151230 00:09,56,9,52,10,54,13,43,93,77,33,10301,36,50,68,80,88
20151230 00:10,54,10,52,10,53,13,43,93,77,33,10301,36,50,68,80,88
20151230 00:11,53,10,52,10,53,12,44,93,78,34,10301,36,50,68,80,88
20151230 00:12,53,9,52,10,54,14,44,93,78,34,10301,36,50,68,80,88
20151230 00:13,54,10,52,10,55,14,44,93,78,34,10301,37,50,68,80,88
20151230 00:14,56,9,54,9,57,11,44,93,78,34,10301,37,50,68,80,88
20151230 00:15,58,8,55,9,58,10,44,93,78,34,10301,37,50,68,80,88
20151230 00:16,58,7,55,9,58,8,44,92,77,32,10301,37,50,68,80,88
20151230 00:17,58,7,56,9,57,8,44,92,77,32,10301,37,50,68,80,88
20151230 00:18,59,6,56,8,61,7,45,92,77,33,10301,37,50,68,80,88
20151230 00:19,58,5,56,8,55,5,45,92,77,33,10301,37,50,68,80,88
20151230 00:20,56,4,57,7,58,6,45,92,77,33,10301,37,50,68,80,88
20151230 00:21,60,4,58,7,63,5,45,92,77,33,10301,37,50,68,80,88
20151230 00:22,60,5,58,6,58,7,45,92,77,33,10301,37,50,68,80,88
20151230 00:23,59,5,58,6,59,7,46,92,78,34,10301,37,50,68,80,88
20151230 00:24,57,5,58,5,55,7,46,91,77,33,10301,37,50,68,80,88
20151230 00:25,52,7,57,5,50,11,46,91,77,33,10301,37,50,68,80,88
20151230 00:26,51,9,57,6,52,11,46,91,77,33,10301,37,50,68,80,87
20151230 00:27,50,10,56,6,48,11,46,91,77,33,10300,37,50,68,80,88
20151230 00:28,49,10,55,6,50,11,46,91,77,33,10300,37,50,67,80,87
20151230 00:29,52,9,55,7,55,11,46,91,77,33,10300,37,50,67,80,87
20151230 00:30,57,7,55,7,60,7,46,91,77,33,10299,37,51,67,80,87
20151230 00:31,61,6,55,7,63,8,46,90,76,31,10299,37,50,67,80,87
20151230 00:32,64,7,56,7,65,7,46,90,76,31,10299,36,51,67,80,87
20151230 00:33,63,7,56,8,62,9,47,90,77,32,10299,36,51,67,80,87
20151230 00:34,62,7,57,8,61,10,47,90,77,32,10298,36,51,67,80,87
20151230 00:35,60,7,57,8,58,9,47,90,77,32,10298,36,51,67,80,87
20151230 00:36,58,7,58,8,58,9,46,90,76,31,10298,36,51,67,80,87
20151230 00:37,56,7,59,7,55,9,46,90,76,31,10298,36,51,67,80,87
20151230 00:38,54,7,59,7,53,9,46,90,76,31,10298,36,51,67,80,87
20151230 00:39,52,8,59,7,51,11,46,90,76,31,10298,36,51,67,80,87
20151230 00:40,53,9,58,8,54,13,46,90,76,31,10298,36,51,67,79,87
20151230 00:41,57,8,58,8,61,8,46,90,76,31,10298,36,51,67,79,87
20151230 00:42,60,6,57,8,59,8,46,90,76,31,10298,36,51,67,79,87
20151230 00:43,62,6,57,7,65,7,46,90,76,31,10298,36,51,67,79,87
20151230 00:44,60,6,57,7,56,7,46,90,76,31,10298,36,51,67,79,87
20151230 00:45,56,5,57,7,57,6,46,90,76,31,10298,37,51,67,79,87
20151230 00:46,56,5,57,7,56,8,46,90,76,31,10298,37,51,67,79,87
20151230 00:47,54,5,56,6,53,7,46,90,76,31,10298,37,51,67,79,87
20151230 00:48,53,6,56,6,53,8,46,90,76,31,10298,37,51,67,79,87
20151230 00:49,52,7,57,6,52,10,46,90,76,31,10298,37,51,67,79,87
20151230 00:50,48,8,56,6,45,10,46,90,76,31,10299,37,51,67,79,87
20151230 00:51,43,9,54,6,42,10,46,90,76,31,10299,37,51,67,79,87
20151230 00:52,41,9,52,7,41,10,46,90,76,31,10299,37,51,67,79,87
20151230 00:53,40,9,49,7,39,10,46,90,76,31,10299,37,51,67,79,87
20151230 00:54,42,9,48,7,44,9,46,90,76,31,10299,37,51,67,79,87
20151230 00:55,47,9,47,8,49,11,46,90,76,31,10299,37,51,67,79,87
20151230 00:56,51,9,47,8,53,10,46,90,76,31,10299,38,51,67,79,87
20151230 00:57,51,9,47,9,49,11,47,90,77,32,10299,38,51,67,79,87
20151230 00:58,47,9,46,9,45,12,47,90,77,32,10299,38,51,67,79,87
20151230 00:59,46,10,45,9,48,13,47,90,77,32,10299,38,51,67,79,87
20151230 01:00,47,10,45,9,45,10,47,90,77,32,10299,38,51,67,79,87
20151230 01:01,43,9,45,9,40,10,47,90,77,32,10299,38,51,67,79,87
20151230 01:02,43,9,46,9,46,11,47,90,77,32,10299,38,51,67,79,87
20151230 01:03,45,9,46,9,43,9,47,90,77,32,10299,38,51,67,79,87
20151230 01:04,45,9,46,9,46,10,46,90,76,31,10299,38,51,67,79,87
20151230 01:05,43,9,45,9,39,10,46,90,76,31,10300,39,51,67,79,87
20151230 01:06,42,10,45,9,46,12,46,90,76,31,10300,38,51,67,79,87
20151230 01:07,43,10,44,9,41,10,46,90,76,31,10300,39,51,67,79,87
20151230 01:08,40,8,43,9,39,9,46,91,77,33,10300,39,51,67,79,87
20151230 01:09,38,8,42,9,37,11,46,91,77,33,10300,39,51,67,79,87
20151230 01:10,36,8,41,9,35,9,46,91,77,33,10300,39,51,67,79,87
20151230 01:11,34,8,41,9,34,11,46,91,77,33,10300,39,51,67,79,86
20151230 01:12,37,8,40,9,40,9,46,91,77,33,10300,38,51,67,79,86
20151230 01:13,41,8,40,9,41,9,46,91,77,33,10300,38,51,67,79,86
20151230 01:14,42,8,39,8,43,9,46,91,77,33,10300,38,51,67,79,86
20151230 01:15,40,6,39,8,38,7,46,91,77,33,10301,38,51,67,79,86
20151230 01:16,36,5,38,8,34,7,46,91,77,33,10301,38,51,67,79,86
20151230 01:17,35,6,38,7,36,8,46,92,78,34,10301,38,51,67,79,86
20151230 01:18,34,5,37,7,32,6,46,92,78,34,10301,38,51,67,79,86
20151230 01:19,37,4,37,6,42,5,46,92,78,34,10301,38,51,67,79,86
20151230 01:20,45,3,39,6,49,5,46,92,78,34,10301,38,51,67,79,86
20151230 01:21,47,2,40,5,45,3,46,92,78,34,10301,38,51,67,79,86
20151230 01:22,42,2,40,5,40,3,46,92,78,34,10301,38,51,67,79,86
20151230 01:23,35,1,39,4,31,1,46,92,78,34,10301,38,51,67,79,86
20151230 01:24,27,0,37,3,22,0,45,92,77,33,10302,38,51,67,79,86
20151230 01:25,23,0,36,3,24,2,45,92,77,33,10302,38,51,67,78,86
20151230 01:26,23,1,34,3,22,4,45,92,77,33,10302,38,51,67,78,86
20151230 01:27,24,3,33,2,26,4,45,92,77,33,10302,38,51,67,78,86
20151230 01:28,29,3,33,2,32,4,45,92,77,33,10302,38,51,67,78,86
20151230 01:29,35,4,33,2,38,6,45,92,77,33,10302,38,51,67,78,86
20151230 01:30,38,5,32,2,37,7,45,92,77,33,10302,38,51,67,78,86
20151230 01:31,35,5,31,3,34,6,45,92,77,33,10302,38,51,67,78,86
20151230 01:32,33,5,30,3,32,6,45,92,77,33,10302,38,51,67,78,86
20151230 01:33,35,5,31,4,38,6,45,92,77,33,10302,38,51,67,78,86
20151230 01:34,43,5,33,4,48,7,45,92,77,33,10302,39,51,67,78,86
20151230 01:35,49,5,36,5,49,7,45,92,77,33,10302,39,51,67,78,86
20151230 01:36,47,6,38,5,44,7,45,92,77,33,10302,39,51,67,78,86
20151230 01:37,42,6,39,5,41,7,45,92,77,33,10303,39,51,67,78,86
20151230 01:38,41,6,40,5,42,6,45,92,77,33,10303,39,51,67,78,86
20151230 01:39,44,6,41,6,46,8,45,92,77,33,10303,39,51,67,78,86
20151230 01:40,50,6,43,6,54,8,45,92,77,33,10302,39,51,67,78,86
20151230 01:41,51,7,44,6,49,10,45,92,77,33,10302,39,51,67,78,86
20151230 01:42,51,8,47,6,54,9,45,92,77,33,10302,39,52,67,78,86
20151230 01:43,53,8,48,6,53,10,45,92,77,33,10302,39,52,67,78,86
20151230 01:44,54,8,49,7,55,10,45,92,77,33,10302,39,52,67,78,86
20151230 01:45,54,8,49,7,52,10,46,92,78,34,10302,39,52,67,78,86
20151230 01:46,52,9,50,7,51,11,46,92,78,34,10302,39,52,67,78,86
20151230 01:47,52,10,51,8,52,11,46,92,78,34,10302,39,52,67,78,86
20151230 01:48,52,9,52,8,51,11,46,92,78,34,10302,39,52,67,78,86
20151230 01:49,50,9,52,8,49,10,46,92,78,34,10302,39,52,67,78,86
20151230 01:50,47,9,51,9,45,9,47,92,79,35,10302,39,52,67,78,86
20151230 01:51,45,8,51,9,46,9,47,92,79,35,10302,39,52,67,78,86
20151230 01:52,45,8,50,9,44,10,47,92,79,35,10302,39,52,67,78,86
20151230 01:53,46,9,49,9,49,10,47,92,79,35,10302,39,52,67,78,86
20151230 01:54,50,9,49,9,51,10,47,92,79,35,10302,39,52,67,78,86
20151230 01:55,54,8,49,9,56,10,47,92,79,35,10302,39,52,67,78,86
20151230 01:56,55,8,50,9,54,11,47,92,79,35,10302,39,52,67,78,86
20151230 01:57,51,10,49,9,49,12,47,92,79,35,10302,39,52,67,78,86
20151230 01:58,45,10,48,9,41,12,47,91,78,34,10302,38,52,67,78,86
20151230 01:59,40,10,47,9,38,11,47,91,78,34,10302,38,52,67,78,86
20151230 02:00,36,11,46,9,35,12,47,91,78,34,10302,38,52,67,78,86
20151230 02:01,36,11,46,10,38,12,47,91,78,34,10302,38,52,67,78,85
20151230 02:02,40,11,45,10,43,13,47,91,78,34,10302,37,52,67,78,85
20151230 02:03,44,11,45,10,46,13,47,91,78,34,10302,37,52,67,78,85
20151230 02:04,46,9,45,10,46,10,47,91,78,34,10302,36,52,67,78,85
20151230 02:05,48,9,44,10,51,10,48,91,78,35,10301,36,52,67,78,85
20151230 02:06,53,8,44,10,55,10,48,91,78,35,10301,35,52,67,78,85
20151230 02:07,57,7,45,10,58,7,48,91,78,35,10301,35,52,67,78,85
20151230 02:08,60,6,47,9,61,7,48,91,78,35,10301,34,52,67,78,85
20151230 02:09,66,7,50,9,70,9,49,91,79,36,10301,34,52,67,78,85
20151230 02:10,69,9,54,9,68,9,49,91,79,36,10301,33,52,67,78,85
20151230 02:11,68,9,56,9,67,10,49,91,79,36,10301,33,52,67,78,85
20151230 02:12,67,9,59,8,67,10,49,91,79,36,10301,32,52,66,78,85
20151230 02:13,67,9,61,8,67,9,49,91,79,36,10301,32,51,66,78,85
20151230 02:14,66,8,63,8,64,8,48,91,78,35,10301,32,51,67,78,85
20151230 02:15,61,6,64,8,58,6,48,91,78,35,10301,31,51,67,78,85
20151230 02:16,54,7,63,8,50,10,48,91,78,35,10302,31,51,66,78,85
20151230 02:17,49,8,62,8,48,9,48,91,78,35,10302,30,51,66,78,85
20151230 02:18,46,7,60,8,43,8,47,91,78,34,10303,30,51,66,78,85
20151230 02:19,44,7,58,8,45,7,47,91,78,34,10303,30,51,67,78,85
20151230 02:20,42,6,55,7,39,7,47,91,78,34,10303,29,51,66,78,85
20151230 02:21,38,7,52,7,37,8,47,91,78,34,10303,29,51,66,78,85
20151230 02:22,34,8,48,7,31,10,47,91,78,34,10303,28,51,66,77,85
20151230 02:23,28,9,44,7,26,9,46,91,77,33,10304,28,51,66,77,85
20151230 02:24,23,8,40,7,20,9,46,91,77,33,10304,28,51,66,77,85
20151230 02:25,21,8,36,8,21,10,45,91,77,32,10304,27,50,66,77,85
20151230 02:26,20,7,33,7,18,9,45,91,77,32,10304,27,50,66,77,85
20151230 02:27,23,6,31,7,27,9,45,91,77,32,10304,26,50,66,77,85
20151230 02:28,30,6,30,7,33,7,44,91,76,31,10303,26,50,66,77,85
20151230 02:29,39,6,30,7,45,7,44,92,77,32,10303,26,50,66,77,85
20151230 02:30,50,6,31,7,54,9,44,92,77,32,10303,25,50,66,77,85
20151230 02:31,54,6,33,7,54,9,44,92,77,32,10302,25,50,66,77,85
20151230 02:32,50,8,34,7,47,10,44,92,77,32,10302,25,50,66,77,85
20151230 02:33,45,9,36,7,44,10,44,92,77,32,10302,25,50,66,77,85
20151230 02:34,44,9,39,7,44,10,43,92,76,31,10302,25,49,66,77,85
20151230 02:35,44,9,41,7,44,10,43,92,76,31,10302,25,49,66,77,85
20151230 02:36,48,9,44,8,51,10,43,92,76,31,10302,25,49,66,77,85
20151230 02:37,53,9,47,8,55,11,43,92,76,31,10302,25,49,66,77,85
20151230 02:38,54,9,49,8,52,10,42,92,76,30,10302,24,49,66,77,85
20151230 02:39,52,10,50,8,52,12,42,93,77,32,10302,25,49,66,77,85
20151230 02:40,52,10,50,9,53,12,42,93,77,32,10302,25,49,66,77,85
20151230 02:41,54,8,50,9,56,8,42,93,77,32,10302,25,48,66,77,85
20151230 02:42,57,6,51,9,58,8,42,93,77,32,10302,25,48,66,77,85
20151230 02:43,56,7,52,9,54,10,42,93,77,32,10302,25,48,66,77,85
20151230 02:44,54,8,53,8,54,10,42,93,77,32,10302,25,48,66,77,85
20151230 02:45,55,8,54,8,55,9,42,93,77,32,10302,25,48,66,77,85
20151230 02:46,58,8,55,8,60,8,42,93,77,32,10301,25,48,66,77,85
20151230 02:47,63,9,56,8,66,11,42,93,77,32,10301,25,48,66,77,85
20151230 02:48,69,10,58,8,72,10,42,93,77,32,10301,25,48,66,77,85
20151230 02:49,71,9,60,8,69,9,42,93,77,32,10301,25,48,66,77,85
20151230 02:50,65,8,61,8,62,8,42,94,77,33,10301,26,47,66,77,85
20151230 02:51,60,6,61,8,59,6,42,94,77,33,10301,26,47,66,77,85
20151230 02:52,58,6,61,8,57,8,42,94,77,33,10301,26,47,66,77,85
20151230 02:53,55,7,61,8,53,11,42,94,77,33,10301,26,47,66,77,85
20151230 02:54,48,9,60,8,44,12,42,94,77,33,10301,26,47,66,77,85
20151230 02:55,42,11,58,8,41,12,41,94,77,32,10301,26,47,66,77,85
20151230 02:56,40,11,56,8,39,12,41,94,77,32,10301,26,47,66,77,85
20151230 02:57,38,10,53,8,37,10,41,94,77,32,10301,26,47,66,77,85
20151230 02:58,39,10,50,8,42,11,41,94,77,32,10301,26,47,66,77,85
20151230 02:59,44,10,48,9,46,12,41,94,77,32,10301,26,47,66,77,85
20151230 03:00,48,11,47,9,51,13,41,94,77,32,10300,26,47,66,77,85
20151230 03:01,51,11,46,10,50,13,41,94,77,32,10300,26,47,66,77,85
20151230 03:02,49,12,45,10,47,13,42,94,77,33,10300,26,47,66,77,85
20151230 03:03,46,12,44,11,46,13,41,94,77,32,10300,26,47,66,77,85
20151230 03:04,45,12,44,11,44,14,41,94,77,32,10300,26,47,66,77,84
20151230 03:05,46,13,45,11,47,14,41,94,77,32,10300,26,47,65,77,84
20151230 03:06,50,12,46,11,52,14,41,94,77,32,10300,26,47,65,77,84
20151230 03:07,56,10,48,11,59,9,41,94,77,32,10300,26,46,65,77,84
20151230 03:08,60,8,50,11,60,10,41,94,77,32,10299,26,46,65,77,84
20151230 03:09,63,10,52,11,65,11,41,94,77,32,10299,26,46,65,77,84
20151230 03:10,65,10,53,11,65,11,42,94,77,33,10299,25,46,65,77,84
20151230 03:11,65,10,55,11,66,12,42,94,77,33,10299,25,46,65,77,84
20151230 03:12,65,10,57,11,64,10,42,94,77,33,10299,25,46,65,77,84
20151230 03:13,63,8,58,10,62,9,42,95,78,35,10299,25,46,65,77,84
20151230 03:14,62,7,60,10,61,8,42,95,78,35,10299,24,46,65,77,84
20151230 03:15,62,6,62,9,62,7,42,94,77,33,10299,24,46,65,77,84
20151230 03:16,63,6,63,8,63,7,42,94,77,33,10299,23,46,65,77,84
20151230 03:17,66,7,64,8,68,10,42,94,77,33,10299,23,46,65,77,84
20151230 03:18,71,9,65,8,74,12,42,94,77,33,10298,22,46,65,77,84
20151230 03:19,75,11,66,8,77,12,42,94,77,33,10297,22,46,65,77,84
20151230 03:20,76,12,67,9,76,12,42,94,77,33,10297,21,46,65,77,84
20151230 03:21,76,12,68,9,75,12,42,94,77,33,10297,21,46,65,77,84
20151230 03:22,75,12,69,9,76,12,42,94,77,33,10296,20,46,65,77,84
20151230 03:23,76,11,71,9,76,11,42,94,77,33,10296,20,46,65,77,84
20151230 03:24,75,10,72,10,75,10,42,94,77,33,10296,20,46,65,76,84
20151230 03:25,76,10,74,10,76,10,42,94,77,33,10296,19,45,65,76,84
20151230 03:26,76,9,75,10,77,9,42,94,77,33,10296,19,45,65,76,84
20151230 03:27,75,8,76,10,74,9,42,94,77,33,10296,19,45,65,76,84
20151230 03:28,72,8,75,10,70,9,41,94,77,32,10296,18,45,65,76,84
20151230 03:29,71,9,75,10,72,10,41,94,77,32,10296,18,45,65,76,84
20151230 03:30,71,10,74,10,69,12,41,94,77,32,10295,17,45,65,76,84
20151230 03:31,68,11,73,10,66,13,41,94,77,32,10295,17,45,65,76,84
20151230 03:32,66,11,72,10,65,12,40,94,76,31,10295,17,45,65,76,84
20151230 03:33,63,9,71,10,61,10,40,94,76,31,10295,16,45,64,76,84
20151230 03:34,62,8,69,9,63,9,40,94,76,31,10295,16,44,64,76,84
20151230 03:35,63,8,68,9,63,9,40,94,76,31,10295,16,44,64,76,84
20151230 03:36,63,8,66,9,62,9,40,94,76,31,10295,16,44,64,76,84
20151230 03:37,60,8,65,9,59,8,40,94,76,31,10295,15,44,64,76,84
20151230 03:38,57,8,63,9,55,12,39,94,76,30,10295,15,44,64,76,84
20151230 03:39,52,10,61,9,50,12,39,94,76,30,10295,15,44,64,76,84
20151230 03:40,46,11,59,9,41,11,38,94,75,29,10295,15,44,64,76,84
20151230 03:41,39,10,56,9,37,11,38,94,75,29,10295,14,44,64,76,84
20151230 03:42,36,11,53,10,35,13,37,94,75,28,10295,14,43,64,76,84
20151230 03:43,35,12,50,10,35,13,37,94,75,28,10295,14,43,64,76,84
20151230 03:44,35,12,47,10,36,13,36,94,74,27,10295,14,43,64,76,84
20151230 03:45,37,12,45,11,39,14,36,94,74,27,10296,13,43,64,76,84
20151230 03:46,38,12,42,11,38,13,36,94,74,27,10296,13,43,64,76,84
20151230 03:47,40,12,41,11,42,13,36,94,74,27,10296,13,43,64,76,84
20151230 03:48,44,11,40,12,46,12,36,94,74,27,10295,13,43,64,76,84
20151230 03:49,46,10,40,11,47,11,35,94,74,26,10295,13,42,64,76,84
20151230 03:50,49,9,41,11,51,11,35,94,74,26,10295,12,42,64,76,84
20151230 03:51,50,9,42,11,50,10,35,94,74,26,10295,12,42,64,76,84
20151230 03:52,51,9,44,11,52,11,35,94,74,26,10295,12,42,64,76,84
20151230 03:53,49,10,45,11,47,11,34,94,73,25,10295,12,42,64,76,84
20151230 03:54,44,11,45,11,42,13,34,94,73,25,10295,12,42,64,76,84
20151230 03:55,41,10,46,10,41,10,34,94,73,25,10295,11,42,64,76,84
20151230 03:56,39,10,46,10,37,12,33,94,73,24,10295,11,41,64,76,84
20151230 03:57,38,10,45,10,39,12,33,94,73,24,10295,11,41,64,76,84
20151230 03:58,41,10,45,10,43,12,33,94,73,24,10295,11,41,64,76,84
20151230 03:59,46,9,45,10,48,11,32,94,72,23,10295,11,41,63,76,84
20151230 04:00,49,9,45,10,50,10,32,94,72,23,10295,10,41,63,76,84
20151230 04:01,53,8,45,10,55,10,32,94,72,23,10294,10,41,63,76,84
20151230 04:02,57,6,46,9,59,7,31,94,72,22,10294,10,41,63,76,84
20151230 04:03,60,5,47,9,61,5,31,94,72,22,10294,10,41,63,76,84
20151230 04:04,63,5,50,8,64,6,31,94,72,22,10294,10,40,63,76,84
20151230 04:05,65,5,52,8,66,6,30,94,71,21,10293,10,40,63,76,84
20151230 04:06,71,6,56,7,76,7,30,94,71,21,10293,9,40,63,76,84
20151230 04:07,75,6,59,7,73,6,30,94,71,21,10293,9,40,63,76,84
20151230 04:08,73,5,63,6,73,6,29,94,71,20,10293,9,40,63,76,84
20151230 04:09,75,5,65,6,77,6,29,94,71,20,10293,9,40,63,76,84
20151230 04:10,78,6,68,5,79,7,29,94,71,20,10293,9,40,63,76,84
20151230 04:11,78,6,71,5,78,7,29,94,71,20,10292,9,40,63,75,83
20151230 04:12,78,7,73,6,78,8,28,94,70,19,10292,8,39,63,75,83
20151230 04:13,83,7,75,6,89,8,28,94,70,19,10292,8,39,63,75,83
20151230 04:14,86,7,77,6,84,8,28,94,70,19,10292,8,39,63,75,83
20151230 04:15,81,8,79,6,79,8,28,94,70,19,10292,8,39,63,75,83
20151230 04:16,77,8,78,7,75,9,27,95,70,20,10292,8,39,63,75,83
20151230 04:17,74,8,78,7,72,8,27,95,70,20,10292,8,39,63,75,83
20151230 04:18,70,7,78,7,67,7,27,95,70,20,10292,7,39,63,75,83
20151230 04:19,65,6,76,7,62,7,27,95,70,20,10293,7,39,62,75,83
20151230 04:20,63,6,75,7,64,8,28,95,71,21,10293,7,38,62,75,83
20151230 04:21,66,7,74,7,67,8,28,95,71,21,10292,7,38,62,75,83
20151230 04:22,63,7,72,7,59,8,28,95,71,21,10292,7,38,62,75,83
20151230 04:23,56,7,68,7,54,11,28,95,71,21,10293,7,38,62,75,83
20151230 04:24,53,9,65,8,53,11,28,96,72,22,10293,7,38,62,75,83
20151230 04:25,51,10,62,8,49,12,28,96,72,22,10293,6,38,62,75,83
20151230 04:26,47,11,59,8,45,12,28,96,72,22,10293,6,38,62,75,83
20151230 04:27,45,11,57,9,45,12,28,96,72,22,10293,6,38,62,75,83
20151230 04:28,43,11,54,9,41,11,28,96,72,22,10294,6,37,62,75,83
20151230 04:29,39,10,51,9,37,11,27,96,71,21,10294,6,37,62,75,83
20151230 04:30,37,10,49,10,37,11,27,96,71,21,10294,6,37,62,75,83
20151230 04:31,40,9,46,10,42,10,27,96,71,21,10294,6,37,62,75,83
20151230 04:32,42,10,44,10,41,11,27,96,71,21,10294,6,37,62,75,83
20151230 04:33,42,10,43,10,42,11,26,96,71,20,10294,6,37,62,75,83
20151230 04:34,41,9,42,10,39,10,26,96,71,20,10294,6,37,62,75,83
20151230 04:35,39,8,41,10,39,10,26,96,71,20,10294,6,37,62,75,83
20151230 04:36,36,8,40,9,34,9,26,96,71,20,10294,6,37,62,75,83
20151230 04:37,34,6,39,9,34,7,26,96,71,20,10294,6,36,61,75,83
20151230 04:38,35,6,38,8,35,8,26,96,71,20,10294,6,36,61,75,83
20151230 04:39,34,7,38,8,34,8,25,96,70,19,10294,6,36,61,75,83
20151230 04:40,32,7,37,8,30,10,26,96,71,20,10295,6,36,61,75,83
20151230 04:41,28,6,35,8,26,6,26,96,71,20,10295,6,36,61,75,83
20151230 04:42,24,4,33,7,21,5,26,96,71,20,10295,6,36,61,75,83
20151230 04:43,25,3,32,6,29,4,25,96,70,19,10295,6,36,61,75,83
20151230 04:44,32,3,32,6,35,4,25,96,70,19,10295,6,36,61,75,83
20151230 04:45,36,3,32,5,37,5,25,96,70,19,10294,6,36,61,75,83
20151230 04:46,36,2,32,4,34,2,25,96,70,19,10294,6,36,61,75,83
20151230 04:47,28,0,30,4,22,0,25,96,70,19,10295,6,36,61,74,83
20151230 04:48,17,0,28,3,13,0,25,96,70,19,10295,6,35,61,74,83
20151230 04:49,9,0,25,2,5,0,25,96,70,19,10295,6,35,61,74,83
20151230 04:50,8,0,23,2,11,0,25,96,70,19,10295,6,35,61,74,83
20151230 04:51,1,0,20,1,350,0,24,96,70,18,10295,5,35,61,74,83
20151230 04:52,355,0,18,1,1,0,24,96,70,18,10295,5,35,61,74,83
20151230 04:53,3,0,15,1,5,0,24,96,70,18,10295,5,35,60,74,83
20151230 04:54,13,0,14,0,20,0,24,96,70,18,10295,5,35,61,74,83
20151230 04:55,13,0,11,0,5,0,24,96,70,18,10295,5,35,60,74,83
20151230 04:56,11,0,9,0,17,0,24,96,70,18,10295,5,35,60,74,83
20151230 04:57,18,0,9,0,20,0,24,96,70,18,10295,4,35,60,74,83
20151230 04:58,25,0,10,0,30,0,24,96,70,18,10295,4,35,60,74,83
20151230 04:59,30,2,13,0,30,8,24,97,70,20,10295,4,35,60,74,83
20151230 05:00,31,2,15,0,32,3,24,97,70,20,10295,4,34,60,74,83
20151230 05:01,35,2,20,1,39,6,24,97,70,20,10295,4,34,60,74,83
20151230 05:02,37,4,23,1,35,6,23,97,70,19,10295,4,34,60,74,83
20151230 05:03,36,4,27,2,38,5,23,97,70,19,10295,3,34,60,74,83
20151230 05:04,43,4,29,2,48,4,23,97,70,19,10295,3,34,60,74,83
20151230 05:05,52,1,34,2,56,0,23,97,70,19,10295,3,34,60,74,83
20151230 05:06,61,1,39,2,66,3,23,97,70,19,10295,3,34,60,74,83
20151230 05:07,66,2,44,2,66,3,22,97,69,18,10295,3,34,60,74,83
20151230 05:08,68,3,48,3,70,4,22,97,69,18,10294,3,34,60,74,82
20151230 05:09,74,4,53,3,79,5,22,97,69,18,10294,2,34,60,74,82
20151230 05:10,77,5,57,3,76,7,22,97,69,18,10294,2,34,60,74,82
20151230 05:11,74,6,61,4,71,8,22,97,69,18,10294,2,33,59,74,82
20151230 05:12,72,7,64,4,72,9,22,97,69,18,10294,2,33,59,74,82
20151230 05:13,73,8,68,4,74,9,22,97,69,18,10294,2,33,59,74,82
20151230 05:14,75,9,71,5,77,10,22,97,69,18,10294,2,33,59,74,82
20151230 05:15,79,9,73,6,81,10,22,97,69,18,10293,2,33,59,74,82
20151230 05:16,82,9,75,7,82,10,23,97,70,19,10293,2,33,59,74,82
20151230 05:17,84,9,77,7,85,10,23,97,70,19,10293,2,33,59,73,82
20151230 05:18,91,9,79,8,97,9,24,97,70,20,10293,1,33,59,74,82
20151230 05:19,106,8,83,8,115,9,25,97,71,21,10293,1,33,59,73,82
20151230 05:20,120,8,88,9,124,9,25,97,71,21,10293,1,33,59,73,82
20151230 05:21,127,8,93,9,129,9,24,97,70,20,10293,1,33,59,73,82
20151230 05:22,131,8,100,9,134,8,23,97,70,19,10293,1,32,59,73,82
20151230 05:23,131,7,105,8,129,7,22,97,69,18,10292,1,32,59,73,82
20151230 05:24,125,5,110,8,122,6,22,97,69,18,10292,0,32,59,73,82
20151230 05:25,124,5,115,7,126,5,22,97,69,18,10292,0,32,59,73,82
20151230 05:26,128,4,119,7,129,4,21,97,69,17,10292,0,32,59,73,82
20151230 05:27,132,4,124,6,134,5,21,97,69,17,10292,0,32,59,73,82
20151230 05:28,132,3,127,6,129,3,21,97,69,17,10292,0,32,59,73,82
20151230 05:29,127,2,128,5,125,2,21,97,69,17,10292,0,32,58,73,82
20151230 05:30,124,2,128,5,123,3,21,97,69,17,10293,0,32,58,73,82
20151230 05:31,124,2,128,4,126,3,21,97,69,17,10293,0,32,58,73,82
20151230 05:32,126,2,127,3,127,2,21,97,69,17,10294,0,32,58,73,82
20151230 05:33,124,1,126,3,122,1,21,97,69,17,10294,-1,31,58,73,82
20151230 05:34,120,0,126,2,117,0,21,97,69,17,10294,-1,31,58,73,82
20151230 05:35,116,0,125,2,115,0,21,97,69,17,10294,-1,31,58,73,82
20151230 05:36,111,0,123,1,107,0,21,97,69,17,10295,-1,31,58,73,82
20151230 05:37,92,0,117,1,78,0,21,97,69,17,10295,-1,31,58,73,82
20151230 05:38,76,0,112,1,73,0,21,97,69,17,10295,-1,31,58,73,82
20151230 05:39,73,0,107,1,74,0,21,97,69,17,10295,-1,31,58,73,82
20151230 05:40,73,0,101,0,72,0,21,97,69,17,10295,-1,31,58,73,82
20151230 05:41,67,0,95,0,61,0,20,97,68,16,10296,-2,31,58,73,82
20151230 05:42,47,0,85,0,32,0,20,97,68,16,10296,-2,31,58,73,82
20151230 05:43,12,0,74,0,351,0,19,97,68,15,10296,-2,31,58,73,82
20151230 05:44,339,0,61,0,328,5,19,97,68,15,10296,-2,30,58,73,82
20151230 05:45,328,3,46,1,327,6,19,97,68,15,10296,-2,30,58,73,82
20151230 05:46,326,5,30,1,324,6,19,97,68,15,10296,-2,30,57,72,82
20151230 05:47,331,5,17,2,337,5,19,97,68,15,10295,-2,30,57,72,82
20151230 05:48,342,4,7,2,347,4,19,97,68,15,10295,-2,30,57,72,82
20151230 05:49,348,2,358,2,349,3,19,97,68,15,10295,-2,30,57,72,82
20151230 05:50,344,1,350,2,340,2,18,97,67,14,10295,-2,30,57,72,82
20151230 05:51,335,0,342,2,331,0,18,97,67,14,10295,-2,30,57,72,82
20151230 05:52,323,0,335,2,315,0,18,97,67,14,10295,-3,30,57,72,82
20151230 05:53,312,0,331,2,309,0,18,97,67,14,10295,-3,30,57,72,82
20151230 05:54,314,0,330,2,319,0,18,97,67,14,10296,-3,30,57,72,82
20151230 05:55,321,2,329,2,323,6,17,97,67,13,10296,-3,29,57,72,81
20151230 05:56,323,3,329,2,323,5,17,97,67,13,10296,-3,29,57,72,81
20151230 05:57,323,4,328,2,324,5,17,97,67,13,10296,-3,29,57,72,81
20151230 05:58,321,4,325,2,319,5,17,97,67,13,10296,-3,29,57,72,81
20151230 05:59,319,4,322,2,320,5,17,97,67,13,10297,-3,29,57,72,81
20151230 06:00,320,5,320,2,321,6,17,97,67,13,10297,-3,29,57,72,81
20151230 06:01,315,5,318,3,310,6,17,97,67,13,10297,-4,29,57,72,81
20151230 06:02,307,5,317,3,305,5,17,97,67,13,10298,-4,29,57,72,81
20151230 06:03,307,5,317,4,309,6,17,97,67,13,10298,-4,29,56,72,81
20151230 06:04,309,5,316,4,308,6,17,97,67,13,10298,-4,29,56,72,81
20151230 06:05,307,5,314,5,305,6,17,97,67,13,10298,-4,29,56,72,81
20151230 06:06,307,6,313,5,309,7,17,97,67,13,10298,-4,28,56,72,81
20151230 06:07,309,7,311,5,309,8,17,97,67,13,10298,-4,28,56,72,81
20151230 06:08,310,7,311,5,311,8,17,97,67,13,10298,-4,28,56,72,81
20151230 06:09,315,7,311,6,319,8,17,97,67,13,10298,-4,28,56,72,81
20151230 06:10,321,7,311,6,322,8,17,97,67,13,10298,-4,28,56,72,81
20151230 06:11,322,8,312,6,322,8,17,97,67,13,10298,-4,28,56,72,81
20151230 06:12,322,7,314,7,322,8,17,97,67,13,10298,-4,28,56,72,81
20151230 06:13,323,8,315,7,324,9,17,97,67,13,10299,-4,28,56,71,81
20151230 06:14,323,7,316,7,321,8,17,97,67,13,10299,-5,28,56,71,81
20151230 06:15,321,7,318,7,320,8,17,97,67,13,10299,-5,28,56,71,81
20151230 06:16,321,6,319,7,321,7,17,97,67,13,10299,-5,28,56,71,81
20151230 06:17,322,6,320,7,322,7,16,97,66,12,10299,-5,27,56,71,81
20151230 06:18,323,6,322,7,324,7,16,97,66,12,10299,-5,27,56,71,81
20151230 06:19,324,6,322,7,325,7,16,97,66,12,10299,-5,27,56,71,81
20151230 06:20,325,6,323,7,324,8,16,97,66,12,10299,-5,27,55,71,81
20151230 06:21,324,7,323,7,323,8,16,97,66,12,10299,-5,27,55,71,81
20151230 06:22,322,7,323,7,322,7,16,97,66,12,10299,-5,27,55,71,81
20151230 06:23,321,7,322,7,320,7,16,97,66,12,10299,-5,27,55,71,81
20151230 06:24,319,6,322,7,318,6,16,97,66,12,10299,-5,27,55,71,81
20151230 06:25,317,5,322,6,317,5,16,98,67,13,10299,-5,27,55,71,81
20151230 06:26,317,5,321,6,317,6,15,98,67,12,10299,-6,27,55,71,81
20151230 06:27,315,5,320,6,314,7,15,98,67,12,10299,-6,27,55,71,81
20151230 06:28,316,5,320,6,318,6,16,98,67,13,10299,-6,27,55,71,81
20151230 06:29,319,5,319,6,320,6,16,98,67,13,10299,-6,27,55,71,81
20151230 06:30,322,6,319,6,324,8,16,98,67,13,10300,-6,26,55,71,81
20151230 06:31,323,6,319,6,322,7,16,98,67,13,10300,-6,26,55,71,81
20151230 06:32,322,7,319,6,322,8,16,98,67,13,10300,-6,26,55,71,81
20151230 06:33,320,6,319,6,317,7,16,98,67,13,10300,-6,26,55,71,81
20151230 06:34,316,5,318,6,314,6,16,98,67,13,10300,-6,26,55,71,81
20151230 06:35,314,5,318,6,314,7,16,98,67,13,10299,-6,26,55,71,80
20151230 06:36,315,6,318,6,316,6,16,98,67,13,10299,-6,26,55,71,80
20151230 06:37,320,6,319,6,324,7,16,98,67,13,10299,-6,26,54,71,80
20151230 06:38,326,5,320,6,328,6,16,98,67,13,10299,-7,26,54,71,80
20151230 06:39,330,5,321,6,332,5,16,98,67,13,10298,-7,26,54,71,80
20151230 06:40,333,5,322,5,334,6,16,98,67,13,10298,-7,26,54,70,80
20151230 06:41,333,5,323,5,332,6,15,98,67,12,10298,-7,26,54,70,80
20151230 06:42,336,6,325,5,339,7,15,98,67,12,10298,-7,26,54,70,80
20151230 06:43,340,6,328,5,342,6,15,98,67,12,10298,-7,26,54,70,80
20151230 06:44,343,5,331,5,345,5,15,98,67,12,10298,-7,25,54,70,80
20151230 06:45,345,4,334,5,345,5,15,98,67,12,10298,-7,25,54,70,80
20151230 06:46,347,4,337,5,349,4,15,98,67,12,10298,-7,25,54,70,80
20151230 06:47,351,3,340,5,353,3,14,98,66,11,10298,-7,25,54,70,80
20151230 06:48,353,1,342,4,352,1,14,98,66,11,10298,-7,25,54,70,80
20151230 06:49,7,0,347,4,22,0,13,98,66,10,10298,-7,25,54,70,80
20151230 06:50,29,0,353,3,36,0,13,98,66,10,10297,-7,25,54,70,80
20151230 06:51,35,0,359,3,33,0,13,98,66,10,10297,-7,25,54,70,80
20151230 06:52,31,0,4,2,29,0,12,98,65,9,10297,-7,25,54,70,80
20151230 06:53,29,0,9,1,28,0,13,98,66,10,10297,-7,25,54,70,80
20151230 06:54,29,0,14,1,29,0,13,98,66,10,10297,-7,25,54,70,80
20151230 06:55,28,0,18,1,26,0,13,98,66,10,10297,-7,25,53,70,80
20151230 06:56,26,0,22,0,25,0,12,98,65,9,10297,-7,25,53,70,80
20151230 06:57,24,0,24,0,23,0,12,98,65,9,10297,-7,24,53,70,80
20151230 06:58,23,0,27,0,22,0,12,98,65,9,10297,-7,24,53,70,80
20151230 06:59,20,0,27,0,17,0,12,98,65,9,10297,-7,24,53,70,80
20151230 07:00,16,0,25,0,14,0,12,98,65,9,10297,-7,24,53,70,80
20151230 07:01,14,0,23,0,14,0,12,98,65,9,10297,-6,24,53,70,80
20151230 07:02,14,0,21,0,14,0,12,98,65,9,10298,-6,24,53,70,80
20151230 07:03,14,0,20,0,14,0,12,98,65,9,10298,-6,24,53,70,80
20151230 07:04,11,0,18,0,9,0,12,98,65,9,10298,-6,24,53,70,80
20151230 07:05,330,0,11,0,291,0,12,98,65,9,10298,-6,24,53,69,80
20151230 07:06,298,0,3,0,304,0,11,98,65,8,10298,-6,24,53,69,80
20151230 07:07,302,0,354,0,301,0,11,98,65,8,10298,-6,24,53,69,80
20151230 07:08,300,0,345,0,299,0,11,98,65,8,10298,-6,24,53,69,80
20151230 07:09,304,0,337,0,310,0,11,98,65,8,10298,-6,24,53,69,80
20151230 07:10,303,0,328,0,296,0,11,98,65,8,10298,-6,24,53,69,80
20151230 07:11,299,0,320,0,301,1,11,98,65,8,10299,-5,24,53,69,80
20151230 07:12,302,0,313,0,302,1,11,98,65,8,10299,-5,24,53,69,80
20151230 07:13,301,0,306,0,301,0,11,98,65,8,10299,-5,24,52,69,80
20151230 07:14,298,0,300,0,295,0,11,98,65,8,10299,-4,24,52,69,80
20151230 07:15,297,0,301,0,299,0,11,98,65,8,10299,-4,24,52,69,80
20151230 07:16,298,0,300,0,297,0,11,98,65,8,10298,-4,24,52,69,80
20151230 07:17,300,0,300,0,302,0,12,98,65,9,10298,-4,23,52,69,80
20151230 07:18,302,0,300,0,301,0,12,98,65,9,10299,-3,23,52,69,79
20151230 07:19,297,0,299,0,293,0,12,98,65,9,10299,-3,23,52,69,79
20151230 07:20,288,0,297,0,282,0,13,98,66,10,10299,-3,23,52,69,79
20151230 07:21,274,0,294,0,265,0,13,98,66,10,10299,-2,23,52,69,79
20151230 07:22,264,0,290,0,263,0,13,98,66,10,10299,-2,23,52,69,79
20151230 07:23,264,0,286,0,265,0,14,98,66,11,10299,-1,23,52,69,79
20151230 07:24,266,0,283,0,267,0,13,98,66,10,10299,-1,23,52,69,79
20151230 07:25,262,0,279,0,256,0,13,98,66,10,10299,-1,23,52,69,79
20151230 07:26,252,0,274,0,248,0,13,98,66,10,10299,0,23,52,69,79
20151230 07:27,246,0,268,0,244,0,13,98,66,10,10299,0,23,52,69,79
20151230 07:28,240,0,262,0,235,0,14,98,66,11,10299,1,23,52,69,79
20151230 07:29,241,0,257,0,246,0,14,98,66,11,10299,1,23,52,69,79
20151230 07:30,239,0,252,0,233,1,14,98,66,11,10299,2,23,52,69,79
20151230 07:31,232,0,249,0,232,0,15,98,67,12,10299,3,23,52,68,79
20151230 07:32,233,0,246,0,235,0,16,98,67,13,10299,3,23,52,68,79
20151230 07:33,233,0,243,0,231,0,16,98,67,13,10299,3,23,51,68,79
20151230 07:34,234,0,240,0,237,0,16,98,67,13,10299,4,24,51,68,79
20151230 07:35,236,0,238,0,235,0,16,98,67,13,10299,4,24,51,68,79
20151230 07:36,232,0,236,0,229,0,17,98,68,14,10299,5,24,51,68,79
20151230 07:37,231,0,234,0,232,0,17,98,68,14,10299,6,24,51,68,79
20151230 07:38,234,0,235,0,236,0,17,98,68,14,10300,7,24,51,68,79
20151230 07:39,236,0,234,0,235,0,17,98,68,14,10300,8,24,51,68,79
20151230 07:40,234,0,234,0,233,0,17,98,68,14,10300,8,24,51,68,79
20151230 07:41,234,0,234,0,235,0,18,98,68,15,10300,9,24,51,68,79
20151230 07:42,238,0,234,0,241,0,18,98,68,15,10300,9,24,51,68,79
20151230 07:43,241,0,235,0,241,0,18,98,68,15,10300,10,24,51,68,79
20151230 07:44,239,0,235,0,237,0,19,98,69,16,10300,11,24,51,68,79
20151230 07:45,235,0,235,0,233,0,19,98,69,16,10299,12,24,51,68,79
20151230 07:46,233,0,236,0,233,0,20,98,69,17,10299,12,24,51,68,79
20151230 07:47,235,0,236,0,236,0,21,98,70,18,10299,13,24,51,68,79
20151230 07:48,238,0,236,0,239,0,22,98,70,19,10299,13,25,51,68,79
20151230 07:49,240,0,237,0,241,4,22,98,70,19,10299,14,25,51,68,79
20151230 07:50,242,2,238,1,244,5,22,98,70,19,10299,14,25,51,68,79
20151230 07:51,247,4,240,1,251,4,23,98,71,20,10299,15,25,51,68,79
20151230 07:52,253,4,241,1,255,4,23,98,71,20,10299,16,25,51,68,79
20151230 07:53,260,3,243,2,265,4,23,98,71,20,10299,17,25,51,68,79
20151230 07:54,265,3,246,2,266,4,24,98,71,21,10299,19,25,51,68,78
20151230 07:55,267,3,250,2,267,4,24,98,71,21,10299,20,26,51,68,78
20151230 07:56,270,3,254,3,273,5,25,98,72,22,10299,20,26,51,68,78
20151230 07:57,275,4,258,3,277,4,25,98,72,22,10299,21,26,50,67,78
20151230 07:58,276,4,262,3,276,4,26,98,72,23,10299,21,26,50,67,78
20151230 07:59,274,3,265,4,271,4,26,98,72,23,10299,22,26,50,67,78
20151230 08:00,267,3,266,3,263,3,27,99,73,26,10299,23,26,50,67,78
20151230 08:01,264,3,268,3,265,3,28,99,74,27,10299,24,27,50,67,78
20151230 08:02,263,3,268,3,261,4,30,99,75,29,10299,26,27,50,67,78
20151230 08:03,259,3,268,3,257,4,31,99,76,30,10299,28,27,50,67,78
20151230 08:04,258,3,267,3,259,4,32,99,76,31,10299,29,27,50,67,78
20151230 08:05,259,3,266,3,259,4,33,99,77,32,10299,31,27,50,67,78
20151230 08:06,256,2,264,3,254,3,34,99,77,33,10299,33,28,50,67,78
20151230 08:07,255,1,262,3,255,2,35,99,78,34,10299,34,28,50,67,78
20151230 08:08,258,1,260,3,261,2,36,99,78,35,10299,36,28,50,67,78
20151230 08:09,267,1,261,2,273,2,36,99,78,35,10299,37,28,50,67,78
20151230 08:10,280,1,263,2,286,1,37,99,79,36,10299,39,29,50,67,78
20151230 08:11,287,0,265,2,288,0,37,99,79,36,10299,40,29,50,67,78
20151230 08:12,292,0,269,2,296,0,38,99,79,37,10299,42,29,50,67,78
20151230 08:13,301,0,274,1,306,0,39,99,80,38,10299,44,29,50,67,78
20151230 08:14,295,0,276,1,283,0,41,99,81,40,10299,45,30,50,67,78
20151230 08:15,290,0,280,1,298,0,42,99,82,41,10300,47,30,50,67,78
20151230 08:16,288,0,282,0,277,1,43,99,82,42,10300,48,30,50,67,78
20151230 08:17,283,0,286,0,289,1,43,99,82,42,10300,50,31,50,67,78
20151230 08:18,280,1,287,0,271,2,44,99,83,43,10300,51,31,50,67,78
20151230 08:19,273,1,287,0,275,2,45,99,83,44,10301,53,31,50,67,78
20151230 08:20,281,1,287,0,288,4,45,99,83,44,10301,54,32,50,67,78
20151230 08:21,287,4,287,1,286,6,46,99,84,45,10301,55,32,50,67,78
20151230 08:22,281,4,285,1,275,4,46,99,84,45,10302,57,33,50,67,78
20151230 08:23,277,4,282,2,279,7,47,99,85,46,10302,58,33,50,67,78
20151230 08:24,280,6,282,3,280,9,47,99,85,46,10302,60,34,50,67,78
20151230 08:25,282,5,280,3,285,5,48,99,85,47,10302,61,34,50,66,78
20151230 08:26,280,3,280,3,275,4,49,99,86,48,10301,63,34,50,66,78
20151230 08:27,270,2,278,3,264,3,49,99,86,48,10301,64,35,50,66,78
20151230 08:28,268,1,278,3,273,0,50,99,86,49,10301,65,35,50,66,78
20151230 08:29,273,0,278,3,274,0,50,98,85,47,10301,67,36,50,66,78
20151230 08:30,275,0,277,3,276,0,51,99,87,50,10302,68,36,50,66,77
20151230 08:31,272,1,275,3,268,3,51,98,86,48,10302,70,37,50,66,77
20151230 08:32,275,1,276,2,282,2,52,98,87,49,10302,71,37,50,66,77
20151230 08:33,298,1,279,2,313,4,53,98,87,50,10302,73,38,50,66,77
20151230 08:34,305,2,280,1,296,4,53,98,87,50,10302,74,38,50,66,77
20151230 08:35,303,1,283,1,311,0,54,98,88,51,10302,74,39,50,66,77
20151230 08:36,312,0,287,1,314,0,54,98,88,51,10302,74,39,50,66,77
20151230 08:37,318,3,293,1,322,10,55,98,88,52,10303,73,40,50,66,77
20151230 08:38,314,6,296,2,307,8,55,98,88,52,10303,71,40,50,66,77
20151230 08:39,306,7,300,3,305,10,55,98,88,52,10303,70,41,50,66,77
20151230 08:40,308,9,303,3,311,10,55,98,88,52,10303,71,41,50,66,77
20151230 08:41,313,9,308,4,315,10,56,98,89,53,10304,73,42,51,66,77
20151230 08:42,312,9,310,5,310,11,57,98,90,54,10304,76,42,51,66,77
20151230 08:43,313,10,311,6,317,12,57,98,90,54,10304,78,43,51,66,77
20151230 08:44,310,9,312,7,304,12,58,97,89,54,10304,81,43,51,66,77
20151230 08:45,304,8,311,7,303,8,59,97,90,55,10304,83,44,51,66,77
20151230 08:46,294,7,308,8,285,11,60,97,91,56,10304,84,44,51,66,77
20151230 08:47,292,8,306,8,299,12,61,97,91,57,10305,86,45,51,66,77
20151230 08:48,302,10,305,9,305,12,61,97,91,57,10305,88,45,51,66,77
20151230 08:49,302,9,305,9,300,10,62,96,91,56,10305,90,46,51,66,77
20151230 08:50,303,9,304,9,306,12,63,96,92,57,10305,91,46,51,66,77
20151230 08:51,307,9,304,9,307,12,64,96,92,58,10305,93,47,51,66,77
20151230 08:52,303,8,302,9,298,10,64,96,92,58,10305,94,47,51,66,77
20151230 08:53,297,8,300,9,297,11,65,95,92,58,10305,95,48,51,66,77
20151230 08:54,292,9,299,9,288,11,66,95,93,59,10306,97,48,51,66,77
20151230 08:55,294,9,298,9,299,12,67,95,93,60,10306,98,49,52,66,77
20151230 08:56,298,10,300,9,297,12,67,95,93,60,10307,99,49,52,66,77
20151230 08:57,288,10,298,9,279,15,68,94,93,59,10307,100,50,52,66,77
20151230 08:58,288,10,297,9,298,11,68,94,93,59,10307,102,50,52,66,77
20151230 08:59,305,10,298,9,313,14,69,94,93,60,10307,103,51,52,66,77
20151230 09:00,308,11,298,9,303,16,70,93,93,59,10307,105,51,52,66,77
20151230 09:01,305,12,298,10,307,15,70,93,93,59,10307,106,52,52,66,77
20151230 09:02,310,12,299,10,313,16,71,92,93,59,10307,107,52,52,66,77
20151230 09:03,312,11,301,10,312,13,72,92,93,60,10307,109,53,52,66,77
20151230 09:04,310,9,303,10,308,13,72,92,93,60,10307,110,54,52,66,77
20151230 09:05,310,11,304,11,311,14,72,91,92,58,10307,112,54,52,66,77
20151230 09:06,317,12,307,11,323,15,72,90,91,57,10307,113,55,53,66,77
20151230 09:07,324,12,311,11,325,15,73,89,91,56,10307,114,55,53,66,77
20151230 09:08,329,12,315,11,332,15,74,89,92,57,10308,115,56,53,66,76
20151230 09:09,325,11,315,11,318,13,74,88,91,55,10308,116,57,53,66,76
20151230 09:10,319,11,317,11,320,17,75,88,91,56,10307,117,57,53,66,76
20151230 09:11,317,11,317,11,313,12,75,87,90,55,10307,119,58,53,66,76
20151230 09:12,319,8,319,10,326,8,76,87,91,56,10307,120,58,53,66,76
20151230 09:13,317,8,318,11,309,13,76,86,90,54,10307,122,59,53,66,76
20151230 09:14,309,10,319,11,309,12,76,86,90,54,10307,122,60,54,66,76
20151230 09:15,308,9,318,10,306,10,77,85,89,53,10308,124,60,54,66,76
20151230 09:16,299,7,315,10,291,11,77,85,89,53,10308,124,61,54,66,76
20151230 09:17,296,7,313,9,302,10,78,85,90,54,10308,125,62,54,66,76
20151230 09:18,309,9,311,9,317,13,78,85,90,54,10308,127,62,54,66,76
20151230 09:19,317,11,311,9,316,14,79,85,91,55,10308,128,63,54,66,76
20151230 09:20,318,10,311,9,320,13,80,85,91,56,10308,130,63,54,66,76
20151230 09:21,326,9,313,9,332,14,81,85,92,57,10308,131,64,54,66,76
20151230 09:22,335,10,314,9,339,15,82,85,92,58,10308,132,65,55,66,76
20151230 09:23,338,14,317,10,336,21,82,84,91,57,10308,133,65,55,66,76
20151230 09:24,325,15,317,10,314,16,83,84,92,58,10308,134,66,55,66,76
20151230 09:25,300,10,315,10,285,13,83,83,91,56,10308,134,67,55,66,76
20151230 09:26,290,8,316,11,295,11,83,82,90,54,10308,135,67,55,66,76
20151230 09:27,313,11,319,11,330,19,84,83,91,57,10308,136,68,55,66,76
20151230 09:28,309,13,316,11,288,19,85,83,92,58,10308,137,68,56,66,76
20151230 09:29,296,14,314,12,304,17,85,82,91,56,10308,137,69,56,66,76
20151230 09:30,300,12,312,12,297,13,86,81,90,55,10308,137,70,56,66,76
20151230 09:31,296,12,308,12,296,20,86,82,92,57,10308,138,70,56,66,76
20151230 09:32,297,15,304,13,298,20,87,81,91,56,10308,139,71,56,66,76
20151230 09:33,302,18,301,13,307,29,87,81,91,56,10308,140,72,56,66,76
20151230 09:34,298,17,299,13,289,21,87,81,91,56,10308,141,72,57,66,76
20151230 09:35,298,12,301,14,308,17,88,82,93,59,10308,140,73,57,66,76
20151230 09:36,291,10,299,14,274,21,88,82,93,59,10308,143,73,57,66,76
20151230 09:37,290,11,297,14,306,21,88,81,92,57,10308,144,74,57,66,76
20151230 09:38,314,11,300,13,323,14,89,80,91,56,10308,145,74,57,66,76
20151230 09:39,319,8,301,12,316,11,89,81,92,58,10307,146,75,57,66,76
20151230 09:40,295,8,299,12,268,17,89,81,92,58,10307,148,76,58,66,76
20151230 09:41,266,11,296,12,265,21,90,80,92,57,10307,149,76,58,66,76
20151230 09:42,256,11,290,11,246,14,91,79,91,57,10307,149,77,58,66,76
20151230 09:43,246,10,284,10,246,16,92,79,92,58,10307,150,77,58,66,76
20151230 09:44,249,15,280,11,252,26,93,79,92,58,10307,151,78,58,66,76
20151230 09:45,264,18,277,12,276,23,93,77,90,55,10307,151,78,59,66,76
20151230 09:46,290,16,280,12,303,21,92,77,90,54,10307,152,79,59,66,76
20151230 09:47,295,15,278,13,287,21,93,78,91,57,10307,152,80,59,66,76
20151230 09:48,293,18,276,14,298,26,93,77,90,55,10307,152,80,59,66,76
20151230 09:49,302,19,275,15,305,24,93,78,91,57,10307,152,81,59,66,76
20151230 09:50,315,14,280,15,327,14,93,78,91,57,10306,152,81,60,66,76
20151230 09:51,330,9,287,14,334,20,93,79,92,58,10306,154,82,60,66,76
20151230 09:52,335,13,297,15,336,27,94,79,93,59,10306,155,82,60,66,76
20151230 09:53,325,19,304,16,314,26,94,79,93,59,10306,155,83,60,67,76
20151230 09:54,323,17,311,16,333,20,94,78,92,58,10306,155,83,60,67,76
20151230 09:55,332,16,317,16,331,20,95,78,93,59,10306,156,84,61,67,76
20151230 09:56,322,15,318,16,313,16,95,78,93,59,10306,158,85,61,67,76
20151230 09:57,324,14,323,15,335,18,95,78,93,59,10306,159,85,61,67,76
20151230 09:58,333,15,326,15,331,21,95,77,91,57,10306,161,86,61,67,76
20151230 09:59,327,17,328,15,323,26,94,77,91,56,10306,161,86,61,67,76
20151230 10:00,320,16,327,15,318,15,94,76,90,54,10306,161,87,62,67,76
20151230 10:01,314,11,324,15,310,14,94,77,91,56,10305,163,87,62,67,76
20151230 10:02,283,16,318,16,260,29,95,78,93,59,10305,164,88,62,67,76
20151230 10:03,270,19,314,15,280,19,95,77,91,57,10305,164,88,62,67,76
20151230 10:04,266,13,306,15,249,14,95,77,91,57,10305,167,89,63,67,76
20151230 10:05,246,10,297,14,243,10,96,76,91,56,10304,169,89,63,67,76
20151230 10:06,247,8,290,13,251,11,96,76,91,56,10304,171,90,63,67,76
20151230 10:07,285,9,289,13,323,13,96,75,90,54,10304,172,90,63,67,76
20151230 10:08,327,12,289,13,331,17,97,76,91,57,10304,172,91,63,67,76
20151230 10:09,329,14,290,12,328,17,97,77,93,59,10304,172,91,64,67,76
20151230 10:10,303,13,284,12,274,17,97,76,91,57,10304,173,92,64,67,76
20151230 10:11,255,14,277,13,239,21,97,75,90,55,10305,174,92,64,67,76
20151230 10:12,256,15,278,12,273,21,98,76,92,58,10305,176,93,64,67,76
20151230 10:13,263,18,275,13,254,27,98,76,92,58,10305,176,93,65,68,76
20151230 10:14,268,18,279,13,282,27,98,75,91,56,10305,177,94,65,68,76
20151230 10:15,279,13,282,14,275,16,98,75,91,56,10305,178,95,65,68,76
20151230 10:16,257,12,282,14,247,20,99,76,93,59,10305,178,95,65,68,76
20151230 10:17,260,15,276,15,272,19,99,76,93,59,10305,178,96,65,68,76
20151230 10:18,254,15,267,15,236,29,100,75,92,58,10305,180,96,66,68,76
20151230 10:19,251,20,262,16,266,29,100,75,92,58,10305,179,97,66,68,76
20151230 10:20,262,21,260,17,257,24,100,75,92,58,10305,177,97,66,68,76
20151230 10:21,253,20,261,17,250,25,100,74,91,56,10305,178,98,66,68,76
20151230 10:22,251,20,259,18,253,23,99,74,90,55,10305,179,99,67,68,76
20151230 10:23,256,22,260,18,260,32,99,73,89,53,10305,180,99,67,68,76
20151230 10:24,263,22,258,18,267,28,99,74,90,55,10304,180,99,67,68,76
20151230 10:25,265,22,257,20,264,29,100,74,91,56,10304,179,100,67,68,76
20151230 10:26,267,19,260,20,270,21,100,74,91,56,10304,179,100,68,69,76
20151230 10:27,265,19,258,20,261,27,100,73,90,54,10304,181,101,68,69,76
20151230 10:28,260,23,261,21,259,27,100,73,90,54,10304,180,101,68,69,76
20151230 10:29,262,23,261,21,265,28,100,73,90,54,10304,179,102,68,69,76
20151230 10:30,262,20,261,21,259,23,100,73,90,54,10304,181,102,69,69,76
20151230 10:31,252,21,260,21,246,34,101,74,91,57,10304,184,103,69,69,76
20151230 10:32,248,27,260,22,250,37,101,73,90,55,10304,183,103,69,69,76
20151230 10:33,273,28,264,22,296,33,101,72,89,53,10305,183,104,69,69,76
20151230 10:34,299,25,267,23,302,27,101,73,90,55,10304,183,104,69,69,76
20151230 10:35,304,24,271,23,306,33,101,73,90,55,10304,184,104,70,69,76
20151230 10:36,312,20,276,23,317,21,100,72,88,52,10304,184,105,70,69,76
20151230 10:37,301,18,278,23,284,26,101,73,90,55,10304,185,105,70,69,76
20151230 10:38,278,19,280,22,271,25,101,73,90,55,10304,185,106,70,69,76
20151230 10:39,262,21,278,22,252,33,102,72,90,54,10304,184,106,71,70,76
20151230 10:40,254,26,278,23,255,33,101,72,89,53,10304,182,106,71,70,76
20151230 10:41,265,28,281,24,275,34,101,72,89,53,10304,181,107,71,70,76
20151230 10:42,267,26,282,23,259,36,101,73,90,55,10304,181,107,71,70,76
20151230 10:43,264,28,279,24,269,38,101,72,89,53,10304,182,108,72,70,76
20151230 10:44,278,30,277,24,288,37,101,71,88,51,10304,181,108,72,70,76
20151230 10:45,297,23,277,24,305,27,102,72,90,54,10304,180,109,72,70,76
20151230 10:46,294,19,274,24,282,29,103,72,90,55,10304,183,109,72,70,76
20151230 10:47,276,21,272,24,269,29,103,72,90,55,10304,184,109,73,70,76
20151230 10:48,269,28,272,26,269,38,103,71,89,53,10304,184,110,73,70,76
20151230 10:49,273,32,275,27,277,40,103,69,86,49,10304,181,110,73,71,76
20151230 10:50,285,30,279,27,293,38,102,69,86,48,10304,182,110,73,71,76
20151230 10:51,287,26,279,26,280,41,103,70,88,51,10304,182,111,74,71,76
20151230 10:52,274,29,280,27,269,38,103,70,88,51,10304,182,111,74,71,76
20151230 10:53,269,31,280,27,269,40,102,70,87,50,10304,183,111,74,71,76
20151230 10:54,273,28,279,27,278,32,103,70,88,51,10304,184,111,74,71,76
20151230 10:55,286,28,278,28,293,38,103,71,89,53,10304,185,112,75,71,76
20151230 10:56,288,31,278,29,283,36,104,70,88,52,10303,185,112,75,71,76
20151230 10:57,293,31,281,30,303,39,103,68,85,47,10303,185,112,75,71,76
20151230 10:58,308,29,286,29,312,40,104,68,86,48,10303,185,112,75,71,76
20151230 10:59,298,28,286,29,283,36,104,69,87,50,10302,185,113,76,71,76
20151230 11:00,282,29,285,29,281,35,104,69,87,50,10302,185,113,76,72,76
20151230 11:01,280,32,285,30,279,40,104,69,87,50,10302,187,113,76,72,76
20151230 11:02,287,32,288,30,296,41,104,68,86,48,10302,187,114,76,72,76
20151230 11:03,302,29,292,30,308,34,105,70,89,53,10302,187,114,76,72,76
20151230 11:04,314,29,296,30,319,37,105,69,88,51,10302,186,114,77,72,76
20151230 11:05,314,30,297,30,309,41,106,70,89,54,10302,185,114,77,72,76
20151230 11:06,308,26,300,29,307,28,106,70,89,54,10301,183,115,77,72,77
20151230 11:07,299,27,299,29,292,40,106,69,88,52,10301,183,115,77,72,77
20151230 11:08,293,31,297,29,293,37,105,68,86,49,10301,180,115,78,72,77
20151230 11:09,296,31,298,30,299,36,105,67,85,46,10301,181,116,78,73,77
20151230 11:10,304,30,301,30,309,34,105,67,85,46,10301,183,116,78,73,77
20151230 11:11,305,24,303,28,302,30,105,69,88,51,10301,183,116,78,73,77
20151230 11:12,287,21,301,27,272,30,105,70,89,53,10301,185,116,79,73,77
20151230 11:13,284,25,300,28,295,41,105,69,88,51,10301,184,116,79,73,77
20151230 11:14,294,30,297,28,292,38,105,69,88,51,10301,185,117,79,73,77
20151230 11:15,294,33,296,28,295,45,106,68,87,49,10300,185,117,79,73,77
20151230 11:16,287,32,293,29,279,43,106,67,86,47,10300,184,117,80,73,77
20151230 11:17,285,28,293,28,293,35,106,67,86,47,10300,186,117,80,73,77
20151230 11:18,300,32,294,29,306,41,106,67,86,47,10299,186,118,80,74,77
20151230 11:19,305,34,295,29,304,43,106,66,84,45,10299,186,118,80,74,77
20151230 11:20,306,26,295,28,308,26,106,66,84,45,10299,187,118,80,74,77
20151230 11:21,304,23,294,29,300,32,106,67,86,47,10299,190,118,81,74,77
20151230 11:22,304,22,298,28,309,29,107,68,87,50,10299,192,118,81,74,77
20151230 11:23,302,21,298,28,294,31,107,68,87,50,10298,194,119,81,74,77
20151230 11:24,300,20,299,26,305,23,107,68,87,50,10298,194,119,81,74,77
20151230 11:25,288,17,297,25,268,25,108,68,88,51,10298,195,119,81,74,77
20151230 11:26,271,19,296,24,274,30,109,69,90,54,10298,196,119,82,74,77
20151230 11:27,260,23,292,23,247,34,109,68,89,52,10298,197,120,82,75,77
20151230 11:28,251,28,287,23,256,47,109,67,87,50,10298,198,120,82,75,77
20151230 11:29,275,29,286,23,295,38,110,66,87,49,10298,197,120,82,75,77
20151230 11:30,296,30,285,24,297,45,110,64,84,45,10298,197,121,83,75,77
20151230 11:31,305,30,286,24,314,35,110,64,84,45,10297,197,121,83,75,77
20151230 11:32,309,24,286,24,305,23,110,64,84,45,10297,197,121,83,75,77
20151230 11:33,298,18,286,24,292,27,110,65,85,47,10297,196,122,83,75,77
20151230 11:34,297,17,285,24,303,28,110,63,83,42,10296,196,122,83,75,78
20151230 11:35,300,22,288,25,296,35,110,65,85,47,10296,197,122,84,75,78
20151230 11:36,310,22,293,24,324,23,110,64,84,45,10296,198,122,84,76,78
20151230 11:37,303,17,296,23,280,25,110,64,84,45,10295,200,123,84,76,78
20151230 11:38,289,20,300,23,297,38,110,64,84,45,10295,203,123,84,76,78
20151230 11:39,306,27,302,23,315,37,110,64,84,45,10295,203,123,84,76,78
20151230 11:40,319,31,305,23,322,45,111,63,83,43,10295,202,123,85,76,78
20151230 11:41,327,32,306,23,331,34,111,63,83,43,10295,201,124,85,76,78
20151230 11:42,330,28,309,24,329,33,111,61,81,39,10294,201,124,85,76,78
20151230 11:43,315,21,310,24,299,25,111,61,81,39,10294,204,124,85,76,78
20151230 11:44,286,23,307,25,274,45,111,63,83,43,10294,206,125,85,77,78
20151230 11:45,272,30,304,25,270,40,111,62,82,41,10293,204,125,86,77,78
20151230 11:46,259,27,297,26,248,37,111,62,82,41,10293,204,125,86,77,78
20151230 11:47,250,24,294,27,252,33,111,61,81,39,10293,205,126,86,77,78
20151230 11:48,252,27,289,27,252,32,111,61,81,39,10293,205,126,86,77,78
20151230 11:49,254,26,282,27,255,35,111,62,82,41,10293,206,126,86,77,78
20151230 11:50,274,26,279,26,292,38,112,63,84,44,10293,206,127,87,77,78
20151230 11:51,271,28,271,26,251,36,112,63,84,44,10293,204,127,87,77,78
20151230 11:52,255,25,265,25,258,27,112,62,82,42,10293,204,127,87,77,78
20151230 11:53,261,19,261,25,263,24,112,63,84,44,10293,205,128,87,78,78
20151230 11:54,268,21,261,25,274,38,113,64,86,47,10292,209,128,87,78,78
20151230 11:55,298,28,266,25,322,44,114,62,84,44,10292,208,128,88,78,79
20151230 11:56,308,22,271,24,293,22,114,61,82,42,10292,209,128,88,78,79
20151230 11:57,301,18,276,24,307,40,114,61,82,42,10292,212,129,88,78,79
20151230 11:58,315,26,284,24,323,40,114,61,82,42,10292,211,129,88,78,79
20151230 11:59,327,28,291,24,331,33,115,60,81,40,10292,210,129,88,78,79
20151230 12:00,331,25,296,24,332,32,114,59,79,37,10292,212,130,89,78,79
20151230 12:01,319,21,301,23,305,22,115,59,80,38,10292,214,130,89,79,79
20151230 12:02,300,14,305,22,296,21,116,61,83,43,10292,215,130,89,79,79
20151230 12:03,285,21,306,23,274,42,117,62,85,47,10292,216,130,89,79,79
20151230 12:04,267,26,305,23,260,30,117,60,82,42,10292,218,131,90,79,79
20151230 12:05,254,27,297,23,248,43,117,60,82,42,10292,218,131,90,79,79
20151230 12:06,261,28,295,24,275,34,117,59,81,40,10291,218,131,90,79,79
20151230 12:07,302,19,297,23,326,19,117,58,80,37,10291,218,132,90,79,79
20151230 12:08,293,15,290,22,254,35,117,58,80,37,10290,220,132,90,79,79
20151230 12:09,254,29,282,24,254,49,117,58,80,37,10289,221,132,91,80,79
20151230 12:10,259,36,275,24,264,42,117,58,80,37,10289,218,133,91,80,79
20151230 12:11,274,30,273,25,284,37,117,58,80,37,10289,216,133,91,80,79
20151230 12:12,280,29,271,27,277,35,116,57,78,34,10290,215,133,91,80,79
20151230 12:13,269,28,270,27,261,38,116,57,78,34,10290,216,134,91,80,79
20151230 12:14,272,26,272,27,282,32,116,56,76,31,10290,217,134,91,80,79
20151230 12:15,273,19,274,25,265,23,116,57,78,34,10289,220,134,92,80,80
20151230 12:16,260,14,272,24,256,22,116,57,78,34,10289,223,135,92,80,80
20151230 12:17,259,19,266,25,263,28,116,57,78,34,10288,224,135,92,80,80
20151230 12:18,284,20,271,25,310,24,116,57,78,34,10288,224,135,92,81,80
20151230 12:19,320,15,278,22,328,26,117,58,80,37,10288,225,136,93,81,80
20151230 12:20,320,18,283,21,312,33,117,56,77,32,10288,226,136,93,81,80
20151230 12:21,296,26,283,22,281,39,118,58,80,38,10288,226,136,93,81,80
20151230 12:22,280,28,283,21,279,34,117,57,78,35,10288,220,137,93,81,80
20151230 12:23,286,23,287,21,294,29,117,57,78,35,10288,217,137,93,81,80
20151230 12:24,288,19,287,20,282,28,117,56,77,32,10288,219,137,93,81,80
20151230 12:25,283,18,289,20,284,34,117,57,78,35,10288,221,137,94,81,80
20151230 12:26,295,25,294,22,305,38,117,56,77,32,10289,219,138,94,82,80
20151230 12:27,299,26,297,22,294,26,117,56,77,32,10289,216,138,94,82,80
20151230 12:28,294,23,295,23,294,36,118,56,77,33,10288,215,138,94,82,80
20151230 12:29,292,29,291,24,290,41,117,54,74,27,10288,213,139,95,82,80
20151230 12:30,290,26,289,24,290,26,117,54,74,27,10288,212,139,95,82,80
20151230 12:31,294,22,291,23,299,36,117,56,77,32,10288,212,139,95,82,81
20151230 12:32,305,26,294,24,310,32,117,57,78,35,10288,211,139,95,82,81
20151230 12:33,316,23,297,24,322,28,116,56,76,31,10288,210,139,95,82,81
20151230 12:34,323,17,301,23,325,30,116,56,76,31,10288,210,140,96,83,81
20151230 12:35,319,22,304,24,315,35,117,57,78,35,10288,210,140,96,83,81
20151230 12:36,313,25,305,24,312,26,116,55,75,29,10288,211,140,96,83,81
20151230 12:37,312,22,307,24,311,34,116,54,74,26,10288,213,140,96,83,81
20151230 12:38,306,25,307,24,300,37,116,55,75,29,10287,215,140,96,83,81
20151230 12:39,300,27,308,23,300,40,117,56,77,32,10287,214,140,97,83,81
20151230 12:40,291,23,308,23,283,27,117,56,77,32,10287,212,140,97,83,81
20151230 12:41,284,21,306,23,284,31,117,55,76,30,10287,213,140,97,83,81
20151230 12:42,293,21,305,22,301,28,117,55,76,30,10287,215,141,97,84,81
20151230 12:43,305,24,304,23,309,39,117,55,76,30,10287,218,141,97,84,81
20151230 12:44,298,28,300,24,287,41,118,55,76,31,10287,216,141,98,84,81
20151230 12:45,292,29,298,25,297,42,118,56,77,33,10287,213,141,98,84,81
20151230 12:46,281,26,294,25,262,31,119,58,81,39,10286,213,141,98,84,81
20151230 12:47,254,27,287,26,248,38,120,57,80,38,10286,215,141,98,84,81
20151230 12:48,247,33,282,26,245,49,120,56,78,35,10286,215,141,98,84,82
20151230 12:49,258,31,279,27,272,37,120,56,78,35,10286,214,142,98,84,82
20151230 12:50,269,28,277,27,267,39,120,57,80,38,10286,214,142,99,85,82
20151230 12:51,263,33,275,29,259,46,120,56,78,35,10285,214,142,99,85,82
20151230 12:52,267,32,272,29,276,35,120,56,78,35,10285,213,142,99,85,82
20151230 12:53,269,19,267,28,261,22,120,57,80,38,10285,215,142,99,85,82
20151230 12:54,253,22,263,28,245,40,121,57,80,38,10285,215,142,99,85,82
20151230 12:55,248,29,259,28,251,33,120,56,78,35,10285,214,142,100,85,82
20151230 12:56,261,28,259,29,271,41,120,57,80,38,10285,215,142,100,85,82
20151230 12:57,280,28,264,28,289,32,120,57,80,38,10285,213,142,100,85,82
20151230 12:58,297,27,269,27,305,36,121,56,79,36,10285,212,142,100,85,82
20151230 12:59,312,27,274,27,319,30,121,56,79,36,10285,212,142,100,86,82
20151230 13:00,325,27,280,27,331,40,121,55,78,33,10285,211,143,100,86,82
20151230 13:01,330,29,288,26,329,31,120,54,76,30,10285,211,143,101,86,82
20151230 13:02,321,27,292,26,312,32,120,54,76,30,10285,213,143,101,86,82
20151230 13:03,303,24,295,27,293,31,121,55,78,33,10285,212,143,101,86,82
20151230 13:04,289,22,299,26,284,26,121,56,79,36,10285,211,143,101,86,83
20151230 13:05,289,22,303,26,294,31,121,55,78,33,10285,210,143,101,86,83
20151230 13:06,296,26,305,26,298,40,122,55,78,34,10284,208,143,101,86,83
20151230 13:07,294,29,305,26,290,39,121,54,76,31,10284,208,143,102,87,83
20151230 13:08,274,26,301,25,260,34,121,54,76,31,10284,210,143,102,87,83
20151230 13:09,264,23,296,25,269,29,121,55,78,33,10284,212,143,102,87,83
20151230 13:10,265,20,289,24,262,20,121,55,78,33,10284,212,143,102,87,83
20151230 13:11,254,16,281,23,245,18,121,55,78,33,10284,216,143,102,87,83
20151230 13:12,254,16,276,22,262,25,121,55,78,33,10283,217,143,102,87,83
20151230 13:13,252,21,271,22,243,43,122,56,80,37,10283,218,143,103,87,83
20151230 13:14,256,25,269,23,270,35,123,55,79,35,10283,217,144,103,88,83
20151230 13:15,285,27,270,23,300,39,123,55,79,35,10283,219,144,103,88,83
20151230 13:16,297,30,270,23,295,36,123,53,76,30,10284,218,144,103,88,83
20151230 13:17,291,26,269,23,287,36,122,54,77,32,10283,217,144,103,88,83
20151230 13:18,291,21,273,22,294,26,123,55,79,35,10283,217,144,103,88,83
20151230 13:19,303,18,277,22,311,25,123,54,77,33,10283,218,144,104,88,84
20151230 13:20,304,18,281,22,298,24,122,54,77,32,10283,220,144,104,88,84
20151230 13:21,280,19,282,23,255,30,122,54,77,32,10283,222,144,104,88,84
20151230 13:22,251,20,280,23,248,29,123,56,80,38,10283,224,144,104,88,84
20151230 13:23,252,19,281,22,255,27,124,55,79,36,10283,225,144,104,89,84
20151230 13:24,252,21,279,22,248,34,124,55,79,36,10283,224,145,104,89,84
20151230 13:25,261,26,277,22,274,43,124,54,78,34,10283,221,145,104,89,84
20151230 13:26,290,36,278,23,305,48,124,52,75,28,10283,218,145,105,89,84
20151230 13:27,297,35,278,24,289,41,124,53,76,31,10283,216,145,105,89,84
20151230 13:28,283,30,276,25,277,40,124,52,75,28,10283,214,145,105,89,84
20151230 13:29,275,28,272,26,273,30,124,52,75,28,10283,211,145,105,89,84
20151230 13:30,288,27,273,27,303,34,123,51,73,25,10283,212,146,105,89,84
20151230 13:31,302,25,277,27,302,30,123,51,73,25,10282,213,146,105,89,84
20151230 13:32,291,25,281,28,279,44,124,52,75,28,10282,215,146,105,90,84
20151230 13:33,285,31,284,29,292,46,124,51,73,26,10283,213,146,106,90,85
20151230 13:34,280,34,286,30,269,41,124,50,72,23,10283,211,146,106,90,85
20151230 13:35,282,27,289,29,296,31,124,51,73,26,10282,211,146,106,90,85
20151230 13:36,306,29,290,29,316,50,124,50,72,23,10282,211,146,106,90,85
20151230 13:37,306,38,290,30,295,48,124,49,71,20,10282,210,146,106,90,85
20151230 13:38,295,38,292,30,295,43,125,49,71,21,10282,205,146,106,90,85
20151230 13:39,293,33,294,31,290,41,124,50,72,23,10282,204,146,106,90,85
20151230 13:40,291,28,293,31,293,34,124,50,72,23,10283,205,146,107,91,85
20151230 13:41,296,24,292,31,298,32,124,49,71,20,10283,203,146,107,91,85
20151230 13:42,301,26,295,31,303,39,123,48,69,16,10283,205,146,107,91,85
20151230 13:43,291,30,293,30,279,36,123,49,70,19,10283,206,146,107,91,85
20151230 13:44,291,32,297,30,304,52,123,50,71,22,10283,204,146,107,91,85
20151230 13:45,298,37,297,32,293,52,123,51,73,25,10283,203,146,107,91,85
20151230 13:46,309,38,298,32,326,44,123,51,73,25,10283,201,146,107,91,85
20151230 13:47,316,29,299,30,307,30,123,50,71,22,10283,201,146,108,91,86
20151230 13:48,304,23,299,29,301,32,122,50,71,21,10283,202,146,108,91,86
20151230 13:49,292,27,299,29,283,37,123,52,74,27,10283,204,146,108,92,86
20151230 13:50,281,29,297,29,279,34,123,51,73,25,10283,203,146,108,92,86
20151230 13:51,267,31,293,31,255,46,123,51,73,25,10283,203,146,108,92,86
20151230 13:52,255,35,288,31,255,43,124,51,73,26,10283,202,146,108,92,86
20151230 13:53,269,29,289,31,283,38,124,50,72,23,10283,200,146,108,92,86
20151230 13:54,283,26,286,30,282,39,124,50,72,23,10283,198,145,108,92,86
20151230 13:55,272,28,283,29,262,40,124,51,73,26,10283,198,145,109,92,86
20151230 13:56,276,24,280,27,290,34,125,51,74,26,10282,198,145,109,92,86
20151230 13:57,289,25,278,28,289,40,125,50,72,24,10282,197,145,109,92,86
20151230 13:58,288,30,276,29,286,40,125,50,72,24,10282,198,145,109,93,86
20151230 13:59,281,30,276,29,274,40,124,50,72,23,10282,197,145,109,93,86
20151230 14:00,273,32,275,29,272,45,124,50,72,23,10282,197,145,109,93,87
20151230 14:01,271,37,276,30,270,45,125,51,74,26,10282,198,145,109,93,87
20151230 14:02,271,37,278,30,272,49,125,50,72,24,10282,196,145,109,93,87
20151230 14:03,277,35,278,31,283,45,125,50,72,24,10282,194,145,109,93,87
20151230 14:04,288,34,279,32,293,41,124,51,73,26,10282,193,144,110,93,87
20151230 14:05,295,35,283,33,297,44,124,51,73,26,10282,191,144,110,93,87
20151230 14:06,295,31,283,33,293,36,123,51,73,25,10282,191,144,110,93,87
20151230 14:07,301,28,285,33,309,45,123,51,73,25,10282,192,144,110,94,87
20151230 14:08,300,38,285,35,291,55,124,51,73,26,10282,191,144,110,94,87
20151230 14:09,291,37,287,35,292,48,124,51,73,26,10282,188,144,110,94,87
20151230 14:10,295,27,290,34,298,29,124,52,75,28,10282,187,144,110,94,87
20151230 14:11,303,24,294,32,308,35,124,53,76,31,10282,185,144,110,94,87
20151230 14:12,299,24,295,31,289,33,124,50,72,23,10282,185,143,110,94,87
20151230 14:13,298,29,298,31,307,40,124,50,72,23,10282,184,143,110,94,87
20151230 14:14,308,34,299,31,308,45,124,50,72,23,10282,183,143,110,94,87
20151230 14:15,308,35,300,31,308,48,124,50,72,23,10282,182,143,111,94,88
20151230 14:16,308,38,302,32,309,49,123,48,69,16,10283,183,143,111,94,88
20151230 14:17,312,35,303,32,316,36,123,49,70,19,10283,182,143,111,95,88
20151230 14:18,319,29,306,31,322,48,123,49,70,19,10283,182,142,111,95,88
20151230 14:19,311,31,307,31,300,45,123,50,71,22,10283,182,142,111,95,88
20151230 14:20,306,37,308,33,312,54,123,51,73,25,10283,181,142,111,95,88
20151230 14:21,305,37,307,34,299,42,123,50,71,22,10283,180,142,111,95,88
20151230 14:22,294,35,307,35,290,48,123,52,74,27,10282,178,142,111,95,88
20151230 14:23,289,30,305,34,288,32,123,52,74,27,10282,177,142,111,95,88
20151230 14:24,288,29,303,34,288,42,123,52,74,27,10282,175,141,111,95,88
20151230 14:25,301,32,304,33,314,39,123,51,73,25,10282,175,141,111,95,88
20151230 14:26,314,29,304,32,314,34,123,50,71,22,10282,175,141,111,96,88
20151230 14:27,309,28,303,32,305,37,123,51,73,25,10282,175,141,111,96,88
20151230 14:28,312,30,303,32,319,39,123,50,71,22,10282,175,141,112,96,88
20151230 14:29,314,30,304,32,308,38,123,50,71,22,10282,174,140,112,96,89
20151230 14:30,311,31,304,31,314,43,123,51,73,25,10282,174,140,112,96,89
20151230 14:31,308,36,304,31,303,47,123,51,73,25,10282,174,140,112,96,89
20151230 14:32,302,36,305,31,301,47,123,50,71,22,10282,172,140,112,96,89
20151230 14:33,303,32,307,32,305,40,123,50,71,22,10282,172,140,112,96,89
20151230 14:34,300,32,308,31,295,43,123,51,73,25,10282,173,139,112,96,89
20151230 14:35,293,30,305,31,290,37,122,50,71,21,10282,173,139,112,96,89
20151230 14:36,290,29,303,32,290,43,123,51,73,25,10282,173,139,112,96,89
20151230 14:37,292,30,302,31,295,36,123,52,74,27,10282,172,139,112,97,89
20151230 14:38,295,31,300,32,296,44,123,51,73,25,10282,172,139,112,97,89
20151230 14:39,298,35,299,32,300,47,123,51,73,25,10282,170,138,112,97,89
20151230 14:40,297,35,297,33,294,46,123,52,74,27,10282,169,138,112,97,89
20151230 14:41,297,28,297,31,300,30,123,52,74,27,10282,168,138,112,97,89
20151230 14:42,299,26,296,31,299,43,123,52,74,27,10282,168,138,112,97,89
20151230 14:43,302,30,296,31,305,36,123,51,73,25,10282,167,138,112,97,90
20151230 14:44,299,26,296,30,292,30,123,51,73,25,10282,167,137,112,97,90
20151230 14:45,296,23,297,29,300,32,123,52,74,27,10282,168,137,112,97,90
20151230 14:46,302,26,298,29,304,45,123,51,73,25,10282,168,137,112,97,90
20151230 14:47,295,28,298,29,287,38,123,51,73,25,10282,167,137,112,97,90
20151230 14:48,279,32,295,29,271,42,123,51,73,25,10282,166,137,112,97,90
20151230 14:49,277,36,294,29,283,45,123,51,73,25,10282,164,136,112,98,90
20151230 14:50,282,31,292,28,281,34,123,51,73,25,10283,162,136,112,98,90
20151230 14:51,282,25,291,28,284,44,123,52,74,27,10283,162,136,112,98,90
20151230 14:52,290,24,290,28,295,32,123,52,74,27,10283,162,136,113,98,90
20151230 14:53,291,28,288,28,286,39,124,52,75,28,10283,162,136,113,98,90
20151230 14:54,288,35,288,30,289,46,123,51,73,25,10283,161,135,113,98,90
20151230 14:55,294,34,288,30,299,43,123,51,73,25,10283,161,135,113,98,90
20151230 14:56,300,31,288,31,302,44,123,51,73,25,10283,161,135,113,98,90
20151230 14:57,288,27,286,30,275,30,123,52,74,27,10284,161,135,113,98,90
20151230 14:58,278,25,287,29,281,39,123,52,74,27,10284,160,135,113,98,91
20151230 14:59,279,28,287,29,277,43,124,52,75,28,10284,160,134,113,98,91
20151230 15:00,276,30,286,29,275,42,124,52,75,28,10284,160,134,113,98,91
20151230 15:01,285,26,287,29,295,34,124,51,73,26,10283,159,134,113,98,91
20151230 15:02,286,23,286,29,277,37,124,52,75,28,10283,160,134,113,99,91
20151230 15:03,279,29,285,29,281,39,124,52,75,28,10283,159,134,113,99,91
20151230 15:04,281,29,284,28,282,31,123,51,73,25,10283,159,133,113,99,91
20151230 15:05,275,25,281,27,269,34,123,52,74,27,10282,160,133,113,99,91
20151230 15:06,273,25,279,26,278,30,124,52,75,28,10283,160,133,113,99,91
20151230 15:07,281,25,280,27,285,34,123,51,73,25,10283,159,133,113,99,91
20151230 15:08,278,28,279,27,271,37,123,51,73,25,10283,158,132,113,99,91
20151230 15:09,269,28,278,27,268,40,123,51,73,25,10283,158,132,113,99,91
20151230 15:10,271,27,278,26,275,40,123,51,73,25,10283,158,132,113,99,91
20151230 15:11,282,33,277,28,288,48,123,51,73,25,10283,157,132,113,99,91
20151230 15:12,286,30,278,28,283,30,123,52,74,27,10283,157,132,113,99,92
20151230 15:13,278,20,277,26,273,25,123,52,74,27,10282,157,132,113,99,92
20151230 15:14,271,18,276,25,269,31,123,53,76,30,10282,156,131,113,99,92
20151230 15:15,268,23,276,26,268,41,123,54,77,33,10282,154,131,113,99,92
20151230 15:16,273,27,276,26,278,35,123,53,76,30,10282,154,131,113,99,92
20151230 15:17,276,27,275,26,275,43,123,53,76,30,10282,153,131,113,100,92
20151230 15:18,281,26,276,26,286,33,123,53,76,30,10282,153,131,113,100,92
20151230 15:19,286,29,278,26,286,43,123,54,77,33,10282,153,130,113,100,92
20151230 15:20,289,31,280,26,293,42,123,54,77,33,10282,152,130,113,100,92
20151230 15:21,287,27,279,25,280,26,122,53,75,29,10282,152,130,113,100,92
20151230 15:22,278,22,278,25,276,32,122,53,75,29,10282,151,130,113,100,92
20151230 15:23,276,24,279,26,276,31,122,54,77,32,10283,151,130,113,100,92
20151230 15:24,276,26,279,27,276,33,122,53,75,29,10283,150,130,113,100,92
20151230 15:25,282,27,281,27,288,38,122,53,75,29,10283,149,129,113,100,92
20151230 15:26,288,29,282,27,287,38,122,53,75,29,10283,148,129,113,100,92
20151230 15:27,287,28,284,27,287,33,122,53,75,29,10283,148,129,113,100,92
20151230 15:28,294,25,285,27,301,33,122,52,74,26,10283,148,129,113,100,92
20151230 15:29,305,23,287,26,308,30,122,53,75,29,10283,148,129,113,100,93
20151230 15:30,299,21,287,25,290,27,122,53,75,29,10283,149,128,113,100,93
20151230 15:31,282,17,286,24,275,21,122,53,75,29,10283,149,128,113,100,93
20151230 15:32,284,22,288,25,292,39,122,54,77,32,10283,149,128,113,100,93
20151230 15:33,290,31,289,25,289,40,122,53,75,29,10283,147,128,112,100,93
20151230 15:34,295,28,292,25,301,32,122,53,75,29,10283,145,128,113,101,93
20151230 15:35,297,26,292,25,293,38,122,52,74,26,10283,144,128,112,101,93
20151230 15:36,290,27,292,25,287,36,122,52,74,26,10283,143,128,112,101,93
20151230 15:37,278,21,291,24,269,24,121,52,73,26,10283,144,127,112,101,93
20151230 15:38,270,18,288,23,271,25,122,53,75,29,10283,144,127,112,101,93
20151230 15:39,271,20,284,23,271,32,122,52,74,26,10283,144,127,112,101,93
20151230 15:40,285,24,285,24,297,37,122,52,74,26,10284,142,127,112,101,93
20151230 15:41,299,29,287,25,300,37,121,52,73,26,10284,140,127,112,101,93
20151230 15:42,298,28,287,25,296,30,121,52,73,26,10284,139,126,112,101,93
20151230 15:43,300,24,289,24,305,31,121,51,72,23,10283,138,126,112,101,93
20151230 15:44,310,19,290,23,314,21,121,52,73,26,10283,136,126,112,101,93
20151230 15:45,305,15,291,22,296,22,121,52,73,26,10283,136,126,112,101,93
20151230 15:46,288,16,290,21,279,21,121,52,73,26,10283,136,126,112,101,94
20151230 15:47,287,14,292,21,295,25,121,52,73,26,10283,136,125,112,101,94
20151230 15:48,292,19,294,21,289,29,121,53,75,28,10283,135,125,112,101,94
20151230 15:49,282,25,295,22,275,39,121,52,73,26,10283,135,125,112,101,94
20151230 15:50,279,26,293,22,282,36,121,52,73,26,10283,135,125,112,101,94
20151230 15:51,280,27,291,21,279,31,120,51,71,22,10284,134,125,112,101,94
20151230 15:52,280,26,290,21,282,32,120,51,71,22,10284,133,124,112,101,94
20151230 15:53,280,24,287,21,277,31,120,52,73,25,10284,132,124,112,101,94
20151230 15:54,271,24,282,23,265,33,120,52,73,25,10284,131,124,112,101,94
20151230 15:55,272,26,280,23,278,35,120,51,71,22,10284,130,124,112,101,94
20151230 15:56,276,25,279,24,273,33,120,51,71,22,10284,130,123,112,101,94
20151230 15:57,271,25,277,26,269,32,119,51,71,21,10284,130,123,112,102,94
20151230 15:58,273,26,276,26,278,34,119,52,72,24,10284,129,123,112,102,94
20151230 15:59,276,22,276,25,275,23,119,52,72,24,10284,129,123,112,102,94
20151230 16:00,270,19,274,24,264,28,119,52,72,24,10284,129,122,112,102,94
20151230 16:01,284,18,277,23,305,22,119,53,74,26,10284,128,122,112,102,94
20151230 16:02,303,20,278,23,302,28,119,53,74,26,10284,127,122,112,102,94
20151230 16:03,301,26,281,24,299,40,119,52,72,24,10284,125,122,112,102,94
20151230 16:04,302,28,285,24,304,38,119,52,72,24,10284,124,121,112,102,94
20151230 16:05,301,29,287,24,299,40,118,52,72,23,10284,123,121,112,102,95
20151230 16:06,302,27,290,24,305,30,118,52,72,23,10284,121,121,112,102,95
20151230 16:07,310,23,295,24,314,27,118,53,73,25,10284,121,121,112,102,95
20151230 16:08,298,19,295,23,282,23,118,53,73,25,10284,120,121,112,102,95
20151230 16:09,277,21,295,23,271,42,118,53,73,25,10284,120,120,112,102,95
20151230 16:10,270,27,295,24,268,42,118,53,73,25,10284,119,120,111,102,95
20151230 16:11,272,25,292,25,275,39,117,54,74,27,10285,119,120,111,102,95
20151230 16:12,276,24,289,25,277,37,117,54,74,27,10285,118,119,111,102,95
20151230 16:13,278,26,287,25,279,36,117,53,73,24,10285,117,119,111,102,95
20151230 16:14,283,26,285,25,286,34,117,54,74,27,10285,117,119,111,102,95
20151230 16:15,286,25,284,24,286,31,116,54,74,26,10285,116,119,111,102,95
20151230 16:16,284,26,282,24,282,37,116,54,74,26,10285,116,118,111,102,95
20151230 16:17,280,26,278,25,278,31,116,54,74,26,10285,114,118,111,102,95
20151230 16:18,280,24,278,25,282,35,116,54,74,26,10286,113,118,111,102,95
20151230 16:19,283,24,280,25,285,28,116,54,74,26,10286,112,117,111,102,95
20151230 16:20,285,23,282,25,285,30,116,54,74,26,10286,111,117,111,102,95
20151230 16:21,282,24,282,25,280,33,115,55,75,28,10286,110,117,111,102,95
20151230 16:22,282,23,283,25,285,31,115,55,75,28,10286,109,117,111,102,95
20151230 16:23,288,19,284,24,291,25,115,55,75,28,10286,108,116,111,102,95
20151230 16:24,285,17,283,23,280,22,115,56,76,30,10286,107,116,111,102,95
20151230 16:25,275,21,282,23,270,32,114,56,75,29,10287,106,116,111,102,95
20151230 16:26,277,22,282,22,285,29,114,56,75,29,10287,105,115,111,102,95
20151230 16:27,281,21,282,22,277,29,114,55,74,27,10286,104,115,111,102,95
20151230 16:28,286,19,283,21,294,20,114,56,75,29,10286,104,115,110,102,96
20151230 16:29,286,17,283,21,278,25,113,56,75,28,10286,103,115,110,102,96
20151230 16:30,283,17,283,20,288,22,113,56,75,28,10286,102,114,110,102,96
20151230 16:31,287,16,283,19,286,21,113,56,75,28,10286,102,114,110,102,96
20151230 16:32,286,16,284,18,287,21,113,56,75,28,10285,101,114,110,102,96
20151230 16:33,291,16,284,18,296,24,112,56,74,28,10285,100,113,110,102,96
20151230 16:34,293,14,285,17,291,17,112,56,74,28,10285,100,113,110,103,96
20151230 16:35,288,15,287,17,286,29,112,56,74,28,10285,100,113,110,103,96
20151230 16:36,285,20,287,17,284,34,112,56,74,28,10285,100,112,110,103,96
20151230 16:37,288,18,288,17,292,21,112,56,74,28,10285,100,112,110,102,96
20151230 16:38,291,18,288,17,289,23,111,56,74,27,10286,100,112,110,103,96
20151230 16:39,286,18,288,17,284,22,111,56,74,27,10286,100,111,110,103,96
20151230 16:40,279,17,287,17,273,18,111,56,74,27,10286,100,111,110,103,96
20151230 16:41,274,15,286,17,274,16,111,56,74,27,10286,100,111,110,103,96
20151230 16:42,276,15,285,17,277,21,111,56,74,27,10287,100,111,110,103,96
20151230 16:43,276,18,282,17,274,27,111,57,75,29,10287,100,110,109,103,96
20151230 16:44,274,21,281,18,275,25,111,57,75,29,10287,99,110,109,103,96
20151230 16:45,283,23,281,19,291,35,111,57,75,29,10288,99,110,109,103,96
20151230 16:46,284,20,281,18,277,21,110,57,75,28,10288,98,110,109,103,96
20151230 16:47,281,17,280,18,285,25,110,57,75,28,10288,97,109,109,103,96
20151230 16:48,284,17,279,18,283,21,110,58,76,31,10288,97,109,109,103,96
20151230 16:49,283,16,279,18,282,23,110,58,76,31,10288,96,109,109,103,96
20151230 16:50,283,15,280,18,284,19,110,58,76,31,10288,95,109,109,103,96
20151230 16:51,284,15,281,18,283,23,109,58,76,30,10288,95,108,109,103,96
20151230 16:52,281,14,281,17,280,18,109,58,76,30,10288,94,108,109,103,97
20151230 16:53,277,14,281,17,275,22,109,58,76,30,10288,93,108,109,103,97
20151230 16:54,276,16,282,16,278,20,109,58,76,30,10288,92,108,109,103,97
20151230 16:55,279,17,281,16,280,23,108,58,75,29,10288,91,107,109,103,97
20151230 16:56,281,17,281,16,282,21,108,59,76,31,10288,90,107,108,103,97
20151230 16:57,282,17,281,16,282,24,108,59,76,31,10289,89,107,108,103,97
20151230 16:58,281,16,281,16,280,23,107,59,76,30,10289,88,107,108,103,97
20151230 16:59,281,19,281,16,281,26,107,59,76,30,10289,88,106,108,103,97
20151230 17:00,284,19,281,16,287,21,107,59,76,30,10289,87,106,108,103,97
20151230 17:01,282,17,280,16,277,20,107,60,77,33,10290,86,106,108,103,97
20151230 17:02,278,17,280,17,279,21,106,60,77,32,10290,85,106,108,103,97
20151230 17:03,278,16,280,17,278,20,106,60,77,32,10290,84,105,108,103,97
20151230 17:04,280,15,281,17,282,18,106,60,77,32,10290,83,105,108,103,97
20151230 17:05,276,16,280,17,271,23,105,60,76,31,10290,83,105,108,103,97
20151230 17:06,272,18,279,17,273,22,105,60,76,31,10290,82,105,108,103,97
20151230 17:07,273,19,278,17,272,26,104,60,76,30,10291,81,104,108,103,97
20151230 17:08,270,18,277,17,268,19,104,60,76,30,10291,80,104,108,103,97
20151230 17:09,271,16,276,17,273,19,104,60,76,30,10290,80,104,107,103,97
20151230 17:10,270,15,274,16,267,19,104,61,77,32,10290,79,103,107,103,97
20151230 17:11,270,16,274,16,273,24,103,61,76,31,10289,78,103,107,103,97
20151230 17:12,273,17,273,16,274,22,103,61,76,31,10289,78,103,107,103,97
20151230 17:13,277,16,273,16,280,20,103,61,76,31,10289,77,102,107,103,97
20151230 17:14,285,16,274,16,290,19,103,61,76,31,10289,76,102,107,103,97
20151230 17:15,291,14,276,16,291,16,102,61,76,30,10290,76,102,107,103,97
20151230 17:16,297,13,279,16,302,16,102,61,76,30,10290,75,102,107,103,97
20151230 17:17,302,14,282,15,302,16,101,61,75,29,10290,74,101,107,103,97
20151230 17:18,301,16,285,15,300,19,101,61,75,29,10290,74,101,107,103,97
20151230 17:19,297,16,287,15,294,16,101,61,75,29,10290,73,100,106,103,97
20151230 17:20,290,14,289,15,287,16,101,62,77,32,10290,73,100,106,103,97
20151230 17:21,284,13,290,15,281,16,101,62,77,32,10290,73,100,106,103,97
20151230 17:22,282,15,291,15,283,17,100,62,76,31,10290,72,100,106,103,97
20151230 17:23,284,16,291,15,284,18,100,62,76,31,10290,72,99,106,103,97
20151230 17:24,288,14,292,14,292,15,100,62,76,31,10290,72,99,106,103,97
20151230 17:25,295,11,292,14,297,11,99,62,76,30,10290,72,99,106,103,97
20151230 17:26,295,10,291,14,292,11,99,63,77,32,10290,72,98,106,103,98
20151230 17:27,291,10,290,13,290,13,98,63,76,31,10290,71,98,106,103,98
20151230 17:28,291,11,289,13,293,15,98,63,76,31,10290,71,98,106,103,98
20151230 17:29,297,12,290,13,301,14,98,63,76,31,10290,71,97,106,103,98
20151230 17:30,300,12,291,12,300,13,98,63,76,31,10290,71,97,105,103,98
20151230 17:31,304,11,294,12,308,13,97,63,76,30,10291,70,97,105,103,98
20151230 17:32,309,11,297,12,309,13,97,63,76,30,10291,70,97,105,103,98
20151230 17:33,303,10,298,11,297,12,97,63,76,30,10291,69,96,105,102,98
20151230 17:34,298,11,299,11,299,14,97,63,76,30,10291,69,96,105,103,98
20151230 17:35,299,12,299,11,299,15,97,63,76,30,10291,68,96,105,102,98
20151230 17:36,300,14,300,12,302,17,96,63,75,29,10292,68,96,105,102,98
20151230 17:37,303,14,301,12,304,15,96,63,75,29,10292,67,95,105,102,98
20151230 17:38,307,12,303,12,309,13,96,64,76,31,10292,67,95,105,102,98
20151230 17:39,307,11,303,12,304,15,96,64,76,31,10292,66,95,105,102,98
20151230 17:40,302,12,303,12,300,21,95,64,76,30,10292,65,95,104,102,98
20151230 17:41,299,14,302,13,298,23,95,64,76,30,10292,65,94,104,102,98
20151230 17:42,298,17,301,13,298,21,95,64,76,30,10292,64,94,104,102,98
20151230 17:43,294,16,300,14,291,16,94,64,75,29,10292,64,94,104,102,98
20151230 17:44,290,14,299,14,289,16,94,64,75,29,10292,64,94,104,102,98
20151230 17:45,287,14,298,14,285,21,94,64,75,29,10293,63,93,104,102,98
20151230 17:46,284,16,296,14,282,19,94,63,74,27,10293,63,93,104,102,98
20151230 17:47,283,16,294,14,283,18,94,63,74,27,10293,63,93,104,102,98
20151230 17:48,283,15,291,15,282,19,94,63,74,27,10293,63,92,104,102,98
20151230 17:49,282,15,289,15,283,20,94,63,74,27,10294,62,92,103,102,98
20151230 17:50,283,14,287,15,283,18,93,64,75,28,10294,62,92,103,102,98
20151230 17:51,281,14,285,15,279,17,93,64,75,28,10294,62,92,103,102,98
20151230 17:52,279,14,283,15,278,15,93,64,75,28,10294,61,91,103,102,98
20151230 17:53,281,13,283,14,283,14,93,64,75,28,10294,61,91,103,102,98
20151230 17:54,285,12,282,14,286,15,93,64,75,28,10294,61,91,103,102,98
20151230 17:55,288,12,283,14,290,12,92,64,74,28,10293,60,91,103,102,98
20151230 17:56,292,11,284,14,293,15,92,65,76,30,10293,60,90,103,102,98
20151230 17:57,295,12,285,13,297,14,92,65,76,30,10293,60,90,103,102,98
20151230 17:58,297,11,287,13,296,13,91,65,75,29,10293,60,90,103,102,98
20151230 17:59,295,11,288,12,294,11,91,65,75,29,10293,59,90,102,102,98
20151230 18:00,294,11,289,12,294,13,91,65,75,29,10294,59,89,102,102,98
20151230 18:01,295,12,291,12,295,15,91,65,75,29,10294,59,89,102,102,98
20151230 18:02,294,13,292,12,292,16,91,65,75,29,10294,59,89,102,102,98
20151230 18:03,290,15,292,13,287,18,90,65,75,28,10294,59,89,102,102,98
20151230 18:04,288,15,293,13,289,16,90,65,75,28,10294,59,88,102,102,98
20151230 18:05,288,14,293,13,288,18,90,65,75,28,10294,59,88,102,102,98
20151230 18:06,290,14,292,13,292,15,90,65,75,28,10294,59,88,102,102,98
20151230 18:07,291,12,292,13,290,15,90,65,75,28,10294,59,88,101,102,98
20151230 18:08,291,13,291,13,291,15,90,65,75,28,10294,58,87,101,102,98
20151230 18:09,292,12,291,13,292,14,90,65,75,28,10294,58,87,101,102,98
20151230 18:10,291,12,291,13,291,13,90,65,75,28,10295,58,87,101,102,98
20151230 18:11,292,12,291,13,293,14,90,66,76,30,10295,58,87,101,102,98
20151230 18:12,296,12,291,13,298,13,89,66,75,29,10295,58,87,101,102,98
20151230 18:13,298,11,292,13,298,13,89,66,75,29,10295,57,86,101,102,98
20151230 18:14,297,11,293,12,296,12,89,66,75,29,10295,57,86,101,102,98
20151230 18:15,298,10,294,12,301,14,88,66,75,28,10295,57,86,100,101,98
20151230 18:16,299,9,295,11,298,11,88,66,75,28,10295,57,86,100,101,98
20151230 18:17,298,9,296,11,299,12,88,66,75,28,10295,57,86,100,101,98
20151230 18:18,299,9,297,11,299,10,87,67,75,29,10295,56,85,100,101,98
20151230 18:19,301,8,298,10,303,9,87,67,75,29,10295,56,85,100,101,98
20151230 18:20,298,7,298,10,293,8,86,68,76,30,10295,55,85,100,101,98
20151230 18:21,286,6,296,9,278,8,86,68,76,30,10295,55,85,100,101,98
20151230 18:22,279,7,294,9,279,9,85,68,75,29,10295,55,84,100,101,98
20151230 18:23,282,8,293,9,285,9,85,68,75,29,10294,55,84,100,101,98
20151230 18:24,284,8,292,8,283,10,85,69,77,31,10294,55,84,99,101,98
20151230 18:25,286,7,291,8,289,8,84,69,76,30,10294,54,84,99,101,98
20151230 18:26,288,7,290,8,288,8,84,69,76,30,10294,54,84,99,101,98
20151230 18:27,289,8,289,7,290,11,83,69,75,30,10295,54,84,99,101,98
20151230 18:28,284,8,286,7,277,9,83,70,77,32,10295,54,83,99,101,98
20151230 18:29,277,9,284,8,277,10,82,70,76,31,10295,53,83,99,101,98
20151230 18:30,279,8,283,8,281,9,82,71,77,33,10295,53,83,99,101,98
20151230 18:31,283,8,283,8,284,8,81,71,77,32,10295,53,83,99,101,98
20151230 18:32,283,7,284,8,283,8,81,71,77,32,10295,53,83,99,101,98
20151230 18:33,286,8,284,8,288,10,80,71,76,31,10294,52,82,99,101,98
20151230 18:34,286,8,284,8,284,10,80,72,77,33,10294,52,82,98,101,98
20151230 18:35,288,7,284,8,291,7,79,72,77,32,10295,52,82,98,101,98
20151230 18:36,288,7,284,8,285,9,79,72,77,32,10295,51,82,98,101,98
20151230 18:37,282,7,283,8,278,8,78,73,77,33,10295,51,82,98,101,98
20151230 18:38,276,7,282,8,273,8,77,74,78,34,10295,50,81,98,101,98
20151230 18:39,275,8,282,8,276,9,77,74,78,34,10295,50,81,98,101,98
20151230 18:40,279,9,282,8,281,10,76,75,78,35,10296,50,81,98,101,98
20151230 18:41,283,9,282,8,285,10,75,75,78,34,10296,50,81,98,101,98
20151230 18:42,285,10,283,8,284,11,75,75,78,34,10296,50,81,98,100,98
20151230 18:43,284,10,282,8,284,11,74,75,77,33,10296,50,80,97,100,98
20151230 18:44,285,10,282,9,287,11,74,76,78,35,10296,49,80,97,100,98
20151230 18:45,286,10,282,9,285,10,73,76,78,34,10296,49,80,97,100,98
20151230 18:46,289,9,283,9,293,11,73,76,78,34,10296,49,80,97,100,98
20151230 18:47,299,9,285,9,306,10,72,77,78,34,10296,49,80,97,100,98
20151230 18:48,307,8,289,9,309,9,72,77,78,34,10296,49,80,97,100,98
20151230 18:49,316,8,294,9,323,10,72,76,77,33,10295,49,79,97,100,98
20151230 18:50,326,8,298,9,328,9,71,77,78,33,10295,49,79,97,100,98
20151230 18:51,329,8,303,9,331,11,71,78,79,35,10295,49,79,97,100,98
20151230 18:52,327,9,307,9,324,12,71,78,79,35,10296,49,79,96,100,98
20151230 18:53,324,11,311,9,325,15,70,79,79,36,10296,48,79,96,100,98
20151230 18:54,323,11,315,9,321,13,70,79,79,36,10296,48,78,96,100,98
20151230 18:55,317,9,317,9,314,11,69,80,80,37,10296,48,78,96,100,98
20151230 18:56,314,8,320,9,314,13,69,80,80,37,10296,47,78,96,100,98
20151230 18:57,316,9,321,9,319,14,69,79,79,35,10296,47,78,96,100,98
20151230 18:58,319,11,322,10,319,14,69,79,79,35,10297,47,78,96,100,98
20151230 18:59,321,11,322,10,324,16,69,78,78,33,10297,46,78,96,100,98
20151230 19:00,320,13,321,10,316,15,69,78,78,33,10297,46,77,96,100,98
20151230 19:01,317,14,319,11,317,17,69,78,78,33,10298,45,77,95,100,98
20151230 19:02,317,13,319,11,318,17,69,77,77,32,10298,45,77,95,100,98
20151230 19:03,318,12,318,11,318,14,70,77,77,32,10298,44,77,95,100,98
20151230 19:04,316,11,317,11,315,15,70,77,77,32,10299,44,77,95,100,98
20151230 19:05,314,11,317,11,313,13,70,76,76,31,10299,44,77,95,99,98
20151230 19:06,312,11,317,12,310,15,71,76,77,32,10299,43,76,95,99,98
20151230 19:07,309,10,316,12,308,11,71,76,77,32,10299,43,76,95,99,98
20151230 19:08,306,9,314,11,304,11,71,76,77,32,10300,43,76,95,99,98
20151230 19:09,310,10,313,11,315,17,71,76,77,32,10300,42,76,95,99,98
20151230 19:10,311,10,313,11,308,10,71,76,77,32,10300,42,76,95,99,98
20151230 19:11,307,10,312,11,307,19,71,76,77,32,10301,42,75,94,99,98
20151230 19:12,309,12,311,11,311,17,71,76,77,32,10301,41,75,94,99,98
20151230 19:13,309,13,310,11,308,17,71,76,77,32,10301,41,75,94,99,98
20151230 19:14,306,13,309,11,304,15,71,76,77,32,10301,41,75,94,99,98
20151230 19:15,305,12,308,11,305,15,70,76,76,31,10301,40,75,94,99,98
20151230 19:16,305,11,308,11,306,13,70,76,76,31,10302,40,74,94,99,98
20151230 19:17,304,12,307,11,301,15,70,76,76,31,10302,40,74,94,99,98
20151230 19:18,304,12,307,12,307,17,70,76,76,31,10302,40,74,94,99,98
20151230 19:19,307,12,306,12,307,17,69,77,77,32,10302,40,74,94,99,98
20151230 19:20,307,12,306,12,308,15,69,77,77,32,10302,40,74,93,99,98
20151230 19:21,305,13,306,12,302,18,69,77,77,32,10302,39,73,93,99,98
20151230 19:22,301,14,305,13,300,17,69,77,77,32,10302,39,73,93,99,98
20151230 19:23,300,15,304,13,299,18,70,77,77,32,10302,39,73,93,99,98
20151230 19:24,299,15,303,13,299,21,70,77,77,32,10302,39,73,93,99,98
20151230 19:25,296,15,302,13,293,16,70,77,77,32,10303,39,73,93,99,98
20151230 19:26,292,14,301,14,291,17,70,76,76,31,10303,39,72,93,99,98
20151230 19:27,292,14,300,14,293,16,70,76,76,31,10303,39,72,93,98,98
20151230 19:28,293,14,299,14,294,18,70,76,76,31,10303,39,72,93,98,98
20151230 19:29,294,14,297,14,294,17,70,76,76,31,10303,39,72,92,98,98
20151230 19:30,294,15,296,15,294,19,70,76,76,31,10303,38,72,92,98,98
20151230 19:31,293,15,295,15,292,16,70,76,76,31,10304,38,72,92,98,98
20151230 19:32,292,14,294,15,292,16,70,77,77,32,10304,38,71,92,98,98
20151230 19:33,290,13,293,14,287,15,70,77,77,32,10304,38,71,92,98,98
20151230 19:34,287,14,292,14,288,16,69,77,77,32,10304,38,71,92,98,98
20151230 19:35,286,13,291,14,284,14,69,77,77,32,10305,37,71,92,98,98
20151230 19:36,285,13,291,14,287,15,69,77,77,32,10305,37,71,92,98,98
20151230 19:37,285,13,290,14,283,15,69,77,77,32,10305,37,70,92,98,98
20151230 19:38,280,12,288,14,277,14,69,78,78,33,10305,37,70,92,98,98
20151230 19:39,277,13,286,13,277,14,69,78,78,33,10305,37,70,91,98,98
20151230 19:40,276,13,284,13,276,14,69,78,78,33,10305,37,70,91,98,98
20151230 19:41,273,13,282,13,270,15,69,78,78,33,10304,37,70,91,98,98
20151230 19:42,272,14,280,13,273,16,69,78,78,33,10304,37,70,91,98,98
20151230 19:43,273,13,279,13,274,14,69,78,78,33,10304,36,69,91,98,98
20151230 19:44,273,12,277,13,272,15,69,78,78,33,10304,36,69,91,98,98
20151230 19:45,269,11,275,13,266,11,68,78,77,32,10304,36,69,91,98,98
20151230 19:46,266,10,273,12,265,11,68,78,77,32,10304,36,69,91,97,98
20151230 19:47,267,10,272,12,269,11,68,78,77,32,10304,35,69,91,97,98
20151230 19:48,273,10,272,12,277,11,67,78,77,31,10304,35,69,91,97,98
20151230 19:49,278,11,272,12,278,12,66,79,77,32,10304,35,69,90,97,98
20151230 19:50,281,11,273,12,284,11,65,79,76,31,10304,34,68,90,97,98
20151230 19:51,289,10,275,11,294,10,65,80,77,33,10304,34,68,90,97,98
20151230 19:52,297,9,278,11,300,9,65,80,77,33,10304,34,68,90,97,98
20151230 19:53,301,8,281,10,303,9,65,80,77,33,10304,34,68,90,97,98
20151230 19:54,305,9,284,10,307,12,64,81,78,34,10304,33,68,90,97,98
20151230 19:55,304,11,288,10,301,12,63,81,77,33,10304,33,68,90,97,98
20151230 19:56,299,11,291,10,297,12,63,82,78,35,10304,33,67,90,97,98
20151230 19:57,298,12,294,10,298,14,63,82,78,35,10304,32,67,90,97,98
20151230 19:58,300,12,296,10,301,14,62,83,79,35,10305,32,67,89,97,98
20151230 19:59,302,14,299,11,303,16,62,83,79,35,10305,32,67,89,97,98
20151230 20:00,304,14,301,11,305,16,62,83,79,35,10305,32,67,89,97,98
