time_now,wd_avg_2mins,ws_avg_2mins,wd_avg_10mins,ws_avg_10mins,wd_maxsp_this_min,ws_maxsp_this_min,air_temp_by_box,relative_humidity,water_vapor_pressure,dew_temp,station_pressure,ground_temp_pt,ground_tem_5cm,ground_tem_10cm,ground_tem_15cm,ground_tem_20cm
20160309 20:01,44,62,47,64,43,90,66,94,92,57,10162,68,84,104,117,124
20160309 20:02,49,58,48,64,54,113,66,94,92,57,10162,68,84,104,117,124
20160309 20:03,49,67,47,65,44,113,66,94,92,57,10161,68,84,104,117,124
20160309 20:04,46,61,47,62,48,95,66,94,92,57,10160,68,84,104,117,124
20160309 20:05,48,67,47,64,47,126,67,94,92,58,10160,68,84,104,116,124
20160309 20:06,44,73,46,65,40,99,67,94,92,58,10160,68,84,104,116,124
20160309 20:07,41,61,46,63,42,85,67,94,92,58,10160,68,84,104,116,124
20160309 20:08,43,63,45,65,44,114,67,94,92,58,10161,69,84,104,116,124
20160309 20:09,45,73,45,66,47,113,67,94,92,58,10161,69,84,104,116,124
20160309 20:10,40,69,44,65,33,87,67,94,92,58,10162,69,84,104,116,124
20160309 20:11,32,62,43,66,30,119,67,94,92,58,10163,69,84,104,116,124
20160309 20:12,28,70,40,67,26,118,67,94,92,58,10163,69,84,103,116,124
20160309 20:13,31,87,39,70,36,133,67,94,92,58,10164,68,84,103,116,124
20160309 20:14,37,80,38,71,38,94,67,94,92,58,10164,68,84,103,116,124
20160309 20:15,40,71,38,71,42,127,67,94,92,58,10164,68,84,103,116,124
20160309 20:16,34,74,37,71,27,97,67,94,92,58,10164,69,84,103,116,124
20160309 20:17,34,74,36,73,41,126,67,94,92,58,10163,68,84,103,116,124
20160309 20:18,43,71,37,73,45,97,67,94,92,58,10163,68,84,103,116,123
20160309 20:19,43,61,36,71,41,94,67,94,92,58,10163,69,84,103,116,123
20160309 20:20,39,66,36,72,38,107,67,94,92,58,10163,69,84,103,116,123
20160309 20:21,38,85,37,76,39,150,67,93,91,56,10163,68,84,103,116,123
20160309 20:22,43,84,40,75,48,111,67,93,91,56,10162,68,84,103,116,123
20160309 20:23,45,81,40,74,42,114,67,93,91,56,10162,68,84,103,116,123
20160309 20:24,44,84,41,76,46,125,67,93,91,56,10161,68,84,103,116,123
20160309 20:25,45,87,41,78,44,121,67,93,91,56,10161,68,84,103,116,123
20160309 20:26,41,96,42,80,38,131,67,93,91,56,10160,68,84,103,116,123
20160309 20:27,40,86,42,80,42,110,67,93,91,56,10160,68,84,103,115,123
20160309 20:28,40,65,42,79,39,98,67,93,91,56,10160,68,84,103,115,123
20160309 20:29,45,63,43,80,51,107,67,93,91,56,10160,68,83,103,115,123
20160309 20:30,45,75,43,81,40,126,67,93,91,56,10161,68,83,103,115,123
20160309 20:31,43,70,44,77,46,99,67,93,91,56,10161,68,83,103,115,123
20160309 20:32,46,56,43,75,46,81,67,93,91,56,10162,68,83,103,115,123
20160309 20:33,42,54,43,72,38,73,67,93,91,56,10162,68,83,102,115,123
20160309 20:34,37,52,42,69,35,108,67,94,92,58,10162,68,83,102,115,123
20160309 20:35,36,56,41,66,37,92,67,94,92,58,10162,68,83,102,115,123
20160309 20:36,37,53,41,60,37,95,67,94,92,58,10162,68,83,102,115,123
20160309 20:37,36,54,40,59,35,86,67,94,92,58,10163,69,83,102,115,123
20160309 20:38,40,53,41,58,46,70,67,94,92,58,10164,69,83,102,115,123
20160309 20:39,45,53,40,57,44,88,66,94,92,57,10164,69,83,102,115,123
20160309 20:40,40,64,40,55,37,89,66,94,92,57,10164,69,83,102,115,123
20160309 20:41,36,68,39,57,36,111,66,94,92,57,10164,69,83,102,115,123
20160309 20:42,45,69,40,58,54,111,66,94,92,57,10164,68,83,102,115,123
20160309 20:43,50,66,41,59,46,87,66,94,92,57,10164,68,83,102,115,123
20160309 20:44,41,58,41,59,36,75,66,94,92,57,10163,68,83,102,115,123
20160309 20:45,36,44,41,57,36,55,66,94,92,57,10163,68,83,102,115,123
20160309 20:46,35,42,40,57,34,74,66,94,92,57,10163,68,83,102,115,122
20160309 20:47,33,60,40,58,33,96,66,94,92,57,10163,68,83,102,115,122
20160309 20:48,36,71,39,61,39,95,66,94,92,57,10164,68,83,102,115,122
20160309 20:49,40,63,39,60,41,79,66,93,91,56,10164,68,83,102,115,122
20160309 20:50,37,62,39,61,32,111,66,93,91,56,10165,68,83,102,114,122
20160309 20:51,34,78,39,62,36,138,66,93,91,56,10166,67,83,102,114,122
20160309 20:52,38,80,37,63,40,107,66,93,91,56,10166,67,83,102,114,122
20160309 20:53,35,67,36,62,30,91,66,93,91,56,10166,67,83,102,114,122
20160309 20:54,32,57,35,63,34,80,66,93,91,56,10166,67,83,102,114,122
20160309 20:55,38,63,36,66,42,102,65,93,90,55,10166,67,83,101,114,122
20160309 20:56,38,66,36,67,34,84,65,93,90,55,10167,67,83,101,114,122
20160309 20:57,33,61,36,66,32,92,65,93,90,55,10168,67,83,102,114,122
20160309 20:58,34,64,36,66,36,93,65,93,90,55,10168,67,83,101,114,122
20160309 20:59,40,74,36,69,44,117,65,93,90,55,10168,67,83,101,114,122
20160309 21:00,42,80,37,69,39,111,65,93,90,55,10168,67,83,101,114,122
20160309 21:01,44,74,38,68,48,97,65,93,90,55,10168,67,83,101,114,122
20160309 21:02,47,65,38,66,45,75,65,93,90,55,10169,67,83,101,114,122
20160309 21:03,43,57,39,66,40,82,66,93,91,56,10169,67,83,101,114,122
20160309 21:04,39,57,40,66,37,89,66,93,91,56,10169,67,83,101,114,122
20160309 21:05,34,50,38,63,30,67,66,93,91,56,10169,67,83,101,114,122
20160309 21:06,37,60,39,65,43,128,66,93,91,56,10168,67,83,101,114,122
20160309 21:07,40,66,40,64,38,95,66,93,91,56,10169,67,83,101,114,122
20160309 21:08,37,57,40,64,36,86,66,93,91,56,10169,67,83,101,114,122
20160309 21:09,38,71,40,64,40,114,66,93,91,56,10169,67,82,101,114,122
20160309 21:10,33,85,38,65,26,137,66,92,90,54,10169,67,82,101,114,122
20160309 21:11,33,78,38,65,40,107,66,92,90,54,10170,67,82,101,114,122
20160309 21:12,41,65,37,65,41,87,66,92,90,54,10170,67,82,101,114,122
20160309 21:13,34,54,36,64,26,75,66,92,90,54,10170,67,82,101,114,122
20160309 21:14,29,52,35,64,33,79,66,92,90,54,10170,67,82,101,113,121
20160309 21:15,28,47,35,64,24,71,66,92,90,54,10170,67,82,101,113,121
20160309 21:16,23,43,33,61,22,82,66,92,90,54,10171,67,82,101,113,121
20160309 21:17,27,47,32,60,33,63,66,92,90,54,10171,67,82,101,113,121
20160309 21:18,23,41,30,57,14,52,66,92,90,54,10172,67,82,101,113,121
20160309 21:19,11,39,27,53,7,58,66,92,90,54,10172,67,82,101,113,121
20160309 21:20,22,42,28,49,37,73,66,92,90,54,10172,68,82,101,113,121
20160309 21:21,39,38,28,45,42,47,66,92,90,54,10174,68,82,101,113,121
20160309 21:22,38,47,27,45,34,100,66,92,90,54,10174,68,82,100,113,121
20160309 21:23,29,68,27,48,24,116,66,92,90,54,10174,67,82,100,113,121
20160309 21:24,23,67,26,48,23,76,66,92,90,54,10174,67,82,100,113,121
20160309 21:25,24,62,26,51,24,114,66,92,90,54,10175,67,82,100,113,121
20160309 21:26,25,61,27,52,27,88,66,92,90,54,10175,67,82,100,113,121
20160309 21:27,25,53,26,53,23,84,66,92,90,54,10176,67,82,100,113,121
20160309 21:28,22,55,26,54,21,77,66,92,90,54,10177,67,82,100,113,121
20160309 21:29,29,57,29,56,37,91,66,92,90,54,10177,67,82,100,113,121
20160309 21:30,29,58,28,58,21,80,66,92,90,54,10177,67,82,100,113,121
20160309 21:31,23,58,26,60,25,76,66,92,90,54,10178,67,82,100,113,121
20160309 21:32,27,44,25,57,29,50,66,92,90,54,10178,67,82,100,113,121
20160309 21:33,25,33,25,53,21,47,66,92,90,54,10179,67,82,100,113,121
20160309 21:34,24,40,25,52,26,71,66,92,90,54,10179,67,82,100,113,121
20160309 21:35,20,46,24,50,14,65,66,92,90,54,10180,67,82,100,113,121
20160309 21:36,12,52,23,50,10,80,66,92,90,54,10180,67,82,100,113,121
20160309 21:37,18,60,23,51,26,98,66,92,90,54,10180,67,82,100,113,121
20160309 21:38,25,58,23,51,23,96,66,92,90,54,10180,67,82,100,113,121
20160309 21:39,15,52,20,50,6,74,65,92,89,53,10181,67,82,100,112,121
20160309 21:40,15,59,20,51,23,88,65,92,89,53,10181,67,81,100,112,121
20160309 21:41,22,59,20,50,21,77,65,92,89,53,10181,67,82,100,112,121
20160309 21:42,21,51,19,52,20,72,65,92,89,53,10180,67,82,100,112,121
20160309 21:43,27,52,20,54,33,83,65,92,89,53,10180,67,81,100,112,121
20160309 21:44,31,55,21,55,29,84,65,92,89,53,10180,67,81,100,112,120
20160309 21:45,30,48,22,54,30,69,65,93,90,55,10180,67,81,100,112,120
20160309 21:46,30,42,24,53,30,70,65,93,90,55,10180,67,81,100,112,120
20160309 21:47,31,45,25,51,32,68,65,93,90,55,10180,67,81,99,112,120
20160309 21:48,28,50,25,51,24,83,65,93,90,55,10180,67,81,99,112,120
20160309 21:49,29,49,28,51,33,72,64,93,89,54,10180,66,81,99,112,120
20160309 21:50,31,43,28,48,29,82,64,93,89,54,10180,66,81,99,112,120
20160309 21:51,28,66,29,52,27,123,64,93,89,54,10180,66,81,99,112,120
20160309 21:52,28,87,30,55,30,111,65,93,90,55,10180,66,81,99,112,120
20160309 21:53,30,79,29,57,30,121,65,93,90,55,10181,66,81,99,112,120
20160309 21:54,33,68,30,58,36,74,65,93,90,55,10181,65,81,99,112,120
20160309 21:55,36,49,31,57,36,67,65,93,90,55,10181,66,81,99,112,120
20160309 21:56,29,45,30,59,21,96,64,93,89,54,10182,66,81,99,112,120
20160309 21:57,24,59,29,60,26,106,64,93,89,54,10182,66,81,99,112,120
20160309 21:58,26,59,29,60,26,70,64,93,89,54,10182,66,81,99,112,120
20160309 21:59,21,43,28,59,16,64,64,93,89,54,10182,66,81,99,112,120
20160309 22:00,23,40,28,60,29,61,64,93,89,54,10183,66,81,99,112,120
20160309 22:01,24,53,27,57,19,92,64,93,89,54,10183,66,81,99,112,120
20160309 22:02,20,60,26,55,22,92,64,93,89,54,10182,66,81,99,112,120
20160309 22:03,23,54,25,52,24,71,64,93,89,54,10182,66,81,99,112,120
20160309 22:04,27,40,25,49,30,47,64,93,89,54,10182,66,81,99,111,120
20160309 22:05,31,42,25,50,32,72,64,93,89,54,10182,66,81,99,111,120
20160309 22:06,30,59,25,52,29,86,64,93,89,54,10182,66,80,99,111,120
20160309 22:07,29,70,26,52,28,96,64,93,89,54,10181,66,80,99,111,120
20160309 22:08,23,63,25,52,18,75,64,93,89,54,10181,66,80,99,111,120
20160309 22:09,23,58,26,55,29,108,64,93,89,54,10182,66,80,99,111,120
20160309 22:10,29,68,26,58,28,89,64,93,89,54,10182,65,80,99,111,120
20160309 22:11,25,73,26,59,22,91,64,93,89,54,10182,65,80,98,111,120
20160309 22:12,24,68,27,60,26,104,64,93,89,54,10182,65,80,98,111,120
20160309 22:13,24,68,26,62,21,99,64,93,89,54,10182,65,80,98,111,119
20160309 22:14,22,76,26,67,23,125,64,93,89,54,10181,65,80,98,111,119
20160309 22:15,21,81,24,70,20,124,64,93,89,54,10181,65,80,98,111,119
20160309 22:16,28,76,25,70,37,113,64,93,89,54,10181,64,80,98,111,119
20160309 22:17,33,73,25,71,29,116,64,93,89,54,10181,65,80,98,111,119
20160309 22:18,27,77,26,73,25,113,64,93,89,54,10181,64,80,98,111,119
20160309 22:19,26,71,26,73,26,85,64,93,89,54,10181,64,80,98,111,119
20160309 22:20,28,73,26,74,30,127,63,93,89,53,10182,64,80,98,111,119
20160309 22:21,31,75,27,74,32,99,63,93,89,53,10182,64,80,98,111,119
20160309 22:22,33,68,28,74,34,102,63,93,89,53,10183,64,80,98,111,119
20160309 22:23,34,67,29,74,34,108,63,93,89,53,10183,64,80,98,111,119
20160309 22:24,33,55,30,70,32,66,63,93,89,53,10183,64,79,98,111,119
20160309 22:25,35,45,32,66,38,73,63,93,89,53,10183,64,79,98,110,119
20160309 22:26,36,46,31,64,33,74,63,93,89,53,10183,64,79,98,110,119
20160309 22:27,33,46,32,61,34,58,63,93,89,53,10183,64,79,98,110,119
20160309 22:28,29,51,32,59,24,83,63,93,89,53,10183,64,79,98,110,119
20160309 22:29,28,57,32,58,33,91,63,93,89,53,10183,64,79,98,110,119
20160309 22:30,34,60,33,56,35,78,63,93,89,53,10183,64,79,97,110,119
20160309 22:31,32,63,33,56,29,86,63,93,89,53,10183,64,79,97,110,119
20160309 22:32,25,57,31,54,20,92,63,93,89,53,10183,65,79,97,110,119
20160309 22:33,19,47,30,52,17,60,63,94,90,54,10183,65,79,97,110,119
20160309 22:34,24,43,30,51,32,59,63,94,90,54,10183,65,79,97,110,119
20160309 22:35,35,45,30,52,38,68,63,94,90,54,10183,65,79,97,110,119
20160309 22:36,28,45,28,51,18,66,63,94,90,54,10183,65,79,97,110,118
20160309 22:37,18,49,26,52,18,76,63,94,90,54,10183,65,79,97,110,118
20160309 22:38,14,52,25,51,10,74,63,94,90,54,10184,65,79,97,110,118
20160309 22:39,15,53,24,52,20,82,63,94,90,54,10184,64,78,97,110,118
20160309 22:40,19,59,22,51,18,71,63,94,90,54,10185,64,78,97,110,118
20160309 22:41,16,55,20,50,14,70,63,94,90,54,10185,64,78,97,110,118
20160309 22:42,20,60,21,52,25,92,63,94,90,54,10185,64,78,97,110,118
20160309 22:43,23,60,21,53,21,88,63,94,90,54,10185,64,78,97,110,118
20160309 22:44,21,65,20,56,21,100,63,94,90,54,10185,64,78,97,109,118
20160309 22:45,26,70,20,58,32,91,63,94,90,54,10184,64,78,97,109,118
20160309 22:46,28,55,20,58,25,59,63,94,90,54,10184,64,78,96,109,118
20160309 22:47,26,41,21,56,27,73,63,94,90,54,10184,64,78,96,109,118
20160309 22:48,25,43,23,56,24,73,63,94,90,54,10184,65,78,96,109,118
20160309 22:49,20,47,22,55,16,78,63,94,90,54,10183,64,78,96,109,118
20160309 22:50,22,55,23,56,28,105,63,94,90,54,10183,64,78,96,109,118
20160309 22:51,28,64,25,57,28,101,63,94,90,54,10184,64,78,96,109,118
20160309 22:52,29,68,25,57,30,98,63,94,90,54,10183,64,78,96,109,118
20160309 22:53,27,65,25,58,23,98,63,94,90,54,10184,64,78,96,109,118
20160309 22:54,23,57,26,56,23,98,63,94,90,54,10184,64,78,96,109,118
20160309 22:55,21,60,24,56,20,96,63,94,90,54,10184,64,78,96,109,118
20160309 22:56,24,58,25,56,28,66,63,94,90,54,10185,64,78,96,109,118
20160309 22:57,24,46,24,57,20,72,63,94,90,54,10185,64,78,96,109,118
20160309 22:58,20,50,24,58,21,85,63,94,90,54,10185,64,78,96,109,118
20160309 22:59,22,54,24,58,22,59,63,94,90,54,10185,64,78,96,109,117
20160309 23:00,24,44,24,55,25,53,63,94,90,54,10185,64,78,96,109,117
20160309 23:01,24,45,23,54,22,62,63,94,90,54,10186,64,78,96,109,117
20160309 23:02,18,41,22,50,13,62,63,94,90,54,10185,65,78,95,108,117
20160309 23:03,19,50,22,51,25,95,63,94,90,54,10186,64,78,95,108,117
20160309 23:04,24,69,22,53,24,93,63,94,90,54,10186,64,77,95,108,117
20160309 23:05,23,73,22,53,23,100,63,94,90,54,10186,64,77,95,108,117
20160309 23:06,23,73,22,56,24,96,63,93,89,53,10186,64,77,95,108,117
20160309 23:07,26,64,23,57,29,86,64,93,89,54,10187,64,77,95,108,117
20160309 23:08,26,49,23,55,23,67,63,93,89,53,10186,64,77,95,108,117
20160309 23:09,25,46,23,56,26,78,63,93,89,53,10187,64,77,95,108,117
20160309 23:10,25,56,23,58,25,106,63,93,89,53,10187,64,77,95,108,117
20160309 23:11,28,61,24,59,31,112,63,93,89,53,10188,64,77,95,108,117
20160309 23:12,34,53,27,60,37,70,63,93,89,53,10188,64,77,95,108,117
20160309 23:13,27,52,26,59,17,96,63,93,89,53,10188,64,77,95,108,117
20160309 23:14,22,56,26,58,27,72,63,93,89,53,10188,64,77,95,108,117
20160309 23:15,24,46,26,54,21,71,63,93,89,53,10188,64,77,95,108,117
20160309 23:16,28,45,27,52,34,73,63,93,89,53,10188,64,77,95,108,117
20160309 23:17,34,50,28,51,34,75,63,93,89,53,10188,64,77,95,108,117
20160309 23:18,31,48,28,52,27,70,63,93,89,53,10189,64,77,95,108,117
20160309 23:19,24,42,28,50,22,51,63,94,90,54,10189,64,77,95,108,117
20160309 23:20,25,46,28,50,28,66,63,94,90,54,10189,65,77,95,108,117
20160309 23:21,30,43,28,47,33,51,63,94,90,54,10189,65,77,95,108,117
20160309 23:22,27,44,26,48,21,80,63,94,90,54,10189,65,77,95,108,117
20160309 23:23,12,47,25,46,2,48,63,94,90,54,10189,65,77,94,108,117
20160309 23:24,11,40,24,45,20,70,63,94,90,54,10189,65,77,94,108,117
20160309 23:25,18,50,24,47,17,88,63,94,90,54,10189,64,77,94,107,117
20160309 23:26,26,65,24,49,36,109,63,94,90,54,10189,64,77,94,107,117
20160309 23:27,31,75,23,51,25,107,63,93,89,53,10190,64,77,94,107,117
20160309 23:28,26,75,23,54,26,101,63,93,89,53,10189,64,77,94,107,117
20160309 23:29,29,71,24,57,31,88,63,93,89,53,10189,64,77,94,107,117
20160309 23:30,33,65,25,58,34,97,63,93,89,53,10189,64,77,94,107,117
20160309 23:31,27,67,23,62,20,111,63,93,89,53,10189,63,77,94,107,117
20160309 23:32,23,64,24,62,27,73,63,93,89,53,10189,63,77,94,107,117
20160309 23:33,29,51,27,63,32,61,63,93,89,53,10189,63,77,94,107,117
20160309 23:34,33,44,28,63,34,65,63,93,89,53,10189,63,77,94,107,117
20160309 23:35,32,51,29,63,29,83,63,93,89,53,10189,63,77,94,107,117
20160309 23:36,32,50,29,60,34,66,63,93,89,53,10190,63,77,94,107,117
20160309 23:37,27,41,29,56,20,77,63,93,89,53,10190,64,77,94,107,117
20160309 23:38,25,54,29,55,30,99,63,93,89,53,10191,63,77,94,107,117
20160309 23:39,31,54,29,53,33,72,63,93,89,53,10191,63,77,94,107,117
20160309 23:40,28,45,28,51,23,76,63,93,89,53,10191,63,77,94,107,117
20160309 23:41,22,55,28,50,21,79,63,93,89,53,10191,63,76,94,107,117
20160309 23:42,18,55,27,50,16,61,63,93,89,53,10191,63,77,94,107,117
20160309 23:43,20,48,26,50,24,67,63,93,89,53,10192,64,76,94,107,117
20160309 23:44,23,51,25,51,23,78,63,93,89,53,10192,63,76,94,107,117
20160309 23:45,23,58,25,51,23,84,63,93,89,53,10192,63,76,94,107,117
20160309 23:46,24,58,24,53,26,79,63,93,89,53,10192,63,76,94,107,117
20160309 23:47,21,50,23,53,16,62,63,93,89,53,10192,63,76,94,107,117
20160309 23:48,10,48,21,51,3,67,63,93,89,53,10192,63,76,93,107,117
20160309 23:49,9,42,19,51,15,44,63,93,89,53,10192,63,76,93,107,117
20160309 23:50,19,34,19,49,22,56,63,93,89,53,10192,63,76,93,106,117
20160309 23:51,18,39,18,47,13,77,63,93,89,53,10192,63,76,93,107,117
20160309 23:52,17,46,19,47,21,65,63,93,89,53,10192,63,76,93,106,116
20160309 23:53,16,42,17,46,10,56,63,93,89,53,10192,63,76,93,106,116
20160309 23:54,18,45,18,46,27,75,62,93,88,52,10192,63,76,93,106,116
20160309 23:55,20,49,17,44,13,59,62,93,88,52,10192,63,76,93,106,116
20160309 23:56,19,49,17,44,25,86,62,93,88,52,10192,63,76,93,106,116
20160309 23:57,20,53,16,45,15,80,62,93,88,52,10192,63,76,93,106,116
20160309 23:58,20,59,18,47,24,96,62,93,88,52,10192,63,76,93,106,116
20160309 23:59,24,69,19,50,23,97,62,92,87,50,10192,63,76,93,106,116
20160309 00:00,23,62,19,52,22,79,62,92,87,50,10191,62,76,93,106,116
20160309 00:01,27,54,21,53,32,74,62,92,87,50,10192,63,76,93,106,116
20160309 00:02,24,55,21,54,17,91,62,92,87,50,10191,63,76,93,106,116
20160309 00:03,21,56,22,56,25,102,62,92,87,50,10191,62,76,93,106,116
20160309 00:04,32,65,23,58,39,103,62,92,87,50,10191,62,76,93,106,116
20160309 00:05,38,64,26,59,37,76,62,92,87,50,10190,62,76,93,106,116
20160309 00:06,31,50,26,58,26,68,62,92,87,50,10190,62,76,93,106,116
20160309 00:07,27,52,27,59,28,103,62,92,87,50,10190,62,76,93,106,116
20160309 00:08,35,71,29,61,43,115,62,92,87,50,10191,62,76,93,106,116
20160309 00:09,41,72,31,60,38,86,62,92,87,50,10190,62,76,93,106,116
20160309 00:10,37,57,32,60,37,79,62,92,87,50,10191,62,76,93,106,116
20160309 00:11,35,59,32,61,33,86,62,92,87,50,10191,62,75,93,106,116
20160309 00:12,28,63,33,61,24,86,62,92,87,50,10190,62,75,93,106,116
20160309 00:13,32,62,35,62,40,75,62,92,87,50,10190,62,75,92,106,116
20160309 00:14,37,56,34,60,34,83,61,92,87,49,10191,61,75,92,106,116
20160309 00:15,34,57,34,60,34,96,61,92,87,49,10190,61,75,92,106,116
20160309 00:16,30,54,34,60,25,60,61,92,87,49,10190,61,75,92,106,116
20160309 00:17,26,49,34,60,27,81,61,92,87,49,10191,62,75,92,106,115
20160309 00:18,28,56,32,57,30,87,61,92,87,49,10191,62,75,92,106,115
20160309 00:19,32,68,32,59,34,100,61,92,87,49,10191,61,75,92,106,115
20160309 00:20,32,67,31,59,29,94,61,92,87,49,10191,61,75,92,106,115
20160309 00:21,31,59,31,59,32,92,61,92,87,49,10191,61,75,92,106,115
20160309 00:22,35,62,32,59,38,106,61,92,87,49,10191,61,75,92,106,115
20160309 00:23,31,67,31,60,24,96,61,92,87,49,10191,61,75,92,106,115
20160309 00:24,32,55,31,59,41,60,61,92,87,49,10191,61,75,92,106,115
20160309 00:25,28,42,30,57,16,74,61,92,87,49,10191,61,75,92,106,115
20160309 00:26,20,56,29,59,23,93,61,92,87,49,10192,61,75,92,106,115
20160309 00:27,26,66,30,60,28,80,61,92,87,49,10192,61,75,92,106,115
20160309 00:28,29,60,30,60,31,75,61,92,87,49,10192,61,75,92,106,115
20160309 00:29,32,46,30,56,33,51,61,92,87,49,10192,61,75,92,106,115
20160309 00:30,26,41,29,55,20,59,61,92,87,49,10192,62,75,92,106,115
20160309 00:31,25,48,28,54,31,65,61,92,87,49,10192,62,75,92,106,115
20160309 00:32,30,42,28,51,29,52,61,93,88,51,10192,62,74,92,106,115
20160309 00:33,27,35,28,47,25,67,61,93,88,51,10192,62,74,92,106,115
20160309 00:34,26,46,26,49,28,75,61,93,88,51,10191,62,74,92,106,115
20160309 00:35,32,62,28,51,36,90,61,93,88,51,10192,62,74,92,106,115
20160309 00:36,35,63,30,51,34,85,61,93,88,51,10192,61,74,92,106,115
20160309 00:37,26,59,29,50,18,81,61,93,88,51,10192,61,74,92,106,115
20160309 00:38,22,65,28,52,26,99,61,93,88,51,10192,61,74,92,106,114
20160309 00:39,25,69,27,55,24,93,61,93,88,51,10192,61,74,92,106,114
20160309 00:40,27,64,28,56,29,92,61,92,87,49,10192,61,74,92,106,114
20160309 00:41,32,48,29,55,36,55,61,92,87,49,10192,61,74,92,106,114
20160309 00:42,30,31,28,54,24,42,61,92,87,49,10192,61,74,92,106,114
20160309 00:43,28,32,29,54,32,56,61,93,88,51,10192,62,74,92,106,114
20160309 00:44,36,51,30,55,39,114,61,93,88,51,10192,62,74,92,106,114
20160309 00:45,39,64,30,54,38,87,61,92,87,49,10193,61,74,92,106,114
20160309 00:46,36,76,30,57,33,121,61,92,87,49,10193,61,74,92,106,114
20160309 00:47,29,84,30,59,24,105,61,92,87,49,10193,61,74,92,106,114
20160309 00:48,28,76,31,59,31,99,61,91,86,47,10193,60,74,92,106,114
20160309 00:49,31,66,32,59,30,94,61,91,86,47,10194,60,74,92,106,114
20160309 00:50,26,63,31,59,22,103,61,91,86,47,10194,60,74,92,106,114
20160309 00:51,24,64,30,62,25,94,61,91,86,47,10194,60,74,92,106,114
20160309 00:52,28,65,31,66,31,99,61,91,86,47,10194,60,74,92,106,114
20160309 00:53,26,54,29,67,21,53,61,91,86,47,10194,60,74,91,105,114
20160309 00:54,20,47,27,65,18,74,61,91,86,47,10194,60,74,91,105,114
20160309 00:55,20,55,26,65,21,76,61,91,86,47,10194,60,74,92,105,114
20160309 00:56,26,45,25,59,31,55,61,91,86,47,10193,60,74,92,105,114
20160309 00:57,27,39,25,56,24,80,60,91,85,46,10193,61,74,91,105,114
20160309 00:58,28,54,25,55,32,97,60,91,85,46,10194,61,74,91,105,114
20160309 00:59,28,57,25,54,24,75,60,91,85,46,10193,60,74,91,105,114
20160309 01:00,22,51,25,52,21,72,60,91,85,46,10193,60,74,91,105,114
20160309 01:01,17,48,24,51,12,66,60,91,85,46,10193,60,74,91,105,114
20160309 01:02,15,45,22,48,18,54,60,91,85,46,10194,60,74,91,105,114
20160309 01:03,14,50,21,50,10,73,60,91,85,46,10193,60,74,91,105,113
20160309 01:04,14,54,21,50,17,89,60,91,85,46,10194,60,74,91,105,113
20160309 01:05,21,53,21,49,25,79,60,91,85,46,10194,60,74,91,105,113
20160309 01:06,26,62,21,53,27,91,60,91,85,46,10194,60,73,91,105,113
20160309 01:07,28,60,22,54,29,74,60,91,85,46,10194,60,73,91,105,113
20160309 01:08,28,49,21,52,27,60,60,91,85,46,10194,60,73,91,105,113
20160309 01:09,29,47,22,52,32,75,60,91,85,46,10193,60,73,91,105,113
20160309 01:10,28,61,22,54,25,88,60,91,85,46,10193,60,73,91,105,113
20160309 01:11,28,72,24,57,31,120,60,91,85,46,10193,60,73,91,105,113
20160309 01:12,22,77,24,61,15,102,60,91,85,46,10193,60,73,91,105,113
20160309 01:13,24,66,26,60,33,78,60,91,85,46,10193,59,73,91,105,113
20160309 01:14,34,60,28,62,34,118,59,91,84,45,10194,59,73,91,105,113
20160309 01:15,32,63,28,62,29,86,59,90,84,44,10193,59,73,91,105,113
20160309 01:16,31,59,29,61,33,80,59,90,84,44,10193,59,73,91,105,113
20160309 01:17,38,61,30,62,43,96,59,90,84,44,10193,59,73,91,105,113
20160309 01:18,38,57,31,63,32,80,59,90,84,44,10193,59,73,91,105,113
20160309 01:19,29,62,30,65,25,98,59,91,84,45,10193,59,73,91,105,113
20160309 01:20,31,59,31,63,38,85,59,91,84,45,10193,59,73,91,105,113
20160309 01:21,39,54,32,61,41,88,59,91,84,45,10193,59,73,91,105,113
20160309 01:22,33,64,33,60,27,115,59,91,84,45,10193,59,73,91,105,113
20160309 01:23,24,61,32,60,22,76,59,91,84,45,10193,59,73,91,105,113
20160309 01:24,25,51,32,58,28,63,59,90,84,44,10192,59,73,91,105,113
20160309 01:25,29,43,32,56,31,71,58,90,83,43,10192,59,73,91,105,113
20160309 01:26,34,49,32,56,38,95,58,91,84,44,10192,59,73,91,105,113
20160309 01:27,34,64,31,57,30,105,58,91,84,44,10192,59,73,91,104,113
20160309 01:28,30,67,31,58,30,104,58,90,83,43,10192,59,73,91,104,113
20160309 01:29,29,72,31,59,27,97,58,90,83,43,10192,59,73,91,104,113
20160309 01:30,28,69,30,60,30,91,58,90,83,43,10192,58,73,91,104,113
20160309 01:31,30,60,29,60,30,100,58,90,83,43,10192,58,73,91,104,113
20160309 01:32,30,48,30,57,30,61,58,90,83,43,10192,59,73,91,104,113
20160309 01:33,30,49,30,58,30,97,58,90,83,43,10193,59,73,91,104,112
20160309 01:34,28,52,30,57,27,69,58,90,83,43,10193,59,73,91,104,112
20160309 01:35,24,48,29,59,20,81,58,90,83,43,10193,59,73,91,104,112
20160309 01:36,21,58,28,59,21,88,58,91,84,44,10194,59,73,91,104,112
20160309 01:37,18,52,26,56,14,87,58,90,83,43,10193,59,73,91,104,112
20160309 01:38,20,51,26,56,26,94,58,90,83,43,10194,59,73,91,104,112
20160309 01:39,20,51,24,52,13,71,58,90,83,43,10193,59,73,91,104,112
20160309 01:40,17,43,23,50,21,64,58,90,83,43,10194,59,73,91,104,112
20160309 01:41,23,49,23,50,25,81,58,90,83,43,10194,59,73,91,104,112
20160309 01:42,22,52,22,51,19,72,58,90,83,43,10194,58,73,91,104,112
20160309 01:43,19,54,21,51,20,83,58,90,83,43,10194,58,73,91,104,112
20160309 01:44,21,63,20,53,22,99,58,90,83,43,10194,58,73,91,104,112
20160309 01:45,25,75,21,56,29,116,58,90,83,43,10194,58,73,91,104,112
20160309 01:46,26,85,21,59,22,117,58,90,83,43,10194,58,73,91,104,112
20160309 01:47,16,75,21,61,10,95,58,89,82,41,10194,58,73,91,104,112
20160309 01:48,14,59,20,60,18,77,58,89,82,41,10194,58,73,91,104,112
20160309 01:49,24,53,22,61,30,68,58,89,82,41,10194,58,72,91,104,112
20160309 01:50,32,48,23,61,34,67,58,89,82,41,10194,58,72,91,104,112
20160309 01:51,32,53,23,62,29,92,58,89,82,41,10194,58,72,91,104,112
20160309 01:52,29,54,24,62,29,75,58,90,83,43,10194,58,72,91,104,112
20160309 01:53,29,57,25,63,29,96,58,90,83,43,10194,58,72,91,104,112
20160309 01:54,27,59,26,61,26,79,58,90,83,43,10195,58,72,91,104,112
20160309 01:55,24,52,25,58,22,64,58,90,83,43,10195,58,72,91,104,112
20160309 01:56,22,46,25,53,23,68,58,90,83,43,10195,58,72,91,104,112
20160309 01:57,20,41,26,51,17,50,58,90,83,43,10196,58,72,90,104,112
20160309 01:58,16,43,25,50,14,66,58,90,83,43,10196,58,72,90,104,112
20160309 01:59,19,42,25,49,25,55,58,90,83,43,10197,58,72,90,104,112
20160309 02:00,25,46,24,50,26,100,58,90,83,43,10197,58,72,90,104,112
20160309 02:01,20,50,23,48,15,60,58,90,83,43,10197,58,72,90,104,112
20160309 02:02,16,39,21,46,17,44,58,89,82,41,10197,58,72,90,103,112
20160309 02:03,18,33,20,43,18,49,58,89,82,41,10197,58,72,90,104,112
20160309 02:04,17,47,19,44,17,89,58,89,82,41,10198,58,72,90,103,112
20160309 02:05,20,45,19,42,23,47,58,89,82,41,10198,58,72,90,103,112
20160309 02:06,21,37,19,42,19,66,58,89,82,41,10198,58,72,90,103,112
20160309 02:07,19,44,19,43,19,73,58,89,82,41,10198,58,72,90,103,112
20160309 02:08,18,41,20,42,18,50,58,89,82,41,10199,58,72,90,103,112
20160309 02:09,15,42,18,43,11,72,58,89,82,41,10199,58,72,90,103,111
20160309 02:10,19,41,18,41,27,47,58,89,82,41,10199,58,72,90,103,111
20160309 02:11,25,41,19,41,22,74,58,89,82,41,10199,58,72,90,103,111
20160309 02:12,19,43,19,42,15,65,58,89,82,41,10199,58,72,90,103,111
20160309 02:13,22,39,20,42,30,80,58,89,82,41,10199,58,72,90,103,111
20160309 02:14,25,50,20,42,21,81,57,89,81,40,10199,58,72,90,103,111
20160309 02:15,22,59,21,45,24,76,57,89,81,40,10199,58,72,90,103,111
20160309 02:16,17,46,20,44,10,56,57,89,81,40,10198,58,72,90,103,111
20160309 02:17,7,39,18,44,5,67,57,89,81,40,10198,58,72,90,103,111
20160309 02:18,10,42,18,45,15,71,57,89,81,40,10198,58,72,90,103,111
20160309 02:19,12,40,18,43,10,52,57,89,81,40,10199,58,72,90,103,111
20160309 02:20,5,43,15,45,1,75,57,89,81,40,10199,58,72,90,103,111
20160309 02:21,4,47,14,45,8,82,57,89,81,40,10200,58,72,90,103,111
20160309 02:22,10,44,14,45,12,61,57,89,81,40,10201,58,72,90,103,111
20160309 02:23,11,54,12,48,10,97,57,89,81,40,10201,58,72,90,103,111
20160309 02:24,8,66,10,48,5,93,57,89,81,40,10202,58,72,90,103,111
20160309 02:25,10,60,9,48,16,70,57,88,81,39,10203,58,72,90,103,111
20160309 02:26,10,57,9,51,5,97,57,88,81,39,10203,58,72,90,103,111
20160309 02:27,4,54,8,51,3,68,57,88,81,39,10204,57,72,90,103,111
20160309 02:28,359,52,7,53,355,87,57,88,81,39,10204,58,72,90,103,111
20160309 02:29,359,49,6,53,3,61,57,88,81,39,10204,57,72,90,103,111
20160309 02:30,12,39,8,52,21,55,56,88,80,38,10204,58,72,90,103,111
20160309 02:31,12,41,7,52,4,62,56,88,80,38,10204,58,72,90,103,111
20160309 02:32,11,38,8,50,18,41,56,88,80,38,10203,57,72,90,103,111
20160309 02:33,20,36,9,48,22,63,56,88,80,38,10202,58,72,90,103,111
20160309 02:34,18,40,10,45,15,61,56,88,80,38,10202,58,72,90,102,111
20160309 02:35,16,35,10,43,17,57,56,88,80,38,10202,58,72,90,103,111
20160309 02:36,16,35,11,41,15,60,56,89,81,39,10202,58,72,90,102,111
20160309 02:37,13,37,12,40,11,52,56,88,80,38,10202,58,72,90,102,111
20160309 02:38,12,38,14,38,13,59,56,88,80,38,10203,58,72,89,102,111
20160309 02:39,13,44,15,38,12,71,55,89,80,38,10204,57,72,89,102,111
20160309 02:40,13,44,14,39,14,85,55,88,79,37,10204,57,72,89,102,111
20160309 02:41,9,49,14,40,3,93,55,88,79,37,10204,57,72,89,102,111
20160309 02:42,12,48,14,41,20,63,55,88,79,37,10205,57,72,89,102,111
20160309 02:43,18,43,14,41,16,72,55,88,79,37,10205,57,72,89,102,111
20160309 02:44,5,41,12,41,354,47,55,88,79,37,10206,57,71,89,102,111
20160309 02:45,356,37,10,42,358,58,54,88,79,36,10207,56,71,89,102,111
20160309 02:46,3,40,9,42,8,69,54,88,79,36,10207,56,71,89,102,111
20160309 02:47,13,43,9,43,16,63,54,88,79,36,10208,56,71,89,102,111
20160309 02:48,20,45,10,44,23,55,54,88,79,36,10208,56,71,89,102,111
20160309 02:49,20,41,11,43,17,58,54,88,79,36,10208,56,71,89,102,111
20160309 02:50,18,37,11,42,19,60,54,88,79,36,10208,56,71,89,102,111
20160309 02:51,19,36,13,40,20,54,54,88,79,36,10208,56,71,89,102,111
20160309 02:52,23,48,14,42,25,79,54,88,79,36,10207,56,71,89,102,111
20160309 02:53,22,56,14,43,19,72,54,88,79,36,10207,56,71,89,102,111
20160309 02:54,22,54,17,45,24,78,53,88,78,35,10206,56,71,89,102,111
20160309 02:55,24,54,20,46,24,72,53,88,78,35,10206,55,71,89,102,111
20160309 02:56,19,59,20,49,13,92,53,88,78,35,10206,55,71,89,102,111
20160309 02:57,19,55,21,49,25,58,53,88,78,35,10206,55,71,89,102,111
20160309 02:58,23,50,21,50,21,79,53,88,78,35,10207,55,71,89,102,111
20160309 02:59,9,52,19,51,356,66,53,87,77,33,10209,55,71,89,102,111
20160309 03:00,358,50,17,52,0,70,53,88,78,35,10210,55,71,89,102,111
20160309 03:01,3,41,15,52,5,58,53,87,77,33,10211,54,71,89,102,111
20160309 03:02,2,34,13,49,359,47,53,88,78,35,10211,54,71,89,102,111
20160309 03:03,4,38,12,48,9,63,53,88,78,35,10211,54,71,89,102,111
20160309 03:04,14,36,11,46,18,45,53,88,78,35,10211,55,71,89,102,110
20160309 03:05,19,32,11,44,20,40,53,88,78,35,10211,55,71,89,102,110
20160309 03:06,14,34,10,41,8,52,53,88,78,35,10210,55,71,89,102,110
20160309 03:07,6,33,8,39,4,41,53,88,78,35,10210,55,71,89,102,110
20160309 03:08,1,37,6,38,359,68,52,88,78,34,10210,55,71,89,102,110
20160309 03:09,4,38,7,37,10,53,53,88,78,35,10210,55,71,89,102,110
20160309 03:10,8,36,8,35,7,56,52,88,78,34,10210,55,71,89,101,110
20160309 03:11,7,39,8,36,7,74,52,88,78,34,10210,55,71,89,101,110
20160309 03:12,8,37,9,36,9,57,52,88,78,34,10209,54,71,89,101,110
20160309 03:13,7,35,9,36,4,45,52,88,78,34,10209,55,71,89,101,110
20160309 03:14,3,42,7,37,1,80,52,88,78,34,10208,55,71,89,101,110
20160309 03:15,9,51,7,39,18,97,52,88,78,34,10208,54,70,89,101,110
20160309 03:16,15,59,7,42,11,96,52,88,78,34,10208,54,70,89,101,110
20160309 03:17,11,61,8,45,11,87,52,88,78,34,10208,54,70,89,101,110
20160309 03:18,12,47,9,44,12,66,52,87,77,32,10208,54,70,89,101,110
20160309 03:19,18,44,10,46,24,79,52,87,77,32,10208,54,70,89,101,110
20160309 03:20,21,50,12,47,19,85,52,87,77,32,10208,54,70,88,101,110
20160309 03:21,16,50,12,48,13,75,52,87,77,32,10208,54,70,89,101,110
20160309 03:22,14,49,13,50,16,69,52,87,77,32,10209,54,70,88,101,110
20160309 03:23,0,51,11,51,345,72,52,86,76,31,10209,54,70,88,101,110
20160309 03:24,355,51,11,51,4,69,53,86,77,32,10210,53,70,88,101,110
20160309 03:25,7,50,11,51,10,67,53,86,77,32,10210,53,70,88,101,110
20160309 03:26,16,50,12,49,21,65,53,86,77,32,10211,53,70,88,101,110
20160309 03:27,14,45,11,48,7,68,53,86,77,32,10211,53,70,88,101,110
20160309 03:28,9,46,11,49,11,70,53,86,77,32,10211,53,70,88,101,110
20160309 03:29,12,45,10,48,13,53,53,86,77,32,10211,53,70,88,101,110
20160309 03:30,20,35,11,46,27,48,53,86,77,32,10212,53,70,88,101,110
20160309 03:31,16,37,10,46,4,64,52,87,77,32,10212,54,70,88,101,110
20160309 03:32,12,43,10,45,19,62,53,87,77,33,10212,54,70,88,101,110
20160309 03:33,13,40,12,44,8,63,52,87,77,32,10213,54,70,88,101,110
20160309 03:34,7,35,13,42,6,49,52,87,77,32,10213,54,70,88,101,110
20160309 03:35,4,38,12,41,2,71,52,87,77,32,10213,54,70,88,101,110
20160309 03:36,7,43,11,40,11,54,52,87,77,32,10213,54,70,88,101,110
20160309 03:37,2,49,9,42,354,69,52,87,77,32,10213,54,70,88,101,110
20160309 03:38,3,51,10,41,13,72,53,86,77,32,10213,53,70,88,101,110
20160309 03:39,11,43,9,41,10,60,52,86,76,31,10214,53,69,88,101,110
20160309 03:40,12,41,8,42,13,62,52,86,76,31,10214,54,69,88,101,110
20160309 03:41,2,42,7,42,350,62,52,86,76,31,10215,54,69,88,101,110
20160309 03:42,358,43,5,42,6,77,52,86,76,31,10215,53,69,88,101,110
20160309 03:43,11,51,6,44,16,83,52,86,76,31,10215,53,69,88,101,110
20160309 03:44,9,48,6,45,1,53,52,86,76,31,10215,53,69,88,101,110
20160309 03:45,10,37,7,44,19,50,52,86,76,31,10215,53,69,88,101,110
20160309 03:46,14,42,7,45,10,71,52,86,76,31,10215,53,69,88,101,110
20160309 03:47,3,44,7,43,356,64,52,86,76,31,10216,53,69,88,100,110
20160309 03:48,357,41,6,43,359,72,52,86,76,31,10216,53,69,88,100,110
20160309 03:49,1,46,5,44,3,72,52,86,76,31,10217,53,69,88,100,110
20160309 03:50,6,53,5,45,8,75,52,86,76,31,10217,53,69,88,100,110
20160309 03:51,5,54,6,46,1,72,52,86,76,31,10218,52,69,88,100,110
20160309 03:52,0,51,5,47,0,69,52,86,76,31,10218,52,69,88,100,110
20160309 03:53,359,53,4,47,359,76,52,86,76,31,10219,52,69,88,100,110
20160309 03:54,357,56,3,49,355,75,52,86,76,31,10218,52,69,88,100,109
20160309 03:55,358,49,1,49,0,55,52,86,76,31,10218,52,69,88,100,110
20160309 03:56,7,41,1,48,14,53,52,86,76,31,10218,52,69,87,100,109
20160309 03:57,9,47,2,50,3,81,51,86,76,30,10218,52,69,87,100,109
20160309 03:58,2,43,2,49,1,58,51,86,76,30,10218,52,69,87,100,109
20160309 03:59,2,34,2,48,4,70,51,86,76,30,10218,52,69,87,100,109
20160309 04:00,3,43,2,47,1,76,51,86,76,30,10218,52,69,87,100,109
20160309 04:01,0,43,1,45,358,57,51,86,76,30,10218,52,69,87,100,109
20160309 04:02,6,43,3,45,13,59,51,86,76,30,10218,52,69,87,100,109
20160309 04:03,18,43,5,43,22,65,51,86,76,30,10219,52,69,87,100,109
20160309 04:04,22,47,8,43,22,74,51,86,76,30,10219,52,69,87,100,109
20160309 04:05,10,41,7,42,357,43,51,85,75,28,10219,52,69,87,100,109
20160309 04:06,2,41,7,43,7,80,51,85,75,28,10219,52,69,87,100,109
20160309 04:07,13,56,8,44,18,91,51,85,75,28,10220,52,68,87,100,109
20160309 04:08,15,58,9,46,11,77,51,85,75,28,10220,51,68,87,100,109
20160309 04:09,13,54,10,47,15,70,51,85,75,28,10220,51,68,87,100,109
20160309 04:10,10,48,11,47,5,62,51,85,75,28,10221,51,68,87,100,109
20160309 04:11,9,41,12,47,13,54,51,85,75,28,10220,51,68,87,100,109
20160309 04:12,8,33,11,45,4,52,51,85,75,28,10221,51,68,87,100,109
20160309 04:13,0,38,9,46,356,63,50,86,75,29,10221,51,68,87,100,109
20160309 04:14,2,40,7,44,7,48,50,86,75,29,10221,51,68,87,100,109
20160309 04:15,7,31,8,44,6,37,50,86,75,29,10222,51,68,87,100,109
20160309 04:16,11,26,9,41,15,38,50,86,75,29,10222,52,68,87,100,109
20160309 04:17,4,23,6,37,352,38,50,86,75,29,10222,52,68,87,100,109
20160309 04:18,349,31,4,36,346,85,50,86,75,29,10222,52,68,87,100,109
20160309 04:19,355,41,3,35,3,59,50,87,76,30,10222,52,68,87,100,109
20160309 04:20,0,43,2,35,356,82,50,87,76,30,10222,52,68,87,100,109
20160309 04:21,358,47,1,36,0,68,50,87,76,30,10222,51,68,87,100,109
20160309 04:22,3,51,1,38,5,72,50,86,75,29,10222,51,68,87,100,109
20160309 04:23,8,57,2,40,10,81,50,86,75,29,10222,51,68,87,100,109
20160309 04:24,16,57,3,42,22,80,50,86,75,29,10222,51,68,87,100,109
20160309 04:25,19,53,4,44,15,69,50,86,75,29,10222,51,68,87,100,109
20160309 04:26,18,45,5,46,21,48,50,86,75,29,10221,50,68,87,99,109
20160309 04:27,16,52,7,50,11,92,49,86,74,28,10221,50,68,87,99,109
20160309 04:28,18,60,11,51,25,77,49,85,74,26,10222,50,68,87,99,109
20160309 04:29,17,54,11,53,8,90,49,85,74,26,10222,50,68,86,99,109
20160309 04:30,9,57,13,54,9,82,49,85,74,26,10222,50,68,86,99,109
20160309 04:31,9,60,13,56,9,94,49,85,74,26,10223,49,68,86,99,109
20160309 04:32,14,55,15,55,20,67,49,85,74,26,10223,49,67,86,99,109
20160309 04:33,19,55,16,55,19,76,49,84,73,24,10223,50,67,86,99,108
20160309 04:34,17,60,15,56,15,76,49,84,73,24,10222,49,67,86,99,108
20160309 04:35,15,57,15,56,14,88,49,84,73,24,10222,49,67,86,99,108
20160309 04:36,13,54,14,58,13,76,49,84,73,24,10222,49,67,86,99,108
20160309 04:37,19,54,16,56,26,69,49,84,73,24,10222,49,67,86,99,108
20160309 04:38,25,46,16,55,23,85,48,84,72,23,10221,49,67,86,99,108
20160309 04:39,25,48,17,55,27,92,48,85,73,25,10222,49,67,86,99,108
20160309 04:40,24,54,19,54,21,62,48,85,73,25,10222,49,67,86,99,108
20160309 04:41,23,49,20,53,25,67,48,85,73,25,10223,49,67,86,99,108
20160309 04:42,17,41,19,51,9,61,48,85,73,25,10224,49,67,86,99,108
20160309 04:43,9,35,18,49,9,51,48,85,73,25,10225,49,67,86,99,108
20160309 04:44,8,40,17,47,7,60,48,85,73,25,10225,49,67,86,99,108
20160309 04:45,11,36,17,44,14,33,48,86,74,27,10225,49,67,86,99,108
20160309 04:46,13,26,17,42,11,36,48,86,74,27,10225,49,67,86,99,108
20160309 04:47,12,23,16,38,12,34,48,86,74,27,10224,50,67,86,99,108
20160309 04:48,12,29,15,38,11,65,48,86,74,27,10224,50,67,86,99,108
20160309 04:49,8,38,12,36,5,57,48,86,74,27,10225,50,67,86,99,108
20160309 04:50,5,42,11,36,5,61,48,86,74,27,10225,50,67,86,99,108
20160309 04:51,5,35,9,34,6,41,48,86,74,27,10225,50,67,86,99,108
20160309 04:52,5,30,8,34,4,47,48,86,74,27,10225,50,66,86,99,108
20160309 04:53,8,37,9,34,12,59,48,86,74,27,10225,50,66,86,99,108
20160309 04:54,6,38,8,33,1,57,48,86,74,27,10226,50,66,86,99,108
20160309 04:55,359,36,6,34,357,47,48,86,74,27,10226,50,66,86,99,108
20160309 04:56,355,36,5,35,354,50,48,86,74,27,10225,50,66,86,99,108
20160309 04:57,354,40,3,37,354,52,48,86,74,27,10225,50,66,86,99,108
20160309 04:58,2,35,3,36,11,41,48,86,74,27,10225,50,66,86,99,108
20160309 04:59,13,31,4,36,14,53,48,86,74,27,10225,50,66,86,99,108
20160309 05:00,9,31,4,34,3,45,48,87,75,28,10226,50,66,85,99,108
20160309 05:01,4,35,3,36,5,64,49,87,75,29,10226,50,66,86,99,108
20160309 05:02,1,38,3,36,358,45,49,86,74,28,10227,50,66,85,98,108
20160309 05:03,2,39,2,36,7,69,49,86,74,28,10227,50,66,85,98,108
20160309 05:04,10,39,4,36,13,66,49,85,74,26,10227,50,66,85,98,108
20160309 05:05,19,34,6,36,24,45,49,85,74,26,10228,50,66,85,98,108
20160309 05:06,20,33,9,35,17,56,49,86,74,28,10228,50,66,85,98,107
20160309 05:07,21,36,12,35,27,60,49,86,74,28,10227,50,66,85,98,107
20160309 05:08,22,37,12,35,17,50,49,85,74,26,10228,50,66,85,98,107
20160309 05:09,11,36,11,36,4,51,49,85,74,26,10228,50,66,85,98,107
20160309 05:10,8,32,12,36,12,47,50,85,74,27,10228,51,66,85,98,107
20160309 05:11,7,22,12,33,3,30,50,85,74,27,10228,51,66,85,98,107
20160309 05:12,7,24,13,33,11,45,50,85,74,27,10229,51,66,85,98,107
20160309 05:13,12,31,14,32,13,39,50,85,74,27,10229,51,66,85,98,107
20160309 05:14,5,40,13,33,358,86,50,85,74,27,10229,51,66,85,98,107
20160309 05:15,1,49,11,35,4,88,50,85,74,27,10228,51,66,85,98,107
20160309 05:16,18,45,12,36,32,56,50,84,73,25,10228,51,66,85,98,107
20160309 05:17,29,39,12,36,25,55,50,84,73,25,10228,51,66,85,98,107
20160309 05:18,19,47,11,38,13,68,50,84,73,25,10228,51,66,85,98,107
20160309 05:19,14,42,13,37,15,55,51,84,74,26,10228,50,66,85,98,107
20160309 05:20,21,39,14,39,26,78,50,83,72,24,10228,51,66,85,98,107
20160309 05:21,17,40,15,40,9,44,51,83,73,25,10229,50,66,85,98,107
20160309 05:22,12,32,15,41,16,47,51,83,73,25,10229,50,66,85,98,107
20160309 05:23,10,32,14,41,4,51,51,83,73,25,10229,50,66,85,98,107
20160309 05:24,9,29,16,39,15,39,51,84,74,26,10229,51,66,85,98,107
20160309 05:25,10,29,16,37,5,46,51,84,74,26,10229,51,66,85,98,107
20160309 05:26,3,29,13,35,2,36,51,84,74,26,10229,51,66,85,98,107
20160309 05:27,1,32,10,35,0,54,51,84,74,26,10229,51,66,85,98,107
20160309 05:28,4,37,10,33,8,62,51,84,74,26,10229,51,66,85,98,107
20160309 05:29,8,36,9,34,8,41,51,84,74,26,10229,50,66,85,98,107
20160309 05:30,5,35,7,32,2,52,51,84,74,26,10229,50,66,85,98,107
20160309 05:31,7,33,7,32,12,44,51,84,74,26,10229,50,65,85,98,107
20160309 05:32,4,25,5,31,355,32,51,84,74,26,10229,50,65,84,98,107
20160309 05:33,356,23,4,31,356,37,51,84,74,26,10230,50,65,84,98,107
20160309 05:34,0,32,3,32,4,56,51,84,74,26,10230,50,65,84,98,107
20160309 05:35,8,34,4,32,13,51,51,84,74,26,10230,50,65,84,98,107
20160309 05:36,13,30,5,32,12,52,51,84,74,26,10230,50,65,84,98,107
20160309 05:37,6,28,5,31,0,35,51,84,74,26,10230,50,65,84,97,107
20160309 05:38,2,31,5,31,4,57,51,84,74,26,10230,50,65,84,97,107
20160309 05:39,4,41,4,32,3,71,51,84,74,26,10230,50,65,84,97,107
20160309 05:40,14,43,6,32,25,72,51,84,74,26,10231,50,65,84,97,107
20160309 05:41,17,34,6,32,9,36,51,84,74,26,10231,50,65,84,97,107
20160309 05:42,1,24,6,32,353,32,51,84,74,26,10232,50,65,84,97,107
20160309 05:43,352,27,5,33,352,48,51,84,74,26,10232,50,65,84,97,107
20160309 05:44,357,32,5,32,3,43,52,84,74,27,10232,50,65,84,97,107
20160309 05:45,7,34,5,33,10,45,52,84,74,27,10233,50,65,84,97,107
20160309 05:46,2,29,3,32,354,40,52,84,74,27,10233,50,65,84,97,107
20160309 05:47,354,24,3,32,354,31,52,84,74,27,10234,51,65,84,97,107
20160309 05:48,347,29,0,32,340,57,52,84,74,27,10234,51,65,84,97,107
20160309 05:49,352,37,0,31,3,62,52,83,73,26,10235,51,65,84,97,107
20160309 05:50,354,40,356,31,346,52,52,83,73,26,10235,51,65,84,97,106
20160309 05:51,347,35,354,31,348,42,52,83,73,26,10235,51,65,84,97,106
20160309 05:52,352,28,355,32,356,43,52,83,73,26,10235,51,65,84,97,106
20160309 05:53,353,25,354,31,350,44,53,83,74,27,10235,51,65,84,97,106
20160309 05:54,345,27,352,31,341,45,53,83,74,27,10235,51,65,84,97,106
20160309 05:55,353,33,352,31,6,55,53,83,74,27,10236,51,65,84,97,106
20160309 05:56,353,39,350,33,341,64,53,83,74,27,10236,51,65,84,97,106
20160309 05:57,343,42,350,34,345,61,53,83,74,27,10237,51,65,84,97,106
20160309 05:58,347,40,350,35,349,49,53,82,73,25,10236,51,65,84,97,106
20160309 05:59,350,35,349,34,350,47,53,82,73,25,10237,51,65,84,97,106
20160309 06:00,357,27,351,32,3,30,53,82,73,25,10237,51,65,84,97,106
20160309 06:01,359,28,352,33,355,48,53,82,73,25,10236,51,65,84,97,106
20160309 06:02,357,33,352,33,0,47,54,82,74,26,10236,51,65,84,97,106
20160309 06:03,2,30,354,34,5,45,54,82,74,26,10236,51,65,84,97,106
20160309 06:04,0,33,355,35,355,49,54,82,74,26,10237,51,65,84,97,106
20160309 06:05,353,38,353,35,351,51,54,82,74,26,10237,51,65,84,97,106
20160309 06:06,352,35,355,34,354,42,54,82,74,26,10237,51,65,84,97,106
20160309 06:07,358,40,356,34,1,80,54,82,74,26,10237,51,65,84,97,106
20160309 06:08,359,49,357,36,358,70,55,81,73,25,10237,51,65,84,97,106
20160309 06:09,358,42,358,36,359,50,55,81,73,25,10238,51,65,83,97,106
20160309 06:10,354,31,357,36,349,35,55,81,73,25,10238,51,65,83,97,106
20160309 06:11,357,24,358,35,6,37,55,81,73,25,10238,51,65,83,97,106
20160309 06:12,2,34,358,37,358,84,55,81,73,25,10238,51,65,83,97,106
20160309 06:13,356,48,356,38,354,73,55,80,72,23,10238,51,65,83,97,106
20160309 06:14,2,42,358,38,10,47,56,80,73,24,10239,51,65,83,97,106
20160309 06:15,13,35,0,38,16,51,56,80,73,24,10239,51,65,83,97,106
20160309 06:16,359,35,359,38,342,46,56,80,73,24,10239,52,65,83,96,106
20160309 06:17,353,35,0,37,4,42,56,79,72,23,10240,52,65,83,96,106
20160309 06:18,356,32,359,35,348,42,56,79,72,23,10240,52,65,83,96,106
20160309 06:19,353,27,358,34,357,35,56,79,72,23,10240,52,65,83,96,106
20160309 06:20,357,24,359,34,356,32,56,79,72,23,10240,52,65,83,96,106
20160309 06:21,359,30,359,35,3,59,56,79,72,23,10241,52,65,83,96,106
20160309 06:22,2,34,359,33,0,53,56,79,72,23,10241,52,65,83,96,106
20160309 06:23,352,34,358,32,344,44,57,79,72,23,10241,52,65,83,96,106
20160309 06:24,350,31,357,31,357,40,57,78,71,22,10241,52,65,83,96,106
20160309 06:25,350,37,354,32,344,64,57,78,71,22,10241,52,65,83,96,106
20160309 06:26,355,42,356,33,7,54,57,78,71,22,10241,52,65,83,96,106
20160309 06:27,358,34,355,32,350,41,57,78,71,22,10240,52,65,83,96,106
20160309 06:28,354,37,356,33,358,60,57,78,71,22,10240,52,65,83,96,106
20160309 06:29,358,52,356,37,358,79,57,78,71,22,10240,53,65,83,96,106
20160309 06:30,2,51,357,39,5,61,57,77,70,20,10240,52,65,83,96,106
20160309 06:31,5,44,357,40,6,69,58,76,70,19,10240,52,65,83,96,106
20160309 06:32,10,44,358,41,14,57,58,76,70,19,10240,52,65,83,96,106
20160309 06:33,15,44,2,42,16,63,58,76,70,19,10240,53,65,83,96,106
20160309 06:34,16,48,4,44,17,74,58,76,70,19,10239,53,65,83,96,105
20160309 06:35,10,47,5,44,2,71,58,76,70,19,10239,53,65,83,96,105
20160309 06:36,1,44,5,45,0,74,58,76,70,19,10239,53,65,83,96,105
20160309 06:37,13,40,8,46,27,57,58,76,70,19,10239,53,65,83,96,105
20160309 06:38,17,43,9,46,8,57,58,76,70,19,10239,53,65,83,96,105
20160309 06:39,18,43,12,44,29,60,58,76,70,19,10239,53,65,83,96,105
20160309 06:40,16,41,12,44,3,72,58,76,70,19,10240,53,65,83,96,105
20160309 06:41,7,39,13,43,11,46,58,76,70,19,10240,53,65,83,96,105
20160309 06:42,12,32,13,41,13,45,58,76,70,19,10239,54,65,83,96,105
20160309 06:43,11,27,12,39,10,39,58,76,70,19,10239,54,65,83,96,105
20160309 06:44,8,28,11,37,6,42,58,76,70,19,10239,55,65,83,96,105
20160309 06:45,14,30,13,36,21,49,58,76,70,19,10239,55,65,83,96,105
20160309 06:46,11,28,13,34,2,31,58,76,70,19,10239,55,65,83,96,105
20160309 06:47,1,47,10,37,0,106,58,76,70,19,10240,56,65,83,96,105
20160309 06:48,2,63,10,38,5,92,58,75,69,17,10240,55,65,83,96,105
20160309 06:49,9,47,8,38,14,58,58,74,68,15,10240,55,65,83,96,105
20160309 06:50,19,40,11,38,24,65,58,74,68,15,10240,55,65,83,96,105
20160309 06:51,23,42,12,39,23,65,58,74,68,15,10240,55,65,83,96,105
20160309 06:52,16,47,11,41,9,68,58,74,68,15,10240,55,65,83,96,105
20160309 06:53,10,52,11,44,11,78,58,74,68,15,10240,55,65,82,96,105
20160309 06:54,20,49,14,45,29,59,58,74,68,15,10240,55,65,82,96,105
20160309 06:55,25,42,14,46,22,52,58,74,68,15,10240,55,65,82,96,105
20160309 06:56,23,35,16,47,24,40,58,74,68,15,10241,55,65,82,96,105
20160309 06:57,22,39,18,45,19,66,58,74,68,15,10241,55,65,82,96,105
20160309 06:58,19,41,19,43,19,51,58,74,68,15,10241,55,65,82,96,105
20160309 06:59,21,33,20,42,22,47,58,74,68,15,10241,56,65,82,96,105
20160309 07:00,16,36,19,42,9,66,58,74,68,15,10241,56,65,82,95,105
20160309 07:01,12,37,18,41,14,49,58,74,68,15,10241,56,65,82,95,105
20160309 07:02,17,37,19,40,20,55,58,74,68,15,10240,56,65,82,95,105
20160309 07:03,26,49,21,40,32,75,58,74,68,15,10240,57,65,82,95,105
20160309 07:04,27,52,20,41,22,73,58,74,68,15,10240,57,65,82,95,105
20160309 07:05,15,43,19,40,8,76,58,74,68,15,10240,57,65,82,95,105
20160309 07:06,11,43,18,42,14,57,58,74,68,15,10240,57,65,82,95,105
20160309 07:07,14,44,17,41,13,49,58,74,68,15,10240,57,65,82,95,105
20160309 07:08,14,37,17,41,14,53,58,74,68,15,10240,58,65,82,95,105
20160309 07:09,23,37,18,42,31,60,58,74,68,15,10240,58,65,82,95,105
20160309 07:10,21,42,18,42,12,63,58,74,68,15,10240,59,65,82,95,105
20160309 07:11,19,49,19,44,26,80,58,74,68,15,10241,59,65,82,95,105
20160309 07:12,20,41,19,43,15,44,58,74,68,15,10241,60,66,82,95,105
20160309 07:13,3,38,15,42,352,88,58,74,68,15,10241,60,66,82,95,105
20160309 07:14,9,42,15,41,26,70,59,74,69,16,10242,60,66,82,95,105
20160309 07:15,15,37,15,41,5,69,59,74,69,16,10242,60,66,82,95,105
20160309 07:16,14,33,16,39,23,49,59,73,68,14,10242,60,66,82,95,105
20160309 07:17,18,32,16,39,14,61,59,74,69,16,10243,60,66,82,95,105
20160309 07:18,12,31,15,38,9,38,59,74,69,16,10243,60,66,82,95,105
20160309 07:19,12,28,14,37,15,36,59,74,69,16,10243,60,66,82,95,105
20160309 07:20,13,35,14,37,12,53,59,74,69,16,10244,60,66,82,95,104
20160309 07:21,13,37,13,34,14,50,59,73,68,14,10244,59,66,82,95,104
20160309 07:22,8,34,11,35,1,51,59,73,68,14,10244,59,66,82,95,104
20160309 07:23,2,33,12,33,3,42,59,73,68,14,10243,59,66,82,95,104
20160309 07:24,10,32,11,33,18,50,59,73,68,14,10243,59,66,82,95,104
20160309 07:25,23,37,14,33,28,56,58,73,67,13,10243,58,66,82,95,104
20160309 07:26,25,35,13,34,21,48,58,74,68,15,10242,58,66,82,95,104
20160309 07:27,18,27,14,32,15,41,58,74,68,15,10242,59,66,82,95,104
20160309 07:28,19,34,15,34,22,63,58,74,68,15,10242,58,67,82,95,104
20160309 07:29,27,48,17,37,32,67,58,74,68,15,10242,58,67,82,95,104
20160309 07:30,28,46,18,36,23,52,58,74,68,15,10242,58,67,82,95,104
20160309 07:31,24,46,19,38,26,66,58,73,67,13,10242,58,67,82,95,104
20160309 07:32,28,51,22,40,30,58,58,73,67,13,10242,58,67,82,95,104
20160309 07:33,29,48,24,41,29,60,58,73,67,13,10242,58,67,82,95,104
20160309 07:34,26,43,25,42,23,62,58,73,67,13,10242,58,67,82,95,104
20160309 07:35,18,44,24,43,14,69,58,73,67,13,10242,58,67,82,95,104
20160309 07:36,27,53,25,45,41,93,58,73,67,13,10242,58,67,82,95,104
20160309 07:37,35,48,27,47,28,60,58,73,67,13,10242,58,67,82,95,104
20160309 07:38,28,44,27,47,28,69,58,74,68,15,10242,58,67,82,95,104
20160309 07:39,24,44,26,46,20,58,58,73,67,13,10242,58,67,82,95,104
20160309 07:40,17,42,25,47,14,67,58,73,67,13,10242,58,67,82,95,104
20160309 07:41,15,42,24,45,16,55,58,73,67,13,10243,58,67,82,95,104
20160309 07:42,20,40,24,44,24,52,58,73,67,13,10243,58,67,82,95,104
20160309 07:43,28,40,24,44,31,54,58,73,67,13,10243,59,67,82,95,104
20160309 07:44,26,37,24,43,21,54,58,73,67,13,10243,59,67,82,95,104
20160309 07:45,22,39,24,43,22,50,58,73,67,13,10243,59,67,82,95,104
20160309 07:46,23,41,23,41,25,49,58,73,67,13,10243,59,67,82,95,104
20160309 07:47,22,35,22,40,19,39,58,73,67,13,10243,59,67,82,95,104
20160309 07:48,25,34,22,39,30,52,58,73,67,13,10243,60,67,82,94,104
20160309 07:49,27,43,23,40,24,60,58,73,67,13,10243,60,67,82,95,104
20160309 07:50,23,42,23,39,23,44,58,73,67,13,10243,60,67,82,95,104
20160309 07:51,22,37,24,39,20,64,58,73,67,13,10243,61,67,82,95,104
20160309 07:52,22,36,24,38,24,43,58,73,67,13,10243,61,67,82,94,104
20160309 07:53,21,29,23,37,18,40,58,74,68,15,10243,62,67,82,94,104
20160309 07:54,7,32,20,37,357,61,59,74,69,16,10242,62,67,82,94,104
20160309 07:55,10,37,20,36,23,57,59,73,68,14,10243,62,67,82,94,104
20160309 07:56,31,35,22,36,39,56,59,73,68,14,10243,63,67,82,94,104
20160309 07:57,27,36,21,36,15,43,59,73,68,14,10244,63,67,82,94,104
20160309 07:58,16,37,20,37,18,69,59,74,69,16,10244,65,67,82,94,104
20160309 07:59,20,45,20,36,23,70,59,73,68,14,10244,65,67,82,94,104
20160309 08:00,21,43,20,37,20,55,59,73,68,14,10244,66,67,82,94,104
20160309 08:01,24,35,21,36,28,56,59,73,68,14,10244,66,67,82,94,104
20160309 08:02,26,34,20,36,23,65,59,74,69,16,10245,66,67,82,94,104
20160309 08:03,26,46,22,40,29,84,59,74,69,16,10245,67,68,82,94,104
20160309 08:04,27,55,24,41,24,67,59,72,67,12,10246,67,68,82,94,104
20160309 08:05,22,51,24,42,20,65,59,72,67,12,10246,67,68,82,94,104
20160309 08:06,14,47,21,43,7,64,59,71,66,11,10246,68,68,82,94,104
20160309 08:07,15,49,22,45,24,88,59,71,66,11,10246,68,68,82,94,104
20160309 08:08,28,50,23,46,33,83,60,71,66,11,10247,68,68,82,94,104
20160309 08:09,33,59,24,48,33,95,60,71,66,11,10247,69,68,82,94,104
20160309 08:10,27,63,24,50,22,76,60,70,65,10,10247,69,68,82,94,104
20160309 08:11,18,52,23,51,15,74,60,71,66,11,10247,70,68,82,94,104
20160309 08:12,21,59,24,55,28,102,60,70,65,10,10248,71,68,82,94,103
20160309 08:13,29,65,24,55,29,117,60,70,65,10,10248,71,69,82,94,103
20160309 08:14,28,66,24,57,28,99,60,70,65,10,10248,71,69,82,94,103
20160309 08:15,27,75,25,60,26,101,60,69,64,8,10249,72,69,82,94,103
20160309 08:16,28,72,27,62,29,86,60,69,64,8,10249,72,69,82,94,103
20160309 08:17,30,64,27,63,30,104,60,69,64,8,10249,72,69,82,94,103
20160309 08:18,27,62,26,64,24,83,60,70,65,10,10250,72,69,82,94,103
20160309 08:19,24,59,25,63,23,86,60,70,65,10,10250,72,69,82,94,103
20160309 08:20,23,50,26,62,23,76,60,70,65,10,10250,72,69,82,94,103
20160309 08:21,20,46,26,62,17,72,61,70,66,10,10251,72,70,82,94,103
20160309 08:22,24,54,26,61,30,82,61,70,66,10,10252,73,70,82,94,103
20160309 08:23,24,55,25,60,18,76,61,69,65,8,10252,73,70,82,94,103
20160309 08:24,18,44,24,56,19,55,61,70,66,10,10252,73,70,82,94,103
20160309 08:25,18,54,23,56,17,99,61,69,65,8,10253,74,70,82,94,103
20160309 08:26,17,72,22,56,17,102,61,68,64,6,10253,73,70,82,94,103
20160309 08:27,18,65,21,56,20,91,60,68,64,5,10254,73,70,82,94,103
20160309 08:28,19,49,20,54,17,68,61,68,64,6,10254,73,70,82,94,103
20160309 08:29,18,46,20,53,19,73,61,68,64,6,10255,73,71,82,94,103
20160309 08:30,22,49,20,54,25,65,61,69,65,8,10256,72,71,82,94,103
20160309 08:31,26,51,21,54,26,90,61,69,65,8,10256,72,71,82,94,103
20160309 08:32,25,52,20,53,24,80,61,69,65,8,10256,72,71,82,94,103
20160309 08:33,20,41,20,51,15,56,61,69,65,8,10256,72,71,82,94,103
20160309 08:34,20,36,20,52,24,53,61,69,65,8,10256,73,71,82,94,103
20160309 08:35,21,40,20,48,17,58,61,69,65,8,10257,74,71,82,94,103
20160309 08:36,18,44,21,46,19,66,61,69,65,8,10257,74,72,82,94,103
20160309 08:37,29,44,23,44,40,73,61,69,65,8,10257,74,72,82,94,103
20160309 08:38,27,45,22,45,15,74,61,69,65,8,10257,74,72,82,94,103
20160309 08:39,16,47,22,44,16,67,61,69,65,8,10257,74,72,82,94,103
20160309 08:40,18,45,21,45,19,64,61,68,64,6,10257,74,72,82,94,103
20160309 08:41,21,49,21,44,23,65,61,68,64,6,10257,74,72,82,94,103
20160309 08:42,25,52,21,45,27,89,61,68,64,6,10258,74,72,82,94,103
20160309 08:43,20,48,21,46,14,59,61,68,64,6,10258,75,72,82,94,103
20160309 08:44,18,42,21,46,22,51,61,69,65,8,10259,75,72,82,94,103
20160309 08:45,19,42,21,46,16,56,62,68,64,7,10259,76,72,82,94,103
20160309 08:46,9,33,19,44,1,38,62,68,64,7,10259,76,73,82,94,103
20160309 08:47,6,38,16,45,11,74,62,68,64,7,10260,76,73,82,94,103
20160309 08:48,12,53,16,45,14,68,62,68,64,7,10260,76,73,82,94,103
20160309 08:49,12,52,16,46,10,69,62,68,64,7,10260,77,73,82,94,103
20160309 08:50,10,47,15,46,10,62,62,68,64,7,10260,78,73,82,94,103
20160309 08:51,11,38,14,44,12,44,62,68,64,7,10259,79,73,82,94,103
20160309 08:52,22,24,14,40,31,30,62,69,65,9,10259,80,73,82,94,103
20160309 08:53,15,29,13,40,0,57,62,70,66,11,10259,81,73,82,94,103
20160309 08:54,13,36,13,39,26,55,63,69,66,10,10259,82,73,83,94,103
20160309 08:55,23,42,13,40,20,63,63,68,65,8,10259,83,74,83,94,103
20160309 08:56,21,50,16,42,22,65,63,68,65,8,10259,83,74,83,94,103
20160309 08:57,25,47,17,42,28,60,63,68,65,8,10260,82,74,83,94,103
20160309 08:58,20,38,17,39,13,59,63,68,65,8,10261,82,74,83,94,103
20160309 08:59,18,38,19,39,23,63,63,68,65,8,10261,81,74,83,94,103
20160309 09:00,11,43,17,38,358,63,63,67,64,6,10262,81,74,83,94,103
20160309 09:01,9,40,18,39,21,65,63,67,64,6,10262,82,74,83,94,103
20160309 09:02,18,35,17,41,16,50,63,68,65,8,10262,84,75,83,94,103
20160309 09:03,10,36,17,40,4,61,63,69,66,10,10262,84,75,83,94,103
20160309 09:04,2,41,14,42,359,58,63,69,66,10,10262,85,75,83,94,103
20160309 09:05,13,41,15,40,28,75,63,68,65,8,10262,84,75,83,94,103
20160309 09:06,24,44,15,40,20,65,63,68,65,8,10262,84,75,83,94,103
20160309 09:07,22,50,15,41,25,72,63,68,65,8,10263,83,75,83,94,103
20160309 09:08,22,47,15,42,20,59,63,67,64,6,10263,82,76,83,94,103
20160309 09:09,17,44,15,42,14,59,63,67,64,6,10263,82,76,83,94,102
20160309 09:10,13,40,16,42,11,45,63,68,65,8,10263,83,76,83,94,103
20160309 09:11,14,35,15,41,16,43,63,68,65,8,10263,84,76,83,94,103
20160309 09:12,21,31,16,41,27,50,64,69,66,11,10263,86,76,83,94,102
20160309 09:13,30,36,19,41,33,58,64,69,66,11,10263,88,76,83,94,102
20160309 09:14,28,37,22,40,23,55,64,68,65,9,10263,89,76,83,94,102
20160309 09:15,29,33,22,40,35,47,65,68,66,10,10263,89,77,83,94,102
20160309 09:16,26,36,22,38,17,52,65,69,67,12,10264,90,77,83,94,102
20160309 09:17,17,34,21,37,18,50,65,69,67,12,10264,91,77,83,94,102
20160309 09:18,21,36,22,36,24,59,66,68,66,11,10264,92,77,83,94,102
20160309 09:19,24,36,23,35,24,39,66,67,65,9,10265,93,77,83,94,102
20160309 09:20,25,34,24,35,26,65,66,67,65,9,10265,93,77,83,94,102
20160309 09:21,28,46,26,37,29,70,66,67,65,9,10265,92,78,83,94,102
20160309 09:22,24,53,25,39,19,72,66,67,65,9,10265,91,78,83,94,102
20160309 09:23,23,46,24,39,27,53,66,66,64,7,10264,91,78,83,94,102
20160309 09:24,17,34,23,39,7,42,66,67,65,9,10264,92,78,84,94,102
20160309 09:25,5,33,19,39,3,61,66,68,66,11,10264,93,78,84,94,102
20160309 09:26,7,37,19,39,11,51,67,68,67,12,10264,94,79,84,94,102
20160309 09:27,11,38,18,40,12,51,67,68,67,12,10264,95,79,84,94,102
20160309 09:28,19,36,19,39,27,76,67,66,65,8,10264,97,79,84,94,102
20160309 09:29,24,46,18,42,22,87,67,66,65,8,10264,98,79,84,94,102
20160309 09:30,18,51,17,42,13,71,67,66,65,8,10264,98,79,84,94,102
20160309 09:31,18,47,16,42,23,82,67,65,64,6,10264,98,80,84,94,102
20160309 09:32,17,53,16,42,12,82,67,65,64,6,10264,98,80,84,94,102
20160309 09:33,9,53,14,43,7,67,66,64,62,3,10264,98,80,84,94,102
20160309 09:34,8,46,14,45,8,66,67,66,65,8,10263,99,80,84,94,102
20160309 09:35,17,41,16,45,25,49,67,65,64,6,10262,100,81,84,94,102
20160309 09:36,24,42,17,46,23,75,67,66,65,8,10262,101,81,84,94,102
20160309 09:37,23,51,18,48,24,77,67,66,65,8,10261,100,81,84,94,102
20160309 09:38,30,53,19,49,36,78,67,66,65,8,10261,98,81,84,94,102
20160309 09:39,31,48,20,48,25,70,67,66,65,8,10260,98,82,84,94,102
20160309 09:40,23,42,21,47,22,66,67,66,65,8,10260,99,82,84,94,102
20160309 09:41,22,48,21,48,23,73,67,65,64,6,10260,101,82,84,94,102
20160309 09:42,25,48,22,46,26,53,67,65,64,6,10260,101,82,84,94,102
20160309 09:43,31,45,25,46,37,80,68,67,66,11,10260,104,83,84,94,102
20160309 09:44,32,60,27,49,26,111,68,66,65,9,10260,103,83,85,94,102
20160309 09:45,32,56,28,49,37,64,68,65,64,7,10260,103,83,85,94,102
20160309 09:46,26,34,27,47,14,46,68,66,65,9,10260,105,83,85,94,102
20160309 09:47,22,30,28,45,29,52,69,67,67,12,10260,106,84,85,94,102
20160309 09:48,34,41,28,45,39,80,69,67,67,12,10259,106,84,85,94,102
20160309 09:49,34,56,28,47,29,96,69,65,65,8,10259,106,84,85,94,102
20160309 09:50,21,58,27,48,12,82,69,65,65,8,10259,107,84,85,94,102
20160309 09:51,18,47,27,47,24,54,69,65,65,8,10258,109,84,85,94,102
20160309 09:52,27,51,28,49,30,97,69,66,66,10,10258,111,85,85,94,102
20160309 09:53,23,50,26,48,17,59,69,64,64,6,10258,115,85,85,94,102
20160309 09:54,19,33,25,44,22,46,69,65,65,8,10258,118,85,85,94,102
20160309 09:55,19,36,23,44,16,85,70,65,65,9,10258,121,86,85,94,102
20160309 09:56,24,51,25,47,31,91,70,65,65,9,10258,120,86,85,94,102
20160309 09:57,29,64,25,51,26,107,70,65,65,9,10258,121,86,85,94,102
20160309 09:58,24,72,23,53,23,95,70,64,64,7,10258,121,86,85,94,102
20160309 09:59,16,61,21,52,9,67,70,63,63,4,10258,118,87,86,94,102
20160309 10:00,10,55,21,52,12,76,70,63,63,4,10259,116,87,86,94,102
20160309 10:01,21,61,22,54,31,91,71,64,65,8,10259,115,87,86,94,102
20160309 10:02,24,52,20,52,17,65,70,64,64,7,10259,114,88,86,94,102
20160309 10:03,21,45,21,53,25,64,71,65,66,10,10259,114,88,86,94,102
20160309 10:04,23,47,21,55,20,60,71,65,66,10,10259,114,89,86,94,102
20160309 10:05,20,48,21,56,19,74,71,64,65,8,10259,116,89,86,94,102
20160309 10:06,19,54,20,56,19,91,71,64,65,8,10260,117,89,86,94,102
20160309 10:07,18,58,19,55,17,79,71,64,65,8,10261,118,90,86,94,102
20160309 10:08,19,58,19,53,21,80,71,63,64,5,10260,117,90,86,94,102
20160309 10:09,28,67,21,56,34,97,71,63,64,5,10261,116,90,86,94,102
20160309 10:10,31,64,23,55,29,75,70,63,63,4,10261,115,91,86,94,102
20160309 10:11,31,57,23,55,34,92,70,64,64,7,10261,115,91,86,94,102
20160309 10:12,25,58,23,56,16,78,70,65,65,9,10262,113,91,87,94,102
20160309 10:13,18,49,23,56,20,64,70,65,65,9,10262,112,91,87,94,102
20160309 10:14,19,45,23,56,19,71,70,65,65,9,10262,111,92,87,94,102
20160309 10:15,17,46,22,55,14,66,70,64,64,7,10262,111,92,87,94,102
20160309 10:16,18,40,23,53,22,56,70,64,64,7,10262,112,92,87,94,102
20160309 10:17,26,41,24,52,30,70,70,64,64,7,10263,112,92,87,94,102
20160309 10:18,32,55,25,52,33,80,70,65,65,9,10263,111,92,87,94,102
20160309 10:19,27,62,24,51,22,85,70,64,64,7,10263,110,93,87,94,102
20160309 10:20,23,52,23,50,23,74,70,63,63,4,10263,110,93,87,94,102
20160309 10:21,19,31,21,46,15,43,70,65,65,9,10264,114,93,87,94,102
20160309 10:22,19,28,22,44,23,43,71,65,66,10,10264,116,93,87,94,102
20160309 10:23,27,46,23,45,31,84,71,64,65,8,10264,116,93,88,94,102
20160309 10:24,35,54,25,46,38,99,71,63,64,5,10264,114,93,88,94,102
20160309 10:25,35,48,27,46,31,64,71,63,64,5,10264,111,94,88,94,102
20160309 10:26,28,58,27,49,25,93,70,63,63,4,10265,108,94,88,94,102
20160309 10:27,33,65,28,51,42,82,70,63,63,4,10264,106,94,88,94,102
20160309 10:28,24,51,26,49,7,66,70,64,64,7,10265,104,94,88,94,102
20160309 10:29,11,41,25,46,16,66,70,63,63,4,10265,102,94,88,94,102
20160309 10:30,6,40,22,46,356,60,70,64,64,7,10266,102,94,88,94,102
20160309 10:31,1,44,22,49,6,66,69,63,63,4,10265,101,94,88,94,102
20160309 10:32,10,46,21,50,14,72,69,63,63,4,10265,100,94,89,94,102
20160309 10:33,14,45,19,49,14,60,69,64,64,6,10265,99,94,89,94,102
20160309 10:34,19,51,17,49,23,75,69,64,64,6,10265,100,95,89,95,102
20160309 10:35,19,49,16,49,14,62,69,64,64,6,10265,100,95,89,95,102
20160309 10:36,19,48,16,47,24,87,69,64,64,6,10265,102,95,89,95,102
20160309 10:37,28,54,15,47,32,80,69,64,64,6,10265,105,95,89,95,102
20160309 10:38,35,55,18,48,38,74,69,64,64,6,10265,109,95,89,95,102
20160309 10:39,36,48,19,48,33,58,69,65,65,8,10265,114,95,89,95,102
20160309 10:40,20,40,20,48,7,55,70,66,66,11,10265,119,94,89,95,102
20160309 10:41,13,33,22,46,19,55,71,65,66,10,10264,125,94,89,95,102
20160309 10:42,24,39,23,47,28,81,71,64,65,8,10264,127,94,90,95,102
20160309 10:43,18,48,23,47,9,62,71,64,65,8,10264,123,94,90,95,102
20160309 10:44,8,46,21,46,7,65,71,64,65,8,10264,119,95,90,95,102
20160309 10:45,6,57,20,48,5,94,71,63,64,5,10265,116,95,90,95,102
20160309 10:46,12,63,20,49,19,77,71,62,63,3,10265,113,95,90,95,102
20160309 10:47,14,52,17,48,8,68,70,61,61,0,10265,110,95,90,95,102
20160309 10:48,11,41,15,46,14,44,70,61,61,0,10265,108,95,90,95,102
20160309 10:49,8,31,12,44,1,40,70,62,62,2,10264,108,95,90,95,102
20160309 10:50,5,34,12,44,8,57,70,63,63,4,10264,106,96,90,95,102
20160309 10:51,12,45,11,47,16,65,70,62,62,2,10265,104,96,90,95,102
20160309 10:52,20,52,11,47,23,91,69,61,61,-1,10265,102,96,90,95,102
20160309 10:53,21,60,12,49,19,85,69,62,62,1,10265,100,96,90,95,102
20160309 10:54,18,55,13,49,17,82,69,61,61,-1,10265,99,96,91,95,102
20160309 10:55,20,50,15,47,22,80,69,61,61,-1,10264,99,96,91,95,102
20160309 10:56,19,58,14,48,16,83,68,62,61,0,10264,99,96,91,95,102
20160309 10:57,19,60,16,49,21,78,68,61,60,-2,10264,98,96,91,95,102
20160309 10:58,20,60,16,52,19,89,68,61,60,-2,10264,97,96,91,95,102
20160309 10:59,27,56,20,54,35,84,68,62,61,0,10264,97,96,91,95,102
20160309 11:00,29,63,21,58,24,97,68,63,62,3,10264,98,96,91,95,102
20160309 11:01,26,64,22,58,28,73,68,62,61,0,10264,97,96,91,95,102
20160309 11:02,24,50,22,57,19,64,68,63,62,3,10264,97,96,91,95,102
20160309 11:03,28,44,24,55,36,67,69,62,62,1,10263,98,96,91,96,102
20160309 11:04,31,41,24,55,25,74,69,63,63,4,10263,99,96,91,96,102
20160309 11:05,28,43,25,54,31,68,69,62,62,1,10263,100,96,92,96,102
20160309 11:06,22,54,25,54,14,80,69,62,62,1,10264,99,96,92,96,102
20160309 11:07,20,52,26,52,27,58,69,61,61,-1,10263,98,96,92,96,102
20160309 11:08,29,49,27,52,31,89,69,62,62,1,10263,97,95,92,96,102
20160309 11:09,29,58,26,53,27,90,69,62,62,1,10263,97,95,92,96,102
20160309 11:10,29,52,27,49,30,58,69,62,62,1,10263,97,95,92,96,102
20160309 11:11,27,46,26,49,24,70,69,62,62,1,10262,99,95,92,96,102
20160309 11:12,19,45,26,48,14,59,69,63,63,4,10262,101,95,92,96,102
20160309 11:13,20,46,25,49,26,67,69,62,62,1,10263,103,95,92,96,102
20160309 11:14,31,61,26,52,35,105,70,62,62,2,10263,104,95,92,96,102
20160309 11:15,25,68,24,54,14,89,69,61,61,-1,10263,103,95,92,96,102
20160309 11:16,16,57,25,53,18,66,69,62,62,1,10262,103,95,92,96,102
20160309 11:17,18,56,24,55,19,75,70,62,62,2,10262,103,95,92,96,102
20160309 11:18,26,48,24,53,33,61,70,62,62,2,10262,104,95,92,96,102
20160309 11:19,38,44,26,52,43,89,70,62,62,2,10262,104,95,92,96,102
20160309 11:20,31,53,24,53,18,71,70,62,62,2,10262,103,95,93,96,102
20160309 11:21,23,52,25,53,28,95,70,62,62,2,10261,102,95,93,96,102
20160309 11:22,29,47,26,53,30,64,70,62,62,2,10261,102,95,93,96,102
20160309 11:23,27,47,26,54,24,73,70,62,62,2,10261,101,95,93,96,102
20160309 11:24,21,51,25,51,19,63,70,61,61,0,10261,101,95,93,96,102
20160309 11:25,21,43,25,49,23,50,70,61,61,0,10261,101,95,93,96,102
20160309 11:26,28,35,27,47,33,52,70,62,62,2,10261,103,95,93,96,102
20160309 11:27,24,38,27,45,16,64,70,63,63,4,10261,103,95,93,96,102
20160309 11:28,21,38,26,45,26,56,71,62,63,3,10261,103,95,93,97,102
20160309 11:29,28,42,25,45,30,76,71,62,63,3,10261,104,95,93,97,102
20160309 11:30,27,56,25,46,25,85,70,61,61,0,10262,104,95,93,97,102
20160309 11:31,23,64,25,47,22,93,70,61,61,0,10262,104,95,93,97,102
20160309 11:32,23,59,24,48,24,83,70,60,60,-2,10261,104,95,93,97,102
20160309 11:33,23,55,24,49,22,77,70,60,60,-2,10261,104,95,93,97,102
20160309 11:34,26,58,25,49,29,83,70,60,60,-2,10261,105,95,93,97,102
20160309 11:35,23,56,24,51,16,83,70,60,60,-2,10260,105,95,93,97,102
20160309 11:36,14,49,22,52,13,75,70,60,60,-2,10260,105,95,93,97,102
20160309 11:37,20,47,23,53,27,74,70,60,60,-2,10261,105,95,93,97,102
20160309 11:38,28,64,24,57,28,108,70,61,61,0,10261,105,95,94,97,102
20160309 11:39,28,73,24,59,29,111,70,61,61,0,10261,104,95,93,97,102
20160309 11:40,29,61,24,58,29,68,70,61,61,0,10261,105,95,94,97,102
20160309 11:41,26,61,24,58,23,84,70,61,61,0,10261,107,95,94,97,102
20160309 11:42,23,70,24,61,23,97,70,59,59,-5,10261,109,95,94,97,102
20160309 11:43,27,65,25,60,31,77,70,59,59,-5,10261,116,95,94,97,102
20160309 11:44,25,57,24,60,20,76,71,60,60,-1,10261,119,95,94,97,102
20160309 11:45,24,51,25,60,28,67,71,60,60,-1,10260,121,95,94,97,102
20160309 11:46,28,37,27,58,28,37,71,60,60,-1,10260,123,95,94,97,102
20160309 11:47,24,38,26,58,20,68,73,62,63,5,10260,126,96,94,97,102
20160309 11:48,25,56,26,56,29,96,73,61,62,3,10259,127,96,94,97,102
20160309 11:49,33,59,27,55,37,74,73,60,61,1,10259,126,96,94,97,102
20160309 11:50,34,50,27,54,31,61,73,59,60,-2,10259,123,96,94,97,102
20160309 11:51,36,49,29,52,41,67,73,60,61,1,10258,121,96,94,97,102
20160309 11:52,38,45,30,49,34,76,73,61,62,3,10258,119,97,94,97,102
20160309 11:53,33,53,30,50,33,91,73,61,62,3,10258,118,97,94,97,102
20160309 11:54,28,62,30,50,23,80,72,60,61,0,10258,115,97,94,97,102
20160309 11:55,17,49,29,50,11,64,72,60,61,0,10258,113,97,94,98,102
20160309 11:56,12,42,27,51,13,72,72,61,62,2,10258,113,98,94,97,102
20160309 11:57,10,43,26,51,8,62,72,60,61,0,10258,111,98,94,98,102
20160309 11:58,5,47,23,49,2,72,72,61,62,2,10258,110,98,94,98,102
20160309 11:59,6,51,20,49,9,61,72,61,62,2,10259,109,98,94,98,102
20160309 12:00,8,44,18,48,6,48,72,61,62,2,10259,109,98,94,98,102
20160309 12:01,11,31,15,46,16,33,72,61,62,2,10259,109,99,94,98,102
20160309 12:02,20,28,15,45,25,43,72,63,64,6,10259,110,99,94,98,102
20160309 12:03,26,37,14,42,27,75,73,63,64,7,10259,111,99,95,98,102
20160309 12:04,24,38,14,40,21,48,73,63,64,7,10259,110,99,95,98,102
20160309 12:05,28,34,16,39,34,60,73,63,64,7,10259,111,99,95,98,102
20160309 12:06,22,31,16,38,10,53,73,62,63,5,10259,112,99,95,98,102
20160309 12:07,20,34,18,37,30,59,73,62,63,5,10259,114,99,95,98,102
20160309 12:08,23,38,19,36,17,59,74,62,64,6,10258,116,99,95,98,102
20160309 12:09,21,42,21,36,25,88,74,62,64,6,10259,118,99,95,98,102
20160309 12:10,22,52,22,37,18,82,73,60,61,1,10259,119,99,95,98,102
20160309 12:11,18,50,22,39,17,58,73,60,61,1,10259,123,99,95,98,103
20160309 12:12,27,46,24,41,37,77,74,61,63,4,10258,127,99,95,98,103
20160309 12:13,38,54,25,43,38,84,74,60,62,2,10259,126,99,95,98,102
20160309 12:14,26,58,24,45,13,83,74,60,62,2,10259,123,100,95,98,102
20160309 12:15,18,59,23,48,23,84,73,59,60,-2,10259,122,100,95,98,103
20160309 12:16,19,59,23,51,16,75,73,59,60,-2,10258,121,100,95,98,103
20160309 12:17,21,62,23,54,26,89,73,60,61,1,10258,120,100,95,98,103
20160309 12:18,24,62,23,55,22,76,72,58,59,-5,10258,119,100,95,98,103
20160309 12:19,26,43,24,54,30,45,72,60,61,0,10258,120,100,95,98,103
20160309 12:20,24,41,24,53,18,85,73,62,63,5,10258,122,101,95,98,103
20160309 12:21,20,59,25,56,23,90,73,61,62,3,10258,124,101,96,98,103
20160309 12:22,17,58,22,56,11,64,72,59,60,-3,10258,126,101,96,98,103
20160309 12:23,14,54,20,56,16,79,73,60,61,1,10258,132,101,96,98,103
20160309 12:24,15,62,20,56,15,88,73,60,61,1,10257,131,101,96,98,103
20160309 12:25,12,60,19,56,10,89,73,59,60,-2,10258,131,101,96,98,103
20160309 12:26,13,59,19,56,17,77,73,59,60,-2,10257,129,102,96,98,103
20160309 12:27,25,54,20,54,34,63,72,59,60,-3,10257,127,102,96,98,103
20160309 12:28,28,41,20,52,23,45,73,60,61,1,10257,129,102,96,99,103
20160309 12:29,28,31,20,52,34,47,73,62,63,5,10257,132,102,96,99,103
20160309 12:30,33,39,21,52,31,73,75,63,65,9,10257,135,102,96,99,103
20160309 12:31,31,48,22,50,30,63,75,62,64,7,10257,136,103,96,99,103
20160309 12:32,30,54,24,51,29,97,76,62,65,8,10257,136,103,96,99,103
20160309 12:33,25,63,24,51,21,93,76,61,64,6,10257,134,103,96,99,103
20160309 12:34,17,62,24,51,12,85,75,59,61,0,10257,132,103,96,99,103
20160309 12:35,15,54,25,50,19,68,74,59,61,-1,10257,130,104,96,99,103
20160309 12:36,21,50,26,49,23,65,74,59,61,-1,10258,129,104,96,99,103
20160309 12:37,23,64,24,52,22,102,74,59,61,-1,10258,128,104,97,99,103
20160309 12:38,24,71,25,55,26,88,73,57,58,-6,10258,128,104,97,99,103
20160309 12:39,21,64,23,59,16,88,73,57,58,-6,10258,129,105,97,99,103
20160309 12:40,22,64,23,60,28,87,72,58,59,-5,10257,133,105,97,99,103
20160309 12:41,21,62,21,61,14,77,73,59,60,-2,10257,140,105,97,99,103
20160309 12:42,19,67,21,63,24,105,74,58,60,-3,10257,147,105,97,99,103
20160309 12:43,14,66,19,62,4,90,75,59,61,0,10257,154,106,97,99,103
20160309 12:44,11,59,19,62,18,81,76,59,62,1,10256,159,106,97,99,103
20160309 12:45,13,58,18,63,8,81,75,57,59,-5,10256,154,106,97,99,103
20160309 12:46,9,55,17,63,9,73,75,58,60,-2,10256,148,106,97,99,103
20160309 12:47,5,55,15,61,0,88,75,57,59,-5,10255,144,107,97,99,103
20160309 12:48,11,61,14,61,22,101,75,57,59,-5,10255,141,107,97,99,103
20160309 12:49,23,69,15,62,24,106,74,58,60,-3,10255,139,107,97,99,103
20160309 12:50,14,70,13,62,4,92,74,58,60,-3,10254,135,108,97,99,103
20160309 12:51,11,64,13,63,19,92,73,59,60,-2,10254,133,108,98,99,103
20160309 12:52,15,56,12,60,12,89,73,60,61,1,10253,134,108,98,99,103
20160309 12:53,7,55,12,60,2,79,73,60,61,1,10253,137,109,98,99,103
20160309 12:54,2,62,10,61,1,84,73,59,60,-2,10252,137,109,98,99,103
20160309 12:55,4,51,10,59,7,59,74,60,62,2,10252,136,109,98,99,103
20160309 12:56,18,41,12,58,29,70,74,60,62,2,10251,134,109,98,100,103
20160309 12:57,27,42,15,56,25,56,75,61,63,5,10251,133,110,98,100,103
20160309 12:58,19,40,14,54,13,57,75,60,62,2,10250,134,110,98,100,103
20160309 12:59,13,53,12,53,13,108,75,60,62,2,10250,134,110,98,100,103
20160309 13:00,5,59,12,52,357,73,75,58,60,-2,10249,134,110,98,100,103
20160309 13:01,5,45,11,49,13,67,74,58,60,-3,10249,139,110,98,100,103
20160309 13:02,0,42,9,49,348,87,75,60,62,2,10249,148,111,99,100,103
20160309 13:03,10,50,12,48,30,76,77,60,63,4,10249,151,111,99,100,103
20160309 13:04,24,54,13,47,17,69,77,60,63,4,10249,150,111,99,100,103
20160309 13:05,20,53,15,49,24,76,77,59,62,2,10249,151,111,99,100,103
20160309 13:06,24,48,15,49,25,62,78,59,62,3,10249,148,111,99,100,103
20160309 13:07,23,44,14,49,21,68,78,59,62,3,10249,146,111,99,100,103
20160309 13:08,25,56,16,52,30,99,77,58,61,0,10249,144,111,99,100,103
20160309 13:09,29,57,18,50,29,76,77,58,61,0,10248,148,112,99,100,103
20160309 13:10,26,50,20,50,24,75,77,61,64,7,10248,149,112,99,100,103
20160309 13:11,25,56,22,52,26,77,78,60,63,5,10248,147,112,99,100,103
20160309 13:12,25,68,25,55,23,109,78,60,63,5,10249,150,112,100,100,103
20160309 13:13,25,71,25,56,26,84,77,58,61,0,10248,149,113,100,100,103
20160309 13:14,28,61,26,57,29,88,76,57,59,-4,10248,154,113,100,100,103
20160309 13:15,29,57,26,57,30,93,77,59,62,2,10248,162,113,100,100,103
20160309 13:16,32,55,27,58,35,85,78,60,63,5,10249,166,113,100,100,103
20160309 13:17,29,55,28,59,24,73,78,59,62,3,10249,167,114,100,100,103
20160309 13:18,15,62,25,59,6,95,78,59,62,3,10249,161,114,100,100,103
20160309 13:19,11,65,24,61,16,91,77,56,59,-5,10249,153,114,100,100,103
20160309 13:20,19,69,24,63,22,100,75,56,58,-7,10250,147,115,100,100,104
20160309 13:21,25,67,24,63,27,86,75,57,59,-5,10250,147,115,100,101,104
20160309 13:22,17,47,22,59,5,58,75,58,60,-2,10250,146,115,101,101,104
20160309 13:23,16,41,22,57,26,66,75,58,60,-2,10250,144,116,101,101,104
20160309 13:24,10,44,19,56,354,70,76,58,61,-1,10250,142,116,101,101,104
20160309 13:25,4,45,17,55,13,82,75,58,60,-2,10250,140,116,101,101,104
20160309 13:26,12,47,14,54,10,70,75,57,59,-5,10250,139,117,101,101,104
20160309 13:27,16,45,14,53,23,57,74,57,59,-6,10250,137,117,101,101,104
20160309 13:28,15,43,14,50,7,69,75,58,60,-2,10251,136,117,101,101,104
20160309 13:29,6,43,13,48,5,59,75,58,60,-2,10251,135,117,101,101,104
20160309 13:30,11,39,13,44,17,50,76,59,62,1,10251,135,117,101,101,104
20160309 13:31,21,36,12,42,24,53,76,58,61,-1,10252,136,117,101,101,104
20160309 13:32,6,43,11,43,348,80,76,59,62,1,10252,139,117,102,101,104
20160309 13:33,1,49,10,44,14,79,76,57,59,-4,10252,146,117,102,101,104
20160309 13:34,19,49,13,44,25,80,77,57,60,-3,10252,148,117,102,101,104
20160309 13:35,30,52,15,45,35,83,77,57,60,-3,10252,146,117,102,101,104
20160309 13:36,40,54,18,46,45,72,77,58,61,0,10252,148,117,102,101,104
20160309 13:37,32,54,18,47,19,74,76,57,59,-4,10252,146,117,102,101,104
20160309 13:38,12,59,18,49,4,88,76,57,59,-4,10252,143,117,102,101,104
20160309 13:39,5,59,18,50,6,90,75,56,58,-7,10253,140,118,102,101,104
20160309 13:40,18,49,19,51,30,60,76,57,59,-4,10253,144,118,102,101,104
20160309 13:41,21,40,18,51,12,45,75,57,59,-5,10252,144,118,103,102,104
20160309 13:42,21,41,22,50,30,78,75,56,58,-7,10253,141,118,103,102,104
20160309 13:43,24,53,22,52,18,77,75,57,59,-5,10253,139,118,103,102,104
20160309 13:44,23,56,23,52,29,76,75,58,60,-2,10254,136,118,103,102,104
20160309 13:45,25,47,21,51,21,66,74,57,59,-6,10254,133,118,103,102,104
20160309 13:46,18,37,19,48,16,42,74,58,60,-3,10254,132,118,103,102,104
20160309 13:47,21,47,19,49,26,99,74,59,61,-1,10254,131,118,103,102,104
20160309 13:48,23,60,21,49,21,88,73,57,58,-6,10253,129,118,103,102,104
20160309 13:49,18,49,22,47,14,53,73,58,59,-4,10253,129,118,103,102,104
20160309 13:50,8,52,19,49,2,99,73,58,59,-4,10253,128,118,104,102,104
20160309 13:51,8,65,19,52,14,95,72,57,58,-7,10253,125,118,104,102,104
20160309 13:52,18,63,18,54,22,85,72,57,58,-7,10253,123,118,104,102,104
20160309 13:53,21,64,18,54,19,85,71,57,57,-8,10253,123,118,104,102,104
20160309 13:54,24,68,18,56,28,88,71,57,57,-8,10253,126,118,104,102,104
20160309 13:55,30,57,19,56,31,60,71,57,57,-8,10253,131,118,104,102,104
20160309 13:56,26,35,20,56,20,47,72,59,60,-3,10253,131,118,104,102,104
20160309 13:57,7,40,17,55,355,78,72,59,60,-3,10254,133,118,104,102,104
20160309 13:58,8,53,17,54,21,86,73,58,59,-4,10254,130,118,104,102,104
20160309 13:59,16,50,16,55,12,63,73,59,60,-2,10254,127,117,104,102,104
20160309 14:00,18,42,19,52,24,57,73,58,59,-4,10254,126,117,105,103,104
20160309 14:01,32,40,21,50,40,56,73,58,59,-4,10253,125,117,105,103,104
20160309 14:02,25,46,20,49,10,87,73,59,60,-2,10253,124,117,105,103,104
20160309 14:03,9,56,19,48,8,107,72,58,59,-5,10252,123,117,105,103,104
20160309 14:04,3,54,16,46,357,65,72,58,59,-5,10252,123,117,105,103,104
20160309 14:05,5,52,14,47,12,79,72,58,59,-5,10253,125,117,105,103,105
20160309 14:06,18,67,14,52,25,104,73,57,58,-6,10254,132,117,105,103,104
20160309 14:07,24,64,17,52,23,91,73,57,58,-6,10254,138,117,105,103,104
20160309 14:08,28,53,18,52,33,75,73,58,59,-4,10255,140,117,105,103,105
20160309 14:09,31,47,20,52,30,57,73,58,59,-4,10255,138,116,105,103,105
20160309 14:10,26,39,20,52,23,67,74,59,61,-1,10255,136,116,105,103,105
20160309 14:11,30,52,20,54,37,85,74,58,60,-3,10255,134,116,105,103,105
20160309 14:12,31,54,21,53,25,62,73,57,58,-6,10255,131,116,106,103,105
20160309 14:13,13,41,21,51,1,65,73,59,60,-2,10255,130,116,106,103,105
20160309 14:14,2,39,21,51,3,61,73,57,58,-6,10255,129,116,106,103,105
20160309 14:15,15,38,23,49,26,51,74,58,60,-3,10256,133,116,106,103,105
20160309 14:16,32,40,24,45,38,56,74,58,60,-3,10256,133,116,106,103,105
20160309 14:17,26,44,23,45,12,94,75,58,60,-2,10256,132,116,106,104,105
20160309 14:18,10,51,20,45,8,93,74,57,59,-6,10256,130,116,106,103,105
20160309 14:19,15,53,20,46,22,94,74,57,59,-6,10256,130,116,106,104,105
20160309 14:20,17,57,18,48,12,84,73,56,57,-9,10256,131,116,106,104,105
20160309 14:21,15,52,17,46,19,62,73,56,57,-9,10256,129,116,106,104,105
20160309 14:22,22,52,17,48,25,77,73,57,58,-6,10256,130,116,106,104,105
20160309 14:23,29,56,20,49,34,63,73,57,58,-6,10256,129,116,106,104,105
20160309 14:24,44,54,25,51,55,106,73,58,59,-4,10256,127,116,106,104,105
20160309 14:25,50,58,27,53,44,88,72,57,58,-7,10256,122,116,106,104,105
20160309 14:26,43,58,27,54,42,104,72,58,59,-5,10255,119,116,106,104,105
20160309 14:27,44,51,31,54,45,67,71,57,57,-8,10255,117,116,106,104,105
20160309 14:28,42,47,34,54,39,78,71,58,58,-6,10255,115,116,107,104,105
20160309 14:29,33,51,34,54,28,74,71,58,58,-6,10255,113,116,107,104,105
20160309 14:30,27,48,36,52,25,57,71,59,59,-4,10255,113,116,107,104,105
20160309 14:31,34,36,38,51,43,46,71,60,60,-1,10255,114,116,107,104,105
20160309 14:32,44,39,40,49,45,69,71,59,59,-4,10255,114,116,107,104,105
20160309 14:33,41,50,40,49,37,70,71,58,58,-6,10255,113,116,107,104,105
20160309 14:34,38,51,39,49,39,75,71,59,59,-4,10256,112,116,107,104,105
20160309 14:35,23,50,35,48,7,72,71,58,58,-6,10256,110,115,107,104,105
20160309 14:36,12,51,32,47,16,68,71,58,58,-6,10256,109,115,107,104,105
20160309 14:37,21,50,31,48,27,70,70,57,57,-9,10257,109,115,107,105,105
20160309 14:38,22,42,28,46,17,51,71,57,57,-8,10257,109,115,107,105,105
20160309 14:39,22,37,28,45,26,73,71,58,58,-6,10257,112,115,107,105,105
20160309 14:40,27,41,29,45,28,62,72,59,60,-3,10257,115,114,107,105,105
20160309 14:41,21,41,26,46,15,60,72,58,59,-5,10257,123,114,107,105,105
20160309 14:42,20,42,24,46,25,79,73,59,60,-2,10256,126,114,107,105,105
20160309 14:43,24,48,22,45,23,67,73,58,59,-4,10256,125,114,107,105,105
20160309 14:44,29,47,22,45,36,57,73,58,59,-4,10256,124,113,107,105,106
20160309 14:45,38,42,25,44,40,53,73,59,60,-2,10255,122,113,107,105,106
20160309 14:46,33,40,26,42,26,68,73,59,60,-2,10255,121,113,107,105,106
20160309 14:47,29,51,27,44,31,81,73,57,58,-6,10256,119,113,107,105,106
20160309 14:48,19,64,26,47,7,91,72,56,57,-10,10255,116,113,107,105,106
20160309 14:49,7,65,24,49,7,98,71,56,56,-11,10255,113,113,107,105,106
20160309 14:50,14,73,23,53,21,95,70,55,55,-14,10255,111,113,107,105,106
20160309 14:51,14,71,22,55,7,102,70,55,55,-14,10255,109,113,108,105,106
20160309 14:52,19,54,23,55,31,81,69,55,55,-15,10255,108,113,108,105,106
20160309 14:53,24,50,22,55,17,80,69,56,56,-13,10255,108,113,108,105,106
20160309 14:54,29,53,23,57,41,86,69,56,56,-13,10255,107,113,108,105,106
20160309 14:55,29,49,20,57,16,60,69,57,57,-10,10255,107,112,108,105,106
20160309 14:56,20,42,20,57,24,61,70,57,57,-9,10255,108,112,108,105,106
20160309 14:57,32,51,21,57,41,85,70,58,58,-7,10255,108,112,108,106,106
20160309 14:58,40,56,24,56,39,72,69,57,57,-10,10255,107,112,108,106,106
20160309 14:59,34,53,27,55,29,69,69,57,57,-10,10254,105,112,108,106,106
20160309 15:00,36,51,29,51,43,68,69,57,57,-10,10254,103,112,108,106,106
20160309 15:01,40,48,32,50,38,68,69,58,58,-8,10254,102,111,108,106,106
20160309 15:02,34,50,32,50,30,88,69,58,58,-8,10254,100,111,108,106,106
20160309 15:03,27,52,33,51,24,74,68,58,57,-9,10254,99,111,108,106,106
20160309 15:04,26,51,31,50,29,84,68,57,56,-11,10254,98,111,108,106,106
20160309 15:05,38,52,35,51,49,81,68,58,57,-9,10254,98,111,108,106,106
20160309 15:06,45,55,36,53,41,74,68,58,57,-9,10254,97,110,108,106,106
20160309 15:07,37,52,36,51,34,85,68,58,57,-9,10254,97,110,108,106,106
20160309 15:08,33,56,35,53,33,95,68,58,57,-9,10254,96,110,108,106,106
20160309 15:09,29,58,35,52,25,75,67,57,56,-12,10254,95,110,108,106,106
20160309 15:10,30,52,34,53,36,67,67,58,57,-10,10254,95,109,108,106,106
20160309 15:11,30,49,33,53,25,60,67,58,57,-10,10253,95,109,108,106,106
20160309 15:12,24,52,32,53,23,79,67,57,56,-12,10253,95,109,108,106,106
20160309 15:13,24,60,32,54,25,75,67,57,56,-12,10253,95,109,108,106,106
20160309 15:14,31,59,33,55,38,90,66,57,56,-13,10253,94,108,108,106,106
20160309 15:15,33,47,31,53,28,53,66,58,56,-11,10253,94,108,108,106,106
20160309 15:16,18,46,27,53,7,77,66,58,56,-11,10253,95,108,108,106,106
20160309 15:17,8,54,25,53,9,81,66,57,56,-13,10254,95,108,108,106,106
20160309 15:18,11,60,23,54,13,90,66,57,56,-13,10255,95,107,108,106,106
20160309 15:19,17,60,22,54,20,74,66,57,56,-13,10256,94,107,108,106,106
20160309 15:20,24,58,22,55,28,84,66,57,56,-13,10256,94,107,108,106,107
20160309 15:21,28,54,22,55,28,73,66,57,56,-13,10256,94,107,108,106,107
20160309 15:22,30,42,23,53,32,63,66,59,57,-8,10256,95,106,108,106,107
20160309 15:23,37,37,24,50,41,51,67,59,58,-7,10256,97,106,108,107,107
20160309 15:24,40,43,25,50,40,71,67,59,58,-7,10256,97,106,108,107,107
20160309 15:25,39,46,26,50,39,65,67,59,58,-7,10255,97,106,108,107,107
20160309 15:26,38,42,29,49,37,53,67,58,57,-10,10255,97,105,108,107,107
20160309 15:27,35,45,31,48,33,63,66,58,56,-11,10256,96,105,108,107,107
20160309 15:28,30,45,33,46,28,59,66,58,56,-11,10256,96,105,108,107,107
20160309 15:29,29,54,34,47,31,83,67,58,57,-10,10256,96,105,108,107,107
20160309 15:30,35,57,35,46,40,74,66,57,56,-13,10256,95,105,108,107,107
20160309 15:31,27,53,34,47,15,74,66,57,56,-13,10256,93,104,108,107,107
20160309 15:32,14,53,32,48,14,72,66,56,55,-15,10256,93,104,108,107,107
20160309 15:33,17,50,30,49,21,66,65,56,54,-16,10256,92,104,108,107,107
20160309 15:34,29,43,30,48,37,62,65,57,55,-14,10256,91,104,108,107,107
20160309 15:35,29,40,28,48,22,57,66,58,56,-11,10256,91,104,107,107,107
20160309 15:36,24,56,27,51,27,108,65,57,55,-14,10257,90,104,107,107,107
20160309 15:37,25,66,26,53,23,94,65,57,55,-14,10256,88,104,107,107,107
20160309 15:38,27,57,26,53,31,75,65,58,56,-12,10256,87,103,107,107,107
20160309 15:39,24,46,25,51,18,62,65,58,56,-12,10256,87,103,107,107,107
20160309 15:40,17,43,22,51,16,58,65,58,56,-12,10256,88,103,107,107,107
20160309 15:41,26,44,24,49,35,63,65,58,56,-12,10256,88,103,107,107,107
20160309 15:42,36,50,27,50,36,75,65,58,56,-12,10256,88,103,107,107,107
20160309 15:43,33,60,28,51,30,81,65,59,57,-9,10255,88,102,107,107,107
20160309 15:44,28,61,26,53,26,91,65,58,56,-12,10255,87,102,107,107,107
20160309 15:45,32,53,28,54,37,61,65,59,57,-9,10255,86,102,107,107,107
20160309 15:46,34,46,28,51,31,70,65,59,57,-9,10255,87,102,107,107,107
20160309 15:47,29,51,29,51,28,86,64,59,57,-10,10256,86,102,107,107,107
20160309 15:48,23,57,28,51,18,81,64,58,56,-13,10256,86,101,107,107,107
20160309 15:49,17,46,27,51,17,59,64,58,56,-13,10256,86,101,107,107,107
20160309 15:50,23,44,29,51,30,88,64,58,56,-13,10256,86,101,107,107,107
20160309 15:51,37,52,30,52,45,72,64,59,57,-10,10256,85,101,107,107,107
20160309 15:52,43,50,30,51,42,85,64,58,56,-13,10256,84,101,107,107,107
20160309 15:53,36,53,30,51,30,71,64,58,56,-13,10256,83,100,107,107,107
20160309 15:54,32,54,31,50,34,76,63,58,55,-13,10256,82,100,107,107,107
20160309 15:55,33,49,31,50,32,71,63,58,55,-13,10256,82,100,107,107,107
20160309 15:56,39,52,32,51,47,82,63,58,55,-13,10256,81,100,107,107,108
20160309 15:57,39,52,33,50,31,74,63,57,54,-16,10255,80,100,107,107,107
20160309 15:58,34,58,35,52,38,99,63,58,55,-13,10255,79,99,107,107,108
20160309 15:59,37,65,36,54,36,80,63,57,54,-16,10255,78,99,107,107,108
20160309 16:00,35,56,37,54,35,63,63,57,54,-16,10255,78,99,107,107,108
20160309 16:01,35,52,36,54,36,78,63,58,55,-13,10255,77,99,106,107,108
20160309 16:02,32,54,35,55,28,77,62,58,55,-14,10255,77,99,106,107,108
20160309 16:03,29,50,35,54,29,60,62,58,55,-14,10255,77,98,106,107,108
20160309 16:04,28,41,34,53,28,62,62,58,55,-14,10255,77,98,106,107,108
20160309 16:05,27,36,33,51,26,44,63,58,55,-13,10255,78,98,106,107,108
20160309 16:06,36,26,33,47,47,34,63,59,56,-11,10255,78,98,106,107,108
20160309 16:07,47,21,35,45,47,52,63,60,57,-9,10255,79,97,106,107,108
20160309 16:08,39,39,34,43,30,75,63,60,57,-9,10255,79,97,106,107,108
20160309 16:09,26,48,33,42,22,64,63,59,56,-11,10255,78,97,106,108,108
20160309 16:10,24,44,32,41,26,59,63,59,56,-11,10255,78,97,106,107,108
20160309 16:11,26,53,31,42,26,88,63,59,56,-11,10255,78,96,106,108,108
20160309 16:12,29,63,31,43,31,102,63,58,55,-13,10255,77,96,106,107,108
20160309 16:13,28,65,31,45,24,92,62,58,55,-14,10255,76,96,106,107,108
20160309 16:14,30,57,31,46,36,71,62,59,56,-12,10256,75,96,106,107,108
20160309 16:15,39,45,33,46,43,59,62,58,55,-14,10256,74,96,106,107,108
20160309 16:16,44,32,33,47,45,48,62,59,56,-12,10256,73,95,106,108,108
20160309 16:17,42,35,32,49,39,66,62,60,57,-10,10256,74,95,106,108,108
20160309 16:18,41,45,33,48,43,70,62,59,56,-12,10257,73,95,105,108,108
20160309 16:19,43,43,36,48,43,59,62,60,57,-10,10258,73,95,106,108,108
20160309 16:20,45,36,38,47,46,46,62,61,58,-8,10259,73,95,105,108,108
20160309 16:21,51,34,41,44,56,65,62,61,58,-8,10260,73,94,105,108,108
20160309 16:22,47,37,41,42,37,45,62,61,58,-8,10260,72,94,105,108,108
20160309 16:23,38,32,43,38,38,42,62,60,57,-10,10260,72,94,105,108,108
20160309 16:24,40,36,43,37,43,62,62,60,57,-10,10261,72,94,105,108,108
20160309 16:25,25,34,40,36,9,33,62,60,57,-10,10261,71,94,105,108,108
20160309 16:26,14,23,37,36,18,42,62,60,57,-10,10261,71,93,105,108,108
20160309 16:27,22,39,36,36,26,70,62,60,57,-10,10261,71,93,105,108,108
20160309 16:28,35,52,36,37,45,88,61,59,56,-13,10261,71,93,105,108,108
20160309 16:29,37,38,35,35,29,35,61,59,56,-13,10261,70,93,105,107,108
20160309 16:30,23,27,32,35,18,61,61,60,56,-11,10262,70,93,105,107,108
20160309 16:31,20,39,29,36,22,64,61,60,56,-11,10262,70,92,105,108,108
20160309 16:32,29,49,28,38,35,68,61,60,56,-11,10261,69,92,105,107,108
20160309 16:33,29,52,27,41,24,71,61,60,56,-11,10261,68,92,105,108,108
20160309 16:34,28,48,26,40,33,57,60,60,56,-12,10262,68,92,105,108,108
20160309 16:35,26,41,27,42,20,52,60,60,56,-12,10262,67,92,104,107,108
20160309 16:36,19,41,27,44,18,54,60,60,56,-12,10262,67,91,104,107,108
20160309 16:37,19,43,26,43,21,62,60,60,56,-12,10262,67,91,104,107,108
20160309 16:38,21,53,24,44,20,79,60,60,56,-12,10261,66,91,104,107,108
20160309 16:39,22,50,23,45,24,59,60,60,56,-12,10261,66,91,104,107,108
20160309 16:40,27,48,25,48,31,77,60,61,57,-9,10261,66,90,104,107,108
20160309 16:41,30,52,25,48,29,64,60,61,57,-9,10261,66,90,104,107,108
20160309 16:42,30,41,25,46,31,44,60,61,57,-9,10261,65,90,104,107,108
20160309 16:43,27,37,25,44,24,52,60,61,57,-9,10260,65,90,104,107,108
20160309 16:44,24,38,24,44,25,54,60,61,57,-9,10260,65,90,104,107,108
20160309 16:45,29,34,26,43,33,50,60,61,57,-9,10260,65,89,104,107,108
20160309 16:46,27,42,26,44,21,62,60,62,58,-7,10261,65,89,104,107,108
20160309 16:47,33,43,28,43,46,50,60,62,58,-7,10261,65,89,103,107,108
20160309 16:48,41,40,30,42,36,57,60,62,58,-7,10261,65,89,104,107,108
20160309 16:49,33,49,31,43,31,74,60,60,56,-12,10261,64,89,103,107,108
20160309 16:50,26,52,30,42,21,67,60,60,56,-12,10261,64,88,103,107,108
20160309 16:51,20,49,29,42,20,67,60,60,56,-12,10261,63,88,103,107,108
20160309 16:52,23,48,28,44,26,59,60,60,56,-12,10261,64,88,103,107,108
20160309 16:53,36,49,31,45,47,94,60,61,57,-9,10261,64,88,103,107,108
20160309 16:54,39,54,31,47,30,75,59,60,56,-13,10261,63,88,103,107,108
20160309 16:55,29,58,31,50,28,70,59,60,56,-13,10260,63,87,103,107,108
20160309 16:56,32,52,32,49,36,75,59,60,56,-13,10260,63,87,103,107,108
20160309 16:57,35,54,31,52,33,81,59,60,56,-13,10260,62,87,103,107,108
20160309 16:58,30,60,30,53,27,74,59,60,56,-13,10260,62,87,103,107,108
20160309 16:59,28,57,30,54,29,74,59,60,56,-13,10260,61,87,103,107,109
20160309 17:00,27,60,30,55,25,88,59,59,55,-15,10259,61,86,103,107,109
20160309 17:01,27,64,31,57,29,82,59,59,55,-15,10259,61,86,102,107,109
20160309 17:02,32,54,32,56,34,58,59,60,56,-13,10258,60,86,102,107,109
20160309 17:03,31,53,30,57,28,73,59,61,57,-10,10258,60,86,102,107,109
20160309 17:04,29,57,30,57,30,68,59,60,56,-13,10257,60,86,102,107,109
20160309 17:05,25,48,29,55,21,54,59,60,56,-13,10257,60,85,102,107,109
20160309 17:06,27,51,29,56,34,82,59,61,57,-10,10257,60,85,102,107,109
20160309 17:07,26,50,28,54,19,58,58,60,55,-14,10257,59,85,102,107,109
20160309 17:08,28,48,29,54,37,79,58,60,55,-14,10257,59,85,102,107,109
20160309 17:09,30,41,28,51,23,42,58,61,56,-11,10256,59,85,102,107,109
20160309 17:10,23,34,28,49,23,61,58,62,57,-9,10256,60,85,102,107,109
20160309 17:11,26,44,28,47,29,78,58,60,55,-14,10256,60,84,102,107,109
20160309 17:12,27,48,27,47,26,70,58,60,55,-14,10256,59,84,102,107,109
20160309 17:13,29,42,27,45,31,56,58,61,56,-11,10256,60,84,101,107,109
20160309 17:14,30,36,27,43,29,46,58,61,56,-11,10256,60,84,101,107,109
20160309 17:15,24,27,27,41,20,48,58,61,56,-11,10257,60,84,101,107,109
20160309 17:16,23,26,26,38,26,49,58,61,56,-11,10257,60,83,101,107,109
20160309 17:17,24,38,26,39,21,62,58,61,56,-11,10258,61,83,101,107,109
20160309 17:18,20,44,25,37,19,72,58,60,55,-14,10258,60,83,101,107,109
20160309 17:19,22,43,25,39,25,66,58,60,55,-14,10258,60,83,101,107,109
20160309 17:20,23,45,25,40,22,60,58,60,55,-14,10258,60,83,101,107,109
20160309 17:21,25,43,25,39,29,55,58,60,55,-14,10258,60,83,101,107,109
20160309 17:22,26,42,24,38,23,59,58,61,56,-11,10258,60,82,101,107,109
20160309 17:23,35,47,26,39,47,88,58,61,56,-11,10258,60,82,101,107,109
20160309 17:24,41,46,27,40,34,67,58,61,56,-11,10258,59,82,100,107,109
20160309 17:25,36,47,28,43,39,77,58,61,56,-11,10257,59,82,100,107,109
20160309 17:26,40,49,30,45,41,70,58,61,56,-11,10257,58,82,100,107,109
20160309 17:27,38,47,31,45,35,61,57,61,56,-12,10257,58,82,100,107,109
20160309 17:28,32,44,32,45,28,69,57,61,56,-12,10258,57,82,100,107,109
20160309 17:29,20,46,31,46,12,69,57,61,56,-12,10258,57,81,100,107,109
20160309 17:30,19,44,32,45,27,49,57,61,56,-12,10258,57,81,100,106,109
20160309 17:31,37,48,33,47,47,82,57,61,56,-12,10258,57,81,100,106,109
20160309 17:32,40,54,34,47,33,65,57,61,56,-12,10258,56,81,100,106,109
20160309 17:33,35,49,33,47,38,70,57,61,56,-12,10258,56,81,100,106,109
20160309 17:34,34,46,33,47,29,70,57,61,56,-12,10257,56,81,100,106,109
20160309 17:35,29,51,32,48,28,74,57,61,56,-12,10257,56,81,100,106,109
20160309 17:36,28,47,31,47,28,50,57,61,56,-12,10257,55,80,99,106,109
20160309 17:37,35,37,31,46,42,53,57,62,57,-10,10257,56,80,99,106,109
20160309 17:38,42,37,33,46,42,54,57,62,57,-10,10256,56,80,99,106,109
20160309 17:39,48,38,37,45,54,58,56,62,56,-11,10256,56,80,99,106,109
20160309 17:40,47,40,38,45,40,55,56,62,56,-11,10256,56,80,99,106,109
20160309 17:41,37,46,37,44,34,77,56,61,55,-13,10256,55,80,99,106,109
20160309 17:42,27,59,35,46,19,80,56,61,55,-13,10256,55,80,99,106,109
20160309 17:43,18,59,33,46,17,73,56,61,55,-13,10256,54,79,99,106,109
20160309 17:44,28,41,34,45,40,37,56,61,55,-13,10256,53,79,99,106,109
20160309 17:45,37,36,35,43,35,61,56,61,55,-13,10256,53,79,99,106,109
20160309 17:46,37,48,36,45,40,76,56,61,55,-13,10256,53,79,99,106,109
20160309 17:47,38,63,36,49,36,89,56,61,55,-13,10256,53,79,99,106,109
20160309 17:48,30,59,34,50,23,70,55,61,55,-14,10256,52,79,98,106,109
20160309 17:49,26,40,31,49,30,53,55,61,55,-14,10256,52,79,98,106,109
20160309 17:50,33,34,31,48,36,63,55,62,56,-12,10257,52,78,98,106,109
20160309 17:51,37,33,31,46,38,51,55,62,56,-12,10257,52,78,98,106,109
20160309 17:52,40,31,34,43,43,50,55,62,56,-12,10257,52,78,98,106,109
20160309 17:53,41,37,36,42,39,58,55,62,56,-12,10257,52,78,98,106,109
20160309 17:54,37,36,36,42,35,44,55,61,55,-14,10258,52,78,98,106,109
20160309 17:55,31,35,35,42,27,56,55,62,56,-12,10258,52,78,98,106,109
20160309 17:56,24,36,33,39,21,53,55,62,56,-12,10257,52,77,98,106,109
20160309 17:57,23,40,32,37,25,55,55,62,56,-12,10257,51,77,98,106,109
20160309 17:58,24,50,32,38,23,71,55,61,55,-14,10257,51,77,98,106,109
20160309 17:59,23,48,31,39,24,63,55,61,55,-14,10256,51,77,98,106,109
20160309 18:00,29,35,31,38,33,32,55,62,56,-12,10257,51,77,97,106,109
20160309 18:01,32,27,30,38,31,38,55,62,56,-12,10257,51,77,97,105,109
20160309 18:02,32,27,29,37,34,38,55,62,56,-12,10257,51,77,97,105,109
20160309 18:03,39,24,30,35,43,35,55,63,57,-10,10257,51,76,97,105,108
20160309 18:04,40,31,30,36,37,52,55,63,57,-10,10257,51,76,97,105,109
20160309 18:05,37,33,31,35,37,43,55,62,56,-12,10258,51,76,97,105,109
20160309 18:06,37,28,32,34,37,43,55,63,57,-10,10258,51,76,97,105,109
20160309 18:07,19,25,30,32,0,32,55,63,57,-10,10258,51,76,97,105,108
20160309 18:08,11,28,30,30,21,48,55,63,57,-10,10258,51,76,97,105,108
20160309 18:09,17,31,29,28,12,42,55,63,57,-10,10258,51,75,97,105,108
20160309 18:10,21,28,28,28,28,35,55,63,57,-10,10258,51,75,97,105,108
20160309 18:11,29,25,28,28,30,31,55,64,58,-8,10258,51,75,96,105,108
20160309 18:12,25,22,27,27,20,34,55,64,58,-8,10258,51,75,96,105,108
20160309 18:13,24,23,25,27,28,40,55,64,58,-8,10258,51,75,96,105,108
20160309 18:14,26,29,24,27,24,65,54,64,57,-9,10258,51,75,96,105,108
20160309 18:15,29,41,23,29,33,58,54,64,57,-9,10258,51,75,96,105,108
20160309 18:16,35,47,23,31,37,68,54,63,56,-11,10259,51,75,96,105,108
20160309 18:17,41,54,28,34,44,82,54,63,56,-11,10259,50,74,96,105,108
20160309 18:18,36,56,28,36,27,72,54,62,56,-13,10259,50,74,96,105,108
20160309 18:19,31,42,31,37,35,57,54,62,56,-13,10260,50,74,96,105,108
20160309 18:20,29,34,30,37,24,58,54,62,56,-13,10260,49,74,96,105,108
20160309 18:21,30,39,31,40,37,67,54,63,56,-11,10260,49,74,96,105,108
20160309 18:22,33,46,32,42,29,81,54,63,56,-11,10261,49,74,96,105,108
20160309 18:23,26,50,31,45,24,76,54,63,56,-11,10261,49,74,95,105,108
20160309 18:24,26,58,32,48,29,86,54,62,56,-13,10261,49,74,95,105,108
20160309 18:25,28,63,31,50,27,80,54,62,56,-13,10260,48,74,95,105,108
20160309 18:26,33,55,32,50,40,77,54,62,56,-13,10260,48,73,95,104,108
20160309 18:27,39,47,31,48,38,66,54,62,56,-13,10260,48,73,95,104,108
20160309 18:28,35,57,32,50,33,91,53,63,56,-12,10260,48,73,95,104,108
20160309 18:29,27,61,30,52,21,73,53,62,55,-14,10260,47,73,95,104,108
20160309 18:30,29,50,32,53,37,69,53,63,56,-12,10260,47,73,95,104,108
20160309 18:31,34,50,31,54,32,78,53,62,55,-14,10261,47,73,95,104,108
20160309 18:32,31,52,31,54,29,79,53,63,56,-12,10261,47,73,95,104,108
20160309 18:33,29,49,31,54,28,73,53,63,56,-12,10262,47,73,95,104,108
20160309 18:34,24,46,31,52,20,75,53,62,55,-14,10262,47,73,95,104,108
20160309 18:35,20,45,30,50,19,73,53,63,56,-12,10262,47,72,94,104,108
20160309 18:36,16,48,27,50,13,68,53,63,56,-12,10262,47,72,94,104,108
20160309 18:37,14,48,25,51,15,62,53,62,55,-14,10262,46,72,94,104,108
20160309 18:38,23,50,25,49,32,65,53,63,56,-12,10262,46,72,94,104,108
20160309 18:39,31,57,26,50,30,83,53,63,56,-12,10262,46,72,94,104,108
20160309 18:40,29,56,25,50,29,73,53,63,56,-12,10262,46,72,94,104,108
20160309 18:41,31,50,25,50,32,68,53,63,56,-12,10262,46,72,94,104,108
20160309 18:42,32,46,25,49,32,63,53,64,57,-10,10262,46,71,94,104,108
20160309 18:43,30,38,25,48,29,48,53,64,57,-10,10262,46,71,94,104,108
20160309 18:44,32,27,27,46,35,34,53,64,57,-10,10262,46,71,94,104,108
20160309 18:45,26,27,26,44,17,67,53,65,58,-7,10262,46,71,94,104,108
20160309 18:46,25,36,28,43,33,55,53,65,58,-7,10262,47,71,94,104,108
20160309 18:47,27,36,29,42,21,45,53,65,58,-7,10262,47,71,93,104,108
20160309 18:48,25,37,29,40,29,58,53,65,58,-7,10263,47,71,93,104,108
20160309 18:49,30,43,29,39,31,57,53,64,57,-10,10263,47,71,93,103,108
20160309 18:50,27,44,28,38,24,58,53,65,58,-7,10264,47,70,93,104,108
20160309 18:51,16,47,26,38,8,79,53,65,58,-7,10264,46,70,93,103,108
20160309 18:52,8,39,24,37,8,46,53,63,56,-12,10264,46,70,93,103,108
20160309 18:53,9,28,22,36,10,44,53,63,56,-12,10265,46,70,93,103,108
20160309 18:54,14,32,20,38,17,46,53,64,57,-10,10265,46,70,93,103,108
20160309 18:55,17,40,20,39,16,63,53,64,57,-10,10266,46,70,93,103,108
20160309 18:56,26,40,20,38,35,54,53,63,56,-12,10266,46,70,93,103,108
20160309 18:57,26,37,20,39,18,66,53,63,56,-12,10266,46,70,93,103,108
20160309 18:58,22,38,19,39,26,45,53,63,56,-12,10266,46,70,93,103,108
20160309 18:59,23,34,18,37,20,47,53,64,57,-10,10266,46,70,92,103,108
20160309 19:00,26,37,19,37,32,64,53,64,57,-10,10266,46,69,92,103,108
20160309 19:01,32,40,21,36,32,52,52,64,57,-10,10267,46,69,92,103,108
20160309 19:02,28,31,23,36,25,36,52,64,57,-10,10267,46,69,92,103,108
20160309 19:03,23,35,24,37,20,64,52,64,57,-10,10268,46,69,92,103,108
20160309 19:04,24,45,25,38,28,77,52,63,56,-13,10268,46,69,92,103,108
20160309 19:05,28,51,26,39,28,76,52,63,56,-13,10268,46,69,92,103,108
20160309 19:06,28,48,26,40,27,57,52,63,56,-13,10269,45,69,92,103,108
20160309 19:07,12,37,24,40,357,52,52,63,56,-13,10269,45,69,92,103,108
20160309 19:08,11,30,23,39,25,48,52,63,56,-13,10270,45,69,92,103,108
20160309 19:09,27,27,24,38,30,50,52,63,56,-13,10270,46,69,92,103,108
20160309 19:10,25,28,23,37,20,52,52,63,56,-13,10270,46,69,92,103,108
20160309 19:11,20,35,22,37,21,68,52,63,56,-13,10271,46,68,92,102,108
20160309 19:12,18,45,21,39,15,65,52,63,56,-13,10271,46,68,91,103,108
20160309 19:13,24,51,23,40,34,77,52,63,56,-13,10271,45,68,91,102,108
20160309 19:14,31,51,22,41,27,74,52,62,55,-15,10271,45,68,91,102,108
20160309 19:15,25,47,22,40,23,57,52,62,55,-15,10271,45,68,91,102,108
20160309 19:16,22,50,21,41,21,75,52,62,55,-15,10272,45,68,91,102,107
20160309 19:17,17,53,23,43,13,91,52,62,55,-15,10272,45,68,91,102,107
20160309 19:18,17,55,22,46,21,83,52,62,55,-15,10273,44,68,91,102,107
20160309 19:19,18,48,21,47,15,53,52,62,55,-15,10274,44,68,91,102,107
20160309 19:20,10,43,20,49,6,59,52,62,55,-15,10274,44,68,91,102,107
20160309 19:21,19,38,21,48,32,53,52,62,55,-15,10274,44,68,91,102,107
20160309 19:22,30,31,22,46,27,54,52,63,56,-13,10275,44,68,91,102,107
20160309 19:23,16,30,19,44,6,38,52,63,56,-13,10275,44,68,91,102,107
20160309 19:24,15,27,19,41,25,32,52,63,56,-13,10275,44,67,91,102,107
20160309 19:25,26,23,19,39,27,30,52,63,56,-13,10275,45,67,90,102,107
20160309 19:26,16,22,18,36,6,33,52,63,56,-13,10275,45,67,90,102,107
20160309 19:27,18,25,19,33,29,37,52,63,56,-13,10275,45,67,90,102,107
20160309 19:28,22,30,19,31,14,45,52,63,56,-13,10275,45,67,90,102,107
20160309 19:29,10,32,18,30,5,43,52,63,56,-13,10275,45,67,90,102,107
20160309 19:30,11,34,19,29,16,54,52,64,57,-10,10276,45,67,90,102,107
20160309 19:31,16,38,17,30,17,53,52,64,57,-10,10276,45,67,90,102,107
20160309 19:32,26,35,18,30,35,52,52,63,56,-13,10277,45,67,90,102,107
20160309 19:33,26,37,19,31,17,58,52,64,57,-10,10277,45,67,90,102,107
20160309 19:34,24,46,20,33,31,66,52,63,56,-13,10277,45,67,90,101,107
20160309 19:35,22,46,18,36,13,67,52,63,56,-13,10277,45,67,90,101,107
20160309 19:36,14,38,19,37,16,50,52,63,56,-13,10278,44,67,90,101,107
20160309 19:37,16,27,18,36,16,37,52,63,56,-13,10278,44,66,90,101,107
20160309 19:38,20,31,19,37,24,69,52,63,56,-13,10278,44,66,90,101,107
20160309 19:39,20,39,20,38,15,65,52,63,56,-13,10278,44,66,89,101,107
20160309 19:40,18,39,20,38,20,50,52,63,56,-13,10278,44,66,89,101,107
20160309 19:41,19,35,20,37,17,52,52,63,56,-13,10278,44,66,89,101,107
20160309 19:42,11,41,17,39,5,88,52,63,56,-13,10279,44,66,89,101,107
20160309 19:43,5,48,16,39,5,57,52,63,56,-13,10279,44,66,89,101,107
20160309 19:44,4,37,13,37,3,53,52,63,56,-13,10279,44,66,89,101,107
20160309 19:45,12,36,14,37,20,56,52,63,56,-13,10279,44,66,89,101,107
20160309 19:46,23,37,15,37,26,60,52,63,56,-13,10279,44,66,89,101,107
20160309 19:47,23,40,16,39,20,68,52,63,56,-13,10280,44,66,89,101,107
20160309 19:48,17,46,15,40,15,72,52,63,56,-13,10280,44,66,89,101,107
20160309 19:49,15,45,15,40,15,60,52,63,56,-13,10281,43,66,89,101,107
20160309 19:50,10,35,13,39,4,46,52,62,55,-15,10281,43,66,89,101,107
20160309 19:51,6,39,12,41,8,65,52,63,56,-13,10281,43,66,89,101,107
20160309 19:52,16,39,14,39,24,48,52,63,56,-13,10281,43,65,89,101,107
20160309 19:53,21,34,15,39,19,59,52,63,56,-13,10282,43,65,88,101,107
20160309 19:54,20,30,17,38,20,28,51,63,55,-14,10282,43,65,88,101,107
20160309 19:55,18,24,17,36,16,35,51,64,56,-11,10283,43,65,88,101,107
20160309 19:56,16,33,16,37,16,64,51,64,56,-11,10283,43,65,88,100,107
20160309 19:57,18,39,16,36,21,51,51,63,55,-14,10283,43,65,88,100,107
20160309 19:58,28,42,18,36,36,70,51,63,55,-14,10283,43,65,88,100,107
20160309 19:59,30,37,19,35,24,42,51,63,55,-14,10283,43,65,88,100,107
20160309 20:00,22,24,20,34,20,27,51,63,55,-14,10284,43,65,88,100,107
