time_now,wd_avg_2mins,ws_avg_2mins,wd_avg_10mins,ws_avg_10mins,wd_maxsp_this_min,ws_maxsp_this_min,air_temp_by_box,relative_humidity,water_vapor_pressure,dew_temp,station_pressure,ground_temp_pt,ground_tem_5cm,ground_tem_10cm,ground_tem_15cm,ground_tem_20cm
20160118 20:01,297,18,295,19,303,20,66,83,81,39,10181,44,64,74,79,81
20160118 20:02,302,15,295,19,301,20,65,83,80,38,10181,43,64,74,79,81
20160118 20:03,299,14,295,18,297,20,65,83,80,38,10181,43,64,74,79,81
20160118 20:04,296,15,296,18,296,23,65,83,80,38,10181,42,64,74,79,81
20160118 20:05,290,18,296,18,285,23,65,83,80,38,10181,42,63,74,79,81
20160118 20:06,283,21,295,18,282,26,64,83,80,37,10181,41,63,74,79,81
20160118 20:07,287,21,294,18,292,26,64,84,81,39,10182,41,63,74,79,81
20160118 20:08,295,16,295,17,299,15,64,84,81,39,10182,41,63,74,79,81
20160118 20:09,296,14,294,17,293,20,64,84,81,39,10182,41,63,74,79,81
20160118 20:10,302,15,296,17,312,18,63,84,80,38,10182,40,63,74,79,81
20160118 20:11,309,15,296,17,307,20,63,84,80,38,10182,40,62,74,79,81
20160118 20:12,302,16,296,17,297,21,62,84,80,37,10182,40,62,74,79,81
20160118 20:13,296,15,296,17,295,20,62,84,80,37,10182,40,62,74,79,81
20160118 20:14,295,17,296,17,295,26,62,85,81,39,10182,40,62,73,79,81
20160118 20:15,301,20,298,17,307,28,62,85,81,39,10183,40,62,73,79,81
20160118 20:16,306,22,300,17,305,29,62,85,81,39,10183,40,62,73,79,81
20160118 20:17,308,18,302,17,310,18,62,85,81,39,10183,40,61,73,79,81
20160118 20:18,307,16,303,17,304,20,62,85,81,39,10183,40,61,73,79,81
20160118 20:19,303,16,303,17,302,25,62,85,81,39,10183,40,61,73,79,81
20160118 20:20,308,15,304,17,315,24,62,85,81,39,10183,40,61,73,79,81
20160118 20:21,307,16,303,17,298,28,62,85,81,39,10183,40,61,73,79,81
20160118 20:22,301,20,303,18,304,27,62,85,81,39,10183,40,61,73,79,81
20160118 20:23,296,17,303,18,288,17,62,85,81,39,10183,39,60,73,78,81
20160118 20:24,295,14,303,17,301,26,61,85,80,38,10183,39,60,73,78,81
20160118 20:25,307,18,304,17,314,31,61,85,80,38,10183,39,60,73,78,81
20160118 20:26,310,19,304,17,306,23,61,85,80,38,10183,39,60,73,78,81
20160118 20:27,309,18,305,17,313,22,61,85,80,38,10184,39,60,73,78,81
20160118 20:28,311,17,305,17,309,31,61,85,80,38,10184,39,60,73,78,81
20160118 20:29,311,17,306,17,313,25,61,85,80,38,10184,39,59,73,78,81
20160118 20:30,314,18,306,18,314,24,61,85,80,38,10184,39,59,73,78,81
20160118 20:31,311,18,307,18,308,26,61,85,80,38,10184,39,59,73,78,81
20160118 20:32,311,16,308,17,315,21,61,85,80,38,10184,38,59,73,78,81
20160118 20:33,309,15,310,17,303,23,61,85,80,38,10184,38,59,73,78,81
20160118 20:34,310,14,311,17,317,14,61,85,80,38,10184,38,59,73,78,81
20160118 20:35,311,12,310,16,304,17,61,85,80,38,10184,38,59,72,78,81
20160118 20:36,307,16,311,16,310,24,61,85,80,38,10184,38,59,72,78,81
20160118 20:37,308,16,310,15,306,17,61,85,80,38,10184,37,58,72,78,81
20160118 20:38,306,14,310,15,306,18,61,85,80,38,10185,37,58,72,78,81
20160118 20:39,302,13,308,15,298,14,60,85,79,37,10185,37,58,72,78,81
20160118 20:40,304,13,308,14,310,21,60,85,79,37,10185,37,58,72,78,81
20160118 20:41,304,16,307,14,299,25,60,85,79,37,10185,36,58,72,78,81
20160118 20:42,300,16,305,14,302,21,60,85,79,37,10185,36,58,72,78,81
20160118 20:43,301,14,305,14,300,18,60,85,79,37,10185,35,58,72,78,81
20160118 20:44,294,12,302,14,288,17,60,85,79,37,10185,35,57,72,78,81
20160118 20:45,291,11,301,14,294,17,60,85,79,37,10185,35,57,72,78,81
20160118 20:46,301,11,301,13,308,13,59,85,79,36,10186,34,57,72,78,81
20160118 20:47,309,9,301,13,309,10,59,85,79,36,10186,34,57,72,78,81
20160118 20:48,311,7,302,12,313,10,59,85,79,36,10186,34,57,72,78,81
20160118 20:49,311,6,303,11,309,9,59,85,79,36,10186,33,57,72,78,81
20160118 20:50,304,6,302,10,299,8,58,86,79,36,10185,33,57,72,78,81
20160118 20:51,297,6,302,9,294,8,58,86,79,36,10186,33,57,72,78,81
20160118 20:52,294,8,301,9,294,14,58,86,79,36,10186,32,56,71,78,81
20160118 20:53,292,10,300,8,290,13,57,86,79,35,10186,32,56,71,78,81
20160118 20:54,292,10,300,8,294,12,57,86,79,35,10187,32,56,71,78,81
20160118 20:55,292,12,300,9,289,16,57,86,79,35,10187,32,56,71,78,81
20160118 20:56,292,13,299,9,295,14,56,87,79,36,10187,32,56,71,78,81
20160118 20:57,292,12,296,9,288,13,56,87,79,36,10188,32,56,71,78,81
20160118 20:58,288,13,294,10,288,16,56,87,79,36,10188,32,56,71,78,81
20160118 20:59,289,13,292,11,289,13,56,87,79,36,10188,32,55,71,78,81
20160118 21:00,286,12,290,11,283,13,55,87,79,35,10188,31,55,71,78,81
20160118 21:01,284,13,290,12,285,15,55,87,79,35,10188,31,55,71,78,80
20160118 21:02,285,13,289,12,285,16,55,88,79,37,10188,31,55,71,78,80
20160118 21:03,283,13,288,12,281,15,55,88,79,37,10188,31,55,71,78,80
20160118 21:04,281,14,286,13,280,17,54,88,79,36,10189,30,55,71,78,80
20160118 21:05,281,15,286,13,282,16,54,88,79,36,10189,30,55,71,78,80
20160118 21:06,281,14,284,13,280,15,54,88,79,36,10189,30,54,71,78,80
20160118 21:07,280,14,283,13,279,16,54,88,79,36,10189,30,54,71,78,80
20160118 21:08,279,13,282,13,278,15,53,88,78,35,10189,29,54,71,78,80
20160118 21:09,276,14,281,14,275,16,53,88,78,35,10189,29,54,71,78,80
20160118 21:10,275,15,280,14,276,18,53,88,78,35,10189,29,54,70,77,80
20160118 21:11,277,15,279,14,279,16,52,88,78,34,10189,29,54,70,77,80
20160118 21:12,280,13,279,14,280,15,52,89,79,35,10189,28,54,70,77,80
20160118 21:13,282,12,279,14,284,12,51,89,78,34,10189,28,53,70,77,80
20160118 21:14,281,10,279,13,277,11,51,89,78,34,10189,28,53,70,77,80
20160118 21:15,275,10,278,13,274,11,51,89,78,34,10189,28,53,70,77,80
20160118 21:16,272,10,277,12,270,13,50,89,78,33,10189,27,53,70,77,80
20160118 21:17,268,11,276,12,265,12,50,89,78,33,10189,27,53,70,77,80
20160118 21:18,266,10,275,12,267,11,50,89,78,33,10189,27,53,70,77,80
20160118 21:19,270,10,275,11,274,12,50,89,78,33,10190,27,53,70,77,80
20160118 21:20,269,10,273,11,264,12,49,90,78,34,10190,26,52,70,77,80
20160118 21:21,264,10,272,11,263,13,49,90,78,34,10190,26,52,70,77,80
20160118 21:22,269,11,271,10,275,13,48,90,77,33,10190,26,52,70,77,80
20160118 21:23,272,11,270,11,270,15,48,90,77,33,10190,26,52,70,77,80
20160118 21:24,267,12,269,11,265,15,48,90,77,33,10190,25,52,69,77,80
20160118 21:25,265,13,268,11,265,15,48,90,77,33,10190,25,52,69,77,80
20160118 21:26,266,14,267,12,267,16,47,91,78,34,10190,25,52,69,77,80
20160118 21:27,268,14,268,12,269,16,47,91,78,34,10190,25,51,69,77,80
20160118 21:28,271,14,268,12,272,17,47,91,78,34,10190,25,51,69,77,80
20160118 21:29,272,14,268,13,272,16,46,91,77,33,10191,24,51,69,77,80
20160118 21:30,273,16,269,13,273,18,46,91,77,33,10191,24,51,69,77,80
20160118 21:31,277,16,271,14,281,18,46,91,77,33,10191,24,51,69,77,80
20160118 21:32,280,15,271,14,278,17,46,91,77,33,10191,24,51,69,77,80
20160118 21:33,276,15,272,15,275,19,46,92,78,34,10191,24,50,69,77,80
20160118 21:34,274,15,273,15,274,18,45,92,77,33,10191,25,50,69,77,80
20160118 21:35,273,15,273,15,272,17,45,92,77,33,10191,25,50,69,77,80
20160118 21:36,273,14,274,15,274,16,45,92,77,33,10191,26,50,69,77,80
20160118 21:37,272,14,274,15,270,16,45,92,77,33,10191,26,50,69,77,80
20160118 21:38,271,14,274,15,272,17,45,92,77,33,10191,26,50,68,77,80
20160118 21:39,269,16,273,15,266,22,45,92,77,33,10191,27,50,68,77,80
20160118 21:40,267,15,273,15,269,19,45,92,77,33,10191,27,50,68,77,80
20160118 21:41,268,13,272,15,267,15,45,92,77,33,10191,27,49,68,77,80
20160118 21:42,266,13,270,15,264,17,45,92,77,33,10191,27,49,68,76,80
20160118 21:43,264,13,269,14,264,14,45,92,77,33,10191,27,49,68,76,80
20160118 21:44,266,13,268,14,267,18,45,92,77,33,10191,27,49,68,76,80
20160118 21:45,264,13,267,14,260,14,45,92,77,33,10191,27,49,68,76,80
20160118 21:46,263,12,267,14,266,16,45,92,77,33,10191,28,49,68,76,80
20160118 21:47,268,12,267,14,270,14,45,92,77,33,10191,28,49,68,76,80
20160118 21:48,273,11,267,13,276,12,45,93,78,35,10191,28,49,68,76,80
20160118 21:49,275,11,268,13,275,14,44,92,77,32,10191,28,49,68,76,80
20160118 21:50,275,11,268,12,275,14,44,92,77,32,10191,28,49,68,76,80
20160118 21:51,275,12,269,12,276,13,44,92,77,32,10192,28,48,68,76,80
20160118 21:52,276,13,271,12,277,17,44,92,77,32,10192,28,48,68,76,80
20160118 21:53,278,14,272,13,278,18,44,92,77,32,10192,28,48,67,76,80
20160118 21:54,279,14,273,13,279,18,44,93,78,34,10192,28,48,67,76,80
20160118 21:55,278,15,275,13,277,18,44,93,78,34,10192,28,48,67,76,80
20160118 21:56,276,14,276,13,275,17,45,93,78,35,10192,27,48,67,76,80
20160118 21:57,278,12,277,13,280,15,45,93,78,35,10192,27,48,67,76,80
20160118 21:58,283,11,278,13,286,16,45,93,78,35,10192,27,48,67,76,80
20160118 21:59,286,12,279,13,285,14,45,92,77,33,10192,27,48,67,76,80
20160118 22:00,289,12,280,13,292,14,44,92,77,32,10192,27,48,67,76,80
20160118 22:01,288,13,281,13,285,19,44,92,77,32,10192,26,48,67,76,80
20160118 22:02,286,15,282,13,287,21,44,92,77,32,10192,26,48,67,76,80
20160118 22:03,288,14,284,13,289,14,44,92,77,32,10192,26,48,67,76,80
20160118 22:04,289,13,285,13,289,15,44,92,77,32,10192,26,48,67,76,80
20160118 22:05,286,13,285,13,283,15,44,92,77,32,10192,25,48,67,76,80
20160118 22:06,283,12,286,13,283,15,44,92,77,32,10192,25,48,67,76,80
20160118 22:07,283,13,286,13,283,16,44,92,77,32,10192,25,48,66,76,80
20160118 22:08,281,14,285,13,278,16,44,92,77,32,10192,24,47,66,76,80
20160118 22:09,280,14,285,13,282,16,44,92,77,32,10192,24,47,66,76,80
20160118 22:10,281,14,284,14,280,16,44,92,77,32,10192,24,47,66,76,80
20160118 22:11,282,14,284,13,284,15,44,92,77,32,10192,23,47,66,75,80
20160118 22:12,283,12,283,13,282,13,44,92,77,32,10192,23,47,66,75,80
20160118 22:13,280,12,282,13,277,14,44,92,77,32,10192,23,47,66,75,80
20160118 22:14,280,13,281,13,282,17,44,92,77,32,10192,22,47,66,75,80
20160118 22:15,281,14,281,13,281,15,43,92,76,31,10192,22,47,66,75,80
20160118 22:16,279,15,281,14,277,18,43,92,76,31,10192,22,47,66,75,80
20160118 22:17,277,16,280,14,277,19,43,92,76,31,10192,21,47,66,75,80
20160118 22:18,279,17,280,14,281,21,43,92,76,31,10193,21,47,66,75,79
20160118 22:19,285,18,281,15,289,21,43,92,76,31,10193,21,46,66,75,79
20160118 22:20,288,19,282,15,287,21,43,92,76,31,10193,21,46,66,75,80
20160118 22:21,286,18,282,16,285,19,43,92,76,31,10193,21,46,66,75,79
20160118 22:22,282,17,282,16,280,22,43,92,76,31,10193,21,46,65,75,79
20160118 22:23,284,15,283,16,288,17,43,92,76,31,10192,20,46,65,75,79
20160118 22:24,287,14,283,16,286,18,43,92,76,31,10192,20,46,65,75,79
20160118 22:25,289,14,284,16,293,17,43,92,76,31,10192,21,46,65,75,79
20160118 22:26,289,14,285,16,284,20,42,92,76,30,10192,20,46,65,75,79
20160118 22:27,286,17,286,16,289,23,42,92,76,30,10193,20,46,65,75,79
20160118 22:28,289,16,287,16,289,19,43,92,76,31,10193,20,45,65,75,79
20160118 22:29,291,16,287,16,292,22,42,92,76,30,10192,20,45,65,75,79
20160118 22:30,294,16,288,16,297,20,42,92,76,30,10192,20,45,65,75,79
20160118 22:31,299,15,290,15,301,20,42,92,76,30,10192,20,45,65,75,79
20160118 22:32,298,16,291,15,295,20,42,92,76,30,10193,20,45,65,75,79
20160118 22:33,295,17,292,16,296,20,42,92,76,30,10193,20,45,65,75,79
20160118 22:34,295,16,293,16,295,21,42,92,76,30,10193,19,45,65,75,79
20160118 22:35,298,15,294,16,302,18,42,92,76,30,10193,19,45,65,75,79
20160118 22:36,298,13,295,16,294,16,42,91,75,29,10193,19,44,65,75,79
20160118 22:37,294,14,295,15,293,22,42,91,75,29,10193,19,44,65,74,79
20160118 22:38,297,15,297,15,301,22,42,91,75,29,10193,19,44,65,74,79
20160118 22:39,302,14,298,15,303,18,42,91,75,29,10193,19,44,64,74,79
20160118 22:40,306,19,299,16,310,40,42,91,75,29,10193,19,44,64,74,79
20160118 22:41,305,23,299,17,300,25,43,91,76,30,10193,19,44,64,74,79
20160118 22:42,305,20,300,17,311,27,43,91,76,30,10193,19,44,64,74,79
20160118 22:43,308,19,301,17,304,28,44,91,76,31,10193,19,44,64,74,79
20160118 22:44,303,20,302,18,302,30,44,91,76,31,10193,19,44,64,74,79
20160118 22:45,305,21,303,18,308,32,44,90,75,29,10193,19,44,64,74,79
20160118 22:46,309,20,304,19,311,25,44,90,75,29,10193,19,43,64,74,79
20160118 22:47,304,19,305,19,298,23,45,90,76,30,10194,19,43,64,74,79
20160118 22:48,301,17,305,19,304,23,45,90,76,30,10194,19,43,64,74,79
20160118 22:49,303,21,305,21,303,42,45,90,76,30,10194,19,43,64,74,79
20160118 22:50,302,25,304,21,301,34,46,89,75,29,10194,19,43,64,74,79
20160118 22:51,297,21,303,20,292,30,46,89,75,29,10194,19,43,64,74,79
20160118 22:52,302,22,304,21,313,35,46,89,75,29,10194,19,43,64,74,79
20160118 22:53,305,25,303,21,298,31,46,88,75,28,10194,19,43,64,74,79
20160118 22:54,299,20,303,21,301,22,46,88,75,28,10194,19,43,64,74,79
20160118 22:55,302,16,302,20,304,18,46,88,75,28,10194,19,43,63,74,79
20160118 22:56,307,15,302,20,311,26,46,88,75,28,10194,19,42,63,74,79
20160118 22:57,312,18,304,20,313,32,46,88,75,28,10194,19,42,63,74,79
20160118 22:58,320,21,306,21,328,29,46,88,75,28,10194,19,42,63,74,79
20160118 22:59,323,20,308,20,318,23,46,88,75,28,10194,19,42,63,74,79
20160118 23:00,316,19,309,20,314,24,46,88,75,28,10194,19,42,63,74,79
20160118 23:01,315,17,312,19,316,20,47,87,74,27,10194,19,42,63,74,79
20160118 23:02,316,14,312,18,316,19,47,87,74,27,10194,19,42,63,74,79
20160118 23:03,315,13,313,17,314,20,47,87,74,27,10194,18,42,63,73,79
20160118 23:04,318,15,316,17,322,22,47,87,74,27,10194,18,42,63,73,79
20160118 23:05,313,15,315,17,303,21,47,87,74,27,10193,18,42,63,73,79
20160118 23:06,314,16,317,17,325,27,47,86,73,26,10193,18,42,63,73,79
20160118 23:07,321,16,317,17,316,21,47,86,73,26,10193,18,42,63,73,79
20160118 23:08,310,16,315,16,304,24,47,86,73,26,10193,17,41,63,73,79
20160118 23:09,303,16,313,16,302,32,47,86,73,26,10193,18,41,63,73,79
20160118 23:10,302,17,312,16,303,21,47,86,73,26,10193,18,41,62,73,79
20160118 23:11,306,17,311,16,308,20,47,86,73,26,10193,18,41,62,73,79
20160118 23:12,306,16,310,16,303,21,47,86,73,26,10193,17,41,62,73,78
20160118 23:13,303,16,309,16,302,22,47,86,73,26,10193,17,41,62,73,78
20160118 23:14,302,19,307,17,301,31,47,86,73,26,10193,17,41,62,73,78
20160118 23:15,301,18,306,17,301,20,47,86,73,26,10193,17,41,62,73,78
20160118 23:16,308,14,306,17,316,18,47,86,73,26,10193,17,41,62,73,78
20160118 23:17,310,14,304,17,305,18,46,86,73,25,10193,17,41,62,73,78
20160118 23:18,302,13,304,16,300,17,46,86,73,25,10193,17,41,62,73,78
20160118 23:19,298,13,304,16,297,23,46,86,73,25,10193,17,41,62,73,78
20160118 23:20,290,13,302,15,283,19,46,86,73,25,10193,17,41,62,73,78
20160118 23:21,285,13,300,15,287,18,46,86,73,25,10193,16,40,62,73,78
20160118 23:22,287,16,298,15,287,28,46,86,73,25,10193,16,40,62,73,78
20160118 23:23,295,18,298,15,305,27,46,86,73,25,10193,16,40,62,73,78
20160118 23:24,304,18,299,15,304,23,46,86,73,25,10193,16,40,62,73,78
20160118 23:25,299,18,298,15,295,24,45,87,73,25,10193,16,40,62,73,78
20160118 23:26,300,19,297,16,305,25,45,87,73,25,10193,16,40,61,73,78
20160118 23:27,304,16,297,16,302,21,45,87,73,25,10193,16,40,61,73,78
20160118 23:28,300,15,296,16,297,26,45,87,73,25,10193,15,40,61,72,78
20160118 23:29,301,17,297,16,305,21,45,87,73,25,10193,16,40,61,72,78
20160118 23:30,301,16,298,17,297,22,45,87,73,25,10193,15,40,61,72,78
20160118 23:31,301,15,300,17,304,21,45,87,73,25,10193,15,40,61,72,78
20160118 23:32,304,14,302,16,304,17,45,87,73,25,10193,15,39,61,72,78
20160118 23:33,296,12,300,15,289,16,44,88,74,26,10193,15,39,61,72,78
20160118 23:34,294,14,300,16,300,25,44,87,73,24,10193,15,39,61,72,78
20160118 23:35,303,16,301,15,305,19,44,88,74,26,10193,14,39,61,72,78
20160118 23:36,301,15,300,15,296,29,44,88,74,26,10193,14,39,61,72,78
20160118 23:37,299,17,300,15,302,23,44,88,74,26,10193,14,39,61,72,78
20160118 23:38,305,18,301,15,309,30,44,88,74,26,10193,14,39,61,72,78
20160118 23:39,305,21,301,16,301,37,44,88,74,26,10193,14,39,61,72,78
20160118 23:40,297,20,300,16,294,22,43,88,73,25,10193,14,39,61,72,78
20160118 23:41,300,18,301,17,307,33,43,88,73,25,10193,14,39,61,72,78
20160118 23:42,303,22,300,18,299,28,43,88,73,25,10193,15,39,60,72,78
20160118 23:43,304,21,302,19,309,28,44,89,74,27,10193,15,39,60,72,78
20160118 23:44,308,19,303,19,307,28,44,89,74,27,10193,15,39,60,72,78
20160118 23:45,309,19,304,19,311,27,44,89,74,27,10193,15,38,60,72,78
20160118 23:46,311,18,305,19,311,28,44,89,74,27,10193,15,38,60,72,78
20160118 23:47,312,19,306,20,312,27,44,89,74,27,10193,15,38,60,72,78
20160118 23:48,315,19,307,20,317,24,44,89,74,27,10193,15,38,60,72,78
20160118 23:49,313,18,308,19,309,23,44,89,74,27,10193,15,38,60,72,78
20160118 23:50,312,17,310,19,315,19,44,89,74,27,10193,15,38,60,72,78
20160118 23:51,313,17,310,19,311,22,44,89,74,27,10193,15,38,60,71,78
20160118 23:52,310,17,311,18,309,24,44,89,74,27,10193,15,38,60,71,78
20160118 23:53,311,17,311,18,313,23,44,89,74,27,10193,14,38,60,71,78
20160118 23:54,309,17,311,18,305,25,44,89,74,27,10193,14,38,60,71,78
20160118 23:55,308,16,311,17,310,20,44,89,74,27,10193,15,38,60,71,78
20160118 23:56,312,17,311,18,313,30,44,89,74,27,10193,15,38,60,71,77
20160118 23:57,307,21,310,18,301,28,44,89,74,27,10193,15,38,60,71,77
20160118 23:58,303,19,309,18,306,22,44,89,74,27,10193,15,38,60,71,77
20160118 23:59,309,18,310,18,312,29,44,89,74,27,10193,15,37,59,71,77
20160118 00:00,312,20,309,18,313,28,44,89,74,27,10193,15,37,59,71,77
20160118 00:01,309,18,309,18,305,20,43,89,74,26,10193,15,37,59,71,77
20160118 00:02,304,14,308,18,304,18,43,89,74,26,10193,14,37,59,71,77
20160118 00:03,308,14,308,18,312,19,43,89,74,26,10193,14,37,59,71,77
20160118 00:04,303,15,307,17,294,23,43,89,74,26,10193,14,37,59,71,77
20160118 00:05,293,14,305,17,291,15,43,89,74,26,10193,13,37,59,71,77
20160118 00:06,293,12,303,16,295,14,43,89,74,26,10193,13,37,59,71,77
20160118 00:07,297,12,303,16,300,18,42,89,73,26,10193,13,37,59,71,77
20160118 00:08,298,12,302,15,295,15,42,89,73,26,10193,13,37,59,71,77
20160118 00:09,297,12,301,14,298,17,42,89,73,26,10193,13,37,59,71,77
20160118 00:10,297,13,299,14,296,17,42,90,74,27,10193,13,37,59,71,77
20160118 00:11,296,15,298,14,297,20,41,90,74,26,10193,13,37,59,71,77
20160118 00:12,295,16,297,14,293,20,41,90,74,26,10193,13,37,59,71,77
20160118 00:13,294,16,296,14,296,23,41,90,74,26,10193,12,37,59,71,77
20160118 00:14,295,16,296,14,295,19,40,90,73,25,10193,12,37,59,71,77
20160118 00:15,295,17,296,14,295,31,40,90,73,25,10193,12,36,58,70,77
20160118 00:16,293,16,296,15,292,19,40,90,73,25,10193,12,36,58,71,77
20160118 00:17,292,13,295,15,292,18,40,90,73,25,10193,12,36,58,70,77
20160118 00:18,291,14,294,15,290,21,39,91,73,26,10193,12,36,58,70,77
20160118 00:19,291,15,294,15,291,17,39,91,73,26,10193,13,36,58,70,77
20160118 00:20,287,15,292,16,282,24,39,91,73,26,10193,12,36,58,70,77
20160118 00:21,289,18,292,16,296,24,39,91,73,26,10193,12,36,58,70,77
20160118 00:22,292,19,292,16,288,23,39,91,73,26,10193,13,36,58,70,77
20160118 00:23,290,18,291,16,292,22,38,91,73,25,10193,13,36,58,70,77
20160118 00:24,289,17,290,17,285,19,38,91,73,25,10193,13,36,58,70,77
20160118 00:25,286,15,290,16,287,19,38,91,73,25,10193,13,36,58,70,77
20160118 00:26,289,15,289,16,291,22,38,91,73,25,10193,13,36,58,70,77
20160118 00:27,290,17,289,17,288,23,38,91,73,25,10193,13,36,58,70,77
20160118 00:28,286,17,288,17,285,20,38,91,73,25,10193,13,36,58,70,77
20160118 00:29,284,16,288,17,283,18,37,92,73,25,10193,13,36,58,70,77
20160118 00:30,287,15,289,17,291,19,37,92,73,25,10194,13,35,58,70,77
20160118 00:31,297,17,289,17,303,26,37,92,73,25,10194,13,35,58,70,77
20160118 00:32,301,20,290,17,299,26,37,92,73,25,10194,13,35,58,70,77
20160118 00:33,304,23,292,18,310,34,37,92,73,25,10194,13,35,57,70,77
20160118 00:34,305,22,294,18,299,27,38,92,74,26,10194,14,35,57,70,77
20160118 00:35,299,21,295,19,299,33,38,92,74,26,10195,14,35,57,70,77
20160118 00:36,299,23,296,19,299,33,38,92,74,26,10195,14,35,57,70,77
20160118 00:37,303,24,298,20,307,36,39,92,74,27,10195,14,35,57,70,76
20160118 00:38,313,24,301,21,319,29,39,92,74,27,10195,14,35,57,70,76
20160118 00:39,319,27,304,23,319,48,39,92,74,27,10195,14,35,57,70,76
20160118 00:40,313,30,306,24,307,42,39,92,74,27,10195,15,35,57,70,76
20160118 00:41,309,23,307,24,311,25,40,92,75,28,10195,15,35,57,69,76
20160118 00:42,310,22,308,24,310,34,40,92,75,28,10195,16,35,57,69,76
20160118 00:43,310,26,308,24,310,40,40,92,75,28,10195,16,35,57,69,76
20160118 00:44,318,28,310,25,324,39,40,92,75,28,10195,16,35,57,69,76
20160118 00:45,321,25,312,25,317,30,40,92,75,28,10195,17,35,57,69,76
20160118 00:46,315,20,314,25,312,31,40,91,74,27,10195,17,35,57,69,76
20160118 00:47,317,27,315,26,322,45,40,91,74,27,10195,16,35,57,69,76
20160118 00:48,326,35,316,27,330,43,41,91,74,28,10195,17,35,57,69,76
20160118 00:49,325,28,316,26,320,41,41,91,74,28,10195,17,35,57,69,76
20160118 00:50,328,25,319,26,335,39,41,91,74,28,10195,17,35,57,69,76
20160118 00:51,325,28,320,27,316,45,41,91,74,28,10195,17,35,56,69,76
20160118 00:52,319,27,321,27,323,35,41,91,74,28,10195,17,35,56,69,76
20160118 00:53,321,21,322,26,320,33,41,91,74,28,10195,17,35,56,69,76
20160118 00:54,322,26,322,26,325,56,41,91,74,28,10195,18,35,56,69,76
20160118 00:55,331,28,324,26,337,43,41,90,74,26,10195,18,35,56,69,76
20160118 00:56,338,22,327,27,339,29,41,90,74,26,10195,18,35,56,69,76
20160118 00:57,343,18,329,25,346,25,41,90,74,26,10195,18,35,56,69,76
20160118 00:58,341,16,330,23,337,22,41,90,74,26,10194,18,35,56,69,76
20160118 00:59,343,19,333,23,350,31,41,90,74,26,10194,18,35,56,69,76
20160118 01:00,343,20,333,22,336,33,41,90,74,26,10194,18,35,56,69,76
20160118 01:01,338,26,335,23,341,42,42,90,74,27,10194,18,35,56,69,76
20160118 01:02,338,29,337,23,334,30,42,90,74,27,10194,18,35,56,69,76
20160118 01:03,335,21,338,22,336,24,42,90,74,27,10194,19,35,56,69,76
20160118 01:04,333,17,339,21,330,23,42,89,73,26,10194,19,35,56,69,76
20160118 01:05,333,26,338,22,336,47,42,89,73,26,10194,19,35,56,69,76
20160118 01:06,340,30,339,22,344,31,42,89,73,26,10194,20,35,56,69,76
20160118 01:07,339,22,338,23,333,25,42,89,73,26,10194,20,35,56,68,76
20160118 01:08,340,16,339,22,348,22,42,89,73,26,10194,20,35,56,68,76
20160118 01:09,343,25,338,24,339,45,43,89,74,26,10194,21,35,56,68,76
20160118 01:10,342,34,339,25,346,38,43,89,74,26,10194,21,35,56,68,76
20160118 01:11,344,29,339,25,342,34,43,89,74,26,10195,21,35,56,68,76
20160118 01:12,346,28,340,25,350,45,43,88,73,25,10195,21,35,55,68,76
20160118 01:13,347,28,341,26,343,43,43,88,73,25,10196,21,35,55,68,76
20160118 01:14,345,28,343,27,347,39,44,88,74,26,10196,22,35,55,68,75
20160118 01:15,343,28,343,27,339,41,44,88,74,26,10196,23,35,55,68,75
20160118 01:16,337,27,342,27,335,37,44,88,74,26,10196,23,35,55,68,75
20160118 01:17,343,22,344,26,351,26,44,88,74,26,10196,24,35,55,68,75
20160118 01:18,345,19,343,27,340,36,44,87,73,24,10196,25,35,55,68,75
20160118 01:19,340,24,343,26,340,35,44,87,73,24,10196,25,35,55,68,75
20160118 01:20,339,33,343,27,339,55,44,87,73,24,10196,25,35,55,68,75
20160118 01:21,334,35,341,27,329,44,45,87,73,25,10196,26,35,55,68,75
20160118 01:22,330,30,339,28,332,51,45,87,73,25,10196,26,35,55,68,75
20160118 01:23,336,32,339,28,340,53,45,87,73,25,10196,26,35,55,68,75
20160118 01:24,341,29,339,28,341,32,45,87,73,25,10196,26,35,55,68,75
20160118 01:25,338,29,338,28,335,48,45,87,73,25,10196,26,36,55,68,75
20160118 01:26,341,35,339,29,347,50,46,87,74,26,10196,26,36,55,68,75
20160118 01:27,347,32,339,30,347,39,46,87,74,26,10196,27,36,55,68,75
20160118 01:28,347,24,340,30,347,27,46,87,74,26,10196,27,36,55,68,75
20160118 01:29,347,25,340,31,347,42,46,86,73,25,10196,27,36,55,68,75
20160118 01:30,342,29,340,29,338,36,46,86,73,25,10196,27,36,55,68,75
20160118 01:31,341,26,342,29,344,36,46,86,73,25,10196,28,36,55,68,75
20160118 01:32,337,27,342,29,331,41,46,86,73,25,10196,29,36,55,67,75
20160118 01:33,332,27,341,28,333,36,46,86,73,25,10196,29,36,55,67,75
20160118 01:34,333,26,340,28,333,37,46,86,73,25,10196,30,36,55,67,75
20160118 01:35,338,28,341,28,344,41,46,86,73,25,10196,30,36,55,67,75
20160118 01:36,342,30,340,27,339,39,47,86,73,26,10196,30,37,55,67,75
20160118 01:37,334,29,339,27,329,36,47,86,73,26,10196,30,37,55,67,75
20160118 01:38,335,26,338,28,340,32,47,86,73,26,10196,30,37,55,67,75
20160118 01:39,341,21,337,26,342,20,47,86,73,26,10196,29,37,55,67,75
20160118 01:40,344,18,338,25,346,28,47,86,73,26,10197,29,37,54,67,75
20160118 01:41,344,20,338,25,342,24,47,86,73,26,10197,28,37,54,67,75
20160118 01:42,333,20,337,24,324,30,47,86,73,26,10197,28,37,54,67,75
20160118 01:43,332,22,338,24,340,28,46,86,73,25,10197,28,37,54,67,75
20160118 01:44,337,20,338,23,335,21,46,86,73,25,10197,28,37,54,67,75
20160118 01:45,336,22,337,23,337,38,46,86,73,25,10198,28,37,54,67,75
20160118 01:46,332,27,336,22,326,36,46,86,73,25,10198,27,37,54,67,75
20160118 01:47,327,28,336,23,328,40,46,86,73,25,10198,27,38,54,67,75
20160118 01:48,342,31,338,23,356,40,46,85,72,23,10197,28,38,54,67,75
20160118 01:49,350,29,338,24,344,35,46,85,72,23,10197,28,38,54,67,75
20160118 01:50,340,30,337,26,336,48,46,85,72,23,10197,28,38,54,67,75
20160118 01:51,336,33,336,27,336,49,47,85,73,24,10197,28,38,54,67,75
20160118 01:52,337,30,338,28,338,38,47,84,72,22,10197,28,38,54,67,75
20160118 01:53,340,27,338,28,343,39,47,84,72,22,10197,29,38,54,67,74
20160118 01:54,338,24,338,28,332,42,46,84,71,21,10197,29,38,54,67,74
20160118 01:55,334,28,337,29,336,44,47,84,72,22,10196,29,38,54,67,74
20160118 01:56,340,33,339,30,343,42,47,84,72,22,10196,30,38,54,67,74
20160118 01:57,339,26,340,29,334,29,47,84,72,22,10196,30,38,54,67,74
20160118 01:58,336,27,338,29,338,57,47,84,72,22,10196,30,38,54,67,74
20160118 01:59,340,34,338,30,341,47,47,83,71,21,10197,31,38,54,67,74
20160118 02:00,343,32,339,29,344,36,47,83,71,21,10197,31,38,54,67,74
20160118 02:01,343,30,339,29,342,42,47,83,71,21,10197,31,38,54,66,74
20160118 02:02,336,28,338,29,329,37,47,83,71,21,10197,32,38,54,67,74
20160118 02:03,334,25,338,28,338,31,47,83,71,21,10197,32,38,54,66,74
20160118 02:04,340,25,339,29,341,43,47,83,71,21,10197,32,38,54,66,74
20160118 02:05,347,32,340,29,354,56,47,83,71,21,10197,32,39,54,66,74
20160118 02:06,356,34,342,29,358,46,47,82,70,19,10197,32,39,54,66,74
20160118 02:07,355,31,344,30,351,45,47,82,70,19,10198,33,39,54,66,74
20160118 02:08,347,33,344,30,344,44,47,82,70,19,10198,33,39,54,66,74
20160118 02:09,339,32,343,30,334,46,47,82,70,19,10198,33,39,54,66,74
20160118 02:10,341,29,344,30,347,39,47,82,70,19,10199,33,39,54,66,74
20160118 02:11,344,27,344,29,340,32,47,82,70,19,10199,33,39,54,66,74
20160118 02:12,339,22,344,29,338,22,48,82,70,20,10199,33,39,54,66,74
20160118 02:13,338,24,344,29,338,36,48,82,70,20,10199,34,39,54,66,74
20160118 02:14,335,32,344,30,332,51,48,82,70,20,10199,34,39,54,66,74
20160118 02:15,330,31,341,29,328,33,48,82,70,20,10199,34,39,54,66,74
20160118 02:16,325,25,338,28,323,32,48,82,70,20,10198,34,39,54,66,74
20160118 02:17,335,26,337,28,348,43,48,82,70,20,10198,34,40,54,66,74
20160118 02:18,340,24,336,27,333,25,48,82,70,20,10198,34,40,54,66,74
20160118 02:19,327,20,335,26,321,28,48,82,70,20,10198,35,40,54,66,74
20160118 02:20,316,19,331,25,310,22,48,82,70,20,10198,35,40,54,66,74
20160118 02:21,310,24,328,25,310,38,48,82,70,20,10198,35,40,54,66,74
20160118 02:22,308,33,325,27,306,46,47,82,70,19,10198,35,40,54,66,74
20160118 02:23,304,34,321,27,302,46,47,83,71,21,10198,35,40,54,66,74
20160118 02:24,300,30,318,27,297,42,47,83,71,21,10198,35,40,54,66,74
20160118 02:25,306,30,316,27,315,39,47,83,71,21,10198,35,40,54,66,74
20160118 02:26,306,25,314,26,298,33,47,83,71,21,10198,35,40,54,66,74
20160118 02:27,297,23,309,26,297,34,46,83,70,20,10198,35,40,54,66,74
20160118 02:28,304,32,307,28,310,52,46,83,70,20,10198,35,40,54,66,74
20160118 02:29,308,30,305,28,306,30,46,83,70,20,10198,35,41,54,66,74
20160118 02:30,300,24,304,29,295,34,46,83,70,20,10198,35,41,54,66,74
20160118 02:31,307,30,304,29,319,43,46,83,70,20,10198,35,41,54,66,74
20160118 02:32,323,28,307,28,327,34,46,83,70,20,10198,35,41,54,66,74
20160118 02:33,318,22,307,27,310,26,45,83,70,19,10198,35,41,54,66,73
20160118 02:34,317,17,310,25,324,19,45,83,70,19,10197,35,41,54,66,73
20160118 02:35,313,16,309,24,301,27,45,83,70,19,10197,35,41,54,66,73
20160118 02:36,309,15,311,23,318,17,45,83,70,19,10197,34,41,54,66,73
20160118 02:37,319,13,313,22,320,19,45,83,70,19,10197,33,41,54,66,73
20160118 02:38,321,14,314,20,321,21,44,83,69,18,10197,32,41,54,66,73
20160118 02:39,313,18,314,20,305,29,44,83,69,18,10197,31,41,54,66,73
20160118 02:40,307,23,315,20,309,34,44,83,69,18,10197,30,41,54,65,73
20160118 02:41,310,21,315,18,311,25,43,83,69,17,10198,29,41,54,65,73
20160118 02:42,307,20,312,18,303,28,43,83,69,17,10198,29,41,54,65,73
20160118 02:43,305,21,312,18,307,29,42,83,68,16,10198,28,41,54,65,73
20160118 02:44,303,21,309,19,299,31,42,83,68,16,10198,27,41,54,65,73
20160118 02:45,305,20,310,19,311,26,42,83,68,16,10198,27,41,54,65,73
20160118 02:46,307,19,309,19,302,31,42,83,68,16,10197,26,41,54,65,73
20160118 02:47,301,20,307,20,301,28,42,83,68,16,10197,26,41,54,65,73
20160118 02:48,299,19,305,20,298,28,41,83,68,15,10197,25,41,54,65,73
20160118 02:49,301,19,305,20,305,28,41,83,68,15,10197,25,41,54,65,73
20160118 02:50,303,19,304,19,301,28,41,83,68,15,10197,24,41,54,65,73
20160118 02:51,306,19,304,20,311,28,40,83,67,14,10197,24,41,54,65,73
20160118 02:52,308,21,304,20,305,29,40,84,68,15,10197,23,41,54,65,73
20160118 02:53,304,20,304,20,304,29,40,84,68,15,10197,23,41,54,65,73
20160118 02:54,306,22,305,20,309,31,40,84,68,15,10197,23,41,54,65,73
20160118 02:55,309,23,304,20,308,35,40,84,68,15,10197,23,41,54,65,73
20160118 02:56,304,25,304,21,299,34,40,84,68,15,10197,23,41,54,65,73
20160118 02:57,302,25,304,21,304,33,40,83,67,14,10197,22,41,54,65,73
20160118 02:58,301,24,304,22,298,30,39,83,67,13,10198,22,41,54,65,73
20160118 02:59,295,25,303,23,292,39,39,83,67,13,10198,22,41,54,65,73
20160118 03:00,298,28,303,24,303,36,39,83,67,13,10198,22,40,54,65,73
20160118 03:01,299,29,302,25,296,40,39,83,67,13,10198,22,40,54,65,73
20160118 03:02,296,28,301,26,297,41,39,83,67,13,10198,22,40,54,65,73
20160118 03:03,298,26,300,26,299,33,39,83,67,13,10198,21,40,54,65,73
20160118 03:04,297,22,299,26,296,30,39,83,67,13,10198,21,40,54,65,73
20160118 03:05,299,23,299,26,302,40,38,83,67,12,10198,21,40,54,65,73
20160118 03:06,300,26,298,26,297,43,38,83,67,12,10198,21,40,54,65,73
20160118 03:07,299,27,298,26,302,42,38,83,67,12,10198,21,40,54,65,73
20160118 03:08,304,26,299,26,307,36,38,83,67,12,10198,21,40,54,65,73
20160118 03:09,303,23,300,26,298,28,38,83,67,12,10199,21,40,54,65,73
20160118 03:10,303,23,300,25,308,35,38,83,67,12,10199,21,39,54,65,73
20160118 03:11,305,25,301,25,302,29,38,83,67,12,10199,22,39,54,65,73
20160118 03:12,302,25,301,24,302,31,38,83,67,12,10199,22,39,54,65,73
20160118 03:13,300,24,301,24,297,33,38,83,67,12,10199,23,39,54,65,73
20160118 03:14,301,23,302,24,305,35,38,83,67,12,10199,23,39,54,65,73
20160118 03:15,308,26,303,25,311,34,38,83,67,12,10199,23,39,54,65,73
20160118 03:16,309,27,304,25,308,35,38,83,67,12,10199,24,39,54,65,73
20160118 03:17,310,27,305,25,312,44,38,83,67,12,10199,24,39,54,65,73
20160118 03:18,311,32,305,26,311,44,38,83,67,12,10198,24,39,54,65,73
20160118 03:19,309,33,306,27,307,44,39,83,67,13,10198,25,39,54,65,73
20160118 03:20,306,28,306,27,305,34,39,82,66,11,10198,25,39,54,65,73
20160118 03:21,306,24,307,27,307,38,39,82,66,11,10198,25,38,54,65,73
20160118 03:22,301,21,306,27,296,33,39,82,66,11,10197,25,38,54,65,72
20160118 03:23,301,19,307,26,307,30,39,83,67,13,10197,26,38,54,65,72
20160118 03:24,308,22,307,26,310,31,39,83,67,13,10197,26,38,54,65,72
20160118 03:25,311,23,308,26,312,31,39,83,67,13,10196,26,38,54,65,72
20160118 03:26,308,23,307,25,303,28,39,83,67,13,10196,26,38,54,65,72
20160118 03:27,310,26,308,25,318,39,39,83,67,13,10196,26,38,54,65,72
20160118 03:28,322,26,309,24,325,30,39,83,67,13,10197,27,38,54,65,72
20160118 03:29,320,24,310,23,314,32,39,83,67,13,10197,27,38,54,65,72
20160118 03:30,311,27,310,24,308,41,39,83,67,13,10197,27,38,54,65,72
20160118 03:31,309,28,310,24,311,34,39,83,67,13,10197,28,38,54,65,72
20160118 03:32,304,28,310,25,297,44,39,83,67,13,10197,28,38,54,65,72
20160118 03:33,303,30,311,26,310,35,39,83,67,13,10197,28,38,54,65,72
20160118 03:34,305,25,310,26,299,31,39,83,67,13,10197,28,38,54,65,72
20160118 03:35,299,22,308,26,299,35,39,83,67,13,10197,28,38,54,65,72
20160118 03:36,300,22,308,26,301,29,39,83,67,13,10197,28,38,54,65,72
20160118 03:37,304,24,307,25,308,35,39,83,67,13,10197,28,38,54,65,72
20160118 03:38,307,26,305,26,307,32,39,83,67,13,10197,29,38,54,65,72
20160118 03:39,305,21,304,25,303,24,39,83,67,13,10198,29,38,54,65,72
20160118 03:40,305,17,304,24,306,25,39,83,67,13,10198,29,38,54,65,72
20160118 03:41,308,21,304,24,309,30,39,83,67,13,10198,29,38,54,65,72
20160118 03:42,308,26,305,23,307,36,39,83,67,13,10198,29,38,54,65,72
20160118 03:43,308,24,305,22,308,27,40,83,67,14,10198,29,39,54,65,72
20160118 03:44,307,22,305,23,306,28,40,83,67,14,10198,29,39,54,65,72
20160118 03:45,310,22,307,22,314,29,40,82,67,12,10198,30,39,54,65,72
20160118 03:46,316,20,308,22,317,24,40,82,67,12,10198,30,39,54,65,72
20160118 03:47,309,20,308,22,301,33,40,82,67,12,10198,30,39,54,64,72
20160118 03:48,301,21,307,21,301,36,40,82,67,12,10198,30,39,54,64,72
20160118 03:49,310,23,309,22,320,39,40,82,67,12,10198,30,39,54,64,72
20160118 03:50,319,33,310,24,318,59,40,82,67,12,10198,30,39,54,64,72
20160118 03:51,326,42,312,26,333,56,40,81,66,10,10198,30,39,53,64,72
20160118 03:52,329,36,314,26,325,39,41,81,66,11,10198,30,39,53,64,72
20160118 03:53,315,29,314,27,305,42,41,80,65,10,10198,30,39,53,64,72
20160118 03:54,317,35,316,29,328,53,41,80,65,10,10198,31,39,53,64,72
20160118 03:55,323,40,317,31,319,51,41,80,65,10,10198,31,39,53,64,72
20160118 03:56,324,37,318,33,328,48,41,79,65,8,10198,31,39,53,64,72
20160118 03:57,325,33,320,33,321,40,42,79,65,9,10198,31,39,53,64,72
20160118 03:58,320,31,322,35,319,47,42,79,65,9,10198,31,39,53,64,72
20160118 03:59,320,29,322,35,321,45,42,78,64,7,10198,31,39,53,64,72
20160118 04:00,328,27,324,33,336,33,42,78,64,7,10198,31,39,53,64,72
20160118 04:01,336,26,324,32,337,38,42,78,64,7,10198,31,39,53,64,72
20160118 04:02,335,24,325,31,333,33,42,78,64,7,10198,31,39,53,64,72
20160118 04:03,328,23,327,30,324,30,42,79,65,9,10198,31,39,53,64,72
20160118 04:04,325,21,326,28,327,26,42,79,65,9,10198,31,39,53,64,72
20160118 04:05,325,22,327,27,322,31,42,79,65,9,10198,31,39,53,64,72
20160118 04:06,312,26,324,26,301,42,42,79,65,9,10197,31,39,53,64,72
20160118 04:07,316,27,325,25,329,34,42,79,65,9,10197,31,39,53,64,72
20160118 04:08,331,22,326,24,333,30,42,78,64,7,10197,31,40,53,64,72
20160118 04:09,333,22,328,24,333,32,42,78,64,7,10197,31,40,53,64,72
20160118 04:10,333,22,327,23,334,25,42,79,65,9,10197,31,40,53,64,72
20160118 04:11,332,18,327,22,331,30,42,79,65,9,10197,31,40,53,64,72
20160118 04:12,332,21,327,23,334,27,42,79,65,9,10196,31,40,53,64,72
20160118 04:13,333,25,328,23,332,36,42,79,65,9,10196,31,40,53,64,72
20160118 04:14,335,26,329,24,337,33,42,79,65,9,10195,31,40,53,64,72
20160118 04:15,344,25,332,24,351,29,42,78,64,7,10195,31,40,53,64,72
20160118 04:16,9,21,340,22,27,27,42,78,64,7,10194,31,40,53,64,72
20160118 04:17,16,20,343,22,4,44,42,78,64,7,10194,31,40,53,64,72
20160118 04:18,4,18,346,22,3,26,42,78,64,7,10194,31,40,53,64,72
20160118 04:19,351,14,347,20,339,24,42,78,64,7,10194,32,40,53,64,72
20160118 04:20,334,17,346,21,328,29,42,78,64,7,10194,32,40,53,64,71
20160118 04:21,334,20,347,21,340,22,42,78,64,7,10193,32,40,53,64,71
20160118 04:22,345,22,349,21,350,39,42,78,64,7,10193,32,40,53,64,72
20160118 04:23,355,26,352,21,0,34,42,78,64,7,10193,32,40,53,64,71
20160118 04:24,346,25,351,21,331,34,42,77,63,5,10193,32,40,53,64,71
20160118 04:25,340,26,351,21,349,39,42,77,63,5,10193,32,40,53,64,71
20160118 04:26,353,27,348,22,357,30,42,77,63,5,10193,31,40,53,64,71
20160118 04:27,356,25,347,22,355,39,42,77,63,5,10192,31,40,53,64,71
20160118 04:28,357,25,347,23,358,36,43,77,64,6,10193,31,40,53,64,71
20160118 04:29,358,24,349,24,359,33,43,77,64,6,10193,31,40,53,64,71
20160118 04:30,351,23,350,25,344,28,42,77,63,5,10193,32,40,53,64,71
20160118 04:31,351,21,352,25,359,29,43,77,64,6,10193,32,40,53,64,71
20160118 04:32,350,17,351,24,341,20,43,77,64,6,10193,32,40,53,64,71
20160118 04:33,338,16,349,23,334,25,43,77,64,6,10194,32,40,53,64,71
20160118 04:34,346,19,351,22,357,27,43,77,64,6,10194,32,40,53,64,71
20160118 04:35,356,18,352,21,355,20,43,77,64,6,10194,32,40,53,64,71
20160118 04:36,351,16,351,20,348,21,43,78,65,8,10194,32,40,53,64,71
20160118 04:37,348,13,350,19,347,14,43,78,65,8,10194,32,40,53,64,71
20160118 04:38,341,15,348,18,335,25,42,78,64,7,10194,32,40,53,64,71
20160118 04:39,334,18,345,18,332,23,43,78,65,8,10194,32,40,53,64,71
20160118 04:40,336,15,345,17,340,18,43,78,65,8,10194,32,40,53,64,71
20160118 04:41,338,15,342,16,336,26,43,78,65,8,10194,32,40,53,64,71
20160118 04:42,337,15,342,16,339,19,42,78,64,7,10194,32,40,53,64,71
20160118 04:43,341,13,343,16,344,17,42,78,64,7,10194,32,40,53,64,71
20160118 04:44,344,17,342,16,344,29,42,78,64,7,10194,32,40,53,64,71
20160118 04:45,342,24,341,17,341,35,42,78,64,7,10194,32,41,53,64,71
20160118 04:46,334,26,339,18,327,43,42,78,64,7,10194,32,41,53,64,71
20160118 04:47,331,28,337,20,334,39,42,78,64,7,10194,32,41,53,64,71
20160118 04:48,334,27,337,20,333,30,42,78,64,7,10194,32,41,53,64,71
20160118 04:49,335,22,338,21,337,26,42,78,64,7,10195,32,41,53,63,71
20160118 04:50,344,20,339,21,351,29,42,78,64,7,10195,32,41,53,64,71
20160118 04:51,348,17,340,21,346,17,42,78,64,7,10194,32,41,53,64,71
20160118 04:52,342,18,340,22,338,32,42,78,64,7,10195,32,41,53,63,71
20160118 04:53,334,21,338,23,331,37,42,78,64,7,10195,32,41,53,63,71
20160118 04:54,331,23,337,23,331,33,42,78,64,7,10195,33,41,53,64,71
20160118 04:55,329,26,335,23,327,35,42,78,64,7,10195,32,41,53,63,71
20160118 04:56,328,24,336,23,329,30,42,78,64,7,10195,32,41,53,63,71
20160118 04:57,334,27,336,23,340,36,42,78,64,7,10196,32,41,53,63,71
20160118 04:58,345,26,338,22,349,29,42,78,64,7,10196,32,41,53,63,71
20160118 04:59,345,20,338,22,340,31,42,78,64,7,10196,32,41,53,63,71
20160118 05:00,349,20,339,22,357,27,42,78,64,7,10196,33,41,53,63,71
20160118 05:01,350,21,338,23,342,32,42,78,64,7,10196,33,41,53,63,71
20160118 05:02,342,22,339,23,342,31,42,78,64,7,10196,33,41,53,63,71
20160118 05:03,346,21,341,23,349,26,42,78,64,7,10196,33,41,53,63,71
20160118 05:04,345,17,342,22,342,24,42,78,64,7,10196,33,41,53,63,71
20160118 05:05,335,20,342,22,327,30,42,78,64,7,10196,33,41,53,63,71
20160118 05:06,332,23,343,22,337,26,42,78,64,7,10196,33,41,53,63,71
20160118 05:07,334,23,342,21,330,41,42,78,64,7,10197,33,41,53,63,71
20160118 05:08,328,30,339,22,326,41,42,78,64,7,10197,33,41,53,63,71
20160118 05:09,324,33,337,23,322,37,42,78,64,7,10196,33,41,53,63,71
20160118 05:10,341,26,338,24,359,30,42,78,64,7,10196,33,41,53,63,71
20160118 05:11,355,19,338,23,351,22,42,78,64,7,10196,33,41,53,63,71
20160118 05:12,342,17,338,23,333,31,42,78,64,7,10196,33,41,53,63,71
20160118 05:13,336,21,337,23,339,32,42,78,64,7,10196,33,41,53,63,71
20160118 05:14,335,25,335,24,330,38,42,77,63,5,10196,33,41,53,63,71
20160118 05:15,329,28,335,25,327,44,42,78,64,7,10196,33,41,53,63,71
20160118 05:16,327,32,334,26,327,46,42,77,63,5,10197,33,41,53,63,71
20160118 05:17,331,28,335,26,336,31,42,77,63,5,10197,33,41,53,63,71
20160118 05:18,334,24,336,25,332,33,42,77,63,5,10197,32,41,53,63,71
20160118 05:19,330,28,336,25,328,39,42,77,63,5,10197,32,41,53,63,71
20160118 05:20,325,24,332,25,322,31,42,77,63,5,10197,32,41,53,63,71
20160118 05:21,338,18,333,25,354,30,42,77,63,5,10197,32,41,53,63,71
20160118 05:22,347,19,333,25,340,27,42,77,63,5,10197,32,41,53,63,71
20160118 05:23,339,21,333,25,338,31,42,77,63,5,10197,32,41,53,63,71
20160118 05:24,344,22,335,24,349,30,42,77,63,5,10197,32,41,53,63,71
20160118 05:25,352,25,338,24,356,43,42,77,63,5,10197,32,41,53,63,71
20160118 05:26,348,30,340,24,341,45,42,77,63,5,10197,32,41,53,63,71
20160118 05:27,341,32,340,25,341,42,42,77,63,5,10197,32,41,53,63,71
20160118 05:28,348,30,342,25,354,33,42,76,63,4,10196,32,41,53,63,71
20160118 05:29,353,22,345,24,351,27,42,76,63,4,10197,32,41,53,63,71
20160118 05:30,351,20,347,24,350,38,41,77,63,4,10197,32,41,53,63,71
20160118 05:31,348,27,346,26,345,39,41,77,63,4,10197,32,41,53,63,71
20160118 05:32,339,32,346,27,333,45,41,76,62,3,10198,32,41,53,63,70
20160118 05:33,334,28,346,27,335,31,42,76,63,4,10199,32,41,53,63,71
20160118 05:34,333,20,344,27,332,21,41,76,62,3,10199,32,41,53,63,70
20160118 05:35,339,21,343,26,345,37,41,76,62,3,10198,32,41,53,63,70
20160118 05:36,344,25,343,25,343,33,41,76,62,3,10199,32,41,53,63,70
20160118 05:37,338,24,342,24,333,26,41,76,62,3,10199,32,41,53,63,70
20160118 05:38,336,19,341,23,339,27,41,76,62,3,10199,32,41,53,63,70
20160118 05:39,339,18,339,24,339,25,41,76,62,3,10200,32,41,53,63,70
20160118 05:40,342,17,339,23,344,22,41,76,62,3,10200,32,41,53,63,70
20160118 05:41,345,15,339,21,347,20,41,76,62,3,10201,32,41,53,63,70
20160118 05:42,347,20,340,20,346,41,41,76,62,3,10201,32,41,53,63,70
20160118 05:43,343,28,341,21,340,50,41,76,62,3,10202,32,41,53,63,70
20160118 05:44,342,34,342,23,344,53,41,76,62,3,10202,32,41,53,63,70
20160118 05:45,339,30,341,23,334,33,41,76,62,3,10203,32,41,53,63,70
20160118 05:46,334,25,340,23,334,42,41,76,62,3,10204,32,41,53,63,70
20160118 05:47,332,25,340,23,330,40,41,76,62,3,10204,32,41,53,63,70
20160118 05:48,337,27,340,24,345,41,42,76,63,4,10204,32,41,53,63,70
20160118 05:49,340,23,340,24,335,26,42,76,63,4,10204,32,41,53,63,70
20160118 05:50,334,20,339,25,334,32,42,76,63,4,10204,32,41,53,63,70
20160118 05:51,332,26,337,26,330,40,42,76,63,4,10204,32,41,53,63,70
20160118 05:52,321,27,334,26,313,34,42,76,63,4,10205,32,41,53,63,70
20160118 05:53,312,24,331,26,310,31,42,76,63,4,10205,32,41,53,63,70
20160118 05:54,313,28,328,25,315,44,42,75,62,2,10205,32,41,53,63,70
20160118 05:55,307,29,325,25,299,35,42,75,62,2,10205,32,41,53,63,70
20160118 05:56,306,24,322,25,313,28,42,75,62,2,10205,32,41,53,63,70
20160118 05:57,306,21,319,25,299,26,42,75,62,2,10206,32,41,53,63,70
20160118 05:58,301,23,315,24,304,31,42,75,62,2,10206,32,41,53,63,70
20160118 05:59,304,24,312,25,303,40,42,75,62,2,10207,32,41,53,63,70
20160118 06:00,307,25,310,25,311,32,42,75,62,2,10208,32,41,53,63,70
20160118 06:01,318,29,309,25,326,55,42,75,62,2,10208,32,41,53,63,70
20160118 06:02,320,32,309,26,313,45,42,75,62,2,10209,32,41,53,63,70
20160118 06:03,306,30,308,26,299,35,42,75,62,2,10209,32,41,53,63,70
20160118 06:04,305,31,308,27,312,50,42,75,62,2,10209,32,41,53,63,70
20160118 06:05,310,29,309,26,309,27,42,75,62,2,10210,32,41,53,63,70
20160118 06:06,312,23,309,26,315,32,42,75,62,2,10210,32,41,53,63,70
20160118 06:07,314,23,311,27,314,37,42,75,62,2,10211,32,41,53,63,70
20160118 06:08,313,31,311,28,311,48,42,75,62,2,10211,32,41,53,63,70
20160118 06:09,312,33,312,29,313,50,42,75,62,2,10212,32,41,53,63,70
20160118 06:10,305,25,311,28,297,31,42,75,62,2,10212,32,41,53,63,70
20160118 06:11,298,26,308,28,299,37,42,75,62,2,10212,32,41,53,63,70
20160118 06:12,304,27,308,27,308,34,42,75,62,2,10213,32,41,53,63,70
20160118 06:13,296,28,306,28,282,52,42,76,63,4,10213,32,41,53,63,70
20160118 06:14,295,32,306,28,307,59,42,76,63,4,10213,32,41,53,63,70
20160118 06:15,308,40,306,30,309,63,42,75,62,2,10213,31,41,53,63,70
20160118 06:16,307,42,304,32,304,55,42,75,62,2,10213,31,41,53,63,70
20160118 06:17,306,40,304,33,307,60,42,75,62,2,10212,31,41,53,63,70
20160118 06:18,306,40,303,33,304,52,42,75,62,2,10212,31,41,53,63,70
20160118 06:19,305,39,302,34,306,48,42,75,62,2,10212,31,41,53,63,70
20160118 06:20,314,36,305,35,322,46,42,75,62,2,10212,31,41,53,63,70
20160118 06:21,313,30,305,35,304,42,42,75,62,2,10212,31,41,53,63,70
20160118 06:22,306,26,305,35,307,31,42,75,62,2,10212,31,41,53,63,70
20160118 06:23,315,23,309,34,324,40,42,75,62,2,10213,31,41,53,63,70
20160118 06:24,315,23,309,34,307,40,41,76,62,3,10213,31,41,53,63,70
20160118 06:25,310,25,310,32,312,34,41,76,62,3,10213,31,41,53,63,70
20160118 06:26,306,23,309,30,300,28,41,76,62,3,10213,31,41,53,63,70
20160118 06:27,299,23,308,28,299,32,41,76,62,3,10214,31,41,53,63,70
20160118 06:28,298,26,308,27,297,46,41,76,62,3,10214,31,41,53,63,70
20160118 06:29,299,27,307,26,301,44,41,76,62,3,10214,31,41,53,63,70
20160118 06:30,298,32,305,26,295,51,41,76,62,3,10214,31,41,53,63,70
20160118 06:31,296,33,304,26,297,37,41,76,62,3,10214,31,41,53,63,70
20160118 06:32,300,25,303,26,302,40,41,76,62,3,10214,31,41,53,63,70
20160118 06:33,298,26,300,27,293,34,41,76,62,3,10214,31,41,53,63,70
20160118 06:34,298,32,300,28,302,47,41,76,62,3,10214,31,41,53,63,70
20160118 06:35,310,31,300,28,318,37,41,76,62,3,10214,31,41,53,63,70
20160118 06:36,320,22,302,28,321,27,41,76,62,3,10214,31,41,53,63,70
20160118 06:37,315,15,303,26,309,17,41,76,62,3,10214,31,41,53,63,70
20160118 06:38,314,12,306,25,318,20,41,76,62,3,10215,31,41,53,63,70
20160118 06:39,308,20,305,25,298,36,41,76,62,3,10215,31,41,53,63,70
20160118 06:40,302,26,306,24,306,31,41,77,63,4,10215,31,41,53,63,70
20160118 06:41,316,29,309,24,326,43,41,77,63,4,10215,31,41,53,63,70
20160118 06:42,321,29,311,24,315,37,41,77,63,4,10215,31,41,53,63,70
20160118 06:43,314,26,313,24,313,46,41,77,63,4,10216,31,41,53,62,70
20160118 06:44,308,30,313,24,302,44,41,77,63,4,10216,31,41,53,63,70
20160118 06:45,305,30,311,24,307,38,41,76,62,3,10216,31,41,53,63,70
20160118 06:46,308,26,310,25,309,38,41,76,62,3,10216,31,41,53,63,70
20160118 06:47,309,27,310,26,309,38,41,76,62,3,10216,31,41,53,63,70
20160118 06:48,310,26,310,28,311,29,41,76,62,3,10216,31,41,53,62,70
20160118 06:49,316,22,312,27,321,25,41,76,62,3,10216,31,41,53,63,70
20160118 06:50,313,22,312,27,306,35,41,76,62,3,10216,31,41,53,63,70
20160118 06:51,304,27,309,26,301,43,41,76,62,3,10217,31,41,53,62,70
20160118 06:52,304,28,309,26,307,61,40,76,62,2,10217,31,41,53,63,70
20160118 06:53,304,35,307,28,301,61,40,76,62,2,10217,31,41,53,62,70
20160118 06:54,311,42,309,29,322,66,40,75,61,0,10217,31,41,53,62,70
20160118 06:55,323,44,311,31,324,62,40,75,61,0,10217,31,41,53,62,70
20160118 06:56,317,38,311,31,309,40,40,75,61,0,10217,31,41,53,62,70
20160118 06:57,304,30,310,32,298,46,40,75,61,0,10217,31,41,53,62,70
20160118 06:58,295,33,308,33,292,53,40,75,61,0,10217,31,41,53,62,70
20160118 06:59,303,30,307,33,315,35,40,75,61,0,10217,31,41,53,62,70
20160118 07:00,309,24,307,33,303,30,40,76,62,2,10217,31,41,53,62,70
20160118 07:01,306,23,308,32,308,28,40,76,62,2,10217,31,41,53,62,70
20160118 07:02,308,25,308,33,309,39,40,76,62,2,10217,31,41,53,62,70
20160118 07:03,305,28,308,31,301,36,40,76,62,2,10218,31,41,53,62,70
20160118 07:04,306,31,307,30,310,38,40,76,62,2,10218,31,41,53,62,70
20160118 07:05,309,33,305,29,309,41,40,76,62,2,10218,31,41,53,62,69
20160118 07:06,309,34,305,30,309,48,40,76,62,2,10218,31,41,53,62,70
20160118 07:07,312,36,307,30,314,47,40,75,61,0,10217,31,41,53,62,70
20160118 07:08,318,34,310,30,321,48,40,75,61,0,10217,31,41,53,62,69
20160118 07:09,320,27,310,30,319,34,40,75,61,0,10217,31,41,53,62,69
20160118 07:10,318,27,312,30,316,44,40,76,62,2,10217,31,41,53,62,69
20160118 07:11,319,36,313,32,322,60,40,75,61,0,10217,31,41,53,62,69
20160118 07:12,315,37,313,33,309,41,40,75,61,0,10217,31,41,53,62,69
20160118 07:13,316,35,315,34,323,48,40,75,61,0,10217,31,41,53,62,69
20160118 07:14,319,35,316,34,315,40,40,75,61,0,10217,31,41,53,62,69
20160118 07:15,320,29,317,33,326,36,40,75,61,0,10217,31,41,53,62,69
20160118 07:16,318,25,318,32,310,33,40,75,61,0,10217,31,41,53,62,69
20160118 07:17,322,29,319,31,332,50,40,75,61,0,10217,31,41,53,62,69
20160118 07:18,331,37,320,32,329,52,40,75,61,0,10217,31,41,53,62,69
20160118 07:19,326,33,321,32,324,38,40,75,61,0,10217,31,41,53,62,69
20160118 07:20,322,29,321,33,321,42,40,75,61,0,10217,31,41,53,62,69
20160118 07:21,318,28,320,31,315,35,40,75,61,0,10217,31,41,53,62,69
20160118 07:22,323,29,323,31,330,38,40,76,62,2,10217,31,41,53,62,69
20160118 07:23,334,28,324,30,338,35,40,76,62,2,10218,31,41,53,62,69
20160118 07:24,331,26,325,29,324,41,40,76,62,2,10218,31,41,53,62,69
20160118 07:25,324,29,325,29,325,39,40,76,62,2,10218,31,41,53,62,69
20160118 07:26,321,27,325,30,316,43,40,76,62,2,10218,32,41,53,62,69
20160118 07:27,321,23,325,28,326,30,40,76,62,2,10218,32,41,53,62,69
20160118 07:28,320,17,323,26,313,23,40,76,62,2,10218,32,41,53,62,69
20160118 07:29,319,17,323,25,325,36,40,76,62,2,10218,32,41,53,62,69
20160118 07:30,323,28,323,25,320,47,40,76,62,2,10218,32,41,53,62,69
20160118 07:31,322,35,324,26,324,48,40,76,62,2,10218,32,41,53,62,69
20160118 07:32,326,31,324,26,328,34,40,76,62,2,10218,32,41,53,62,69
20160118 07:33,332,22,324,25,336,22,40,76,62,2,10218,32,41,53,62,69
20160118 07:34,331,22,324,25,326,36,40,76,62,2,10219,33,41,53,62,69
20160118 07:35,324,30,324,26,322,42,40,76,62,2,10219,33,41,53,62,69
20160118 07:36,324,37,325,27,326,55,40,76,62,2,10219,33,41,53,62,69
20160118 07:37,323,42,324,29,320,52,40,76,62,2,10219,33,41,53,62,69
20160118 07:38,316,35,324,31,311,48,40,76,62,2,10220,33,41,53,62,69
20160118 07:39,323,31,325,32,334,45,40,76,62,2,10220,33,41,53,62,69
20160118 07:40,330,37,325,33,326,54,40,76,62,2,10220,33,41,53,62,69
20160118 07:41,322,36,325,32,317,42,40,76,62,2,10219,33,41,53,62,69
20160118 07:42,316,27,323,32,315,39,40,76,62,2,10219,33,41,53,62,69
20160118 07:43,314,23,321,32,314,30,40,76,62,2,10219,34,41,53,62,69
20160118 07:44,312,23,320,32,311,38,40,76,62,2,10219,34,41,53,62,69
20160118 07:45,314,24,319,31,318,38,40,76,62,2,10218,34,41,52,62,69
20160118 07:46,320,27,319,30,322,50,40,76,62,2,10219,34,41,53,62,69
20160118 07:47,328,31,320,29,334,42,40,77,63,3,10219,34,41,53,62,69
20160118 07:48,334,33,322,29,333,46,40,76,62,2,10219,35,41,53,62,69
20160118 07:49,330,29,322,29,328,31,40,76,62,2,10219,35,41,53,62,69
20160118 07:50,322,21,321,26,316,26,40,76,62,2,10219,35,41,53,62,69
20160118 07:51,323,24,322,26,331,37,40,76,62,2,10219,35,41,53,62,69
20160118 07:52,328,30,323,27,325,38,40,76,62,2,10219,35,41,52,62,69
20160118 07:53,327,34,325,28,328,46,40,76,62,2,10219,35,41,52,62,69
20160118 07:54,333,33,327,29,339,45,40,76,62,2,10219,36,41,52,62,69
20160118 07:55,333,31,328,30,326,38,40,76,62,2,10220,36,41,52,62,69
20160118 07:56,323,28,328,29,319,32,40,76,62,2,10220,36,41,52,62,69
20160118 07:57,315,23,326,28,310,32,40,76,62,2,10220,36,41,52,62,69
20160118 07:58,308,17,323,26,307,20,41,76,62,3,10220,37,41,53,62,69
20160118 07:59,314,16,322,25,320,39,41,76,62,3,10221,37,41,53,62,69
20160118 08:00,319,25,322,27,318,44,41,76,62,3,10221,37,41,52,62,69
20160118 08:01,321,34,322,27,324,43,41,76,62,3,10221,37,41,52,62,69
20160118 08:02,328,33,322,27,332,38,41,76,62,3,10221,37,41,52,62,69
20160118 08:03,327,26,322,26,323,32,41,76,62,3,10221,37,41,52,62,69
20160118 08:04,325,21,321,25,327,29,41,76,62,3,10221,38,41,52,62,69
20160118 08:05,325,20,320,24,323,25,41,76,62,3,10221,38,41,52,62,69
20160118 08:06,323,17,321,23,322,23,41,76,62,3,10221,38,42,52,62,69
20160118 08:07,326,19,323,23,330,30,41,76,62,3,10221,39,42,52,62,69
20160118 08:08,329,23,325,24,329,29,41,76,62,3,10221,39,42,52,62,69
20160118 08:09,341,18,328,23,353,18,41,76,62,3,10221,39,42,52,62,69
20160118 08:10,335,13,328,21,318,17,41,76,62,3,10221,39,42,52,62,69
20160118 08:11,311,13,326,19,304,22,41,76,62,3,10222,40,42,52,62,69
20160118 08:12,305,19,324,19,307,28,41,77,63,4,10223,40,42,52,62,69
20160118 08:13,306,26,322,19,306,39,41,76,62,3,10223,40,42,52,62,69
20160118 08:14,311,30,321,21,316,38,41,76,62,3,10224,40,42,52,62,69
20160118 08:15,311,28,319,21,305,45,42,76,63,4,10224,40,42,52,62,69
20160118 08:16,303,25,317,22,301,37,42,76,63,4,10225,40,42,52,62,69
20160118 08:17,301,28,314,23,300,41,42,76,63,4,10225,40,42,52,62,69
20160118 08:18,304,29,311,23,307,36,42,76,63,4,10225,40,42,52,62,69
20160118 08:19,305,29,307,25,302,44,42,76,63,4,10226,40,42,52,62,69
20160118 08:20,307,33,306,27,311,42,42,75,62,2,10226,40,42,52,62,69
20160118 08:21,308,28,306,28,304,31,42,75,62,2,10227,40,42,52,62,69
20160118 08:22,307,23,306,28,309,37,42,75,62,2,10228,41,43,52,62,69
20160118 08:23,311,26,307,28,313,37,42,75,62,2,10228,40,43,52,62,69
20160118 08:24,314,24,307,27,315,33,42,75,62,2,10229,40,43,52,62,69
20160118 08:25,312,18,307,26,310,20,42,75,62,2,10229,40,43,52,62,69
20160118 08:26,315,16,309,25,321,24,42,75,62,2,10230,40,43,52,62,69
20160118 08:27,312,20,309,24,303,41,42,76,63,4,10230,40,43,52,62,69
20160118 08:28,296,26,308,25,289,41,42,76,63,4,10231,40,43,52,62,69
20160118 08:29,301,30,309,24,314,37,42,75,62,2,10231,40,43,52,62,69
20160118 08:30,314,27,309,23,313,38,42,76,63,4,10231,40,43,53,62,69
20160118 08:31,310,25,309,24,307,32,42,76,63,4,10231,40,43,53,62,69
20160118 08:32,307,23,309,23,307,30,42,76,63,4,10231,40,43,53,62,69
20160118 08:33,304,24,308,23,300,35,42,76,63,4,10231,40,43,52,62,69
20160118 08:34,299,32,306,25,299,52,42,75,62,2,10231,40,43,53,62,69
20160118 08:35,307,32,307,26,315,39,42,75,62,2,10232,40,43,53,62,69
20160118 08:36,310,25,305,26,306,31,42,75,62,2,10232,40,43,53,62,69
20160118 08:37,299,24,304,27,293,33,42,75,62,2,10232,41,44,53,62,69
20160118 08:38,303,23,307,26,313,29,42,75,62,2,10232,41,44,53,62,69
20160118 08:39,311,26,306,26,308,40,43,75,62,3,10232,41,44,53,62,69
20160118 08:40,310,31,306,27,312,39,43,75,62,3,10232,41,44,53,62,69
20160118 08:41,308,30,306,27,303,35,43,75,62,3,10232,41,44,53,62,69
20160118 08:42,302,27,305,27,301,30,43,74,61,1,10231,41,44,53,62,69
20160118 08:43,296,23,304,27,292,34,43,74,61,1,10231,42,44,53,62,69
20160118 08:44,292,24,304,26,292,34,43,74,61,1,10232,42,44,53,62,69
20160118 08:45,296,26,302,26,299,37,43,75,62,3,10232,42,44,53,62,69
20160118 08:46,301,27,301,26,302,39,43,75,62,3,10232,42,44,53,62,69
20160118 08:47,300,27,302,26,298,36,43,74,61,1,10232,42,44,53,62,69
20160118 08:48,300,30,301,28,302,48,43,74,61,1,10232,42,44,53,62,69
20160118 08:49,310,34,302,28,318,44,43,73,61,-1,10233,42,44,53,62,69
20160118 08:50,317,30,302,28,316,36,43,73,61,-1,10233,42,44,53,62,69
20160118 08:51,317,23,304,26,318,23,43,73,61,-1,10233,43,44,53,62,69
20160118 08:52,328,21,307,26,338,31,43,74,61,1,10233,43,44,53,62,69
20160118 08:53,317,20,308,26,294,21,43,74,61,1,10232,43,44,53,62,69
20160118 08:54,293,16,308,25,293,19,43,74,61,1,10232,44,44,53,62,69
20160118 08:55,294,15,307,24,296,21,43,74,61,1,10233,44,44,53,62,69
20160118 08:56,304,16,309,23,313,21,43,74,61,1,10233,45,45,53,62,69
20160118 08:57,312,17,310,22,311,27,43,75,62,3,10233,45,45,53,62,68
20160118 08:58,308,23,310,21,306,38,43,75,62,3,10233,46,45,53,62,69
20160118 08:59,306,30,309,21,307,38,43,74,61,1,10232,46,45,53,62,68
20160118 09:00,317,28,310,21,327,32,43,73,61,-1,10232,46,45,53,62,68
20160118 09:01,326,21,311,21,325,28,43,73,61,-1,10232,46,45,53,62,68
20160118 09:02,319,21,308,21,312,30,43,73,61,-1,10232,46,45,53,62,68
20160118 09:03,306,22,309,21,300,31,43,73,61,-1,10232,47,45,53,62,68
20160118 09:04,305,21,311,22,310,25,43,74,61,1,10232,47,45,53,62,68
20160118 09:05,310,19,312,22,309,23,43,74,61,1,10233,47,45,53,62,68
20160118 09:06,307,18,311,22,305,25,43,74,61,1,10232,47,45,53,62,68
20160118 09:07,312,19,312,22,318,26,43,75,62,3,10232,47,45,53,62,68
20160118 09:08,311,21,312,22,304,33,43,74,61,1,10233,47,45,53,62,68
20160118 09:09,301,22,311,21,298,28,43,74,61,1,10233,47,45,53,62,68
20160118 09:10,293,25,307,21,289,37,43,74,61,1,10233,47,46,53,62,68
20160118 09:11,293,27,304,22,297,33,43,73,61,-1,10233,47,46,53,62,68
20160118 09:12,299,24,303,22,301,27,43,73,61,-1,10233,47,46,53,62,68
20160118 09:13,308,22,305,22,315,32,43,73,61,-1,10234,47,46,53,62,68
20160118 09:14,317,23,305,22,318,29,43,73,61,-1,10234,47,46,53,62,68
20160118 09:15,317,22,306,23,316,34,43,74,61,1,10234,47,46,53,62,68
20160118 09:16,315,20,307,23,314,26,43,74,61,1,10234,47,46,53,62,68
20160118 09:17,311,20,306,23,309,29,43,74,61,1,10234,47,46,53,62,68
20160118 09:18,311,25,307,24,312,36,43,74,61,1,10234,47,46,53,62,68
20160118 09:19,320,25,310,23,328,36,43,74,61,1,10234,47,46,53,62,68
20160118 09:20,327,27,314,24,325,43,43,74,61,1,10233,48,47,53,62,68
20160118 09:21,325,27,316,23,325,30,43,73,61,-1,10233,48,47,53,62,68
20160118 09:22,319,24,317,24,313,32,44,73,61,0,10233,49,47,53,62,68
20160118 09:23,312,25,317,24,312,33,44,73,61,0,10233,49,47,53,62,68
20160118 09:24,307,24,315,24,301,33,44,73,61,0,10233,50,47,53,62,68
20160118 09:25,302,22,314,24,302,29,44,73,61,0,10233,50,47,53,62,68
20160118 09:26,301,24,313,25,301,37,44,74,62,2,10233,50,47,53,62,68
20160118 09:27,302,30,312,26,303,38,44,74,62,2,10234,50,47,53,62,68
20160118 09:28,310,30,313,26,317,39,44,74,62,2,10234,50,47,53,62,68
20160118 09:29,320,25,312,26,323,32,44,73,61,0,10234,51,47,53,62,68
20160118 09:30,319,26,311,26,315,37,44,74,62,2,10234,51,47,53,62,68
20160118 09:31,331,25,313,26,347,30,44,73,61,0,10234,51,47,53,62,68
20160118 09:32,346,20,316,25,344,25,44,73,61,0,10234,51,47,53,62,68
20160118 09:33,341,20,319,25,339,28,44,73,61,0,10234,52,48,53,62,68
20160118 09:34,328,23,321,25,317,42,44,73,61,0,10235,52,48,53,62,68
20160118 09:35,323,32,324,27,330,47,44,73,61,0,10235,51,48,54,62,68
20160118 09:36,325,36,326,27,321,46,44,73,61,0,10235,51,48,53,62,68
20160118 09:37,320,31,327,27,319,36,44,72,60,-2,10234,51,48,54,62,68
20160118 09:38,323,26,328,27,327,33,44,72,60,-2,10234,51,48,54,62,68
20160118 09:39,323,22,328,26,320,29,44,72,60,-2,10234,51,48,54,62,68
20160118 09:40,322,20,329,25,324,24,44,72,60,-2,10234,52,48,54,62,68
20160118 09:41,322,20,326,25,320,27,44,73,61,0,10235,52,48,54,62,68
20160118 09:42,323,21,324,25,326,26,45,73,61,1,10235,52,48,54,62,68
20160118 09:43,330,25,324,26,333,36,45,73,61,1,10235,52,49,54,62,68
20160118 09:44,327,27,324,26,320,30,45,74,62,3,10235,53,49,54,62,68
20160118 09:45,317,25,322,25,314,32,45,73,61,1,10235,53,49,54,62,68
20160118 09:46,306,24,320,24,298,28,45,73,61,1,10235,53,49,54,62,68
20160118 09:47,300,20,318,23,301,38,45,73,61,1,10235,53,49,54,62,68
20160118 09:48,305,28,317,24,309,62,45,73,61,1,10235,54,49,54,62,68
20160118 09:49,313,41,316,26,317,61,45,72,61,-1,10235,54,49,54,62,68
20160118 09:50,315,37,315,27,313,40,45,72,61,-1,10235,54,49,54,62,68
20160118 09:51,319,31,316,29,326,44,45,71,60,-3,10235,54,49,54,62,68
20160118 09:52,326,34,316,30,327,42,45,71,60,-3,10235,54,49,54,62,68
20160118 09:53,327,37,315,31,328,56,44,70,59,-6,10236,54,49,54,62,68
20160118 09:54,326,42,316,33,324,64,44,70,59,-6,10236,54,50,54,62,68
20160118 09:55,326,39,317,34,327,47,44,70,59,-6,10236,54,50,54,62,68
20160118 09:56,319,33,318,35,312,49,44,71,59,-4,10235,55,50,54,62,68
20160118 09:57,323,37,322,37,333,51,44,71,59,-4,10235,55,50,54,62,68
20160118 09:58,325,39,322,37,316,55,44,71,59,-4,10236,55,50,54,62,68
20160118 09:59,315,37,322,36,314,54,45,71,60,-3,10236,56,50,54,62,68
20160118 10:00,325,41,324,38,337,66,45,71,60,-3,10236,56,50,54,62,68
20160118 10:01,322,38,323,38,307,46,45,71,60,-3,10236,57,50,54,62,68
20160118 10:02,312,34,321,38,317,47,45,72,61,-1,10236,57,50,54,62,68
20160118 10:03,314,31,320,36,311,36,45,71,60,-3,10236,57,50,54,62,68
20160118 10:04,320,23,320,34,329,28,45,71,60,-3,10236,57,50,54,62,68
20160118 10:05,328,34,320,35,327,60,45,71,60,-3,10237,58,51,54,62,68
20160118 10:06,325,42,321,36,323,50,45,70,59,-5,10237,57,51,54,62,68
20160118 10:07,324,38,320,36,324,54,45,70,59,-5,10236,57,51,54,62,68
20160118 10:08,324,39,321,36,324,52,45,70,59,-5,10237,58,51,54,62,68
20160118 10:09,319,40,321,37,313,65,45,70,59,-5,10237,58,51,54,62,68
20160118 10:10,320,42,320,36,327,55,45,70,59,-5,10237,58,51,55,62,68
20160118 10:11,328,38,323,36,330,44,45,70,59,-5,10236,59,51,55,62,68
20160118 10:12,331,39,324,37,333,51,45,71,60,-3,10237,59,51,55,62,68
20160118 10:13,339,38,327,38,344,48,45,71,60,-3,10237,60,51,55,62,68
20160118 10:14,328,33,326,39,313,43,45,71,60,-3,10237,61,52,55,62,68
20160118 10:15,318,31,325,37,324,46,45,70,59,-5,10237,61,52,55,62,68
20160118 10:16,323,30,325,36,322,44,46,71,60,-2,10237,61,52,55,62,68
20160118 10:17,316,29,324,35,311,41,46,71,60,-2,10237,62,52,55,62,68
20160118 10:18,319,29,324,34,326,37,46,71,60,-2,10237,63,52,55,62,68
20160118 10:19,322,25,325,32,319,33,46,71,60,-2,10237,64,52,55,62,68
20160118 10:20,326,22,325,30,333,27,47,72,61,1,10237,65,52,55,62,68
20160118 10:21,334,21,326,29,335,28,47,72,61,1,10237,66,52,55,62,68
20160118 10:22,332,18,325,26,327,27,47,72,61,1,10237,67,52,55,62,68
20160118 10:23,318,20,322,25,308,30,47,72,61,1,10237,68,53,55,62,68
20160118 10:24,313,23,322,24,318,36,48,73,63,4,10237,69,53,55,62,68
20160118 10:25,306,29,319,25,294,41,48,72,62,2,10236,69,53,55,62,68
20160118 10:26,296,32,317,25,298,46,47,71,61,-1,10236,69,53,55,62,68
20160118 10:27,302,31,316,25,306,40,47,71,61,-1,10235,69,53,55,62,68
20160118 10:28,307,29,314,25,307,35,47,72,61,1,10235,70,53,55,62,68
20160118 10:29,303,29,312,26,299,53,47,73,62,3,10235,71,54,55,62,68
20160118 10:30,309,32,311,27,319,42,47,72,61,1,10235,72,54,55,62,68
20160118 10:31,323,31,310,28,328,42,47,72,61,1,10234,72,54,55,62,68
20160118 10:32,324,27,310,29,320,30,47,72,61,1,10234,73,54,55,62,68
20160118 10:33,314,24,310,29,308,31,47,72,61,1,10235,74,54,55,62,68
20160118 10:34,306,24,308,29,303,41,48,73,63,4,10235,75,55,55,62,68
20160118 10:35,300,29,309,29,298,50,48,73,63,4,10235,76,55,55,62,68
20160118 10:36,298,34,309,29,298,45,48,73,63,4,10235,78,55,55,62,68
20160118 10:37,301,32,308,29,305,42,49,73,63,5,10235,79,55,55,62,68
20160118 10:38,296,30,306,29,287,44,49,73,63,5,10235,80,56,56,62,68
20160118 10:39,304,28,309,29,321,38,49,72,62,3,10235,81,56,56,62,68
20160118 10:40,315,28,308,29,310,53,49,73,63,5,10236,82,56,56,62,68
20160118 10:41,312,33,307,29,315,50,49,72,62,3,10236,82,56,56,62,68
20160118 10:42,321,42,307,32,326,61,49,72,62,3,10235,83,57,56,62,68
20160118 10:43,324,48,308,34,321,61,49,71,61,1,10235,83,57,56,62,68
20160118 10:44,319,49,310,37,317,70,48,70,60,-2,10235,83,57,56,62,68
20160118 10:45,324,48,313,38,330,54,48,71,61,0,10235,82,57,56,62,68
20160118 10:46,330,47,316,39,330,57,48,70,60,-2,10235,82,58,56,62,68
20160118 10:47,331,42,319,40,331,48,48,70,60,-2,10235,83,58,56,62,68
20160118 10:48,333,36,324,41,334,48,48,71,61,0,10235,84,58,56,62,68
20160118 10:49,335,37,325,42,336,48,48,71,61,0,10235,84,59,56,62,68
20160118 10:50,329,35,326,42,322,42,49,71,61,1,10235,84,59,56,62,68
20160118 10:51,316,29,326,41,309,37,49,71,61,1,10235,85,59,56,62,68
20160118 10:52,309,30,324,39,310,52,49,71,61,1,10235,85,59,56,62,68
20160118 10:53,307,42,322,40,304,69,49,71,61,1,10235,84,60,56,62,68
20160118 10:54,306,42,321,38,307,57,49,70,61,-1,10235,84,60,56,62,68
20160118 10:55,320,36,322,38,334,53,49,71,61,1,10236,84,60,57,62,68
20160118 10:56,330,42,321,37,326,54,49,70,61,-1,10236,83,61,57,62,68
20160118 10:57,326,40,321,37,326,51,49,70,61,-1,10235,83,61,57,62,68
20160118 10:58,333,33,321,37,339,45,49,70,61,-1,10235,83,61,57,62,68
20160118 10:59,324,32,318,36,308,44,49,71,61,1,10235,84,61,57,62,68
20160118 11:00,304,37,316,37,300,54,49,71,61,1,10235,84,62,57,62,68
20160118 11:01,302,40,316,38,304,65,50,71,62,2,10236,84,62,57,62,68
20160118 11:02,306,38,316,39,309,49,50,70,61,0,10236,83,62,57,62,68
20160118 11:03,312,34,317,37,316,47,50,70,61,0,10236,82,62,57,62,68
20160118 11:04,329,29,320,36,342,38,50,70,61,0,10235,82,63,57,62,68
20160118 11:05,333,26,319,35,324,43,50,70,61,0,10235,83,63,57,62,68
20160118 11:06,316,27,318,33,308,36,50,70,61,0,10235,84,63,57,62,68
20160118 11:07,300,31,314,33,292,53,51,71,62,3,10235,86,63,57,62,68
20160118 11:08,297,40,310,34,302,58,51,70,61,1,10235,86,63,57,62,68
20160118 11:09,303,43,310,35,305,56,50,69,60,-2,10235,85,64,57,62,68
20160118 11:10,301,42,310,35,298,58,50,69,60,-2,10235,85,64,58,62,68
20160118 11:11,306,40,311,35,314,69,50,68,59,-4,10235,86,64,58,63,68
20160118 11:12,317,39,312,35,320,59,50,69,60,-2,10235,87,64,58,63,68
20160118 11:13,325,33,314,35,331,38,50,68,59,-4,10234,88,64,58,63,68
20160118 11:14,321,28,310,35,310,45,51,69,61,-1,10234,90,64,58,63,68
20160118 11:15,302,31,307,36,294,48,51,69,61,-1,10234,92,65,58,63,68
20160118 11:16,301,40,307,38,309,70,51,68,60,-3,10234,94,65,58,63,68
20160118 11:17,306,49,309,39,303,61,50,67,58,-6,10234,93,65,58,63,68
20160118 11:18,306,45,309,39,309,56,50,66,58,-8,10234,93,65,58,63,68
20160118 11:19,306,46,309,40,304,76,50,67,58,-6,10234,93,65,58,63,68
20160118 11:20,303,54,310,41,302,71,50,67,58,-6,10234,91,66,58,63,68
20160118 11:21,308,56,310,43,314,73,49,66,57,-9,10233,89,66,59,63,68
20160118 11:22,319,51,310,44,323,64,49,66,57,-9,10233,89,66,59,63,68
20160118 11:23,325,50,309,47,327,76,49,66,57,-9,10233,92,66,59,63,68
20160118 11:24,325,55,311,49,323,77,49,66,57,-9,10233,93,67,59,63,68
20160118 11:25,318,51,313,51,313,63,50,66,58,-8,10233,94,67,59,63,68
20160118 11:26,312,49,313,51,311,75,51,66,58,-7,10233,96,67,59,63,68
20160118 11:27,317,55,315,52,323,85,50,66,58,-8,10233,96,67,59,63,68
20160118 11:28,314,59,315,54,305,80,50,65,57,-10,10233,96,67,59,63,68
20160118 11:29,304,64,314,55,303,82,50,65,57,-10,10232,95,68,59,63,68
20160118 11:30,304,60,315,55,305,68,49,64,55,-13,10232,95,68,59,63,68
20160118 11:31,313,47,315,53,320,60,49,64,55,-13,10232,96,68,59,63,68
20160118 11:32,317,41,314,53,314,50,50,65,57,-10,10231,98,68,59,63,68
20160118 11:33,305,45,311,52,296,66,50,66,58,-8,10231,99,69,60,63,68
20160118 11:34,302,46,310,51,308,67,51,66,58,-7,10231,99,69,60,63,68
20160118 11:35,314,41,310,50,319,52,51,65,57,-9,10231,100,69,60,63,68
20160118 11:36,323,33,312,48,327,40,51,66,58,-7,10231,99,69,60,63,68
20160118 11:37,322,35,311,46,317,62,52,66,58,-6,10231,101,70,60,63,68
20160118 11:38,313,42,312,45,309,65,52,65,57,-8,10231,102,70,60,63,68
20160118 11:39,323,40,315,42,337,48,51,65,57,-9,10230,99,70,60,63,68
20160118 11:40,330,37,317,40,323,58,52,65,57,-8,10230,99,70,60,63,68
20160118 11:41,326,42,318,41,330,61,52,65,57,-8,10230,99,70,60,63,68
20160118 11:42,338,49,321,42,347,80,52,65,57,-8,10231,99,71,60,63,68
20160118 11:43,345,57,326,43,344,82,51,64,56,-11,10231,97,71,60,63,68
20160118 11:44,342,53,329,43,340,66,51,64,56,-11,10231,96,71,61,63,68
20160118 11:45,344,47,332,44,349,66,51,64,56,-11,10230,95,71,61,63,68
20160118 11:46,346,44,334,45,343,52,51,63,55,-14,10230,94,72,61,63,68
20160118 11:47,342,36,336,45,342,62,51,64,56,-11,10230,95,72,61,64,68
20160118 11:48,330,43,337,45,319,72,51,64,56,-11,10230,94,72,61,64,68
20160118 11:49,328,45,337,46,337,48,51,64,56,-11,10230,91,72,61,64,68
20160118 11:50,334,40,338,46,329,51,52,64,57,-10,10230,92,72,61,64,68
20160118 11:51,329,37,338,45,329,53,52,64,57,-10,10229,92,73,61,64,68
20160118 11:52,345,42,339,44,0,66,52,64,57,-10,10230,94,73,61,64,68
20160118 11:53,344,46,338,42,328,71,52,63,56,-13,10229,94,73,61,64,68
20160118 11:54,327,51,336,44,325,86,52,64,57,-10,10230,93,73,62,64,68
20160118 11:55,325,55,334,44,324,64,52,64,57,-10,10230,91,73,62,64,68
20160118 11:56,326,49,332,45,327,63,51,64,56,-11,10230,90,73,62,64,68
20160118 11:57,324,54,330,48,321,83,51,64,56,-11,10230,90,73,62,64,68
20160118 11:58,326,59,331,48,330,79,50,64,56,-12,10230,88,73,62,64,68
20160118 11:59,330,57,330,50,330,84,50,64,56,-12,10230,87,73,62,64,68
20160118 12:00,329,58,330,52,328,92,50,64,56,-12,10229,86,74,62,64,68
20160118 12:01,327,60,330,54,326,79,50,64,56,-12,10229,85,74,62,64,68
20160118 12:02,327,60,327,55,329,80,49,63,55,-15,10229,83,74,62,64,68
20160118 12:03,328,54,327,56,328,66,49,63,55,-15,10229,82,74,62,64,68
20160118 12:04,332,49,328,55,336,76,49,64,55,-13,10229,83,74,63,64,68
20160118 12:05,328,53,328,56,320,84,50,64,56,-12,10229,85,74,63,64,68
20160118 12:06,321,55,327,56,323,78,50,65,57,-10,10229,86,74,63,64,68
20160118 12:07,325,61,328,57,327,86,50,64,56,-12,10229,84,74,63,64,68
20160118 12:08,326,62,327,57,325,80,49,64,55,-13,10229,84,74,63,64,68
20160118 12:09,328,51,327,56,331,68,49,64,55,-13,10229,85,74,63,64,68
20160118 12:10,328,49,327,55,326,68,49,64,55,-13,10228,86,74,63,64,68
20160118 12:11,330,56,328,55,334,81,49,65,56,-11,10228,85,74,63,64,68
20160118 12:12,333,57,328,55,332,76,49,65,56,-11,10227,85,74,63,64,68
20160118 12:13,330,56,328,55,328,70,49,65,56,-11,10228,86,74,63,65,68
20160118 12:14,320,45,326,54,312,54,49,65,56,-11,10228,86,73,63,65,68
20160118 12:15,314,40,326,53,317,73,50,66,58,-8,10227,88,73,64,65,68
20160118 12:16,324,50,326,52,330,69,51,65,57,-9,10228,89,73,64,65,68
20160118 12:17,326,45,326,49,322,48,51,65,57,-9,10227,91,73,64,65,68
20160118 12:18,325,41,326,48,328,76,51,65,57,-9,10227,92,73,64,65,69
20160118 12:19,327,50,326,49,327,70,51,65,57,-9,10227,93,73,64,65,68
20160118 12:20,339,47,328,48,351,63,51,64,56,-11,10227,91,73,64,65,69
20160118 12:21,347,45,329,47,343,68,51,64,56,-11,10227,90,73,64,65,69
20160118 12:22,344,49,330,46,345,84,51,64,56,-11,10227,90,73,64,65,69
20160118 12:23,343,50,332,46,341,78,50,63,55,-15,10227,88,74,64,65,69
20160118 12:24,337,46,334,47,333,54,50,64,56,-12,10227,87,74,64,65,69
20160118 12:25,330,47,335,47,327,76,51,64,56,-11,10227,86,74,64,65,69
20160118 12:26,329,50,335,47,331,69,50,64,56,-12,10227,85,74,65,65,69
20160118 12:27,335,53,336,49,339,74,50,64,56,-12,10227,83,74,65,65,69
20160118 12:28,333,55,336,50,328,71,50,64,56,-12,10227,81,74,65,65,69
20160118 12:29,323,50,336,49,318,70,49,64,55,-13,10227,81,74,65,65,69
20160118 12:30,314,43,332,49,310,64,50,65,57,-10,10227,80,74,65,65,69
20160118 12:31,315,44,329,49,320,87,49,65,56,-11,10227,80,74,65,65,69
20160118 12:32,314,50,325,49,307,75,49,65,56,-11,10227,79,74,65,65,69
20160118 12:33,317,49,324,49,326,76,49,65,56,-11,10227,78,74,65,65,69
20160118 12:34,321,51,322,50,316,89,49,65,56,-11,10227,78,74,65,65,69
20160118 12:35,316,48,321,49,317,66,49,65,56,-11,10227,77,74,65,66,69
20160118 12:36,321,48,321,49,325,67,49,65,56,-11,10227,77,74,65,66,69
20160118 12:37,326,55,319,49,327,77,49,64,55,-13,10227,76,74,65,66,69
20160118 12:38,326,51,319,49,325,75,49,64,55,-13,10227,75,74,65,66,69
20160118 12:39,327,49,320,49,329,76,49,65,56,-11,10227,74,74,65,66,69
20160118 12:40,333,49,323,50,337,63,49,64,55,-13,10227,74,74,65,66,69
20160118 12:41,328,42,323,49,320,56,49,64,55,-13,10227,74,73,65,66,69
20160118 12:42,325,52,325,50,331,86,49,65,56,-11,10227,75,73,66,66,69
20160118 12:43,327,61,325,51,322,72,49,64,55,-13,10227,75,73,66,66,69
20160118 12:44,319,56,325,51,315,76,48,64,55,-14,10227,75,73,66,66,69
20160118 12:45,321,47,326,51,326,60,48,65,56,-12,10227,75,73,66,66,69
20160118 12:46,323,43,325,50,319,54,48,65,56,-12,10227,75,73,66,66,69
20160118 12:47,320,44,324,49,320,69,48,65,56,-12,10227,76,73,66,66,69
20160118 12:48,320,49,324,50,319,76,48,65,56,-12,10226,76,73,66,66,69
20160118 12:49,331,47,325,48,343,47,49,65,56,-11,10226,75,73,66,66,69
20160118 12:50,349,42,327,48,354,64,49,65,56,-11,10226,74,72,66,66,69
20160118 12:51,351,44,330,48,348,60,49,65,56,-11,10226,74,72,66,66,69
20160118 12:52,343,45,330,47,337,70,49,64,55,-13,10226,74,72,66,66,69
20160118 12:53,332,50,331,46,327,73,49,64,55,-13,10226,74,72,66,66,69
20160118 12:54,326,52,332,46,325,78,48,64,55,-14,10226,75,72,66,66,69
20160118 12:55,326,56,332,48,328,76,48,64,55,-14,10226,76,72,66,66,69
20160118 12:56,325,52,332,48,322,71,48,64,55,-14,10226,79,72,66,66,69
20160118 12:57,326,47,333,49,330,71,48,65,56,-12,10226,80,72,66,66,69
20160118 12:58,336,50,336,49,343,75,49,65,56,-11,10226,79,72,66,67,69
20160118 12:59,335,47,334,49,326,61,48,64,55,-14,10225,79,72,66,67,69
20160118 13:00,323,36,331,47,321,46,49,64,55,-13,10225,80,72,66,67,69
20160118 13:01,316,37,327,47,311,56,49,65,56,-11,10225,81,72,67,67,69
20160118 13:02,315,45,325,47,319,60,49,65,56,-11,10225,81,72,67,67,69
20160118 13:03,318,46,324,47,317,71,49,65,56,-11,10225,81,71,67,67,69
20160118 13:04,320,55,324,48,324,86,50,65,57,-10,10226,81,71,67,67,69
20160118 13:05,327,59,324,48,330,78,49,64,55,-13,10225,80,71,67,67,69
20160118 13:06,327,56,324,49,323,74,49,64,55,-13,10225,80,71,67,67,69
20160118 13:07,322,50,323,48,321,68,48,64,55,-14,10225,80,71,67,67,69
20160118 13:08,321,39,321,46,321,55,48,64,55,-14,10225,81,71,67,67,69
20160118 13:09,321,41,321,47,321,62,49,65,56,-11,10225,82,71,67,67,69
20160118 13:10,324,41,321,47,327,55,49,65,56,-11,10225,82,72,67,67,69
20160118 13:11,329,33,323,46,330,36,49,65,56,-11,10225,83,72,67,67,69
20160118 13:12,322,29,323,44,315,45,50,65,57,-10,10225,83,72,67,67,69
20160118 13:13,322,30,324,43,329,49,50,65,57,-10,10225,83,72,67,67,69
20160118 13:14,328,28,324,39,326,35,50,65,57,-10,10225,83,72,67,67,70
20160118 13:15,323,33,323,38,321,61,51,66,58,-7,10225,82,72,67,67,69
20160118 13:16,319,39,323,36,317,68,50,64,56,-12,10225,81,72,67,67,70
20160118 13:17,320,39,323,35,323,56,50,65,57,-10,10225,81,72,67,67,69
20160118 13:18,322,37,323,35,321,59,49,64,55,-13,10225,82,72,67,67,70
20160118 13:19,319,35,323,34,316,55,49,64,55,-13,10225,83,72,67,67,70
20160118 13:20,321,40,322,35,325,62,49,64,55,-13,10225,84,72,67,67,70
20160118 13:21,326,48,322,37,326,62,49,64,55,-13,10226,84,72,67,67,70
20160118 13:22,331,46,324,38,337,55,49,64,55,-13,10226,84,72,67,67,70
20160118 13:23,340,35,325,38,343,47,49,64,55,-13,10225,83,72,67,68,70
20160118 13:24,341,34,327,39,339,52,49,64,55,-13,10225,83,72,67,67,70
20160118 13:25,342,45,329,40,345,75,49,64,55,-13,10225,83,72,67,68,70
20160118 13:26,344,51,332,42,343,72,49,63,55,-15,10225,84,72,67,68,70
20160118 13:27,340,51,333,43,336,65,49,63,55,-15,10225,83,72,67,68,70
20160118 13:28,333,49,334,44,329,64,49,63,55,-15,10224,83,72,67,68,70
20160118 13:29,332,43,336,44,335,51,49,63,55,-15,10224,85,72,67,68,70
20160118 13:30,335,35,337,43,336,46,50,63,55,-15,10224,85,72,67,68,70
20160118 13:31,326,33,336,41,317,66,50,64,56,-12,10225,87,73,67,68,70
20160118 13:32,320,45,335,43,323,70,51,65,57,-9,10225,88,73,67,68,70
20160118 13:33,320,53,332,45,318,66,50,63,55,-15,10225,87,73,67,68,70
20160118 13:34,314,46,329,45,311,63,50,63,55,-15,10225,86,73,68,68,70
20160118 13:35,313,47,326,45,314,67,50,63,55,-15,10225,84,73,68,68,70
20160118 13:36,320,44,325,44,326,50,50,63,55,-15,10225,85,73,68,68,70
20160118 13:37,319,38,322,43,312,55,50,64,56,-12,10224,86,73,68,68,70
20160118 13:38,317,46,321,43,322,71,50,64,56,-12,10224,87,73,68,68,70
20160118 13:39,320,50,320,44,319,68,50,63,55,-15,10224,86,73,68,68,70
20160118 13:40,322,51,319,47,326,74,49,63,55,-15,10225,84,73,68,68,70
20160118 13:41,329,54,320,49,333,65,49,63,55,-15,10224,82,73,68,68,70
20160118 13:42,337,54,322,48,340,77,48,62,53,-19,10224,81,73,68,68,70
20160118 13:43,336,51,324,48,333,68,48,62,53,-19,10224,80,73,68,68,70
20160118 13:44,326,42,324,48,320,62,48,63,54,-16,10225,80,73,68,68,70
20160118 13:45,309,43,323,47,299,73,49,64,55,-13,10225,80,73,68,68,70
20160118 13:46,305,48,322,48,311,60,49,64,55,-13,10225,78,73,68,68,70
20160118 13:47,315,42,322,48,319,66,48,63,54,-16,10225,77,74,68,68,70
20160118 13:48,325,34,323,46,331,50,48,64,55,-14,10225,77,73,68,68,70
20160118 13:49,317,28,322,44,304,37,49,65,56,-11,10225,76,73,68,68,70
20160118 13:50,308,27,320,41,312,55,49,65,56,-11,10225,76,74,68,68,70
20160118 13:51,321,39,320,41,330,58,49,64,55,-13,10225,77,73,68,68,70
20160118 13:52,332,43,319,39,334,49,49,63,55,-15,10225,77,73,68,68,70
20160118 13:53,334,40,320,38,335,58,49,63,55,-15,10225,77,73,68,68,70
20160118 13:54,344,41,323,39,353,66,48,63,54,-16,10225,77,73,68,68,70
20160118 13:55,351,41,328,38,350,51,48,63,54,-16,10225,77,73,68,69,70
20160118 13:56,344,42,331,38,338,55,48,62,53,-19,10225,76,73,68,69,70
20160118 13:57,350,38,335,37,3,47,48,62,53,-19,10225,75,73,68,69,70
20160118 13:58,355,36,337,38,347,47,48,63,54,-16,10225,76,73,68,69,70
20160118 13:59,337,41,339,40,327,58,49,63,55,-15,10226,78,73,68,69,70
20160118 14:00,332,48,341,42,337,71,49,63,55,-15,10226,80,73,68,69,70
20160118 14:01,343,45,343,41,349,56,49,62,54,-18,10226,83,73,68,69,70
20160118 14:02,348,41,345,42,347,63,49,62,54,-18,10226,86,73,68,69,70
20160118 14:03,342,41,345,41,336,54,49,62,54,-18,10227,85,73,68,69,70
20160118 14:04,340,41,344,41,344,57,49,62,54,-18,10227,83,73,68,69,70
20160118 14:05,341,38,343,41,338,45,49,62,54,-18,10227,83,73,69,69,70
20160118 14:06,338,29,343,39,339,37,49,62,54,-18,10227,83,73,69,69,71
20160118 14:07,334,25,339,38,328,42,50,63,55,-15,10227,82,73,69,69,71
20160118 14:08,340,27,340,37,352,45,50,63,55,-15,10227,80,73,69,69,71
20160118 14:09,345,35,341,37,337,64,50,62,54,-17,10227,81,73,69,69,71
20160118 14:10,337,44,341,36,336,67,49,62,54,-18,10227,81,73,69,69,71
20160118 14:11,342,43,340,37,348,50,49,61,53,-20,10227,81,73,69,69,71
20160118 14:12,351,37,341,36,354,59,49,62,54,-18,10227,82,73,69,69,71
20160118 14:13,349,40,342,36,343,59,49,62,54,-18,10227,82,73,69,69,71
20160118 14:14,341,40,341,36,339,55,49,62,54,-18,10227,81,73,69,69,71
20160118 14:15,331,32,340,35,324,41,48,62,53,-19,10227,81,73,69,69,71
20160118 14:16,330,35,340,37,336,58,49,62,54,-18,10227,83,73,69,69,71
20160118 14:17,334,44,340,39,332,65,49,62,54,-18,10227,84,73,69,69,71
20160118 14:18,322,43,336,40,313,59,49,62,54,-18,10227,86,73,69,69,71
20160118 14:19,314,38,334,39,316,48,49,63,55,-15,10228,85,73,69,69,71
20160118 14:20,327,42,334,39,339,71,50,63,55,-15,10228,85,73,69,69,71
20160118 14:21,337,46,333,40,335,61,50,62,54,-17,10228,85,73,69,69,71
20160118 14:22,334,40,331,40,333,54,49,62,54,-18,10228,85,73,69,69,71
20160118 14:23,332,43,330,41,331,58,49,62,54,-18,10229,85,73,69,69,71
20160118 14:24,329,47,329,41,328,61,49,62,54,-18,10229,86,73,69,69,71
20160118 14:25,328,42,329,42,328,51,49,62,54,-18,10229,85,73,69,69,71
20160118 14:26,326,39,328,42,323,50,49,62,54,-18,10229,85,73,69,69,71
20160118 14:27,325,40,327,42,328,55,49,62,54,-18,10230,83,74,69,69,71
20160118 14:28,329,43,329,42,330,55,49,62,54,-18,10230,81,74,69,69,71
20160118 14:29,331,46,331,43,332,61,49,62,54,-18,10230,80,74,69,69,71
20160118 14:30,326,44,329,43,321,64,48,62,53,-19,10230,77,74,69,69,71
20160118 14:31,323,46,328,44,324,69,48,62,53,-19,10230,75,74,69,70,71
20160118 14:32,336,48,329,44,349,65,48,62,53,-19,10230,74,74,69,70,71
20160118 14:33,339,39,329,43,329,41,48,63,54,-16,10230,73,74,69,70,71
20160118 14:34,338,36,331,42,348,55,48,63,54,-16,10230,73,74,69,70,71
20160118 14:35,337,35,331,41,327,38,48,63,54,-16,10231,73,74,69,70,71
20160118 14:36,333,34,333,41,340,56,48,63,54,-16,10231,73,74,69,70,71
20160118 14:37,333,42,333,42,326,63,48,63,54,-16,10231,73,74,69,70,71
20160118 14:38,333,42,334,41,340,59,48,62,53,-19,10231,73,74,69,70,71
20160118 14:39,339,34,334,39,339,49,48,62,53,-19,10231,73,74,69,70,71
20160118 14:40,339,33,336,39,339,44,48,62,53,-19,10231,75,73,69,70,71
20160118 14:41,340,37,338,38,340,54,48,62,53,-19,10231,76,73,69,70,71
20160118 14:42,334,44,336,38,328,60,48,62,53,-19,10231,76,73,69,70,71
20160118 14:43,319,46,334,39,310,58,49,62,54,-18,10231,77,73,69,70,71
20160118 14:44,305,45,329,40,301,61,49,63,55,-15,10231,78,73,70,70,71
20160118 14:45,303,41,327,40,305,50,48,62,53,-19,10231,78,73,70,70,71
20160118 14:46,309,31,324,39,312,45,48,62,53,-19,10231,80,73,70,70,71
20160118 14:47,314,32,323,38,315,54,49,63,55,-15,10231,81,73,70,70,71
20160118 14:48,327,37,323,38,340,46,49,63,55,-15,10231,82,73,70,70,71
20160118 14:49,334,34,322,38,328,44,49,63,55,-15,10231,83,73,70,70,71
20160118 14:50,329,40,321,39,329,59,50,63,55,-15,10231,83,73,70,70,71
20160118 14:51,319,41,318,39,309,53,50,63,55,-15,10232,84,73,70,70,71
20160118 14:52,307,33,315,37,306,41,50,63,55,-15,10232,85,73,70,70,71
20160118 14:53,309,31,316,36,313,50,50,64,56,-12,10232,85,73,70,70,71
20160118 14:54,318,43,318,37,324,65,50,63,55,-15,10232,83,73,70,70,71
20160118 14:55,328,47,321,37,332,54,49,62,54,-18,10233,81,73,70,70,71
20160118 14:56,336,40,324,38,340,52,49,62,54,-18,10233,81,73,70,70,71
20160118 14:57,327,32,323,37,313,42,48,62,53,-19,10233,80,73,70,70,71
20160118 14:58,314,30,321,37,315,41,48,62,53,-19,10233,80,73,70,70,71
20160118 14:59,312,37,319,38,310,59,48,63,54,-16,10233,78,73,70,70,72
20160118 15:00,309,38,317,37,309,42,47,63,54,-17,10233,76,73,70,70,72
20160118 15:01,308,31,317,36,308,39,47,63,54,-17,10234,75,73,70,70,72
20160118 15:02,316,28,319,36,325,42,47,64,55,-15,10234,75,73,70,70,72
20160118 15:03,332,31,321,36,339,42,47,64,55,-15,10234,74,73,70,70,72
20160118 15:04,332,43,322,36,325,72,48,64,55,-14,10235,72,73,70,70,72
20160118 15:05,326,51,321,37,327,71,47,63,54,-17,10235,70,73,70,70,72
20160118 15:06,330,46,320,37,333,62,47,63,54,-17,10235,69,73,70,70,72
20160118 15:07,326,44,321,39,318,59,47,63,54,-17,10235,68,73,70,70,72
20160118 15:08,326,39,323,39,333,47,46,63,53,-18,10235,68,73,70,70,72
20160118 15:09,331,38,325,39,329,71,46,64,54,-16,10235,67,73,70,70,72
20160118 15:10,329,50,327,41,329,73,46,63,53,-18,10236,66,73,70,70,72
20160118 15:11,330,49,329,43,332,60,46,63,53,-18,10236,65,73,70,71,72
20160118 15:12,329,41,329,44,327,50,46,63,53,-18,10236,64,73,70,70,72
20160118 15:13,325,49,328,46,323,87,46,63,53,-18,10236,64,73,70,71,72
20160118 15:14,326,56,328,47,328,72,46,63,53,-18,10236,62,72,70,71,72
20160118 15:15,326,44,328,45,324,60,46,63,53,-18,10236,61,72,70,71,72
20160118 15:16,324,40,327,45,324,59,45,63,53,-19,10236,60,72,70,71,72
20160118 15:17,322,40,327,44,319,56,45,63,53,-19,10236,59,72,70,71,72
20160118 15:18,323,42,326,46,328,60,45,64,54,-17,10236,58,72,70,71,72
20160118 15:19,326,47,326,46,325,59,45,64,54,-17,10236,58,72,70,71,72
20160118 15:20,322,36,325,43,319,40,45,64,54,-17,10237,58,71,70,71,72
20160118 15:21,322,31,324,42,324,56,45,64,54,-17,10237,58,71,70,71,72
20160118 15:22,320,36,323,42,317,49,45,64,54,-17,10236,58,71,70,71,72
20160118 15:23,317,42,323,41,318,72,45,64,54,-17,10237,58,71,70,71,72
20160118 15:24,321,47,322,40,323,56,45,64,54,-17,10237,59,71,70,71,72
20160118 15:25,322,43,322,41,320,56,45,64,54,-17,10238,58,70,70,71,72
20160118 15:26,319,40,321,40,317,56,46,64,54,-16,10238,58,70,70,71,72
20160118 15:27,318,33,321,39,320,48,46,64,54,-16,10238,59,70,70,71,72
20160118 15:28,325,33,321,38,329,62,46,64,54,-16,10238,59,70,70,71,72
20160118 15:29,326,39,321,38,322,54,46,64,54,-16,10238,59,70,70,71,72
20160118 15:30,325,45,322,40,327,71,46,64,54,-16,10239,59,69,70,71,72
20160118 15:31,333,49,323,41,338,77,45,63,53,-19,10239,59,69,70,71,72
20160118 15:32,332,44,324,42,327,54,45,62,52,-21,10239,58,69,70,71,72
20160118 15:33,329,45,325,42,331,72,45,62,52,-21,10239,58,69,70,71,72
20160118 15:34,327,50,325,42,323,70,45,63,53,-19,10239,57,69,70,71,72
20160118 15:35,321,49,325,43,318,60,45,63,53,-19,10239,57,68,70,71,72
20160118 15:36,328,46,327,44,338,60,45,63,53,-19,10239,56,68,70,71,72
20160118 15:37,336,42,329,45,334,56,45,63,53,-19,10239,55,68,70,71,72
20160118 15:38,332,40,329,45,329,51,44,63,53,-20,10239,55,68,70,71,72
20160118 15:39,333,35,330,44,337,41,44,63,53,-20,10239,55,68,70,71,72
20160118 15:40,337,30,331,42,338,67,45,63,53,-19,10239,55,68,70,71,72
20160118 15:41,341,38,332,42,344,69,44,63,53,-20,10239,55,68,70,71,72
20160118 15:42,337,47,332,42,329,80,44,62,52,-22,10240,54,67,70,71,72
20160118 15:43,329,46,332,42,329,57,44,62,52,-22,10240,54,67,70,71,72
20160118 15:44,329,36,333,40,329,42,44,62,52,-22,10240,54,67,70,71,72
20160118 15:45,327,33,333,39,325,54,44,62,52,-22,10240,54,67,70,71,72
20160118 15:46,322,34,331,38,319,48,44,62,52,-22,10241,54,67,70,71,72
20160118 15:47,323,42,331,39,327,77,44,61,51,-25,10241,53,67,70,71,72
20160118 15:48,333,59,332,41,339,75,44,61,51,-25,10241,52,66,70,71,72
20160118 15:49,330,54,330,43,321,69,44,61,51,-25,10242,52,66,70,71,72
20160118 15:50,323,44,329,44,325,65,44,61,51,-25,10242,51,66,70,71,72
20160118 15:51,329,45,328,44,334,70,44,61,51,-25,10242,51,66,70,71,72
20160118 15:52,339,48,329,44,344,81,43,61,51,-26,10242,51,66,70,71,72
20160118 15:53,338,45,329,44,332,57,43,61,51,-26,10242,50,66,70,71,72
20160118 15:54,327,34,329,44,322,35,43,61,51,-26,10242,50,65,70,71,72
20160118 15:55,317,32,327,44,311,49,43,61,51,-26,10242,49,65,70,71,72
20160118 15:56,320,37,328,44,328,66,43,62,51,-23,10242,48,65,70,71,72
20160118 15:57,324,38,328,43,321,73,43,62,51,-23,10242,47,65,70,71,73
20160118 15:58,321,34,326,39,321,51,42,62,51,-24,10242,47,65,70,71,73
20160118 15:59,324,37,326,40,326,60,42,62,51,-24,10242,47,65,70,71,73
20160118 16:00,330,40,327,39,334,52,42,62,51,-24,10242,46,64,70,71,73
20160118 16:01,342,28,329,36,349,29,42,62,51,-24,10242,46,64,70,71,73
20160118 16:02,352,23,330,34,355,32,42,63,52,-22,10242,46,64,70,71,73
20160118 16:03,350,30,331,33,344,48,42,63,52,-22,10243,46,64,70,71,73
20160118 16:04,348,35,334,34,351,63,42,62,51,-24,10243,46,64,70,71,73
20160118 16:05,346,40,337,35,342,61,42,62,51,-24,10243,45,63,70,71,73
20160118 16:06,350,38,340,34,359,57,41,61,50,-27,10243,45,63,70,71,73
20160118 16:07,352,36,343,34,346,51,41,62,51,-25,10243,45,63,69,71,73
20160118 16:08,347,43,345,36,348,64,41,62,51,-25,10244,44,63,69,71,73
20160118 16:09,352,44,348,36,356,54,41,62,51,-25,10244,43,63,69,71,73
20160118 16:10,354,42,350,36,351,63,41,62,51,-25,10244,43,63,69,71,73
20160118 16:11,348,43,350,39,345,64,40,62,50,-26,10244,43,62,69,71,73
20160118 16:12,342,40,348,40,338,54,40,62,50,-26,10244,42,62,69,71,73
20160118 16:13,339,36,348,40,340,53,40,62,50,-26,10245,42,62,69,71,73
20160118 16:14,338,31,346,39,337,38,40,62,50,-26,10245,41,62,69,71,73
20160118 16:15,338,27,346,37,339,30,40,62,50,-26,10245,41,62,69,71,73
20160118 16:16,334,31,343,38,329,52,40,62,50,-26,10245,41,62,69,71,73
20160118 16:17,332,40,342,38,334,48,40,61,50,-28,10245,41,61,69,71,73
20160118 16:18,336,40,341,37,337,60,39,61,49,-29,10245,40,61,69,71,73
20160118 16:19,344,41,340,37,349,64,39,62,50,-27,10245,39,61,69,72,73
20160118 16:20,352,40,340,37,354,63,39,62,50,-27,10245,38,61,69,72,73
20160118 16:21,350,37,340,36,346,46,39,62,50,-27,10245,38,61,69,72,73
20160118 16:22,345,31,341,35,344,59,39,62,50,-27,10245,38,60,69,72,73
20160118 16:23,346,46,342,38,348,77,38,62,50,-28,10245,37,60,69,72,73
20160118 16:24,344,58,342,40,340,88,38,61,49,-30,10245,37,60,69,72,73
20160118 16:25,339,47,342,42,337,53,38,62,50,-28,10245,36,60,69,72,73
20160118 16:26,340,40,343,42,343,65,38,62,50,-28,10246,36,60,69,72,73
20160118 16:27,334,40,342,42,324,65,38,62,50,-28,10246,36,59,69,72,73
20160118 16:28,325,40,341,42,325,51,38,62,50,-28,10245,35,59,69,72,73
20160118 16:29,327,38,339,42,329,56,38,62,50,-28,10246,35,59,69,72,73
20160118 16:30,328,35,336,41,327,41,38,62,50,-28,10245,35,59,68,72,73
20160118 16:31,326,35,334,42,326,52,38,62,50,-28,10246,35,58,68,71,73
20160118 16:32,329,40,333,43,332,48,38,62,50,-28,10246,35,58,68,71,73
20160118 16:33,329,38,331,40,326,49,38,62,50,-28,10246,35,58,68,71,73
20160118 16:34,332,33,331,38,338,45,38,62,50,-28,10247,34,58,68,71,73
20160118 16:35,352,37,333,38,5,61,37,62,49,-29,10247,34,58,68,72,73
20160118 16:36,357,37,334,37,349,44,37,62,49,-29,10247,34,57,68,71,73
20160118 16:37,353,31,337,36,356,51,37,62,49,-29,10248,33,57,68,71,73
20160118 16:38,355,35,340,36,353,50,37,62,49,-29,10248,33,57,68,71,73
20160118 16:39,352,38,342,36,350,48,37,62,49,-29,10248,33,57,68,71,73
20160118 16:40,345,43,343,38,339,65,37,62,49,-29,10248,33,57,68,71,73
20160118 16:41,341,46,345,38,343,71,37,62,49,-29,10248,33,57,68,71,73
20160118 16:42,346,36,347,37,348,45,37,62,49,-29,10248,32,56,68,71,73
20160118 16:43,343,33,348,37,338,45,37,62,49,-29,10248,33,56,68,71,73
20160118 16:44,331,33,347,37,324,43,37,62,49,-29,10248,33,56,68,71,73
20160118 16:45,326,28,343,35,327,34,37,62,49,-29,10249,33,56,68,71,73
20160118 16:46,324,28,340,35,320,49,37,63,50,-27,10249,33,55,67,71,73
20160118 16:47,327,29,338,35,333,35,37,63,50,-27,10249,33,55,67,71,73
20160118 16:48,323,26,334,33,313,33,37,63,50,-27,10249,32,55,67,71,73
20160118 16:49,313,24,330,32,312,29,37,62,49,-29,10249,32,55,67,71,73
20160118 16:50,319,24,328,30,326,35,37,62,49,-29,10248,32,55,67,71,73
20160118 16:51,322,28,326,28,318,39,37,62,49,-29,10249,31,55,67,71,73
20160118 16:52,323,29,324,28,327,39,37,62,49,-29,10249,31,55,67,71,73
20160118 16:53,329,32,323,28,331,46,37,63,50,-27,10249,30,54,67,71,73
20160118 16:54,329,37,323,29,326,51,36,62,49,-30,10250,30,54,67,71,73
20160118 16:55,319,41,322,31,313,61,36,62,49,-30,10250,30,54,67,71,73
20160118 16:56,309,42,321,32,306,49,36,62,49,-30,10250,29,54,67,71,73
20160118 16:57,300,41,317,33,294,54,36,62,49,-30,10250,29,54,67,71,73
20160118 16:58,298,38,315,34,301,45,36,62,49,-30,10250,29,54,67,71,73
20160118 16:59,305,40,315,36,309,55,36,62,49,-30,10250,29,53,67,71,73
20160118 17:00,313,33,314,36,317,34,36,62,49,-30,10250,28,53,67,71,73
20160118 17:01,318,23,314,35,319,39,36,63,50,-28,10251,28,53,67,71,73
20160118 17:02,321,31,314,36,324,50,36,63,50,-28,10251,28,53,67,71,73
20160118 17:03,329,41,314,37,335,75,36,63,50,-28,10252,28,53,66,71,73
20160118 17:04,325,48,313,38,315,66,36,62,49,-30,10252,28,53,66,71,73
20160118 17:05,316,42,314,37,317,54,36,62,49,-30,10252,27,52,66,71,73
20160118 17:06,316,35,315,37,314,54,36,62,49,-30,10251,27,52,66,71,73
20160118 17:07,320,40,318,37,325,69,36,62,49,-30,10252,26,52,66,71,73
20160118 17:08,324,50,320,39,322,74,36,62,49,-30,10252,26,52,66,71,73
20160118 17:09,322,46,321,38,322,60,36,62,49,-30,10252,26,52,66,71,73
20160118 17:10,323,45,322,41,325,67,35,62,49,-31,10253,26,51,66,71,73
20160118 17:11,325,48,322,43,326,57,35,62,49,-31,10253,26,51,66,71,73
20160118 17:12,322,42,322,44,319,53,35,62,49,-31,10253,26,51,66,71,73
20160118 17:13,310,36,319,42,300,42,35,62,49,-31,10253,26,51,66,71,73
20160118 17:14,309,32,319,41,318,43,35,62,49,-31,10253,26,51,66,71,73
20160118 17:15,317,32,319,40,316,42,36,63,50,-28,10253,26,51,66,71,73
20160118 17:16,319,29,320,40,322,39,36,63,50,-28,10253,26,50,66,71,73
20160118 17:17,325,27,320,38,328,39,36,63,50,-28,10254,26,50,66,71,73
20160118 17:18,326,28,320,35,324,40,36,63,50,-28,10255,26,50,65,71,73
20160118 17:19,321,35,320,35,318,70,36,63,50,-28,10255,26,50,65,71,73
20160118 17:20,322,42,320,35,326,67,36,62,49,-30,10255,26,50,65,71,73
20160118 17:21,335,42,322,34,345,57,35,61,48,-33,10254,26,50,65,71,73
20160118 17:22,345,40,324,34,344,47,35,61,48,-33,10254,26,49,65,71,73
20160118 17:23,339,33,327,34,333,43,35,61,48,-33,10255,25,49,65,71,73
20160118 17:24,335,31,329,34,337,46,35,62,49,-31,10255,25,49,65,71,73
20160118 17:25,341,39,332,35,346,58,35,62,49,-31,10256,25,49,65,71,73
20160118 17:26,346,38,335,36,346,43,35,62,49,-31,10256,25,49,65,71,73
20160118 17:27,334,35,334,37,321,52,35,62,49,-31,10256,25,49,65,71,73
20160118 17:28,327,41,335,38,334,62,35,62,49,-31,10256,25,49,65,71,73
20160118 17:29,333,37,337,37,333,46,35,62,49,-31,10256,25,49,65,71,73
20160118 17:30,342,40,339,38,350,69,35,62,49,-31,10256,25,48,64,71,73
20160118 17:31,354,49,340,39,358,69,34,62,48,-32,10256,24,48,64,71,73
20160118 17:32,353,45,341,39,348,58,34,62,48,-32,10256,24,48,64,71,73
20160118 17:33,350,39,343,40,353,48,33,62,48,-33,10256,24,48,64,71,73
20160118 17:34,351,42,344,41,349,80,33,62,48,-33,10257,24,48,64,71,73
20160118 17:35,336,47,342,42,323,65,33,62,48,-33,10257,23,48,64,71,73
20160118 17:36,325,45,340,43,326,62,33,63,49,-31,10257,23,48,64,71,73
20160118 17:37,330,42,341,43,334,59,32,63,48,-32,10257,23,48,64,71,73
20160118 17:38,329,42,340,43,325,49,32,63,48,-32,10258,23,47,64,71,73
20160118 17:39,330,39,340,43,334,59,32,63,48,-32,10258,23,47,64,71,73
20160118 17:40,335,42,339,43,336,69,32,63,48,-32,10258,23,47,64,71,73
20160118 17:41,331,48,335,43,326,81,32,63,48,-32,10258,22,47,64,71,73
20160118 17:42,327,50,333,44,327,74,32,62,48,-34,10258,22,47,64,70,73
20160118 17:43,326,47,331,45,326,61,32,62,48,-34,10258,22,47,64,70,73
20160118 17:44,321,39,327,44,316,50,32,62,48,-34,10258,22,47,64,70,73
20160118 17:45,316,44,327,44,316,66,32,62,48,-34,10258,21,46,63,70,73
20160118 17:46,320,50,326,45,324,65,32,62,48,-34,10258,21,46,63,70,73
20160118 17:47,325,43,326,44,326,54,31,62,47,-35,10258,21,46,63,70,73
20160118 17:48,321,38,325,44,316,53,31,62,47,-35,10258,20,46,63,70,73
20160118 17:49,318,33,323,43,319,44,31,62,47,-35,10258,20,46,63,70,73
20160118 17:50,314,32,321,42,310,52,31,62,47,-35,10258,20,46,63,70,73
20160118 17:51,320,34,321,40,329,45,31,62,47,-35,10258,20,46,63,70,73
20160118 17:52,322,32,320,38,315,48,31,62,47,-35,10259,19,46,63,70,73
20160118 17:53,315,31,319,37,316,47,31,62,47,-35,10259,19,45,63,70,73
20160118 17:54,321,30,320,36,325,39,31,62,47,-35,10259,19,45,63,70,73
20160118 17:55,328,34,321,35,331,56,30,62,47,-36,10259,18,45,63,70,73
20160118 17:56,326,37,321,34,321,46,30,62,47,-36,10259,18,45,63,70,73
20160118 17:57,329,37,322,34,337,57,30,62,47,-36,10259,18,45,63,70,73
20160118 17:58,324,35,321,33,311,55,30,62,47,-36,10259,17,45,62,70,73
20160118 17:59,321,32,323,34,332,48,30,62,47,-36,10259,17,45,62,70,73
20160118 18:00,321,40,323,35,309,66,30,61,46,-38,10260,17,44,62,70,73
20160118 18:01,309,42,320,35,308,50,30,61,46,-38,10260,17,44,62,70,73
20160118 18:02,312,31,321,35,316,47,30,61,46,-38,10260,17,44,62,70,73
20160118 18:03,319,32,321,36,324,58,29,62,47,-37,10259,17,44,62,70,73
20160118 18:04,320,41,320,37,316,57,29,62,47,-37,10260,17,44,62,70,73
20160118 18:05,321,40,320,37,326,45,29,61,46,-39,10259,17,44,62,70,73
20160118 18:06,326,35,320,37,326,44,29,61,46,-39,10259,16,43,62,70,73
20160118 18:07,322,31,319,36,319,40,29,61,46,-39,10259,16,43,62,70,73
20160118 18:08,314,23,318,34,309,25,29,61,46,-39,10260,16,43,62,70,73
20160118 18:09,309,24,316,34,309,48,29,62,47,-37,10260,16,43,62,70,73
20160118 18:10,312,33,317,33,315,50,28,61,46,-40,10260,15,43,62,70,73
20160118 18:11,313,33,317,32,311,42,28,61,46,-40,10261,15,43,62,70,73
20160118 18:12,313,28,317,32,315,34,28,61,46,-40,10261,14,43,61,70,73
20160118 18:13,314,26,316,31,313,32,28,61,46,-40,10261,14,42,61,70,73
20160118 18:14,314,26,316,29,315,52,28,61,46,-40,10262,13,42,61,70,73
20160118 18:15,311,31,314,29,307,52,28,61,46,-40,10262,13,42,61,69,73
20160118 18:16,314,42,313,30,322,70,27,60,44,-43,10262,12,42,61,69,73
20160118 18:17,319,45,313,32,316,60,27,60,44,-43,10262,12,42,61,69,73
20160118 18:18,318,43,314,34,320,56,27,60,44,-43,10262,11,42,61,69,73
20160118 18:19,317,34,315,34,314,34,27,60,44,-43,10262,10,42,61,69,73
20160118 18:20,310,32,314,34,305,56,26,60,44,-44,10262,10,41,61,69,73
20160118 18:21,317,43,315,36,328,62,26,60,44,-44,10262,9,41,61,69,73
20160118 18:22,328,43,317,37,327,52,26,60,44,-44,10262,9,41,61,69,73
20160118 18:23,322,35,317,38,317,51,26,60,44,-44,10263,9,41,61,69,73
20160118 18:24,318,35,318,39,319,52,25,61,45,-43,10263,8,41,61,69,73
20160118 18:25,317,34,318,38,315,49,25,61,45,-43,10263,8,41,61,69,73
20160118 18:26,320,35,319,38,324,67,25,61,45,-43,10263,7,40,60,69,73
20160118 18:27,316,40,318,37,309,51,25,61,45,-43,10263,7,40,60,69,73
20160118 18:28,315,41,318,37,322,49,25,61,45,-43,10263,7,40,60,69,73
20160118 18:29,316,35,318,37,311,48,24,61,44,-43,10263,6,40,60,69,73
20160118 18:30,318,37,320,38,325,54,24,62,45,-41,10264,6,40,60,69,73
20160118 18:31,322,43,319,38,319,55,24,62,45,-41,10264,6,39,60,69,73
20160118 18:32,313,38,317,37,307,44,24,61,44,-43,10264,5,39,60,69,73
20160118 18:33,311,33,317,37,316,38,24,62,45,-41,10264,5,39,60,69,73
20160118 18:34,323,29,318,36,330,38,24,62,45,-41,10265,5,39,60,69,73
20160118 18:35,330,30,319,36,330,42,23,62,45,-42,10265,4,39,60,69,73
20160118 18:36,326,28,319,35,323,36,23,62,45,-42,10265,4,38,60,69,73
20160118 18:37,326,22,321,32,328,30,23,62,45,-42,10265,4,38,60,69,73
20160118 18:38,335,21,323,31,341,33,23,63,45,-40,10265,4,38,60,69,73
20160118 18:39,345,20,327,30,348,20,23,62,45,-42,10265,3,38,59,69,73
20160118 18:40,351,25,330,28,354,54,23,62,45,-42,10265,3,38,59,69,73
20160118 18:41,340,37,330,28,327,54,23,62,45,-42,10266,3,37,59,69,73
20160118 18:42,340,33,335,27,354,40,22,62,44,-43,10266,3,37,59,69,73
20160118 18:43,348,28,338,28,343,45,22,62,44,-43,10266,3,37,59,68,73
20160118 18:44,345,33,339,28,346,48,22,62,44,-43,10266,2,37,59,69,73
20160118 18:45,352,38,342,29,358,61,22,62,44,-43,10266,2,37,59,68,73
20160118 18:46,356,39,345,30,354,57,21,61,43,-46,10266,2,36,59,68,73
20160118 18:47,349,31,347,31,343,29,21,61,43,-46,10266,2,36,59,68,73
20160118 18:48,340,30,346,32,337,55,21,61,43,-46,10267,1,36,59,68,73
20160118 18:49,330,38,344,34,322,52,21,61,43,-46,10267,1,36,59,68,73
20160118 18:50,331,40,342,35,340,63,21,60,43,-48,10266,1,36,58,68,73
20160118 18:51,341,36,344,34,343,57,21,60,43,-48,10266,1,36,58,68,73
20160118 18:52,340,28,342,34,338,34,20,61,43,-47,10267,0,35,58,68,73
20160118 18:53,341,24,342,33,343,33,20,61,43,-47,10267,0,35,58,68,73
20160118 18:54,335,35,341,34,327,62,20,61,43,-47,10267,0,35,58,68,73
20160118 18:55,327,45,338,35,328,71,20,61,43,-47,10267,0,35,58,68,73
20160118 18:56,326,46,335,36,324,70,20,61,43,-47,10267,0,35,58,68,73
20160118 18:57,324,42,333,37,324,46,20,61,43,-47,10268,0,34,58,68,73
20160118 18:58,321,38,331,38,318,60,20,61,43,-47,10268,-1,34,58,68,73
20160118 18:59,319,34,330,36,319,45,20,61,43,-47,10268,-1,34,58,68,73
20160118 19:00,322,38,329,37,324,66,19,61,43,-48,10268,-1,34,58,68,73
20160118 19:01,321,50,326,39,318,75,19,60,42,-50,10268,-1,34,58,68,73
20160118 19:02,321,50,325,41,324,60,19,60,42,-50,10268,-1,33,57,68,73
20160118 19:03,327,47,324,44,331,61,19,59,41,-53,10268,-2,33,57,68,73
20160118 19:04,327,38,323,42,323,43,19,59,41,-53,10268,-2,33,57,68,73
20160118 19:05,328,31,324,41,333,44,19,59,41,-53,10268,-2,33,57,68,73
20160118 19:06,325,30,323,39,317,46,19,60,42,-50,10268,-3,33,57,68,73
20160118 19:07,316,29,322,38,315,40,19,60,42,-50,10269,-3,33,57,68,73
20160118 19:08,319,34,323,38,323,48,18,60,42,-51,10269,-3,32,57,68,73
20160118 19:09,329,35,324,39,335,46,18,60,42,-51,10269,-3,32,57,67,73
20160118 19:10,337,38,326,38,340,62,18,60,42,-51,10269,-3,32,57,68,73
20160118 19:11,324,33,325,35,309,32,18,59,41,-54,10269,-4,32,57,67,73
20160118 19:12,314,27,325,34,320,46,18,60,42,-51,10269,-4,32,57,67,72
20160118 19:13,319,29,323,32,318,45,18,60,42,-51,10270,-4,32,57,67,73
20160118 19:14,322,34,324,33,326,52,18,60,42,-51,10270,-4,31,56,67,72
20160118 19:15,326,30,323,31,326,25,18,60,42,-51,10270,-5,31,56,67,72
20160118 19:16,330,18,325,30,334,28,17,60,41,-52,10270,-5,31,56,67,72
20160118 19:17,328,18,325,29,323,25,17,60,41,-52,10270,-5,31,56,67,72
20160118 19:18,331,28,327,29,339,50,17,60,41,-52,10270,-5,31,56,67,72
20160118 19:19,325,30,325,28,311,29,17,60,41,-52,10270,-6,30,56,67,72
20160118 19:20,318,24,323,26,325,36,17,61,42,-50,10271,-6,30,56,67,72
20160118 19:21,328,25,325,27,332,29,17,61,42,-50,10271,-6,30,56,67,72
20160118 19:22,324,24,325,26,316,29,16,61,42,-51,10271,-6,30,56,67,72
20160118 19:23,319,25,325,26,321,40,16,61,42,-51,10271,-6,30,56,67,72
20160118 19:24,330,28,327,24,339,37,16,61,42,-51,10271,-6,30,55,67,72
20160118 19:25,326,27,325,25,313,33,16,61,42,-51,10271,-6,29,55,67,72
20160118 19:26,319,21,324,25,326,21,16,61,42,-51,10271,-7,29,55,67,72
20160118 19:27,321,19,324,25,316,29,16,62,42,-49,10271,-5,29,55,67,72
20160118 19:28,320,22,322,24,324,32,15,62,42,-50,10271,-2,29,55,67,72
20160118 19:29,322,20,323,23,320,24,15,62,42,-50,10271,-2,29,55,67,72
20160118 19:30,316,15,322,22,311,16,15,62,42,-50,10271,-1,29,55,67,72
20160118 19:31,303,14,318,21,295,22,15,63,43,-48,10271,-1,29,55,67,72
20160118 19:32,305,16,318,20,314,22,14,63,43,-49,10271,-1,28,55,67,72
20160118 19:33,321,19,319,20,327,27,14,63,43,-49,10271,-1,28,55,66,72
20160118 19:34,333,21,319,19,340,26,14,63,43,-49,10272,-1,28,55,66,72
20160118 19:35,341,17,322,18,342,28,14,63,43,-49,10272,-1,28,54,66,72
20160118 19:36,335,18,322,18,328,27,14,63,43,-49,10272,-1,28,54,66,72
20160118 19:37,327,22,323,19,326,34,14,63,43,-49,10272,-1,28,54,66,72
20160118 19:38,326,30,323,20,327,43,14,63,43,-49,10272,-1,28,54,66,72
20160118 19:39,324,32,323,21,321,41,14,63,43,-49,10272,-1,28,54,66,72
20160118 19:40,330,26,326,22,339,32,14,62,42,-51,10272,-1,27,54,66,72
20160118 19:41,326,22,328,23,312,29,14,62,42,-51,10272,-1,27,54,66,72
20160118 19:42,316,21,328,23,319,32,14,62,42,-51,10272,-1,27,54,66,72
20160118 19:43,313,19,326,23,306,26,14,62,42,-51,10272,-1,27,54,66,72
20160118 19:44,311,18,323,22,315,27,13,63,42,-50,10272,-1,27,54,66,72
20160118 19:45,319,16,321,22,322,18,13,63,42,-50,10272,-1,27,53,66,72
20160118 19:46,316,14,320,22,311,20,13,64,43,-48,10273,-1,27,53,66,72
20160118 19:47,324,17,321,21,336,26,13,64,43,-48,10273,-1,27,53,66,72
20160118 19:48,331,19,321,19,326,26,13,64,43,-48,10273,-1,27,53,66,72
20160118 19:49,329,20,322,19,332,32,13,64,43,-48,10274,-1,27,53,66,72
20160118 19:50,335,21,322,18,338,24,13,64,43,-48,10274,-1,27,53,66,72
20160118 19:51,334,19,324,18,330,23,13,64,43,-48,10274,-1,27,53,66,72
20160118 19:52,331,17,325,18,332,31,12,64,43,-48,10274,-1,27,53,66,72
20160118 19:53,340,19,329,18,348,28,12,64,43,-48,10274,-1,27,53,65,72
20160118 19:54,339,21,330,18,329,32,12,64,43,-48,10274,-1,27,53,65,72
20160118 19:55,332,24,332,20,334,39,12,64,43,-48,10274,-1,27,53,65,72
20160118 19:56,340,24,335,20,346,28,12,64,43,-48,10274,-1,26,52,65,72
20160118 19:57,342,18,335,20,338,25,12,64,43,-48,10274,-1,26,52,65,72
20160118 19:58,338,13,336,19,338,18,12,64,43,-48,10274,-1,26,52,65,72
20160118 19:59,341,15,338,19,343,25,11,64,42,-49,10274,-1,26,52,65,72
20160118 20:00,347,19,339,19,351,26,11,65,43,-47,10275,-1,26,52,65,72
