time_now,wd_avg_2mins,ws_avg_2mins,wd_avg_10mins,ws_avg_10mins,wd_maxsp_this_min,ws_maxsp_this_min,air_temp_by_box,relative_humidity,water_vapor_pressure,dew_temp,station_pressure,ground_temp_pt,ground_tem_5cm,ground_tem_10cm,ground_tem_15cm,ground_tem_20cm
20160219 20:01,55,1,62,5,42,1,52,83,73,26,10242,40,96,115,116,108
20160219 20:02,29,0,57,4,15,0,52,83,73,26,10242,40,96,115,115,108
20160219 20:03,15,0,51,3,14,0,51,83,73,25,10242,40,95,115,115,108
20160219 20:04,12,0,45,2,9,0,51,83,73,25,10242,40,95,115,115,108
20160219 20:05,1,0,39,2,353,0,51,83,73,25,10241,40,95,115,115,108
20160219 20:06,332,0,30,1,312,1,51,83,73,25,10241,39,95,115,115,108
20160219 20:07,297,0,18,1,282,0,51,84,74,26,10241,39,95,114,115,108
20160219 20:08,273,0,3,1,264,1,50,85,74,27,10240,39,94,114,115,108
20160219 20:09,262,3,344,1,260,8,50,85,74,27,10240,38,94,114,115,108
20160219 20:10,257,7,325,2,255,9,50,85,74,27,10240,38,94,114,115,108
20160219 20:11,253,8,308,2,251,9,51,84,74,26,10240,38,94,114,115,108
20160219 20:12,252,8,293,3,253,9,51,84,74,26,10240,38,93,114,115,108
20160219 20:13,253,8,281,4,254,8,51,84,74,26,10241,38,93,113,115,108
20160219 20:14,255,8,271,5,256,9,51,84,74,26,10241,38,93,113,115,108
20160219 20:15,251,7,263,5,245,8,51,84,74,26,10242,38,93,113,114,108
20160219 20:16,240,7,255,6,235,7,50,83,72,24,10242,37,93,113,114,108
20160219 20:17,228,4,249,6,220,4,50,83,72,24,10242,37,92,113,114,108
20160219 20:18,212,3,244,7,205,4,49,83,72,23,10243,37,92,113,114,108
20160219 20:19,187,3,236,6,169,3,49,83,72,23,10243,37,92,113,114,108
20160219 20:20,148,3,226,6,128,6,49,84,73,24,10243,36,92,112,114,108
20160219 20:21,125,5,215,6,121,9,49,84,73,24,10244,36,92,112,114,108
20160219 20:22,123,6,199,5,125,9,49,85,74,26,10244,36,91,112,114,108
20160219 20:23,128,6,183,5,130,7,49,85,74,26,10244,36,91,112,114,108
20160219 20:24,132,4,169,5,134,3,49,85,74,26,10244,36,91,112,114,108
20160219 20:25,157,1,163,4,181,2,49,85,74,26,10244,35,91,112,114,108
20160219 20:26,201,0,162,3,220,0,48,85,73,25,10244,35,91,112,114,108
20160219 20:27,232,1,163,3,244,6,48,85,73,25,10244,34,90,111,114,108
20160219 20:28,244,5,166,4,245,10,48,85,73,25,10244,34,90,111,113,108
20160219 20:29,243,9,174,5,242,11,49,85,74,26,10244,34,90,111,113,108
20160219 20:30,247,11,191,5,251,12,49,85,74,26,10244,34,90,111,113,108
20160219 20:31,248,11,207,6,245,11,48,85,73,25,10244,34,90,111,113,108
20160219 20:32,242,10,219,6,239,10,48,85,73,25,10244,34,89,111,113,108
20160219 20:33,230,7,226,6,221,8,48,85,73,25,10244,34,89,111,113,108
20160219 20:34,207,3,229,6,193,3,48,85,73,25,10245,34,89,110,113,108
20160219 20:35,165,1,227,6,137,3,47,85,73,24,10245,34,89,110,113,108
20160219 20:36,127,3,220,6,118,8,47,85,73,24,10246,33,89,110,113,108
20160219 20:37,114,7,208,7,111,9,47,85,73,24,10246,33,88,110,113,108
20160219 20:38,105,8,191,7,99,9,47,86,73,26,10246,33,88,110,113,108
20160219 20:39,96,7,169,7,92,6,46,86,73,25,10246,33,88,110,113,108
20160219 20:40,86,5,146,6,81,6,46,86,73,25,10246,33,88,110,113,107
20160219 20:41,81,5,128,5,81,5,46,86,73,25,10246,33,88,109,113,107
20160219 20:42,86,3,116,5,91,3,46,86,73,25,10246,32,87,109,112,107
20160219 20:43,81,1,104,4,70,0,46,86,73,25,10246,32,87,109,112,107
20160219 20:44,65,0,94,4,59,0,45,87,73,25,10246,33,87,109,112,107
20160219 20:45,66,0,87,4,72,0,45,87,73,25,10246,32,87,109,112,107
20160219 20:46,73,3,83,4,74,8,45,87,73,25,10246,32,87,109,112,107
20160219 20:47,74,7,79,4,74,11,45,87,73,25,10246,32,87,109,112,107
20160219 20:48,72,11,76,4,70,13,45,87,73,25,10246,32,86,108,112,107
20160219 20:49,70,14,74,5,70,18,44,87,73,24,10246,32,86,108,112,107
20160219 20:50,71,17,73,7,71,18,44,87,73,24,10247,32,86,108,112,107
20160219 20:51,72,17,72,8,74,18,44,87,73,24,10248,32,86,108,112,107
20160219 20:52,72,15,71,9,71,16,44,87,73,24,10248,31,86,108,112,107
20160219 20:53,67,11,70,10,64,10,44,87,73,24,10249,31,86,108,112,107
20160219 20:54,61,7,70,10,59,7,44,87,73,24,10249,31,85,108,111,107
20160219 20:55,54,6,68,11,50,8,44,87,73,24,10249,31,85,108,111,107
20160219 20:56,39,5,63,11,28,6,44,88,74,26,10249,31,85,107,111,107
20160219 20:57,22,5,58,10,16,5,44,88,74,26,10249,31,85,107,111,107
20160219 20:58,14,5,52,10,13,6,44,88,74,26,10249,31,85,107,111,107
20160219 20:59,19,6,47,9,25,9,43,88,73,25,10249,31,84,107,111,107
20160219 21:00,33,8,44,8,40,9,43,88,73,25,10249,31,84,107,111,107
20160219 21:01,44,10,42,7,49,11,43,88,73,25,10249,30,84,107,111,107
20160219 21:02,53,8,40,6,58,10,43,88,73,25,10249,30,84,107,111,107
20160219 21:03,58,5,40,6,59,7,42,88,73,24,10248,30,84,106,111,107
20160219 21:04,57,5,39,6,56,9,42,88,73,24,10248,30,84,106,111,107
20160219 21:05,52,6,39,6,49,9,42,88,73,24,10248,30,83,106,111,107
20160219 21:06,52,6,42,6,54,6,42,88,73,24,10248,30,83,106,111,107
20160219 21:07,52,6,46,7,51,8,42,88,73,24,10248,30,83,106,111,107
20160219 21:08,54,6,50,7,56,7,42,88,73,24,10248,29,83,106,110,107
20160219 21:09,56,5,53,6,55,9,42,88,73,24,10249,29,83,106,110,107
20160219 21:10,49,7,53,6,43,9,42,88,73,24,10249,29,83,105,110,107
20160219 21:11,37,7,51,6,32,7,42,88,73,24,10249,29,82,105,110,107
20160219 21:12,31,6,49,6,31,7,41,88,72,23,10248,29,82,105,110,107
20160219 21:13,32,6,46,6,33,6,41,88,72,23,10248,29,82,105,110,107
20160219 21:14,37,5,44,6,40,5,40,88,72,22,10249,29,82,105,110,107
20160219 21:15,46,5,45,6,51,7,40,88,72,22,10249,29,82,105,110,107
20160219 21:16,53,6,45,6,55,7,40,88,72,22,10249,29,82,105,110,107
20160219 21:17,55,7,45,6,54,10,39,88,71,21,10249,28,81,105,110,106
20160219 21:18,54,8,45,7,53,10,39,88,71,21,10250,28,81,104,110,106
20160219 21:19,52,9,44,7,52,11,39,89,72,23,10250,28,81,104,110,107
20160219 21:20,54,8,46,7,57,8,39,89,72,23,10249,28,81,104,109,106
20160219 21:21,59,7,49,7,60,8,39,89,72,23,10249,28,81,104,109,106
20160219 21:22,61,7,52,7,62,9,39,89,72,23,10250,28,81,104,109,106
20160219 21:23,64,9,55,7,66,10,39,89,72,23,10250,28,80,104,109,106
20160219 21:24,67,9,58,8,67,9,39,90,73,24,10250,28,80,104,109,106
20160219 21:25,68,8,59,8,68,10,39,90,73,24,10250,28,80,104,109,106
20160219 21:26,71,9,61,8,73,11,39,90,73,24,10250,28,80,103,109,106
20160219 21:27,72,11,63,9,72,13,39,90,73,24,10250,27,80,103,109,106
20160219 21:28,72,12,65,9,71,14,40,90,73,25,10251,27,80,103,109,106
20160219 21:29,72,13,67,10,73,14,40,91,74,27,10251,27,79,103,109,106
20160219 21:30,73,12,69,10,73,13,40,91,74,27,10251,27,79,103,109,106
20160219 21:31,70,11,69,10,66,11,41,91,74,28,10251,27,79,103,109,106
20160219 21:32,64,8,69,10,62,9,41,91,74,28,10251,27,79,103,109,106
20160219 21:33,57,7,68,10,53,9,41,91,74,28,10251,27,79,103,108,106
20160219 21:34,52,8,66,10,52,11,41,91,74,28,10252,27,79,102,108,106
20160219 21:35,50,9,64,10,49,12,41,91,74,28,10252,27,79,102,108,106
20160219 21:36,50,9,62,10,51,11,41,90,74,26,10252,27,78,102,108,106
20160219 21:37,46,9,59,10,42,11,41,90,74,26,10252,26,78,102,108,106
20160219 21:38,37,7,55,9,33,8,41,90,74,26,10253,26,78,102,108,106
20160219 21:39,25,7,50,9,16,10,40,90,73,25,10253,26,78,102,108,106
20160219 21:40,15,8,44,8,14,9,40,90,73,25,10253,26,78,102,108,106
20160219 21:41,18,7,39,8,22,8,40,90,73,25,10253,26,78,102,108,106
20160219 21:42,25,7,36,8,27,10,40,90,73,25,10253,26,78,101,108,106
20160219 21:43,32,9,34,8,37,10,39,90,73,24,10253,26,77,101,108,106
20160219 21:44,38,6,33,8,39,6,39,90,73,24,10253,26,77,101,108,106
20160219 21:45,40,6,32,8,41,9,39,90,73,24,10253,26,77,101,108,106
20160219 21:46,38,8,31,7,36,9,39,90,73,24,10253,26,77,101,107,106
20160219 21:47,35,9,30,7,35,12,39,90,73,24,10253,25,77,101,107,106
20160219 21:48,35,10,30,8,34,12,38,90,72,23,10253,25,77,101,107,105
20160219 21:49,33,10,32,8,32,12,38,90,72,23,10253,25,77,101,107,105
20160219 21:50,37,9,35,8,43,12,38,90,72,23,10253,25,76,100,107,105
20160219 21:51,46,9,37,9,48,11,38,90,72,23,10253,25,76,100,107,105
20160219 21:52,50,10,40,9,52,12,38,90,72,23,10253,25,76,100,107,105
20160219 21:53,51,11,41,9,50,15,38,91,73,25,10253,25,76,100,107,105
20160219 21:54,50,14,42,10,49,18,38,91,73,25,10254,25,76,100,107,105
20160219 21:55,47,17,43,11,46,22,38,91,73,25,10254,25,76,100,107,105
20160219 21:56,44,20,43,12,42,23,37,91,72,24,10254,25,76,100,107,105
20160219 21:57,39,20,43,14,35,22,37,91,72,24,10255,25,75,100,107,105
20160219 21:58,33,20,43,15,32,21,37,92,73,25,10255,24,75,100,107,105
20160219 21:59,34,19,43,15,37,21,38,92,74,26,10255,24,75,99,106,105
20160219 22:00,36,17,43,16,34,21,38,92,74,26,10255,24,75,99,106,105
20160219 22:01,33,18,41,17,31,22,38,92,74,26,10255,24,75,99,106,105
20160219 22:02,32,19,39,18,34,22,38,92,74,26,10255,24,75,99,106,105
20160219 22:03,32,17,37,18,30,18,38,92,74,26,10255,24,75,99,106,105
20160219 22:04,30,15,35,18,31,17,38,92,74,26,10255,24,74,99,106,105
20160219 22:05,34,14,34,18,36,16,38,91,73,25,10255,24,74,99,106,105
20160219 22:06,38,13,34,17,40,15,38,91,73,25,10255,24,74,99,106,105
20160219 22:07,43,13,35,16,45,15,39,91,73,26,10255,24,74,98,106,105
20160219 22:08,46,15,36,16,46,18,40,91,74,27,10255,24,74,98,106,105
20160219 22:09,48,15,38,15,49,18,41,92,75,29,10255,24,74,98,106,105
20160219 22:10,51,15,39,15,53,18,41,92,75,29,10255,24,74,98,106,105
20160219 22:11,50,17,41,15,47,21,41,91,74,28,10255,24,74,98,106,105
20160219 22:12,44,18,42,15,41,20,41,91,74,28,10255,24,73,98,105,105
20160219 22:13,41,17,43,15,41,20,41,91,74,28,10255,24,73,98,105,105
20160219 22:14,40,16,44,15,39,19,41,91,74,28,10255,24,73,98,105,105
20160219 22:15,42,17,45,16,45,21,41,91,74,28,10255,24,73,98,105,105
20160219 22:16,50,15,46,16,55,18,42,91,75,29,10255,24,73,97,105,104
20160219 22:17,57,12,47,16,59,13,43,91,76,30,10255,24,73,97,105,104
20160219 22:18,58,11,49,15,58,12,43,91,76,30,10255,24,73,97,105,104
20160219 22:19,54,11,49,15,50,14,44,91,76,31,10256,24,73,97,105,104
20160219 22:20,45,12,47,14,40,14,44,91,76,31,10256,24,73,97,105,104
20160219 22:21,42,12,47,14,44,14,44,91,76,31,10257,24,72,97,105,104
20160219 22:22,49,11,48,13,54,13,44,90,75,29,10257,23,72,97,105,104
20160219 22:23,54,12,50,13,53,16,44,90,75,29,10257,23,72,97,105,104
20160219 22:24,52,13,51,12,51,16,44,90,75,29,10257,23,72,97,105,104
20160219 22:25,49,14,51,12,46,16,44,90,75,29,10257,23,72,96,104,104
20160219 22:26,45,14,50,12,43,15,45,90,76,30,10257,23,72,96,104,104
20160219 22:27,47,13,49,12,51,16,45,90,76,30,10257,23,72,96,104,104
20160219 22:28,56,11,49,12,61,10,46,90,76,31,10257,23,72,96,104,104
20160219 22:29,62,9,51,12,63,11,46,90,76,31,10257,23,71,96,104,104
20160219 22:30,59,10,52,12,56,13,47,90,77,32,10257,23,71,96,104,104
20160219 22:31,51,11,52,12,47,14,46,90,76,31,10257,23,71,96,104,104
20160219 22:32,46,13,52,12,46,14,46,90,76,31,10257,23,71,96,104,104
20160219 22:33,47,13,51,12,48,15,45,89,75,28,10257,23,71,96,104,104
20160219 22:34,51,13,51,12,53,17,45,89,75,28,10257,23,71,95,104,104
20160219 22:35,52,13,52,12,51,14,45,89,75,28,10257,23,71,95,104,104
20160219 22:36,54,11,53,11,57,12,45,89,75,28,10257,23,71,95,104,104
20160219 22:37,58,8,54,11,60,8,45,90,76,30,10257,23,71,95,104,104
20160219 22:38,58,7,54,11,56,10,45,90,76,30,10257,23,70,95,104,104
20160219 22:39,56,6,53,10,56,9,45,90,76,30,10257,23,70,95,103,104
20160219 22:40,55,5,53,10,53,6,45,90,76,30,10258,23,70,95,103,104
20160219 22:41,48,5,52,9,44,6,45,90,76,30,10258,23,70,95,103,104
20160219 22:42,38,5,51,8,32,6,44,90,75,29,10258,23,70,95,103,103
20160219 22:43,34,5,50,7,36,6,44,90,75,29,10258,24,70,95,103,103
20160219 22:44,35,5,48,6,34,7,44,90,75,29,10257,24,70,94,103,103
20160219 22:45,32,4,46,6,29,6,43,90,75,28,10257,24,70,94,103,103
20160219 22:46,25,4,42,5,20,4,43,90,75,28,10257,25,70,94,103,103
20160219 22:47,27,2,39,5,34,2,43,90,75,28,10257,25,69,94,103,103
20160219 22:48,44,2,39,4,55,4,43,90,75,28,10258,25,69,94,103,103
20160219 22:49,52,3,39,4,49,4,43,90,75,28,10258,25,69,94,103,103
20160219 22:50,46,2,38,3,44,3,43,91,76,30,10258,26,69,94,103,103
20160219 22:51,50,1,39,3,57,1,43,91,76,30,10258,26,69,94,103,103
20160219 22:52,52,0,41,2,48,0,43,91,76,30,10258,26,69,94,102,103
20160219 22:53,46,0,42,2,45,0,43,91,76,30,10258,26,69,94,102,103
20160219 22:54,50,1,44,2,56,2,43,91,76,30,10258,26,69,93,102,103
20160219 22:55,59,2,47,2,62,4,42,91,75,29,10258,27,69,93,102,103
20160219 22:56,68,3,52,2,74,4,42,91,75,29,10258,27,69,93,102,103
20160219 22:57,82,4,58,2,90,5,42,91,75,29,10258,27,69,93,102,103
20160219 22:58,86,5,61,2,82,6,42,91,75,29,10258,27,68,93,102,103
20160219 22:59,86,6,65,2,89,6,42,91,75,29,10258,27,68,93,102,103
20160219 23:00,89,6,69,3,89,6,41,91,74,28,10258,28,68,93,102,103
20160219 23:01,90,6,73,4,91,7,41,91,74,28,10259,28,68,93,102,103
20160219 23:02,94,7,78,4,98,8,41,91,74,28,10259,28,68,93,102,103
20160219 23:03,91,7,82,5,85,8,41,92,75,29,10259,29,68,93,102,103
20160219 23:04,88,7,85,6,91,7,40,92,75,28,10258,29,68,92,102,103
20160219 23:05,96,7,89,6,100,8,40,92,75,28,10258,29,68,92,102,103
20160219 23:06,101,8,92,6,101,9,40,92,75,28,10258,30,68,92,102,103
20160219 23:07,104,9,93,7,107,10,41,92,75,29,10258,30,68,92,101,103
20160219 23:08,111,10,97,7,115,11,41,92,75,29,10258,30,68,92,101,102
20160219 23:09,116,11,99,8,116,11,42,93,77,32,10258,30,68,92,101,102
20160219 23:10,119,11,103,9,122,13,43,93,77,33,10257,30,68,92,101,102
20160219 23:11,123,13,106,9,125,14,43,93,77,33,10257,31,68,92,101,102
20160219 23:12,125,14,109,10,125,15,44,93,78,34,10257,31,68,92,101,102
20160219 23:13,123,13,112,11,121,13,44,93,78,34,10257,31,68,92,101,102
20160219 23:14,118,11,115,11,114,12,45,93,78,35,10256,31,68,91,101,102
20160219 23:15,111,10,115,11,108,10,45,92,77,33,10256,31,68,91,101,102
20160219 23:16,103,8,115,11,97,9,44,92,77,32,10256,31,67,91,101,102
20160219 23:17,95,7,114,11,92,9,44,92,77,32,10256,32,67,91,101,102
20160219 23:18,85,7,110,10,78,7,44,92,77,32,10256,32,67,91,101,102
20160219 23:19,85,6,108,10,93,8,44,92,77,32,10256,32,67,91,101,102
20160219 23:20,97,7,105,10,101,10,44,92,77,32,10256,32,67,91,101,102
20160219 23:21,96,9,102,9,91,10,44,92,77,32,10256,32,67,91,100,102
20160219 23:22,99,9,100,9,107,10,44,92,77,32,10256,32,67,91,100,102
20160219 23:23,105,10,99,8,104,11,45,92,77,33,10256,33,67,91,100,102
20160219 23:24,103,10,97,8,103,11,45,92,77,33,10256,33,67,91,100,102
20160219 23:25,109,8,98,8,116,8,44,92,77,32,10256,33,67,90,100,102
20160219 23:26,107,7,98,8,98,8,44,92,77,32,10257,33,67,90,100,102
20160219 23:27,86,5,97,8,74,5,44,92,77,32,10257,34,67,90,100,102
20160219 23:28,66,3,95,7,58,2,44,92,77,32,10257,34,67,90,100,102
20160219 23:29,59,1,91,7,60,2,44,92,77,32,10257,34,67,90,100,102
20160219 23:30,66,1,88,6,72,2,44,92,77,32,10257,34,67,90,100,102
20160219 23:31,78,2,88,5,83,6,44,92,77,32,10257,34,67,90,100,102
20160219 23:32,83,4,85,5,83,6,44,92,77,32,10256,34,67,90,100,101
20160219 23:33,83,5,83,4,83,5,44,92,77,32,10256,34,67,90,100,101
20160219 23:34,75,3,79,3,66,4,44,92,77,32,10256,34,67,90,100,101
20160219 23:35,55,1,72,3,43,0,43,92,76,31,10257,34,67,90,99,101
20160219 23:36,36,2,65,3,29,8,43,92,76,31,10257,34,67,90,99,101
20160219 23:37,28,7,61,3,26,10,43,92,76,31,10257,34,67,89,99,101
20160219 23:38,28,10,58,4,29,11,43,92,76,31,10257,34,67,89,99,101
20160219 23:39,30,10,54,5,31,11,43,92,76,31,10257,34,67,89,99,101
20160219 23:40,30,9,50,6,29,9,43,92,76,31,10257,34,67,89,99,101
20160219 23:41,27,7,44,6,24,8,43,92,76,31,10257,34,67,89,99,101
20160219 23:42,23,6,38,6,21,7,43,92,76,31,10258,34,67,89,99,101
20160219 23:43,18,6,31,6,14,6,42,92,76,30,10258,34,67,89,99,101
20160219 23:44,11,6,25,7,7,7,43,93,77,33,10259,34,67,89,99,101
20160219 23:45,2,5,21,7,356,5,43,93,77,33,10259,34,67,89,99,101
20160219 23:46,347,5,16,7,339,8,42,93,77,32,10260,34,67,89,99,101
20160219 23:47,343,6,12,7,347,9,42,93,77,32,10260,34,67,89,99,101
20160219 23:48,352,6,9,6,358,6,42,93,77,32,10260,34,67,89,99,101
20160219 23:49,4,2,7,5,10,1,42,93,77,32,10260,34,67,89,98,101
20160219 23:50,30,0,9,4,52,0,42,93,77,32,10259,34,67,89,98,101
20160219 23:51,58,0,12,4,65,0,42,93,77,32,10259,34,67,88,98,101
20160219 23:52,75,0,18,3,85,2,42,93,77,32,10259,34,67,88,98,101
20160219 23:53,76,2,24,3,68,5,42,93,77,32,10259,35,67,88,98,101
20160219 23:54,63,3,30,3,59,4,42,93,77,32,10259,35,67,88,98,101
20160219 23:55,61,3,38,3,63,5,43,93,77,33,10260,35,67,88,98,101
20160219 23:56,64,4,47,3,65,5,43,93,77,33,10260,35,67,88,98,100
20160219 23:57,68,6,55,3,71,9,43,93,77,33,10260,35,66,88,98,100
20160219 23:58,69,8,61,3,68,11,43,93,77,33,10260,35,67,88,98,100
20160219 23:59,67,10,66,4,66,11,43,93,77,33,10260,36,67,88,98,100
20160219 00:00,64,9,67,5,63,9,43,93,77,33,10260,36,66,88,98,100
20160219 00:01,61,7,67,5,59,6,43,93,77,33,10260,36,66,88,98,100
20160219 00:02,65,5,65,6,71,6,43,93,77,33,10260,36,66,88,98,100
20160219 00:03,75,5,66,6,79,6,43,93,77,33,10260,36,66,88,98,100
20160219 00:04,88,5,70,6,98,5,44,93,78,34,10260,36,66,88,98,100
20160219 00:05,100,5,74,6,103,7,44,93,78,34,10260,36,66,87,97,100
20160219 00:06,110,7,79,7,116,8,44,93,78,34,10260,36,66,87,97,100
20160219 00:07,122,7,85,7,128,8,44,93,78,34,10261,36,66,87,97,100
20160219 00:08,128,8,91,7,128,8,45,93,78,35,10261,36,66,87,97,100
20160219 00:09,129,9,98,7,129,11,45,93,78,35,10261,36,66,87,97,100
20160219 00:10,130,10,105,7,132,11,45,93,78,35,10261,36,66,87,97,100
20160219 00:11,129,10,111,7,126,10,45,93,78,35,10261,36,66,87,97,100
20160219 00:12,120,10,116,8,115,11,45,93,78,35,10260,36,66,87,97,100
20160219 00:13,114,10,119,8,114,11,45,93,78,35,10260,37,66,87,97,100
20160219 00:14,109,10,120,9,105,11,45,93,78,35,10261,37,66,87,97,100
20160219 00:15,101,9,119,9,97,9,45,93,78,35,10261,37,66,87,97,100
20160219 00:16,95,7,117,9,93,8,45,93,78,35,10261,37,66,87,97,100
20160219 00:17,93,7,113,9,92,9,45,93,78,35,10261,37,66,87,97,100
20160219 00:18,91,8,109,9,90,9,46,93,79,36,10261,37,66,87,97,100
20160219 00:19,86,8,105,9,82,10,46,93,79,36,10262,37,66,87,97,100
20160219 00:20,80,10,99,9,78,12,46,93,79,36,10262,37,66,87,97,100
20160219 00:21,77,11,94,9,76,13,46,93,79,36,10262,37,66,86,97,99
20160219 00:22,74,11,90,9,72,12,46,93,79,36,10262,37,66,86,96,99
20160219 00:23,71,10,85,9,70,12,45,93,78,35,10262,37,66,86,96,99
20160219 00:24,71,10,82,9,72,12,45,93,78,35,10263,37,66,86,96,99
20160219 00:25,72,11,80,10,72,15,45,93,78,35,10263,37,66,86,96,99
20160219 00:26,71,13,77,11,71,16,46,93,79,36,10263,37,66,86,96,99
20160219 00:27,69,13,75,11,68,15,46,93,79,36,10263,37,66,86,96,99
20160219 00:28,69,12,73,11,70,15,46,93,79,36,10263,37,66,86,96,99
20160219 00:29,74,12,73,12,78,13,46,93,79,36,10263,37,66,86,96,99
20160219 00:30,80,12,73,12,82,14,46,93,79,36,10263,37,66,86,96,99
20160219 00:31,84,12,74,12,86,14,47,92,79,35,10263,37,66,86,96,99
20160219 00:32,90,12,76,12,95,13,47,92,79,35,10263,37,66,86,96,99
20160219 00:33,92,12,78,12,90,13,48,92,79,36,10263,37,66,86,96,99
20160219 00:34,86,13,79,13,81,14,48,92,79,36,10263,37,66,86,96,99
20160219 00:35,79,12,80,12,76,13,48,92,79,36,10263,37,66,86,96,99
20160219 00:36,74,11,80,12,72,12,48,92,79,36,10263,37,66,86,96,99
20160219 00:37,68,10,79,12,65,10,47,92,79,35,10264,37,66,86,96,99
20160219 00:38,62,8,78,11,58,9,47,92,79,35,10264,37,66,86,96,99
20160219 00:39,61,8,77,11,63,9,47,91,78,34,10263,37,66,85,95,99
20160219 00:40,64,9,75,11,64,10,47,91,78,34,10263,37,66,85,95,99
20160219 00:41,67,9,73,10,70,11,47,91,78,34,10263,37,66,85,95,99
20160219 00:42,68,10,71,10,67,12,48,91,78,35,10263,37,66,85,95,99
20160219 00:43,66,11,68,10,64,12,48,91,78,35,10263,37,66,85,95,99
20160219 00:44,63,11,66,10,62,11,48,91,78,35,10262,37,66,85,95,99
20160219 00:45,64,9,65,10,66,10,48,91,78,35,10262,37,66,85,95,98
20160219 00:46,65,9,64,9,64,9,48,91,78,35,10262,37,66,85,95,98
20160219 00:47,64,8,64,9,64,11,48,91,78,35,10262,38,66,85,95,98
20160219 00:48,65,8,65,9,66,10,48,91,78,35,10262,38,66,85,95,98
20160219 00:49,68,9,66,9,70,11,48,91,78,35,10262,38,66,85,95,98
20160219 00:50,70,10,66,10,69,11,49,91,79,36,10262,38,65,85,95,98
20160219 00:51,69,10,66,10,69,12,49,91,79,36,10262,38,66,85,95,98
20160219 00:52,70,11,66,10,71,12,49,90,78,34,10262,38,65,85,95,98
20160219 00:53,75,11,68,10,79,13,49,90,78,34,10262,38,65,85,95,98
20160219 00:54,80,11,70,10,82,12,49,90,78,34,10262,38,65,85,95,98
20160219 00:55,82,11,72,10,82,12,49,90,78,34,10262,38,65,85,95,98
20160219 00:56,83,11,74,10,85,12,50,90,78,35,10262,39,65,85,95,98
20160219 00:57,83,11,75,11,81,12,50,90,78,35,10262,39,65,85,95,98
20160219 00:58,82,11,77,11,82,12,50,90,78,35,10262,39,65,84,94,98
20160219 00:59,80,12,78,11,79,14,50,90,78,35,10262,39,65,84,94,98
20160219 01:00,77,13,79,11,75,14,50,90,78,35,10262,39,65,84,94,98
20160219 01:01,73,13,79,12,71,14,50,90,78,35,10262,39,65,84,94,98
20160219 01:02,70,11,79,12,69,11,50,90,78,35,10262,39,65,84,94,98
20160219 01:03,72,10,78,11,74,12,50,90,78,35,10262,39,65,84,94,98
20160219 01:04,77,11,78,11,80,12,50,90,78,35,10262,39,65,84,94,98
20160219 01:05,85,11,79,11,90,12,50,90,78,35,10262,39,65,84,94,98
20160219 01:06,95,11,80,11,99,12,50,90,78,35,10262,39,65,84,94,98
20160219 01:07,104,11,83,12,108,12,50,90,78,35,10262,39,65,84,94,98
20160219 01:08,109,12,85,12,110,12,50,90,78,35,10262,39,65,84,94,98
20160219 01:09,115,10,89,11,120,10,50,90,78,35,10262,39,65,84,94,98
20160219 01:10,116,9,93,11,113,10,50,90,78,35,10262,40,65,84,94,98
20160219 01:11,107,8,97,10,102,9,50,90,78,35,10262,40,65,84,94,97
20160219 01:12,91,7,98,10,80,7,50,90,78,35,10262,40,65,84,94,97
20160219 01:13,70,5,96,9,61,5,50,90,78,35,10262,40,65,84,94,97
20160219 01:14,59,5,94,9,57,8,49,90,78,34,10262,40,65,84,94,97
20160219 01:15,56,8,91,9,55,14,49,90,78,34,10262,40,65,84,94,97
20160219 01:16,48,12,85,9,42,14,49,90,78,34,10262,40,65,84,94,97
20160219 01:17,46,13,79,9,50,15,49,90,78,34,10262,40,65,84,93,97
20160219 01:18,54,12,73,9,58,14,49,90,78,34,10262,40,65,84,93,97
20160219 01:19,60,10,67,9,61,12,49,90,78,34,10262,40,65,84,93,97
20160219 01:20,67,11,64,9,72,14,49,90,78,34,10262,40,65,83,93,97
20160219 01:21,76,11,62,10,80,13,49,90,78,34,10262,40,65,83,93,97
20160219 01:22,86,10,63,10,93,12,49,90,78,34,10261,40,65,83,93,97
20160219 01:23,95,11,66,11,97,13,50,91,79,37,10261,41,65,83,93,97
20160219 01:24,98,12,71,12,99,13,50,91,79,37,10260,41,65,83,93,97
20160219 01:25,102,13,76,12,105,14,50,91,79,37,10260,41,65,83,93,97
20160219 01:26,106,12,82,12,107,14,50,91,79,37,10259,41,65,83,93,97
20160219 01:27,107,11,88,11,107,11,50,91,79,37,10259,41,65,83,93,97
20160219 01:28,108,10,93,11,108,11,50,91,79,37,10259,41,65,83,93,97
20160219 01:29,109,10,98,11,109,11,50,91,79,37,10259,41,65,83,93,97
20160219 01:30,107,10,101,11,105,11,50,91,79,37,10259,41,65,83,93,97
20160219 01:31,102,10,103,11,99,11,50,91,79,37,10259,41,65,83,93,97
20160219 01:32,99,10,104,11,99,11,50,91,79,37,10258,41,65,83,93,97
20160219 01:33,97,10,103,11,95,12,50,91,79,37,10258,42,65,83,93,97
20160219 01:34,96,10,103,11,97,11,50,91,79,37,10258,42,65,83,93,97
20160219 01:35,97,8,102,10,98,9,50,91,79,37,10258,42,65,83,93,97
20160219 01:36,98,7,101,9,97,8,49,91,79,36,10258,42,65,83,93,97
20160219 01:37,99,7,101,9,101,9,49,91,79,36,10258,42,65,83,93,97
20160219 01:38,102,8,100,9,102,9,49,91,79,36,10258,42,65,83,92,96
20160219 01:39,102,8,99,9,101,9,49,91,79,36,10258,42,65,83,93,97
20160219 01:40,101,7,99,9,101,8,49,91,79,36,10257,42,65,83,92,96
20160219 01:41,101,7,99,8,101,7,49,91,79,36,10257,42,65,83,92,96
20160219 01:42,100,7,99,8,99,7,49,91,79,36,10257,42,65,82,92,96
20160219 01:43,93,6,98,7,87,6,49,91,79,36,10257,42,65,82,92,96
20160219 01:44,89,6,98,7,92,7,49,91,79,36,10257,42,65,82,92,96
20160219 01:45,89,7,97,7,85,8,49,91,79,36,10257,42,65,82,92,96
20160219 01:46,83,7,95,7,80,8,49,91,79,36,10257,42,65,82,92,96
20160219 01:47,80,8,93,7,80,11,49,91,79,36,10257,42,65,82,92,96
20160219 01:48,80,10,90,8,79,12,49,91,79,36,10257,42,65,82,92,96
20160219 01:49,81,11,89,8,83,12,49,91,79,36,10256,43,65,82,92,96
20160219 01:50,83,11,87,8,83,11,49,91,79,36,10256,43,65,82,92,96
20160219 01:51,82,10,85,9,81,11,49,92,80,37,10255,43,65,82,92,96
20160219 01:52,79,10,83,9,78,11,49,92,80,37,10255,43,65,82,92,96
20160219 01:53,75,10,81,9,73,11,49,92,80,37,10255,43,65,82,92,96
20160219 01:54,68,8,79,9,64,9,49,92,80,37,10255,43,65,82,92,96
20160219 01:55,62,7,76,9,60,9,49,92,80,37,10255,43,65,82,92,96
20160219 01:56,60,8,74,9,60,11,49,92,80,37,10255,43,65,82,92,96
20160219 01:57,60,10,72,10,60,12,49,92,80,37,10255,43,65,82,92,96
20160219 01:58,62,10,71,9,64,13,49,92,80,37,10254,43,65,82,92,96
20160219 01:59,63,10,69,9,63,11,49,92,80,37,10254,43,65,82,92,96
20160219 02:00,61,10,66,9,60,11,49,92,80,37,10254,43,65,82,92,96
20160219 02:01,60,9,64,9,60,10,49,92,80,37,10253,43,65,82,92,96
20160219 02:02,61,8,63,9,62,12,49,92,80,37,10253,43,65,82,91,96
20160219 02:03,63,10,62,9,63,14,49,92,80,37,10253,43,65,82,91,96
20160219 02:04,65,11,62,9,66,13,49,92,80,37,10253,43,65,82,91,96
20160219 02:05,70,11,63,10,74,15,49,92,80,37,10253,43,65,82,91,96
20160219 02:06,73,12,64,10,72,15,50,92,80,38,10253,43,65,82,91,96
20160219 02:07,71,12,65,10,71,14,50,92,80,38,10253,43,65,82,91,96
20160219 02:08,71,12,66,11,71,16,50,92,80,38,10253,43,65,81,91,96
20160219 02:09,71,12,67,11,71,13,50,92,80,38,10253,44,65,81,91,95
20160219 02:10,67,11,67,11,64,13,50,92,80,38,10253,44,65,81,91,95
20160219 02:11,63,10,68,11,62,14,50,92,80,38,10252,44,65,81,91,95
20160219 02:12,63,11,68,11,64,15,50,92,80,38,10252,44,65,81,91,95
20160219 02:13,64,12,68,12,65,16,50,92,80,38,10252,44,65,81,91,95
20160219 02:14,67,13,68,12,69,16,51,92,81,39,10252,44,65,81,91,95
20160219 02:15,71,14,68,12,74,17,51,92,81,39,10252,44,65,81,91,95
20160219 02:16,74,14,68,12,73,19,51,92,81,39,10251,44,65,81,91,95
20160219 02:17,72,14,68,13,71,17,51,92,81,39,10251,44,65,81,91,95
20160219 02:18,69,13,68,12,66,14,51,92,81,39,10251,44,65,81,91,95
20160219 02:19,64,11,67,12,62,12,51,92,81,39,10251,44,65,81,91,95
20160219 02:20,60,10,66,12,57,13,51,92,81,39,10251,44,65,81,91,95
20160219 02:21,54,11,65,13,52,15,51,92,81,39,10251,44,65,81,91,95
20160219 02:22,50,12,64,13,48,15,51,92,81,39,10251,44,65,81,91,95
20160219 02:23,48,12,62,12,48,16,51,92,81,39,10251,44,65,81,91,95
20160219 02:24,51,11,60,12,54,14,51,92,81,39,10251,45,65,81,91,95
20160219 02:25,54,11,59,12,55,18,51,92,81,39,10251,44,65,81,91,95
20160219 02:26,55,13,57,12,55,18,51,92,81,39,10251,44,65,81,91,95
20160219 02:27,59,14,56,12,63,16,52,92,81,40,10251,44,65,81,91,95
20160219 02:28,69,12,57,12,74,14,52,91,80,39,10250,44,65,81,91,95
20160219 02:29,75,12,58,12,75,16,52,91,80,39,10250,44,65,81,90,95
20160219 02:30,78,12,60,12,81,14,53,91,81,40,10250,44,65,81,90,95
20160219 02:31,83,11,64,12,84,13,53,91,81,40,10250,44,65,81,90,95
20160219 02:32,88,11,68,12,91,13,53,91,81,40,10249,44,65,81,90,95
20160219 02:33,92,11,73,12,94,12,53,91,81,40,10249,44,65,81,90,95
20160219 02:34,96,12,77,12,98,14,53,91,81,40,10249,44,65,81,90,95
20160219 02:35,99,12,82,12,100,14,53,91,81,40,10248,44,65,81,90,95
20160219 02:36,105,12,87,12,110,13,53,91,81,40,10248,44,65,81,90,95
20160219 02:37,109,11,91,12,108,13,53,91,81,40,10247,44,65,81,90,95
20160219 02:38,109,12,95,12,109,17,53,91,81,40,10247,44,65,81,90,95
20160219 02:39,106,13,98,12,103,14,53,91,81,40,10246,44,65,81,90,95
20160219 02:40,102,13,100,12,101,17,53,91,81,40,10246,44,65,81,90,94
20160219 02:41,97,13,101,12,93,15,53,91,81,40,10246,44,65,81,90,94
20160219 02:42,92,12,101,12,92,17,53,91,81,40,10246,44,65,80,90,94
20160219 02:43,90,13,100,12,88,15,53,91,81,40,10246,44,65,80,90,94
20160219 02:44,88,13,99,12,88,15,53,91,81,40,10245,44,65,80,90,94
20160219 02:45,85,13,97,12,82,17,53,91,81,40,10245,44,65,80,90,94
20160219 02:46,78,12,94,12,73,15,53,91,81,40,10245,44,65,80,90,94
20160219 02:47,74,11,90,12,74,14,53,91,81,40,10245,44,65,80,90,94
20160219 02:48,73,12,87,12,71,17,53,91,81,40,10245,45,65,80,90,94
20160219 02:49,68,13,83,13,64,18,53,92,82,41,10245,44,65,80,90,94
20160219 02:50,62,13,79,13,60,16,53,92,82,41,10245,45,65,80,90,94
20160219 02:51,63,13,76,13,65,16,53,92,82,41,10244,45,65,80,90,94
20160219 02:52,60,15,72,13,54,20,53,92,82,41,10244,45,65,80,90,94
20160219 02:53,54,14,68,13,53,16,53,92,82,41,10244,45,65,80,90,94
20160219 02:54,52,13,65,13,52,16,53,92,82,41,10244,45,65,80,90,94
20160219 02:55,51,13,62,13,51,16,53,92,82,41,10244,45,65,80,90,94
20160219 02:56,54,13,60,13,56,17,53,92,82,41,10244,45,65,80,89,94
20160219 02:57,61,13,59,13,66,18,53,92,82,41,10243,45,65,80,89,94
20160219 02:58,70,16,60,14,75,20,53,92,82,41,10243,45,65,80,89,94
20160219 02:59,77,18,61,14,79,22,54,92,82,42,10242,45,65,80,89,94
20160219 03:00,79,20,63,15,79,23,54,92,82,42,10242,45,65,80,89,94
20160219 03:01,82,19,65,16,84,24,54,92,82,42,10242,45,65,80,89,94
20160219 03:02,84,18,68,16,83,20,54,92,82,42,10241,45,65,80,89,94
20160219 03:03,82,17,71,16,81,22,54,92,82,42,10241,45,65,80,89,94
20160219 03:04,81,16,74,16,82,19,54,92,82,42,10241,45,65,80,89,94
20160219 03:05,81,16,76,17,79,20,54,92,82,42,10241,45,65,80,89,94
20160219 03:06,79,15,79,17,78,17,54,92,82,42,10242,45,65,80,89,94
20160219 03:07,75,13,79,17,72,16,54,92,82,42,10242,45,65,80,89,94
20160219 03:08,71,11,79,16,70,10,54,92,82,42,10242,45,65,80,89,94
20160219 03:09,69,10,78,15,69,14,54,92,82,42,10242,45,65,80,89,94
20160219 03:10,69,12,77,14,70,17,54,92,82,42,10242,45,65,80,89,94
20160219 03:11,66,13,75,14,62,15,54,92,82,42,10242,45,65,80,89,94
20160219 03:12,62,13,72,13,61,15,54,92,82,42,10241,45,65,80,89,94
20160219 03:13,61,11,70,13,60,12,54,92,82,42,10241,45,65,80,89,93
20160219 03:14,61,11,68,12,62,16,54,92,82,42,10241,45,65,80,89,93
20160219 03:15,65,13,67,12,68,16,54,92,82,42,10241,45,65,80,89,93
20160219 03:16,73,14,67,12,78,16,55,92,83,43,10241,45,65,80,89,93
20160219 03:17,82,15,68,13,85,17,55,92,83,43,10240,45,65,80,89,93
20160219 03:18,89,16,71,13,93,20,55,92,83,43,10240,45,65,80,89,93
20160219 03:19,96,15,74,14,99,16,55,92,83,43,10240,45,65,80,89,93
20160219 03:20,102,15,77,14,105,18,55,92,83,43,10240,45,65,79,89,93
20160219 03:21,107,16,82,14,109,20,55,91,82,41,10239,45,65,79,89,93
20160219 03:22,112,17,88,15,116,22,55,91,82,41,10239,45,65,79,89,93
20160219 03:23,115,19,93,16,114,26,55,91,82,41,10238,45,65,79,89,93
20160219 03:24,112,21,98,17,111,25,55,91,82,41,10238,45,65,79,89,93
20160219 03:25,111,20,102,17,111,27,55,92,83,43,10237,45,65,79,89,93
20160219 03:26,112,18,106,17,113,23,55,92,83,43,10238,46,65,79,89,93
20160219 03:27,109,15,108,17,106,20,55,92,83,43,10238,46,65,79,88,93
20160219 03:28,99,12,108,17,93,14,55,91,82,41,10239,46,65,79,88,93
20160219 03:29,86,13,106,17,79,19,55,92,83,43,10239,46,65,79,88,93
20160219 03:30,81,16,104,17,82,19,55,92,83,43,10239,46,65,79,88,93
20160219 03:31,78,16,100,17,74,20,56,92,84,44,10238,46,65,79,88,93
20160219 03:32,73,17,96,17,73,20,56,91,83,42,10238,46,65,79,88,93
20160219 03:33,73,19,91,17,73,23,56,91,83,42,10237,46,65,79,88,93
20160219 03:34,70,20,87,16,67,23,56,91,83,42,10237,47,65,79,88,93
20160219 03:35,61,20,81,16,55,22,56,91,83,42,10238,47,65,79,88,93
20160219 03:36,56,18,76,17,56,23,56,91,83,42,10238,47,65,79,88,93
20160219 03:37,55,18,70,17,53,22,56,91,83,42,10238,47,65,79,88,93
20160219 03:38,57,18,67,18,61,23,57,91,83,43,10237,47,65,79,88,93
20160219 03:39,62,19,66,18,64,25,57,91,83,43,10237,47,65,79,88,93
20160219 03:40,70,21,65,19,75,24,57,91,83,43,10236,48,65,79,88,93
20160219 03:41,77,22,66,19,78,25,57,91,83,43,10236,48,65,79,88,93
20160219 03:42,81,20,67,20,85,22,57,91,83,43,10236,48,65,79,88,93
20160219 03:43,87,19,68,19,90,25,57,91,83,43,10236,48,65,79,88,93
20160219 03:44,93,18,71,19,96,21,57,90,82,42,10235,48,65,79,88,93
20160219 03:45,98,19,76,19,100,23,58,90,83,43,10235,47,65,79,88,93
20160219 03:46,103,21,81,20,106,28,58,90,83,43,10235,47,65,79,88,93
20160219 03:47,107,20,86,20,109,23,58,90,83,43,10234,47,65,79,88,93
20160219 03:48,111,20,92,20,113,28,58,90,83,43,10234,47,65,79,88,93
20160219 03:49,111,22,96,21,110,29,58,90,83,43,10233,47,65,79,88,93
20160219 03:50,112,23,100,21,113,27,58,90,83,43,10233,48,65,79,88,92
20160219 03:51,112,21,103,20,111,24,58,90,83,43,10233,48,65,79,88,92
20160219 03:52,108,18,105,20,105,24,58,90,83,43,10233,48,65,79,88,92
20160219 03:53,105,18,107,20,106,25,58,90,83,43,10233,48,65,79,88,92
20160219 03:54,98,16,106,20,91,25,58,90,83,43,10233,48,65,79,88,92
20160219 03:55,88,14,105,19,85,17,58,90,83,43,10232,48,65,79,88,92
20160219 03:56,84,14,103,18,84,21,59,90,84,44,10232,48,65,79,88,92
20160219 03:57,75,14,99,18,67,15,59,90,84,44,10232,48,65,79,88,92
20160219 03:58,64,13,93,17,61,15,59,90,84,44,10232,48,65,79,88,92
20160219 03:59,58,13,88,16,55,19,59,90,84,44,10232,48,65,79,88,92
20160219 04:00,51,15,81,15,47,20,59,90,84,44,10232,48,65,79,88,92
20160219 04:01,46,19,75,16,45,28,59,90,84,44,10232,48,65,78,88,92
20160219 04:02,41,21,68,16,37,25,59,90,84,44,10232,48,65,79,87,92
20160219 04:03,37,20,61,16,36,27,59,90,84,44,10231,48,65,78,87,92
20160219 04:04,41,21,56,17,45,30,59,90,84,44,10231,48,65,78,87,92
20160219 04:05,48,21,53,17,50,24,60,89,83,43,10230,48,65,78,87,92
20160219 04:06,54,20,50,18,58,25,60,89,83,43,10229,48,65,78,87,92
20160219 04:07,61,19,50,18,64,24,60,89,83,43,10228,48,65,78,87,92
20160219 04:08,66,18,50,19,68,27,61,89,84,44,10228,49,65,78,87,92
20160219 04:09,69,18,52,19,70,25,61,89,84,44,10227,49,65,78,87,92
20160219 04:10,70,19,54,20,70,25,61,89,84,44,10227,49,65,78,87,92
20160219 04:11,71,20,57,20,73,26,61,89,84,44,10227,49,65,78,87,92
20160219 04:12,75,20,61,20,77,26,61,88,83,43,10227,49,65,78,87,92
20160219 04:13,79,22,66,20,80,26,61,88,83,43,10227,49,65,78,87,92
20160219 04:14,80,20,69,20,79,26,61,88,83,43,10227,49,65,78,87,92
20160219 04:15,80,18,72,19,81,24,61,88,83,43,10226,49,65,78,87,92
20160219 04:16,83,17,75,19,85,20,61,88,83,43,10226,49,65,78,87,92
20160219 04:17,85,17,77,19,85,24,61,88,83,43,10226,49,65,78,87,92
20160219 04:18,83,17,78,19,81,20,61,88,83,43,10226,49,65,78,87,92
20160219 04:19,82,17,79,19,82,24,61,88,83,43,10225,48,65,78,87,92
20160219 04:20,82,19,81,19,82,25,61,88,83,43,10225,48,65,78,87,92
20160219 04:21,79,21,81,19,76,27,61,88,83,43,10225,48,65,78,87,92
20160219 04:22,70,19,80,19,65,20,60,88,82,42,10226,48,65,78,87,92
20160219 04:23,57,17,77,18,48,20,60,88,82,42,10226,48,65,78,87,92
20160219 04:24,42,17,72,18,37,20,61,88,83,43,10227,48,65,78,87,92
20160219 04:25,36,19,68,18,35,25,61,88,83,43,10228,48,65,78,87,92
20160219 04:26,33,19,62,18,32,22,61,88,83,43,10228,48,65,78,87,92
20160219 04:27,33,19,57,19,33,25,61,88,83,43,10228,48,65,78,87,92
20160219 04:28,35,18,52,19,36,22,60,88,82,42,10228,48,65,78,87,92
20160219 04:29,43,19,49,19,49,29,61,88,83,43,10228,48,65,78,87,92
20160219 04:30,47,20,45,19,45,26,61,88,83,43,10228,48,65,78,87,91
20160219 04:31,49,19,43,19,53,23,61,88,83,43,10228,48,65,78,87,91
20160219 04:32,59,16,43,18,65,21,61,88,83,43,10228,48,65,78,87,91
20160219 04:33,66,16,45,18,68,22,61,88,83,43,10229,48,65,78,87,91
20160219 04:34,68,14,48,18,67,16,61,88,83,43,10229,47,65,78,87,91
20160219 04:35,64,12,51,17,60,16,61,87,82,41,10230,47,65,78,87,91
20160219 04:36,63,12,54,16,66,16,61,87,82,41,10230,47,65,78,87,91
20160219 04:37,70,12,58,15,73,16,61,87,82,41,10230,47,65,78,87,91
20160219 04:38,79,12,63,15,85,15,61,87,82,41,10230,47,65,78,87,91
20160219 04:39,89,13,67,14,93,17,61,87,82,41,10230,47,65,78,87,91
20160219 04:40,102,15,74,14,110,18,61,87,82,41,10230,47,65,78,87,91
20160219 04:41,116,15,81,14,123,16,61,87,82,41,10231,47,65,78,87,91
20160219 04:42,123,15,87,14,124,18,61,87,82,41,10231,47,65,78,86,91
20160219 04:43,126,17,93,14,127,20,61,87,82,41,10231,47,65,78,86,91
20160219 04:44,129,19,99,15,131,20,61,87,82,41,10231,47,65,78,86,91
20160219 04:45,133,18,107,15,134,20,61,87,82,41,10231,47,65,78,86,91
20160219 04:46,137,19,114,16,139,21,61,87,82,41,10231,46,65,78,86,91
20160219 04:47,142,18,121,17,145,19,61,87,82,41,10231,46,65,78,86,91
20160219 04:48,144,16,127,17,144,17,61,87,82,41,10231,46,65,78,86,91
20160219 04:49,143,15,132,17,143,16,61,87,82,41,10231,46,65,78,86,91
20160219 04:50,141,14,135,17,139,17,61,87,82,41,10231,46,64,78,86,91
20160219 04:51,139,14,137,16,139,14,61,87,82,41,10232,46,65,78,86,91
20160219 04:52,140,12,138,16,141,13,61,87,82,41,10232,46,64,78,86,91
20160219 04:53,139,11,139,15,137,12,61,87,82,41,10232,45,64,77,86,91
20160219 04:54,143,10,141,14,149,11,61,87,82,41,10233,45,64,78,86,91
20160219 04:55,156,9,144,13,163,11,61,87,82,41,10234,45,64,77,86,91
20160219 04:56,172,9,148,12,180,11,60,87,81,40,10235,45,64,77,86,91
20160219 04:57,179,9,151,12,178,11,60,87,81,40,10236,44,64,77,86,91
20160219 04:58,180,10,155,11,183,10,60,87,81,40,10237,44,64,77,86,91
20160219 04:59,195,8,161,10,209,9,60,87,81,40,10237,44,64,77,86,91
20160219 05:00,204,7,168,10,199,9,60,87,81,40,10238,43,64,77,86,91
20160219 05:01,213,6,176,9,228,7,60,87,81,40,10238,43,64,77,86,91
20160219 05:02,245,5,187,8,262,6,60,87,81,40,10239,43,64,77,86,91
20160219 05:03,263,4,200,8,264,6,60,87,81,40,10239,42,64,77,86,91
20160219 05:04,254,4,210,7,244,5,60,87,81,40,10239,41,64,77,86,91
20160219 05:05,248,4,220,7,252,6,59,87,81,39,10238,41,64,77,86,91
20160219 05:06,244,4,226,6,236,5,59,87,81,39,10238,40,64,77,86,91
20160219 05:07,237,2,232,5,238,2,59,87,81,39,10238,39,64,77,86,91
20160219 05:08,232,0,236,4,225,0,58,87,80,38,10238,38,64,77,86,91
20160219 05:09,208,0,234,3,191,0,58,87,80,38,10239,37,64,77,86,91
20160219 05:10,178,0,232,3,162,0,58,88,81,40,10239,36,64,77,86,91
20160219 05:11,142,0,225,2,127,0,57,88,81,39,10240,35,64,77,86,91
20160219 05:12,131,0,212,2,136,0,57,88,81,39,10241,34,64,77,86,91
20160219 05:13,136,0,197,1,137,0,56,88,80,38,10242,33,64,77,86,91
20160219 05:14,142,0,184,1,146,2,56,88,80,38,10242,32,64,77,86,90
20160219 05:15,147,2,172,1,148,6,55,89,80,38,10242,31,64,77,86,90
20160219 05:16,149,6,163,1,149,8,55,89,80,38,10242,31,64,77,86,90
20160219 05:17,148,8,155,2,147,9,54,89,80,37,10241,30,63,77,86,90
20160219 05:18,146,8,148,3,145,9,54,89,80,37,10241,30,63,77,86,90
20160219 05:19,141,7,143,3,137,8,54,89,80,37,10240,29,63,77,86,90
20160219 05:20,124,5,138,4,110,5,53,89,79,36,10240,28,63,77,86,90
20160219 05:21,91,4,134,4,72,4,53,90,80,38,10240,28,63,77,86,90
20160219 05:22,64,4,127,5,55,8,52,90,80,37,10240,27,63,77,86,90
20160219 05:23,49,7,118,5,43,12,52,90,80,37,10240,27,63,77,86,90
20160219 05:24,39,10,106,7,35,13,51,90,79,36,10239,26,63,77,86,90
20160219 05:25,36,13,93,8,37,16,51,91,80,38,10239,26,63,77,85,90
20160219 05:26,39,16,80,9,41,17,51,91,80,38,10240,25,62,77,86,90
20160219 05:27,41,16,68,9,41,17,51,91,80,38,10240,25,62,77,86,90
20160219 05:28,39,15,58,10,37,16,51,91,80,38,10240,25,62,77,85,90
20160219 05:29,37,14,50,11,36,16,50,91,79,37,10241,24,62,77,85,90
20160219 05:30,36,14,43,12,36,18,50,91,79,37,10241,24,62,77,85,90
20160219 05:31,35,15,40,13,35,20,49,91,79,36,10240,24,62,77,85,90
20160219 05:32,36,18,38,14,37,22,50,91,79,37,10239,23,62,77,85,90
20160219 05:33,38,19,37,15,40,22,50,92,80,38,10239,23,61,77,85,90
20160219 05:34,40,18,38,16,39,21,50,92,80,38,10238,23,61,77,85,90
20160219 05:35,39,17,38,16,38,21,50,92,80,38,10238,23,61,77,85,90
20160219 05:36,36,17,37,16,34,23,51,92,81,39,10238,23,61,77,85,90
20160219 05:37,37,16,37,16,41,21,51,92,81,39,10238,23,61,77,85,90
20160219 05:38,42,15,38,16,43,20,51,92,81,39,10238,23,61,77,85,90
20160219 05:39,41,14,38,16,38,18,51,91,80,38,10238,23,60,77,85,90
20160219 05:40,38,15,38,17,37,21,51,91,80,38,10238,23,60,77,85,90
20160219 05:41,36,17,38,17,34,19,51,91,80,38,10238,23,60,77,85,90
20160219 05:42,34,16,38,16,33,20,51,91,80,38,10238,23,60,77,85,90
20160219 05:43,33,17,37,16,33,21,51,91,80,38,10238,23,60,76,85,90
20160219 05:44,34,17,36,16,34,18,51,91,80,38,10238,23,60,76,85,90
20160219 05:45,37,15,37,16,40,18,52,91,80,39,10238,23,60,76,85,90
20160219 05:46,46,14,38,15,52,19,52,91,80,39,10237,23,59,76,85,90
20160219 05:47,55,13,40,15,58,17,52,91,80,39,10237,23,59,76,85,90
20160219 05:48,58,14,42,15,58,17,52,91,80,39,10236,23,59,76,85,90
20160219 05:49,61,14,44,15,64,17,52,90,80,37,10236,23,59,76,85,90
20160219 05:50,66,15,47,15,69,18,52,90,80,37,10235,22,59,76,85,90
20160219 05:51,71,16,51,15,73,18,52,90,80,37,10235,22,59,76,85,90
20160219 05:52,73,17,55,15,73,19,52,90,80,37,10235,22,59,76,85,90
20160219 05:53,73,17,59,15,72,19,51,90,79,36,10235,22,59,76,85,90
20160219 05:54,72,16,63,15,71,17,51,90,79,36,10235,22,58,76,85,90
20160219 05:55,72,14,66,15,72,15,51,90,79,36,10236,21,58,76,85,90
20160219 05:56,73,14,68,15,74,15,51,90,79,36,10236,21,58,76,85,90
20160219 05:57,73,14,70,15,72,15,51,90,79,36,10236,21,58,76,85,90
20160219 05:58,72,15,71,15,71,18,51,90,79,36,10236,20,58,76,85,90
20160219 05:59,71,16,72,16,70,18,51,90,79,36,10236,20,58,76,85,90
20160219 06:00,70,17,72,16,69,19,50,90,78,35,10235,20,58,76,85,90
20160219 06:01,69,17,71,16,70,19,50,90,78,35,10235,20,58,76,85,90
20160219 06:02,67,15,71,15,64,16,50,90,78,35,10236,20,57,76,85,90
20160219 06:03,64,14,70,15,64,18,49,90,78,34,10236,19,57,76,85,90
20160219 06:04,65,14,69,15,65,16,49,90,78,34,10237,19,57,76,85,89
20160219 06:05,66,13,69,15,66,15,49,90,78,34,10237,19,57,76,85,89
20160219 06:06,68,13,68,14,70,15,49,90,78,34,10237,18,57,75,85,89
20160219 06:07,73,12,68,14,75,15,48,90,77,33,10238,18,57,75,85,89
20160219 06:08,76,13,69,14,77,15,48,90,77,33,10238,17,57,75,85,89
20160219 06:09,81,14,70,14,84,15,48,91,78,35,10238,17,57,75,85,89
20160219 06:10,82,14,71,14,80,15,48,91,78,35,10238,17,57,75,85,89
20160219 06:11,78,14,72,13,76,14,48,91,78,35,10239,16,56,75,85,89
20160219 06:12,75,13,73,13,74,13,48,91,78,35,10239,16,56,75,85,89
20160219 06:13,67,11,73,13,61,12,48,91,78,35,10240,16,56,75,84,89
20160219 06:14,57,12,72,13,54,18,47,91,78,34,10240,16,56,75,84,89
20160219 06:15,52,15,70,14,49,21,47,91,78,34,10240,15,56,75,84,89
20160219 06:16,48,18,68,14,46,22,47,91,78,34,10240,15,56,75,84,89
20160219 06:17,43,16,64,14,40,17,47,91,78,34,10241,15,56,75,84,89
20160219 06:18,39,14,60,14,38,18,47,91,78,34,10242,14,56,75,84,89
20160219 06:19,43,15,56,14,47,17,46,91,77,33,10242,14,55,75,84,89
20160219 06:20,49,14,53,14,50,17,46,91,77,33,10242,14,55,75,84,89
20160219 06:21,50,15,51,15,50,20,46,91,77,33,10241,14,55,75,84,89
20160219 06:22,49,19,48,16,48,27,46,91,77,33,10241,13,55,75,84,89
20160219 06:23,49,21,47,17,50,26,46,91,77,33,10240,13,55,75,84,89
20160219 06:24,51,21,47,17,53,27,46,91,77,33,10240,13,55,75,84,89
20160219 06:25,52,19,47,17,51,23,46,91,77,33,10241,13,55,75,84,89
20160219 06:26,50,17,48,17,49,19,46,91,77,33,10242,13,55,75,84,89
20160219 06:27,49,14,49,17,50,17,46,91,77,33,10243,13,54,74,84,89
20160219 06:28,48,11,49,16,46,14,47,91,78,34,10243,13,54,74,84,89
20160219 06:29,44,12,49,16,42,15,47,91,78,34,10243,13,54,74,84,89
20160219 06:30,46,12,49,16,51,16,47,91,78,34,10242,13,54,74,84,89
20160219 06:31,54,12,50,16,56,14,47,91,78,34,10240,13,54,74,84,89
20160219 06:32,59,12,51,15,61,14,47,91,78,34,10239,13,54,74,84,89
20160219 06:33,63,12,52,14,66,14,47,91,78,34,10238,13,54,74,84,89
20160219 06:34,67,13,54,13,68,16,47,91,78,34,10238,13,53,74,84,89
20160219 06:35,70,13,56,13,72,14,47,91,78,34,10238,13,53,74,84,89
20160219 06:36,69,12,58,12,66,13,47,91,78,34,10238,13,53,74,84,89
20160219 06:37,61,11,58,12,56,13,46,91,77,33,10239,13,53,74,84,89
20160219 06:38,53,12,59,12,50,16,46,91,77,33,10240,13,53,74,84,89
20160219 06:39,48,15,59,13,45,17,46,91,77,33,10241,13,53,74,84,89
20160219 06:40,45,15,58,13,44,15,45,91,77,32,10241,13,53,74,84,89
20160219 06:41,47,14,58,13,49,17,45,91,77,32,10241,13,53,74,84,89
20160219 06:42,52,14,57,13,55,17,45,91,77,32,10241,13,53,74,84,89
20160219 06:43,58,12,57,13,62,15,45,91,77,32,10241,13,52,74,84,89
20160219 06:44,65,12,57,13,68,15,45,91,77,32,10242,12,52,73,84,89
20160219 06:45,74,12,57,13,80,15,45,91,77,32,10243,13,52,73,84,89
20160219 06:46,84,11,60,13,88,10,44,91,76,31,10244,13,52,73,83,89
20160219 06:47,92,9,64,12,97,11,44,91,76,31,10245,13,52,73,84,89
20160219 06:48,104,9,70,12,111,9,44,91,76,31,10246,13,52,73,83,89
20160219 06:49,103,9,75,11,96,11,44,91,76,31,10247,13,52,73,83,89
20160219 06:50,106,9,82,11,117,10,44,92,77,32,10248,13,52,73,83,89
20160219 06:51,116,9,89,10,116,11,44,92,77,32,10249,13,52,73,83,89
20160219 06:52,110,8,94,10,105,9,44,92,77,32,10250,14,52,73,83,89
20160219 06:53,105,7,98,9,105,8,44,92,77,32,10252,14,51,73,83,89
20160219 06:54,100,5,101,8,95,6,44,92,77,32,10253,14,51,73,83,88
20160219 06:55,94,3,102,7,94,4,43,91,76,30,10254,14,51,73,83,89
20160219 06:56,87,2,102,7,80,2,42,91,75,29,10255,15,51,73,83,89
20160219 06:57,73,0,99,6,66,0,42,91,75,29,10256,15,51,73,83,88
20160219 06:58,53,0,92,5,39,2,42,92,76,30,10256,15,51,73,83,88
20160219 06:59,38,0,86,4,36,1,42,92,76,30,10257,16,51,73,83,88
20160219 07:00,28,0,76,3,18,0,42,92,76,30,10258,16,51,73,83,88
20160219 07:01,326,0,68,2,280,0,42,92,76,30,10259,16,51,73,83,88
20160219 07:02,269,0,59,1,258,0,42,93,77,32,10259,17,51,72,83,88
20160219 07:03,257,0,43,1,256,0,42,93,77,32,10258,17,51,72,83,88
20160219 07:04,280,0,17,0,340,0,41,93,76,31,10256,17,50,72,83,88
20160219 07:05,38,0,13,0,61,3,41,93,76,31,10253,17,50,72,83,88
20160219 07:06,62,3,12,1,64,6,41,93,76,31,10252,17,50,72,83,88
20160219 07:07,66,6,12,1,68,8,40,93,76,30,10252,18,50,72,83,88
20160219 07:08,72,7,18,2,76,9,40,93,76,30,10253,18,50,72,83,88
20160219 07:09,80,7,28,3,84,10,40,93,76,30,10254,19,50,72,83,88
20160219 07:10,79,8,42,4,74,10,40,93,76,30,10254,19,50,72,83,88
20160219 07:11,77,8,59,4,79,9,40,93,76,30,10254,20,50,72,83,88
20160219 07:12,75,7,63,5,72,8,40,93,76,30,10254,20,50,72,83,88
20160219 07:13,63,6,64,6,53,8,39,93,75,29,10254,21,50,72,83,88
20160219 07:14,51,6,68,6,48,8,39,93,75,29,10254,22,50,72,83,88
20160219 07:15,47,6,66,7,46,6,39,93,75,29,10254,23,50,72,83,88
20160219 07:16,41,5,64,7,36,6,39,93,75,29,10253,24,50,72,83,88
20160219 07:17,31,3,60,6,26,4,39,93,75,29,10252,25,50,72,82,88
20160219 07:18,27,1,55,6,28,1,39,93,75,29,10252,26,50,71,82,88
20160219 07:19,26,0,49,5,25,0,39,94,76,30,10251,27,50,71,82,88
20160219 07:20,20,0,43,4,15,0,39,94,76,30,10251,28,50,71,82,88
20160219 07:21,12,0,36,3,8,0,39,94,76,30,10250,30,50,71,82,88
20160219 07:22,29,0,34,3,51,0,39,94,76,30,10250,31,50,71,82,88
20160219 07:23,60,0,35,2,70,0,39,94,76,30,10250,32,50,71,82,88
20160219 07:24,85,0,40,1,102,0,40,94,76,31,10249,34,50,71,82,88
20160219 07:25,102,1,45,1,103,4,40,94,76,31,10248,35,50,71,82,88
20160219 07:26,106,4,53,1,110,6,41,94,77,32,10248,37,50,71,82,88
20160219 07:27,105,5,61,1,101,7,41,95,78,34,10247,38,50,71,82,88
20160219 07:28,103,7,71,2,106,8,42,95,78,35,10247,40,50,71,82,88
20160219 07:29,104,8,80,3,103,9,43,95,79,36,10247,41,50,71,82,88
20160219 07:30,105,8,89,4,106,9,44,95,79,37,10247,43,50,71,82,88
20160219 07:31,116,7,98,4,125,7,45,95,80,38,10248,45,50,71,82,88
20160219 07:32,137,5,107,5,149,5,45,95,80,38,10248,46,50,71,82,88
20160219 07:33,160,3,117,5,170,3,45,95,80,38,10248,48,50,71,82,88
20160219 07:34,162,1,122,5,154,1,45,95,80,38,10248,50,50,71,82,88
20160219 07:35,128,0,122,5,104,0,45,95,80,38,10247,52,50,71,82,88
20160219 07:36,93,0,119,4,82,0,45,95,80,38,10246,54,50,71,82,88
20160219 07:37,70,0,116,4,57,2,46,95,81,39,10245,55,51,70,82,88
20160219 07:38,58,1,111,3,60,2,46,95,81,39,10245,57,51,70,82,87
20160219 07:39,66,0,107,2,73,1,47,95,81,40,10245,59,51,70,82,87
20160219 07:40,85,1,106,2,98,4,48,95,82,41,10246,61,51,70,82,87
20160219 07:41,103,3,104,1,108,4,49,95,82,42,10246,62,51,70,82,88
20160219 07:42,108,2,100,1,108,3,50,95,83,43,10246,64,51,70,82,87
20160219 07:43,108,3,95,1,108,6,51,95,83,44,10246,65,51,70,82,87
20160219 07:44,100,5,89,2,91,8,53,95,85,46,10246,67,52,70,81,87
20160219 07:45,86,8,87,3,81,13,54,94,84,45,10245,68,52,70,81,87
20160219 07:46,80,12,86,4,78,17,55,94,85,46,10245,69,52,70,81,87
20160219 07:47,82,12,89,5,87,16,56,94,85,47,10245,70,52,70,81,87
20160219 07:48,89,10,92,6,91,13,56,93,85,46,10245,71,53,70,81,87
20160219 07:49,86,12,93,8,81,19,57,93,85,47,10245,71,53,70,81,87
20160219 07:50,80,16,91,9,79,18,58,92,85,46,10245,73,53,70,81,87
20160219 07:51,81,15,89,10,83,18,58,91,84,44,10245,75,53,70,81,87
20160219 07:52,82,13,86,11,81,15,59,91,84,45,10246,76,53,70,81,87
20160219 07:53,82,13,83,12,82,18,59,90,84,44,10246,78,54,70,81,87
20160219 07:54,82,13,82,13,81,14,59,90,84,44,10247,79,54,70,81,87
20160219 07:55,83,12,83,13,84,15,60,90,84,45,10247,79,54,70,81,87
20160219 07:56,84,12,83,13,83,12,60,89,83,43,10248,81,55,70,81,87
20160219 07:57,74,10,81,13,64,12,61,89,84,44,10249,80,55,70,81,87
20160219 07:58,59,11,77,13,54,14,61,89,84,44,10249,79,55,70,81,87
20160219 07:59,49,12,74,13,45,17,61,89,84,44,10250,77,55,70,81,87
20160219 08:00,42,11,70,12,40,11,61,88,83,43,10251,76,56,70,81,87
20160219 08:01,44,8,66,11,48,12,61,88,83,43,10251,75,56,70,81,87
20160219 08:02,54,9,64,11,59,17,62,88,83,44,10252,76,56,70,81,87
20160219 08:03,65,12,63,11,70,16,62,88,83,44,10252,76,57,70,81,87
20160219 08:04,71,13,62,11,72,15,63,88,84,45,10252,76,57,70,81,87
20160219 08:05,73,13,61,11,74,15,63,88,84,45,10252,76,57,70,81,87
20160219 08:06,72,12,60,11,69,14,64,88,85,46,10253,76,57,70,81,87
20160219 08:07,65,11,59,11,61,16,64,87,84,44,10254,76,58,70,81,87
20160219 08:08,63,13,60,12,64,20,64,87,84,44,10254,76,58,70,81,87
20160219 08:09,64,15,62,12,64,21,65,87,84,45,10254,76,58,70,81,87
20160219 08:10,62,16,64,13,61,20,65,87,84,45,10254,76,59,70,81,87
20160219 08:11,63,15,66,13,65,20,66,87,85,46,10254,76,59,70,81,87
20160219 08:12,66,15,67,14,67,18,66,87,85,46,10254,75,59,70,81,87
20160219 08:13,68,14,67,14,69,17,66,87,85,46,10253,75,59,70,80,87
20160219 08:14,68,15,66,14,67,22,66,87,85,46,10253,74,60,70,80,87
20160219 08:15,68,18,66,15,69,25,67,86,84,45,10253,74,60,70,80,87
20160219 08:16,69,16,66,15,69,18,67,86,84,45,10254,74,60,70,80,87
20160219 08:17,67,14,66,15,64,19,67,86,84,45,10254,73,60,70,80,87
20160219 08:18,64,14,66,15,64,17,67,86,84,45,10254,73,61,70,80,87
20160219 08:19,61,14,65,15,59,19,67,86,84,45,10253,73,61,70,80,87
20160219 08:20,61,14,66,15,63,18,68,86,85,46,10253,73,61,70,80,87
20160219 08:21,62,16,65,15,62,23,68,86,85,46,10253,74,61,70,80,86
20160219 08:22,66,18,66,15,69,23,68,86,85,46,10253,74,61,70,80,86
20160219 08:23,71,18,66,16,72,21,69,85,85,46,10253,74,62,70,80,86
20160219 08:24,75,18,67,16,78,23,69,85,85,46,10253,75,62,70,80,86
20160219 08:25,82,18,69,16,87,21,69,85,85,46,10254,75,62,70,80,86
20160219 08:26,89,17,71,16,91,20,69,85,85,46,10254,75,62,70,80,86
20160219 08:27,94,18,74,17,97,24,69,85,85,46,10254,75,62,70,80,86
20160219 08:28,102,19,78,17,107,22,70,85,85,47,10254,75,62,70,80,86
20160219 08:29,108,20,83,18,109,27,70,85,85,47,10253,75,63,70,80,86
20160219 08:30,109,22,88,19,110,27,70,85,85,47,10253,76,63,70,80,86
20160219 08:31,107,23,93,19,105,27,70,85,85,47,10252,77,63,70,80,86
20160219 08:32,105,23,96,20,106,28,70,85,85,47,10252,77,63,70,80,86
20160219 08:33,105,20,99,20,104,24,71,85,86,48,10252,78,63,70,80,86
20160219 08:34,98,19,101,20,93,26,71,85,86,48,10252,79,63,70,80,86
20160219 08:35,86,20,100,20,78,24,71,85,86,48,10252,79,64,70,80,86
20160219 08:36,74,16,98,20,70,17,71,85,86,48,10252,80,64,70,80,86
20160219 08:37,66,15,95,19,62,19,71,85,86,48,10253,80,64,70,80,86
20160219 08:38,59,13,89,19,56,16,71,85,86,48,10253,80,64,70,80,86
20160219 08:39,55,14,84,18,55,19,72,85,86,49,10253,79,64,70,80,86
20160219 08:40,61,16,80,18,68,22,72,85,86,49,10253,79,64,70,80,86
20160219 08:41,72,17,77,17,76,25,72,85,86,49,10252,79,64,70,80,86
20160219 08:42,81,19,75,17,85,24,72,85,86,49,10252,79,65,70,80,86
20160219 08:43,87,19,73,17,89,23,73,85,87,49,10252,79,65,70,80,86
20160219 08:44,92,20,73,17,96,25,73,85,87,49,10252,79,65,70,80,86
20160219 08:45,98,21,76,17,99,25,73,85,87,49,10252,79,65,70,80,86
20160219 08:46,99,21,79,18,99,27,73,85,87,49,10252,79,65,71,80,86
20160219 08:47,102,19,83,18,105,22,73,85,87,49,10252,80,65,71,80,86
20160219 08:48,102,18,87,19,98,25,74,85,87,50,10252,80,66,71,80,86
20160219 08:49,100,19,92,19,102,25,74,85,87,50,10251,80,66,71,80,86
20160219 08:50,101,21,95,20,99,28,74,85,87,50,10251,80,66,71,80,86
20160219 08:51,100,22,97,20,100,31,74,84,86,49,10250,80,66,71,80,86
20160219 08:52,102,22,99,20,104,26,75,84,87,50,10250,80,66,71,80,86
20160219 08:53,101,22,100,21,99,33,75,84,87,50,10250,80,66,71,80,86
20160219 08:54,100,22,100,21,100,28,75,84,87,50,10251,80,66,71,80,86
20160219 08:55,99,21,100,21,98,31,75,84,87,50,10251,80,67,71,80,86
20160219 08:56,99,23,100,21,99,31,76,84,88,51,10252,80,67,71,80,86
20160219 08:57,98,23,99,22,96,29,76,84,88,51,10252,80,67,71,80,86
20160219 08:58,102,19,100,21,107,22,76,84,88,51,10252,79,67,71,80,86
20160219 08:59,97,15,99,21,87,23,76,84,88,51,10252,79,67,71,80,86
20160219 09:00,88,15,98,20,88,24,76,84,88,51,10251,80,67,71,80,86
20160219 09:01,90,19,97,20,92,26,76,84,88,51,10251,80,67,71,79,86
20160219 09:02,92,20,96,20,91,24,77,84,88,52,10251,80,67,71,79,85
20160219 09:03,94,20,95,20,97,28,77,83,87,50,10251,80,67,71,79,85
20160219 09:04,96,22,95,20,95,26,77,83,87,50,10252,80,68,71,80,85
20160219 09:05,96,21,95,20,96,30,77,83,87,50,10252,80,68,71,79,85
20160219 09:06,95,20,94,19,95,25,77,83,87,50,10252,81,68,71,79,85
20160219 09:07,98,20,95,19,100,25,77,83,87,50,10253,81,68,71,79,85
20160219 09:08,101,21,94,20,102,26,77,83,87,50,10252,81,68,71,80,85
20160219 09:09,102,21,96,20,102,30,78,83,88,51,10252,81,68,71,79,85
20160219 09:10,102,23,97,21,102,32,78,83,88,51,10252,81,68,72,79,85
20160219 09:11,100,23,98,21,98,31,78,83,88,51,10252,82,68,72,79,85
20160219 09:12,100,21,99,21,102,27,78,83,88,51,10253,82,69,72,79,85
20160219 09:13,102,22,100,21,103,30,78,83,88,51,10253,83,69,72,79,85
20160219 09:14,99,21,100,21,95,25,78,83,88,51,10253,83,69,72,79,85
20160219 09:15,100,20,100,21,105,29,78,83,88,51,10253,83,69,72,79,85
20160219 09:16,105,23,101,22,105,27,79,83,88,52,10253,83,69,72,79,85
20160219 09:17,103,21,102,21,101,25,79,83,88,52,10252,83,69,72,79,85
20160219 09:18,104,19,102,21,107,32,79,83,88,52,10252,83,69,72,79,85
20160219 09:19,104,21,102,21,100,29,79,84,89,54,10251,83,69,72,79,85
20160219 09:20,96,23,101,21,93,32,79,84,89,54,10251,84,69,72,79,85
20160219 09:21,94,23,101,21,94,37,79,84,89,54,10251,85,69,72,79,85
20160219 09:22,88,23,99,22,82,34,80,83,89,53,10251,85,70,72,79,85
20160219 09:23,84,20,97,21,86,21,80,83,89,53,10251,85,70,72,79,85
20160219 09:24,84,17,96,21,83,21,80,83,89,53,10251,85,70,72,79,85
20160219 09:25,85,18,94,21,87,24,80,84,90,55,10251,86,70,72,79,85
20160219 09:26,88,20,92,20,89,26,80,84,90,55,10251,86,70,72,79,85
20160219 09:27,91,22,91,21,93,32,81,84,91,56,10250,87,70,72,79,85
20160219 09:28,93,22,90,21,93,30,81,84,91,56,10250,88,70,72,79,85
20160219 09:29,91,20,89,21,89,30,81,84,91,56,10250,89,70,72,79,85
20160219 09:30,89,19,88,20,88,29,82,84,91,57,10251,90,70,72,79,85
20160219 09:31,90,20,88,20,92,25,82,84,91,57,10251,91,70,72,79,85
20160219 09:32,94,23,90,20,96,32,82,83,90,55,10251,92,71,72,79,85
20160219 09:33,99,22,91,21,102,25,83,83,91,56,10251,93,71,73,79,85
20160219 09:34,103,20,93,21,104,28,83,83,91,56,10251,95,71,73,79,85
20160219 09:35,106,22,95,21,107,28,84,83,91,57,10251,96,71,73,79,85
20160219 09:36,107,22,97,21,107,25,84,83,91,57,10251,97,71,73,79,85
20160219 09:37,107,20,99,21,107,26,85,83,92,58,10251,98,71,73,79,85
20160219 09:38,106,16,100,20,105,29,85,83,92,58,10251,99,71,73,79,85
20160219 09:39,104,16,101,20,103,25,85,84,93,60,10251,100,72,73,79,85
20160219 09:40,104,17,103,20,106,22,86,83,93,59,10251,102,72,73,79,85
20160219 09:41,107,13,105,19,109,18,86,83,93,59,10251,104,72,73,79,85
20160219 09:42,101,17,104,18,93,32,86,83,93,59,10251,106,72,73,79,85
20160219 09:43,94,22,104,19,95,30,87,83,93,60,10252,108,72,73,79,85
20160219 09:44,98,19,103,18,101,21,87,82,92,58,10252,110,72,73,79,85
20160219 09:45,101,19,103,18,101,28,88,82,93,59,10252,113,73,73,79,85
20160219 09:46,102,22,102,18,103,32,88,82,93,59,10252,115,73,73,79,85
20160219 09:47,99,19,101,18,95,21,89,82,93,60,10252,116,73,73,79,85
20160219 09:48,94,18,100,19,93,29,89,82,93,60,10251,118,73,73,80,85
20160219 09:49,98,21,100,19,102,26,90,82,94,61,10251,119,73,73,80,85
20160219 09:50,97,23,98,20,92,34,91,82,95,62,10250,122,74,73,79,85
20160219 09:51,91,24,96,21,90,31,91,82,95,62,10249,125,74,73,79,85
20160219 09:52,97,26,98,22,105,39,92,81,94,61,10249,129,74,73,79,85
20160219 09:53,108,27,99,22,111,33,93,81,95,62,10249,132,74,73,80,85
20160219 09:54,110,25,100,23,109,33,94,82,97,65,10249,136,75,73,80,85
20160219 09:55,107,23,101,23,106,30,95,82,97,66,10249,139,75,74,80,85
20160219 09:56,110,26,102,24,113,44,96,82,98,67,10248,143,75,74,79,85
20160219 09:57,113,33,103,26,113,45,97,80,96,64,10248,151,76,74,80,85
20160219 09:58,112,31,105,26,111,38,98,80,97,65,10249,164,76,74,80,85
20160219 09:59,111,25,106,27,112,34,100,80,98,67,10249,176,76,74,80,85
20160219 10:00,113,30,108,28,114,44,101,80,99,68,10249,183,77,74,80,85
20160219 10:01,116,39,111,29,117,50,103,79,99,68,10248,182,77,74,80,85
20160219 10:02,115,43,112,31,112,59,103,78,98,66,10248,177,78,74,80,85
20160219 10:03,116,41,113,32,120,49,104,77,97,65,10249,174,78,74,80,85
20160219 10:04,117,38,113,34,115,47,104,76,96,64,10249,172,79,74,80,85
20160219 10:05,118,37,115,35,121,47,105,76,96,65,10250,169,79,74,80,85
20160219 10:06,122,34,116,35,124,42,105,76,96,65,10250,167,80,74,80,85
20160219 10:07,118,34,116,35,112,50,106,75,96,64,10250,164,80,74,80,85
20160219 10:08,116,34,117,36,120,38,106,75,96,64,10249,162,81,74,80,85
20160219 10:09,122,35,118,37,124,55,107,75,96,65,10249,159,82,74,80,84
20160219 10:10,122,42,119,38,120,59,107,73,94,61,10249,157,82,74,80,85
20160219 10:11,117,44,118,38,113,53,107,73,94,61,10249,155,83,74,80,84
20160219 10:12,112,42,118,38,111,56,108,73,94,62,10247,154,83,74,80,84
20160219 10:13,117,48,118,40,122,66,108,73,94,62,10246,153,84,75,80,85
20160219 10:14,115,47,118,40,108,57,109,72,94,61,10246,153,85,75,80,84
20160219 10:15,113,41,117,40,117,58,109,73,95,63,10246,154,85,75,80,84
20160219 10:16,116,43,116,42,115,59,109,73,95,63,10246,153,86,75,80,84
20160219 10:17,117,42,117,42,118,53,110,73,96,64,10246,153,86,75,80,84
20160219 10:18,117,39,116,43,116,53,110,73,96,64,10245,153,87,75,80,84
20160219 10:19,117,36,116,42,118,51,110,73,96,64,10245,154,87,75,80,84
20160219 10:20,119,35,116,41,119,49,110,72,94,62,10246,154,87,75,80,84
20160219 10:21,119,38,116,41,119,57,110,72,94,62,10247,153,88,75,80,84
20160219 10:22,122,38,118,40,124,53,111,72,95,62,10247,152,88,75,80,84
20160219 10:23,128,37,118,39,131,47,111,72,95,62,10247,150,88,75,80,84
20160219 10:24,126,33,120,38,120,38,111,72,95,62,10247,149,89,76,80,84
20160219 10:25,114,30,119,37,108,43,111,72,95,62,10246,148,89,76,80,84
20160219 10:26,113,37,119,36,118,54,111,72,95,62,10246,146,90,76,80,84
20160219 10:27,117,42,119,37,117,48,111,72,95,62,10246,145,90,76,80,84
20160219 10:28,119,39,120,36,122,42,111,72,95,62,10247,144,90,76,80,84
20160219 10:29,120,32,120,36,118,36,111,72,95,62,10247,144,90,76,80,84
20160219 10:30,113,26,119,34,108,52,111,73,96,64,10246,144,91,76,80,84
20160219 10:31,114,38,119,36,119,57,111,73,96,64,10246,143,91,76,80,84
20160219 10:32,123,49,119,37,126,60,111,71,94,60,10246,143,91,77,80,84
20160219 10:33,124,44,118,37,121,56,111,70,92,58,10246,142,92,77,80,84
20160219 10:34,122,39,118,38,123,48,111,71,94,60,10247,140,92,77,80,84
20160219 10:35,124,37,120,38,125,54,111,70,92,58,10246,139,92,77,80,84
20160219 10:36,125,36,120,38,124,49,111,71,94,60,10247,137,92,77,80,84
20160219 10:37,124,33,121,37,124,37,111,71,94,60,10247,136,92,77,80,84
20160219 10:38,128,32,122,36,132,42,111,71,94,60,10247,134,93,77,80,84
20160219 10:39,124,34,122,37,116,48,111,71,94,60,10247,133,93,77,80,84
20160219 10:40,123,40,124,39,131,59,111,70,92,58,10247,132,93,78,80,84
20160219 10:41,126,43,124,38,122,47,111,70,92,58,10247,131,93,78,80,84
20160219 10:42,122,38,124,37,122,47,111,71,94,60,10246,130,93,78,80,84
20160219 10:43,126,43,125,38,131,68,111,71,94,60,10246,131,93,78,80,84
20160219 10:44,122,41,124,37,114,48,111,71,94,60,10246,131,94,78,80,84
20160219 10:45,112,37,123,38,111,56,111,71,94,60,10246,132,94,78,80,84
20160219 10:46,111,39,121,38,111,47,111,71,94,60,10246,131,94,78,80,84
20160219 10:47,114,39,121,39,116,56,111,71,94,60,10246,131,94,78,80,84
20160219 10:48,118,37,119,39,119,45,112,71,94,61,10246,132,94,79,80,84
20160219 10:49,119,33,120,39,120,50,112,71,94,61,10246,132,94,79,80,84
20160219 10:50,117,30,118,37,115,38,112,70,93,59,10247,133,94,79,80,84
20160219 10:51,110,26,116,36,106,38,112,71,94,61,10247,133,94,79,81,84
20160219 10:52,112,28,116,35,119,45,112,70,93,59,10247,133,94,79,81,84
20160219 10:53,117,37,115,34,115,55,112,69,92,57,10248,132,94,79,81,84
20160219 10:54,114,39,115,35,113,50,112,69,92,57,10248,131,94,79,81,84
20160219 10:55,115,34,115,34,117,43,112,69,92,57,10247,130,94,79,81,84
20160219 10:56,117,36,116,34,117,49,112,69,92,57,10247,129,94,80,81,84
20160219 10:57,113,38,115,33,110,56,112,69,92,57,10247,129,94,80,81,84
20160219 10:58,112,40,115,35,113,52,112,69,92,57,10247,129,95,80,81,84
20160219 10:59,109,37,113,34,104,40,112,68,90,55,10247,128,94,80,81,84
20160219 11:00,106,31,112,35,108,42,112,69,92,57,10246,128,95,80,81,84
20160219 11:01,111,40,113,37,114,60,112,69,92,57,10246,127,95,80,81,84
20160219 11:02,114,45,113,38,115,57,112,69,92,57,10246,126,95,80,81,84
20160219 11:03,110,38,112,37,105,44,112,68,90,55,10246,126,95,80,81,84
20160219 11:04,108,35,112,38,112,58,112,68,90,55,10245,125,95,80,81,84
20160219 11:05,111,40,111,39,110,53,112,69,92,57,10245,126,95,81,81,84
20160219 11:06,108,36,110,38,107,38,112,69,92,57,10244,126,95,81,81,84
20160219 11:07,107,31,109,37,107,44,112,69,92,57,10243,127,95,81,81,84
20160219 11:08,109,36,109,37,110,53,112,69,92,57,10243,128,95,81,81,84
20160219 11:09,112,35,110,37,114,44,112,68,90,55,10244,128,95,81,81,84
20160219 11:10,117,32,111,37,120,41,112,69,92,57,10244,129,95,81,81,84
20160219 11:11,119,34,112,36,119,53,112,69,92,57,10244,129,95,81,81,84
20160219 11:12,120,40,112,36,120,56,112,69,92,57,10244,129,95,81,81,84
20160219 11:13,117,42,113,37,114,52,112,68,90,55,10244,129,95,81,81,84
20160219 11:14,116,40,114,37,117,57,112,68,90,55,10243,130,95,82,81,84
20160219 11:15,112,41,114,37,108,56,112,68,90,55,10243,130,95,82,81,84
20160219 11:16,111,39,114,37,115,51,113,69,92,58,10244,131,95,82,81,84
20160219 11:17,116,36,116,38,118,45,113,68,91,56,10244,132,95,82,82,84
20160219 11:18,115,30,116,36,112,39,113,68,91,56,10245,132,95,82,82,84
20160219 11:19,115,24,116,35,119,40,113,69,92,58,10245,131,95,82,82,84
20160219 11:20,120,28,116,35,120,40,113,69,92,58,10245,130,95,82,82,84
20160219 11:21,113,29,115,34,106,35,113,68,91,56,10245,130,95,82,82,84
20160219 11:22,113,29,115,33,119,41,113,69,92,58,10245,130,95,82,82,84
20160219 11:23,113,32,114,32,107,46,113,69,92,58,10245,131,95,82,82,84
20160219 11:24,105,38,113,33,103,52,113,69,92,58,10244,132,96,82,82,84
20160219 11:25,105,43,113,33,107,64,113,68,91,56,10243,134,96,82,82,84
20160219 11:26,115,44,113,34,122,57,113,68,91,56,10242,136,96,83,82,84
20160219 11:27,109,41,111,34,96,46,113,69,92,58,10242,138,96,83,82,84
20160219 11:28,103,39,111,36,109,54,113,69,92,58,10242,140,96,83,82,84
20160219 11:29,109,38,110,37,109,48,113,69,92,58,10242,141,96,83,82,84
20160219 11:30,113,37,109,38,116,48,113,69,92,58,10242,141,96,83,82,84
20160219 11:31,116,43,110,39,116,57,113,69,92,58,10243,140,96,83,82,84
20160219 11:32,115,37,110,39,113,42,113,69,92,58,10243,139,96,83,82,84
20160219 11:33,109,30,110,39,106,45,113,70,94,60,10242,139,96,83,82,85
20160219 11:34,110,37,111,39,115,56,114,70,94,61,10241,138,96,83,82,85
20160219 11:35,114,45,112,40,114,63,114,70,94,61,10241,138,96,83,82,85
20160219 11:36,116,48,111,40,119,58,114,70,94,61,10240,138,96,83,82,84
20160219 11:37,119,42,114,40,118,57,113,70,94,60,10239,139,97,84,82,85
20160219 11:38,116,36,114,39,114,45,114,71,96,63,10239,140,97,84,82,85
20160219 11:39,113,37,114,40,111,54,114,71,96,63,10239,141,97,84,83,85
20160219 11:40,114,41,114,40,116,54,114,71,96,63,10239,142,97,84,83,85
20160219 11:41,119,42,115,40,121,58,114,71,96,63,10239,142,97,84,83,85
20160219 11:42,122,45,116,42,123,70,114,72,97,65,10239,143,97,84,83,85
20160219 11:43,118,51,116,44,113,65,114,72,97,65,10239,144,97,84,83,85
20160219 11:44,116,47,117,44,119,57,114,72,97,65,10239,146,97,84,83,85
20160219 11:45,118,38,117,42,117,54,114,72,97,65,10239,147,98,84,83,85
20160219 11:46,114,28,116,40,112,32,114,72,97,65,10239,148,98,84,83,85
20160219 11:47,112,26,116,39,112,51,115,73,99,68,10239,149,98,84,83,85
20160219 11:48,112,34,116,39,113,48,115,73,99,68,10239,148,98,84,83,85
20160219 11:49,117,35,117,38,121,43,115,73,99,68,10238,147,98,84,83,85
20160219 11:50,113,31,116,37,104,49,115,73,99,68,10238,147,98,84,83,85
20160219 11:51,104,35,114,37,103,56,115,73,99,68,10239,146,98,85,83,85
20160219 11:52,106,40,112,36,108,55,115,73,99,68,10239,145,98,85,83,85
20160219 11:53,115,43,113,36,121,61,115,73,99,68,10239,144,99,85,83,85
20160219 11:54,120,41,113,35,119,49,115,73,99,68,10239,143,99,85,83,85
20160219 11:55,119,35,113,35,119,47,115,74,100,70,10239,141,99,85,83,85
20160219 11:56,117,32,113,36,114,43,115,74,100,70,10239,141,99,85,83,85
20160219 11:57,112,32,113,36,110,55,115,74,100,70,10239,140,99,85,83,85
20160219 11:58,111,37,113,36,112,54,115,74,100,70,10240,138,99,85,83,85
20160219 11:59,111,37,112,37,110,51,114,74,100,69,10240,137,100,85,83,85
20160219 12:00,105,40,112,38,100,55,114,74,100,69,10240,136,100,85,83,85
20160219 12:01,108,40,113,37,116,46,114,74,100,69,10241,135,100,85,84,85
20160219 12:02,110,35,112,37,103,55,114,74,100,69,10241,134,100,85,84,85
20160219 12:03,109,38,112,36,115,55,114,74,100,69,10241,133,100,85,84,85
20160219 12:04,118,40,112,37,121,51,114,74,100,69,10241,133,100,86,84,85
20160219 12:05,113,34,111,36,105,39,114,75,101,71,10241,133,100,86,84,85
20160219 12:06,107,29,110,36,109,44,114,75,101,71,10241,133,100,86,84,85
20160219 12:07,111,36,110,37,113,61,114,75,101,71,10240,133,100,86,84,85
20160219 12:08,116,44,111,38,119,63,114,75,101,71,10240,132,100,86,84,85
20160219 12:09,116,48,112,39,114,69,114,74,100,69,10240,132,100,86,84,85
20160219 12:10,116,48,113,39,118,65,114,74,100,69,10241,131,100,86,84,85
20160219 12:11,115,44,113,40,112,59,114,74,100,69,10240,131,101,86,84,85
20160219 12:12,113,41,114,41,114,58,114,74,100,69,10240,131,101,86,84,85
20160219 12:13,112,37,114,40,110,43,114,75,101,71,10239,130,101,86,84,85
20160219 12:14,107,34,112,39,103,52,114,75,101,71,10239,130,101,86,84,85
20160219 12:15,110,36,113,40,118,58,114,75,101,71,10239,130,101,86,84,85
20160219 12:16,116,35,114,40,115,53,114,75,101,71,10239,130,101,86,84,85
20160219 12:17,116,40,114,41,118,54,114,75,101,71,10240,130,101,87,84,85
20160219 12:18,116,43,114,40,114,56,114,75,101,71,10240,130,101,87,84,85
20160219 12:19,113,43,114,40,113,58,114,75,101,71,10241,129,101,87,84,85
20160219 12:20,115,44,113,39,117,50,114,75,101,71,10241,128,101,87,84,85
20160219 12:21,117,39,114,39,116,51,114,75,101,71,10241,127,101,87,84,85
20160219 12:22,110,30,113,37,104,32,114,75,101,71,10241,127,101,87,85,85
20160219 12:23,107,26,113,37,111,46,113,75,100,70,10241,126,101,87,85,85
20160219 12:24,110,29,113,36,108,38,113,75,100,70,10241,126,101,87,85,85
20160219 12:25,112,29,113,35,117,45,113,75,100,70,10241,126,101,87,85,85
20160219 12:26,115,31,113,35,112,43,113,75,100,70,10241,125,101,87,85,85
20160219 12:27,115,32,113,34,117,43,113,75,100,70,10241,125,101,87,85,85
20160219 12:28,112,30,112,33,108,42,113,75,100,70,10241,125,101,87,85,85
20160219 12:29,101,33,110,32,94,49,113,75,100,70,10240,125,101,87,85,85
20160219 12:30,100,36,109,31,106,48,113,75,100,70,10240,125,101,88,85,85
20160219 12:31,107,31,109,30,108,38,113,75,100,70,10239,125,101,88,85,85
20160219 12:32,105,29,108,31,103,41,113,75,100,70,10239,125,101,88,85,85
20160219 12:33,105,33,108,32,107,48,113,75,100,70,10239,125,101,88,85,85
20160219 12:34,108,34,108,32,110,41,113,75,100,70,10239,125,101,88,85,85
20160219 12:35,111,36,108,33,113,57,113,76,102,72,10239,125,101,88,85,85
20160219 12:36,112,42,108,34,112,58,113,75,100,70,10238,125,101,88,85,85
20160219 12:37,113,40,108,35,114,49,113,75,100,70,10238,124,101,88,85,85
20160219 12:38,111,37,108,36,109,56,113,75,100,70,10238,124,101,88,85,86
20160219 12:39,112,37,110,35,115,55,113,75,100,70,10237,125,101,88,85,86
20160219 12:40,107,32,109,35,99,41,113,75,100,70,10237,125,101,88,85,86
20160219 12:41,103,25,109,34,107,37,113,75,100,70,10237,125,101,88,85,86
20160219 12:42,109,31,110,35,111,51,113,75,100,70,10237,125,101,88,85,86
20160219 12:43,109,38,110,35,106,52,113,75,100,70,10237,124,101,88,85,86
20160219 12:44,101,33,108,35,95,42,113,75,100,70,10236,124,101,88,85,86
20160219 12:45,99,31,107,34,103,40,113,75,100,70,10236,124,101,88,86,86
20160219 12:46,105,33,107,33,108,48,113,75,100,70,10235,124,101,88,86,86
20160219 12:47,104,34,105,33,101,38,113,75,100,70,10235,124,100,89,86,86
20160219 12:48,99,32,104,32,97,35,113,75,100,70,10235,125,100,89,86,86
20160219 12:49,98,26,103,31,99,38,113,75,100,70,10235,125,100,89,86,86
20160219 12:50,97,30,102,32,95,45,113,75,100,70,10235,126,100,89,86,86
20160219 12:51,103,35,102,33,110,53,113,75,100,70,10234,126,100,89,86,86
20160219 12:52,103,28,101,31,96,41,113,75,100,70,10234,125,100,89,86,86
20160219 12:53,95,27,100,31,95,42,113,75,100,70,10234,125,100,89,86,86
20160219 12:54,97,32,100,31,98,44,113,75,100,70,10233,125,100,89,86,86
20160219 12:55,96,32,99,31,93,43,113,75,100,70,10233,125,100,89,86,86
20160219 12:56,96,27,98,30,100,36,113,75,100,70,10233,125,100,89,86,86
20160219 12:57,97,27,98,29,94,39,113,75,100,70,10233,125,100,89,86,86
20160219 12:58,97,30,98,30,100,45,113,75,100,70,10233,125,100,89,86,86
20160219 12:59,104,33,99,31,108,52,113,75,100,70,10233,125,100,89,86,86
20160219 13:00,106,33,100,30,104,39,113,75,100,70,10233,125,100,89,86,86
20160219 13:01,104,30,99,30,105,41,113,75,100,70,10232,125,100,89,86,86
20160219 13:02,102,31,100,31,100,60,113,75,100,70,10232,126,100,89,86,86
20160219 13:03,97,34,99,31,93,56,113,75,100,70,10232,125,100,89,86,86
20160219 13:04,100,36,100,31,106,54,113,75,100,70,10232,125,100,89,86,86
20160219 13:05,101,39,101,33,95,63,113,75,100,70,10231,125,101,89,86,86
20160219 13:06,100,39,101,34,105,48,113,74,99,68,10231,125,101,89,86,86
20160219 13:07,102,38,102,35,99,57,113,75,100,70,10230,125,101,90,86,86
20160219 13:08,102,41,102,36,104,48,113,75,100,70,10230,125,101,90,87,86
20160219 13:09,101,35,101,35,98,39,113,75,100,70,10230,125,101,90,87,86
20160219 13:10,101,27,101,35,103,35,113,75,100,70,10229,125,101,90,87,86
20160219 13:11,101,28,100,35,99,45,113,75,100,70,10229,126,101,90,87,86
20160219 13:12,101,33,101,35,104,50,113,75,100,70,10230,126,101,90,87,86
20160219 13:13,102,32,101,35,99,41,113,75,100,70,10230,126,101,90,87,86
20160219 13:14,92,28,99,34,86,34,113,75,100,70,10230,126,101,90,87,86
20160219 13:15,88,28,99,32,90,47,113,75,100,70,10230,126,101,90,87,86
20160219 13:16,90,30,97,32,90,43,113,75,100,70,10230,126,101,90,87,86
20160219 13:17,89,33,96,31,89,51,113,75,100,70,10230,125,101,90,87,86
20160219 13:18,90,31,95,30,91,38,113,74,99,68,10230,125,101,90,87,86
20160219 13:19,89,27,94,30,87,35,113,74,99,68,10230,126,101,90,87,86
20160219 13:20,89,28,93,30,91,44,113,74,99,68,10229,126,101,90,87,86
20160219 13:21,92,35,92,31,93,55,113,74,99,68,10229,126,101,90,87,86
20160219 13:22,95,39,91,31,97,45,113,74,99,68,10228,126,101,90,87,86
20160219 13:23,93,35,90,31,90,40,113,73,98,66,10228,126,101,90,87,86
20160219 13:24,93,31,91,32,95,44,113,74,99,68,10228,127,101,90,87,86
20160219 13:25,97,30,92,32,98,40,113,74,99,68,10228,128,101,90,87,87
20160219 13:26,99,26,93,31,99,33,113,74,99,68,10227,128,101,90,87,87
20160219 13:27,97,25,94,30,95,38,113,73,98,66,10227,128,101,90,87,87
20160219 13:28,97,31,94,31,99,50,114,74,100,69,10226,129,101,90,87,87
20160219 13:29,94,38,95,33,89,52,114,74,100,69,10226,130,101,90,87,87
20160219 13:30,83,36,93,33,77,47,114,73,98,67,10227,130,101,90,87,87
20160219 13:31,83,28,93,31,89,28,114,73,98,67,10227,129,101,90,87,87
20160219 13:32,90,29,92,31,91,48,114,74,100,69,10227,128,101,91,87,87
20160219 13:33,94,34,93,31,97,43,114,73,98,67,10227,128,101,91,87,87
20160219 13:34,97,33,93,31,97,46,114,73,98,67,10226,127,101,91,88,87
20160219 13:35,89,30,92,31,82,35,113,73,98,66,10226,127,101,91,88,87
20160219 13:36,82,30,90,32,83,47,113,73,98,66,10226,127,101,91,88,87
20160219 13:37,90,31,90,32,97,35,113,73,98,66,10227,127,101,91,88,87
20160219 13:38,97,27,90,31,98,42,113,73,98,66,10227,127,101,91,88,87
20160219 13:39,92,24,90,29,86,39,113,74,99,68,10227,127,101,91,88,87
20160219 13:40,90,21,92,28,95,35,113,74,99,68,10227,126,101,91,88,87
20160219 13:41,91,23,91,28,86,32,113,74,99,68,10227,126,101,91,88,87
20160219 13:42,86,25,91,27,85,39,113,74,99,68,10226,126,101,91,88,87
20160219 13:43,83,27,89,27,81,39,113,74,99,68,10226,126,101,91,88,87
20160219 13:44,82,29,88,26,84,38,113,74,99,68,10225,127,101,91,88,87
20160219 13:45,88,28,89,27,93,33,113,74,99,68,10225,127,101,91,88,87
20160219 13:46,91,30,89,26,89,43,113,74,99,68,10225,127,101,91,88,87
20160219 13:47,88,34,88,27,87,44,113,74,99,68,10225,128,101,91,88,87
20160219 13:48,90,34,88,28,92,43,113,74,99,68,10224,128,101,91,88,87
20160219 13:49,91,31,88,29,90,50,113,74,99,68,10224,128,101,91,88,87
20160219 13:50,84,31,87,30,78,47,113,74,99,68,10224,128,101,91,88,87
20160219 13:51,80,37,86,32,81,55,113,74,99,68,10224,128,101,91,88,87
20160219 13:52,81,42,85,33,80,53,113,74,99,68,10224,128,101,91,88,87
20160219 13:53,78,44,85,35,77,59,113,74,99,68,10224,128,102,91,88,87
20160219 13:54,85,40,86,35,94,48,113,74,99,68,10224,128,102,91,88,87
20160219 13:55,88,38,85,37,83,53,113,74,99,68,10224,127,102,91,88,87
20160219 13:56,84,39,85,37,85,48,113,74,99,68,10224,127,102,91,88,87
20160219 13:57,85,38,84,37,85,45,113,74,99,68,10224,127,102,91,88,87
20160219 13:58,89,37,85,38,94,47,113,74,99,68,10224,126,102,91,88,87
20160219 13:59,90,33,84,38,87,37,113,74,99,68,10224,126,102,92,88,87
20160219 14:00,89,29,86,37,91,37,113,75,100,70,10224,126,102,92,88,87
20160219 14:01,86,29,86,36,81,40,113,75,100,70,10225,125,102,92,88,87
20160219 14:02,81,28,86,35,81,31,113,75,100,70,10225,124,102,92,89,87
20160219 14:03,79,26,86,33,76,33,113,75,100,70,10225,124,102,92,88,87
20160219 14:04,78,27,84,32,80,36,113,75,100,70,10225,123,102,92,89,87
20160219 14:05,80,25,84,30,81,29,113,75,100,70,10225,123,102,92,89,87
20160219 14:06,84,21,84,28,86,32,113,75,100,70,10225,123,102,92,89,87
20160219 14:07,82,26,83,28,78,38,113,75,100,70,10225,122,102,92,89,87
20160219 14:08,82,32,83,27,85,45,113,75,100,70,10226,122,102,92,89,87
20160219 14:09,78,32,81,27,70,39,113,75,100,70,10226,121,102,92,89,87
20160219 14:10,68,28,78,27,66,40,113,75,100,70,10226,121,102,92,89,87
20160219 14:11,63,26,76,27,60,34,113,75,100,70,10226,120,102,92,89,87
20160219 14:12,64,25,75,27,69,34,113,75,100,70,10226,120,102,92,89,88
20160219 14:13,64,29,73,27,59,46,113,75,100,70,10226,119,102,92,89,88
20160219 14:14,64,32,72,28,69,43,112,75,100,69,10225,118,102,92,89,88
20160219 14:15,62,32,70,29,55,39,112,75,100,69,10225,118,102,92,89,88
20160219 14:16,51,33,66,30,48,49,112,76,101,71,10225,117,102,92,89,88
20160219 14:17,52,36,64,31,56,53,111,76,100,70,10225,117,102,92,89,88
20160219 14:18,53,34,60,31,51,47,110,77,101,71,10225,116,102,92,89,88
20160219 14:19,49,31,58,31,47,48,109,77,100,70,10225,115,102,92,89,88
20160219 14:20,50,28,57,31,53,40,109,78,102,72,10224,114,102,92,89,88
20160219 14:21,57,20,57,30,61,21,108,78,101,71,10224,114,102,92,89,88
20160219 14:22,65,21,57,30,69,43,108,79,102,73,10224,114,102,92,89,88
20160219 14:23,63,26,57,29,58,30,107,79,102,72,10223,114,102,92,89,88
20160219 14:24,60,26,56,29,62,36,106,80,102,73,10222,113,102,92,89,88
20160219 14:25,60,30,56,29,58,41,106,80,102,73,10222,113,102,92,89,88
20160219 14:26,64,32,58,28,69,41,105,80,102,72,10222,112,102,92,89,88
20160219 14:27,74,31,61,28,78,46,105,80,102,72,10221,112,102,92,89,88
20160219 14:28,75,34,63,28,72,48,104,81,102,73,10220,112,101,93,89,88
20160219 14:29,69,39,65,29,67,54,104,81,102,73,10219,111,101,92,89,88
20160219 14:30,74,34,68,29,82,35,103,81,101,72,10218,111,101,93,89,88
20160219 14:31,81,29,70,31,81,51,103,82,103,74,10218,112,101,93,89,88
20160219 14:32,80,35,71,32,78,48,103,82,103,74,10217,111,101,93,89,88
20160219 14:33,84,36,74,33,91,50,102,82,102,73,10216,111,101,93,89,88
20160219 14:34,94,38,77,34,98,52,102,82,102,73,10215,111,101,93,89,88
20160219 14:35,98,41,81,35,99,55,102,82,102,73,10214,111,101,93,89,88
20160219 14:36,100,45,85,37,101,61,101,83,103,73,10214,111,101,93,90,88
20160219 14:37,103,49,87,39,105,60,101,83,103,73,10213,110,101,93,90,88
20160219 14:38,104,45,90,39,102,55,101,83,103,73,10212,110,101,93,90,88
20160219 14:39,104,36,94,38,107,46,101,83,103,73,10211,110,101,93,90,88
20160219 14:40,110,38,97,40,112,61,100,84,103,74,10210,110,101,93,90,88
20160219 14:41,108,43,100,41,104,52,100,84,103,74,10210,110,101,93,90,88
20160219 14:42,99,33,101,40,94,38,100,84,103,74,10210,110,101,93,90,88
20160219 14:43,92,30,101,40,91,47,100,84,103,74,10211,109,101,93,90,88
20160219 14:44,84,30,99,38,77,34,100,84,103,74,10212,109,100,93,90,88
20160219 14:45,74,28,96,37,71,40,100,84,103,74,10213,109,100,93,90,88
20160219 14:46,71,31,93,36,70,50,100,84,103,74,10214,109,100,93,90,88
20160219 14:47,62,29,88,33,53,35,100,84,103,74,10216,109,100,93,90,88
20160219 14:48,53,27,83,32,53,36,100,84,103,74,10217,109,100,93,90,88
20160219 14:49,42,31,76,32,32,39,100,84,103,74,10218,108,100,93,90,88
20160219 14:50,34,29,68,30,37,35,100,84,103,74,10219,108,100,93,90,88
20160219 14:51,33,25,61,28,30,38,100,84,103,74,10220,107,100,93,90,88
20160219 14:52,30,27,54,29,30,38,100,84,103,74,10220,107,100,93,90,88
20160219 14:53,57,24,54,27,85,26,100,84,103,74,10219,107,100,93,90,88
20160219 14:54,88,25,55,28,90,46,100,85,104,76,10217,107,100,93,90,88
20160219 14:55,88,31,56,28,86,40,100,85,104,76,10217,107,100,93,90,88
20160219 14:56,81,29,57,28,75,37,99,85,104,75,10217,107,100,93,90,88
20160219 14:57,73,22,59,27,71,24,99,85,104,75,10217,107,100,93,90,88
20160219 14:58,63,19,59,26,56,32,99,85,104,75,10218,107,100,93,90,89
20160219 14:59,56,23,62,25,55,31,99,85,104,75,10218,106,100,93,90,89
20160219 15:00,60,24,64,25,64,33,99,85,104,75,10218,106,100,93,90,89
20160219 15:01,65,25,68,25,67,34,99,85,104,75,10217,106,100,93,90,89
20160219 15:02,70,29,72,25,74,44,99,85,104,75,10217,106,99,93,90,89
20160219 15:03,70,30,70,26,66,40,99,85,104,75,10217,106,99,93,90,89
20160219 15:04,57,23,66,25,49,26,99,85,104,75,10219,107,99,93,90,89
20160219 15:05,41,21,61,24,34,26,99,85,104,75,10220,106,99,93,90,89
20160219 15:06,34,23,57,24,35,34,99,86,105,77,10220,106,99,93,90,89
20160219 15:07,42,20,55,24,49,22,99,86,105,77,10220,106,99,93,90,89
20160219 15:08,59,18,56,23,69,28,99,86,105,77,10219,106,99,93,90,89
20160219 15:09,70,28,58,25,71,44,99,86,105,77,10218,105,99,93,90,89
20160219 15:10,70,32,58,25,69,37,99,86,105,77,10218,105,99,93,90,89
20160219 15:11,69,31,59,26,69,38,99,86,105,77,10218,105,99,93,90,89
20160219 15:12,66,31,57,25,63,37,99,86,105,77,10219,104,99,93,90,89
20160219 15:13,63,25,57,25,63,26,99,86,105,77,10219,104,99,93,91,89
20160219 15:14,70,21,60,25,77,29,99,86,105,77,10218,104,99,93,91,89
20160219 15:15,83,24,65,26,89,36,99,86,105,77,10217,104,99,93,90,89
20160219 15:16,93,29,72,26,98,37,99,86,105,77,10216,104,99,93,91,89
20160219 15:17,100,29,77,27,101,39,99,86,105,77,10215,104,99,93,91,89
20160219 15:18,96,29,79,28,91,41,99,86,105,77,10215,104,99,93,91,89
20160219 15:19,88,34,81,29,86,49,99,86,105,77,10216,104,98,93,91,89
20160219 15:20,85,35,82,29,85,39,99,86,105,77,10216,103,98,93,91,89
20160219 15:21,85,31,84,29,86,40,99,86,105,77,10216,103,98,93,91,89
20160219 15:22,88,26,87,28,90,26,99,86,105,77,10216,103,98,93,91,89
20160219 15:23,82,23,88,28,74,37,99,86,105,77,10217,103,98,93,91,89
20160219 15:24,73,24,87,29,73,31,99,86,105,77,10217,103,98,93,91,89
20160219 15:25,67,24,85,28,61,40,99,86,105,77,10217,103,98,93,91,89
20160219 15:26,65,23,82,27,68,34,98,86,104,76,10218,102,98,93,91,89
20160219 15:27,69,20,78,26,70,30,98,86,104,76,10218,102,98,93,91,89
20160219 15:28,71,21,77,26,73,30,98,87,105,77,10218,102,98,93,91,89
20160219 15:29,71,24,75,24,70,32,98,87,105,77,10218,102,98,93,91,89
20160219 15:30,62,22,72,23,53,27,98,87,105,77,10218,102,98,93,91,89
20160219 15:31,56,22,69,23,59,30,98,87,105,77,10218,102,98,93,91,89
20160219 15:32,59,25,66,23,59,31,98,87,105,77,10218,102,98,93,91,89
20160219 15:33,59,25,65,23,60,37,98,87,105,77,10218,102,98,93,91,89
20160219 15:34,64,27,64,24,67,39,98,87,105,77,10218,102,98,93,91,89
20160219 15:35,71,28,66,24,76,33,98,87,105,77,10218,102,98,93,91,89
20160219 15:36,75,30,66,25,75,40,98,87,105,77,10218,101,98,93,91,89
20160219 15:37,79,34,68,27,84,48,98,87,105,77,10218,101,98,93,91,89
20160219 15:38,80,39,68,29,75,49,98,87,105,77,10218,101,98,93,91,89
20160219 15:39,76,36,68,29,76,46,98,87,105,77,10218,101,97,93,91,89
20160219 15:40,77,31,71,30,78,46,98,87,105,77,10218,101,97,93,91,89
20160219 15:41,72,28,72,30,67,31,98,87,105,77,10218,101,97,93,91,89
20160219 15:42,70,26,73,31,73,36,98,87,105,77,10218,101,97,93,91,89
20160219 15:43,76,26,75,31,79,29,98,88,107,79,10219,101,97,93,91,89
20160219 15:44,75,26,75,31,70,45,98,88,107,79,10219,101,97,93,91,89
20160219 15:45,73,31,75,31,75,44,98,88,107,79,10219,101,97,93,91,89
20160219 15:46,74,29,75,30,72,31,98,88,107,79,10220,101,97,93,91,89
20160219 15:47,78,24,75,29,83,31,98,88,107,79,10220,101,97,93,91,89
20160219 15:48,78,22,75,27,73,31,98,88,107,79,10220,101,97,93,91,89
20160219 15:49,72,23,74,27,71,32,98,88,107,79,10220,101,97,93,91,89
20160219 15:50,71,23,73,25,70,26,98,88,107,79,10221,101,97,93,91,89
20160219 15:51,66,25,73,26,62,40,98,88,107,79,10221,101,97,93,91,89
20160219 15:52,64,28,72,26,65,42,98,88,107,79,10222,101,97,93,91,89
20160219 15:53,66,26,71,26,66,34,98,88,107,79,10222,101,97,93,91,89
20160219 15:54,66,25,70,26,66,41,98,88,107,79,10222,101,97,93,91,89
20160219 15:55,68,26,70,25,70,40,98,88,107,79,10221,101,97,93,91,89
20160219 15:56,70,26,70,25,70,35,98,88,107,79,10221,101,97,93,91,89
20160219 15:57,68,29,68,26,66,39,98,88,107,79,10221,101,97,93,91,90
20160219 15:58,65,33,67,27,65,48,98,88,107,79,10221,101,96,93,91,90
20160219 15:59,66,34,67,28,66,53,98,88,107,79,10221,100,96,93,91,90
20160219 16:00,65,30,66,28,63,33,98,88,107,79,10221,100,96,93,91,90
20160219 16:01,61,29,66,29,60,40,98,88,107,79,10221,100,96,93,91,90
20160219 16:02,50,27,63,28,41,30,98,88,107,79,10222,100,96,93,91,90
20160219 16:03,46,23,62,28,52,39,98,88,107,79,10222,100,96,93,91,90
20160219 16:04,54,25,61,28,56,39,98,88,107,79,10223,100,96,93,91,90
20160219 16:05,52,23,59,28,48,30,98,88,107,79,10223,100,96,93,91,90
20160219 16:06,53,19,58,27,59,27,98,88,107,79,10223,100,96,93,91,90
20160219 16:07,60,24,57,27,61,42,98,88,107,79,10222,100,96,93,91,90
20160219 16:08,59,31,56,26,57,40,98,88,107,79,10222,100,96,93,91,90
20160219 16:09,60,25,56,25,62,29,98,88,107,79,10222,100,96,93,91,90
20160219 16:10,57,23,55,25,51,37,98,88,107,79,10222,99,96,93,91,90
20160219 16:11,55,27,55,24,59,33,98,88,107,79,10222,99,96,93,91,90
20160219 16:12,58,27,56,25,57,37,98,88,107,79,10222,99,96,93,91,90
20160219 16:13,58,30,57,26,58,44,98,88,107,79,10222,99,96,93,91,90
20160219 16:14,62,32,58,26,65,38,98,88,107,79,10222,99,96,93,92,90
20160219 16:15,65,27,59,27,65,40,98,88,107,79,10222,99,96,93,91,90
20160219 16:16,65,23,60,27,64,28,98,88,107,79,10223,99,96,93,92,90
20160219 16:17,57,20,59,26,51,26,98,88,107,79,10223,99,96,93,92,90
20160219 16:18,45,17,57,24,40,21,98,88,107,79,10223,99,96,93,92,90
20160219 16:19,50,17,57,24,60,29,98,88,107,79,10224,99,96,93,92,90
20160219 16:20,56,23,57,24,52,40,98,88,107,79,10224,98,96,93,92,90
20160219 16:21,55,26,57,24,58,31,98,88,107,79,10224,98,96,93,92,90
20160219 16:22,66,23,59,24,73,33,98,88,107,79,10224,98,96,93,92,90
20160219 16:23,66,24,59,23,59,41,98,88,107,79,10224,98,96,93,92,90
20160219 16:24,58,28,58,23,57,35,98,88,107,79,10224,98,96,93,92,90
20160219 16:25,62,29,58,23,67,41,98,88,107,79,10224,97,96,93,92,90
20160219 16:26,68,30,59,24,69,40,98,88,107,79,10224,97,95,93,92,90
20160219 16:27,66,31,60,26,63,42,98,88,107,79,10224,97,95,93,92,90
20160219 16:28,69,33,63,27,76,40,97,88,106,78,10224,97,95,93,92,90
20160219 16:29,79,36,66,29,82,43,97,88,106,78,10223,97,95,93,92,90
20160219 16:30,79,34,68,30,75,45,97,88,106,78,10223,97,95,93,92,90
20160219 16:31,77,29,70,30,78,37,97,88,106,78,10223,97,95,93,92,90
20160219 16:32,77,26,70,30,77,33,97,88,106,78,10223,96,95,93,92,90
20160219 16:33,77,30,72,31,77,44,97,88,106,78,10223,96,95,93,92,90
20160219 16:34,71,26,73,30,66,29,97,88,106,78,10224,96,95,93,92,90
20160219 16:35,67,15,73,28,67,19,97,88,106,78,10224,96,95,93,92,90
20160219 16:36,71,18,74,27,75,31,97,88,106,78,10224,96,95,93,92,90
20160219 16:37,72,22,74,27,68,30,97,88,106,78,10224,96,95,93,92,90
20160219 16:38,69,22,73,25,69,33,97,88,106,78,10224,96,95,93,92,90
20160219 16:39,72,22,73,24,74,25,97,89,107,80,10224,95,95,93,92,90
20160219 16:40,72,19,72,22,69,25,97,89,107,80,10224,95,95,93,92,90
20160219 16:41,65,19,70,22,61,29,97,89,107,80,10224,95,95,93,92,90
20160219 16:42,61,22,69,21,62,27,97,89,107,80,10224,95,95,93,92,90
20160219 16:43,68,21,69,20,75,28,97,89,107,80,10224,95,95,93,92,90
20160219 16:44,72,20,69,20,69,29,97,89,107,80,10224,95,95,93,92,90
20160219 16:45,70,22,69,21,71,27,97,89,107,80,10224,95,95,93,92,90
20160219 16:46,67,23,68,21,62,28,97,89,107,80,10224,94,95,93,92,90
20160219 16:47,64,21,68,21,65,27,97,89,107,80,10224,94,95,93,92,90
20160219 16:48,65,20,67,21,65,27,96,89,106,79,10224,94,95,93,92,90
20160219 16:49,68,21,67,21,71,32,96,89,106,79,10224,94,95,93,92,90
20160219 16:50,73,22,68,22,75,26,96,89,106,79,10224,94,94,93,92,90
20160219 16:51,68,22,68,22,61,29,96,89,106,79,10225,94,94,93,92,90
20160219 16:52,64,20,68,21,67,29,96,89,106,79,10225,94,94,93,92,90
20160219 16:53,69,20,68,21,71,31,96,89,106,79,10226,94,94,93,92,90
20160219 16:54,72,22,68,22,72,32,96,89,106,79,10226,93,94,93,92,90
20160219 16:55,72,24,68,22,72,36,96,89,106,79,10226,93,94,93,92,90
20160219 16:56,74,26,70,22,76,37,96,89,106,79,10226,93,94,93,92,90
20160219 16:57,77,26,71,23,78,43,96,89,106,79,10226,93,94,93,92,90
20160219 16:58,73,26,71,23,68,39,96,89,106,79,10226,93,94,93,92,90
20160219 16:59,73,26,72,24,78,31,96,89,106,79,10226,93,94,93,92,90
20160219 17:00,74,23,71,24,71,31,96,89,106,79,10226,93,94,93,92,90
20160219 17:01,73,19,73,23,74,23,96,89,106,79,10227,93,94,93,92,90
20160219 17:02,74,17,73,23,74,36,96,89,106,79,10227,92,94,93,92,90
20160219 17:03,72,18,73,23,70,27,96,89,106,79,10227,92,94,93,92,90
20160219 17:04,63,21,72,23,56,32,96,89,106,79,10228,92,94,93,92,90
20160219 17:05,67,23,72,22,77,27,96,89,106,79,10228,92,94,93,92,90
20160219 17:06,74,22,72,22,70,33,96,89,106,79,10228,92,94,93,92,90
20160219 17:07,65,22,70,21,61,30,96,89,106,79,10229,92,94,93,92,90
20160219 17:08,63,22,70,21,66,29,96,89,106,79,10230,92,94,93,92,90
20160219 17:09,68,23,69,21,71,29,96,89,106,79,10230,92,94,93,92,90
20160219 17:10,69,21,69,21,67,28,96,89,106,79,10230,92,93,93,92,91
20160219 17:11,68,20,68,21,69,28,96,89,106,79,10231,92,93,93,92,91
20160219 17:12,73,17,68,21,77,21,96,89,106,79,10231,91,93,93,92,91
20160219 17:13,75,17,69,21,72,25,96,89,106,79,10231,91,93,93,92,91
20160219 17:14,75,19,71,20,78,21,96,89,106,79,10231,91,93,93,92,91
20160219 17:15,75,17,70,20,72,20,95,89,106,78,10231,91,93,93,92,91
20160219 17:16,74,19,71,20,76,30,95,89,106,78,10231,91,93,93,92,91
20160219 17:17,69,21,71,20,61,30,95,89,106,78,10231,91,93,93,92,91
20160219 17:18,68,17,72,19,74,19,95,89,106,78,10231,91,93,93,92,91
20160219 17:19,72,15,72,18,70,23,95,89,106,78,10231,91,93,93,92,91
20160219 17:20,70,18,72,18,70,22,95,89,106,78,10231,91,93,93,92,91
20160219 17:21,73,17,73,18,75,19,95,89,106,78,10231,90,93,93,92,91
20160219 17:22,71,17,72,18,67,28,95,89,106,78,10231,90,93,93,92,91
20160219 17:23,73,19,72,18,80,28,95,89,106,78,10231,90,93,93,92,91
20160219 17:24,71,18,71,18,62,25,95,89,106,78,10231,90,93,93,92,91
20160219 17:25,63,18,70,18,64,22,95,89,106,78,10230,90,93,93,92,91
20160219 17:26,71,20,70,18,77,31,95,89,106,78,10230,90,93,93,92,91
20160219 17:27,73,22,71,18,68,35,95,89,106,78,10231,90,93,93,92,91
20160219 17:28,64,23,69,19,60,34,95,89,106,78,10231,89,93,93,92,91
20160219 17:29,61,22,68,20,61,26,95,89,106,78,10231,89,93,93,92,91
20160219 17:30,61,19,67,20,60,27,95,89,106,78,10231,89,92,93,92,91
20160219 17:31,62,19,66,20,63,24,95,89,106,78,10231,89,92,93,92,91
20160219 17:32,69,19,67,20,74,25,95,89,106,78,10231,89,92,92,92,91
20160219 17:33,73,21,66,20,73,26,95,89,106,78,10230,89,92,93,92,91
20160219 17:34,73,23,67,21,73,33,95,89,106,78,10230,89,92,93,92,91
20160219 17:35,74,24,68,21,75,30,94,89,105,77,10230,89,92,92,92,91
20160219 17:36,75,22,68,21,75,28,94,89,105,77,10230,89,92,92,92,91
20160219 17:37,75,20,69,21,75,26,94,89,105,77,10231,88,92,92,92,91
20160219 17:38,74,19,70,21,73,24,94,89,105,77,10231,88,92,92,92,91
20160219 17:39,75,21,72,21,77,28,94,89,105,77,10231,88,92,92,92,91
20160219 17:40,75,20,73,21,73,24,94,89,105,77,10231,88,92,92,92,91
20160219 17:41,75,17,74,21,77,22,94,90,106,78,10230,88,92,92,92,91
20160219 17:42,79,17,75,20,80,24,94,90,106,78,10230,88,92,92,92,91
20160219 17:43,77,20,75,20,74,28,94,90,106,78,10231,88,92,92,92,91
20160219 17:44,72,23,75,20,71,33,94,90,106,78,10231,88,92,92,92,91
20160219 17:45,70,22,74,20,70,28,94,90,106,78,10231,88,92,92,92,91
20160219 17:46,67,19,73,19,64,24,94,90,106,78,10231,88,92,92,92,91
20160219 17:47,67,20,73,20,70,28,94,90,106,78,10231,87,92,92,92,91
20160219 17:48,72,23,73,20,74,31,93,90,105,77,10231,87,92,92,92,91
20160219 17:49,72,24,72,21,70,35,93,90,105,77,10231,87,92,92,92,91
20160219 17:50,72,26,73,22,75,34,93,90,105,77,10231,88,92,92,92,91
20160219 17:51,69,24,71,22,62,28,93,90,105,77,10232,87,92,92,92,91
20160219 17:52,64,21,70,22,65,29,93,90,105,77,10232,87,91,92,92,91
20160219 17:53,66,20,69,22,68,28,93,90,105,77,10232,87,91,92,92,91
20160219 17:54,68,20,68,22,67,33,93,90,105,77,10232,87,91,92,92,91
20160219 17:55,69,23,68,22,70,37,93,90,105,77,10231,87,91,92,92,91
20160219 17:56,76,21,70,23,82,23,93,90,105,77,10231,87,91,92,92,91
20160219 17:57,79,20,71,22,75,29,93,90,105,77,10231,87,91,92,92,91
20160219 17:58,76,23,71,22,77,34,93,90,105,77,10231,87,91,92,92,91
20160219 17:59,76,26,72,23,76,37,93,90,105,77,10231,87,91,92,92,91
20160219 18:00,73,27,71,23,69,35,93,90,105,77,10231,87,91,92,92,91
20160219 18:01,67,23,71,22,65,25,93,90,105,77,10231,87,91,92,92,91
20160219 18:02,62,22,71,23,59,35,93,90,105,77,10231,87,91,92,92,91
20160219 18:03,62,21,70,23,64,28,93,90,105,77,10231,87,91,92,92,91
20160219 18:04,65,19,70,22,65,27,93,90,105,77,10231,87,91,92,92,91
20160219 18:05,67,23,70,23,70,37,93,90,105,77,10231,86,91,92,92,91
20160219 18:06,67,26,68,23,64,39,93,90,105,77,10231,86,91,92,92,91
20160219 18:07,68,26,68,24,73,35,93,90,105,77,10231,86,91,92,92,91
20160219 18:08,69,28,67,24,65,41,93,90,105,77,10231,86,91,92,92,91
20160219 18:09,65,28,66,24,66,34,93,90,105,77,10231,86,91,92,92,91
20160219 18:10,68,26,66,24,69,37,93,90,105,77,10231,86,91,92,92,91
20160219 18:11,69,27,66,25,69,33,93,90,105,77,10231,86,91,92,92,91
20160219 18:12,69,25,67,25,69,30,93,90,105,77,10231,85,91,92,92,91
20160219 18:13,70,25,68,26,71,36,93,90,105,77,10231,85,90,92,92,91
20160219 18:14,71,27,69,26,72,33,92,90,105,76,10231,85,90,92,92,91
20160219 18:15,78,24,70,26,85,29,92,90,105,76,10231,85,90,92,92,91
20160219 18:16,78,23,71,26,72,34,92,90,105,76,10231,85,90,92,92,91
20160219 18:17,73,27,71,26,75,38,92,90,105,76,10231,85,90,92,92,91
20160219 18:18,76,31,72,26,77,42,92,90,105,76,10231,85,90,92,92,91
20160219 18:19,80,32,74,27,82,43,92,90,105,76,10231,85,90,92,92,91
20160219 18:20,84,34,76,28,85,45,92,90,105,76,10231,85,90,92,92,91
20160219 18:21,83,30,77,28,80,33,92,90,105,76,10231,85,90,92,92,91
20160219 18:22,80,26,78,28,81,34,92,90,105,76,10231,84,90,92,92,91
20160219 18:23,78,27,79,28,76,38,92,90,105,76,10231,84,90,92,92,91
20160219 18:24,77,28,79,28,78,37,92,90,105,76,10231,84,90,92,92,91
20160219 18:25,81,29,79,29,84,42,91,90,104,75,10231,84,90,92,92,91
20160219 18:26,84,26,80,29,85,29,91,90,104,75,10231,84,90,92,92,91
20160219 18:27,89,28,82,29,92,41,91,90,104,75,10230,84,90,92,92,91
20160219 18:28,96,33,84,29,99,39,91,90,104,75,10229,84,90,92,92,91
20160219 18:29,100,30,86,29,101,37,91,90,104,75,10229,84,90,92,92,91
20160219 18:30,100,31,88,29,100,48,91,90,104,75,10228,84,90,92,92,91
20160219 18:31,98,31,89,29,97,35,91,90,104,75,10228,84,90,92,92,91
20160219 18:32,98,27,91,29,100,36,91,90,104,75,10228,84,90,92,92,91
20160219 18:33,101,27,94,29,102,35,91,90,104,75,10228,84,90,92,92,91
20160219 18:34,103,25,96,28,103,30,91,90,104,75,10228,84,90,92,92,91
20160219 18:35,101,25,98,28,100,36,91,90,104,75,10229,84,90,91,92,91
20160219 18:36,103,28,100,29,106,32,91,90,104,75,10229,84,89,91,92,91
20160219 18:37,108,24,102,28,109,28,90,90,103,74,10229,84,89,91,92,91
20160219 18:38,106,28,102,28,103,42,90,91,104,76,10229,84,89,91,92,91
20160219 18:39,105,32,103,28,107,37,90,91,104,76,10228,84,89,91,92,91
20160219 18:40,109,28,104,27,112,37,90,91,104,76,10227,84,89,91,92,91
20160219 18:41,113,28,106,27,115,40,90,91,104,76,10227,84,89,91,92,91
20160219 18:42,115,34,107,29,115,51,90,91,104,76,10226,83,89,91,92,91
20160219 18:43,111,39,108,30,108,49,90,91,104,76,10226,84,89,91,92,91
20160219 18:44,101,35,107,31,94,41,90,91,104,76,10227,83,89,91,92,91
20160219 18:45,92,34,106,31,91,49,90,91,104,76,10227,83,89,91,92,91
20160219 18:46,96,35,106,32,101,44,90,90,103,74,10228,83,89,91,92,91
20160219 18:47,99,32,104,33,98,40,90,90,103,74,10228,83,89,91,92,91
20160219 18:48,96,32,104,33,95,53,90,90,103,74,10228,83,89,91,92,91
20160219 18:49,95,40,102,35,95,55,90,89,102,73,10228,83,89,91,92,91
20160219 18:50,95,35,101,35,94,40,90,89,102,73,10228,83,89,91,92,91
20160219 18:51,97,26,99,34,100,40,90,89,102,73,10228,82,89,91,92,91
20160219 18:52,99,27,97,33,98,38,90,89,102,73,10229,82,89,91,92,91
20160219 18:53,101,26,97,32,104,32,90,88,101,71,10229,82,89,91,92,91
20160219 18:54,103,25,98,31,102,41,89,88,100,70,10229,82,89,91,92,91
20160219 18:55,99,30,98,31,96,45,89,88,100,70,10230,82,89,91,92,91
20160219 18:56,95,29,98,30,94,34,89,88,100,70,10230,82,89,91,92,91
20160219 18:57,99,26,98,30,104,38,89,88,100,70,10230,82,89,91,92,91
20160219 18:58,101,24,98,28,98,28,89,88,100,70,10230,82,89,91,92,91
20160219 18:59,98,21,99,26,98,33,89,88,100,70,10231,82,89,91,92,91
20160219 19:00,91,22,98,25,84,31,89,88,100,70,10231,82,89,91,92,91
20160219 19:01,87,23,97,25,89,35,89,88,100,70,10231,81,89,91,92,91
20160219 19:02,87,25,95,25,85,35,89,87,99,69,10231,81,89,91,92,91
20160219 19:03,85,30,94,26,85,45,89,87,99,69,10231,81,89,91,92,91
20160219 19:04,85,30,92,26,86,37,89,87,99,69,10231,81,88,91,92,91
20160219 19:05,85,30,91,26,84,45,89,87,99,69,10231,81,88,91,92,91
20160219 19:06,88,33,91,27,93,42,89,87,99,69,10231,81,88,91,92,91
20160219 19:07,87,27,88,27,81,36,89,87,99,69,10231,80,88,91,92,91
20160219 19:08,84,25,87,27,86,37,89,87,99,69,10231,80,88,91,92,91
20160219 19:09,87,21,86,26,87,23,89,87,99,69,10232,80,88,91,92,91
20160219 19:10,88,23,86,27,89,41,89,87,99,69,10232,80,88,91,92,91
20160219 19:11,87,26,86,27,86,35,89,87,99,69,10232,80,88,91,92,91
20160219 19:12,84,22,86,27,83,31,89,87,99,69,10232,80,88,91,92,91
20160219 19:13,87,18,87,25,92,21,89,87,99,69,10232,80,88,91,92,91
20160219 19:14,89,16,87,24,87,24,88,87,98,68,10232,80,88,91,92,91
20160219 19:15,88,17,87,22,89,25,88,87,98,68,10233,80,88,91,92,91
20160219 19:16,89,15,87,20,89,32,88,87,98,68,10233,80,88,91,92,91
20160219 19:17,92,20,88,20,95,39,88,87,98,68,10233,80,88,91,92,91
20160219 19:18,96,23,89,20,97,28,88,88,100,69,10234,80,88,91,92,91
20160219 19:19,95,20,90,20,92,24,88,88,100,69,10234,80,88,91,92,91
20160219 19:20,94,18,91,19,97,26,88,88,100,69,10235,80,88,91,92,91
20160219 19:21,88,15,90,18,80,18,88,88,100,69,10235,80,88,91,92,91
20160219 19:22,83,14,90,17,86,19,88,88,100,69,10236,80,88,91,92,91
20160219 19:23,83,13,89,17,80,16,88,88,100,69,10236,80,87,91,92,91
20160219 19:24,82,14,89,17,83,26,88,88,100,69,10236,80,87,91,92,91
20160219 19:25,76,17,87,17,70,21,88,88,100,69,10236,80,87,91,92,91
20160219 19:26,73,15,86,17,76,18,88,88,100,69,10236,80,87,91,92,91
20160219 19:27,76,13,84,16,76,16,88,87,98,68,10236,80,87,90,92,91
20160219 19:28,79,11,82,15,82,14,88,88,100,69,10237,80,87,91,92,91
20160219 19:29,78,10,80,14,74,17,88,88,100,69,10237,79,87,91,92,91
20160219 19:30,73,10,78,13,72,15,88,88,100,69,10237,79,87,90,92,91
20160219 19:31,72,11,77,13,73,17,88,88,100,69,10238,79,87,90,92,91
20160219 19:32,75,13,76,13,77,20,88,88,100,69,10238,79,87,90,92,91
20160219 19:33,64,11,73,13,51,14,88,88,100,69,10239,79,87,90,92,91
20160219 19:34,55,9,71,12,59,17,88,88,100,69,10239,79,87,90,92,91
20160219 19:35,62,11,70,12,64,17,88,88,100,69,10239,79,87,90,92,91
20160219 19:36,51,10,67,11,38,12,88,88,100,69,10240,79,87,90,92,91
20160219 19:37,36,9,63,11,34,13,88,88,100,69,10240,79,87,90,92,91
20160219 19:38,22,9,56,10,9,9,88,88,100,69,10241,79,87,90,92,91
20160219 19:39,1,8,48,10,353,13,88,88,100,69,10241,79,87,90,92,91
20160219 19:40,0,9,41,10,6,10,88,88,100,69,10241,79,87,90,92,91
20160219 19:41,3,8,33,10,359,10,88,88,100,69,10241,79,87,90,92,91
20160219 19:42,359,8,25,9,358,13,88,88,100,69,10241,79,87,90,92,91
20160219 19:43,352,11,18,10,345,22,88,88,100,69,10242,79,87,90,92,91
20160219 19:44,341,16,10,10,337,23,88,88,100,69,10242,79,86,90,92,91
20160219 19:45,336,19,1,11,335,22,88,88,100,69,10243,79,86,90,92,91
20160219 19:46,334,19,355,12,332,20,88,88,100,69,10243,79,86,90,92,91
20160219 19:47,338,16,350,13,343,20,87,88,99,68,10243,79,86,90,92,91
20160219 19:48,352,15,349,13,0,18,87,88,99,68,10242,79,86,90,92,91
20160219 19:49,1,14,350,14,2,15,87,88,99,68,10241,79,86,90,92,91
20160219 19:50,357,13,348,14,353,17,87,88,99,68,10241,78,86,90,92,91
20160219 19:51,359,13,349,15,5,14,87,87,98,67,10241,78,86,90,92,91
20160219 19:52,1,12,349,15,357,15,88,87,98,68,10242,78,86,90,92,91
20160219 19:53,359,12,351,15,2,14,88,87,98,68,10242,78,86,90,92,91
20160219 19:54,1,12,353,14,1,16,88,87,98,68,10242,78,86,90,92,91
20160219 19:55,5,13,356,14,9,16,88,87,98,68,10242,78,86,90,92,91
20160219 19:56,8,13,0,13,7,16,88,87,98,68,10241,78,86,90,92,91
20160219 19:57,5,14,2,13,4,17,88,87,98,68,10242,78,86,90,92,91
20160219 19:58,355,13,1,13,345,17,88,87,98,68,10243,78,86,90,92,91
20160219 19:59,338,12,358,13,332,15,88,87,98,68,10245,78,86,90,92,91
20160219 20:00,335,14,356,13,338,17,88,87,98,68,10246,78,86,90,92,91
