time_now,wd_avg_2mins,ws_avg_2mins,wd_avg_10mins,ws_avg_10mins,wd_maxsp_this_min,ws_maxsp_this_min,air_temp_by_box,relative_humidity,water_vapor_pressure,dew_temp,station_pressure,ground_temp_pt,ground_tem_5cm,ground_tem_10cm,ground_tem_15cm,ground_tem_20cm
20160115 20:01,200,9,191,4,200,10,38,79,63,5,10237,34,53,64,68,69
20160115 20:02,201,9,195,5,202,10,38,79,63,5,10237,34,53,63,68,69
20160115 20:03,203,9,199,6,203,10,38,79,63,5,10237,34,52,63,68,69
20160115 20:04,202,10,201,7,202,12,38,79,63,5,10236,34,52,63,68,69
20160115 20:05,200,10,202,8,198,11,38,78,63,3,10236,34,52,63,68,69
20160115 20:06,200,10,203,8,201,11,38,78,63,3,10236,34,52,63,68,69
20160115 20:07,199,10,202,9,198,11,38,78,63,3,10236,34,52,63,68,69
20160115 20:08,197,10,201,10,196,11,38,78,63,3,10236,34,52,63,68,69
20160115 20:09,197,9,200,10,198,10,38,78,63,3,10236,34,52,63,68,69
20160115 20:10,197,9,199,10,196,10,38,78,63,3,10236,34,52,63,68,69
20160115 20:11,194,9,199,10,193,9,38,78,63,3,10236,34,52,63,68,69
20160115 20:12,193,8,198,10,193,10,38,79,63,5,10236,34,52,63,68,69
20160115 20:13,196,8,197,9,199,10,38,80,64,7,10236,34,52,63,68,69
20160115 20:14,201,7,198,9,204,8,38,80,64,7,10235,34,52,63,68,69
20160115 20:15,204,5,198,8,204,6,37,80,64,6,10235,34,52,63,68,69
20160115 20:16,201,4,198,8,198,6,37,80,64,6,10235,34,52,63,68,69
20160115 20:17,199,5,198,7,200,7,37,79,63,4,10235,34,52,63,68,69
20160115 20:18,201,6,199,7,201,7,37,79,63,4,10235,34,52,63,68,69
20160115 20:19,200,5,199,6,198,6,37,80,64,6,10235,34,51,63,68,69
20160115 20:20,200,6,199,6,203,8,37,80,64,6,10235,34,51,63,68,69
20160115 20:21,201,7,200,6,199,8,37,80,64,6,10236,34,51,63,68,69
20160115 20:22,198,9,200,6,197,12,37,81,64,7,10236,34,51,63,68,69
20160115 20:23,197,10,200,6,196,11,37,82,65,9,10236,34,51,62,68,69
20160115 20:24,195,10,199,7,195,11,37,82,65,9,10236,34,51,62,68,69
20160115 20:25,197,10,198,7,198,12,37,82,65,9,10236,34,51,62,68,69
20160115 20:26,198,11,198,8,198,13,37,81,64,7,10236,34,51,62,67,69
20160115 20:27,196,12,198,9,195,14,38,81,65,8,10236,35,51,62,67,69
20160115 20:28,194,12,197,9,194,13,38,80,64,7,10236,35,51,62,67,69
20160115 20:29,196,11,197,10,198,12,39,79,64,6,10236,35,51,62,67,69
20160115 20:30,197,11,197,10,197,13,39,79,64,6,10235,35,51,62,67,69
20160115 20:31,197,11,197,11,197,12,40,78,63,5,10235,35,51,62,67,69
20160115 20:32,197,11,197,11,197,13,40,78,63,5,10235,35,51,62,67,69
20160115 20:33,198,11,197,11,198,12,40,78,63,5,10235,35,51,62,67,69
20160115 20:34,199,10,197,11,199,11,41,78,64,6,10235,35,51,62,67,69
20160115 20:35,199,9,197,11,199,11,41,77,63,4,10235,35,51,62,67,69
20160115 20:36,200,9,198,11,201,10,41,77,63,4,10235,35,51,62,67,69
20160115 20:37,202,9,198,10,203,10,41,77,63,4,10235,35,51,62,67,69
20160115 20:38,205,8,199,10,206,11,41,77,63,4,10235,35,51,62,67,69
20160115 20:39,204,8,200,10,203,10,42,77,63,5,10235,35,51,62,67,69
20160115 20:40,205,9,201,9,207,10,42,77,63,5,10235,35,50,62,67,69
20160115 20:41,207,9,202,9,206,9,42,77,63,5,10235,35,50,62,67,69
20160115 20:42,205,9,203,9,203,11,42,77,63,5,10235,35,50,62,67,69
20160115 20:43,202,10,203,9,200,11,43,78,65,8,10235,36,50,62,67,69
20160115 20:44,199,9,203,9,199,10,43,78,65,8,10235,36,50,62,67,69
20160115 20:45,201,9,203,9,203,10,43,78,65,8,10235,36,50,62,67,69
20160115 20:46,203,9,203,9,204,11,43,78,65,8,10235,36,50,62,67,69
20160115 20:47,204,10,204,9,204,12,43,78,65,8,10235,36,50,62,67,69
20160115 20:48,205,10,203,9,205,12,43,78,65,8,10235,36,50,62,67,69
20160115 20:49,206,9,204,9,206,11,43,78,65,8,10235,36,50,61,67,69
20160115 20:50,206,9,204,9,206,10,44,78,65,9,10235,36,50,61,67,69
20160115 20:51,205,8,203,9,204,9,44,78,65,9,10235,36,50,61,67,69
20160115 20:52,205,8,204,9,206,11,44,78,65,9,10235,36,50,61,67,69
20160115 20:53,209,8,205,9,211,9,44,78,65,9,10235,36,50,61,67,69
20160115 20:54,212,7,206,9,213,9,44,77,64,7,10235,36,50,61,67,69
20160115 20:55,215,7,208,9,218,8,44,77,64,7,10235,37,50,61,67,69
20160115 20:56,221,6,210,8,225,8,44,77,64,7,10235,37,50,61,67,69
20160115 20:57,222,5,211,7,219,7,44,77,64,7,10234,37,50,61,67,69
20160115 20:58,219,5,213,7,218,7,44,77,64,7,10234,37,50,61,67,69
20160115 20:59,219,5,214,6,220,6,44,76,64,5,10234,37,50,61,67,69
20160115 21:00,223,4,216,6,226,5,44,77,64,7,10234,37,50,61,67,69
20160115 21:01,221,4,217,6,216,7,44,77,64,7,10234,37,50,61,67,69
20160115 21:02,215,5,218,6,214,8,44,77,64,7,10234,37,50,61,67,69
20160115 21:03,215,6,219,5,217,7,44,77,64,7,10234,37,50,61,67,69
20160115 21:04,215,7,219,5,214,10,44,76,64,5,10234,37,50,61,67,69
20160115 21:05,212,7,218,5,211,8,44,77,64,7,10234,37,50,61,67,69
20160115 21:06,212,6,217,5,214,8,44,77,64,7,10234,37,50,61,67,69
20160115 21:07,214,5,216,5,214,6,44,76,64,5,10234,37,50,61,67,69
20160115 21:08,217,4,217,5,220,5,44,76,64,5,10234,37,50,61,67,69
20160115 21:09,220,4,217,5,220,5,43,76,63,4,10234,37,50,61,67,69
20160115 21:10,223,4,217,5,226,5,43,77,64,6,10234,37,50,61,67,69
20160115 21:11,226,3,218,5,226,4,43,78,65,8,10234,37,50,61,67,69
20160115 21:12,228,3,219,5,229,4,43,78,65,8,10234,37,50,61,67,69
20160115 21:13,228,3,220,4,227,4,43,78,65,8,10234,37,50,61,67,69
20160115 21:14,223,3,221,4,219,4,43,78,65,8,10234,37,50,61,67,69
20160115 21:15,219,3,221,4,218,4,43,79,66,10,10234,37,50,61,67,69
20160115 21:16,218,3,222,3,219,4,43,80,66,12,10234,37,50,60,67,69
20160115 21:17,220,3,222,3,221,3,42,80,66,11,10234,37,50,60,66,69
20160115 21:18,222,2,223,3,223,2,42,80,66,11,10234,37,50,60,66,69
20160115 21:19,222,1,223,3,221,0,42,80,66,11,10234,37,50,60,66,69
20160115 21:20,220,0,222,2,219,0,42,80,66,11,10234,37,50,60,66,69
20160115 21:21,213,1,220,2,208,3,42,81,67,12,10234,37,50,60,66,69
20160115 21:22,207,1,218,2,205,2,42,81,67,12,10234,37,50,60,66,69
20160115 21:23,199,1,215,2,192,2,42,82,68,14,10234,37,50,60,66,69
20160115 21:24,183,0,210,1,173,0,41,82,67,13,10234,37,50,60,66,69
20160115 21:25,171,0,205,1,168,0,41,82,67,13,10234,37,50,60,66,69
20160115 21:26,170,0,200,1,172,0,41,82,67,13,10234,37,50,60,66,69
20160115 21:27,172,0,195,0,172,0,41,82,67,13,10234,37,50,60,66,69
20160115 21:28,164,0,189,0,156,0,41,82,67,13,10234,36,50,60,66,69
20160115 21:29,152,0,181,0,148,1,41,82,67,13,10234,37,49,60,66,69
20160115 21:30,140,1,173,0,132,1,40,82,67,12,10234,37,49,60,66,69
20160115 21:31,131,2,165,1,130,5,40,82,67,12,10234,37,49,60,66,69
20160115 21:32,133,5,158,1,136,6,40,82,67,12,10234,37,49,60,66,69
20160115 21:33,132,6,152,2,128,7,40,82,67,12,10234,37,49,60,66,69
20160115 21:34,131,6,147,2,133,6,40,82,67,12,10234,37,49,60,66,69
20160115 21:35,131,6,143,3,128,6,40,82,67,12,10234,37,49,60,66,69
20160115 21:36,117,5,137,3,105,6,40,82,67,12,10234,37,49,60,66,69
20160115 21:37,99,5,129,4,94,6,40,82,67,12,10234,37,49,60,66,69
20160115 21:38,94,4,123,4,94,5,40,82,67,12,10234,37,49,60,66,69
20160115 21:39,96,5,118,5,97,6,40,82,67,12,10234,37,49,60,66,69
20160115 21:40,96,6,114,5,94,8,40,82,67,12,10234,37,49,60,66,69
20160115 21:41,88,8,109,6,83,10,40,82,67,12,10234,37,49,60,66,69
20160115 21:42,77,8,103,6,71,9,40,82,67,12,10234,37,49,60,66,69
20160115 21:43,68,7,96,6,66,8,40,82,67,12,10234,37,49,60,66,69
20160115 21:44,66,7,90,6,65,8,40,82,67,12,10234,37,49,60,66,69
20160115 21:45,65,6,83,6,65,7,40,82,67,12,10234,37,49,60,66,69
20160115 21:46,67,6,80,6,69,7,40,82,67,12,10235,37,49,60,66,69
20160115 21:47,71,6,78,7,72,7,40,82,67,12,10234,37,49,60,66,69
20160115 21:48,73,6,76,7,75,7,40,82,67,12,10234,37,49,60,66,69
20160115 21:49,76,7,74,7,77,8,40,82,67,12,10234,36,49,60,66,69
20160115 21:50,79,6,72,7,82,7,40,82,67,12,10234,36,49,60,66,69
20160115 21:51,83,5,73,7,84,6,40,82,67,12,10234,36,49,60,66,69
20160115 21:52,86,5,74,6,89,5,40,82,67,12,10234,36,49,60,66,69
20160115 21:53,91,4,77,6,93,4,40,82,67,12,10234,36,49,59,66,69
20160115 21:54,99,3,81,5,104,3,40,82,67,12,10234,36,49,59,66,69
20160115 21:55,110,2,86,5,117,3,40,82,67,12,10234,36,49,60,66,69
20160115 21:56,118,3,91,5,119,3,40,82,67,12,10234,36,49,59,66,69
20160115 21:57,122,3,96,4,125,4,40,82,67,12,10234,36,49,59,66,69
20160115 21:58,125,3,101,4,125,3,40,82,67,12,10233,36,49,59,66,69
20160115 21:59,123,2,106,3,121,2,40,82,67,12,10233,36,49,59,66,69
20160115 22:00,119,1,109,3,117,0,40,82,67,12,10233,36,49,59,66,69
20160115 22:01,113,0,112,2,109,0,40,82,67,12,10233,36,49,59,66,69
20160115 22:02,101,0,112,2,93,0,40,82,67,12,10233,36,49,59,66,69
20160115 22:03,87,0,111,1,81,0,39,82,66,11,10233,36,49,59,66,69
20160115 22:04,75,0,108,1,70,0,39,82,66,11,10233,36,49,59,66,69
20160115 22:05,63,0,102,1,56,0,39,83,67,13,10233,36,49,59,66,69
20160115 22:06,51,0,95,1,47,0,39,83,67,13,10233,36,49,59,66,69
20160115 22:07,44,0,86,0,41,0,39,83,67,13,10233,36,49,59,66,69
20160115 22:08,41,0,77,0,40,0,39,83,67,13,10233,36,49,59,66,69
20160115 22:09,37,0,68,0,33,0,39,83,67,13,10233,36,49,59,66,69
20160115 22:10,32,0,60,0,32,0,39,83,67,13,10233,36,49,59,66,69
20160115 22:11,29,0,52,0,26,0,39,83,67,13,10233,36,49,59,66,69
20160115 22:12,17,0,43,0,8,0,39,84,68,14,10233,36,49,59,65,69
20160115 22:13,6,0,36,0,5,0,39,84,68,14,10233,36,49,59,66,69
20160115 22:14,2,0,29,0,359,0,39,84,68,14,10233,36,49,59,65,69
20160115 22:15,359,0,23,0,359,0,38,84,67,13,10233,36,49,59,65,69
20160115 22:16,358,0,18,0,356,0,38,84,67,13,10233,36,49,59,65,69
20160115 22:17,358,0,14,0,0,0,38,85,68,15,10233,36,49,59,65,69
20160115 22:18,357,0,9,0,354,0,38,85,68,15,10233,36,49,59,65,69
20160115 22:19,348,0,4,0,342,0,38,85,68,15,10233,36,49,59,65,69
20160115 22:20,333,0,357,0,324,0,38,86,69,17,10234,36,49,59,65,69
20160115 22:21,326,0,352,0,327,0,38,86,69,17,10234,36,49,59,65,69
20160115 22:22,327,0,347,0,326,0,38,86,69,17,10233,36,49,59,65,69
20160115 22:23,321,0,342,0,315,0,38,86,69,17,10233,36,49,59,65,69
20160115 22:24,312,0,337,0,310,0,38,86,69,17,10233,35,49,59,65,69
20160115 22:25,300,0,331,0,291,0,38,86,69,17,10233,35,49,59,65,69
20160115 22:26,280,0,322,0,270,0,38,86,69,17,10233,35,49,59,65,69
20160115 22:27,267,0,313,0,264,0,38,86,69,17,10233,35,48,59,65,69
20160115 22:28,264,0,304,0,264,3,38,85,68,15,10233,35,48,59,65,69
20160115 22:29,262,2,295,0,260,4,38,85,68,15,10233,35,48,59,65,69
20160115 22:30,258,3,288,1,255,4,38,84,67,13,10233,35,48,59,65,69
20160115 22:31,252,4,280,1,250,4,38,84,67,13,10233,34,48,59,65,69
20160115 22:32,247,4,272,2,243,5,38,84,67,13,10233,34,48,59,65,69
20160115 22:33,243,5,265,2,243,5,38,84,67,13,10233,34,48,59,65,69
20160115 22:34,244,5,258,3,246,6,38,84,67,13,10233,34,48,59,65,69
20160115 22:35,248,6,254,3,250,6,37,84,67,13,10233,34,48,59,65,69
20160115 22:36,250,6,253,4,251,6,37,84,67,13,10233,33,48,59,65,69
20160115 22:37,252,6,251,5,253,6,37,84,67,13,10233,33,48,59,65,69
20160115 22:38,252,5,250,5,251,6,37,84,67,13,10233,33,48,59,65,69
20160115 22:39,251,6,249,5,251,6,37,85,68,14,10233,33,48,59,65,69
20160115 22:40,250,6,249,5,249,7,37,85,68,14,10233,33,48,59,65,69
20160115 22:41,246,7,248,6,244,7,37,85,68,14,10234,33,48,58,65,69
20160115 22:42,242,7,248,6,240,8,37,85,68,14,10234,33,48,58,65,69
20160115 22:43,239,7,247,6,239,8,37,85,68,14,10233,33,48,58,65,69
20160115 22:44,238,7,247,6,237,7,37,85,68,14,10233,33,48,58,65,69
20160115 22:45,237,7,245,6,237,7,37,85,68,14,10233,33,48,58,65,69
20160115 22:46,238,7,244,6,240,7,37,85,68,14,10233,33,48,58,65,69
20160115 22:47,242,7,243,7,244,7,37,85,68,14,10233,33,48,58,65,69
20160115 22:48,244,7,242,7,244,8,37,85,68,14,10233,33,48,58,65,69
20160115 22:49,244,7,242,7,244,8,37,85,68,14,10233,33,48,58,65,69
20160115 22:50,247,7,242,7,249,8,37,85,68,14,10233,33,48,58,65,69
20160115 22:51,250,7,242,7,250,7,36,85,67,13,10233,33,48,58,65,69
20160115 22:52,251,6,244,7,252,7,36,85,67,13,10233,33,48,58,65,69
20160115 22:53,253,5,245,7,255,5,36,85,67,13,10233,33,48,58,65,69
20160115 22:54,256,3,247,6,256,3,36,85,67,13,10233,33,48,58,65,69
20160115 22:55,258,1,249,6,259,2,36,85,67,13,10233,33,48,58,65,69
20160115 22:56,263,0,252,5,266,0,36,85,67,13,10233,33,48,58,65,69
20160115 22:57,272,0,255,4,277,0,36,86,68,15,10233,33,47,58,65,69
20160115 22:58,290,0,261,3,302,0,36,86,68,15,10233,33,47,58,65,69
20160115 22:59,312,0,268,3,322,0,36,86,68,15,10232,33,47,58,65,69
20160115 23:00,329,0,276,2,336,0,36,86,68,15,10232,33,47,58,65,69
20160115 23:01,339,0,285,1,341,0,36,86,68,15,10232,33,47,58,65,69
20160115 23:02,338,0,295,1,336,0,35,86,67,14,10232,33,47,58,65,69
20160115 23:03,331,0,303,0,326,0,35,86,67,14,10232,33,47,58,65,69
20160115 23:04,332,0,311,0,338,0,35,86,67,14,10232,33,47,58,65,69
20160115 23:05,334,0,318,0,330,0,36,87,69,16,10232,33,47,58,65,69
20160115 23:06,326,0,323,0,322,0,36,87,69,16,10232,33,47,58,65,69
20160115 23:07,315,0,326,0,308,0,35,87,68,15,10232,33,47,58,65,69
20160115 23:08,311,0,327,0,314,0,35,87,68,15,10232,33,47,58,65,69
20160115 23:09,310,0,326,0,307,0,35,87,68,15,10232,34,47,58,65,69
20160115 23:10,305,0,323,0,303,0,35,87,68,15,10232,34,47,58,65,69
20160115 23:11,310,0,320,0,316,0,35,87,68,15,10232,34,47,58,65,69
20160115 23:12,315,0,318,0,314,0,35,87,68,15,10232,34,47,58,65,69
20160115 23:13,329,0,320,0,344,0,35,87,68,15,10232,34,47,58,65,69
20160115 23:14,355,0,322,0,5,0,35,87,68,15,10232,34,47,58,65,69
20160115 23:15,11,0,326,0,16,0,35,87,68,15,10232,34,47,58,65,69
20160115 23:16,10,0,331,0,5,0,35,87,68,15,10232,34,47,58,65,69
20160115 23:17,13,0,338,0,21,0,35,88,69,17,10232,34,47,58,65,69
20160115 23:18,25,0,346,0,28,0,35,88,69,17,10232,34,47,58,65,69
20160115 23:19,30,1,355,0,32,3,35,88,69,17,10232,34,47,58,65,69
20160115 23:20,36,3,5,1,40,4,35,88,69,17,10232,34,47,58,65,69
20160115 23:21,43,3,14,1,46,4,35,88,69,17,10232,34,47,58,65,69
20160115 23:22,47,3,23,1,48,4,35,88,69,17,10231,34,47,58,65,69
20160115 23:23,43,3,28,1,38,4,35,88,69,17,10231,34,47,58,64,69
20160115 23:24,36,4,31,2,33,8,35,88,69,17,10231,34,47,58,65,69
20160115 23:25,35,7,33,3,37,9,35,88,69,17,10231,34,47,58,64,69
20160115 23:26,38,9,36,4,38,9,35,88,69,17,10231,34,47,58,64,69
20160115 23:27,39,8,38,4,39,9,35,87,68,15,10231,34,47,58,64,69
20160115 23:28,41,7,39,5,43,6,35,87,68,15,10231,34,47,58,64,68
20160115 23:29,44,6,41,5,45,7,35,87,68,15,10231,34,47,58,64,69
20160115 23:30,48,6,42,6,50,7,35,88,69,17,10231,34,47,57,64,68
20160115 23:31,49,6,42,6,49,6,35,88,69,17,10231,34,47,57,64,69
20160115 23:32,48,5,42,6,46,5,35,88,69,17,10231,34,47,57,64,68
20160115 23:33,42,5,42,6,38,5,35,88,69,17,10231,34,47,57,64,69
20160115 23:34,39,5,42,6,39,5,35,87,68,15,10231,34,47,57,64,69
20160115 23:35,39,5,43,6,39,5,35,87,68,15,10230,34,47,57,64,68
20160115 23:36,39,4,43,6,39,5,35,87,68,15,10230,34,47,57,64,68
20160115 23:37,39,4,43,5,39,5,35,87,68,15,10230,34,47,57,64,68
20160115 23:38,39,4,42,5,39,4,35,87,68,15,10230,34,47,57,64,69
20160115 23:39,40,3,42,5,40,4,35,87,68,15,10230,33,47,57,64,68
20160115 23:40,40,2,41,4,40,2,35,87,68,15,10230,33,47,57,64,68
20160115 23:41,40,1,40,4,39,1,35,87,68,15,10229,33,47,57,64,68
20160115 23:42,40,0,39,3,40,0,35,87,68,15,10229,33,47,57,64,68
20160115 23:43,53,0,42,3,67,0,35,87,68,15,10229,33,47,57,64,68
20160115 23:44,98,0,49,2,127,0,35,87,68,15,10229,33,47,57,64,68
20160115 23:45,124,0,56,2,121,0,35,87,68,15,10229,33,46,57,64,68
20160115 23:46,121,0,65,1,122,0,35,87,68,15,10228,33,47,57,64,68
20160115 23:47,126,1,75,1,131,5,35,87,68,15,10228,33,47,57,64,68
20160115 23:48,137,4,87,1,142,6,35,87,68,15,10228,33,46,57,64,68
20160115 23:49,147,4,100,1,151,4,35,87,68,15,10228,33,46,57,64,68
20160115 23:50,151,3,113,1,152,3,35,87,68,15,10228,33,46,57,64,68
20160115 23:51,150,2,123,2,148,2,35,87,68,15,10228,33,46,57,64,68
20160115 23:52,148,1,132,2,148,2,35,87,68,15,10228,33,46,57,64,68
20160115 23:53,147,1,139,2,146,1,35,87,68,15,10228,33,46,57,64,68
20160115 23:54,148,0,141,2,149,0,35,87,68,15,10228,33,46,57,64,68
20160115 23:55,141,0,142,2,133,0,34,87,68,14,10228,33,46,57,64,68
20160115 23:56,137,0,144,2,141,0,34,87,68,14,10228,33,46,57,64,68
20160115 23:57,142,0,145,1,143,0,34,87,68,14,10228,33,46,57,64,68
20160115 23:58,143,0,145,1,143,0,35,87,68,15,10228,33,46,57,64,68
20160115 23:59,148,0,146,0,152,0,35,87,68,15,10228,33,46,57,64,68
20160115 00:00,156,0,146,0,160,0,35,87,68,15,10228,33,46,57,64,68
20160115 00:01,165,0,149,0,171,0,35,88,69,17,10228,33,46,57,64,68
20160115 00:02,177,0,152,0,183,0,35,88,69,17,10228,33,46,57,64,68
20160115 00:03,184,0,156,0,184,0,34,88,69,16,10228,33,46,57,64,68
20160115 00:04,180,0,159,0,176,0,34,88,69,16,10228,33,46,57,64,68
20160115 00:05,175,0,163,0,173,0,34,88,69,16,10228,33,46,57,64,68
20160115 00:06,175,0,166,0,177,0,34,88,69,16,10227,33,46,57,64,68
20160115 00:07,170,0,168,0,163,0,34,88,69,16,10227,33,46,57,64,68
20160115 00:08,145,0,167,0,128,0,34,88,69,16,10228,33,46,57,64,68
20160115 00:09,125,0,164,0,122,0,34,88,69,16,10228,33,46,57,64,68
20160115 00:10,120,0,160,0,117,0,34,88,69,16,10227,33,46,57,64,68
20160115 00:11,118,1,154,0,118,4,34,88,69,16,10227,33,46,57,64,68
20160115 00:12,118,3,148,1,118,5,34,88,69,16,10227,33,46,57,64,68
20160115 00:13,119,5,141,1,120,6,34,89,69,18,10227,33,46,57,64,68
20160115 00:14,118,6,135,2,117,7,34,89,69,18,10227,33,46,57,64,68
20160115 00:15,115,7,129,2,113,7,34,89,69,18,10227,33,46,57,64,68
20160115 00:16,115,7,123,3,116,8,34,89,69,18,10227,33,46,57,64,68
20160115 00:17,121,8,119,4,126,10,35,89,70,19,10227,33,46,57,64,68
20160115 00:18,128,8,120,5,130,10,35,89,70,19,10227,33,46,57,64,68
20160115 00:19,131,7,121,5,131,7,35,90,71,20,10226,33,46,57,64,68
20160115 00:20,130,6,122,6,128,6,35,90,71,20,10226,33,46,57,64,68
20160115 00:21,128,6,123,6,128,6,35,90,71,20,10226,33,46,57,64,68
20160115 00:22,129,5,124,6,129,5,35,90,71,20,10226,33,46,57,64,68
20160115 00:23,128,4,125,6,128,6,35,90,71,20,10226,33,46,57,64,68
20160115 00:24,123,4,125,6,118,4,35,90,71,20,10226,33,46,57,64,68
20160115 00:25,110,4,124,6,102,4,35,90,71,20,10226,33,46,56,64,68
20160115 00:26,98,3,122,5,94,3,35,90,71,20,10226,33,46,56,64,68
20160115 00:27,85,1,117,4,76,1,35,90,71,20,10226,33,46,56,64,68
20160115 00:28,67,0,110,4,59,3,35,90,71,20,10225,33,46,56,64,68
20160115 00:29,59,1,103,3,60,2,35,89,70,19,10225,33,46,56,64,68
20160115 00:30,66,2,97,3,73,4,35,89,70,19,10225,34,46,56,64,68
20160115 00:31,75,3,91,3,77,4,35,89,70,19,10225,34,46,56,64,68
20160115 00:32,74,2,86,2,72,2,36,89,70,20,10225,34,46,56,64,68
20160115 00:33,74,1,80,2,76,2,36,89,70,20,10225,34,46,56,64,68
20160115 00:34,65,1,74,2,53,0,36,89,70,20,10225,34,46,56,64,68
20160115 00:35,47,0,68,1,40,0,36,89,70,20,10225,34,46,56,64,68
20160115 00:36,39,0,62,1,38,0,36,89,70,20,10225,34,46,56,64,68
20160115 00:37,40,0,59,1,41,0,36,89,70,20,10225,34,46,56,64,68
20160115 00:38,47,2,58,1,53,5,36,89,70,20,10225,34,46,56,64,68
20160115 00:39,52,4,57,2,52,6,36,89,70,20,10225,34,46,56,64,68
20160115 00:40,57,5,56,2,62,5,36,88,70,18,10225,34,46,56,64,68
20160115 00:41,64,4,55,2,65,5,36,88,70,18,10225,34,46,56,64,68
20160115 00:42,66,5,55,2,67,5,36,89,70,20,10225,34,46,56,64,68
20160115 00:43,67,5,54,3,67,6,36,89,70,20,10224,34,46,56,63,68
20160115 00:44,67,5,55,3,68,5,36,89,70,20,10224,34,46,56,63,68
20160115 00:45,65,4,58,4,62,4,36,89,70,20,10224,34,46,56,63,68
20160115 00:46,59,2,59,4,56,4,36,89,70,20,10224,34,46,56,63,68
20160115 00:47,52,3,60,4,47,5,36,89,70,20,10224,34,46,56,63,68
20160115 00:48,44,4,59,4,41,5,36,89,70,20,10224,34,46,56,63,68
20160115 00:49,41,5,58,4,42,6,36,89,70,20,10224,34,46,56,63,68
20160115 00:50,41,6,56,5,40,7,36,89,70,20,10224,35,46,56,63,68
20160115 00:51,39,6,53,5,38,7,36,89,70,20,10224,35,46,56,63,68
20160115 00:52,37,6,50,5,37,7,36,89,70,20,10224,35,46,56,63,68
20160115 00:53,36,7,47,5,35,8,36,89,70,20,10224,35,46,56,63,68
20160115 00:54,32,7,43,5,28,7,36,89,70,20,10223,35,46,56,63,68
20160115 00:55,24,6,38,5,19,7,36,89,70,20,10223,35,46,56,63,68
20160115 00:56,16,6,34,6,13,7,36,90,71,21,10223,35,46,56,63,68
20160115 00:57,10,7,30,6,7,8,36,90,71,21,10223,35,46,56,63,68
20160115 00:58,6,6,27,6,6,7,36,90,71,21,10223,35,46,56,63,68
20160115 00:59,1,5,22,6,356,5,36,90,71,21,10222,35,46,56,63,68
20160115 01:00,1,3,18,6,6,4,36,90,71,21,10222,35,46,56,63,68
20160115 01:01,5,3,15,5,5,3,36,90,71,21,10222,35,46,56,63,68
20160115 01:02,5,3,12,5,6,3,36,90,71,21,10222,35,46,56,63,68
20160115 01:03,8,3,10,5,10,4,36,90,71,21,10222,35,46,56,63,68
20160115 01:04,10,3,8,5,11,4,36,90,71,21,10222,35,46,56,63,68
20160115 01:05,11,4,7,4,11,4,36,90,71,21,10222,35,46,56,63,68
20160115 01:06,13,4,7,4,15,4,36,90,71,21,10222,35,46,56,63,68
20160115 01:07,19,3,9,4,23,3,36,90,71,21,10222,35,46,56,63,68
20160115 01:08,28,1,12,3,33,2,36,90,71,21,10222,35,46,56,63,68
20160115 01:09,40,0,17,3,47,0,36,90,71,21,10222,35,46,56,63,68
20160115 01:10,42,0,20,2,37,0,36,90,71,21,10222,35,46,56,63,68
20160115 01:11,30,0,22,2,23,0,36,90,71,21,10222,35,46,56,63,68
20160115 01:12,19,0,22,2,14,0,36,90,71,21,10222,35,46,56,63,68
20160115 01:13,14,0,23,1,14,0,36,89,70,20,10222,35,46,56,63,68
20160115 01:14,17,0,24,1,21,0,36,89,70,20,10222,35,46,56,63,68
20160115 01:15,28,0,26,1,35,0,36,89,70,20,10222,35,46,56,63,68
20160115 01:16,38,0,29,0,42,0,36,89,70,20,10222,35,46,56,63,68
20160115 01:17,47,0,32,0,52,0,36,89,70,20,10222,35,46,56,63,68
20160115 01:18,55,0,34,0,59,0,36,89,70,20,10222,35,46,56,63,68
20160115 01:19,55,0,35,0,51,0,36,89,70,20,10222,36,46,56,63,68
20160115 01:20,45,0,35,0,39,0,36,89,70,20,10222,36,46,56,63,68
20160115 01:21,34,0,36,0,30,0,36,89,70,20,10222,35,46,56,63,68
20160115 01:22,30,0,37,0,30,0,36,89,70,20,10221,36,46,56,63,68
20160115 01:23,34,1,40,0,38,6,36,89,70,20,10221,36,46,56,63,68
20160115 01:24,40,4,42,1,42,7,36,89,70,20,10221,36,46,56,63,68
20160115 01:25,45,6,43,1,48,7,36,89,70,20,10221,36,46,56,63,68
20160115 01:26,46,6,43,2,44,7,36,89,70,20,10221,36,46,56,63,68
20160115 01:27,43,5,42,3,41,5,36,89,70,20,10221,36,46,56,63,68
20160115 01:28,42,5,41,3,43,6,36,89,70,20,10221,36,46,56,63,68
20160115 01:29,46,4,40,3,49,6,37,90,72,22,10221,36,46,56,63,68
20160115 01:30,52,4,42,4,56,5,37,90,72,22,10221,36,46,56,63,68
20160115 01:31,57,4,45,4,59,5,37,90,72,22,10221,36,46,56,63,68
20160115 01:32,62,5,49,5,66,7,37,90,72,22,10221,36,46,56,63,68
20160115 01:33,67,7,52,5,68,9,37,90,72,22,10221,36,46,56,63,68
20160115 01:34,69,8,54,6,70,9,37,90,72,22,10220,36,46,56,63,68
20160115 01:35,73,8,57,6,75,9,37,90,72,22,10220,36,46,56,63,68
20160115 01:36,74,9,60,6,72,10,37,90,72,22,10220,36,46,56,63,68
20160115 01:37,70,8,63,6,68,9,37,90,72,22,10220,36,46,56,63,68
20160115 01:38,64,6,64,7,61,8,37,90,72,22,10220,36,46,56,63,68
20160115 01:39,55,5,64,7,49,7,37,90,72,22,10220,36,46,56,63,68
20160115 01:40,40,5,62,7,32,7,37,90,72,22,10220,36,46,56,63,68
20160115 01:41,31,6,59,7,30,9,37,90,72,22,10220,36,46,56,63,68
20160115 01:42,27,8,55,7,24,10,37,90,72,22,10220,36,46,56,63,68
20160115 01:43,23,8,50,7,21,10,37,90,72,22,10220,36,46,56,63,68
20160115 01:44,21,9,45,7,21,10,37,90,72,22,10220,36,46,56,63,68
20160115 01:45,20,9,39,7,19,10,37,90,72,22,10220,36,46,55,63,68
20160115 01:46,17,9,34,7,16,11,37,90,72,22,10220,36,46,56,63,68
20160115 01:47,18,9,29,7,21,10,37,90,72,22,10220,36,46,55,63,68
20160115 01:48,22,7,25,8,22,7,37,90,72,22,10220,35,46,55,63,68
20160115 01:49,33,6,25,8,43,8,37,90,72,22,10220,35,46,55,63,68
20160115 01:50,48,5,27,7,54,5,37,90,72,22,10219,35,46,55,63,68
20160115 01:51,56,4,30,7,58,6,37,90,72,22,10219,35,46,55,63,68
20160115 01:52,57,5,33,7,56,8,37,90,72,22,10219,35,46,55,63,68
20160115 01:53,49,5,35,6,42,7,38,89,71,22,10219,35,46,55,63,68
20160115 01:54,41,5,37,6,41,8,38,89,71,22,10219,35,46,56,63,68
20160115 01:55,51,5,41,6,61,6,38,89,71,22,10219,35,46,55,63,68
20160115 01:56,68,4,47,5,75,5,38,89,71,22,10219,35,46,55,63,68
20160115 01:57,72,3,52,5,69,5,38,89,71,22,10219,35,46,55,63,68
20160115 01:58,67,4,57,4,66,5,39,88,71,21,10219,35,46,55,63,68
20160115 01:59,60,5,58,4,55,7,39,88,71,21,10219,34,46,55,63,68
20160115 02:00,48,6,57,5,42,8,38,88,71,20,10219,34,46,55,63,68
20160115 02:01,36,6,54,5,31,7,38,88,71,20,10219,34,46,55,63,68
20160115 02:02,27,5,51,5,23,5,38,88,71,20,10219,34,46,55,63,68
20160115 02:03,21,5,48,5,19,6,38,88,71,20,10219,34,46,55,63,68
20160115 02:04,18,5,46,5,17,6,38,88,71,20,10219,34,46,55,63,68
20160115 02:05,18,4,42,5,20,6,38,88,71,20,10219,34,46,55,63,68
20160115 02:06,21,3,36,5,22,5,38,88,71,20,10219,34,46,55,63,68
20160115 02:07,29,3,33,5,36,4,38,88,71,20,10218,33,46,55,63,68
20160115 02:08,40,3,31,4,45,6,38,88,71,20,10218,33,46,55,63,68
20160115 02:09,45,4,30,4,45,7,38,88,71,20,10218,33,46,55,63,68
20160115 02:10,52,5,32,4,59,6,37,88,70,19,10218,33,46,55,63,68
20160115 02:11,63,4,35,4,67,6,37,88,70,19,10218,33,46,55,63,67
20160115 02:12,66,5,39,4,65,6,37,88,70,19,10217,33,46,55,63,68
20160115 02:13,65,6,44,4,65,8,37,88,70,19,10217,33,46,55,63,67
20160115 02:14,66,7,49,5,66,9,37,88,70,19,10217,32,46,55,63,68
20160115 02:15,66,8,54,5,65,10,37,88,70,19,10217,32,46,55,63,67
20160115 02:16,67,9,58,6,69,12,37,88,70,19,10217,32,46,55,63,67
20160115 02:17,69,10,62,7,69,11,37,88,70,19,10217,32,45,55,63,67
20160115 02:18,66,10,63,7,64,11,37,88,70,19,10217,32,45,55,63,67
20160115 02:19,61,10,65,8,59,11,37,88,70,19,10217,32,45,55,63,67
20160115 02:20,58,10,65,8,56,12,37,88,70,19,10217,32,45,55,63,67
20160115 02:21,57,9,64,9,59,10,37,88,70,19,10217,32,45,55,63,67
20160115 02:22,56,9,63,9,54,12,37,88,70,19,10217,32,45,55,63,67
20160115 02:23,54,9,62,9,54,11,37,88,70,19,10217,32,45,55,63,67
20160115 02:24,53,8,60,9,53,10,37,88,70,19,10217,32,45,55,63,67
20160115 02:25,56,6,60,9,59,7,37,88,70,19,10217,32,45,55,63,67
20160115 02:26,59,5,59,8,60,6,37,88,70,19,10217,32,45,55,62,67
20160115 02:27,62,4,58,8,65,5,37,88,70,19,10217,32,45,55,63,67
20160115 02:28,62,4,58,7,60,5,37,88,70,19,10217,32,45,55,63,67
20160115 02:29,62,4,58,7,64,4,37,88,70,19,10217,32,45,55,62,67
20160115 02:30,66,4,60,6,69,6,37,88,70,19,10217,32,45,55,62,67
20160115 02:31,69,5,61,6,69,6,37,88,70,19,10216,33,45,55,62,67
20160115 02:32,69,5,62,5,69,6,38,88,71,20,10216,33,45,55,62,67
20160115 02:33,70,5,64,5,71,6,38,88,71,20,10216,33,45,55,62,67
20160115 02:34,71,5,66,5,72,6,38,88,71,20,10216,33,45,55,62,67
20160115 02:35,69,5,67,5,67,5,38,88,71,20,10216,33,45,55,62,67
20160115 02:36,65,3,67,4,63,3,38,87,70,18,10216,33,45,55,62,67
20160115 02:37,64,2,67,4,64,3,38,87,70,18,10216,33,45,55,62,67
20160115 02:38,66,2,68,4,67,3,38,87,70,18,10215,33,45,55,62,67
20160115 02:39,70,2,68,4,72,4,37,87,69,17,10215,33,45,55,62,67
20160115 02:40,77,4,70,4,82,5,37,88,70,19,10215,33,45,55,62,67
20160115 02:41,83,5,71,4,84,5,37,88,70,19,10215,33,45,55,62,67
20160115 02:42,87,5,73,4,90,5,37,88,70,19,10215,33,45,55,62,67
20160115 02:43,92,5,76,4,95,6,37,88,70,19,10215,33,45,55,62,67
20160115 02:44,100,6,79,4,105,7,37,88,70,19,10214,33,45,55,62,67
20160115 02:45,105,6,83,4,106,7,38,88,71,20,10214,33,45,55,62,67
20160115 02:46,112,7,88,5,117,8,38,88,71,20,10214,33,45,55,62,67
20160115 02:47,124,8,95,5,130,9,38,88,71,20,10214,33,45,55,62,67
20160115 02:48,130,8,101,6,130,9,38,88,71,20,10214,33,45,55,62,67
20160115 02:49,130,9,107,7,130,9,38,88,71,20,10213,33,45,55,62,67
20160115 02:50,130,9,112,7,130,9,38,88,71,20,10213,33,45,55,62,67
20160115 02:51,129,9,116,7,128,9,38,88,71,20,10213,33,45,55,62,67
20160115 02:52,127,8,120,8,127,9,38,88,71,20,10213,34,45,55,62,67
20160115 02:53,125,7,123,8,122,7,38,88,71,20,10213,34,45,55,62,67
20160115 02:54,122,5,124,8,121,6,38,88,71,20,10213,34,45,55,62,67
20160115 02:55,122,3,126,7,122,4,38,88,71,20,10213,34,45,55,62,67
20160115 02:56,118,1,125,7,113,0,38,88,71,20,10213,34,45,55,62,67
20160115 02:57,102,0,122,6,91,0,38,88,71,20,10213,34,45,55,62,67
20160115 02:58,76,0,115,5,61,0,37,88,70,19,10213,34,45,55,62,67
20160115 02:59,59,0,108,4,57,0,37,88,70,19,10213,34,45,55,62,67
20160115 03:00,59,0,101,3,61,0,37,88,70,19,10213,34,45,55,62,67
20160115 03:01,65,0,95,2,69,0,37,87,69,17,10213,34,45,55,62,67
20160115 03:02,72,0,89,1,76,0,37,87,69,17,10213,34,45,55,62,67
20160115 03:03,75,0,84,1,73,0,37,87,69,17,10213,34,45,55,62,67
20160115 03:04,72,0,79,0,70,0,37,87,69,17,10213,34,45,55,62,67
20160115 03:05,69,0,74,0,68,0,37,87,69,17,10213,34,45,55,62,67
20160115 03:06,67,0,69,0,66,0,37,88,70,19,10213,34,45,55,62,67
20160115 03:07,59,0,65,0,52,0,37,88,70,19,10212,34,45,55,62,67
20160115 03:08,48,0,64,0,44,0,37,88,70,19,10212,34,45,55,62,67
20160115 03:09,38,0,61,0,31,0,37,88,70,19,10212,34,45,55,62,67
20160115 03:10,31,0,58,0,31,0,37,88,70,19,10212,34,45,55,62,67
20160115 03:11,31,0,54,0,31,0,37,88,70,19,10212,34,45,55,62,67
20160115 03:12,34,0,50,0,37,0,37,88,70,19,10212,34,45,55,62,67
20160115 03:13,42,0,48,0,47,0,37,89,71,21,10211,34,45,55,62,67
20160115 03:14,43,0,45,0,40,0,37,89,71,21,10211,34,45,55,62,67
20160115 03:15,36,1,41,0,31,3,37,89,71,21,10211,34,45,55,62,67
20160115 03:16,28,2,37,1,24,3,37,89,71,21,10211,34,45,55,62,67
20160115 03:17,24,3,34,1,25,4,36,89,70,20,10211,34,45,55,62,67
20160115 03:18,24,4,32,1,24,5,36,89,70,20,10211,34,45,55,62,67
20160115 03:19,24,4,31,2,25,5,36,89,70,20,10211,34,45,55,62,67
20160115 03:20,23,4,30,2,20,5,36,89,70,20,10211,34,45,55,62,67
20160115 03:21,15,4,28,3,11,4,36,89,70,20,10211,34,45,55,62,67
20160115 03:22,9,3,25,3,8,4,36,89,70,20,10211,34,45,55,62,67
20160115 03:23,7,3,21,3,6,4,36,89,70,20,10211,34,45,55,62,67
20160115 03:24,356,3,16,3,347,3,36,90,71,21,10211,34,45,55,62,67
20160115 03:25,342,1,11,3,336,2,36,90,71,21,10211,34,45,55,62,67
20160115 03:26,336,1,6,3,336,1,36,90,71,21,10210,34,45,55,62,67
20160115 03:27,337,0,1,3,339,0,36,90,71,21,10210,34,45,55,62,67
20160115 03:28,345,1,358,2,350,4,36,90,71,21,10210,34,45,55,62,67
20160115 03:29,353,3,355,2,357,4,36,90,71,21,10210,34,45,55,62,67
20160115 03:30,355,4,352,2,352,4,36,90,71,21,10210,34,45,55,62,67
20160115 03:31,354,4,351,2,355,5,36,90,71,21,10210,34,45,55,62,67
20160115 03:32,355,5,349,3,355,6,36,90,71,21,10210,34,45,55,62,67
20160115 03:33,356,6,348,3,357,7,36,90,71,21,10210,34,45,55,62,67
20160115 03:34,359,7,350,3,1,9,36,90,71,21,10210,34,45,55,62,67
20160115 03:35,358,7,352,4,356,9,36,90,71,21,10210,34,45,55,62,67
20160115 03:36,358,6,354,5,0,8,36,90,71,21,10210,34,45,54,62,67
20160115 03:37,5,6,357,5,9,8,36,90,71,21,10210,34,45,55,62,67
20160115 03:38,16,6,0,6,22,9,36,90,71,21,10210,34,45,54,62,67
20160115 03:39,18,5,2,6,13,5,36,90,71,21,10210,34,45,55,62,67
20160115 03:40,14,4,4,6,16,7,35,91,71,22,10210,34,45,54,62,67
20160115 03:41,14,5,6,6,13,9,35,91,71,22,10210,34,45,54,62,67
20160115 03:42,12,5,8,6,12,5,35,90,71,20,10210,34,45,54,62,67
20160115 03:43,10,3,9,5,9,4,36,90,71,21,10210,34,45,54,62,67
20160115 03:44,13,4,11,5,17,6,36,90,71,21,10210,34,45,54,62,67
20160115 03:45,22,4,14,5,26,5,35,90,71,20,10210,34,45,54,62,67
20160115 03:46,24,4,16,4,21,5,35,90,71,20,10210,34,45,54,62,67
20160115 03:47,21,4,17,4,20,5,35,90,71,20,10210,34,45,54,62,67
20160115 03:48,17,4,16,4,14,4,35,90,71,20,10210,34,45,54,62,67
20160115 03:49,13,4,16,4,11,5,35,90,71,20,10210,34,45,54,62,67
20160115 03:50,5,3,14,4,359,4,35,90,71,20,10210,34,45,54,62,67
20160115 03:51,358,3,13,4,357,4,35,90,71,20,10210,34,45,54,62,67
20160115 03:52,355,2,11,4,354,3,35,90,71,20,10210,33,45,54,62,67
20160115 03:53,357,3,10,4,0,7,35,90,71,20,10209,33,45,54,62,67
20160115 03:54,1,6,8,4,2,10,35,90,71,20,10209,33,45,54,62,67
20160115 03:55,2,7,6,4,1,10,35,90,71,20,10209,33,45,54,62,67
20160115 03:56,2,8,4,5,4,10,35,90,71,20,10209,33,45,54,62,67
20160115 03:57,2,8,2,5,1,9,35,90,71,20,10208,33,45,54,62,67
20160115 03:58,1,7,1,5,2,7,35,90,71,20,10208,33,45,54,62,67
20160115 03:59,12,5,2,5,23,8,35,90,71,20,10207,33,45,54,62,67
20160115 04:00,38,3,7,5,53,4,35,90,71,20,10207,33,45,54,62,67
20160115 04:01,60,2,14,5,67,4,35,90,71,20,10207,33,45,54,62,67
20160115 04:02,67,4,21,5,68,4,35,90,71,20,10207,33,45,54,62,67
20160115 04:03,66,3,28,5,65,4,35,90,71,20,10207,33,44,54,62,67
20160115 04:04,63,4,35,5,61,6,35,90,71,20,10207,33,44,54,62,67
20160115 04:05,61,4,41,5,62,4,35,89,70,19,10207,32,44,54,62,67
20160115 04:06,58,5,46,4,55,8,35,90,71,20,10207,32,44,54,62,67
20160115 04:07,56,7,52,4,57,10,35,90,71,20,10207,32,44,54,62,67
20160115 04:08,59,7,57,4,61,9,35,90,71,20,10207,32,44,54,62,67
20160115 04:09,62,7,61,5,63,8,35,90,71,20,10206,32,44,54,62,67
20160115 04:10,63,7,62,5,64,9,35,90,71,20,10206,31,44,54,62,67
20160115 04:11,61,7,62,6,59,9,35,89,70,19,10206,31,44,54,62,67
20160115 04:12,62,8,61,6,66,12,35,89,70,19,10206,31,44,54,62,67
20160115 04:13,67,10,62,7,69,13,35,89,70,19,10205,31,44,54,62,67
20160115 04:14,65,11,62,8,61,13,35,89,70,19,10205,30,44,54,62,67
20160115 04:15,59,11,61,8,58,13,35,89,70,19,10206,30,44,54,62,67
20160115 04:16,53,10,61,9,49,12,35,89,70,19,10206,30,44,54,62,67
20160115 04:17,47,10,60,9,45,12,35,89,70,19,10206,29,44,54,62,67
20160115 04:18,47,9,58,9,50,10,35,88,69,17,10206,29,44,54,62,67
20160115 04:19,51,7,57,9,52,9,35,88,69,17,10206,29,44,54,62,67
20160115 04:20,50,7,56,9,49,8,35,88,69,17,10206,29,44,54,62,67
20160115 04:21,47,7,54,9,46,9,35,88,69,17,10206,29,44,54,62,67
20160115 04:22,48,8,53,9,50,12,35,87,68,15,10206,28,44,54,62,67
20160115 04:23,51,8,51,9,52,10,35,87,68,15,10206,28,44,54,62,67
20160115 04:24,55,7,51,8,57,9,35,87,68,15,10206,28,44,54,62,67
20160115 04:25,56,7,50,8,54,11,35,87,68,15,10206,28,44,54,62,67
20160115 04:26,55,8,51,8,55,11,35,87,68,15,10206,29,44,54,62,67
20160115 04:27,57,7,52,8,59,11,35,87,68,15,10206,29,44,54,62,67
20160115 04:28,58,8,53,8,57,13,35,87,68,15,10205,29,44,54,62,67
20160115 04:29,56,9,53,8,55,11,35,87,68,15,10205,29,44,54,62,67
20160115 04:30,55,9,54,8,56,12,35,87,68,15,10205,29,44,54,62,67
20160115 04:31,57,9,55,8,58,12,35,86,67,14,10205,29,44,54,62,67
20160115 04:32,59,8,56,8,61,10,35,86,67,14,10204,29,44,54,62,67
20160115 04:33,62,7,58,8,64,7,35,86,67,14,10204,29,44,54,62,67
20160115 04:34,64,6,58,8,64,6,35,86,67,14,10204,29,43,54,62,67
20160115 04:35,65,5,59,8,66,6,35,86,67,14,10204,29,43,54,62,67
20160115 04:36,67,5,61,7,68,7,35,86,67,14,10204,29,43,54,62,67
20160115 04:37,72,5,62,7,76,4,35,86,67,14,10204,29,43,54,62,67
20160115 04:38,78,3,65,6,80,4,35,86,67,14,10204,29,43,54,62,67
20160115 04:39,80,3,67,6,79,3,35,86,67,14,10204,29,43,54,62,67
20160115 04:40,79,3,69,5,78,4,35,86,67,14,10204,29,43,54,62,67
20160115 04:41,77,4,71,5,75,7,35,86,67,14,10205,29,43,54,62,67
20160115 04:42,72,6,72,5,68,7,35,86,67,14,10205,29,43,54,62,67
20160115 04:43,66,6,72,5,63,7,35,86,67,14,10205,29,43,54,62,67
20160115 04:44,56,6,70,5,49,7,35,86,67,14,10205,29,43,54,62,67
20160115 04:45,40,6,67,5,31,8,35,87,68,15,10205,29,43,54,62,67
20160115 04:46,32,6,63,5,33,7,35,87,68,15,10205,29,43,54,62,67
20160115 04:47,35,6,59,5,37,7,35,87,68,15,10205,29,43,54,62,67
20160115 04:48,38,6,55,5,40,7,35,87,68,15,10205,29,43,54,62,67
20160115 04:49,42,4,52,6,44,5,35,87,68,15,10205,29,43,54,62,67
20160115 04:50,42,3,48,6,40,5,35,87,68,15,10205,29,43,54,62,67
20160115 04:51,42,3,45,5,44,4,35,87,68,15,10205,29,43,54,61,67
20160115 04:52,41,2,42,5,37,2,35,87,68,15,10205,29,43,54,61,67
20160115 04:53,40,0,40,4,43,0,35,87,68,15,10205,28,43,54,61,67
20160115 04:54,42,0,39,4,40,0,35,87,68,15,10205,28,43,54,62,67
20160115 04:55,47,0,41,3,53,0,35,88,69,17,10205,28,43,54,61,67
20160115 04:56,51,0,43,2,49,0,35,88,69,17,10205,28,43,54,61,67
20160115 04:57,40,0,42,2,31,0,35,88,69,17,10205,28,43,54,61,67
20160115 04:58,30,0,41,1,28,0,34,88,69,16,10206,28,43,54,61,67
20160115 04:59,33,0,40,1,37,0,34,88,69,16,10206,28,43,54,61,67
20160115 05:00,44,0,41,0,51,0,34,88,69,16,10206,28,43,54,61,67
20160115 05:01,57,0,43,0,64,0,34,88,69,16,10206,28,43,54,61,67
20160115 05:02,70,0,47,0,76,0,34,88,69,16,10206,28,43,54,61,67
20160115 05:03,75,0,50,0,75,0,34,88,69,16,10206,28,43,54,61,67
20160115 05:04,78,0,54,0,80,0,34,88,69,16,10206,28,43,54,61,67
20160115 05:05,87,0,58,0,93,0,33,88,68,15,10206,28,43,54,61,67
20160115 05:06,84,0,61,0,75,0,33,89,69,17,10206,29,43,54,61,67
20160115 05:07,77,0,66,0,79,0,33,89,69,17,10206,28,42,54,61,67
20160115 05:08,78,0,71,0,77,0,33,89,69,17,10206,29,42,54,61,67
20160115 05:09,93,0,78,0,110,0,33,89,69,17,10206,29,42,54,61,67
20160115 05:10,115,0,85,0,120,0,33,89,69,17,10206,29,42,54,61,67
20160115 05:11,123,0,91,0,126,0,33,89,69,17,10206,29,42,54,61,67
20160115 05:12,125,0,96,0,123,0,33,89,69,17,10206,29,42,54,61,67
20160115 05:13,115,0,99,0,106,0,33,89,69,17,10206,29,42,54,61,67
20160115 05:14,97,0,100,0,87,0,33,89,69,17,10206,29,42,54,61,67
20160115 05:15,86,0,99,0,84,0,33,89,69,17,10206,29,42,54,61,67
20160115 05:16,80,0,99,0,75,0,32,89,68,16,10206,29,42,54,61,67
20160115 05:17,71,0,97,0,67,0,32,89,68,16,10207,29,42,54,61,67
20160115 05:18,65,0,96,0,64,0,32,90,69,17,10207,29,42,54,61,67
20160115 05:19,66,0,92,0,67,0,32,90,69,17,10207,29,42,54,61,67
20160115 05:20,67,0,86,0,66,0,32,90,69,17,10207,29,42,53,61,67
20160115 05:21,69,0,81,0,71,0,32,90,69,17,10207,29,42,53,61,67
20160115 05:22,71,1,76,0,71,4,32,90,69,17,10207,28,42,53,61,67
20160115 05:23,68,2,72,0,65,4,32,90,69,17,10207,28,42,53,61,67
20160115 05:24,66,1,70,0,67,0,32,90,69,17,10207,28,42,53,61,67
20160115 05:25,65,0,67,0,62,0,32,90,69,17,10207,28,42,53,61,67
20160115 05:26,64,0,66,0,65,0,32,90,69,17,10207,28,42,53,61,67
20160115 05:27,74,0,68,0,83,0,32,90,69,17,10207,28,42,53,61,67
20160115 05:28,82,0,70,0,81,0,32,90,69,17,10207,28,42,53,61,67
20160115 05:29,87,0,72,0,94,0,32,90,69,17,10207,28,42,53,61,67
20160115 05:30,94,0,75,0,94,0,32,90,69,17,10207,28,42,53,61,67
20160115 05:31,90,1,77,1,85,5,32,90,69,17,10207,28,42,53,61,67
20160115 05:32,88,3,79,1,90,5,32,90,69,17,10208,28,42,53,61,67
20160115 05:33,87,3,80,1,83,4,32,90,69,17,10208,28,42,53,61,67
20160115 05:34,83,3,82,1,83,4,32,90,69,17,10208,28,42,53,61,66
20160115 05:35,88,2,85,1,93,3,31,90,69,16,10208,28,42,53,61,67
20160115 05:36,88,1,87,1,82,1,31,90,69,16,10208,28,42,53,61,67
20160115 05:37,81,0,86,1,79,1,31,90,69,16,10208,28,42,53,61,67
20160115 05:38,79,0,86,1,79,0,31,91,69,18,10208,28,42,53,61,67
20160115 05:39,76,0,84,1,74,0,31,91,69,18,10208,28,42,53,61,67
20160115 05:40,79,0,83,1,85,0,31,91,69,18,10208,28,42,53,61,66
20160115 05:41,92,0,85,1,100,0,31,91,69,18,10208,28,42,53,61,66
20160115 05:42,99,0,86,1,99,0,31,91,69,18,10208,28,42,53,61,66
20160115 05:43,104,0,88,0,110,1,31,91,69,18,10208,28,42,53,61,66
20160115 05:44,108,0,91,0,107,0,31,91,69,18,10208,28,42,53,61,66
20160115 05:45,106,0,92,0,105,0,31,91,69,18,10208,28,42,53,61,66
20160115 05:46,100,0,93,0,95,0,31,91,69,18,10209,28,42,53,61,66
20160115 05:47,89,0,94,0,83,0,31,91,69,18,10209,28,42,53,61,66
20160115 05:48,79,0,93,0,74,0,31,91,69,18,10209,28,42,53,61,66
20160115 05:49,70,0,92,0,66,0,31,91,69,18,10210,28,42,53,61,66
20160115 05:50,64,0,90,0,61,0,31,91,69,18,10210,28,42,53,61,66
20160115 05:51,59,0,86,0,58,0,31,91,69,18,10210,27,42,53,61,66
20160115 05:52,62,0,82,0,66,0,30,91,69,17,10210,27,42,53,61,66
20160115 05:53,70,0,79,0,74,0,30,91,69,17,10210,27,42,53,61,66
20160115 05:54,78,0,76,0,82,0,30,91,69,17,10210,27,42,53,61,66
20160115 05:55,74,0,73,0,67,0,30,92,70,18,10210,27,42,53,61,66
20160115 05:56,73,0,71,0,79,0,30,92,70,18,10210,27,42,53,61,66
20160115 05:57,77,0,70,0,74,0,30,92,70,18,10210,26,42,53,61,66
20160115 05:58,75,0,70,0,76,0,30,92,70,18,10210,26,42,53,61,66
20160115 05:59,77,0,72,0,78,0,30,92,70,18,10210,26,41,53,61,66
20160115 06:00,79,0,73,0,79,2,30,92,70,18,10210,26,41,53,61,66
20160115 06:01,74,2,75,0,70,3,30,92,70,18,10210,26,41,53,61,66
20160115 06:02,72,2,75,1,75,3,30,92,70,18,10210,26,41,53,61,66
20160115 06:03,77,1,76,1,78,1,30,92,70,18,10210,25,41,53,61,66
20160115 06:04,74,0,75,1,69,0,29,92,69,17,10210,25,41,53,61,66
20160115 06:05,73,0,75,1,76,0,29,92,69,17,10211,25,41,53,61,66
20160115 06:06,79,0,76,1,83,0,29,92,69,17,10210,25,41,53,61,66
20160115 06:07,87,0,78,1,92,0,29,92,69,17,10210,25,41,53,61,66
20160115 06:08,93,0,79,1,95,0,29,92,69,17,10210,25,41,53,61,66
20160115 06:09,95,0,81,1,95,0,29,92,69,17,10211,25,41,53,61,66
20160115 06:10,90,0,82,1,85,0,29,92,69,17,10211,25,41,53,61,66
20160115 06:11,85,0,83,0,85,0,29,92,69,17,10211,25,41,53,61,66
20160115 06:12,84,1,84,0,82,7,29,92,69,17,10211,25,41,53,61,66
20160115 06:13,81,5,84,1,81,9,29,92,69,17,10211,25,41,53,61,66
20160115 06:14,79,8,85,2,78,9,29,92,69,17,10211,25,41,53,61,66
20160115 06:15,80,8,86,3,82,8,29,92,69,17,10211,25,41,53,61,66
20160115 06:16,82,7,86,3,82,7,29,92,69,17,10211,25,41,53,61,66
20160115 06:17,82,7,85,4,83,8,29,92,69,17,10211,25,41,53,61,66
20160115 06:18,83,7,83,5,82,7,29,93,70,19,10211,25,41,53,61,66
20160115 06:19,83,6,82,5,83,6,28,93,69,18,10211,24,41,53,61,66
20160115 06:20,87,5,83,6,90,6,28,93,69,18,10211,24,41,53,61,66
20160115 06:21,91,5,84,6,93,5,28,93,69,18,10211,24,41,53,61,66
20160115 06:22,90,5,84,7,87,5,28,93,69,18,10211,24,41,53,61,66
20160115 06:23,86,5,84,6,85,5,28,93,69,18,10212,24,41,53,61,66
20160115 06:24,87,5,86,6,90,5,27,93,69,17,10212,23,41,53,61,66
20160115 06:25,97,4,88,6,104,5,27,93,69,17,10212,23,41,53,61,66
20160115 06:26,103,4,90,5,103,4,27,93,69,17,10212,23,41,53,61,66
20160115 06:27,100,4,91,5,98,5,27,93,69,17,10212,23,40,53,61,66
20160115 06:28,93,5,92,5,89,6,27,93,69,17,10212,22,40,52,61,66
20160115 06:29,85,6,92,5,80,7,27,93,69,17,10212,22,40,52,61,66
20160115 06:30,76,6,90,5,71,7,27,93,69,17,10212,21,40,52,61,66
20160115 06:31,68,6,87,5,65,6,27,93,69,17,10213,21,40,52,61,66
20160115 06:32,63,4,85,5,61,5,27,93,69,17,10213,21,40,52,61,66
20160115 06:33,59,3,82,5,57,3,26,93,68,16,10213,20,40,52,61,66
20160115 06:34,57,3,78,5,56,4,26,93,68,16,10213,19,40,52,61,66
20160115 06:35,57,3,74,5,58,3,26,93,68,16,10213,19,40,52,61,66
20160115 06:36,58,3,69,4,59,3,26,93,68,16,10213,19,40,52,61,66
20160115 06:37,55,4,65,4,52,7,26,93,68,16,10213,18,40,52,61,66
20160115 06:38,54,5,61,4,55,6,26,93,68,16,10213,18,40,52,61,66
20160115 06:39,60,5,60,4,64,6,26,93,68,16,10213,17,40,52,61,66
20160115 06:40,73,7,61,4,82,9,25,93,68,15,10213,16,40,52,61,66
20160115 06:41,80,8,62,5,78,9,25,93,68,15,10213,16,40,52,61,66
20160115 06:42,78,8,64,5,78,7,25,93,68,15,10213,15,40,52,61,66
20160115 06:43,83,7,67,5,87,8,25,93,68,15,10213,15,40,52,61,66
20160115 06:44,87,7,70,6,87,8,25,93,68,15,10213,14,40,52,61,66
20160115 06:45,88,7,73,6,89,7,25,93,68,15,10214,14,39,52,61,66
20160115 06:46,92,6,77,7,95,6,25,93,68,15,10214,13,39,52,61,66
20160115 06:47,98,6,82,7,100,6,24,93,67,14,10214,13,39,52,61,66
20160115 06:48,104,5,87,7,108,6,24,93,67,14,10214,12,39,52,61,66
20160115 06:49,105,4,91,7,102,5,24,93,67,14,10214,12,39,52,60,66
20160115 06:50,102,4,93,6,101,4,23,93,67,13,10214,12,39,52,60,66
20160115 06:51,99,4,95,6,98,5,23,93,67,13,10214,11,39,52,61,66
20160115 06:52,94,4,96,6,90,5,23,93,67,13,10214,11,39,52,61,66
20160115 06:53,89,5,96,5,88,6,23,93,67,13,10214,11,39,52,60,66
20160115 06:54,85,5,95,5,82,6,23,93,67,13,10214,11,38,52,60,66
20160115 06:55,80,5,94,5,78,6,22,93,67,12,10214,10,38,52,60,66
20160115 06:56,77,5,92,5,75,6,22,93,67,12,10215,10,38,52,60,66
20160115 06:57,78,4,90,5,81,5,22,93,67,12,10215,10,38,52,60,66
20160115 06:58,83,4,88,4,84,4,22,93,67,12,10215,9,38,52,60,66
20160115 06:59,87,4,87,4,90,5,21,93,66,11,10215,9,38,52,60,66
20160115 07:00,93,4,86,4,96,4,21,93,66,11,10215,9,38,52,60,66
20160115 07:01,100,4,87,4,105,4,21,93,66,11,10215,8,38,52,60,66
20160115 07:02,106,3,89,4,108,4,20,93,66,10,10215,8,37,52,60,66
20160115 07:03,111,3,91,4,115,4,20,93,66,10,10215,8,37,52,60,66
20160115 07:04,115,4,95,4,115,5,20,94,66,11,10215,8,37,52,60,66
20160115 07:05,119,5,99,4,124,5,20,94,66,11,10215,8,37,52,60,66
20160115 07:06,131,4,105,4,137,5,20,94,66,11,10215,7,37,52,60,66
20160115 07:07,138,3,111,4,139,3,19,94,66,10,10215,7,37,52,60,66
20160115 07:08,135,2,116,4,131,3,19,94,66,10,10216,7,37,52,60,66
20160115 07:09,134,1,121,3,137,2,19,94,66,10,10216,7,36,52,60,66
20160115 07:10,134,0,124,3,131,0,18,94,65,9,10216,7,36,52,60,66
20160115 07:11,131,0,127,3,131,0,18,94,65,9,10216,7,36,52,60,66
20160115 07:12,132,0,129,2,132,0,18,94,65,9,10216,7,36,52,60,66
20160115 07:13,134,0,131,2,136,0,18,94,65,9,10216,7,36,52,60,66
20160115 07:14,134,0,133,2,133,0,18,94,65,9,10216,7,36,52,60,66
20160115 07:15,133,0,134,1,132,0,17,94,65,8,10216,7,36,52,60,66
20160115 07:16,131,0,133,1,129,0,17,94,65,8,10216,7,36,51,60,66
20160115 07:17,127,0,132,0,126,0,17,94,65,8,10216,7,35,51,60,66
20160115 07:18,125,0,131,0,124,0,17,94,65,8,10216,7,35,51,60,66
20160115 07:19,126,0,130,0,128,0,17,94,65,8,10216,7,35,51,60,66
20160115 07:20,129,0,130,0,131,0,16,94,64,7,10216,7,35,51,60,66
20160115 07:21,132,0,130,0,132,0,16,94,64,7,10216,6,35,51,60,66
20160115 07:22,134,0,131,0,135,0,16,94,64,7,10216,6,35,51,60,66
20160115 07:23,136,0,131,0,137,0,16,94,64,7,10216,6,35,51,60,66
20160115 07:24,139,0,131,0,141,0,16,94,64,7,10216,6,35,51,60,66
20160115 07:25,142,0,133,0,144,0,16,94,64,7,10216,6,34,51,60,66
20160115 07:26,144,0,134,0,144,0,16,95,65,9,10216,6,34,51,60,66
20160115 07:27,144,0,136,0,144,0,15,95,65,8,10216,6,34,51,60,66
20160115 07:28,141,0,137,0,138,0,15,95,65,8,10216,7,34,51,60,66
20160115 07:29,134,0,138,0,131,0,15,95,65,8,10216,7,34,51,60,66
20160115 07:30,130,0,138,0,130,0,15,95,65,8,10216,7,34,51,60,66
20160115 07:31,127,0,137,0,124,0,15,95,65,8,10216,7,34,51,60,66
20160115 07:32,119,0,135,0,114,0,15,95,65,8,10216,7,34,51,60,66
20160115 07:33,109,2,132,0,105,5,15,95,65,8,10216,7,34,51,60,66
20160115 07:34,103,4,128,1,101,5,15,95,65,8,10216,7,34,51,60,66
20160115 07:35,100,5,123,1,99,5,15,95,65,8,10216,7,33,51,60,66
20160115 07:36,100,5,119,2,101,5,14,95,64,7,10216,7,33,51,60,66
20160115 07:37,101,5,114,2,101,5,14,95,64,7,10216,7,33,51,60,66
20160115 07:38,100,4,110,3,99,4,14,95,64,7,10216,7,33,51,60,66
20160115 07:39,98,4,107,3,97,5,14,95,64,7,10216,6,33,51,60,66
20160115 07:40,97,4,104,3,97,5,14,95,64,7,10216,6,33,50,60,66
20160115 07:41,96,4,101,4,95,5,14,95,64,7,10215,6,33,50,60,66
20160115 07:42,94,4,99,4,93,5,13,95,64,6,10215,6,33,50,60,66
20160115 07:43,93,4,98,4,93,5,13,95,64,6,10215,6,33,50,60,66
20160115 07:44,92,4,97,4,92,4,13,95,64,6,10215,6,33,50,60,66
20160115 07:45,92,4,96,4,93,5,13,95,64,6,10215,6,33,50,60,66
20160115 07:46,94,4,95,4,95,6,13,95,64,6,10215,6,33,50,60,66
20160115 07:47,95,5,95,4,95,7,13,95,64,6,10215,6,32,50,60,66
20160115 07:48,95,6,94,5,94,6,13,95,64,6,10215,6,32,50,60,66
20160115 07:49,95,6,94,5,96,7,13,95,64,6,10215,6,32,50,60,66
20160115 07:50,96,6,94,5,96,7,13,95,64,6,10215,6,32,50,60,66
20160115 07:51,98,6,95,5,100,6,14,95,64,7,10215,6,32,50,60,66
20160115 07:52,103,6,96,5,107,6,14,95,64,7,10215,7,32,50,60,66
20160115 07:53,109,5,98,5,110,5,13,95,64,6,10216,7,32,50,60,66
20160115 07:54,111,4,100,5,113,4,13,95,64,6,10216,7,32,50,60,66
20160115 07:55,115,4,102,5,117,4,13,95,64,6,10216,7,32,50,60,66
20160115 07:56,120,3,105,5,123,5,13,95,64,6,10216,8,32,50,60,66
20160115 07:57,121,4,107,5,119,5,13,95,64,6,10216,8,32,50,60,66
20160115 07:58,118,4,110,5,116,4,13,95,64,6,10216,9,32,50,60,66
20160115 07:59,115,4,112,5,114,4,13,95,64,6,10216,9,32,50,60,66
20160115 08:00,112,4,113,4,111,4,13,95,64,6,10216,10,32,50,60,66
20160115 08:01,112,3,114,4,114,3,13,95,64,6,10216,10,31,50,60,66
20160115 08:02,114,3,115,4,115,3,13,95,64,6,10217,10,31,50,59,66
20160115 08:03,119,2,116,3,122,3,13,95,64,6,10217,11,31,49,59,66
20160115 08:04,125,2,118,3,128,3,13,95,64,6,10217,11,31,49,59,66
20160115 08:05,128,2,119,3,128,3,13,95,64,6,10217,12,31,49,59,66
20160115 08:06,127,2,119,3,127,3,13,95,64,6,10217,13,31,49,59,66
20160115 08:07,127,2,120,3,127,3,13,96,64,7,10217,14,31,49,59,66
20160115 08:08,125,2,121,3,123,2,13,96,64,7,10217,16,31,49,59,66
20160115 08:09,121,1,121,2,118,1,13,96,64,7,10217,17,31,49,59,66
20160115 08:10,117,0,122,2,115,1,13,96,64,7,10217,18,31,49,59,66
20160115 08:11,115,0,122,2,115,0,13,96,64,7,10217,20,31,49,59,66
20160115 08:12,116,0,122,1,116,0,13,96,64,7,10217,21,31,49,59,66
20160115 08:13,117,0,121,1,117,0,14,96,65,8,10217,23,31,49,59,66
20160115 08:14,118,0,120,1,118,0,14,96,65,8,10216,24,31,49,59,66
20160115 08:15,118,0,119,1,118,3,15,96,65,9,10216,26,31,49,59,66
20160115 08:16,121,2,119,1,125,4,16,96,66,10,10216,27,31,49,59,66
20160115 08:17,125,4,119,1,126,5,17,96,66,11,10217,28,31,49,59,65
20160115 08:18,126,5,119,2,126,6,18,96,67,12,10217,29,31,49,59,65
20160115 08:19,127,5,120,2,128,6,19,96,67,13,10217,30,31,49,59,65
20160115 08:20,128,5,122,2,128,6,19,96,67,13,10217,31,31,49,59,65
20160115 08:21,125,5,122,3,122,5,20,96,68,14,10217,32,32,49,59,65
20160115 08:22,120,4,123,3,118,5,20,96,68,14,10217,33,32,49,59,65
20160115 08:23,118,3,123,4,117,3,20,96,68,14,10217,34,32,49,59,65
20160115 08:24,121,1,123,4,126,1,20,96,68,14,10217,35,32,49,59,65
20160115 08:25,122,0,124,3,119,0,21,96,68,15,10217,36,32,48,59,65
20160115 08:26,123,0,124,3,126,0,21,96,68,15,10218,36,32,49,59,65
20160115 08:27,119,0,122,3,113,0,22,96,69,16,10218,37,32,48,59,65
20160115 08:28,109,0,120,2,106,0,22,96,69,16,10218,38,33,48,59,65
20160115 08:29,99,0,117,2,91,0,22,97,69,18,10218,39,33,48,59,65
20160115 08:30,87,0,112,1,83,0,23,97,70,19,10218,39,33,48,59,65
20160115 08:31,70,0,106,1,57,0,23,97,70,19,10218,40,33,48,59,65
20160115 08:32,52,0,99,0,47,0,24,97,70,20,10218,41,33,48,59,65
20160115 08:33,40,0,91,0,32,0,25,97,71,21,10218,42,34,48,59,65
20160115 08:34,39,0,82,0,47,0,25,97,71,21,10218,43,34,48,59,65
20160115 08:35,46,0,74,0,45,0,26,97,71,22,10218,44,34,48,59,65
20160115 08:36,53,0,68,0,61,0,26,97,71,22,10218,45,34,48,59,65
20160115 08:37,76,0,66,0,91,0,27,97,72,23,10218,47,34,48,59,65
20160115 08:38,109,0,68,0,132,0,28,97,72,24,10218,49,35,48,59,65
20160115 08:39,118,0,69,0,103,0,29,97,73,25,10218,50,35,48,59,65
20160115 08:40,95,0,69,0,89,0,30,97,73,26,10218,52,35,48,59,65
20160115 08:41,90,0,73,0,90,0,31,97,74,27,10218,53,35,48,59,65
20160115 08:42,91,0,78,0,92,0,32,97,75,28,10218,55,35,48,59,65
20160115 08:43,106,0,87,0,120,0,33,97,75,29,10218,56,36,48,59,65
20160115 08:44,129,0,96,0,139,0,34,97,76,30,10218,58,36,48,59,65
20160115 08:45,129,0,104,0,119,1,35,97,76,31,10218,59,36,48,59,65
20160115 08:46,124,0,110,0,129,0,36,97,77,32,10218,61,37,48,59,65
20160115 08:47,137,0,116,0,145,0,37,96,76,31,10219,62,37,48,59,65
20160115 08:48,136,0,115,0,126,0,37,96,76,31,10219,62,37,48,58,65
20160115 08:49,129,0,118,0,133,0,37,96,76,31,10219,63,37,48,58,65
20160115 08:50,132,0,123,0,130,0,38,96,77,32,10219,64,38,48,58,65
20160115 08:51,137,0,128,0,145,0,39,95,77,32,10219,64,38,48,58,65
20160115 08:52,143,0,133,0,142,0,39,95,77,32,10220,64,38,48,58,65
20160115 08:53,115,0,129,0,82,0,39,95,77,32,10220,64,39,48,58,65
20160115 08:54,71,0,122,0,61,0,40,95,77,33,10220,64,39,48,58,65
20160115 08:55,71,0,119,0,81,0,40,95,77,33,10220,65,39,48,58,65
20160115 08:56,71,0,112,0,62,0,40,95,77,33,10221,66,40,48,58,65
20160115 08:57,37,0,100,0,11,0,41,95,78,34,10221,68,40,48,58,65
20160115 08:58,12,0,88,0,14,0,42,94,77,33,10221,69,40,48,58,65
20160115 08:59,18,0,74,0,22,0,42,94,77,33,10221,71,41,48,58,65
20160115 09:00,32,0,63,0,43,0,43,94,78,34,10221,72,41,48,58,65
20160115 09:01,55,0,56,0,66,0,44,94,79,35,10221,74,41,48,58,65
20160115 09:02,63,0,51,0,61,0,46,94,80,37,10221,76,42,48,58,65
20160115 09:03,86,0,53,0,112,0,47,94,80,38,10221,78,42,48,58,65
20160115 09:04,109,0,58,0,106,0,48,93,80,38,10221,80,43,48,58,65
20160115 09:05,126,0,62,0,148,0,49,92,80,37,10221,82,43,48,58,65
20160115 09:06,159,0,71,0,169,0,50,91,79,37,10222,83,43,48,58,65
20160115 09:07,163,0,89,0,158,0,51,89,78,34,10222,85,44,48,58,65
20160115 09:08,164,0,107,0,169,0,52,89,79,35,10222,87,44,48,58,65
20160115 09:09,171,0,123,0,177,0,52,88,78,34,10222,88,44,48,58,65
20160115 09:10,32,0,124,0,15,0,52,88,78,34,10222,89,45,48,58,65
20160115 09:11,17,0,123,0,18,0,53,86,77,32,10222,91,45,48,58,65
20160115 09:12,49,0,127,0,99,0,53,85,76,30,10222,92,46,48,58,65
20160115 09:13,121,0,131,0,136,0,55,84,76,30,10222,92,46,48,58,65
20160115 09:14,164,0,144,0,193,0,56,82,75,28,10222,93,46,49,58,65
20160115 09:15,211,1,155,0,228,4,57,79,72,23,10223,94,47,49,58,65
20160115 09:16,225,3,164,1,222,4,58,73,67,13,10223,95,47,49,58,65
20160115 09:17,218,4,176,1,213,5,58,70,65,8,10223,96,48,49,58,65
20160115 09:18,205,4,182,1,197,7,58,69,64,6,10223,97,48,49,58,65
20160115 09:19,204,5,190,2,210,8,59,69,64,7,10223,98,49,49,58,65
20160115 09:20,219,5,197,2,229,8,61,70,66,10,10223,100,49,49,58,65
20160115 09:21,226,4,200,3,223,7,62,68,64,7,10223,100,50,49,58,65
20160115 09:22,214,6,207,4,205,12,62,67,63,5,10224,100,50,49,58,65
20160115 09:23,205,8,212,4,204,9,63,68,65,8,10224,100,51,49,58,65
20160115 09:24,193,6,211,5,181,9,63,68,65,8,10224,101,51,49,58,65
20160115 09:25,186,7,208,6,191,11,65,68,66,10,10224,103,52,49,58,65
20160115 09:26,193,8,205,6,195,9,65,67,65,8,10225,104,52,49,58,65
20160115 09:27,193,7,203,6,191,11,66,67,65,9,10224,105,53,49,58,65
20160115 09:28,191,6,202,6,191,6,67,67,66,10,10224,106,53,49,58,65
20160115 09:29,178,4,198,6,166,7,68,68,67,13,10224,108,53,49,58,65
20160115 09:30,182,4,195,6,198,9,68,68,67,13,10224,109,54,50,58,65
20160115 09:31,203,5,193,6,207,9,69,67,67,12,10224,110,54,50,58,65
20160115 09:32,208,9,193,7,209,16,70,66,66,11,10224,111,55,50,58,65
20160115 09:33,211,11,194,7,213,14,70,64,64,7,10224,111,55,50,58,65
20160115 09:34,208,9,197,7,203,12,70,64,64,7,10224,112,56,50,58,65
20160115 09:35,199,9,197,7,194,12,71,64,65,8,10224,113,56,50,58,65
20160115 09:36,194,10,197,8,193,16,72,64,65,9,10224,113,57,50,58,65
20160115 09:37,214,11,201,8,234,13,72,64,65,9,10225,113,57,50,58,65
20160115 09:38,242,9,207,8,250,10,72,64,65,9,10225,113,58,50,58,65
20160115 09:39,238,6,212,8,225,8,72,64,65,9,10225,114,58,50,58,65
20160115 09:40,217,4,214,8,210,8,72,64,65,9,10225,115,59,51,58,65
20160115 09:41,192,6,210,9,174,12,73,64,65,9,10225,116,59,51,58,65
20160115 09:42,200,9,213,8,231,12,74,65,67,13,10225,117,59,51,58,65
20160115 09:43,247,10,217,9,259,13,74,65,67,13,10225,118,60,51,58,65
20160115 09:44,261,9,223,8,262,10,74,64,66,10,10225,118,60,51,58,65
20160115 09:45,249,5,228,8,237,6,73,63,64,7,10225,119,61,51,58,65
20160115 09:46,227,6,231,8,217,12,73,64,65,9,10224,120,61,51,58,64
20160115 09:47,217,11,229,8,217,19,74,64,66,10,10225,121,62,51,58,64
20160115 09:48,218,14,225,8,219,19,75,63,65,9,10225,121,62,51,58,64
20160115 09:49,239,15,229,9,259,19,76,64,67,12,10225,122,63,52,58,64
20160115 09:50,265,17,235,11,271,23,76,63,66,10,10225,122,63,52,58,64
20160115 09:51,271,19,244,12,271,26,76,63,66,10,10225,121,64,52,58,64
20160115 09:52,274,18,249,13,276,20,76,63,66,10,10225,120,64,52,58,64
20160115 09:53,282,16,252,13,288,18,76,61,64,6,10225,119,64,52,58,64
20160115 09:54,282,15,253,14,275,18,75,62,64,7,10225,120,65,52,58,64
20160115 09:55,268,14,256,15,260,18,76,63,66,10,10225,121,65,52,58,64
20160115 09:56,257,13,260,15,254,19,76,63,66,10,10225,122,66,52,58,64
20160115 09:57,239,14,260,16,224,21,76,63,66,10,10225,122,66,53,58,64
20160115 09:58,228,16,261,16,231,22,76,63,66,10,10224,123,67,53,58,64
20160115 09:59,242,18,261,16,253,26,76,63,66,10,10224,124,67,53,58,64
20160115 10:00,257,16,260,16,263,19,77,63,66,11,10224,124,67,53,58,64
20160115 10:01,262,13,259,15,262,19,77,65,68,15,10224,125,68,53,58,64
20160115 10:02,261,18,257,16,261,28,77,63,66,11,10224,125,68,53,58,64
20160115 10:03,266,20,256,16,272,24,78,64,68,14,10224,125,69,53,58,64
20160115 10:04,278,17,257,16,284,22,78,63,67,12,10223,125,69,54,58,64
20160115 10:05,277,16,258,16,270,25,78,63,67,12,10223,126,69,54,58,64
20160115 10:06,279,17,261,17,288,24,78,63,67,12,10223,127,70,54,58,64
20160115 10:07,295,20,269,17,302,24,78,63,67,12,10223,128,70,54,58,64
20160115 10:08,293,18,274,17,284,20,77,62,65,9,10223,128,71,54,58,64
20160115 10:09,278,13,276,16,272,17,78,63,67,12,10223,130,71,54,58,64
20160115 10:10,276,12,277,17,280,20,78,64,68,14,10222,131,71,54,58,64
20160115 10:11,285,16,280,17,290,25,78,63,67,12,10222,131,72,55,58,64
20160115 10:12,259,18,278,17,235,24,79,63,67,13,10222,132,72,55,58,64
20160115 10:13,248,17,277,16,260,18,79,63,67,13,10222,132,72,55,58,64
20160115 10:14,247,16,272,16,233,22,79,63,67,13,10222,133,73,55,59,64
20160115 10:15,232,15,268,16,232,18,80,63,68,14,10221,134,73,55,59,64
20160115 10:16,246,17,265,17,261,27,80,63,68,14,10221,136,73,55,59,64
20160115 10:17,282,21,265,17,301,27,80,63,68,14,10221,137,74,55,59,64
20160115 10:18,302,20,267,17,303,21,81,64,69,17,10220,139,74,56,59,64
20160115 10:19,299,17,269,17,296,24,81,62,67,13,10220,140,74,56,59,64
20160115 10:20,292,15,270,17,287,23,81,62,67,13,10219,142,75,56,59,64
20160115 10:21,290,11,270,16,292,14,81,64,69,17,10219,143,75,56,59,64
20160115 10:22,280,15,274,17,269,25,82,63,68,16,10219,144,76,56,59,64
20160115 10:23,262,19,273,17,256,22,83,64,70,19,10219,145,76,56,59,64
20160115 10:24,267,17,278,17,278,23,82,62,67,14,10219,145,76,57,59,64
20160115 10:25,285,20,284,18,292,27,83,63,69,17,10220,145,77,57,59,64
20160115 10:26,294,22,287,18,296,29,83,62,68,15,10220,145,77,57,59,64
20160115 10:27,293,20,286,17,290,23,83,62,68,15,10220,145,78,57,59,64
20160115 10:28,294,20,286,18,299,25,83,63,69,17,10220,146,78,57,59,64
20160115 10:29,288,18,284,17,277,20,82,62,67,14,10220,146,78,57,59,64
20160115 10:30,258,16,279,18,239,30,83,63,69,17,10220,146,79,57,59,64
20160115 10:31,249,21,276,20,259,33,83,62,68,15,10220,147,79,58,59,64
20160115 10:32,263,23,275,20,267,25,83,62,68,15,10220,147,80,58,59,64
20160115 10:33,280,22,279,20,293,30,83,62,68,15,10220,148,80,58,59,64
20160115 10:34,286,21,279,20,279,29,83,63,69,17,10220,149,80,58,59,64
20160115 10:35,279,23,278,21,279,32,84,63,69,18,10220,149,81,58,59,64
20160115 10:36,283,26,277,21,286,34,84,62,68,15,10219,148,81,58,59,64
20160115 10:37,285,24,277,22,285,28,83,62,68,15,10219,148,82,59,60,64
20160115 10:38,263,18,271,21,240,22,84,64,71,20,10219,149,82,59,60,64
20160115 10:39,249,17,268,21,256,27,85,64,71,21,10219,150,82,59,60,64
20160115 10:40,252,25,269,23,248,36,85,64,71,21,10219,152,83,59,60,64
20160115 10:41,257,26,270,22,266,27,86,64,71,22,10219,152,83,59,60,64
20160115 10:42,257,20,268,22,249,23,86,64,71,22,10219,152,84,59,60,64
20160115 10:43,251,21,264,22,253,28,87,64,72,23,10219,152,84,60,60,64
20160115 10:44,255,22,262,22,257,27,86,63,70,20,10219,151,84,60,60,64
20160115 10:45,263,21,261,22,268,29,86,63,70,20,10219,152,85,60,60,64
20160115 10:46,270,21,259,21,272,23,86,62,69,17,10218,153,85,60,60,64
20160115 10:47,268,17,257,20,264,20,86,63,70,20,10218,152,85,60,60,64
20160115 10:48,252,19,257,21,241,37,86,64,71,22,10218,154,86,60,60,64
20160115 10:49,243,25,256,22,244,46,86,63,70,20,10218,155,86,61,60,64
20160115 10:50,248,31,257,22,252,42,86,63,70,20,10217,156,86,61,60,65
20160115 10:51,249,36,254,24,245,43,86,63,70,20,10217,157,87,61,60,64
20160115 10:52,247,30,254,25,249,32,86,63,70,20,10217,158,87,61,60,64
20160115 10:53,250,24,254,25,250,32,87,64,72,23,10217,158,87,61,60,64
20160115 10:54,249,27,253,26,247,42,88,64,72,24,10217,159,88,61,60,65
20160115 10:55,255,26,253,26,264,31,87,63,71,21,10217,160,88,62,61,65
20160115 10:56,263,23,252,26,262,29,88,64,72,24,10217,161,88,62,61,65
20160115 10:57,263,24,252,27,263,31,88,64,72,24,10217,160,89,62,61,65
20160115 10:58,266,26,254,28,268,37,88,63,71,22,10216,160,89,62,61,65
20160115 10:59,266,25,256,27,264,29,88,62,70,19,10216,161,89,62,61,65
20160115 11:00,266,20,258,25,268,30,88,63,71,22,10216,162,90,63,61,65
20160115 11:01,256,18,258,23,243,34,88,63,71,22,10216,163,90,63,61,65
20160115 11:02,242,23,257,24,241,40,88,63,71,22,10216,162,90,63,61,65
20160115 11:03,245,28,257,24,249,30,88,63,71,22,10216,160,91,63,61,65
20160115 11:04,254,25,258,23,260,27,88,64,72,24,10215,160,91,63,61,65
20160115 11:05,246,25,255,24,231,38,88,63,71,22,10215,162,91,63,61,65
20160115 11:06,246,27,255,24,261,36,88,64,72,24,10215,162,92,64,61,65
20160115 11:07,257,24,254,24,253,33,89,64,73,25,10215,164,92,64,61,65
20160115 11:08,256,24,253,24,258,35,90,64,73,26,10215,166,92,64,61,65
20160115 11:09,287,27,257,24,315,33,90,64,73,26,10215,166,93,64,61,65
20160115 11:10,301,23,259,24,288,29,90,64,73,26,10215,167,93,64,62,65
20160115 11:11,304,18,267,24,320,22,91,64,74,27,10214,169,93,64,62,65
20160115 11:12,289,15,268,23,254,20,92,65,76,30,10214,172,94,65,62,65
20160115 11:13,252,23,268,23,250,45,92,63,73,25,10214,173,94,65,62,65
20160115 11:14,255,28,268,23,260,31,92,63,73,25,10213,172,94,65,62,65
20160115 11:15,268,29,273,24,276,45,92,63,73,25,10213,173,95,65,62,65
20160115 11:16,282,34,276,25,288,44,92,62,72,23,10213,173,95,65,62,65
20160115 11:17,292,34,280,26,296,41,92,62,72,23,10213,170,95,65,62,65
20160115 11:18,294,28,284,26,291,29,90,61,70,19,10212,164,96,66,62,65
20160115 11:19,295,22,282,25,298,26,90,62,71,21,10212,160,96,66,62,65
20160115 11:20,312,23,286,26,326,37,90,62,71,21,10212,158,96,66,62,65
20160115 11:21,313,31,284,28,299,42,90,63,72,23,10212,158,97,66,62,65
20160115 11:22,288,32,286,29,277,36,90,62,71,21,10212,159,97,66,62,65
20160115 11:23,287,27,291,28,297,33,90,63,72,23,10212,159,97,67,63,65
20160115 11:24,289,25,293,28,282,30,90,63,72,23,10212,160,98,67,63,65
20160115 11:25,291,26,295,28,300,36,90,63,72,23,10212,161,98,67,63,65
20160115 11:26,301,31,297,28,303,43,90,63,72,23,10211,160,98,67,63,65
20160115 11:27,296,31,296,27,289,35,90,63,72,23,10211,158,98,67,63,65
20160115 11:28,291,26,296,27,293,35,89,63,72,22,10210,157,99,67,63,65
20160115 11:29,281,29,293,29,269,43,90,63,72,23,10210,160,99,68,63,65
20160115 11:30,280,32,290,29,292,37,90,63,72,23,10210,163,99,68,63,65
20160115 11:31,295,35,290,29,298,49,91,63,73,24,10210,164,99,68,63,65
20160115 11:32,307,32,294,29,317,33,91,63,73,24,10210,166,99,68,63,65
20160115 11:33,309,26,295,29,302,36,91,63,73,24,10210,167,99,68,63,65
20160115 11:34,301,28,296,30,301,38,90,62,71,21,10210,163,100,68,63,65
20160115 11:35,299,32,296,31,297,47,90,63,72,23,10210,160,100,69,63,65
20160115 11:36,298,33,296,30,299,40,90,62,71,21,10209,159,100,69,64,65
20160115 11:37,302,31,297,31,304,40,89,62,71,20,10209,157,100,69,64,65
20160115 11:38,306,30,299,31,308,38,89,63,72,22,10209,156,100,69,64,65
20160115 11:39,298,31,300,31,287,40,89,63,72,22,10209,155,101,69,64,65
20160115 11:40,278,33,298,31,269,40,89,63,72,22,10209,153,101,70,64,65
20160115 11:41,271,27,296,30,272,29,89,63,72,22,10209,152,101,70,64,65
20160115 11:42,277,23,292,30,282,38,90,64,73,26,10209,153,101,70,64,66
20160115 11:43,276,20,289,28,271,22,90,63,72,23,10209,159,101,70,64,66
20160115 11:44,264,17,285,27,257,26,91,63,73,24,10209,165,101,70,64,66
20160115 11:45,254,27,280,27,251,45,91,62,72,22,10209,169,101,70,64,66
20160115 11:46,258,33,276,27,265,44,91,62,72,22,10208,171,102,71,64,66
20160115 11:47,269,32,273,27,273,49,92,63,73,25,10208,172,102,71,64,66
20160115 11:48,270,30,270,27,268,37,92,62,72,23,10208,174,102,71,65,66
20160115 11:49,262,23,267,26,257,23,93,63,74,26,10208,178,102,71,65,66
20160115 11:50,252,21,264,25,248,35,93,62,73,24,10208,180,102,71,65,66
20160115 11:51,256,27,264,26,264,40,93,61,71,22,10208,182,102,71,65,66
20160115 11:52,264,27,262,26,264,33,93,61,71,22,10208,184,102,72,65,66
20160115 11:53,255,23,259,26,245,36,93,62,73,24,10207,186,103,72,65,66
20160115 11:54,269,30,262,28,290,50,95,63,75,28,10207,186,103,72,65,66
20160115 11:55,285,35,265,28,280,41,95,62,74,26,10208,180,103,72,65,66
20160115 11:56,283,30,268,28,286,35,94,61,72,23,10208,170,103,72,65,66
20160115 11:57,292,27,270,27,298,31,93,61,71,22,10208,164,104,72,65,66
20160115 11:58,308,24,275,26,318,27,92,61,71,21,10207,160,104,73,65,66
20160115 11:59,316,20,281,26,314,22,91,61,70,20,10207,156,104,73,66,66
20160115 12:00,297,17,284,26,278,22,91,62,72,22,10206,153,105,73,66,66
20160115 12:01,270,16,284,24,263,22,91,63,73,24,10206,151,105,73,66,66
20160115 12:02,278,20,287,24,292,27,91,62,72,22,10205,150,105,73,66,66
20160115 12:03,287,25,290,25,282,37,91,63,73,24,10205,155,105,73,66,66
20160115 12:04,287,29,290,24,291,36,91,62,72,22,10205,160,106,74,66,66
20160115 12:05,283,31,290,24,275,42,92,62,72,23,10205,164,106,74,66,66
20160115 12:06,282,33,290,24,289,42,92,61,71,21,10205,167,106,74,66,66
20160115 12:07,281,27,287,24,272,26,92,60,70,18,10205,170,106,74,66,66
20160115 12:08,268,20,282,24,264,27,93,61,71,22,10204,172,106,74,66,66
20160115 12:09,249,24,274,24,235,32,94,61,72,23,10204,170,106,74,66,66
20160115 12:10,243,25,272,25,252,32,94,60,71,20,10204,168,106,74,67,66
20160115 12:11,250,28,270,27,249,44,93,60,70,19,10204,166,106,75,67,67
20160115 12:12,256,32,267,28,262,40,93,60,70,19,10204,161,106,75,67,67
20160115 12:13,266,29,266,28,269,33,92,58,67,14,10204,156,106,75,67,67
20160115 12:14,280,27,266,27,292,33,92,58,67,14,10204,154,107,75,67,67
20160115 12:15,287,22,267,26,283,32,92,59,69,16,10204,158,107,75,67,67
20160115 12:16,273,22,264,25,264,36,93,59,69,17,10203,161,107,75,67,67
20160115 12:17,258,24,262,25,252,33,94,59,70,18,10203,166,107,76,67,67
20160115 12:18,251,26,261,26,251,38,94,58,68,16,10203,170,107,76,67,67
20160115 12:19,245,25,261,26,239,33,95,57,68,14,10202,171,107,76,67,67
20160115 12:20,249,22,262,26,260,35,95,57,68,14,10202,172,107,76,67,67
20160115 12:21,257,33,262,26,253,47,95,56,66,12,10202,173,107,76,68,67
20160115 12:22,256,37,262,27,259,44,95,54,64,7,10202,174,107,76,68,67
20160115 12:23,254,25,260,26,248,27,95,55,65,9,10202,176,107,76,68,67
20160115 12:24,259,18,258,25,270,35,95,55,65,9,10202,179,107,77,68,67
20160115 12:25,274,22,257,26,277,31,95,55,65,9,10202,182,108,77,68,67
20160115 12:26,257,21,254,25,233,25,96,54,65,8,10202,184,108,77,68,67
20160115 12:27,237,19,253,25,240,30,97,56,67,14,10202,187,108,77,68,67
20160115 12:28,237,22,251,24,235,32,97,56,67,14,10202,188,108,77,68,67
20160115 12:29,242,25,252,25,249,32,97,56,67,14,10202,190,108,77,68,67
20160115 12:30,253,26,252,25,257,35,97,56,67,14,10202,191,108,77,68,67
20160115 12:31,261,24,253,23,266,30,99,57,69,18,10202,192,109,77,68,67
20160115 12:32,260,24,253,23,254,37,99,56,68,15,10202,194,109,78,69,67
20160115 12:33,268,21,256,22,282,30,99,54,66,10,10202,194,109,78,69,67
20160115 12:34,286,25,258,24,290,40,99,55,67,13,10201,194,109,78,69,67
20160115 12:35,290,32,259,24,290,40,100,54,66,11,10201,192,110,78,69,67
20160115 12:36,292,29,266,25,294,36,99,53,65,8,10201,192,110,78,69,68
20160115 12:37,286,24,270,25,279,31,99,53,65,8,10200,192,111,78,69,68
20160115 12:38,272,20,273,25,266,31,99,53,65,8,10200,193,111,78,69,68
20160115 12:39,283,27,278,26,300,45,99,53,65,8,10200,189,111,79,69,68
20160115 12:40,303,34,283,27,306,40,99,53,65,8,10200,181,112,79,69,68
20160115 12:41,304,28,286,27,302,31,99,51,62,2,10199,176,112,79,69,68
20160115 12:42,298,22,290,26,294,27,99,52,63,5,10199,177,112,79,69,68
20160115 12:43,278,22,288,27,261,31,99,52,63,5,10199,181,112,79,70,68
20160115 12:44,263,24,286,26,265,33,99,48,59,-6,10199,184,113,79,70,68
20160115 12:45,272,23,285,25,278,34,100,49,60,-2,10198,184,113,79,70,68
20160115 12:46,283,24,284,25,289,35,100,47,58,-8,10198,183,113,80,70,68
20160115 12:47,270,22,281,25,252,32,101,48,59,-4,10198,184,114,80,70,68
20160115 12:48,251,25,280,26,250,36,100,48,59,-5,10198,183,114,80,70,68
20160115 12:49,269,30,279,25,288,38,100,48,59,-5,10197,182,114,80,70,68
20160115 12:50,303,28,280,25,317,37,100,48,59,-5,10197,181,114,80,70,68
20160115 12:51,311,25,280,25,305,33,101,48,59,-4,10197,181,114,80,70,68
20160115 12:52,286,28,277,26,265,50,101,49,61,-1,10197,183,115,80,70,68
20160115 12:53,262,31,277,26,260,41,101,45,56,-13,10197,184,115,81,70,68
20160115 12:54,266,26,278,26,273,36,101,45,56,-13,10197,184,115,81,71,68
20160115 12:55,284,22,279,26,296,29,101,45,56,-13,10197,184,115,81,71,68
20160115 12:56,304,30,282,28,312,45,102,43,53,-18,10196,185,115,81,71,68
20160115 12:57,310,33,288,28,308,41,101,42,52,-22,10196,185,115,81,71,69
20160115 12:58,304,30,292,28,299,35,101,44,54,-16,10196,185,115,81,71,69
20160115 12:59,300,27,294,28,300,35,100,43,53,-20,10196,185,116,81,71,69
20160115 13:00,294,23,291,28,288,28,99,43,52,-21,10196,187,116,82,71,69
20160115 13:01,282,22,288,27,276,26,99,44,54,-18,10196,188,116,82,71,69
20160115 13:02,264,20,287,26,253,28,100,45,55,-14,10195,189,116,82,71,69
20160115 13:03,251,21,286,25,249,26,100,46,56,-11,10195,189,116,82,71,69
20160115 13:04,261,20,286,25,275,24,101,46,57,-10,10195,188,116,82,71,69
20160115 13:05,276,21,284,25,278,31,101,46,57,-10,10195,187,117,82,72,69
20160115 13:06,295,26,284,24,312,37,102,47,58,-6,10195,187,117,82,72,69
20160115 13:07,301,27,282,24,290,33,102,47,58,-6,10195,187,117,83,72,69
20160115 13:08,288,23,281,22,286,23,102,46,57,-9,10195,186,117,83,72,69
20160115 13:09,301,23,282,23,314,46,102,46,57,-9,10195,185,117,83,72,69
20160115 13:10,305,27,283,23,295,38,102,45,56,-12,10195,185,117,83,72,69
20160115 13:11,285,26,283,24,275,34,102,45,56,-12,10195,184,118,83,72,69
20160115 13:12,272,27,284,25,269,38,102,44,55,-15,10195,184,118,83,72,69
20160115 13:13,290,28,290,25,311,36,101,44,54,-16,10195,183,118,83,72,69
20160115 13:14,301,22,292,25,292,23,102,43,53,-18,10195,182,118,84,72,69
20160115 13:15,285,23,292,26,278,46,101,42,52,-22,10195,184,118,84,72,69
20160115 13:16,274,29,288,26,270,41,102,44,55,-15,10195,185,118,84,73,69
20160115 13:17,271,34,286,27,271,44,102,43,53,-18,10195,185,118,84,73,69
20160115 13:18,280,31,286,28,289,35,101,41,51,-25,10195,184,119,84,73,70
20160115 13:19,281,26,282,27,272,35,101,41,51,-25,10195,183,119,84,73,70
20160115 13:20,269,34,279,29,266,54,101,41,51,-25,10195,182,119,84,73,70
20160115 13:21,259,40,277,30,253,47,101,41,51,-25,10195,179,119,85,73,70
20160115 13:22,263,33,277,30,274,39,101,40,49,-29,10195,178,119,85,73,70
20160115 13:23,272,28,273,30,270,33,101,41,51,-25,10195,176,119,85,73,70
20160115 13:24,275,28,272,31,280,39,101,41,51,-25,10195,177,119,85,73,70
20160115 13:25,293,27,275,31,306,35,101,40,49,-29,10195,178,119,85,73,70
20160115 13:26,312,23,280,30,318,30,101,41,51,-25,10194,180,119,85,74,70
20160115 13:27,331,17,286,28,343,18,101,40,49,-29,10194,181,119,85,74,70
20160115 13:28,326,15,288,27,308,39,101,41,51,-25,10194,182,119,85,74,70
20160115 13:29,302,28,291,28,293,50,101,40,49,-29,10194,183,119,86,74,70
20160115 13:30,273,34,290,27,257,40,101,41,51,-25,10194,183,119,86,74,70
20160115 13:31,277,26,294,25,297,28,102,43,53,-18,10194,183,119,86,74,70
20160115 13:32,296,19,297,24,296,22,102,41,51,-25,10194,183,120,86,74,70
20160115 13:33,296,16,299,23,296,17,102,41,51,-25,10194,185,120,86,74,70
20160115 13:34,280,14,298,21,262,22,102,41,51,-25,10194,185,120,86,74,70
20160115 13:35,246,24,291,22,230,40,102,42,52,-21,10194,187,120,86,74,70
20160115 13:36,230,30,281,23,229,34,102,41,51,-25,10194,188,120,86,74,70
20160115 13:37,213,21,268,23,196,20,101,39,48,-32,10194,188,120,87,74,71
20160115 13:38,209,15,258,22,221,20,102,40,50,-28,10194,190,120,87,75,71
20160115 13:39,222,14,250,20,223,16,102,40,50,-28,10194,191,120,87,75,71
20160115 13:40,227,14,247,18,231,16,102,40,50,-28,10194,192,120,87,75,71
20160115 13:41,253,13,245,17,275,17,103,40,50,-27,10194,193,120,87,75,71
20160115 13:42,287,19,246,18,300,49,103,42,53,-20,10194,193,120,87,75,71
20160115 13:43,306,30,246,20,311,43,103,42,53,-20,10193,191,120,87,75,71
20160115 13:44,309,35,251,22,307,42,103,43,54,-17,10193,188,121,88,75,71
20160115 13:45,306,32,260,22,305,39,103,43,54,-17,10193,185,121,88,75,71
20160115 13:46,298,24,268,21,291,25,103,43,54,-17,10193,186,121,88,75,71
20160115 13:47,303,20,280,22,315,30,103,43,54,-17,10193,187,121,88,75,71
20160115 13:48,330,20,292,22,344,27,104,43,54,-16,10193,187,121,88,75,71
20160115 13:49,338,23,303,23,333,30,104,42,53,-20,10193,188,121,88,76,71
20160115 13:50,329,29,311,25,324,54,104,42,53,-20,10193,188,121,88,76,71
20160115 13:51,313,34,313,28,301,44,104,41,52,-23,10193,188,122,88,76,71
20160115 13:52,291,30,311,28,281,35,105,41,52,-22,10193,187,122,88,76,71
20160115 13:53,266,22,306,26,250,26,105,38,48,-32,10193,188,122,89,76,71
20160115 13:54,260,20,302,25,269,28,105,38,48,-32,10192,188,122,89,76,71
20160115 13:55,276,21,299,24,284,29,106,38,49,-31,10192,189,122,89,76,71
20160115 13:56,286,27,299,25,289,46,107,36,46,-38,10192,190,122,89,76,72
20160115 13:57,289,30,296,26,290,39,107,35,45,-41,10192,190,122,89,76,72
20160115 13:58,282,25,289,26,274,37,108,36,47,-37,10192,191,122,89,76,72
20160115 13:59,276,26,284,27,278,35,109,34,44,-43,10192,189,123,89,76,72
20160115 14:00,276,27,279,26,274,41,109,35,46,-40,10192,187,123,89,77,72
20160115 14:01,272,28,276,25,270,41,108,32,41,-52,10193,185,123,89,77,72
20160115 14:02,269,28,275,25,267,32,107,32,41,-53,10193,184,123,90,77,72
20160115 14:03,266,29,276,27,264,42,107,34,44,-45,10193,184,123,90,77,72
20160115 14:04,267,30,276,27,270,40,107,34,44,-45,10193,183,123,90,77,72
20160115 14:05,272,23,275,27,274,22,106,33,42,-50,10193,182,123,90,77,72
20160115 14:06,279,18,275,26,285,21,106,34,43,-46,10192,182,123,90,77,72
20160115 14:07,288,18,275,25,292,27,106,35,45,-42,10192,183,123,90,77,72
20160115 14:08,291,19,276,25,291,26,106,33,42,-50,10192,183,123,90,77,72
20160115 14:09,311,20,281,24,331,32,106,34,43,-46,10192,182,123,90,77,72
20160115 14:10,314,18,283,23,295,23,106,35,45,-42,10192,182,123,90,77,72
20160115 14:11,276,21,282,22,258,38,107,35,45,-41,10192,182,123,91,78,72
20160115 14:12,247,24,279,22,237,34,107,35,45,-41,10192,182,123,91,78,72
20160115 14:13,247,28,279,22,258,42,107,34,44,-45,10192,180,123,91,78,72
20160115 14:14,264,31,279,22,269,38,106,35,45,-42,10192,178,123,91,78,73
20160115 14:15,275,26,279,23,281,33,106,35,45,-42,10192,176,123,91,78,73
20160115 14:16,273,23,277,23,265,33,106,36,46,-38,10192,176,123,91,78,73
20160115 14:17,271,20,276,23,276,29,106,36,46,-38,10192,176,123,91,78,73
20160115 14:18,279,16,274,22,281,21,106,35,45,-42,10192,177,123,91,78,73
20160115 14:19,265,19,267,23,250,37,106,36,46,-38,10192,177,123,91,78,73
20160115 14:20,266,24,266,24,282,32,107,36,46,-38,10192,176,123,92,78,73
20160115 14:21,269,23,266,23,256,32,106,35,45,-42,10192,176,123,92,78,73
20160115 14:22,254,23,267,23,252,31,107,37,48,-34,10192,176,123,92,78,73
20160115 14:23,253,24,267,22,254,32,106,35,45,-42,10192,176,123,92,79,73
20160115 14:24,258,22,266,22,262,29,106,36,46,-38,10192,176,123,92,79,73
20160115 14:25,259,19,263,21,256,21,107,36,46,-38,10192,176,123,92,79,73
20160115 14:26,242,13,260,20,226,13,107,36,46,-38,10192,175,123,92,79,73
20160115 14:27,244,13,258,20,260,20,107,35,45,-41,10192,176,123,92,79,73
20160115 14:28,261,20,256,21,263,46,107,35,45,-41,10192,176,123,92,79,73
20160115 14:29,273,27,259,21,283,41,108,35,45,-40,10192,176,123,92,79,73
20160115 14:30,298,31,262,22,312,45,107,33,42,-49,10192,175,123,93,79,73
20160115 14:31,299,31,265,23,284,46,107,33,42,-49,10192,174,123,93,79,73
20160115 14:32,285,28,269,23,286,38,107,32,41,-53,10192,172,123,93,79,74
20160115 14:33,288,22,272,22,290,23,106,32,41,-54,10192,171,123,93,79,74
20160115 14:34,298,21,277,23,306,33,107,34,44,-45,10192,170,123,93,79,74
20160115 14:35,312,26,284,24,319,35,106,33,42,-50,10192,170,123,93,80,74
20160115 14:36,315,24,292,25,312,28,105,33,42,-51,10192,168,123,93,80,74
20160115 14:37,314,21,297,25,317,34,105,33,42,-51,10192,168,123,93,80,74
20160115 14:38,310,28,301,27,302,45,105,34,43,-47,10192,168,123,93,80,74
20160115 14:39,307,30,304,26,312,33,105,34,43,-47,10192,166,123,93,80,74
20160115 14:40,313,20,304,25,314,24,104,35,44,-44,10192,165,122,93,80,74
20160115 14:41,314,18,307,23,314,22,104,35,44,-44,10192,165,122,93,80,74
20160115 14:42,304,22,308,23,293,44,104,36,45,-40,10192,165,122,94,80,74
20160115 14:43,298,31,309,25,303,50,105,36,46,-39,10192,163,122,94,80,74
20160115 14:44,304,38,309,26,306,47,105,35,44,-43,10192,161,122,94,80,74
20160115 14:45,304,35,308,27,303,39,104,34,43,-48,10192,159,122,94,80,74
20160115 14:46,303,31,307,28,304,42,104,35,44,-44,10192,159,122,94,80,74
20160115 14:47,310,31,307,29,316,45,104,35,44,-44,10192,157,122,94,81,74
20160115 14:48,312,37,307,30,308,51,103,35,44,-45,10192,155,122,94,81,74
20160115 14:49,314,35,308,30,319,41,103,36,45,-41,10192,154,122,94,81,75
20160115 14:50,318,27,308,31,317,37,103,36,45,-41,10191,154,122,94,81,75
20160115 14:51,317,30,309,32,318,42,103,35,44,-45,10191,153,121,94,81,75
20160115 14:52,309,30,309,33,301,39,103,35,44,-45,10191,152,121,94,81,75
20160115 14:53,296,25,308,31,292,51,103,35,44,-45,10191,152,121,94,81,75
20160115 14:54,296,30,308,31,300,51,103,35,44,-45,10191,151,121,94,81,75
20160115 14:55,299,40,307,32,299,52,102,35,44,-46,10191,149,121,94,81,75
20160115 14:56,300,41,307,33,301,51,102,35,44,-46,10191,149,121,95,81,75
20160115 14:57,296,30,304,32,290,34,102,34,42,-50,10191,148,120,95,81,75
20160115 14:58,291,22,303,30,293,24,102,34,42,-50,10191,149,120,95,81,75
20160115 14:59,304,19,303,29,315,23,102,34,42,-50,10191,149,120,95,82,75
20160115 15:00,317,19,303,29,320,27,102,35,44,-46,10191,150,120,95,82,75
20160115 15:01,320,21,303,27,321,26,102,35,44,-46,10191,150,120,95,82,75
20160115 15:02,313,22,304,27,305,31,102,36,45,-42,10191,150,120,95,82,75
20160115 15:03,300,29,304,28,296,45,103,36,45,-41,10191,149,119,95,82,75
20160115 15:04,299,33,304,28,302,44,103,36,45,-41,10191,148,119,95,82,75
20160115 15:05,296,30,303,26,290,38,103,36,45,-41,10192,148,119,95,82,75
20160115 15:06,285,29,301,25,280,39,103,36,45,-41,10192,146,119,95,82,75
20160115 15:07,277,29,300,26,275,40,103,36,45,-41,10192,145,119,95,82,75
20160115 15:08,275,30,298,27,275,39,103,35,44,-45,10192,144,118,95,82,76
20160115 15:09,283,27,296,28,292,32,103,35,44,-45,10192,144,118,95,82,76
20160115 15:10,292,24,293,28,292,31,103,36,45,-41,10192,143,118,95,82,76
20160115 15:11,290,22,290,28,288,27,103,36,45,-41,10192,143,118,95,82,76
20160115 15:12,290,25,288,28,292,41,103,36,45,-41,10192,142,118,95,82,76
20160115 15:13,298,28,289,27,305,45,103,35,44,-45,10192,141,117,95,83,76
20160115 15:14,301,31,289,28,298,48,102,35,44,-46,10192,139,117,95,83,76
20160115 15:15,299,33,290,28,301,37,102,35,44,-46,10192,138,117,95,83,76
20160115 15:16,304,27,293,27,307,33,102,35,44,-46,10192,137,117,95,83,76
20160115 15:17,303,19,295,26,300,19,102,36,45,-42,10192,136,117,95,83,76
20160115 15:18,280,14,294,24,261,19,102,36,45,-42,10192,136,117,96,83,76
20160115 15:19,265,18,291,24,268,33,102,36,45,-42,10192,137,116,96,83,76
20160115 15:20,261,24,288,24,255,33,102,36,45,-42,10193,136,116,96,83,76
20160115 15:21,261,28,285,25,266,40,102,36,45,-42,10193,135,116,96,83,76
20160115 15:22,269,27,283,25,271,29,102,37,46,-38,10193,134,116,96,83,76
20160115 15:23,268,22,279,24,264,27,102,37,46,-38,10192,134,116,96,83,76
20160115 15:24,272,22,277,23,280,50,102,37,46,-38,10192,133,115,96,83,76
20160115 15:25,282,32,275,24,283,44,102,37,46,-38,10192,132,115,96,83,76
20160115 15:26,282,37,273,25,281,42,101,36,44,-43,10192,130,115,96,83,77
20160115 15:27,286,32,272,26,291,36,101,36,44,-43,10193,129,115,96,83,77
20160115 15:28,299,26,277,27,307,31,100,37,45,-40,10193,128,115,96,84,77
20160115 15:29,312,23,281,27,316,30,100,36,44,-44,10193,127,114,96,84,77
20160115 15:30,311,23,286,27,306,32,100,36,44,-44,10193,127,114,96,84,77
20160115 15:31,311,20,291,26,315,25,100,37,45,-40,10193,127,114,96,84,77
20160115 15:32,320,21,297,26,325,37,100,37,45,-40,10193,127,114,96,84,77
20160115 15:33,328,22,304,26,331,31,99,37,45,-41,10193,126,113,96,84,77
20160115 15:34,325,17,307,25,318,20,99,38,46,-37,10193,126,113,96,84,77
20160115 15:35,324,20,312,23,329,33,99,38,46,-37,10193,126,113,96,84,77
20160115 15:36,320,25,315,22,311,31,99,38,46,-37,10193,125,113,96,84,77
20160115 15:37,301,22,315,21,292,26,99,39,48,-34,10193,125,112,96,84,77
20160115 15:38,302,22,316,21,312,33,99,39,48,-34,10193,125,112,96,84,77
20160115 15:39,312,27,315,22,312,39,99,39,48,-34,10193,124,112,96,84,77
20160115 15:40,303,26,314,22,294,28,99,39,48,-34,10193,123,112,96,84,77
20160115 15:41,290,26,311,24,286,45,99,41,50,-27,10193,123,111,96,84,77
20160115 15:42,288,32,307,24,290,42,99,39,48,-34,10193,122,111,96,84,77
20160115 15:43,290,26,303,24,289,30,99,40,49,-31,10193,121,111,96,84,77
20160115 15:44,292,22,301,25,295,29,99,40,49,-31,10194,121,111,96,84,78
20160115 15:45,289,21,296,25,283,29,99,39,48,-34,10194,120,111,96,84,78
20160115 15:46,281,21,293,25,278,36,99,39,48,-34,10194,119,110,96,85,78
20160115 15:47,282,24,292,25,286,39,99,38,46,-37,10194,118,110,96,85,78
20160115 15:48,277,23,288,25,268,33,99,38,46,-37,10194,117,110,96,85,78
20160115 15:49,273,23,285,24,277,32,99,38,46,-37,10194,117,110,96,85,78
20160115 15:50,273,23,282,24,268,24,99,37,45,-41,10193,116,110,96,85,78
20160115 15:51,268,19,280,23,268,25,99,37,45,-41,10193,116,109,96,85,78
20160115 15:52,263,18,277,21,258,25,99,36,44,-45,10193,115,109,96,85,78
20160115 15:53,268,19,276,21,277,27,99,37,45,-41,10193,115,109,96,85,78
20160115 15:54,282,17,275,21,288,20,99,37,45,-41,10193,114,109,96,85,78
20160115 15:55,289,12,276,20,291,12,99,36,44,-45,10193,114,108,96,85,78
20160115 15:56,272,8,273,18,253,11,99,37,45,-41,10193,114,108,96,85,78
20160115 15:57,266,9,273,17,279,17,99,37,45,-41,10192,114,108,96,85,78
20160115 15:58,291,12,276,16,303,18,99,38,46,-37,10192,113,108,96,85,78
20160115 15:59,297,14,278,15,291,19,99,37,45,-41,10192,113,108,96,85,78
20160115 16:00,297,18,281,15,304,27,99,36,44,-45,10192,112,107,96,85,78
20160115 16:01,303,20,285,15,301,25,98,35,42,-49,10192,111,107,95,85,78
20160115 16:02,297,17,288,15,292,24,98,35,42,-49,10192,110,107,95,85,78
20160115 16:03,306,15,292,14,320,22,98,35,42,-49,10192,109,107,95,85,78
20160115 16:04,324,17,296,15,328,25,98,36,44,-46,10192,108,106,95,85,78
20160115 16:05,320,18,299,15,312,27,98,36,44,-46,10192,107,106,95,85,79
20160115 16:06,304,22,303,17,297,32,98,36,44,-46,10192,106,106,95,85,79
20160115 16:07,303,25,306,19,309,33,97,36,43,-46,10192,105,106,95,86,79
20160115 16:08,303,23,305,19,298,31,97,36,43,-46,10192,104,105,95,86,79
20160115 16:09,297,22,306,20,296,29,97,35,42,-50,10192,103,105,95,86,79
20160115 16:10,301,22,306,20,305,29,97,35,42,-50,10192,102,105,95,86,79
20160115 16:11,301,19,305,20,298,22,97,35,42,-50,10193,102,105,95,86,79
20160115 16:12,301,15,307,20,305,19,97,37,44,-43,10193,101,105,95,86,79
20160115 16:13,305,14,305,20,305,19,97,38,46,-39,10193,101,104,95,86,79
20160115 16:14,302,14,302,19,300,19,97,37,44,-43,10193,100,104,95,86,79
20160115 16:15,300,13,301,19,300,20,97,37,44,-43,10193,100,104,95,86,79
20160115 16:16,301,16,302,18,302,33,97,37,44,-43,10193,99,104,95,86,79
20160115 16:17,303,21,301,18,303,28,96,36,43,-47,10192,97,103,95,86,79
20160115 16:18,298,23,301,18,293,30,96,36,43,-47,10192,96,103,95,86,79
20160115 16:19,291,24,300,18,290,30,96,36,43,-47,10192,95,103,95,86,79
20160115 16:20,287,22,298,18,284,25,96,35,42,-51,10192,95,103,95,86,79
20160115 16:21,288,22,298,19,293,29,95,36,43,-48,10193,94,102,95,86,79
20160115 16:22,298,23,297,20,303,29,95,35,42,-52,10193,92,102,95,86,79
20160115 16:23,291,19,295,20,279,24,95,35,42,-52,10193,92,102,95,86,79
20160115 16:24,288,20,294,21,296,31,95,35,42,-52,10192,91,102,95,86,79
20160115 16:25,296,22,294,22,295,26,94,34,40,-57,10192,89,101,95,86,79
20160115 16:26,282,19,291,22,269,23,94,35,41,-53,10192,88,101,95,86,79
20160115 16:27,273,14,288,20,277,11,94,35,41,-53,10192,88,101,94,86,80
20160115 16:28,277,12,286,19,278,18,94,35,41,-53,10193,86,100,94,86,80
20160115 16:29,274,14,284,18,271,21,94,36,42,-49,10193,86,100,94,86,80
20160115 16:30,269,17,283,18,268,24,94,35,41,-53,10192,85,100,94,86,80
20160115 16:31,268,19,280,17,267,26,94,35,41,-53,10192,84,100,94,86,80
20160115 16:32,267,15,277,17,267,24,94,35,41,-53,10192,83,99,94,86,80
20160115 16:33,263,18,275,17,260,33,93,35,41,-54,10192,82,99,94,86,80
20160115 16:34,265,19,272,17,269,19,93,35,41,-54,10192,81,99,94,86,80
20160115 16:35,266,17,269,16,263,24,93,35,41,-54,10192,80,98,94,86,80
20160115 16:36,263,19,268,16,263,30,93,35,41,-54,10192,79,98,94,86,80
20160115 16:37,266,22,267,18,269,29,92,34,40,-58,10193,78,98,94,86,80
20160115 16:38,276,23,268,19,284,31,92,34,40,-58,10193,77,97,94,86,80
20160115 16:39,282,22,269,20,279,27,92,35,41,-55,10193,76,97,94,86,80
20160115 16:40,279,19,270,19,279,22,91,36,42,-52,10193,75,97,94,86,80
20160115 16:41,278,19,271,20,276,25,90,36,41,-53,10193,74,97,94,86,80
20160115 16:42,278,21,272,21,279,29,90,35,40,-56,10193,73,96,94,86,80
20160115 16:43,281,23,274,21,282,27,90,35,40,-56,10193,72,96,94,86,80
20160115 16:44,283,22,276,21,283,26,89,34,39,-61,10193,71,96,94,86,80
20160115 16:45,284,20,278,21,284,24,89,34,39,-61,10193,70,95,93,86,80
20160115 16:46,284,19,280,21,284,22,89,35,40,-57,10194,69,95,93,86,80
20160115 16:47,284,17,282,20,285,24,88,35,40,-58,10194,68,95,93,87,80
20160115 16:48,287,16,282,19,289,21,88,35,40,-58,10194,67,94,93,86,80
20160115 16:49,287,16,283,19,286,21,88,35,40,-58,10194,66,94,93,86,80
20160115 16:50,284,16,283,19,282,19,87,35,39,-59,10194,65,94,93,87,80
20160115 16:51,283,15,284,18,284,20,87,35,39,-59,10194,64,93,93,87,80
20160115 16:52,283,14,284,17,282,19,86,35,39,-60,10195,63,93,93,87,80
20160115 16:53,283,15,284,17,285,19,86,35,39,-60,10194,62,93,93,87,81
20160115 16:54,283,15,284,16,281,16,85,35,39,-61,10194,61,92,93,87,81
20160115 16:55,282,15,284,16,283,19,85,35,39,-61,10195,60,92,93,87,81
20160115 16:56,283,16,284,15,282,20,85,35,39,-61,10195,59,92,93,87,81
20160115 16:57,283,16,284,15,284,20,84,36,40,-58,10195,58,91,93,87,81
20160115 16:58,283,16,283,16,281,20,84,36,40,-58,10195,57,91,93,87,81
20160115 16:59,280,16,282,15,279,19,83,36,39,-59,10196,57,91,92,87,81
20160115 17:00,277,17,282,16,275,20,83,36,39,-59,10196,56,90,92,87,81
20160115 17:01,275,17,281,16,274,21,82,36,39,-60,10196,55,90,92,87,81
20160115 17:02,271,18,279,16,269,22,82,36,39,-60,10197,54,90,92,87,81
20160115 17:03,269,17,278,16,269,20,82,36,39,-60,10197,53,89,92,87,81
20160115 17:04,267,15,276,16,266,15,81,37,40,-57,10197,53,89,92,87,81
20160115 17:05,268,14,275,16,270,19,81,37,40,-57,10197,52,89,92,87,81
20160115 17:06,269,14,273,16,268,14,80,38,41,-54,10197,51,88,92,87,81
20160115 17:07,267,13,272,16,267,17,80,38,41,-54,10197,50,88,92,87,81
20160115 17:08,272,12,271,15,277,16,79,38,40,-55,10197,50,88,92,87,81
20160115 17:09,276,13,271,15,276,18,79,38,40,-55,10197,49,87,92,87,81
20160115 17:10,276,14,271,15,276,16,78,38,40,-56,10197,48,87,92,87,81
20160115 17:11,276,14,271,14,277,16,78,38,40,-56,10197,47,86,91,87,81
20160115 17:12,277,14,272,14,278,16,78,38,40,-56,10197,46,86,91,87,81
20160115 17:13,279,14,273,14,279,16,77,39,41,-54,10197,46,86,91,87,81
20160115 17:14,280,13,275,13,281,13,77,39,41,-54,10197,45,85,91,87,81
20160115 17:15,281,13,276,13,280,16,76,40,42,-51,10198,44,85,91,87,81
20160115 17:16,279,14,277,13,279,15,76,40,42,-51,10198,43,85,91,87,81
20160115 17:17,278,14,278,14,278,17,75,40,41,-52,10198,43,84,91,87,81
20160115 17:18,279,15,278,14,280,17,74,40,41,-53,10198,42,84,91,87,81
20160115 17:19,281,14,279,14,283,15,74,40,41,-53,10199,41,84,91,87,81
20160115 17:20,283,13,280,14,283,15,73,41,42,-51,10199,41,83,91,87,81
20160115 17:21,283,13,280,14,283,14,73,41,42,-51,10199,40,83,90,87,81
20160115 17:22,284,13,281,14,285,15,72,42,43,-48,10199,39,83,90,87,81
20160115 17:23,284,14,282,14,284,17,72,42,43,-48,10199,39,82,90,87,81
20160115 17:24,284,14,282,14,285,17,71,42,42,-49,10199,38,82,90,87,81
20160115 17:25,284,14,282,14,283,17,70,42,42,-50,10199,38,81,90,87,81
20160115 17:26,284,14,283,14,284,16,70,42,42,-50,10199,37,81,90,87,81
20160115 17:27,285,14,284,14,287,16,69,43,43,-48,10200,37,81,90,87,82
20160115 17:28,286,15,284,14,285,17,69,43,43,-48,10200,36,80,90,87,82
20160115 17:29,286,14,285,14,288,16,68,43,42,-49,10200,35,80,90,87,82
20160115 17:30,287,14,285,14,286,17,68,44,43,-46,10200,35,80,89,87,82
20160115 17:31,285,15,285,14,285,16,67,44,43,-47,10200,34,79,89,87,82
20160115 17:32,286,14,285,15,287,16,67,44,43,-47,10200,34,79,89,87,82
20160115 17:33,287,14,286,14,287,16,66,45,44,-45,10200,33,79,89,86,82
20160115 17:34,286,13,286,14,284,16,66,45,44,-45,10200,33,78,89,86,82
20160115 17:35,285,14,286,14,286,16,65,45,44,-46,10200,32,78,89,86,82
20160115 17:36,286,14,286,14,286,16,65,45,44,-46,10201,32,78,89,86,82
20160115 17:37,286,13,286,14,287,16,64,46,44,-44,10201,31,77,89,86,82
20160115 17:38,286,13,286,14,285,15,64,46,44,-44,10201,30,77,89,86,82
20160115 17:39,284,13,286,14,283,14,64,46,44,-44,10201,30,77,88,86,82
20160115 17:40,283,12,285,13,282,15,63,46,44,-45,10201,30,76,88,86,82
20160115 17:41,281,13,285,13,280,14,63,46,44,-45,10201,29,76,88,86,82
20160115 17:42,280,13,284,13,280,15,62,46,44,-46,10201,29,76,88,86,82
20160115 17:43,281,13,284,13,282,15,62,46,44,-46,10201,28,75,88,86,82
20160115 17:44,282,12,283,13,282,14,61,47,44,-44,10201,28,75,88,86,82
20160115 17:45,282,11,283,13,283,14,60,48,45,-42,10202,27,75,88,86,82
20160115 17:46,283,12,283,12,283,13,60,49,46,-39,10202,27,74,87,86,82
20160115 17:47,282,12,282,12,280,13,59,49,45,-40,10202,27,74,87,86,82
20160115 17:48,281,12,282,12,281,14,59,51,47,-35,10202,26,74,87,86,82
20160115 17:49,279,12,281,12,277,12,58,51,47,-35,10203,26,73,87,86,82
20160115 17:50,277,12,281,12,277,13,58,51,47,-35,10203,25,73,87,86,82
20160115 17:51,277,12,280,12,276,13,57,52,48,-34,10203,25,73,87,86,82
20160115 17:52,275,12,280,12,274,13,57,52,48,-34,10203,25,72,87,86,82
20160115 17:53,274,13,279,12,274,15,57,51,47,-36,10203,24,72,87,86,82
20160115 17:54,274,14,278,12,273,15,56,52,47,-35,10203,24,72,87,86,82
20160115 17:55,274,14,277,12,275,16,55,53,48,-33,10204,23,71,86,86,82
20160115 17:56,276,14,276,13,277,16,55,54,49,-31,10204,23,71,86,86,82
20160115 17:57,277,14,276,13,277,14,54,56,50,-27,10204,23,71,86,86,82
20160115 17:58,277,13,276,13,278,14,53,56,50,-28,10204,22,71,86,86,82
20160115 17:59,279,13,276,13,280,15,52,57,50,-26,10204,22,70,86,86,82
20160115 18:00,282,13,277,13,283,14,51,58,51,-25,10204,22,70,86,86,82
20160115 18:01,284,12,278,13,285,13,51,59,52,-22,10204,21,70,86,86,82
20160115 18:02,287,12,279,13,288,13,50,59,51,-23,10204,21,69,85,86,82
20160115 18:03,289,12,281,13,290,13,50,59,51,-23,10204,21,69,85,86,82
20160115 18:04,291,12,283,13,293,14,49,59,51,-24,10205,20,69,85,86,82
20160115 18:05,294,11,285,12,296,12,48,59,51,-25,10205,20,68,85,86,82
20160115 18:06,296,11,287,12,296,12,48,59,51,-25,10205,20,68,85,86,82
20160115 18:07,294,12,288,12,293,13,47,59,50,-26,10205,19,68,85,86,82
20160115 18:08,292,12,290,12,291,13,46,59,50,-27,10205,19,68,85,86,82
20160115 18:09,290,13,290,12,289,14,45,59,50,-28,10205,18,67,85,86,82
20160115 18:10,289,14,291,12,289,14,45,59,50,-28,10205,18,67,84,86,82
20160115 18:11,288,14,291,12,287,16,45,58,49,-30,10205,18,67,84,86,82
20160115 18:12,287,15,291,13,286,15,45,56,47,-35,10205,17,66,84,85,82
20160115 18:13,286,14,291,13,286,15,44,56,47,-36,10205,17,66,84,85,82
20160115 18:14,286,14,290,13,286,15,44,58,48,-31,10205,17,66,84,85,82
20160115 18:15,286,14,289,13,285,15,43,58,48,-32,10205,16,66,84,85,82
20160115 18:16,286,15,288,14,286,16,43,58,48,-32,10205,16,65,84,85,82
20160115 18:17,285,15,287,14,285,16,42,59,49,-31,10205,16,65,84,85,82
20160115 18:18,284,15,286,14,284,16,42,58,48,-33,10205,16,65,83,85,82
20160115 18:19,284,14,286,14,284,15,42,58,48,-33,10205,15,64,83,85,82
20160115 18:20,284,14,285,14,283,15,42,59,49,-31,10205,15,64,83,85,82
20160115 18:21,283,14,285,14,284,15,41,58,47,-34,10205,15,64,83,85,82
20160115 18:22,284,13,285,14,284,14,41,58,47,-34,10205,14,64,83,85,82
20160115 18:23,283,12,284,14,282,13,41,58,47,-34,10205,14,63,83,85,82
20160115 18:24,281,11,284,14,281,12,41,58,47,-34,10206,14,63,83,85,82
20160115 18:25,280,11,283,13,279,11,40,58,47,-35,10205,13,63,82,85,82
20160115 18:26,278,10,282,13,276,10,40,58,47,-35,10206,13,63,82,85,82
20160115 18:27,275,10,281,12,273,11,40,57,46,-37,10206,13,62,82,85,82
20160115 18:28,270,10,279,12,268,10,40,57,46,-37,10206,12,62,82,85,82
20160115 18:29,269,10,278,11,270,11,40,58,47,-35,10206,12,62,82,85,82
20160115 18:30,270,10,277,11,270,11,40,58,47,-35,10206,12,62,82,85,82
20160115 18:31,269,10,275,10,268,11,39,59,48,-34,10206,11,61,82,85,82
20160115 18:32,268,10,273,10,268,11,39,60,48,-32,10206,11,61,82,85,82
20160115 18:33,268,11,272,10,269,12,38,61,49,-30,10206,11,61,81,85,82
20160115 18:34,268,11,271,10,267,12,38,62,50,-28,10206,11,60,81,85,82
20160115 18:35,268,11,270,10,268,12,37,62,49,-29,10206,10,60,81,85,82
20160115 18:36,268,11,269,11,269,13,37,63,50,-27,10206,10,60,81,84,82
20160115 18:37,270,12,269,11,271,14,36,63,50,-28,10206,10,60,81,84,82
20160115 18:38,271,12,269,11,270,12,36,64,51,-26,10206,10,60,81,84,82
20160115 18:39,270,12,269,11,269,13,35,65,51,-25,10206,9,59,81,84,82
20160115 18:40,268,12,269,11,268,15,35,65,51,-25,10206,9,59,80,84,82
20160115 18:41,265,13,268,12,262,15,34,65,51,-25,10206,9,59,80,84,82
20160115 18:42,262,13,268,12,262,14,34,65,51,-25,10206,9,59,80,84,82
20160115 18:43,261,12,267,12,260,14,33,66,51,-24,10207,8,58,80,84,82
20160115 18:44,260,13,266,12,259,15,33,66,51,-24,10207,8,58,80,84,82
20160115 18:45,261,13,265,12,262,15,33,66,51,-24,10207,8,58,80,84,82
20160115 18:46,259,13,264,13,256,14,32,66,51,-25,10207,7,57,80,84,82
20160115 18:47,254,12,262,13,252,14,32,66,51,-25,10207,7,57,79,84,82
20160115 18:48,251,13,260,13,251,15,32,66,51,-25,10207,7,57,79,84,82
20160115 18:49,252,13,259,13,254,14,32,66,51,-25,10207,7,57,79,84,82
20160115 18:50,253,12,257,13,252,14,31,67,51,-24,10207,6,57,79,84,82
20160115 18:51,254,12,256,13,255,13,31,67,51,-24,10207,6,56,79,84,82
20160115 18:52,254,12,255,12,254,12,31,68,52,-22,10208,6,56,79,84,82
20160115 18:53,255,11,255,12,256,12,30,68,52,-23,10208,6,56,79,84,82
20160115 18:54,255,11,255,12,254,12,29,70,53,-20,10208,6,56,78,84,82
20160115 18:55,254,11,254,12,254,12,29,71,53,-18,10208,5,55,78,84,82
20160115 18:56,256,10,254,12,258,11,28,72,54,-17,10208,5,55,78,83,82
20160115 18:57,259,10,255,11,261,11,28,72,54,-17,10208,5,55,78,83,82
20160115 18:58,261,9,256,11,262,11,27,72,53,-18,10208,5,55,78,83,82
20160115 18:59,261,9,257,11,261,11,26,72,53,-19,10208,4,55,78,83,82
20160115 19:00,260,10,257,10,258,11,26,72,53,-19,10208,4,54,78,83,82
20160115 19:01,259,10,258,10,259,13,26,73,54,-17,10209,4,54,78,83,82
20160115 19:02,258,10,258,10,257,11,25,73,53,-18,10209,4,54,77,83,82
20160115 19:03,255,9,258,10,253,10,25,73,53,-18,10209,3,54,77,83,82
20160115 19:04,253,9,258,10,252,12,25,72,53,-20,10209,3,53,77,83,82
20160115 19:05,254,11,258,10,255,13,24,72,52,-21,10209,3,53,77,83,82
20160115 19:06,255,11,257,10,254,12,24,71,52,-23,10209,3,53,77,83,82
20160115 19:07,254,11,257,10,255,14,24,71,52,-23,10209,3,53,77,83,82
20160115 19:08,256,11,256,10,257,12,23,71,51,-24,10209,2,53,77,83,82
20160115 19:09,257,11,256,10,258,12,23,72,52,-22,10209,2,52,76,83,82
20160115 19:10,259,10,256,10,261,11,22,72,52,-23,10209,2,52,76,83,82
20160115 19:11,261,8,256,10,261,9,22,72,52,-23,10209,2,52,76,83,82
20160115 19:12,258,8,256,10,256,8,21,73,52,-22,10210,2,52,76,83,82
20160115 19:13,258,7,257,10,259,8,21,73,52,-22,10210,1,51,76,82,82
20160115 19:14,260,7,258,9,261,8,21,73,52,-22,10210,1,51,76,82,82
20160115 19:15,263,6,259,9,264,6,20,74,52,-21,10210,1,51,76,82,82
20160115 19:16,265,6,260,8,266,6,20,74,52,-21,10210,1,51,76,82,82
20160115 19:17,267,6,261,8,268,8,19,75,53,-21,10210,0,51,75,82,82
20160115 19:18,268,8,262,8,268,10,19,75,53,-21,10211,0,50,75,82,82
20160115 19:19,270,9,264,7,272,10,18,75,52,-22,10211,0,50,75,82,82
20160115 19:20,272,10,265,7,273,10,18,76,53,-20,10211,0,50,75,82,82
20160115 19:21,274,9,266,8,275,10,18,76,53,-20,10211,0,50,75,82,82
20160115 19:22,276,9,268,8,277,10,17,76,52,-21,10211,0,50,75,82,82
20160115 19:23,277,9,270,8,278,9,17,76,52,-21,10211,0,49,75,82,82
20160115 19:24,279,9,272,8,281,9,17,77,53,-19,10211,0,49,74,82,82
20160115 19:25,283,9,274,8,284,10,17,77,53,-19,10211,0,49,74,82,82
20160115 19:26,289,9,277,9,295,10,16,77,53,-20,10211,-1,49,74,82,82
20160115 19:27,298,9,280,9,301,11,16,77,53,-20,10211,-1,49,74,82,82
20160115 19:28,305,10,284,9,308,11,15,78,53,-19,10211,-1,48,74,82,82
20160115 19:29,310,11,288,9,313,12,15,78,53,-19,10211,-1,48,74,81,82
20160115 19:30,315,11,293,10,317,13,15,78,53,-19,10211,-1,48,74,81,82
20160115 19:31,319,11,298,10,322,12,15,78,53,-19,10211,-2,48,74,81,82
20160115 19:32,324,11,303,10,326,12,15,78,53,-19,10211,-2,48,74,81,82
20160115 19:33,329,11,308,10,331,12,14,78,53,-20,10211,-2,47,73,81,82
20160115 19:34,332,11,313,11,333,12,14,78,53,-20,10210,-2,47,73,81,82
20160115 19:35,332,11,318,11,332,12,14,78,53,-20,10210,-2,47,73,81,82
20160115 19:36,333,12,322,11,335,14,13,78,52,-21,10210,-2,47,73,81,82
20160115 19:37,336,13,325,12,337,14,13,79,53,-19,10211,-3,47,73,81,82
20160115 19:38,338,13,329,12,340,13,13,79,53,-19,10211,-3,46,73,81,82
20160115 19:39,337,13,331,12,334,15,12,80,53,-19,10211,-3,46,73,81,82
20160115 19:40,334,13,332,12,334,14,12,80,53,-19,10211,-3,46,72,81,82
20160115 19:41,334,13,334,12,335,14,12,80,53,-19,10211,-3,46,72,81,82
20160115 19:42,336,13,335,13,337,13,12,80,53,-19,10211,-2,46,72,81,82
20160115 19:43,339,12,336,13,342,13,11,81,54,-18,10211,-1,46,72,81,82
20160115 19:44,346,12,338,13,350,14,11,81,54,-18,10211,-1,45,72,81,82
20160115 19:45,351,13,340,13,353,17,11,81,54,-18,10211,-1,45,72,80,82
20160115 19:46,353,13,341,13,353,16,11,81,54,-18,10211,-2,45,72,80,82
20160115 19:47,353,13,343,13,352,15,10,81,53,-19,10211,-2,45,72,80,82
20160115 19:48,353,13,344,13,354,16,10,82,54,-17,10211,-2,45,71,80,82
20160115 19:49,359,12,347,13,3,13,10,82,54,-17,10211,-2,45,71,80,82
20160115 19:50,7,12,351,13,11,16,10,83,54,-16,10211,-3,44,71,80,82
20160115 19:51,14,12,355,13,17,15,9,82,53,-18,10211,-3,44,71,80,82
20160115 19:52,40,11,3,12,66,19,9,82,53,-18,10211,-4,44,71,80,82
20160115 19:53,64,12,11,12,62,18,10,82,54,-17,10211,-4,44,71,80,82
20160115 19:54,57,13,17,13,52,19,11,82,54,-16,10211,-4,44,71,80,82
20160115 19:55,43,15,22,13,34,19,12,80,53,-19,10211,-5,43,71,80,81
20160115 19:56,31,16,26,13,28,18,12,79,53,-20,10211,-5,43,70,80,82
20160115 19:57,22,14,28,13,17,14,12,78,52,-22,10211,-5,43,70,80,82
20160115 19:58,18,14,31,13,20,17,12,77,51,-24,10211,-5,43,70,80,81
20160115 19:59,22,16,33,14,24,21,12,76,51,-26,10211,-5,43,70,79,81
20160115 20:00,27,19,35,14,30,22,12,75,50,-27,10210,-5,43,70,79,81
