time_now,wd_avg_2mins,ws_avg_2mins,wd_avg_10mins,ws_avg_10mins,wd_maxsp_this_min,ws_maxsp_this_min,air_temp_by_box,relative_humidity,water_vapor_pressure,dew_temp,station_pressure,ground_temp_pt,ground_tem_5cm,ground_tem_10cm,ground_tem_15cm,ground_tem_20cm
20161207 20:01,107,0,124,1,107,0,50,89,78,33,10263,36,84,113,129,136
20161207 20:02,107,0,121,1,107,0,49,90,78,34,10263,36,84,113,129,136
20161207 20:03,86,0,113,0,43,0,49,90,78,34,10263,36,83,112,129,136
20161207 20:04,357,0,104,0,335,0,49,90,78,34,10263,37,83,112,129,136
20161207 20:05,331,0,91,0,327,0,49,90,78,34,10263,37,83,112,129,135
20161207 20:06,269,0,94,0,218,0,49,90,78,34,10263,36,83,112,129,135
20161207 20:07,213,0,101,0,208,0,49,90,78,34,10263,35,83,112,129,135
20161207 20:08,208,0,122,0,208,0,48,90,77,33,10263,36,83,112,128,135
20161207 20:09,208,0,163,0,208,0,48,90,77,33,10263,36,82,112,128,135
20161207 20:10,208,0,200,0,208,0,48,90,77,33,10263,36,82,111,128,135
20161207 20:11,208,0,217,0,208,0,48,90,77,33,10263,37,82,111,128,135
20161207 20:12,215,0,228,0,222,0,48,91,78,35,10262,36,82,111,128,135
20161207 20:13,225,0,228,0,228,0,48,91,78,35,10262,35,82,111,128,135
20161207 20:14,234,0,223,0,240,0,48,92,79,36,10262,36,82,111,128,135
20161207 20:15,245,0,220,0,250,0,48,92,79,36,10262,36,82,111,128,135
20161207 20:16,248,0,222,0,246,0,48,92,79,36,10262,36,81,111,128,135
20161207 20:17,244,0,226,0,243,0,47,92,79,35,10262,35,81,110,128,135
20161207 20:18,238,0,229,0,232,0,47,92,79,35,10262,34,81,110,127,135
20161207 20:19,231,0,231,0,230,0,47,92,79,35,10262,34,81,110,127,135
20161207 20:20,231,0,233,0,233,0,47,92,79,35,10262,34,81,110,127,135
20161207 20:21,239,0,237,0,245,0,47,92,79,35,10262,34,81,110,127,135
20161207 20:22,248,0,240,0,250,0,46,92,78,34,10262,33,81,110,127,135
20161207 20:23,237,0,239,0,223,0,46,92,78,34,10262,33,80,110,127,134
20161207 20:24,217,0,236,0,212,0,46,92,78,34,10263,33,80,109,127,134
20161207 20:25,214,0,233,0,216,0,47,93,79,37,10263,34,80,109,127,134
20161207 20:26,216,0,230,0,215,0,46,93,79,36,10263,34,80,109,127,134
20161207 20:27,213,0,227,0,211,0,46,93,79,36,10263,33,80,109,127,134
20161207 20:28,211,0,225,0,211,0,46,93,79,36,10263,33,80,109,127,134
20161207 20:29,218,0,224,0,225,0,46,93,79,36,10263,33,80,109,126,134
20161207 20:30,230,0,224,0,234,0,46,93,79,36,10262,34,79,109,126,134
20161207 20:31,238,0,224,0,242,0,46,93,79,36,10262,33,79,109,126,134
20161207 20:32,240,0,223,0,237,0,46,93,79,36,10262,33,79,108,126,134
20161207 20:33,230,0,223,0,224,0,45,93,78,35,10262,31,79,108,126,134
20161207 20:34,227,0,224,0,230,0,45,93,78,35,10261,31,79,108,126,134
20161207 20:35,231,0,226,0,233,0,45,93,78,35,10261,32,79,108,126,134
20161207 20:36,230,0,227,0,227,0,45,93,78,35,10261,31,79,108,126,134
20161207 20:37,220,0,228,0,214,0,45,93,78,35,10261,30,78,108,126,134
20161207 20:38,216,0,229,0,219,0,44,93,78,34,10261,30,78,108,126,134
20161207 20:39,221,0,228,0,223,0,44,93,78,34,10262,31,78,108,126,134
20161207 20:40,216,0,226,0,209,0,44,93,78,34,10262,31,78,107,125,134
20161207 20:41,202,0,221,0,196,0,43,93,77,33,10261,30,78,107,125,134
20161207 20:42,192,0,216,0,188,0,43,93,77,33,10261,31,78,107,125,133
20161207 20:43,171,0,210,0,154,0,43,93,77,33,10261,30,78,107,125,133
20161207 20:44,150,0,202,0,145,0,43,93,77,33,10261,30,77,107,125,133
20161207 20:45,139,0,192,0,132,0,43,93,77,33,10261,30,77,107,125,133
20161207 20:46,130,0,182,0,129,0,43,93,77,33,10261,30,77,107,125,133
20161207 20:47,138,0,174,0,147,0,43,93,77,33,10261,30,77,107,125,133
20161207 20:48,153,0,167,0,158,0,43,93,77,33,10261,30,77,106,125,133
20161207 20:49,159,0,161,0,160,0,43,93,77,33,10261,30,77,106,125,133
20161207 20:50,168,0,158,0,175,0,43,93,77,33,10261,30,76,106,124,133
20161207 20:51,175,0,156,0,174,0,42,93,77,32,10261,30,76,106,124,133
20161207 20:52,161,0,152,0,148,0,42,93,77,32,10261,30,76,106,124,133
20161207 20:53,143,0,151,0,139,0,41,93,76,31,10260,30,76,106,124,133
20161207 20:54,132,0,149,0,125,0,41,94,77,32,10260,30,76,106,124,133
20161207 20:55,128,0,148,0,130,0,41,94,77,32,10260,29,76,106,124,133
20161207 20:56,130,0,148,0,129,0,41,94,77,32,10260,28,76,105,124,133
20161207 20:57,130,0,147,0,131,0,41,94,77,32,10260,29,76,105,124,133
20161207 20:58,133,0,144,0,134,0,41,94,77,32,10260,29,75,105,124,133
20161207 20:59,125,0,140,0,115,0,41,94,77,32,10260,29,75,105,124,133
20161207 21:00,118,0,134,0,120,0,41,94,77,32,10260,29,75,105,124,133
20161207 21:01,111,0,127,0,102,0,41,94,77,32,10260,29,75,105,123,132
20161207 21:02,101,0,123,0,101,0,40,94,76,31,10260,28,75,105,123,132
20161207 21:03,90,0,117,0,78,0,40,94,76,31,10260,29,75,105,123,132
20161207 21:04,78,0,112,0,78,0,40,94,76,31,10260,28,75,104,123,132
20161207 21:05,99,0,111,0,120,0,40,94,76,31,10260,27,74,104,123,132
20161207 21:06,119,0,110,0,118,0,40,94,76,31,10260,28,74,104,123,132
20161207 21:07,109,0,106,0,98,0,40,94,76,31,10260,28,74,104,123,132
20161207 21:08,25,0,98,0,335,0,40,94,76,31,10261,28,74,104,123,132
20161207 21:09,332,0,89,0,329,0,40,94,76,31,10261,28,74,104,123,132
20161207 21:10,329,0,74,0,330,0,39,94,76,30,10261,28,74,104,123,132
20161207 21:11,330,0,55,0,330,0,39,94,76,30,10261,27,74,104,123,132
20161207 21:12,321,0,30,0,312,0,39,95,77,32,10261,27,74,103,122,132
20161207 21:13,311,0,4,0,309,0,39,95,77,32,10261,27,73,103,122,132
20161207 21:14,309,0,341,0,309,0,40,95,77,33,10261,28,73,103,122,132
20161207 21:15,308,0,330,0,307,0,40,95,77,33,10261,28,73,103,122,132
20161207 21:16,307,0,323,0,307,0,40,95,77,33,10261,28,73,103,122,132
20161207 21:17,307,0,317,0,307,0,40,95,77,33,10261,28,73,103,122,131
20161207 21:18,281,0,309,0,226,0,39,95,77,32,10261,27,73,103,122,131
20161207 21:19,193,0,301,0,177,0,39,95,77,32,10261,27,73,103,122,131
20161207 21:20,173,0,289,0,169,0,39,95,77,32,10261,27,72,102,122,131
20161207 21:21,148,0,276,0,127,0,39,95,77,32,10261,27,72,102,122,131
20161207 21:22,127,0,254,0,127,0,39,95,77,32,10261,27,72,102,122,131
20161207 21:23,127,0,211,0,127,0,39,95,77,32,10261,27,72,102,122,131
20161207 21:24,127,0,174,0,127,0,39,95,77,32,10260,27,72,102,121,131
20161207 21:25,126,0,157,0,126,0,39,95,77,32,10260,26,72,102,121,131
20161207 21:26,128,0,149,0,130,0,39,95,77,32,10260,26,72,102,121,131
20161207 21:27,135,0,145,0,141,0,39,95,77,32,10260,26,72,102,121,131
20161207 21:28,141,0,139,0,142,0,39,95,77,32,10260,26,72,102,121,131
20161207 21:29,142,0,136,0,142,0,39,95,77,32,10259,26,71,101,121,131
20161207 21:30,142,0,133,0,141,0,39,96,77,33,10259,26,71,101,121,131
20161207 21:31,142,0,135,0,144,0,39,96,77,33,10259,26,71,101,121,131
20161207 21:32,144,0,136,0,144,0,39,96,77,33,10259,25,71,101,121,131
20161207 21:33,144,0,138,0,143,0,39,96,77,33,10259,25,71,101,121,131
20161207 21:34,144,0,140,0,145,0,39,96,77,33,10259,24,71,101,120,131
20161207 21:35,140,0,141,0,134,0,38,96,77,32,10259,24,71,101,120,130
20161207 21:36,128,0,140,0,123,0,38,96,77,32,10259,24,71,101,120,130
20161207 21:37,122,0,138,0,121,0,38,96,77,32,10259,24,70,101,120,130
20161207 21:38,122,0,136,0,122,0,38,96,77,32,10259,24,70,100,120,130
20161207 21:39,126,0,135,0,130,0,38,96,77,32,10259,24,70,100,120,130
20161207 21:40,129,0,133,0,128,0,38,96,77,32,10259,24,70,100,120,130
20161207 21:41,128,0,132,0,127,0,38,96,77,32,10259,24,70,100,120,130
20161207 21:42,127,0,130,0,127,0,37,96,76,31,10259,24,70,100,120,130
20161207 21:43,127,0,128,0,126,0,37,96,76,31,10259,24,70,100,120,130
20161207 21:44,124,0,126,0,121,0,37,96,76,31,10258,25,70,100,120,130
20161207 21:45,122,0,125,0,123,0,37,96,76,31,10258,25,69,100,120,130
20161207 21:46,125,0,125,0,127,0,37,96,76,31,10258,24,69,100,119,130
20161207 21:47,127,0,126,0,127,0,37,96,76,31,10258,24,69,99,119,130
20161207 21:48,127,0,126,0,127,0,38,96,77,32,10258,24,69,99,119,130
20161207 21:49,127,0,126,0,127,0,38,96,77,32,10258,24,69,99,119,130
20161207 21:50,127,0,126,0,127,0,38,96,77,32,10258,23,69,99,119,130
20161207 21:51,127,0,126,0,127,0,38,96,77,32,10257,23,69,99,119,130
20161207 21:52,127,0,126,0,127,0,37,96,76,31,10257,22,69,99,119,130
20161207 21:53,127,0,126,0,127,0,37,96,76,31,10257,22,69,99,119,129
20161207 21:54,127,0,127,0,127,0,37,96,76,31,10257,23,68,99,119,129
20161207 21:55,110,0,123,0,88,0,37,96,76,31,10257,23,68,98,119,129
20161207 21:56,65,0,117,0,48,0,37,96,76,31,10257,23,68,98,119,129
20161207 21:57,55,0,110,0,63,0,37,96,76,31,10257,23,68,98,118,129
20161207 21:58,77,0,106,0,91,0,36,96,76,30,10257,22,68,98,118,129
20161207 21:59,94,0,103,0,96,0,37,96,76,31,10257,22,68,98,118,129
20161207 22:00,95,0,99,0,94,0,37,96,76,31,10257,22,68,98,118,129
20161207 22:01,95,0,96,0,95,0,37,96,76,31,10257,22,68,98,118,129
20161207 22:02,89,0,91,0,84,0,37,96,76,31,10257,22,68,98,118,129
20161207 22:03,83,0,87,0,83,0,37,96,76,31,10256,22,67,98,118,129
20161207 22:04,84,0,83,0,85,0,36,96,76,30,10256,22,67,97,118,129
20161207 22:05,88,0,83,0,91,0,36,96,76,30,10256,21,67,97,118,129
20161207 22:06,94,0,88,0,96,0,36,96,76,30,10256,21,67,97,118,129
20161207 22:07,98,0,91,0,99,0,36,96,76,30,10256,22,67,97,118,129
20161207 22:08,100,0,93,0,102,0,36,96,76,30,10256,21,67,97,117,129
20161207 22:09,102,0,93,0,102,0,36,96,76,30,10256,21,67,97,117,129
20161207 22:10,103,0,94,0,104,0,36,96,76,30,10256,22,67,97,117,128
20161207 22:11,101,0,94,0,98,0,36,96,76,30,10256,22,67,97,117,128
20161207 22:12,92,0,95,0,87,0,36,96,76,30,10256,22,66,97,117,128
20161207 22:13,89,0,96,0,91,0,36,96,76,30,10256,21,66,97,117,128
20161207 22:14,90,0,96,0,90,0,36,96,76,30,10256,21,66,96,117,128
20161207 22:15,84,0,95,0,78,0,36,96,76,30,10256,20,66,96,117,128
20161207 22:16,73,0,92,0,67,0,36,96,76,30,10256,20,66,96,117,128
20161207 22:17,63,0,88,0,59,0,36,96,76,30,10256,20,66,96,117,128
20161207 22:18,56,0,83,0,53,0,36,96,76,30,10256,20,66,96,117,128
20161207 22:19,48,0,77,0,42,0,36,96,76,30,10256,20,66,96,117,128
20161207 22:20,41,0,71,0,41,0,36,96,76,30,10256,20,66,96,117,128
20161207 22:21,43,0,65,0,45,0,36,96,76,30,10256,19,65,96,116,128
20161207 22:22,51,0,62,0,56,0,35,96,75,29,10256,20,65,96,116,128
20161207 22:23,54,0,58,0,53,0,35,96,75,29,10256,20,65,95,116,128
20161207 22:24,51,0,54,0,49,0,35,96,75,29,10256,20,65,95,116,128
20161207 22:25,48,0,51,0,47,0,35,96,75,29,10256,19,65,95,116,128
20161207 22:26,53,1,51,0,60,3,35,96,75,29,10256,19,65,95,116,128
20161207 22:27,62,3,51,1,65,6,35,96,75,29,10255,19,65,95,116,127
20161207 22:28,63,4,52,1,62,5,35,96,75,29,10255,19,65,95,116,127
20161207 22:29,58,5,53,2,54,8,35,96,75,29,10255,19,65,95,116,127
20161207 22:30,53,7,54,2,51,8,35,96,75,29,10256,19,64,95,116,127
20161207 22:31,52,6,55,3,52,6,35,97,76,31,10256,19,64,95,116,127
20161207 22:32,51,5,54,3,49,5,35,97,76,31,10256,19,64,95,116,127
20161207 22:33,49,4,54,4,50,5,35,97,76,31,10256,19,64,94,115,127
20161207 22:34,51,4,54,4,53,4,35,97,76,31,10256,20,64,94,115,127
20161207 22:35,53,3,55,4,53,4,35,97,76,31,10256,20,64,94,115,127
20161207 22:36,56,2,55,4,60,3,35,97,76,31,10256,20,64,94,115,127
20161207 22:37,64,2,55,4,68,3,36,97,77,32,10256,20,64,94,115,127
20161207 22:38,71,2,56,4,73,3,36,97,77,32,10255,20,64,94,115,127
20161207 22:39,71,1,58,3,70,2,36,97,77,32,10255,19,64,94,115,127
20161207 22:40,70,0,60,3,70,0,36,97,77,32,10255,19,63,94,115,127
20161207 22:41,70,0,62,2,70,0,35,97,76,31,10255,19,63,94,115,127
20161207 22:42,70,0,64,2,70,0,35,97,76,31,10255,18,63,94,115,127
20161207 22:43,64,0,65,1,58,0,35,97,76,31,10254,18,63,93,115,127
20161207 22:44,53,0,64,1,49,0,35,97,76,31,10254,18,63,93,115,126
20161207 22:45,53,0,64,1,56,0,35,97,76,31,10254,18,63,93,114,126
20161207 22:46,58,0,64,1,59,0,35,97,76,31,10254,18,63,93,114,126
20161207 22:47,59,0,63,0,59,0,35,97,76,31,10254,18,63,93,114,126
20161207 22:48,58,0,62,0,58,0,35,97,76,31,10254,18,63,93,114,126
20161207 22:49,57,0,60,0,56,0,35,97,76,31,10254,18,63,93,114,126
20161207 22:50,56,0,59,0,56,0,35,97,76,31,10254,17,62,93,114,126
20161207 22:51,57,0,58,0,58,0,35,97,76,31,10255,17,62,93,114,126
20161207 22:52,67,0,58,0,75,0,35,97,76,31,10255,16,62,93,114,126
20161207 22:53,76,0,60,0,76,0,34,97,76,30,10255,16,62,92,114,126
20161207 22:54,79,0,63,0,82,0,34,97,76,30,10255,16,62,92,114,126
20161207 22:55,81,0,66,0,79,0,34,97,76,30,10255,16,62,92,114,126
20161207 22:56,74,0,67,0,70,0,34,97,76,30,10254,16,62,92,114,126
20161207 22:57,69,0,68,0,67,0,34,97,76,30,10254,16,62,92,113,126
20161207 22:58,68,0,69,0,69,0,34,97,76,30,10254,15,62,92,113,126
20161207 22:59,72,0,71,0,76,0,34,97,76,30,10254,16,62,92,113,126
20161207 23:00,76,0,73,0,76,0,34,97,76,30,10254,16,61,92,113,126
20161207 23:01,78,0,75,0,81,0,34,97,76,30,10253,17,61,92,113,126
20161207 23:02,81,0,76,0,82,0,34,97,76,30,10253,17,61,92,113,126
20161207 23:03,84,0,77,0,86,0,34,97,76,30,10253,16,61,92,113,125
20161207 23:04,90,2,78,0,94,6,34,97,76,30,10252,15,61,91,113,125
20161207 23:05,90,5,79,1,85,6,34,97,76,30,10252,15,61,91,113,125
20161207 23:06,86,5,80,1,87,5,34,97,76,30,10252,16,61,91,113,125
20161207 23:07,85,4,82,2,83,5,34,97,76,30,10252,15,61,91,113,125
20161207 23:08,82,3,83,2,82,4,33,97,75,29,10252,15,61,91,113,125
20161207 23:09,80,3,83,2,79,4,33,97,75,29,10252,15,61,91,113,125
20161207 23:10,74,4,83,3,69,5,33,97,75,29,10252,16,60,91,112,125
20161207 23:11,65,3,81,3,61,4,33,97,75,29,10252,15,60,91,112,125
20161207 23:12,56,3,78,4,52,5,33,97,75,29,10252,15,60,91,112,125
20161207 23:13,50,3,74,4,48,4,33,97,75,29,10252,15,60,91,112,125
20161207 23:14,38,1,68,3,27,2,33,97,75,29,10252,14,60,90,112,125
20161207 23:15,22,0,61,3,16,0,33,97,75,29,10252,15,60,90,112,125
20161207 23:16,21,0,54,2,26,0,34,97,76,30,10252,15,60,90,112,125
20161207 23:17,33,0,50,2,40,0,34,97,76,30,10252,14,60,90,112,125
20161207 23:18,49,0,48,2,58,0,34,97,76,30,10252,15,60,90,112,125
20161207 23:19,58,0,46,1,59,0,34,97,76,30,10252,15,60,90,112,124
20161207 23:20,60,0,45,1,62,0,34,97,76,30,10252,15,60,90,112,124
20161207 23:21,65,0,46,1,68,0,34,97,76,30,10252,15,59,90,112,124
20161207 23:22,69,0,48,0,70,0,34,98,76,31,10252,15,59,90,112,124
20161207 23:23,68,0,49,0,67,0,34,98,76,31,10252,15,59,90,111,124
20161207 23:24,61,0,52,0,56,0,34,98,76,31,10252,14,59,90,111,124
20161207 23:25,47,0,55,0,38,0,34,97,76,30,10252,14,59,89,111,124
20161207 23:26,37,0,55,0,36,0,33,97,75,29,10252,14,59,89,111,124
20161207 23:27,36,0,55,0,37,0,33,97,75,29,10251,14,59,89,111,124
20161207 23:28,40,0,54,0,44,0,33,97,75,29,10251,13,59,89,111,124
20161207 23:29,51,1,54,0,59,4,33,97,75,29,10251,12,59,89,111,124
20161207 23:30,62,3,54,1,65,5,33,97,75,29,10251,12,59,89,111,124
20161207 23:31,63,4,53,1,60,4,33,97,75,29,10251,12,58,89,111,124
20161207 23:32,62,3,53,1,64,3,32,97,75,28,10251,13,58,89,111,124
20161207 23:33,63,2,52,1,62,3,32,97,75,28,10251,13,58,89,111,124
20161207 23:34,62,1,53,1,62,0,32,97,75,28,10251,14,58,89,111,124
20161207 23:35,63,0,55,1,64,0,33,97,75,29,10251,14,58,89,110,124
20161207 23:36,66,0,58,1,67,0,32,97,75,28,10251,14,58,88,110,124
20161207 23:37,70,0,62,1,73,0,32,97,75,28,10251,14,58,88,110,123
20161207 23:38,72,0,65,1,71,0,32,97,75,28,10251,13,58,88,110,123
20161207 23:39,75,0,67,1,80,0,32,97,75,28,10251,13,58,88,110,123
20161207 23:40,83,0,69,1,86,0,32,97,75,28,10251,13,58,88,110,123
20161207 23:41,87,0,72,1,88,0,31,97,74,27,10251,13,58,88,110,123
20161207 23:42,84,2,73,1,79,9,31,97,74,27,10251,13,57,88,110,123
20161207 23:43,83,6,76,1,86,9,32,98,75,29,10251,13,57,88,110,123
20161207 23:44,91,8,79,2,95,9,33,98,76,30,10251,12,57,88,110,123
20161207 23:45,94,8,82,3,93,8,34,98,76,31,10250,12,57,88,110,123
20161207 23:46,92,7,84,4,90,8,35,98,77,32,10250,12,57,88,110,123
20161207 23:47,92,7,86,4,94,9,35,98,77,32,10249,12,57,87,109,123
20161207 23:48,94,8,89,5,94,10,34,98,76,31,10249,12,57,87,109,123
20161207 23:49,92,9,90,6,91,9,34,98,76,31,10248,12,57,87,109,123
20161207 23:50,89,8,90,7,88,8,35,98,77,32,10248,12,57,87,109,123
20161207 23:51,83,7,89,7,78,7,35,98,77,32,10248,13,57,87,109,123
20161207 23:52,75,6,88,8,72,7,35,98,77,32,10248,12,57,87,109,123
20161207 23:53,73,5,87,7,74,6,35,98,77,32,10248,11,56,87,109,123
20161207 23:54,73,3,85,7,72,4,34,98,76,31,10248,11,56,87,109,122
20161207 23:55,71,3,82,6,71,6,34,98,76,31,10248,11,56,87,109,122
20161207 23:56,67,5,80,6,64,7,34,98,76,31,10248,12,56,87,109,122
20161207 23:57,63,6,76,6,61,6,34,98,76,31,10248,12,56,87,109,122
20161207 23:58,59,6,73,6,57,10,35,98,77,32,10248,12,56,86,109,122
20161207 23:59,55,9,69,6,52,14,36,98,77,33,10248,12,56,86,109,122
20161207 00:00,52,13,65,7,52,16,36,98,77,33,10248,12,56,86,109,122
20161207 00:01,54,14,63,8,56,17,36,98,77,33,10248,11,56,86,109,122
20161207 00:02,58,12,62,8,61,12,36,98,77,33,10248,11,56,86,108,122
20161207 00:03,60,10,60,9,59,12,37,98,78,34,10248,11,56,86,108,122
20161207 00:04,60,8,59,9,60,10,37,98,78,34,10248,11,56,86,108,122
20161207 00:05,58,8,58,10,55,12,37,98,78,34,10248,11,56,86,108,122
20161207 00:06,52,11,56,10,49,14,37,98,78,34,10248,11,55,86,108,122
20161207 00:07,46,10,55,10,44,12,37,98,78,34,10249,11,55,86,108,122
20161207 00:08,43,8,53,10,42,10,36,98,77,33,10249,11,55,86,108,122
20161207 00:09,37,7,51,10,33,9,36,98,77,33,10249,12,55,85,108,122
20161207 00:10,28,6,48,9,23,9,37,98,78,34,10249,12,55,85,108,122
20161207 00:11,21,7,45,9,19,11,37,98,78,34,10249,12,55,85,108,122
20161207 00:12,21,9,41,8,22,11,37,98,78,34,10249,12,55,85,108,121
20161207 00:13,22,10,37,8,21,11,35,98,77,32,10249,11,55,85,108,121
20161207 00:14,24,10,33,9,26,12,35,98,77,32,10249,11,55,85,108,121
20161207 00:15,30,10,31,9,34,12,35,98,77,32,10249,11,55,85,107,121
20161207 00:16,35,11,30,9,37,14,35,98,77,32,10248,10,55,85,107,121
20161207 00:17,38,12,30,9,39,14,35,98,77,32,10248,10,54,85,107,121
20161207 00:18,44,13,30,10,49,15,35,98,77,32,10248,10,54,85,107,121
20161207 00:19,52,13,33,10,56,15,36,98,77,33,10248,10,54,85,107,121
20161207 00:20,60,10,37,11,63,11,38,98,79,35,10247,10,54,85,107,121
20161207 00:21,64,9,41,11,64,11,39,98,79,36,10247,10,54,85,107,121
20161207 00:22,65,9,46,11,66,11,40,98,80,37,10247,10,54,84,107,121
20161207 00:23,68,9,51,11,71,10,40,98,80,37,10247,10,54,84,107,121
20161207 00:24,69,8,55,10,67,8,39,98,79,36,10247,10,54,84,107,121
20161207 00:25,65,6,58,10,63,7,38,98,79,35,10247,10,54,84,107,121
20161207 00:26,56,7,59,9,49,10,37,98,78,34,10247,10,54,84,107,121
20161207 00:27,49,9,60,9,49,12,37,98,78,34,10246,10,54,84,107,121
20161207 00:28,49,11,60,9,49,12,37,98,78,34,10246,10,54,84,107,121
20161207 00:29,49,10,59,9,48,11,36,98,77,33,10246,9,54,84,107,121
20161207 00:30,50,8,58,8,52,9,36,98,77,33,10246,8,53,84,106,120
20161207 00:31,56,5,57,8,59,7,36,98,77,33,10246,9,53,84,106,120
20161207 00:32,62,5,57,8,66,7,37,98,78,34,10247,9,53,84,106,120
20161207 00:33,69,6,57,7,71,9,38,98,79,35,10247,10,53,83,106,120
20161207 00:34,73,8,58,8,75,9,38,98,79,35,10247,10,53,83,106,120
20161207 00:35,73,9,59,8,71,11,38,98,79,35,10247,10,53,83,106,120
20161207 00:36,71,10,61,8,71,12,38,98,79,35,10247,10,53,83,106,120
20161207 00:37,72,10,64,8,73,10,38,98,79,35,10247,10,53,83,106,120
20161207 00:38,71,8,66,8,69,9,37,98,78,34,10247,10,53,83,106,120
20161207 00:39,61,7,66,8,54,10,37,98,78,34,10247,10,53,83,106,120
20161207 00:40,49,9,65,8,43,11,36,98,77,33,10247,9,53,83,106,120
20161207 00:41,40,10,63,8,37,10,36,98,77,33,10247,9,53,83,106,120
20161207 00:42,36,9,60,9,34,11,36,98,77,33,10248,9,53,83,106,120
20161207 00:43,34,8,56,9,34,9,35,98,77,32,10248,9,53,83,105,120
20161207 00:44,23,5,50,8,12,4,35,98,77,32,10249,9,52,83,105,120
20161207 00:45,353,3,41,8,335,4,35,97,76,31,10249,9,52,83,105,120
20161207 00:46,347,3,34,7,358,6,35,98,77,32,10249,10,52,82,105,120
20161207 00:47,8,4,28,7,18,6,36,98,77,33,10249,10,52,82,105,120
20161207 00:48,22,4,24,6,26,5,36,98,77,33,10249,10,52,82,105,119
20161207 00:49,30,4,22,6,34,7,36,98,77,33,10250,9,52,82,105,119
20161207 00:50,37,5,21,6,40,7,36,98,77,33,10250,9,52,82,105,119
20161207 00:51,42,5,22,5,44,5,35,98,77,32,10250,9,52,82,105,119
20161207 00:52,45,3,23,4,47,3,35,98,77,32,10250,9,52,82,105,119
20161207 00:53,64,1,28,3,82,0,35,98,77,32,10250,9,52,82,105,119
20161207 00:54,79,0,34,3,76,0,35,98,77,32,10249,9,52,82,105,119
20161207 00:55,65,0,42,3,54,0,36,98,77,33,10249,9,52,82,105,119
20161207 00:56,50,0,46,2,45,0,35,98,77,32,10249,9,52,82,105,119
20161207 00:57,44,0,49,2,43,0,35,98,77,32,10248,9,52,82,104,119
20161207 00:58,44,1,51,2,45,7,34,98,76,31,10248,9,51,82,104,119
20161207 00:59,46,3,52,2,46,6,34,97,76,30,10248,9,51,81,104,119
20161207 01:00,45,4,52,2,44,7,34,97,76,30,10248,9,51,81,104,119
20161207 01:01,42,5,52,2,40,9,33,97,75,29,10248,9,51,81,104,119
20161207 01:02,41,7,52,2,42,11,33,97,75,29,10248,9,51,81,104,119
20161207 01:03,41,8,47,3,40,11,33,97,75,29,10248,9,51,81,104,119
20161207 01:04,43,9,44,4,46,11,33,97,75,29,10248,9,51,81,104,119
20161207 01:05,46,9,44,5,46,11,33,97,75,29,10248,9,51,81,104,119
20161207 01:06,44,8,44,6,43,10,32,97,75,28,10248,9,51,81,104,119
20161207 01:07,42,7,43,6,42,9,32,97,75,28,10248,9,51,81,104,118
20161207 01:08,39,6,43,7,37,9,32,97,75,28,10248,9,51,81,104,118
20161207 01:09,35,7,41,7,32,13,32,97,75,28,10248,9,51,81,104,118
20161207 01:10,35,8,41,8,38,11,32,97,75,28,10248,9,51,81,104,118
20161207 01:11,39,9,41,8,40,11,32,97,75,28,10248,9,51,81,104,118
20161207 01:12,41,10,41,8,42,13,32,97,75,28,10247,9,51,80,103,118
20161207 01:13,43,11,41,9,43,15,33,97,75,29,10247,9,51,80,103,118
20161207 01:14,45,11,41,9,47,15,33,97,75,29,10247,9,50,80,103,118
20161207 01:15,46,11,41,9,45,13,34,98,76,31,10247,9,50,80,103,118
20161207 01:16,43,12,41,10,41,15,34,98,76,31,10247,9,50,80,103,118
20161207 01:17,39,13,40,10,36,16,33,98,76,30,10247,8,50,80,103,118
20161207 01:18,36,14,40,11,36,18,32,97,75,28,10247,8,50,80,103,118
20161207 01:19,40,14,41,12,44,17,32,97,75,28,10247,8,50,80,103,118
20161207 01:20,44,12,42,12,45,16,33,97,75,29,10247,7,50,80,103,118
20161207 01:21,43,13,42,12,40,19,33,98,76,30,10247,8,50,80,103,118
20161207 01:22,38,14,41,13,37,18,33,98,76,30,10247,8,50,80,103,118
20161207 01:23,37,15,41,13,37,19,34,98,76,31,10247,9,50,80,103,118
20161207 01:24,38,15,40,13,38,18,34,98,76,31,10247,9,50,80,103,118
20161207 01:25,39,14,39,14,41,20,34,98,76,31,10247,9,50,80,103,117
20161207 01:26,39,13,39,14,37,17,34,98,76,31,10248,9,50,79,102,117
20161207 01:27,34,11,39,13,31,12,34,98,76,31,10248,9,50,79,102,117
20161207 01:28,30,9,38,13,30,10,34,98,76,31,10248,9,50,79,102,117
20161207 01:29,32,7,37,12,34,10,34,98,76,31,10248,9,50,79,102,117
20161207 01:30,31,7,35,12,28,10,35,98,77,32,10248,8,50,79,102,117
20161207 01:31,32,5,35,10,37,7,35,98,77,32,10248,9,49,79,102,117
20161207 01:32,46,3,37,9,54,6,36,98,77,33,10248,9,49,79,102,117
20161207 01:33,53,2,38,8,51,3,36,98,77,33,10248,9,49,79,102,117
20161207 01:34,48,3,39,7,45,7,37,98,78,34,10248,10,49,79,102,117
20161207 01:35,46,6,39,6,46,9,37,98,78,34,10248,10,49,79,102,117
20161207 01:36,46,8,40,6,45,10,37,98,78,34,10248,9,49,79,102,117
20161207 01:37,44,8,41,6,44,11,36,98,77,33,10249,9,49,79,102,117
20161207 01:38,47,7,44,6,51,10,36,98,77,33,10249,9,49,79,102,117
20161207 01:39,52,6,45,6,52,8,36,98,77,33,10249,9,49,79,102,117
20161207 01:40,51,6,47,6,49,9,36,97,77,32,10249,9,49,79,102,117
20161207 01:41,48,7,48,6,47,9,36,97,77,32,10249,9,49,78,102,117
20161207 01:42,46,8,47,7,45,9,36,97,77,32,10249,9,49,78,102,117
20161207 01:43,46,9,47,8,47,11,36,98,77,33,10249,9,49,78,101,117
20161207 01:44,48,9,48,8,50,12,36,97,77,32,10249,9,49,78,101,116
20161207 01:45,49,9,48,8,48,11,36,97,77,32,10248,9,49,78,101,116
20161207 01:46,45,9,48,8,42,11,36,97,77,32,10248,9,49,78,101,116
20161207 01:47,41,10,47,8,40,12,36,97,77,32,10248,8,49,78,101,116
20161207 01:48,39,10,46,9,38,12,35,97,76,31,10247,8,49,78,101,116
20161207 01:49,39,11,45,9,39,14,35,97,76,31,10247,8,49,78,101,116
20161207 01:50,43,11,44,10,46,12,34,97,76,30,10247,8,49,78,101,116
20161207 01:51,48,10,44,10,49,11,34,97,76,30,10247,8,49,78,101,116
20161207 01:52,51,9,45,10,53,12,34,97,76,30,10247,8,49,78,101,116
20161207 01:53,55,8,46,10,57,11,34,97,76,30,10247,8,48,78,101,116
20161207 01:54,58,6,47,9,59,7,35,97,76,31,10247,9,48,78,101,116
20161207 01:55,59,6,48,9,60,7,35,97,76,31,10247,9,48,77,101,116
20161207 01:56,59,6,50,9,59,7,35,97,76,31,10247,8,48,77,101,116
20161207 01:57,57,6,52,8,55,9,34,97,76,30,10247,8,48,77,100,116
20161207 01:58,53,7,53,8,52,9,34,97,76,30,10247,8,48,77,100,116
20161207 01:59,51,7,54,8,49,9,34,97,76,30,10247,8,48,77,100,116
20161207 02:00,48,8,54,7,46,9,34,97,76,30,10247,8,48,77,100,116
20161207 02:01,45,8,53,7,44,9,34,97,76,30,10247,8,48,77,100,116
20161207 02:02,45,8,53,7,46,9,33,97,75,29,10247,8,48,77,100,116
20161207 02:03,47,8,52,7,48,9,33,97,75,29,10247,8,48,77,100,115
20161207 02:04,51,8,51,7,54,9,33,97,75,29,10247,8,48,77,100,115
20161207 02:05,61,7,52,8,69,8,33,97,75,29,10247,8,48,77,100,115
20161207 02:06,72,8,54,8,74,10,34,97,76,30,10246,8,48,77,100,115
20161207 02:07,77,9,56,8,79,10,35,97,76,31,10246,8,48,77,100,115
20161207 02:08,78,9,59,8,77,10,37,98,78,34,10246,8,48,77,100,115
20161207 02:09,75,10,61,9,73,11,37,98,78,34,10245,8,48,77,100,115
20161207 02:10,69,9,63,9,65,10,36,98,77,33,10245,8,48,77,100,115
20161207 02:11,64,7,65,8,62,9,35,97,76,31,10245,7,48,76,100,115
20161207 02:12,62,6,66,8,63,6,35,97,76,31,10245,7,48,76,100,115
20161207 02:13,65,6,68,8,66,7,34,97,76,30,10245,7,48,76,100,115
20161207 02:14,67,6,69,8,67,7,34,97,76,30,10245,8,47,76,99,115
20161207 02:15,72,6,70,7,77,6,34,97,76,30,10245,8,47,76,99,115
20161207 02:16,81,5,71,7,85,6,34,97,76,30,10245,8,47,76,99,115
20161207 02:17,93,5,74,7,101,5,34,97,76,30,10245,8,47,76,99,115
20161207 02:18,99,5,75,6,96,7,35,97,76,31,10245,8,47,76,99,115
20161207 02:19,96,6,78,6,95,8,36,98,77,33,10245,8,47,76,99,115
20161207 02:20,99,7,81,6,102,8,36,98,77,33,10245,8,47,76,99,115
20161207 02:21,107,7,86,6,112,8,35,98,77,32,10245,8,47,76,99,115
20161207 02:22,114,7,92,6,115,8,35,97,76,31,10245,8,47,76,99,115
20161207 02:23,112,7,96,6,109,8,35,97,76,31,10245,7,47,76,99,114
20161207 02:24,113,6,101,6,117,7,35,97,76,31,10244,7,47,76,99,114
20161207 02:25,117,6,105,6,117,8,34,97,76,30,10244,7,47,76,99,114
20161207 02:26,113,6,107,6,109,7,34,97,76,30,10244,7,47,76,99,114
20161207 02:27,103,4,107,6,98,5,34,97,76,30,10244,7,47,76,99,114
20161207 02:28,97,2,107,6,96,3,33,97,75,29,10244,7,47,76,99,114
20161207 02:29,93,1,107,5,91,0,33,97,75,29,10244,7,47,75,99,114
20161207 02:30,84,0,104,4,76,0,33,97,75,29,10244,7,47,75,98,114
20161207 02:31,73,0,100,4,69,0,33,97,75,29,10244,7,47,75,98,114
20161207 02:32,67,0,95,3,66,0,33,97,75,29,10244,7,47,75,98,114
20161207 02:33,68,0,91,2,70,0,33,97,75,29,10244,7,46,75,98,114
20161207 02:34,72,0,86,2,73,0,34,97,76,30,10244,6,46,75,98,114
20161207 02:35,73,0,82,1,74,0,34,97,76,30,10244,6,46,75,98,114
20161207 02:36,75,0,79,1,77,0,33,97,75,29,10244,6,46,75,98,114
20161207 02:37,81,0,78,0,84,0,32,97,75,28,10244,7,46,75,98,114
20161207 02:38,84,0,76,0,84,0,32,97,75,28,10244,7,46,75,98,114
20161207 02:39,78,0,74,0,72,0,32,97,75,28,10244,7,46,75,98,114
20161207 02:40,71,0,74,0,70,0,32,97,75,28,10244,7,46,75,98,114
20161207 02:41,72,0,74,0,74,0,32,97,75,28,10243,7,46,75,98,114
20161207 02:42,75,0,75,0,77,0,32,97,75,28,10243,7,46,75,98,113
20161207 02:43,79,0,77,0,81,0,32,97,75,28,10243,7,46,75,98,113
20161207 02:44,78,0,77,0,76,0,31,97,74,27,10243,7,46,75,98,113
20161207 02:45,76,0,77,0,77,0,31,97,74,27,10243,7,46,74,98,113
20161207 02:46,76,0,77,0,76,0,31,97,74,27,10243,6,46,74,98,113
20161207 02:47,74,0,76,0,73,0,31,97,74,27,10243,6,46,74,98,113
20161207 02:48,74,0,75,0,75,0,31,97,74,27,10243,6,46,74,97,113
20161207 02:49,83,0,77,0,91,0,31,97,74,27,10243,6,46,74,97,113
20161207 02:50,98,0,80,0,105,0,30,97,73,26,10243,6,46,74,97,113
20161207 02:51,97,0,82,0,88,0,30,97,73,26,10243,6,46,74,97,113
20161207 02:52,87,0,83,0,85,0,30,97,73,26,10243,6,46,74,97,113
20161207 02:53,89,0,84,0,93,0,30,97,73,26,10243,6,46,74,97,113
20161207 02:54,93,0,86,0,93,0,30,97,73,26,10243,6,45,74,97,113
20161207 02:55,95,0,88,0,96,0,29,97,73,25,10243,6,45,74,97,113
20161207 02:56,95,0,89,0,93,0,29,97,73,25,10243,6,45,74,97,113
20161207 02:57,94,0,91,0,94,0,29,97,73,25,10243,6,45,74,97,113
20161207 02:58,105,0,95,0,116,0,29,97,73,25,10243,6,45,74,97,113
20161207 02:59,115,0,98,0,115,0,29,97,73,25,10242,6,45,74,97,113
20161207 03:00,114,0,99,0,114,0,29,97,73,25,10242,6,45,74,97,113
20161207 03:01,109,0,100,0,104,0,29,97,73,25,10242,7,45,74,97,113
20161207 03:02,99,0,101,0,93,0,29,97,73,25,10242,7,45,74,97,113
20161207 03:03,93,0,101,0,93,0,29,98,74,26,10241,6,45,73,97,112
20161207 03:04,97,2,102,0,101,7,29,98,74,26,10241,6,45,73,97,112
20161207 03:05,102,5,103,1,104,8,29,98,74,26,10241,5,45,73,96,112
20161207 03:06,101,7,103,2,99,8,30,98,74,27,10240,5,45,73,96,112
20161207 03:07,95,6,103,2,92,6,29,98,74,26,10240,5,45,73,96,112
20161207 03:08,89,6,100,3,86,7,29,98,74,26,10240,5,45,73,96,112
20161207 03:09,82,6,96,3,78,8,29,98,74,26,10240,5,45,73,96,112
20161207 03:10,76,7,93,4,75,8,30,98,74,27,10240,5,45,73,96,112
20161207 03:11,74,8,89,5,73,9,30,98,74,27,10240,5,45,73,96,112
20161207 03:12,71,7,87,6,68,7,31,98,75,28,10240,5,45,73,96,112
20161207 03:13,68,7,84,6,68,8,31,98,75,28,10240,6,45,73,96,112
20161207 03:14,66,6,81,7,63,7,31,98,75,28,10240,5,45,73,96,112
20161207 03:15,65,7,77,7,67,10,31,98,75,28,10240,6,44,73,96,112
20161207 03:16,68,9,74,7,69,12,31,98,75,28,10240,6,44,73,96,112
20161207 03:17,65,9,71,7,62,10,31,98,75,28,10240,5,44,73,96,112
20161207 03:18,60,8,68,8,58,10,31,98,75,28,10240,5,44,73,96,112
20161207 03:19,56,9,66,8,53,11,32,98,75,29,10240,5,44,73,96,112
20161207 03:20,52,10,63,8,51,11,32,98,75,29,10240,5,44,73,96,112
20161207 03:21,47,8,60,8,43,10,31,98,75,28,10240,6,44,73,96,112
20161207 03:22,43,7,58,8,43,10,31,98,75,28,10240,6,44,72,96,111
20161207 03:23,44,7,56,8,46,8,31,98,75,28,10240,6,44,72,96,111
20161207 03:24,43,7,53,8,41,7,31,98,75,28,10240,6,44,72,95,111
20161207 03:25,42,7,51,8,43,8,31,98,75,28,10240,6,44,72,95,111
20161207 03:26,45,7,49,8,48,9,32,98,75,29,10240,6,44,72,95,111
20161207 03:27,47,7,47,8,45,9,32,98,75,29,10240,6,44,72,95,111
20161207 03:28,44,6,45,7,42,8,32,98,75,29,10240,6,44,72,95,111
20161207 03:29,42,6,44,7,41,8,32,98,75,29,10241,6,44,72,95,111
20161207 03:30,40,6,43,7,39,7,31,98,75,28,10241,5,44,72,95,111
20161207 03:31,38,7,42,7,37,9,31,98,75,28,10241,5,44,72,95,111
20161207 03:32,38,8,42,7,40,9,30,98,74,27,10240,5,44,72,95,111
20161207 03:33,43,8,42,7,45,10,30,98,74,27,10240,5,44,72,95,111
20161207 03:34,49,9,43,7,53,10,30,98,74,27,10240,5,44,72,95,111
20161207 03:35,57,8,45,7,60,9,30,98,74,27,10240,5,44,72,95,111
20161207 03:36,66,8,47,7,71,9,31,98,75,28,10240,6,44,72,95,111
20161207 03:37,67,7,49,7,63,8,32,98,75,29,10240,5,44,72,95,111
20161207 03:38,59,5,50,7,56,6,32,98,75,29,10240,6,43,72,95,111
20161207 03:39,59,4,53,7,61,5,32,98,75,29,10240,5,43,72,95,111
20161207 03:40,58,5,54,7,55,8,31,98,75,28,10240,5,43,72,95,111
20161207 03:41,53,7,56,7,51,10,31,98,75,28,10240,5,43,71,95,111
20161207 03:42,50,8,56,7,49,9,31,98,75,28,10240,5,43,71,95,111
20161207 03:43,50,8,57,7,50,9,30,98,74,27,10240,5,43,71,94,110
20161207 03:44,52,8,57,7,54,8,30,98,74,27,10240,5,43,71,94,110
20161207 03:45,57,6,57,6,60,7,30,98,74,27,10240,5,43,71,94,110
20161207 03:46,62,5,56,6,65,6,30,98,74,27,10240,5,43,71,94,110
20161207 03:47,65,5,57,6,65,7,30,98,74,27,10240,5,43,71,94,110
20161207 03:48,63,5,57,6,62,6,30,98,74,27,10241,5,43,71,94,110
20161207 03:49,64,5,58,6,66,7,30,98,74,27,10240,5,43,71,94,110
20161207 03:50,67,7,59,7,68,8,30,98,74,27,10241,5,43,71,94,110
20161207 03:51,67,7,61,7,67,9,30,98,74,27,10241,5,43,71,94,110
20161207 03:52,63,6,62,6,59,7,30,98,74,27,10241,5,43,71,94,110
20161207 03:53,53,6,61,6,47,7,30,98,74,27,10241,6,43,71,94,110
20161207 03:54,43,6,60,6,39,7,29,98,74,26,10241,5,43,71,94,110
20161207 03:55,37,6,57,6,35,8,29,98,74,26,10241,5,43,71,94,110
20161207 03:56,33,7,54,6,32,8,29,98,74,26,10241,5,43,71,94,110
20161207 03:57,34,8,51,6,37,9,29,98,74,26,10241,5,43,71,94,110
20161207 03:58,38,8,49,7,39,8,29,98,74,26,10241,5,43,71,94,110
20161207 03:59,38,7,46,7,38,8,29,98,74,26,10240,5,43,71,94,110
20161207 04:00,42,8,44,7,47,9,29,98,74,26,10240,5,43,71,94,110
20161207 04:01,49,7,42,7,51,9,29,98,74,26,10240,5,43,70,94,110
20161207 04:02,53,6,42,7,54,9,28,98,73,25,10240,5,43,70,94,110
20161207 04:03,56,5,43,7,59,5,29,98,74,26,10240,6,42,70,93,110
20161207 04:04,57,5,45,7,56,7,29,98,74,26,10240,5,42,70,93,110
20161207 04:05,55,5,47,6,54,5,28,98,73,25,10240,5,42,70,93,110
20161207 04:06,55,4,49,6,55,5,29,98,74,26,10240,5,42,70,93,109
20161207 04:07,60,3,52,5,65,5,28,98,73,25,10239,5,42,70,93,109
20161207 04:08,67,5,55,5,69,7,28,98,73,25,10239,5,42,70,93,109
20161207 04:09,69,6,58,5,69,7,29,98,74,26,10239,5,42,70,93,109
20161207 04:10,70,6,60,5,72,6,29,98,74,26,10239,5,42,70,93,109
20161207 04:11,69,4,62,5,67,4,29,98,74,26,10239,6,42,70,93,109
20161207 04:12,64,2,63,4,61,3,28,98,73,25,10240,6,42,70,93,109
20161207 04:13,60,1,63,4,58,0,29,98,74,26,10240,5,42,70,93,109
20161207 04:14,53,0,62,3,48,0,28,98,73,25,10240,5,42,70,93,109
20161207 04:15,47,0,61,3,46,0,28,98,73,25,10240,5,42,70,93,109
20161207 04:16,51,0,61,2,55,0,28,98,73,25,10240,5,42,70,93,109
20161207 04:17,58,0,61,2,61,0,28,98,73,25,10241,5,42,70,93,109
20161207 04:18,54,0,58,2,47,0,28,98,73,25,10241,5,42,70,93,109
20161207 04:19,47,0,56,1,47,0,28,98,73,25,10241,5,42,70,93,109
20161207 04:20,51,0,55,0,56,0,29,98,74,26,10241,5,42,70,93,109
20161207 04:21,58,0,54,0,60,0,29,98,74,26,10241,5,42,69,93,109
20161207 04:22,61,0,54,0,61,0,29,98,74,26,10241,5,42,69,92,109
20161207 04:23,76,0,57,0,92,0,29,98,74,26,10241,5,42,69,92,109
20161207 04:24,88,0,61,0,85,0,29,98,74,26,10241,5,42,69,92,109
20161207 04:25,77,0,63,0,69,0,28,98,73,25,10241,5,42,69,92,109
20161207 04:26,59,0,62,0,48,0,28,98,73,25,10241,5,42,69,92,109
20161207 04:27,44,0,60,0,39,0,28,98,73,25,10240,5,42,69,92,109
20161207 04:28,41,0,60,0,44,0,28,98,73,25,10240,5,42,69,92,109
20161207 04:29,46,0,60,0,49,0,28,98,73,25,10240,5,42,69,92,108
20161207 04:30,47,0,59,0,46,0,28,98,73,25,10240,5,42,69,92,108
20161207 04:31,42,0,57,0,39,0,28,98,73,25,10239,4,42,69,92,108
20161207 04:32,42,0,55,0,46,0,28,98,73,25,10239,4,41,69,92,108
20161207 04:33,46,0,51,0,45,0,28,98,73,25,10239,4,41,69,92,108
20161207 04:34,40,0,46,0,35,0,28,98,73,25,10239,5,42,69,92,108
20161207 04:35,36,0,43,0,37,0,28,98,73,25,10239,5,41,69,92,108
20161207 04:36,47,0,44,0,56,0,27,98,73,24,10239,5,41,69,92,108
20161207 04:37,59,0,46,0,63,0,27,98,73,24,10239,5,41,69,92,108
20161207 04:38,64,0,48,0,66,0,27,98,73,24,10239,5,41,69,92,108
20161207 04:39,66,2,50,0,67,7,28,98,73,25,10239,5,41,69,92,108
20161207 04:40,65,5,52,1,63,7,28,98,73,25,10239,5,41,69,92,108
20161207 04:41,60,5,54,1,57,6,28,98,73,25,10239,5,41,69,92,108
20161207 04:42,55,5,54,2,53,6,28,98,73,25,10240,5,41,68,91,108
20161207 04:43,51,5,55,3,49,7,28,98,73,25,10240,5,41,68,91,108
20161207 04:44,46,6,55,3,43,6,28,98,73,25,10240,5,41,68,91,108
20161207 04:45,40,5,56,4,38,5,28,98,73,25,10240,5,41,68,91,108
20161207 04:46,36,4,53,4,34,5,28,98,73,25,10240,5,41,68,91,108
20161207 04:47,34,3,50,4,34,4,28,98,73,25,10240,6,41,68,91,108
20161207 04:48,43,3,49,5,53,4,28,98,73,25,10240,5,41,68,91,108
20161207 04:49,58,3,49,4,63,5,28,98,73,25,10240,5,41,68,91,108
20161207 04:50,70,3,50,4,76,3,28,98,73,25,10241,5,41,68,91,108
20161207 04:51,82,1,53,4,88,0,28,98,73,25,10241,5,41,68,91,107
20161207 04:52,89,0,57,3,90,0,29,98,74,26,10241,5,41,68,91,107
20161207 04:53,84,0,60,3,79,0,28,98,73,25,10242,4,41,68,91,107
20161207 04:54,77,0,63,2,76,0,27,98,73,24,10242,4,41,68,91,107
20161207 04:55,76,0,67,2,75,0,28,98,73,25,10242,3,41,68,91,107
20161207 04:56,73,0,71,1,72,0,28,98,73,25,10242,3,41,68,91,107
20161207 04:57,69,0,74,1,66,0,27,98,73,24,10242,3,41,68,91,107
20161207 04:58,65,0,75,1,65,0,27,98,73,24,10242,3,41,68,91,107
20161207 04:59,64,0,75,0,63,0,27,98,73,24,10242,4,41,68,91,107
20161207 05:00,63,0,74,0,62,0,27,98,73,24,10242,4,41,68,91,107
20161207 05:01,61,0,71,0,61,0,27,98,73,24,10242,4,41,68,91,107
20161207 05:02,56,0,67,0,51,0,27,98,73,24,10242,4,40,68,91,107
20161207 05:03,48,0,64,0,46,0,27,98,73,24,10242,4,40,68,91,107
20161207 05:04,38,0,59,0,30,0,28,98,73,25,10242,4,40,68,91,107
20161207 05:05,28,0,54,0,25,0,28,98,73,25,10242,4,40,68,91,107
20161207 05:06,30,0,50,0,34,0,27,98,73,24,10242,5,40,67,90,107
20161207 05:07,37,0,48,0,40,0,28,98,73,25,10242,4,40,67,90,107
20161207 05:08,45,0,46,0,49,0,28,99,74,27,10243,4,40,67,90,107
20161207 05:09,43,0,43,0,37,0,27,99,73,26,10243,4,40,67,90,107
20161207 05:10,37,0,41,0,37,0,27,99,73,26,10243,4,40,67,90,107
20161207 05:11,43,0,40,0,48,0,27,99,73,26,10242,4,40,67,90,107
20161207 05:12,50,0,40,0,52,0,27,99,73,26,10242,4,40,67,90,107
20161207 05:13,50,0,40,0,48,0,27,99,73,26,10242,4,40,67,90,107
20161207 05:14,52,0,43,0,55,0,27,99,73,26,10242,4,40,67,90,106
20161207 05:15,62,0,47,0,69,0,27,99,73,26,10242,4,40,67,90,106
20161207 05:16,72,0,51,0,75,0,26,99,73,25,10242,4,40,67,90,106
20161207 05:17,80,0,55,0,86,0,26,98,72,23,10242,4,40,67,90,106
20161207 05:18,85,0,59,0,84,0,26,98,72,23,10242,4,40,67,90,106
20161207 05:19,87,0,64,0,90,0,26,98,72,23,10242,4,40,67,90,106
20161207 05:20,81,0,68,0,72,0,26,98,72,23,10241,4,40,67,90,106
20161207 05:21,72,0,70,0,72,0,26,98,72,23,10241,3,40,67,90,106
20161207 05:22,66,0,71,0,59,0,26,98,72,23,10241,3,40,67,90,106
20161207 05:23,56,0,72,0,53,0,26,98,72,23,10242,4,40,67,90,106
20161207 05:24,55,0,72,0,58,0,26,99,73,25,10242,4,40,67,90,106
20161207 05:25,58,0,71,0,58,0,26,99,73,25,10242,4,40,67,90,106
20161207 05:26,55,0,68,0,53,0,26,99,73,25,10242,4,40,67,90,106
20161207 05:27,55,0,66,0,58,0,26,99,73,25,10242,4,40,67,89,106
20161207 05:28,59,0,63,0,59,0,26,99,73,25,10242,4,40,67,89,106
20161207 05:29,60,0,60,0,61,0,26,99,73,25,10242,4,39,66,89,106
20161207 05:30,60,0,59,0,58,0,25,99,72,24,10242,4,40,66,89,106
20161207 05:31,57,0,57,0,56,0,25,98,72,22,10242,4,39,66,89,106
20161207 05:32,54,0,57,0,52,0,25,98,72,22,10242,3,39,66,89,106
20161207 05:33,52,1,57,0,53,4,25,98,72,22,10242,3,39,66,89,106
20161207 05:34,56,2,57,0,59,4,25,99,72,24,10241,3,39,66,89,106
20161207 05:35,61,4,57,1,63,5,26,99,73,25,10241,3,39,66,89,106
20161207 05:36,65,3,59,1,68,4,26,99,73,25,10241,4,39,66,89,106
20161207 05:37,71,3,60,2,75,4,25,99,72,24,10241,4,39,66,89,106
20161207 05:38,75,4,62,2,75,5,25,99,72,24,10241,4,39,66,89,106
20161207 05:39,71,3,63,2,67,4,25,99,72,24,10241,4,39,66,89,105
20161207 05:40,60,1,62,2,52,0,25,99,72,24,10241,4,39,66,89,105
20161207 05:41,48,0,61,2,44,0,24,99,72,23,10241,3,39,66,89,105
20161207 05:42,40,0,59,2,36,0,24,99,72,23,10241,3,39,66,89,105
20161207 05:43,31,0,57,2,27,0,25,99,72,24,10241,3,39,66,89,105
20161207 05:44,28,0,54,2,28,0,25,99,72,24,10242,3,39,66,89,105
20161207 05:45,27,0,50,1,25,0,25,99,72,24,10242,2,39,66,89,105
20161207 05:46,27,0,46,1,28,0,26,99,73,25,10241,2,39,66,89,105
20161207 05:47,28,0,41,1,28,0,26,99,73,25,10241,3,39,66,89,105
20161207 05:48,32,0,37,0,36,0,26,99,73,25,10241,3,39,66,89,105
20161207 05:49,45,0,36,0,55,0,26,99,73,25,10241,3,39,66,88,105
20161207 05:50,56,0,36,0,56,0,26,99,73,25,10241,3,39,66,88,105
20161207 05:51,63,0,39,0,70,0,26,99,73,25,10241,3,39,66,88,105
20161207 05:52,73,0,43,0,75,0,25,99,72,24,10241,3,39,66,88,105
20161207 05:53,64,0,45,0,52,0,25,99,72,24,10241,3,39,65,88,105
20161207 05:54,49,0,47,0,46,0,25,99,72,24,10241,3,39,65,88,105
20161207 05:55,60,0,52,0,74,0,25,99,72,24,10241,2,39,65,88,105
20161207 05:56,79,0,58,0,83,0,24,99,72,23,10241,2,39,65,88,105
20161207 05:57,77,0,62,0,71,0,25,99,72,24,10241,2,39,65,88,105
20161207 05:58,62,0,64,0,54,0,24,99,72,23,10241,3,39,65,88,105
20161207 05:59,54,0,63,0,53,0,24,99,72,23,10241,3,38,65,88,105
20161207 06:00,54,0,63,0,55,0,25,99,72,24,10242,3,38,65,88,105
20161207 06:01,71,0,65,0,87,0,25,99,72,24,10242,3,38,65,88,105
20161207 06:02,86,0,66,0,86,0,25,99,72,24,10242,3,38,65,88,105
20161207 06:03,84,0,69,0,82,0,25,99,72,24,10242,3,38,65,88,104
20161207 06:04,78,0,72,0,74,0,24,99,72,23,10242,3,38,65,88,104
20161207 06:05,60,0,69,0,47,0,24,99,72,23,10242,2,38,65,88,104
20161207 06:06,48,0,66,0,49,0,25,99,72,24,10242,2,38,65,88,104
20161207 06:07,50,0,64,0,51,0,25,99,72,24,10242,2,38,65,88,104
20161207 06:08,57,0,65,0,62,0,25,99,72,24,10242,2,38,65,88,104
20161207 06:09,61,0,65,0,60,0,25,99,72,24,10242,2,38,65,88,104
20161207 06:10,60,0,66,0,59,0,24,99,72,23,10241,2,38,65,88,104
20161207 06:11,60,0,63,0,62,0,25,99,72,24,10241,2,38,65,88,104
20161207 06:12,60,0,60,0,59,0,25,99,72,24,10241,2,38,65,88,104
20161207 06:13,57,0,58,0,55,0,25,99,72,24,10241,2,38,65,87,104
20161207 06:14,56,0,56,0,57,0,24,99,72,23,10242,2,38,65,87,104
20161207 06:15,58,0,57,0,59,0,24,99,72,23,10242,2,38,65,87,104
20161207 06:16,59,0,58,0,59,0,24,99,72,23,10242,2,38,65,87,104
20161207 06:17,59,0,59,0,59,0,25,99,72,24,10242,2,38,65,87,104
20161207 06:18,64,0,60,0,70,0,25,99,72,24,10242,2,38,65,87,104
20161207 06:19,71,0,61,0,73,0,25,99,72,24,10242,2,38,64,87,104
20161207 06:20,72,0,62,0,70,0,25,99,72,24,10242,2,38,64,87,104
20161207 06:21,49,0,56,0,350,0,24,99,72,23,10242,2,38,64,87,104
20161207 06:22,292,0,52,0,271,0,25,99,72,24,10243,2,38,64,87,104
20161207 06:23,265,0,47,0,259,0,25,99,72,24,10243,2,38,64,87,104
20161207 06:24,249,0,40,0,239,0,26,99,73,25,10243,3,38,64,87,104
20161207 06:25,239,0,21,0,239,0,26,99,73,25,10243,2,38,64,87,104
20161207 06:26,241,0,308,0,244,0,26,99,73,25,10243,2,38,64,87,104
20161207 06:27,249,0,271,0,254,0,26,99,73,25,10243,2,38,64,87,104
20161207 06:28,267,0,269,0,280,0,26,99,73,25,10243,2,37,64,87,104
20161207 06:29,280,0,268,0,279,0,26,99,73,25,10244,2,37,64,87,104
20161207 06:30,276,0,266,0,273,0,26,99,73,25,10244,2,37,64,87,103
20161207 06:31,281,0,263,0,288,0,26,99,73,25,10244,2,37,64,87,103
20161207 06:32,289,0,265,0,290,0,26,99,73,25,10244,2,37,64,87,103
20161207 06:33,290,0,268,0,289,0,25,99,72,24,10243,2,37,64,87,103
20161207 06:34,288,0,273,0,288,0,25,99,72,24,10243,2,37,64,87,103
20161207 06:35,288,0,278,0,289,0,25,99,72,24,10243,2,37,64,87,103
20161207 06:36,287,0,281,0,284,0,25,99,72,24,10244,2,37,64,87,103
20161207 06:37,284,0,284,0,284,0,25,99,72,24,10244,2,37,64,87,103
20161207 06:38,284,0,285,0,284,0,24,99,72,23,10244,3,37,64,86,103
20161207 06:39,285,0,286,0,286,0,24,99,72,23,10244,3,37,64,86,103
20161207 06:40,287,0,287,0,287,0,24,99,72,23,10244,3,37,64,86,103
20161207 06:41,287,0,287,0,287,0,25,99,72,24,10245,3,37,64,86,103
20161207 06:42,287,0,287,0,287,0,25,99,72,24,10245,3,37,64,86,103
20161207 06:43,285,0,286,0,284,0,25,99,72,24,10245,3,37,64,86,103
20161207 06:44,281,0,285,0,279,0,25,99,72,24,10246,4,37,63,86,103
20161207 06:45,281,0,284,0,282,0,25,99,72,24,10246,4,37,63,86,103
20161207 06:46,281,0,284,0,279,0,26,99,73,25,10246,5,37,63,86,103
20161207 06:47,279,0,283,0,279,0,26,99,73,25,10246,4,37,63,86,103
20161207 06:48,277,0,282,0,274,0,26,99,73,25,10246,4,37,63,86,103
20161207 06:49,273,0,281,0,272,0,26,99,73,25,10246,4,37,63,86,103
20161207 06:50,273,0,280,0,273,0,27,99,73,26,10246,4,37,63,86,103
20161207 06:51,271,0,278,0,268,0,27,99,73,26,10245,4,37,63,86,103
20161207 06:52,266,0,275,0,264,0,27,99,73,26,10245,5,37,63,86,103
20161207 06:53,264,0,273,0,264,0,27,99,73,26,10245,5,37,63,86,103
20161207 06:54,264,0,272,0,264,0,27,99,73,26,10244,6,37,63,86,103
20161207 06:55,254,0,268,0,243,0,27,99,73,26,10244,6,37,63,86,103
20161207 06:56,233,0,263,0,223,0,26,99,73,25,10244,6,37,63,86,102
20161207 06:57,227,0,258,0,230,0,27,99,73,26,10245,7,37,63,86,102
20161207 06:58,243,0,256,0,255,0,27,99,73,26,10245,7,37,63,86,102
20161207 06:59,260,0,255,0,264,0,27,99,73,26,10245,7,37,63,86,102
20161207 07:00,261,0,254,0,259,0,27,99,73,26,10245,7,37,63,86,102
20161207 07:01,258,0,252,0,257,0,27,99,73,26,10245,7,37,63,86,102
20161207 07:02,257,0,252,0,256,0,27,99,73,26,10245,8,37,63,85,102
20161207 07:03,257,0,251,0,258,0,27,99,73,26,10245,9,37,63,85,102
20161207 07:04,259,0,251,0,261,0,28,99,74,27,10245,10,37,63,85,102
20161207 07:05,263,0,253,0,266,0,28,99,74,27,10245,10,37,63,85,102
20161207 07:06,267,0,258,0,269,0,28,99,74,27,10245,11,37,63,85,102
20161207 07:07,271,0,262,0,273,0,28,99,74,27,10245,11,37,63,85,102
20161207 07:08,274,0,264,0,275,0,29,99,74,28,10245,11,37,63,85,102
20161207 07:09,277,0,265,0,279,0,29,99,74,28,10245,11,37,63,85,102
20161207 07:10,280,0,267,0,281,0,29,99,74,28,10244,12,37,63,85,102
20161207 07:11,278,0,269,0,275,0,28,99,74,27,10244,13,37,63,85,102
20161207 07:12,271,0,271,0,268,0,29,99,74,28,10244,13,37,62,85,102
20161207 07:13,264,0,271,0,261,0,30,99,75,29,10245,14,37,62,85,102
20161207 07:14,257,0,270,0,253,0,30,99,75,29,10245,15,37,62,85,102
20161207 07:15,253,0,269,0,253,0,31,99,76,30,10246,16,37,62,85,102
20161207 07:16,253,0,267,0,254,0,31,99,76,30,10246,16,38,62,85,102
20161207 07:17,252,0,265,0,251,0,30,99,75,29,10246,17,38,62,85,102
20161207 07:18,249,0,262,0,248,0,30,99,75,29,10247,17,38,62,85,102
20161207 07:19,251,0,260,0,255,0,30,99,75,29,10247,17,38,62,85,102
20161207 07:20,257,0,258,0,259,0,30,99,75,29,10247,18,38,62,85,102
20161207 07:21,264,0,257,0,268,0,30,99,75,29,10247,19,38,62,85,102
20161207 07:22,271,0,257,0,273,0,30,99,75,29,10247,20,38,62,85,101
20161207 07:23,272,0,258,0,271,0,30,99,75,29,10247,21,38,62,85,102
20161207 07:24,264,0,259,0,256,0,31,99,76,30,10246,21,38,62,85,101
20161207 07:25,254,0,259,0,252,0,32,99,76,31,10247,21,38,62,85,101
20161207 07:26,253,0,259,0,254,0,32,99,76,31,10247,22,38,62,85,101
20161207 07:27,258,0,260,0,261,0,33,99,77,32,10247,23,39,62,85,101
20161207 07:28,262,0,261,0,263,0,33,99,77,32,10247,24,39,62,85,101
20161207 07:29,264,0,262,0,265,0,33,99,77,32,10247,26,39,62,84,101
20161207 07:30,268,0,263,0,271,0,33,99,77,32,10247,27,39,62,84,101
20161207 07:31,275,0,264,0,278,0,32,99,76,31,10247,27,39,62,84,101
20161207 07:32,279,0,265,0,279,0,33,99,77,32,10247,27,39,62,84,101
20161207 07:33,282,0,266,0,284,0,33,99,77,32,10247,27,40,62,84,101
20161207 07:34,288,0,270,0,292,0,33,99,77,32,10248,28,40,62,84,101
20161207 07:35,295,0,274,0,297,0,34,99,77,33,10248,29,40,62,84,101
20161207 07:36,300,0,279,0,302,0,34,99,77,33,10248,30,40,62,84,101
20161207 07:37,301,4,283,1,300,11,35,99,78,34,10248,31,40,62,84,101
20161207 07:38,297,8,286,2,293,11,35,99,78,34,10248,33,40,62,84,101
20161207 07:39,292,9,289,3,291,9,36,99,78,35,10248,34,41,62,84,101
20161207 07:40,291,8,291,3,291,11,36,99,78,35,10248,35,41,62,84,101
20161207 07:41,291,9,292,4,291,10,37,99,79,36,10249,35,41,62,84,101
20161207 07:42,289,9,293,5,286,10,38,99,79,37,10249,36,41,62,84,101
20161207 07:43,285,8,293,6,284,8,39,99,80,38,10248,37,41,62,84,101
20161207 07:44,282,7,292,7,280,8,40,99,80,39,10249,38,42,62,84,101
20161207 07:45,281,7,290,7,282,8,41,99,81,40,10249,40,42,62,84,101
20161207 07:46,284,6,288,8,285,7,42,99,82,41,10249,43,42,62,84,101
20161207 07:47,286,6,287,8,287,7,42,99,82,41,10249,45,42,62,84,101
20161207 07:48,288,6,287,7,289,7,42,99,82,41,10249,46,42,62,84,101
20161207 07:49,290,6,287,7,291,7,43,99,82,42,10249,46,43,62,84,101
20161207 07:50,291,6,287,7,290,7,44,99,83,43,10249,47,43,62,84,101
20161207 07:51,290,6,286,7,290,9,45,99,83,44,10249,48,43,62,84,101
20161207 07:52,291,6,287,6,292,9,46,99,84,45,10249,51,43,62,84,100
20161207 07:53,294,7,288,6,296,9,47,99,85,46,10249,53,44,62,84,100
20161207 07:54,292,7,289,7,289,9,47,99,85,46,10249,56,44,62,84,100
20161207 07:55,289,8,290,7,289,11,48,99,85,47,10249,58,44,62,84,100
20161207 07:56,285,9,289,7,281,9,49,99,86,48,10249,59,45,62,84,100
20161207 07:57,281,8,289,7,282,9,50,99,86,49,10249,61,45,62,84,100
20161207 07:58,285,7,289,7,289,8,51,99,87,50,10249,63,45,62,84,100
20161207 07:59,290,6,289,7,291,7,51,99,87,50,10249,64,46,62,84,100
20161207 08:00,291,7,289,7,291,10,52,99,88,51,10249,66,46,62,83,100
20161207 08:01,293,6,290,7,296,8,52,99,88,51,10249,69,46,62,83,100
20161207 08:02,288,5,289,7,281,8,53,99,88,52,10249,70,47,62,83,100
20161207 08:03,279,5,287,7,276,7,54,99,89,53,10249,72,47,62,83,100
20161207 08:04,259,2,282,6,242,0,55,99,89,54,10249,73,48,62,83,100
20161207 08:05,233,0,276,5,224,0,57,99,91,56,10249,74,48,62,83,100
20161207 08:06,231,0,272,4,238,0,58,0,92,58,10249,75,48,63,83,100
20161207 08:07,241,2,268,4,244,11,58,0,92,58,10249,76,49,63,83,100
20161207 08:08,245,5,263,4,246,10,59,99,92,58,10249,78,49,63,83,100
20161207 08:09,248,7,259,4,251,9,59,99,92,58,10248,78,50,63,83,100
20161207 08:10,253,6,255,4,256,8,59,99,92,58,10248,80,50,63,83,100
20161207 08:11,255,4,251,3,254,7,60,99,93,59,10247,81,51,63,83,100
20161207 08:12,263,1,250,3,271,0,60,99,93,59,10247,82,51,63,83,100
20161207 08:13,273,2,250,3,274,8,60,99,93,59,10247,84,52,63,83,100
20161207 08:14,274,7,253,4,274,11,61,99,93,60,10247,86,52,63,83,100
20161207 08:15,272,9,258,5,271,11,61,99,93,60,10248,87,53,63,83,100
20161207 08:16,274,8,262,5,278,8,62,99,94,61,10248,88,53,63,83,100
20161207 08:17,274,6,265,6,271,8,62,99,94,61,10248,89,54,63,83,100
20161207 08:18,268,4,267,5,266,5,63,99,94,62,10247,91,54,63,83,100
20161207 08:19,264,2,268,5,261,3,64,99,95,63,10247,92,55,63,83,99
20161207 08:20,254,0,267,4,247,1,65,99,96,64,10247,93,55,63,83,100
20161207 08:21,239,3,265,4,232,11,66,99,96,65,10247,94,56,64,83,99
20161207 08:22,244,5,263,5,255,7,66,99,96,65,10247,95,57,64,83,99
20161207 08:23,261,2,262,4,266,4,67,99,97,66,10247,97,57,64,83,99
20161207 08:24,263,1,261,3,261,0,68,99,98,67,10247,98,58,64,83,99
20161207 08:25,261,0,260,3,261,0,68,99,98,67,10247,99,58,64,83,99
20161207 08:26,254,2,257,2,247,8,69,99,98,68,10247,99,59,64,83,99
20161207 08:27,254,5,256,3,261,9,70,99,99,69,10247,99,60,64,83,99
20161207 08:28,256,6,254,3,251,7,70,99,99,69,10247,98,60,64,83,99
20161207 08:29,252,6,253,3,253,13,70,99,99,69,10246,98,61,64,83,99
20161207 08:30,248,9,253,4,243,11,70,99,99,69,10246,97,61,65,83,99
20161207 08:31,247,9,255,5,251,12,71,99,100,70,10246,96,62,65,83,99
20161207 08:32,255,9,255,5,258,13,71,98,99,68,10246,97,62,65,83,99
20161207 08:33,252,10,253,6,246,15,71,98,99,68,10246,99,63,65,83,99
20161207 08:34,246,12,252,7,246,16,72,98,99,69,10246,101,63,65,83,99
20161207 08:35,254,13,252,9,262,16,72,98,99,69,10246,104,64,65,83,99
20161207 08:36,259,11,253,9,255,12,73,98,100,70,10246,107,64,65,83,99
20161207 08:37,257,10,252,10,258,14,73,97,99,69,10246,110,65,66,83,99
20161207 08:38,261,9,254,10,263,10,74,97,100,70,10246,111,65,66,83,99
20161207 08:39,267,8,255,10,271,12,75,97,101,71,10246,112,66,66,83,99
20161207 08:40,261,9,256,10,252,13,76,97,101,72,10246,113,66,66,83,99
20161207 08:41,255,10,257,10,258,15,77,97,102,73,10246,114,67,66,83,99
20161207 08:42,255,10,256,10,251,16,78,97,103,74,10246,113,67,66,83,99
20161207 08:43,259,10,258,10,268,17,78,97,103,74,10246,113,68,66,83,99
20161207 08:44,256,11,258,10,245,20,79,96,102,73,10246,114,69,67,83,99
20161207 08:45,249,13,257,10,252,20,80,96,103,74,10245,117,69,67,83,99
20161207 08:46,253,14,257,11,254,17,81,95,103,73,10245,119,70,67,83,99
20161207 08:47,255,16,257,12,256,23,82,95,103,74,10245,120,70,67,83,99
20161207 08:48,256,18,256,12,257,22,82,95,103,74,10245,120,71,67,83,99
20161207 08:49,252,18,254,13,247,23,83,95,104,75,10245,120,72,68,83,99
20161207 08:50,249,19,254,14,251,24,84,94,104,75,10245,121,72,68,83,99
20161207 08:51,251,18,253,15,252,20,84,93,102,73,10245,121,73,68,83,99
20161207 08:52,250,17,253,16,248,23,85,93,103,74,10245,123,73,68,83,99
20161207 08:53,250,17,251,16,252,23,86,92,103,74,10245,124,74,68,83,99
20161207 08:54,254,16,253,17,256,19,87,92,103,75,10245,125,75,69,83,99
20161207 08:55,254,14,253,17,252,20,88,92,104,76,10245,127,75,69,83,99
20161207 08:56,256,14,253,17,260,20,88,91,103,74,10245,130,76,69,83,98
20161207 08:57,257,17,253,17,255,27,89,91,104,75,10245,131,76,69,83,98
20161207 08:58,252,23,252,18,249,29,90,90,103,74,10245,132,77,69,83,98
20161207 08:59,248,25,252,18,248,28,90,90,103,74,10245,131,78,70,83,98
20161207 09:00,250,23,252,19,252,30,91,89,103,74,10245,131,78,70,83,98
20161207 09:01,248,23,252,19,244,30,91,88,102,72,10245,132,79,70,83,98
20161207 09:02,248,24,252,20,252,30,91,87,100,71,10245,133,79,70,83,98
20161207 09:03,256,25,253,21,260,34,92,87,101,72,10245,135,80,70,83,98
20161207 09:04,256,29,252,23,252,38,92,87,101,72,10246,136,81,71,83,98
20161207 09:05,249,32,252,24,246,34,93,87,102,72,10246,137,81,71,83,98
20161207 09:06,255,26,252,25,265,29,93,86,101,71,10246,138,82,71,83,98
20161207 09:07,268,24,254,26,272,31,94,86,101,72,10246,143,83,71,83,98
20161207 09:08,269,28,256,26,265,41,95,87,103,74,10246,147,83,71,84,98
20161207 09:09,261,31,256,27,256,39,95,87,103,74,10247,147,84,72,84,98
20161207 09:10,256,29,257,27,255,33,95,86,102,73,10247,144,84,72,84,98
20161207 09:11,254,28,258,28,253,40,95,86,102,73,10247,145,85,72,84,98
20161207 09:12,256,26,258,28,259,28,96,86,103,74,10247,146,86,72,84,98
20161207 09:13,257,19,258,27,256,20,96,86,103,74,10247,149,86,73,84,98
20161207 09:14,252,19,258,26,249,30,96,86,103,74,10247,151,87,73,84,98
20161207 09:15,250,19,258,24,252,22,97,86,103,75,10247,152,88,73,84,98
20161207 09:16,271,19,260,24,289,30,98,86,104,76,10247,153,88,73,84,98
20161207 09:17,275,21,259,24,261,27,98,87,105,77,10247,153,89,74,84,98
20161207 09:18,261,18,259,22,261,26,99,87,106,78,10246,154,90,74,84,98
20161207 09:19,263,21,260,22,265,31,99,87,106,78,10246,149,90,74,84,98
20161207 09:20,263,23,260,21,260,29,99,85,104,75,10246,145,91,74,84,98
20161207 09:21,259,25,261,21,257,36,99,85,104,75,10246,143,91,75,84,98
20161207 09:22,262,29,262,21,266,39,99,85,104,75,10246,145,92,75,84,98
20161207 09:23,271,30,263,23,275,40,99,85,104,75,10247,146,93,75,84,98
20161207 09:24,276,29,266,24,277,32,99,85,104,75,10247,147,93,75,84,98
20161207 09:25,269,23,267,24,261,27,99,85,104,75,10247,148,94,76,84,98
20161207 09:26,264,21,265,24,267,32,99,85,104,75,10247,148,94,76,84,98
20161207 09:27,263,23,265,24,260,30,99,85,104,75,10246,150,95,76,85,98
20161207 09:28,250,20,263,24,241,23,100,85,104,76,10246,152,95,77,85,98
20161207 09:29,247,20,262,24,253,30,101,85,105,77,10246,153,96,77,85,98
20161207 09:30,249,26,260,25,245,37,101,84,104,75,10245,154,96,77,85,98
20161207 09:31,251,30,260,25,256,38,101,83,103,73,10245,153,97,77,85,98
20161207 09:32,258,29,259,25,259,37,101,82,101,72,10246,153,97,78,85,98
20161207 09:33,267,24,259,24,275,29,101,81,100,70,10246,153,98,78,85,98
20161207 09:34,266,22,257,24,257,33,101,82,101,72,10246,155,98,78,85,98
20161207 09:35,254,23,256,24,251,30,102,81,101,71,10246,154,99,79,85,98
20161207 09:36,256,21,256,24,261,32,102,81,101,71,10245,154,99,79,85,98
20161207 09:37,254,22,254,24,247,30,102,80,99,69,10245,157,100,79,85,98
20161207 09:38,255,23,257,25,263,30,103,79,99,68,10245,157,100,79,85,98
20161207 09:39,261,20,257,24,259,28,103,79,99,68,10245,158,101,80,85,98
20161207 09:40,258,23,258,24,257,37,103,79,99,68,10245,157,101,80,85,98
20161207 09:41,264,28,260,24,271,32,104,78,98,67,10245,158,102,80,86,98
20161207 09:42,265,25,260,23,259,36,104,78,98,67,10245,159,102,80,86,98
20161207 09:43,261,24,259,23,263,31,104,77,97,65,10245,159,103,81,86,98
20161207 09:44,258,23,258,23,253,30,104,77,97,65,10245,161,103,81,86,98
20161207 09:45,258,26,260,24,263,36,104,76,96,64,10245,160,103,81,86,98
20161207 09:46,260,23,259,24,257,26,104,76,96,64,10245,158,104,82,86,98
20161207 09:47,261,17,261,23,264,27,105,75,95,63,10245,158,104,82,86,98
20161207 09:48,272,17,263,23,280,24,105,76,96,65,10245,159,105,82,86,98
20161207 09:49,278,20,264,23,276,33,105,77,98,66,10245,161,105,82,86,98
20161207 09:50,275,25,266,23,275,36,106,76,97,66,10245,163,106,83,86,98
20161207 09:51,279,26,267,23,282,30,106,75,96,64,10245,166,106,83,86,98
20161207 09:52,278,22,269,22,274,27,106,75,96,64,10245,166,107,83,87,98
20161207 09:53,270,20,269,22,266,26,106,76,97,66,10244,167,107,84,87,98
20161207 09:54,265,22,270,22,264,34,107,75,96,65,10244,169,108,84,87,98
20161207 09:55,264,22,270,21,265,33,107,75,96,65,10244,171,108,84,87,98
20161207 09:56,264,22,271,22,263,29,108,74,96,64,10244,176,108,84,87,98
20161207 09:57,258,24,270,22,253,32,108,74,96,64,10244,175,109,85,87,98
20161207 09:58,255,28,268,24,257,40,109,73,95,63,10244,170,109,85,87,98
20161207 09:59,261,29,266,24,265,33,109,71,93,59,10243,168,110,85,87,98
20161207 10:00,265,28,265,24,265,38,109,71,93,59,10243,168,110,85,87,98
20161207 10:01,264,28,264,25,263,33,109,72,94,61,10243,170,111,86,87,98
20161207 10:02,261,26,262,25,258,33,109,71,93,59,10243,171,112,86,88,98
20161207 10:03,250,24,259,26,241,28,109,72,94,61,10243,173,112,86,88,98
20161207 10:04,237,21,256,25,232,26,109,72,94,61,10242,175,113,87,88,98
20161207 10:05,235,23,253,26,237,28,110,72,94,62,10242,175,113,87,88,98
20161207 10:06,241,23,252,25,245,26,110,72,94,62,10242,176,113,87,88,98
20161207 10:07,256,25,253,26,267,34,110,72,94,62,10242,176,114,88,88,98
20161207 10:08,272,26,255,25,277,29,111,72,95,62,10243,176,114,88,88,98
20161207 10:09,279,27,257,25,281,41,112,72,96,63,10243,176,115,88,88,98
20161207 10:10,283,32,259,26,284,42,112,70,93,59,10242,173,115,88,88,98
20161207 10:11,279,28,260,25,274,35,111,70,92,58,10242,174,116,89,89,98
20161207 10:12,270,25,260,25,266,39,112,70,93,59,10242,176,116,89,89,98
20161207 10:13,269,29,264,26,272,38,112,70,93,59,10242,176,117,89,89,98
20161207 10:14,268,31,267,27,265,39,112,70,93,59,10242,175,117,89,89,98
20161207 10:15,263,26,269,27,261,36,112,70,93,59,10242,174,118,90,89,98
20161207 10:16,256,27,270,28,252,37,113,70,94,60,10242,173,118,90,89,99
20161207 10:17,246,28,267,28,240,37,113,69,92,58,10242,172,118,90,89,99
20161207 10:18,244,26,264,28,248,36,113,70,94,60,10241,172,119,91,89,99
20161207 10:19,248,27,261,28,247,40,114,71,96,63,10241,175,119,91,90,99
20161207 10:20,245,29,257,28,244,37,114,69,93,59,10240,176,120,91,90,99
20161207 10:21,246,34,254,29,248,45,114,68,92,57,10240,177,120,91,90,99
20161207 10:22,247,34,252,29,247,41,114,68,92,57,10240,176,120,92,90,99
20161207 10:23,255,31,251,29,262,39,114,69,93,59,10240,175,121,92,90,99
20161207 10:24,263,27,251,28,264,33,114,68,92,57,10240,174,121,92,90,99
20161207 10:25,254,28,249,29,243,38,115,69,94,60,10240,176,121,93,90,99
20161207 10:26,246,28,249,29,248,35,115,69,94,60,10240,178,122,93,90,99
20161207 10:27,245,26,249,29,243,37,115,69,94,60,10240,179,122,93,91,99
20161207 10:28,259,28,252,29,277,35,116,69,94,61,10240,181,122,93,91,99
20161207 10:29,279,22,256,28,280,26,116,70,96,63,10240,183,123,94,91,99
20161207 10:30,267,19,257,27,255,30,117,69,95,62,10240,183,123,94,91,99
20161207 10:31,267,19,260,25,280,20,117,69,95,62,10240,185,124,94,91,99
20161207 10:32,273,16,262,23,267,31,118,70,97,65,10240,186,124,95,91,99
20161207 10:33,259,20,261,23,252,31,119,70,97,66,10240,185,124,95,91,99
20161207 10:34,250,21,259,22,248,23,120,69,97,65,10239,187,125,95,91,99
20161207 10:35,254,21,261,22,260,32,121,69,97,66,10239,190,125,95,92,99
20161207 10:36,263,26,263,22,266,38,121,68,96,64,10239,187,126,96,92,99
20161207 10:37,272,26,266,22,278,33,121,67,95,62,10239,186,126,96,92,99
20161207 10:38,276,24,266,21,274,34,121,67,95,62,10239,191,127,96,92,99
20161207 10:39,263,26,263,23,250,34,120,67,94,61,10239,192,127,97,92,99
20161207 10:40,247,29,262,23,244,38,121,67,95,62,10239,191,127,97,92,99
20161207 10:41,251,26,260,24,259,36,122,67,95,63,10238,190,128,97,92,99
20161207 10:42,275,20,262,24,290,25,122,68,97,65,10238,191,128,97,93,99
20161207 10:43,284,18,265,24,277,26,123,67,96,64,10237,194,129,98,93,99
20161207 10:44,266,21,265,24,256,38,123,67,96,64,10237,197,129,98,93,100
20161207 10:45,259,28,266,25,263,41,123,66,94,61,10237,194,130,98,93,100
20161207 10:46,257,33,264,25,252,41,123,64,91,57,10237,192,130,98,93,100
20161207 10:47,255,29,262,25,259,33,123,64,91,57,10237,189,130,99,93,100
20161207 10:48,257,28,260,26,255,35,123,64,91,57,10237,187,131,99,93,100
20161207 10:49,258,28,261,26,260,35,123,64,91,57,10237,188,131,99,94,100
20161207 10:50,258,25,263,25,257,31,123,65,93,59,10237,191,132,99,94,100
20161207 10:51,250,24,261,25,244,32,124,65,94,60,10237,191,132,100,94,100
20161207 10:52,243,24,256,26,242,36,125,66,96,63,10237,192,133,100,94,100
20161207 10:53,244,22,253,26,245,30,125,64,93,59,10237,192,133,100,94,100
20161207 10:54,254,20,254,26,262,25,125,64,93,59,10237,193,133,101,94,100
20161207 10:55,259,22,253,25,257,34,125,64,93,59,10237,196,133,101,94,100
20161207 10:56,260,25,254,24,262,34,125,64,93,59,10237,197,134,101,94,100
20161207 10:57,272,31,257,25,282,50,126,64,93,60,10237,195,134,101,95,100
20161207 10:58,282,38,259,26,282,47,126,63,92,58,10237,193,135,102,95,100
20161207 10:59,281,37,261,27,279,44,126,62,90,55,10237,192,135,102,95,100
20161207 11:00,298,30,267,27,316,35,126,62,90,55,10236,193,135,102,95,100
20161207 11:01,298,26,270,28,280,31,126,62,90,55,10236,197,136,103,95,100
20161207 11:02,273,23,273,27,266,32,126,62,90,55,10236,196,136,103,95,100
20161207 11:03,271,20,276,27,275,28,126,63,92,58,10236,199,136,103,95,100
20161207 11:04,275,17,277,27,275,23,126,62,90,55,10236,199,137,103,96,100
20161207 11:05,270,20,278,27,266,28,128,64,95,62,10235,201,137,104,96,101
20161207 11:06,257,24,277,27,248,34,128,64,95,62,10235,203,137,104,96,101
20161207 11:07,247,29,273,26,246,41,128,62,92,57,10235,202,138,104,96,101
20161207 11:08,253,29,271,25,261,33,128,62,92,57,10235,202,138,104,96,101
20161207 11:09,262,22,269,23,263,40,129,63,94,60,10235,200,138,105,96,101
20161207 11:10,255,23,263,23,248,40,129,63,94,60,10235,199,139,105,96,101
20161207 11:11,257,23,262,23,267,25,129,63,94,60,10235,199,139,105,97,101
20161207 11:12,273,23,263,23,278,37,130,64,96,64,10235,201,139,106,97,101
20161207 11:13,269,30,261,25,259,45,131,64,96,65,10234,204,140,106,97,101
20161207 11:14,254,41,258,28,248,56,130,62,93,59,10234,201,140,106,97,101
20161207 11:15,265,45,260,30,283,51,129,59,88,51,10234,194,140,106,97,101
20161207 11:16,279,39,263,31,274,46,130,60,90,54,10234,194,141,107,97,101
20161207 11:17,276,33,266,31,279,37,130,60,90,54,10234,194,141,107,98,101
20161207 11:18,281,29,268,31,284,38,130,59,88,52,10234,194,141,107,98,101
20161207 11:19,278,33,269,33,272,48,130,59,88,52,10234,195,142,107,98,101
20161207 11:20,263,35,270,33,253,48,130,59,88,52,10234,194,142,108,98,101
20161207 11:21,259,28,269,34,264,29,130,60,90,54,10233,193,142,108,98,101
20161207 11:22,265,21,268,33,265,27,130,58,87,49,10233,196,142,108,98,102
20161207 11:23,273,18,270,32,281,22,130,59,88,52,10233,199,142,108,98,102
20161207 11:24,283,21,274,29,285,42,131,61,92,58,10233,201,142,109,99,102
20161207 11:25,284,27,274,28,283,42,131,60,90,55,10233,204,143,109,99,102
20161207 11:26,286,28,276,27,290,33,131,58,87,50,10233,201,143,109,99,102
20161207 11:27,297,25,278,27,305,34,131,58,87,50,10233,202,143,110,99,102
20161207 11:28,302,27,280,26,300,38,131,58,87,50,10232,204,143,110,99,102
20161207 11:29,284,26,279,25,269,30,131,59,89,53,10232,206,143,110,99,102
20161207 11:30,262,25,280,24,255,41,132,59,89,54,10232,205,144,110,99,102
20161207 11:31,254,33,279,26,252,61,132,57,86,49,10232,206,144,111,100,102
20161207 11:32,258,41,278,28,264,50,132,56,85,46,10232,200,144,111,100,102
20161207 11:33,264,42,277,31,264,47,133,54,82,42,10231,197,144,111,100,102
20161207 11:34,269,39,276,32,274,54,133,55,84,45,10231,197,145,111,100,102
20161207 11:35,271,35,274,32,268,49,133,53,81,39,10231,197,145,112,100,102
20161207 11:36,270,37,272,34,272,51,133,53,81,39,10230,197,145,112,100,102
20161207 11:37,275,37,270,34,279,40,133,53,81,39,10230,198,145,112,101,103
20161207 11:38,285,33,269,35,291,41,133,54,82,42,10230,199,145,112,101,103
20161207 11:39,289,33,270,36,286,42,133,53,81,39,10230,201,146,113,101,103
20161207 11:40,291,28,275,36,296,33,133,54,82,42,10229,200,146,113,101,103
20161207 11:41,306,22,281,34,315,26,134,55,84,46,10229,202,146,113,101,103
20161207 11:42,311,22,285,32,307,51,134,55,84,46,10229,207,146,113,101,103
20161207 11:43,294,30,287,31,281,46,134,54,83,43,10229,207,146,113,101,103
20161207 11:44,282,35,288,31,282,46,134,53,81,40,10229,202,146,114,102,103
20161207 11:45,284,29,289,30,286,39,135,53,82,41,10229,203,146,114,102,103
20161207 11:46,296,29,293,30,305,43,135,53,82,41,10229,204,147,114,102,103
20161207 11:47,301,32,295,29,297,37,135,53,82,41,10228,202,147,114,102,103
20161207 11:48,287,25,293,28,277,30,135,53,82,41,10228,199,147,115,102,103
20161207 11:49,293,28,296,28,310,50,135,53,82,41,10228,201,147,115,102,103
20161207 11:50,313,34,298,29,316,41,135,52,80,38,10228,203,147,115,103,103
20161207 11:51,305,39,295,32,294,57,135,52,80,38,10227,201,148,115,103,104
20161207 11:52,294,38,294,32,294,52,135,51,79,36,10227,200,148,116,103,104
20161207 11:53,289,34,295,33,285,52,135,52,80,38,10227,200,148,116,103,104
20161207 11:54,289,37,296,33,293,56,136,53,82,42,10227,198,148,116,103,104
20161207 11:55,292,39,296,35,291,57,136,51,79,37,10227,199,148,116,103,104
20161207 11:56,289,42,294,35,287,48,135,50,77,33,10227,198,148,116,104,104
20161207 11:57,292,35,294,35,298,43,135,51,79,36,10227,199,148,117,104,104
20161207 11:58,299,27,297,36,300,35,135,52,80,38,10227,202,148,117,104,104
20161207 11:59,289,27,293,35,277,41,135,53,82,41,10227,204,148,117,104,104
20161207 12:00,288,30,292,35,298,41,136,54,84,45,10227,202,148,117,104,104
20161207 12:01,291,31,291,33,284,39,136,54,84,45,10227,203,148,117,104,104
20161207 12:02,278,25,289,32,273,28,136,54,84,45,10227,204,148,118,104,104
20161207 12:03,282,23,289,31,290,54,137,54,85,46,10226,203,149,118,105,104
20161207 12:04,287,30,288,31,284,47,137,53,83,43,10227,204,149,118,105,104
20161207 12:05,288,30,288,29,291,31,138,53,84,44,10226,205,149,118,105,105
20161207 12:06,293,27,289,28,295,50,138,53,84,44,10226,207,149,118,105,105
20161207 12:07,303,30,290,28,311,44,138,52,82,41,10226,208,149,119,105,105
20161207 12:08,312,31,292,29,313,46,138,51,80,38,10225,208,149,119,105,105
20161207 12:09,320,31,297,29,327,42,138,51,80,38,10225,209,149,119,105,105
20161207 12:10,327,36,299,30,326,54,138,51,80,38,10225,212,150,119,106,105
20161207 12:11,322,39,303,31,317,45,138,51,80,38,10225,213,150,119,106,105
20161207 12:12,322,30,308,31,326,37,139,52,83,42,10225,212,150,120,106,105
20161207 12:13,311,28,309,32,296,43,139,52,83,42,10225,214,150,120,106,105
20161207 12:14,295,37,310,33,295,59,139,50,79,37,10225,213,150,120,106,105
20161207 12:15,297,44,311,35,300,54,139,50,79,37,10225,207,150,120,106,105
20161207 12:16,308,35,313,34,316,41,138,49,77,33,10225,206,151,120,107,105
20161207 12:17,320,28,314,34,323,38,138,51,80,38,10225,209,151,120,107,106
20161207 12:18,336,32,317,34,348,48,139,51,81,39,10224,212,151,121,107,106
20161207 12:19,334,27,316,33,318,32,139,52,83,42,10224,213,151,121,107,106
20161207 12:20,288,22,310,31,261,33,140,53,85,46,10224,214,151,121,107,106
20161207 12:21,276,24,308,30,292,40,141,53,85,47,10224,214,152,121,107,106
20161207 12:22,295,25,305,30,299,35,141,53,85,47,10223,212,152,121,107,106
20161207 12:23,306,28,307,30,312,41,142,52,84,45,10223,209,152,122,108,106
20161207 12:24,305,27,307,28,298,33,142,51,83,42,10223,210,152,122,108,106
20161207 12:25,301,24,307,26,305,31,142,52,84,45,10223,212,152,122,108,106
20161207 12:26,302,25,305,26,298,42,142,51,83,42,10223,214,152,122,108,106
20161207 12:27,292,23,301,25,285,26,142,51,83,42,10223,216,153,122,108,106
20161207 12:28,289,23,296,25,293,34,142,51,83,42,10223,215,153,122,108,106
20161207 12:29,306,26,296,25,319,36,142,49,79,36,10223,213,153,123,108,107
20161207 12:30,319,27,302,26,318,47,143,50,81,40,10223,217,153,123,109,107
20161207 12:31,313,30,303,26,307,41,143,48,78,34,10223,215,153,123,109,107
20161207 12:32,304,31,304,27,300,37,143,47,77,32,10223,215,153,123,109,107
20161207 12:33,321,30,306,27,340,40,143,48,78,34,10223,216,154,123,109,107
20161207 12:34,331,28,309,27,322,38,142,49,79,36,10223,219,154,124,109,107
20161207 12:35,313,33,309,28,305,50,142,50,81,39,10223,219,154,124,109,107
20161207 12:36,306,35,310,29,308,48,142,49,79,36,10223,215,154,124,109,107
20161207 12:37,308,33,312,31,308,43,142,49,79,36,10223,214,154,124,110,107
20161207 12:38,306,34,313,31,304,40,142,48,78,34,10223,214,154,124,110,107
20161207 12:39,302,31,311,32,300,40,142,48,78,34,10223,213,155,124,110,107
20161207 12:40,305,26,310,31,311,36,142,48,78,34,10223,210,155,125,110,107
20161207 12:41,301,27,309,31,291,45,143,50,81,40,10223,212,155,125,110,108
20161207 12:42,274,28,305,31,258,45,144,51,84,44,10223,212,155,125,110,108
20161207 12:43,258,27,297,30,258,35,144,50,82,41,10223,210,155,125,110,108
20161207 12:44,257,28,290,30,256,37,144,49,80,38,10222,208,155,125,111,108
20161207 12:45,261,23,286,28,267,22,144,49,80,38,10222,209,155,125,111,108
20161207 12:46,285,21,286,28,304,35,144,49,80,38,10222,212,155,126,111,108
20161207 12:47,306,24,286,27,307,40,145,50,83,42,10222,216,156,126,111,108
20161207 12:48,291,26,283,26,276,33,144,50,82,41,10222,218,156,126,111,108
20161207 12:49,275,23,280,25,275,23,144,50,82,41,10222,215,156,126,111,108
20161207 12:50,286,20,279,25,297,29,144,51,84,44,10222,215,156,126,111,108
20161207 12:51,301,23,280,24,305,35,145,52,86,48,10222,216,156,126,112,108
20161207 12:52,310,31,286,25,315,47,145,50,83,42,10222,217,156,127,112,108
20161207 12:53,297,36,288,26,280,44,145,51,84,45,10222,214,156,127,112,109
20161207 12:54,282,37,291,27,285,49,145,50,83,42,10222,210,156,127,112,109
20161207 12:55,291,33,294,28,297,36,144,51,84,44,10222,209,156,127,112,109
20161207 12:56,309,25,296,28,319,31,144,52,85,47,10221,212,157,127,112,109
20161207 12:57,318,19,297,27,317,21,144,52,85,47,10221,216,157,127,112,109
20161207 12:58,297,20,297,27,279,45,145,54,89,53,10221,217,157,127,112,109
20161207 12:59,273,28,296,28,268,44,145,52,86,48,10221,213,157,128,113,109
20161207 13:00,275,30,295,29,282,35,145,51,84,45,10221,210,157,128,113,109
20161207 13:01,286,29,293,29,291,37,145,51,84,45,10220,212,157,128,113,109
20161207 13:02,287,26,290,28,283,30,145,50,83,42,10220,213,157,128,113,109
20161207 13:03,286,21,291,26,290,33,146,50,83,43,10220,214,157,128,113,109
20161207 13:04,289,23,291,25,288,35,146,51,85,46,10220,212,157,128,113,109
20161207 13:05,285,28,290,25,282,41,147,49,82,41,10220,209,157,129,113,110
20161207 13:06,278,29,285,26,274,42,146,47,78,34,10220,207,157,129,114,110
20161207 13:07,272,34,281,28,270,51,145,46,76,30,10220,205,158,129,114,110
20161207 13:08,277,42,281,30,283,53,145,46,76,30,10220,202,158,129,114,110
20161207 13:09,276,41,281,31,269,50,145,45,74,27,10220,201,158,129,114,110
20161207 13:10,272,36,281,31,275,43,146,45,75,28,10220,203,158,129,114,110
20161207 13:11,275,36,279,32,275,45,146,44,73,25,10220,204,158,129,114,110
20161207 13:12,278,39,279,34,281,46,145,43,71,21,10220,206,158,129,114,110
20161207 13:13,281,32,278,34,281,37,145,44,73,24,10220,208,157,130,114,110
20161207 13:14,285,26,278,34,289,37,145,45,74,27,10220,208,157,130,115,110
20161207 13:15,288,28,278,34,288,43,145,46,76,30,10220,209,157,130,115,110
20161207 13:16,296,29,281,34,304,42,145,46,76,30,10220,209,157,130,115,110
20161207 13:17,312,25,286,33,320,36,146,47,78,34,10219,210,157,130,115,111
20161207 13:18,319,26,290,31,318,33,146,47,78,34,10219,210,157,130,115,111
20161207 13:19,312,27,294,30,306,31,146,46,76,31,10218,212,157,131,115,111
20161207 13:20,310,28,298,30,314,43,146,46,76,31,10218,213,157,131,115,111
20161207 13:21,291,27,297,28,267,40,147,47,79,35,10219,214,157,131,115,111
20161207 13:22,271,27,296,27,275,43,147,46,77,32,10219,214,157,131,116,111
20161207 13:23,296,30,300,28,317,40,148,45,76,30,10219,212,157,131,116,111
20161207 13:24,326,30,305,28,335,42,148,43,72,24,10219,211,157,131,116,111
20161207 13:25,332,25,309,27,328,26,147,43,72,23,10219,212,157,131,116,111
20161207 13:26,301,21,306,26,277,32,148,45,76,30,10219,213,157,131,116,111
20161207 13:27,278,23,302,27,278,34,149,46,78,34,10219,213,157,131,116,111
20161207 13:28,270,31,296,27,263,46,149,44,75,28,10219,211,157,132,116,112
20161207 13:29,270,35,293,28,277,41,149,44,75,28,10219,209,157,132,116,112
20161207 13:30,271,29,288,28,266,34,149,45,76,31,10219,211,157,132,117,112
20161207 13:31,266,26,287,28,266,34,149,43,73,24,10218,213,157,132,117,112
20161207 13:32,270,30,287,28,275,46,149,42,71,21,10219,214,157,132,117,112
20161207 13:33,291,31,287,28,309,44,149,42,71,21,10219,212,157,132,117,112
20161207 13:34,300,26,283,28,291,34,149,43,73,24,10218,212,157,132,117,112
20161207 13:35,299,24,281,28,308,42,150,43,73,25,10218,212,157,132,117,112
20161207 13:36,302,21,283,28,297,31,149,43,73,24,10218,215,157,133,117,112
20161207 13:37,289,17,283,27,282,20,150,44,75,29,10218,216,157,133,117,112
20161207 13:38,277,22,284,26,272,38,151,45,77,33,10218,217,157,133,118,112
20161207 13:39,273,30,284,26,274,40,151,43,74,26,10218,213,158,133,118,112
20161207 13:40,273,33,285,26,272,43,150,42,72,22,10217,211,158,133,118,112
20161207 13:41,283,35,287,28,294,47,150,43,73,25,10217,208,158,133,118,113
20161207 13:42,297,34,290,27,300,38,150,43,73,25,10217,209,158,133,118,113
20161207 13:43,300,29,289,27,299,37,150,41,70,19,10217,210,158,133,118,113
20161207 13:44,308,26,291,27,317,36,149,42,71,21,10217,210,158,133,118,113
20161207 13:45,315,25,292,27,313,33,150,44,75,29,10217,212,158,133,118,113
20161207 13:46,303,26,292,28,293,34,150,44,75,29,10217,214,158,134,118,113
20161207 13:47,306,22,295,28,319,31,150,43,73,25,10217,212,158,134,119,113
20161207 13:48,302,19,296,28,283,31,151,44,75,29,10217,215,158,134,119,113
20161207 13:49,291,19,299,26,297,27,151,44,75,29,10218,212,158,134,119,113
20161207 13:50,289,23,300,26,281,40,152,43,74,27,10218,208,158,134,119,113
20161207 13:51,272,26,297,24,262,35,151,42,72,23,10218,209,158,134,119,113
20161207 13:52,265,29,293,25,267,41,151,42,72,23,10218,210,158,134,119,114
20161207 13:53,271,26,291,24,274,28,151,42,72,23,10218,205,158,134,119,114
20161207 13:54,271,21,285,23,267,31,152,43,74,27,10218,207,157,134,119,114
20161207 13:55,268,26,281,24,269,42,152,42,73,24,10218,209,157,134,119,114
20161207 13:56,274,30,279,24,278,44,152,42,73,24,10218,208,157,134,120,114
20161207 13:57,288,28,277,25,297,35,152,43,74,27,10218,208,157,134,120,114
20161207 13:58,291,23,278,25,285,30,152,43,74,27,10218,208,157,135,120,114
20161207 13:59,274,21,274,26,262,27,152,43,74,27,10218,207,157,135,120,114
20161207 14:00,262,23,272,25,261,33,151,42,72,23,10218,202,157,135,120,114
20161207 14:01,263,26,272,26,264,36,151,42,72,23,10218,200,157,135,120,114
20161207 14:02,268,25,273,25,271,28,151,42,72,23,10218,199,157,135,120,114
20161207 14:03,257,23,270,25,243,35,151,43,74,26,10218,202,157,135,120,114
20161207 14:04,242,25,267,25,241,32,151,41,70,20,10217,201,157,135,120,114
20161207 14:05,242,24,265,25,244,30,150,41,70,19,10217,202,157,135,120,115
20161207 14:06,250,19,262,23,255,26,150,42,72,22,10218,205,157,135,121,115
20161207 14:07,260,17,259,22,265,30,150,42,72,22,10217,207,157,135,121,115
20161207 14:08,282,22,260,23,300,34,151,43,74,26,10218,205,157,135,121,115
20161207 14:09,288,26,262,23,275,34,151,44,75,29,10218,207,156,135,121,115
20161207 14:10,285,24,265,23,296,35,152,44,76,30,10218,209,156,135,121,115
20161207 14:11,298,28,269,24,299,43,152,43,74,27,10218,209,156,136,121,115
20161207 14:12,299,31,272,24,299,43,152,43,74,27,10218,205,156,136,121,115
20161207 14:13,295,28,277,25,292,32,151,42,72,23,10218,203,156,136,121,115
20161207 14:14,304,24,284,24,316,28,151,43,74,26,10218,206,156,136,121,115
20161207 14:15,313,19,291,24,310,22,151,43,74,26,10218,208,156,136,122,115
20161207 14:16,299,20,294,25,288,32,151,44,75,29,10218,209,156,136,122,115
20161207 14:17,283,23,295,25,278,29,151,40,69,16,10217,206,156,136,122,116
20161207 14:18,275,20,293,24,273,26,151,41,70,20,10217,203,156,136,122,116
20161207 14:19,262,21,290,24,252,49,152,41,71,20,10217,201,156,136,122,116
20161207 14:20,259,28,287,25,266,46,151,41,70,20,10217,201,156,136,122,116
20161207 14:21,272,33,285,25,278,44,151,42,72,23,10217,201,156,136,122,116
20161207 14:22,274,28,282,24,269,31,151,42,72,23,10217,199,156,136,122,116
20161207 14:23,268,23,280,24,268,30,151,42,72,23,10217,200,156,136,122,116
20161207 14:24,273,24,276,24,278,38,151,43,74,26,10217,200,156,136,122,116
20161207 14:25,275,28,272,26,271,35,151,39,67,13,10217,199,155,136,122,116
20161207 14:26,265,26,269,25,259,28,151,38,65,9,10217,196,155,137,123,116
20161207 14:27,266,20,269,25,273,25,150,39,66,12,10217,192,155,137,123,116
20161207 14:28,274,21,269,25,275,25,150,41,70,19,10217,185,155,137,123,116
20161207 14:29,281,22,272,25,287,29,149,40,68,14,10217,180,155,137,123,116
20161207 14:30,291,19,275,23,296,21,149,41,69,18,10217,183,155,137,123,117
20161207 14:31,286,17,275,22,276,29,149,42,71,21,10217,187,155,137,123,117
20161207 14:32,287,23,278,22,299,38,149,41,69,18,10217,187,154,137,123,117
20161207 14:33,290,28,280,23,282,44,149,42,71,21,10217,184,154,137,123,117
20161207 14:34,290,27,282,23,299,39,149,42,71,21,10217,181,154,137,123,117
20161207 14:35,302,24,285,22,306,30,149,41,69,18,10217,182,154,137,123,117
20161207 14:36,297,18,288,22,288,19,149,42,71,21,10218,186,153,137,123,117
20161207 14:37,300,17,292,22,312,25,150,42,72,22,10218,188,153,137,124,117
20161207 14:38,315,17,296,21,319,20,149,40,68,14,10218,191,153,137,124,117
20161207 14:39,307,13,297,20,295,14,150,41,70,19,10218,192,153,137,124,117
20161207 14:40,293,17,297,20,292,33,150,41,70,19,10218,190,153,137,124,117
20161207 14:41,284,23,297,21,277,32,150,41,70,19,10218,184,152,137,124,117
20161207 14:42,287,24,297,20,298,28,149,40,68,14,10218,180,152,137,124,117
20161207 14:43,302,20,299,19,307,23,149,40,68,14,10218,181,152,137,124,118
20161207 14:44,298,16,298,18,289,19,149,40,68,14,10218,183,152,137,124,118
20161207 14:45,282,12,295,17,275,16,149,41,69,18,10219,186,152,137,124,118
20161207 14:46,287,11,296,17,299,15,149,42,71,21,10219,190,152,137,124,118
20161207 14:47,308,10,297,16,317,18,149,42,71,21,10219,194,151,137,124,118
20161207 14:48,299,15,293,16,285,35,150,42,72,22,10219,195,151,137,124,118
20161207 14:49,289,28,293,19,293,43,150,41,70,19,10220,193,151,137,124,118
20161207 14:50,297,33,294,20,302,38,150,39,66,12,10220,188,151,137,125,118
20161207 14:51,307,30,298,20,313,38,150,39,66,12,10220,188,151,137,125,118
20161207 14:52,311,28,299,21,310,38,149,39,66,11,10220,187,151,137,125,118
20161207 14:53,320,25,301,21,330,27,149,40,68,14,10219,187,151,137,125,118
20161207 14:54,331,19,306,21,332,19,149,40,68,14,10219,185,151,137,125,118
20161207 14:55,325,14,310,22,318,17,149,41,69,18,10219,182,150,137,125,118
20161207 14:56,318,15,312,22,317,20,149,41,69,18,10219,180,150,137,125,119
20161207 14:57,311,14,311,22,305,15,149,42,71,21,10219,179,150,137,125,119
20161207 14:58,314,9,314,21,323,10,149,42,71,21,10219,177,150,137,125,119
20161207 14:59,312,7,315,18,302,18,149,42,71,21,10219,176,150,137,125,119
20161207 15:00,301,10,315,16,300,22,149,42,71,21,10220,174,150,137,125,119
20161207 15:01,314,17,317,15,328,25,149,42,71,21,10220,175,149,137,125,119
20161207 15:02,322,20,317,15,316,28,149,42,71,21,10220,174,149,137,125,119
20161207 15:03,322,23,317,15,328,31,148,41,69,17,10220,173,149,137,125,119
20161207 15:04,327,24,316,16,327,32,148,42,71,20,10221,170,149,137,126,119
20161207 15:05,329,27,318,17,331,39,148,41,69,17,10221,166,149,137,126,119
20161207 15:06,320,26,317,18,309,31,148,38,64,6,10222,162,148,137,126,119
20161207 15:07,316,17,319,18,323,20,148,40,67,13,10222,161,148,137,126,119
20161207 15:08,304,19,315,20,287,31,147,42,70,19,10222,158,148,137,126,119
20161207 15:09,288,24,314,22,288,30,147,42,70,19,10221,157,148,137,126,119
20161207 15:10,294,20,314,22,301,21,147,43,72,23,10221,156,147,137,126,119
20161207 15:11,312,18,313,22,321,29,147,43,72,23,10221,156,147,137,126,120
20161207 15:12,316,21,313,22,310,33,146,40,66,12,10221,159,147,137,126,120
20161207 15:13,300,20,309,21,290,30,147,41,69,16,10221,160,147,137,126,120
20161207 15:14,300,24,307,22,310,35,146,40,66,12,10221,161,146,137,126,120
20161207 15:15,310,26,305,21,309,34,146,38,63,5,10221,161,146,137,126,120
20161207 15:16,306,23,304,22,304,32,146,39,65,8,10221,160,146,137,126,120
20161207 15:17,306,22,303,22,308,31,146,39,65,8,10221,158,145,137,126,120
20161207 15:18,301,19,304,22,294,22,146,39,65,8,10221,157,145,137,126,120
20161207 15:19,301,17,305,21,307,24,146,40,66,12,10221,157,145,137,126,120
20161207 15:20,306,16,306,21,305,23,146,40,66,12,10221,156,145,137,126,120
20161207 15:21,302,22,304,22,298,48,146,39,65,8,10221,154,144,137,127,120
20161207 15:22,298,30,302,23,297,41,146,39,65,8,10222,153,144,137,127,120
20161207 15:23,297,33,303,24,297,42,146,39,65,8,10222,154,144,137,127,120
20161207 15:24,294,31,301,24,292,34,146,40,66,12,10222,155,144,137,127,120
20161207 15:25,296,26,300,24,299,32,146,39,65,8,10222,157,143,137,127,120
20161207 15:26,297,23,299,24,295,28,146,40,66,12,10222,160,143,137,127,120
20161207 15:27,296,22,298,24,296,25,146,40,66,12,10222,160,143,137,127,121
20161207 15:28,297,21,298,24,298,28,146,39,65,8,10222,160,142,137,127,121
20161207 15:29,299,18,298,24,300,25,146,39,65,8,10223,158,142,137,127,121
20161207 15:30,293,18,296,24,286,29,146,40,66,12,10223,158,142,137,127,121
20161207 15:31,287,18,295,23,288,20,146,41,68,15,10224,156,142,137,127,121
20161207 15:32,296,15,296,21,304,19,146,40,66,12,10224,154,141,136,127,121
20161207 15:33,320,13,299,20,335,19,146,40,66,12,10224,153,141,136,127,121
20161207 15:34,321,13,301,18,307,24,146,41,68,15,10224,153,141,136,127,121
20161207 15:35,312,20,303,18,318,36,146,41,68,15,10224,152,141,136,127,121
20161207 15:36,322,26,306,19,327,38,146,39,65,8,10224,150,141,136,127,121
20161207 15:37,325,23,309,19,324,29,145,39,64,7,10224,147,140,136,127,121
20161207 15:38,310,17,308,18,294,24,145,40,66,11,10225,145,140,136,127,121
20161207 15:39,297,16,308,18,300,24,145,40,66,11,10225,143,140,136,127,121
20161207 15:40,296,18,309,18,292,28,145,39,64,7,10225,141,140,136,127,121
20161207 15:41,298,22,310,19,304,32,144,39,64,6,10225,139,139,136,127,121
20161207 15:42,299,23,309,20,294,28,144,38,62,3,10224,138,139,136,127,121
20161207 15:43,290,21,305,20,286,30,144,39,64,6,10224,136,139,136,127,121
20161207 15:44,297,17,305,20,308,22,144,38,62,3,10224,136,139,136,128,122
20161207 15:45,305,13,303,19,302,16,143,40,65,9,10224,135,138,136,128,122
20161207 15:46,298,15,300,18,295,23,143,39,64,5,10224,134,138,136,128,122
20161207 15:47,305,15,299,17,315,18,143,39,64,5,10223,133,138,136,128,122
20161207 15:48,301,13,298,17,287,20,143,39,64,5,10223,133,137,136,128,122
20161207 15:49,292,14,298,17,297,24,142,39,63,5,10223,132,137,135,128,122
20161207 15:50,295,17,298,17,293,25,142,40,65,8,10224,132,137,135,128,122
20161207 15:51,297,14,298,15,300,12,142,40,65,8,10224,132,136,135,128,122
20161207 15:52,299,10,298,14,299,13,142,41,66,11,10224,132,136,135,128,122
20161207 15:53,298,8,299,13,297,12,142,41,66,11,10224,133,136,135,128,122
20161207 15:54,297,11,298,13,297,22,141,41,66,11,10224,133,135,135,128,122
20161207 15:55,299,18,298,14,301,26,141,41,66,11,10224,134,135,135,128,122
20161207 15:56,305,17,299,13,309,24,141,40,64,7,10223,134,135,135,128,122
20161207 15:57,312,12,299,13,314,17,141,40,64,7,10223,134,134,135,128,122
20161207 15:58,311,10,301,13,307,12,141,41,66,11,10223,135,134,135,128,122
20161207 15:59,300,7,301,12,293,14,141,40,64,7,10223,135,134,135,128,122
20161207 16:00,302,6,303,11,312,12,141,41,66,11,10222,135,134,135,128,122
20161207 16:01,306,7,303,11,300,14,141,42,68,14,10222,134,134,135,128,122
20161207 16:02,303,12,304,11,306,24,141,40,64,7,10222,133,133,134,128,122
20161207 16:03,304,18,304,13,302,23,141,38,61,0,10222,132,133,134,128,122
20161207 16:04,301,17,304,13,300,21,141,38,61,0,10222,132,133,134,128,123
20161207 16:05,302,14,305,12,303,19,141,39,63,4,10222,131,133,134,128,123
20161207 16:06,304,17,304,13,304,26,140,39,62,3,10222,130,133,134,128,123
20161207 16:07,307,18,304,13,309,20,140,39,62,3,10222,130,132,134,128,123
20161207 16:08,305,14,303,13,300,15,140,39,62,3,10222,129,132,134,128,123
20161207 16:09,299,11,303,14,297,15,140,40,64,6,10223,128,132,134,128,123
20161207 16:10,300,11,302,15,303,16,140,40,64,6,10223,128,132,134,128,123
20161207 16:11,307,12,303,15,310,19,140,40,64,6,10223,127,131,134,128,123
20161207 16:12,314,13,304,15,317,16,140,40,64,6,10223,127,131,133,128,123
20161207 16:13,315,13,306,14,313,16,139,41,65,9,10224,126,131,133,128,123
20161207 16:14,308,10,306,13,303,13,139,42,67,12,10224,126,131,133,128,123
20161207 16:15,302,10,306,13,301,17,139,42,67,12,10224,126,130,133,128,123
20161207 16:16,301,10,305,12,302,12,139,42,67,12,10224,125,130,133,128,123
20161207 16:17,301,9,305,11,300,14,139,41,65,9,10224,125,130,133,128,123
20161207 16:18,304,13,305,12,309,23,138,41,65,8,10224,124,130,133,128,123
20161207 16:19,301,16,305,12,293,26,138,41,65,8,10224,124,130,133,128,123
20161207 16:20,295,18,305,13,298,24,138,40,63,4,10224,123,129,133,128,123
20161207 16:21,301,18,304,13,305,24,138,40,63,4,10224,123,129,133,128,123
20161207 16:22,305,16,303,13,305,22,138,40,63,4,10224,123,129,132,128,123
20161207 16:23,306,14,302,14,307,19,138,41,65,8,10224,123,129,132,128,123
20161207 16:24,307,14,303,14,307,18,138,41,65,8,10225,123,129,132,128,123
20161207 16:25,306,15,303,15,304,23,138,42,66,11,10224,122,128,132,128,123
20161207 16:26,305,16,303,15,306,19,138,40,63,4,10224,122,128,132,128,123
20161207 16:27,305,15,304,16,305,21,138,41,65,8,10224,122,128,132,128,124
20161207 16:28,302,13,303,15,299,18,137,41,64,7,10224,122,128,132,128,124
20161207 16:29,301,11,304,15,302,15,137,41,64,7,10224,121,128,132,128,124
20161207 16:30,297,11,303,14,291,13,137,41,64,7,10224,121,128,132,128,124
20161207 16:31,291,10,302,13,292,12,137,41,64,7,10224,121,127,132,128,124
20161207 16:32,300,9,302,12,308,11,137,41,64,7,10224,120,127,132,128,124
20161207 16:33,309,8,303,12,311,10,137,41,64,7,10224,120,127,131,128,124
20161207 16:34,314,9,304,11,318,14,137,41,64,7,10224,119,127,131,128,124
20161207 16:35,312,8,304,10,307,10,136,42,65,9,10224,119,127,131,128,124
20161207 16:36,310,7,305,10,313,14,136,43,67,13,10224,118,126,131,128,124
20161207 16:37,313,9,305,9,313,13,136,43,67,13,10224,118,126,131,128,124
20161207 16:38,310,9,306,9,307,13,136,44,68,16,10224,117,126,131,128,124
20161207 16:39,302,9,306,9,297,13,136,43,67,13,10224,117,126,131,128,124
20161207 16:40,297,9,306,9,296,11,135,43,66,12,10224,116,126,131,128,124
20161207 16:41,303,9,308,9,311,14,135,43,66,12,10224,116,125,131,128,124
20161207 16:42,308,9,308,9,306,11,135,43,66,12,10224,115,125,131,128,124
20161207 16:43,302,10,307,9,298,13,135,43,66,12,10224,114,125,130,128,124
20161207 16:44,301,9,305,9,304,8,135,43,66,12,10224,114,125,130,128,124
20161207 16:45,305,6,305,9,306,9,134,43,66,11,10224,113,125,130,128,124
20161207 16:46,303,9,304,9,300,15,134,43,66,11,10223,113,125,130,128,124
20161207 16:47,299,12,302,9,298,15,134,43,66,11,10223,112,124,130,128,124
20161207 16:48,297,11,301,9,296,14,134,43,66,11,10223,111,124,130,128,124
20161207 16:49,298,13,301,10,300,20,134,44,68,14,10224,110,124,130,128,124
20161207 16:50,297,13,301,10,294,13,134,42,65,8,10224,109,124,130,128,124
20161207 16:51,295,11,300,11,297,15,134,43,66,11,10224,108,124,130,128,124
20161207 16:52,295,11,298,11,292,12,133,44,67,13,10224,107,124,130,128,124
20161207 16:53,293,8,298,10,293,10,133,44,67,13,10224,107,123,130,128,124
20161207 16:54,295,8,297,10,297,12,133,44,67,13,10224,106,123,129,128,124
20161207 16:55,290,8,295,11,283,12,133,44,67,13,10224,105,123,129,128,124
20161207 16:56,284,7,294,10,285,7,132,45,68,15,10224,104,123,129,128,124
20161207 16:57,285,7,292,10,284,10,132,46,70,18,10224,103,122,129,128,124
20161207 16:58,292,9,293,9,301,11,131,48,72,23,10224,103,122,129,128,124
20161207 16:59,298,9,292,9,296,10,130,48,72,23,10224,103,122,129,128,124
20161207 17:00,299,8,293,8,301,12,130,49,73,25,10224,102,122,129,128,124
20161207 17:01,300,9,293,8,298,13,129,49,73,25,10224,101,122,129,128,124
20161207 17:02,298,10,294,8,298,15,129,48,71,22,10224,101,121,129,128,125
20161207 17:03,297,12,294,9,296,17,128,49,72,24,10225,101,121,129,128,125
20161207 17:04,301,12,295,9,305,14,128,48,71,21,10225,100,121,128,128,125
20161207 17:05,305,12,297,10,306,17,127,50,73,26,10225,100,121,128,128,125
20161207 17:06,307,13,299,10,308,16,127,49,72,23,10225,99,121,128,128,125
20161207 17:07,304,13,301,11,300,20,126,50,73,25,10225,98,121,128,128,125
20161207 17:08,301,15,301,12,303,19,125,50,72,24,10225,98,120,128,128,125
20161207 17:09,301,15,301,12,298,19,126,47,69,16,10225,97,120,128,128,125
20161207 17:10,300,14,301,13,301,18,126,47,69,16,10226,98,120,128,128,125
20161207 17:11,304,14,302,13,307,16,126,48,70,19,10226,98,120,128,128,125
20161207 17:12,305,14,303,14,302,20,125,48,70,18,10226,97,119,128,128,125
20161207 17:13,302,14,303,14,303,16,125,48,70,18,10226,97,119,128,128,125
20161207 17:14,305,12,303,14,306,14,125,48,70,18,10226,97,119,127,128,125
20161207 17:15,306,11,303,14,306,15,125,48,70,18,10226,96,119,127,127,125
20161207 17:16,304,14,303,14,303,22,124,48,69,17,10226,96,119,127,127,125
20161207 17:17,303,16,303,14,304,18,124,49,71,20,10226,95,118,127,127,125
20161207 17:18,305,14,304,14,306,18,124,48,69,17,10226,95,118,127,127,125
20161207 17:19,306,13,304,14,305,18,124,48,69,17,10226,94,118,127,127,125
20161207 17:20,305,14,305,14,305,19,123,48,69,16,10226,94,118,127,127,125
20161207 17:21,304,13,304,14,303,17,123,47,67,13,10226,93,118,127,127,125
20161207 17:22,303,12,304,13,303,17,124,47,68,14,10226,93,118,127,127,125
20161207 17:23,302,12,304,13,302,15,124,47,68,14,10226,92,117,127,127,125
20161207 17:24,300,11,304,13,299,11,124,48,69,17,10227,91,117,126,127,125
20161207 17:25,301,10,303,13,303,13,123,50,71,22,10227,91,117,126,127,125
20161207 17:26,303,10,303,12,303,14,122,51,72,24,10227,90,117,126,127,125
20161207 17:27,304,12,304,12,306,19,121,52,73,26,10227,90,116,126,127,125
20161207 17:28,305,13,303,12,303,15,120,54,76,30,10227,89,116,126,127,125
20161207 17:29,298,10,302,12,292,11,120,54,76,30,10227,88,116,126,127,125
20161207 17:30,293,10,301,11,293,15,119,53,74,26,10228,88,116,126,127,125
20161207 17:31,297,11,301,11,301,14,119,56,78,34,10228,87,115,126,127,125
20161207 17:32,301,10,300,11,300,12,118,55,76,31,10228,87,115,126,127,125
20161207 17:33,300,10,300,11,299,12,117,54,74,27,10228,86,115,126,127,125
20161207 17:34,302,12,301,11,305,20,117,53,73,24,10229,85,115,125,127,125
20161207 17:35,295,12,299,11,286,14,116,53,72,24,10229,84,115,125,127,125
20161207 17:36,285,11,297,11,284,14,116,55,75,29,10229,84,114,125,127,125
20161207 17:37,286,12,295,11,287,14,115,55,75,28,10230,83,114,125,127,125
20161207 17:38,285,13,293,11,283,14,114,54,73,24,10230,82,114,125,127,125
20161207 17:39,284,12,292,12,286,15,114,55,74,27,10230,82,114,125,127,125
20161207 17:40,287,12,292,12,289,13,114,55,74,27,10230,82,113,125,127,125
20161207 17:41,289,11,291,12,288,12,113,57,76,31,10230,82,113,125,127,125
20161207 17:42,285,11,289,12,282,12,112,58,77,33,10230,81,113,125,127,125
20161207 17:43,283,11,287,12,284,12,112,57,76,30,10230,80,113,124,127,125
20161207 17:44,287,12,286,12,290,14,111,58,77,32,10230,80,112,124,127,125
20161207 17:45,289,13,286,12,287,15,110,58,76,31,10230,80,112,124,127,125
20161207 17:46,287,12,286,12,287,13,110,58,76,31,10230,79,112,124,127,125
20161207 17:47,287,12,286,12,288,12,109,60,78,34,10230,79,112,124,127,125
20161207 17:48,287,11,287,12,286,11,108,61,79,36,10230,79,111,124,126,125
20161207 17:49,283,9,286,11,279,10,107,61,78,35,10230,78,111,124,126,125
20161207 17:50,280,8,285,11,280,8,107,62,80,37,10230,77,111,124,126,125
20161207 17:51,277,5,284,10,275,6,106,62,79,36,10231,76,111,124,126,125
20161207 17:52,277,2,284,9,280,2,106,62,79,36,10231,76,110,123,126,125
20161207 17:53,314,0,290,8,7,6,105,61,77,33,10231,75,110,123,126,125
20161207 17:54,37,6,296,8,58,20,105,60,76,31,10231,74,110,123,126,125
20161207 17:55,56,14,305,8,54,25,106,58,74,27,10232,74,110,123,126,125
20161207 17:56,46,18,320,9,39,25,107,57,73,25,10232,76,109,123,126,125
20161207 17:57,41,15,338,9,44,21,108,56,72,24,10232,78,109,123,126,125
20161207 17:58,50,9,0,8,56,12,109,56,73,25,10232,78,109,123,126,125
20161207 17:59,54,8,18,9,51,14,109,55,72,22,10232,78,109,123,126,125
20161207 18:00,51,10,32,9,50,15,110,55,72,23,10232,77,108,122,126,125
20161207 18:01,52,11,41,10,54,19,110,55,72,23,10232,77,108,122,126,125
20161207 18:02,56,12,47,11,58,18,110,56,73,26,10232,76,108,122,126,125
20161207 18:03,54,13,52,12,51,20,110,56,73,26,10232,77,108,122,126,125
20161207 18:04,52,12,51,12,53,16,111,55,73,24,10232,78,107,122,126,125
20161207 18:05,50,10,50,11,47,13,111,55,73,24,10232,77,107,122,126,125
20161207 18:06,46,10,51,11,44,14,111,55,73,24,10232,77,107,122,126,125
20161207 18:07,49,8,52,10,53,10,112,55,73,25,10232,77,107,122,126,125
20161207 18:08,54,5,52,10,54,5,111,57,75,29,10233,76,107,121,126,125
20161207 18:09,42,2,49,9,29,3,111,56,74,27,10233,76,106,121,126,125
20161207 18:10,33,2,48,8,37,6,111,56,74,27,10233,76,106,121,126,125
20161207 18:11,41,4,47,7,45,8,111,57,75,29,10233,75,106,121,126,125
20161207 18:12,51,4,47,6,57,5,111,57,75,29,10233,74,106,121,126,125
20161207 18:13,61,2,49,5,66,1,110,58,76,31,10233,74,106,121,125,125
20161207 18:14,69,0,50,4,72,0,110,58,76,31,10233,74,105,121,125,125
20161207 18:15,72,0,53,3,72,0,110,58,76,31,10233,73,105,121,125,125
20161207 18:16,67,0,55,2,61,0,109,58,76,30,10233,73,105,120,125,125
20161207 18:17,55,0,54,1,49,0,108,59,76,31,10233,73,105,120,125,125
20161207 18:18,48,0,54,1,47,0,107,60,77,33,10233,73,105,120,125,125
20161207 18:19,45,0,55,1,44,0,107,60,77,33,10233,73,104,120,125,125
20161207 18:20,38,0,55,1,33,0,106,60,77,32,10233,73,104,120,125,125
20161207 18:21,31,0,53,0,30,0,106,60,77,32,10234,73,104,120,125,125
20161207 18:22,26,0,50,0,22,0,105,61,77,33,10234,73,104,120,125,125
20161207 18:23,8,0,43,0,355,0,105,61,77,33,10234,73,104,120,125,125
20161207 18:24,352,0,35,0,350,0,104,61,77,32,10234,72,104,119,125,125
20161207 18:25,333,0,24,0,316,0,103,61,76,31,10234,72,103,119,125,125
20161207 18:26,310,0,13,0,304,0,103,62,78,33,10234,72,103,119,125,125
20161207 18:27,301,0,1,0,298,0,102,63,78,35,10234,71,103,119,125,125
20161207 18:28,275,0,348,0,248,0,101,64,79,36,10234,71,103,119,125,125
20161207 18:29,232,0,332,0,219,0,101,65,80,38,10234,71,103,119,125,125
20161207 18:30,217,0,312,0,214,0,100,65,80,37,10234,71,103,119,125,125
20161207 18:31,204,0,290,0,194,0,100,66,81,39,10234,71,102,119,125,125
20161207 18:32,194,0,268,0,194,0,99,66,80,39,10234,71,102,119,125,125
20161207 18:33,194,0,248,0,194,0,99,66,80,39,10234,71,102,118,125,125
20161207 18:34,194,0,233,0,194,0,98,66,80,38,10234,69,102,118,124,125
20161207 18:35,194,0,221,0,194,0,97,66,79,37,10234,69,102,118,124,125
20161207 18:36,194,0,211,0,194,0,97,67,81,39,10234,70,102,118,124,125
20161207 18:37,194,0,203,0,194,0,97,67,81,39,10234,70,101,118,124,125
20161207 18:38,194,0,198,0,194,0,97,67,81,39,10235,70,101,118,124,125
20161207 18:39,194,0,196,0,194,0,96,67,80,38,10235,70,101,118,124,125
20161207 18:40,194,0,194,0,194,0,96,67,80,38,10235,70,101,118,124,125
20161207 18:41,194,0,194,0,194,0,96,67,80,38,10235,69,101,117,124,125
20161207 18:42,194,0,194,0,194,0,96,67,80,38,10235,69,101,117,124,125
20161207 18:43,191,0,193,0,188,0,95,68,81,39,10235,68,100,117,124,125
20161207 18:44,186,0,192,0,183,0,94,68,80,38,10235,68,100,117,124,125
20161207 18:45,156,0,187,0,129,0,94,69,81,40,10234,67,100,117,124,125
20161207 18:46,119,0,179,0,109,0,94,69,81,40,10234,67,100,117,124,125
20161207 18:47,100,0,170,0,91,0,93,69,81,39,10234,68,100,117,124,125
20161207 18:48,91,0,159,0,90,0,93,69,81,39,10234,68,100,117,124,125
20161207 18:49,90,0,147,0,90,0,93,69,81,39,10234,67,100,116,124,125
20161207 18:50,90,0,134,0,90,0,92,70,81,40,10234,67,99,116,124,125
20161207 18:51,90,0,122,0,90,0,92,70,81,40,10234,66,99,116,124,125
20161207 18:52,90,0,111,0,90,0,91,70,81,39,10234,66,99,116,123,125
20161207 18:53,90,0,103,0,90,0,91,70,81,39,10234,66,99,116,123,125
20161207 18:54,90,0,96,0,90,0,90,71,81,40,10234,66,99,116,123,125
20161207 18:55,90,0,92,0,90,0,90,71,81,40,10234,66,98,116,123,125
20161207 18:56,90,0,90,0,90,0,89,71,81,39,10234,65,98,116,123,125
20161207 18:57,90,0,90,0,90,0,89,71,81,39,10234,65,98,116,123,125
20161207 18:58,90,0,90,0,90,0,89,71,81,39,10234,65,98,115,123,125
20161207 18:59,90,0,90,0,90,0,88,72,81,40,10233,65,98,115,123,125
20161207 19:00,90,0,90,0,90,0,88,72,81,40,10233,64,98,115,123,125
20161207 19:01,90,0,90,0,90,0,87,72,81,39,10233,64,98,115,123,125
20161207 19:02,90,0,90,0,90,0,87,72,81,39,10234,64,97,115,123,125
20161207 19:03,81,0,88,0,71,0,87,73,82,41,10234,63,97,115,123,125
20161207 19:04,67,0,85,0,63,0,86,73,82,40,10234,63,97,115,123,125
20161207 19:05,64,0,83,0,65,0,86,73,82,40,10234,62,97,115,123,125
20161207 19:06,64,0,80,0,62,0,86,73,82,40,10234,62,97,114,123,125
20161207 19:07,62,0,77,0,62,0,85,74,82,41,10234,62,96,114,123,125
20161207 19:08,62,0,74,0,62,0,85,75,83,43,10234,62,96,114,123,125
20161207 19:09,62,0,72,0,62,0,85,75,83,43,10234,62,96,114,122,125
20161207 19:10,62,0,69,0,62,0,84,75,83,42,10234,62,96,114,122,125
20161207 19:11,62,0,66,0,62,0,84,76,84,44,10234,62,96,114,122,125
20161207 19:12,62,0,63,0,62,0,84,76,84,44,10234,61,96,114,122,125
20161207 19:13,62,0,62,0,62,0,83,77,84,45,10234,61,95,114,122,125
20161207 19:14,62,0,62,0,62,0,83,77,84,45,10234,61,95,114,122,125
20161207 19:15,62,0,62,0,61,0,83,76,83,43,10234,61,95,113,122,125
20161207 19:16,60,0,62,0,59,0,82,76,83,42,10234,61,95,113,122,125
20161207 19:17,59,0,61,0,59,0,82,77,84,44,10234,61,95,113,122,125
20161207 19:18,57,0,61,0,56,0,82,77,84,44,10234,61,95,113,122,125
20161207 19:19,56,0,60,0,56,0,82,78,85,46,10234,61,94,113,122,125
20161207 19:20,56,0,60,0,56,0,81,79,85,47,10234,60,94,113,122,124
20161207 19:21,56,0,59,0,56,0,81,79,85,47,10234,60,94,113,122,124
20161207 19:22,58,0,59,0,59,0,80,79,85,46,10234,60,94,113,122,124
20161207 19:23,59,0,58,0,59,0,80,79,85,46,10234,60,94,113,122,124
20161207 19:24,59,0,58,0,59,0,80,78,84,44,10234,60,94,113,122,124
20161207 19:25,59,0,58,0,59,0,80,78,84,44,10234,60,94,112,122,124
20161207 19:26,59,0,58,0,59,0,80,78,84,44,10234,60,93,112,122,124
20161207 19:27,59,0,58,0,59,0,79,78,83,43,10234,60,93,112,121,124
20161207 19:28,59,0,58,0,59,0,79,78,83,43,10234,60,93,112,121,124
20161207 19:29,59,0,58,0,59,0,79,78,83,43,10234,60,93,112,121,124
20161207 19:30,59,0,59,0,59,0,79,78,83,43,10234,60,93,112,121,124
20161207 19:31,59,0,59,0,59,0,79,78,83,43,10234,59,93,112,121,124
20161207 19:32,74,0,62,0,95,0,79,78,83,43,10234,59,93,112,121,124
20161207 19:33,126,0,69,0,149,0,78,78,82,42,10234,59,92,111,121,124
20161207 19:34,150,0,77,0,151,0,78,78,82,42,10234,60,92,111,121,124
20161207 19:35,156,0,88,0,162,0,78,79,84,44,10234,59,92,111,121,124
20161207 19:36,164,0,100,0,166,0,77,79,83,43,10235,59,92,111,121,124
20161207 19:37,165,0,113,0,164,0,77,80,84,45,10235,59,92,111,121,124
20161207 19:38,160,0,125,0,155,0,77,80,84,45,10235,59,92,111,121,124
20161207 19:39,144,0,133,0,133,0,77,80,84,45,10235,59,92,111,121,124
20161207 19:40,113,0,135,0,96,0,77,80,84,45,10235,58,91,111,121,124
20161207 19:41,96,0,138,0,97,0,76,81,84,46,10235,58,91,111,121,124
20161207 19:42,97,0,138,0,98,0,76,81,84,46,10235,58,91,110,121,124
20161207 19:43,98,0,132,0,98,0,76,81,84,46,10235,58,91,110,120,124
20161207 19:44,98,0,126,0,98,0,76,81,84,46,10236,58,91,110,120,124
20161207 19:45,99,0,120,0,99,0,76,81,84,46,10236,59,91,110,120,124
20161207 19:46,101,0,113,0,102,0,75,81,84,45,10236,59,91,110,120,124
20161207 19:47,108,0,108,0,114,0,75,81,84,45,10236,58,91,110,120,124
20161207 19:48,114,0,105,0,114,0,75,81,84,45,10236,57,90,110,120,124
20161207 19:49,110,0,102,0,105,0,75,82,85,46,10237,57,90,110,120,124
20161207 19:50,94,0,101,0,83,0,75,82,85,46,10237,57,90,110,120,124
20161207 19:51,78,2,99,0,74,8,75,83,86,48,10237,57,90,109,120,124
20161207 19:52,73,7,96,1,71,10,75,84,87,50,10237,57,90,109,120,124
20161207 19:53,75,9,94,2,78,10,75,84,87,50,10237,57,90,109,120,124
20161207 19:54,76,9,91,3,74,8,75,85,88,51,10237,57,90,109,120,124
20161207 19:55,77,8,90,4,81,9,75,86,89,53,10237,56,89,109,120,124
20161207 19:56,81,10,87,5,82,16,75,86,89,53,10237,57,89,109,120,124
20161207 19:57,80,10,84,6,78,13,75,86,89,53,10237,57,89,109,120,124
20161207 19:58,79,11,81,7,80,16,75,86,89,53,10237,56,89,109,120,124
20161207 19:59,78,12,78,8,75,13,75,86,89,53,10238,56,89,109,119,124
20161207 20:00,76,10,77,9,76,12,75,86,89,53,10238,56,89,109,119,124
