time_now,wd_avg_2mins,ws_avg_2mins,wd_avg_10mins,ws_avg_10mins,wd_maxsp_this_min,ws_maxsp_this_min,air_temp_by_box,relative_humidity,water_vapor_pressure,dew_temp,station_pressure,ground_temp_pt,ground_tem_5cm,ground_tem_10cm,ground_tem_15cm,ground_tem_20cm
20151206 20:01,13,17,10,17,7,25,40,94,76,31,10306,46,56,71,83,92
20151206 20:02,14,16,14,17,21,19,40,94,76,31,10306,46,56,71,83,92
20151206 20:03,12,16,14,17,2,21,40,94,76,31,10306,46,56,71,83,92
20151206 20:04,6,14,12,16,10,19,40,93,76,30,10306,46,56,71,83,92
20151206 20:05,11,12,11,16,13,18,40,93,76,30,10307,45,56,71,83,92
20151206 20:06,10,15,11,16,8,22,40,93,76,30,10307,45,56,71,83,92
20151206 20:07,5,17,13,15,1,30,40,94,76,31,10307,45,56,71,83,92
20151206 20:08,8,16,14,15,15,27,40,94,76,31,10307,45,56,71,83,92
20151206 20:09,17,15,11,15,18,18,40,93,76,30,10306,45,56,71,83,92
20151206 20:10,13,17,10,16,7,26,40,93,76,30,10306,45,56,71,83,92
20151206 20:11,8,19,10,16,9,28,40,93,76,30,10306,45,56,71,83,92
20151206 20:12,20,17,11,16,31,22,40,93,76,30,10306,45,56,71,83,92
20151206 20:13,29,16,14,16,27,23,40,93,76,30,10306,46,56,71,83,92
20151206 20:14,34,22,17,17,41,35,40,93,76,30,10305,46,56,71,83,92
20151206 20:15,32,22,18,18,22,25,40,93,76,30,10305,45,56,71,83,92
20151206 20:16,15,18,18,18,8,27,40,93,76,30,10305,45,56,71,83,92
20151206 20:17,13,20,19,19,17,30,40,93,76,30,10305,45,56,71,83,92
20151206 20:18,9,26,18,20,0,46,40,93,76,30,10305,45,56,71,82,92
20151206 20:19,13,31,19,22,26,44,40,93,76,30,10305,45,56,71,82,91
20151206 20:20,23,34,20,23,21,52,40,93,76,30,10305,45,56,71,82,92
20151206 20:21,22,36,22,25,23,53,40,92,75,28,10306,45,56,71,82,92
20151206 20:22,22,38,21,27,22,43,40,92,75,28,10306,44,56,71,82,92
20151206 20:23,16,31,19,28,10,35,40,92,75,28,10307,44,56,71,82,92
20151206 20:24,20,29,18,29,31,44,40,92,75,28,10307,44,56,71,82,91
20151206 20:25,36,29,20,30,41,36,40,92,75,28,10307,44,56,71,82,91
20151206 20:26,34,23,22,30,27,25,40,92,75,28,10306,44,56,71,82,91
20151206 20:27,24,16,22,29,20,22,40,92,75,28,10307,44,56,71,82,91
20151206 20:28,26,16,25,28,33,27,40,92,75,28,10307,44,56,71,82,91
20151206 20:29,25,23,24,27,17,39,39,92,74,27,10307,44,56,71,82,91
20151206 20:30,19,29,25,27,22,37,39,92,74,27,10307,44,56,70,82,91
20151206 20:31,26,31,25,26,30,49,39,92,74,27,10307,44,56,70,82,91
20151206 20:32,21,29,24,25,12,36,39,91,73,26,10307,44,56,70,82,91
20151206 20:33,18,26,26,25,25,36,39,91,73,26,10308,44,56,70,82,91
20151206 20:34,29,24,26,24,34,33,39,91,73,26,10307,44,56,70,82,91
20151206 20:35,38,23,26,24,43,39,39,91,73,26,10307,44,56,70,82,91
20151206 20:36,41,26,27,25,39,44,39,91,73,26,10307,44,55,70,82,91
20151206 20:37,35,28,29,26,31,45,39,91,73,26,10308,44,56,70,82,91
20151206 20:38,19,21,26,26,8,29,39,91,73,26,10308,44,55,70,82,91
20151206 20:39,5,22,25,26,2,35,39,92,74,27,10308,44,55,70,82,91
20151206 20:40,3,27,23,26,3,35,39,92,74,27,10308,44,55,70,82,91
20151206 20:41,16,27,23,25,28,39,39,91,73,26,10308,44,55,70,82,91
20151206 20:42,25,29,23,26,21,35,39,91,73,26,10308,43,55,70,82,91
20151206 20:43,21,28,23,26,21,42,39,91,73,26,10308,43,55,70,82,91
20151206 20:44,19,28,21,27,17,41,39,91,73,26,10308,43,55,70,82,91
20151206 20:45,18,25,19,26,20,28,39,91,73,26,10308,43,55,70,82,91
20151206 20:46,17,19,17,25,14,19,39,91,73,26,10308,43,55,70,82,91
20151206 20:47,16,17,15,24,18,22,39,92,74,27,10308,43,55,70,82,91
20151206 20:48,12,17,15,24,6,18,39,92,74,27,10307,43,55,70,82,91
20151206 20:49,16,20,17,24,26,36,39,92,74,27,10307,43,55,70,82,91
20151206 20:50,22,25,19,24,17,34,38,92,74,26,10307,43,55,70,82,91
20151206 20:51,20,28,18,24,23,40,38,92,74,26,10308,43,55,70,82,91
20151206 20:52,33,30,20,24,42,48,38,92,74,26,10308,43,55,70,82,91
20151206 20:53,39,33,22,25,37,49,38,91,73,25,10307,43,55,70,82,91
20151206 20:54,32,38,23,26,28,49,38,91,73,25,10307,42,55,70,82,91
20151206 20:55,30,40,24,28,32,48,38,91,73,25,10307,42,55,70,82,91
20151206 20:56,29,36,26,29,26,45,38,91,73,25,10307,42,55,70,82,91
20151206 20:57,27,31,27,30,28,47,38,91,73,25,10307,42,55,70,82,91
20151206 20:58,32,37,29,33,36,65,37,91,72,24,10307,42,55,70,82,91
20151206 20:59,34,38,30,34,31,42,37,91,72,24,10307,41,55,70,82,91
20151206 21:00,36,29,32,34,41,36,37,91,72,24,10307,41,54,70,82,91
20151206 21:01,35,23,33,33,28,29,37,91,72,24,10307,41,54,70,82,91
20151206 21:02,30,22,32,32,32,30,37,91,72,24,10307,41,54,70,82,91
20151206 21:03,31,20,31,30,30,25,37,91,72,24,10307,41,54,70,82,91
20151206 21:04,24,15,30,28,17,22,37,91,72,24,10307,41,54,70,82,91
20151206 21:05,25,18,30,26,33,33,37,92,73,25,10307,41,54,70,82,91
20151206 21:06,31,25,31,26,30,50,37,92,73,25,10307,41,54,70,82,91
20151206 21:07,28,24,30,25,26,29,36,92,73,24,10307,41,54,70,82,91
20151206 21:08,22,22,29,23,18,43,36,92,73,24,10308,41,54,70,82,91
20151206 21:09,13,25,26,22,7,36,36,92,73,24,10307,41,54,70,81,91
20151206 21:10,15,24,24,22,22,31,36,92,73,24,10307,41,54,70,81,91
20151206 21:11,20,23,23,22,18,36,36,92,73,24,10307,41,54,70,81,91
20151206 21:12,24,26,23,22,29,36,36,92,73,24,10307,42,54,69,81,91
20151206 21:13,28,27,23,24,28,36,36,92,73,24,10307,42,54,69,81,91
20151206 21:14,26,25,24,24,25,31,36,92,73,24,10307,42,54,69,81,91
20151206 21:15,21,18,22,24,17,21,36,92,73,24,10307,42,54,69,81,91
20151206 21:16,21,15,22,22,25,25,36,92,73,24,10307,42,54,69,81,91
20151206 21:17,26,19,22,23,27,45,36,92,73,24,10307,42,54,69,81,90
20151206 21:18,26,26,22,23,25,49,36,92,73,24,10307,42,54,69,81,90
20151206 21:19,21,25,23,22,16,25,36,92,73,24,10307,42,54,69,81,90
20151206 21:20,19,18,23,22,22,23,36,92,73,24,10308,42,54,69,81,91
20151206 21:21,13,18,22,22,4,25,36,92,73,24,10308,42,54,69,81,90
20151206 21:22,10,25,20,22,15,44,36,92,73,24,10307,42,53,69,81,90
20151206 21:23,21,23,20,21,27,21,36,92,73,24,10307,41,53,69,81,90
20151206 21:24,20,14,19,20,13,18,36,92,73,24,10307,42,53,69,81,90
20151206 21:25,16,14,19,20,18,18,36,92,73,24,10307,42,53,69,81,90
20151206 21:26,26,18,20,20,34,28,36,93,73,26,10307,42,53,69,81,90
20151206 21:27,30,21,20,20,27,28,36,93,73,26,10307,42,53,69,81,90
20151206 21:28,28,24,21,20,30,33,36,93,73,26,10307,42,53,69,81,90
20151206 21:29,28,22,22,20,27,22,36,92,73,24,10307,42,53,69,81,90
20151206 21:30,31,15,23,19,36,21,36,93,73,26,10307,42,53,69,81,90
20151206 21:31,44,20,28,20,52,37,36,93,73,26,10307,42,53,69,81,90
20151206 21:32,33,21,28,18,13,32,36,93,73,26,10307,42,53,69,81,90
20151206 21:33,18,17,27,19,23,26,36,93,73,26,10307,42,53,69,81,90
20151206 21:34,28,17,29,19,33,22,36,93,73,26,10307,42,53,69,81,90
20151206 21:35,33,21,31,20,33,41,36,93,73,26,10307,42,53,69,81,90
20151206 21:36,28,29,30,21,23,40,36,93,73,26,10307,41,53,69,81,90
20151206 21:37,27,26,30,21,32,31,36,93,73,26,10307,41,53,69,81,90
20151206 21:38,29,16,30,20,26,23,36,93,73,26,10307,41,53,69,81,90
20151206 21:39,23,15,29,20,20,23,36,93,73,26,10307,42,53,69,81,90
20151206 21:40,21,16,28,20,21,18,36,93,73,26,10307,42,53,69,81,90
20151206 21:41,24,15,25,19,27,21,36,93,73,26,10308,41,53,69,81,90
20151206 21:42,23,15,26,18,19,21,36,93,73,26,10308,41,53,69,81,90
20151206 21:43,18,14,25,18,17,18,36,93,73,26,10308,42,53,69,81,90
20151206 21:44,19,13,24,18,20,19,36,93,73,26,10308,42,53,69,81,90
20151206 21:45,25,13,23,16,29,20,36,93,73,26,10307,41,53,69,81,90
20151206 21:46,22,13,23,14,15,24,36,93,73,26,10307,41,53,69,81,90
20151206 21:47,26,14,23,14,37,19,36,93,73,26,10307,42,53,69,81,90
20151206 21:48,29,13,23,14,22,17,36,93,73,26,10307,42,53,69,81,90
20151206 21:49,14,13,21,14,7,19,36,93,73,26,10307,42,53,69,81,90
20151206 21:50,17,14,22,14,27,17,36,93,73,26,10307,41,53,69,81,90
20151206 21:51,18,14,20,13,9,20,36,93,73,26,10307,41,53,69,81,90
20151206 21:52,14,13,20,13,19,18,36,93,73,26,10307,42,53,69,81,90
20151206 21:53,22,14,21,14,25,25,36,93,73,26,10307,42,53,69,81,90
20151206 21:54,27,14,22,13,29,13,36,93,73,26,10308,42,53,69,81,90
20151206 21:55,29,14,22,14,29,20,36,93,73,26,10308,42,53,68,81,90
20151206 21:56,19,15,21,14,10,19,36,93,73,26,10308,42,53,68,81,90
20151206 21:57,9,13,18,14,7,26,36,93,73,26,10308,42,53,68,81,90
20151206 21:58,2,16,16,15,356,29,36,93,73,26,10308,42,53,68,80,90
20151206 21:59,353,21,14,15,350,31,36,93,73,26,10308,42,53,68,81,90
20151206 22:00,2,18,13,15,14,19,36,93,73,26,10307,42,53,68,81,90
20151206 22:01,12,15,13,16,11,20,36,93,73,26,10307,42,53,68,81,90
20151206 22:02,0,16,10,16,347,20,36,93,73,26,10307,42,53,68,80,90
20151206 22:03,9,22,10,17,26,57,36,93,73,26,10307,42,53,68,80,90
20151206 22:04,23,31,9,20,20,51,37,93,74,27,10307,42,53,68,80,90
20151206 22:05,22,34,8,21,23,43,37,93,74,27,10307,42,53,68,80,90
20151206 22:06,29,31,11,23,36,36,37,93,74,27,10307,41,53,68,80,90
20151206 22:07,28,27,12,24,20,41,37,93,74,27,10307,41,53,68,80,90
20151206 22:08,23,30,15,26,25,50,37,93,74,27,10306,41,53,68,80,90
20151206 22:09,18,33,17,26,10,37,37,92,73,25,10306,41,53,68,80,90
20151206 22:10,19,32,19,28,28,39,36,92,73,24,10306,41,53,68,80,90
20151206 22:11,26,32,20,30,24,39,36,92,73,24,10306,41,53,68,80,90
20151206 22:12,25,31,24,31,26,43,36,92,73,24,10306,41,53,68,80,90
20151206 22:13,24,32,23,32,21,37,36,92,73,24,10306,41,53,68,80,90
20151206 22:14,22,27,24,31,24,30,36,91,72,23,10305,41,53,68,80,90
20151206 22:15,21,26,23,30,19,38,36,91,72,23,10305,41,53,68,80,90
20151206 22:16,20,33,22,31,22,44,36,91,72,23,10305,40,53,68,80,90
20151206 22:17,13,31,20,31,4,34,36,91,72,23,10305,40,53,68,80,90
20151206 22:18,16,27,21,30,28,41,36,91,72,23,10305,40,53,68,80,90
20151206 22:19,24,31,22,30,21,40,36,91,72,23,10305,40,52,68,80,90
20151206 22:20,15,27,20,29,9,32,36,91,72,23,10304,40,52,68,80,90
20151206 22:21,22,22,21,28,36,29,36,91,72,23,10304,40,52,68,80,90
20151206 22:22,28,19,21,27,21,25,36,91,72,23,10304,40,52,68,80,90
20151206 22:23,25,20,21,26,29,30,36,91,72,23,10304,40,52,68,80,90
20151206 22:24,28,30,22,27,26,52,36,91,72,23,10305,40,52,68,80,90
20151206 22:25,28,33,23,27,31,51,35,92,72,23,10305,40,52,68,80,90
20151206 22:26,29,32,23,27,27,52,35,91,71,22,10305,40,52,68,80,90
20151206 22:27,29,33,26,28,32,43,35,91,71,22,10305,40,52,68,80,90
20151206 22:28,32,26,27,27,33,27,35,91,71,22,10305,40,52,68,80,89
20151206 22:29,33,16,28,25,33,19,35,91,71,22,10305,40,52,68,80,90
20151206 22:30,33,21,30,26,34,42,35,91,71,22,10305,39,52,68,80,89
20151206 22:31,39,30,31,27,44,41,35,92,72,23,10305,39,52,68,80,89
20151206 22:32,34,26,31,27,24,28,35,91,71,22,10306,40,52,68,80,89
20151206 22:33,36,21,33,27,47,33,35,91,71,22,10306,40,52,68,80,89
20151206 22:34,36,22,33,26,24,29,35,91,71,22,10306,40,52,68,80,89
20151206 22:35,24,28,32,26,23,46,35,91,71,22,10306,40,52,68,80,89
20151206 22:36,20,29,31,25,17,37,35,91,71,22,10307,39,52,68,80,89
20151206 22:37,22,30,30,25,26,47,35,91,71,22,10307,39,52,68,80,89
20151206 22:38,28,33,30,26,29,41,35,91,71,22,10307,39,52,68,80,89
20151206 22:39,32,27,30,27,35,37,35,91,71,22,10307,39,52,68,80,89
20151206 22:40,34,26,30,27,33,37,35,91,71,22,10307,39,52,68,80,89
20151206 22:41,42,27,31,27,52,36,35,91,71,22,10307,39,52,68,80,89
20151206 22:42,55,27,34,27,59,42,35,92,72,23,10307,39,52,68,80,89
20151206 22:43,51,31,34,29,43,49,34,92,72,22,10307,39,52,68,80,89
20151206 22:44,39,32,35,29,35,44,34,92,72,22,10307,39,52,68,80,89
20151206 22:45,37,31,37,29,40,52,34,91,71,21,10307,39,52,67,80,89
20151206 22:46,42,28,40,29,44,36,34,91,71,21,10307,39,52,67,80,89
20151206 22:47,42,23,41,28,40,34,34,92,72,22,10307,39,52,67,80,89
20151206 22:48,40,21,42,27,40,34,34,92,72,22,10307,39,52,67,80,89
20151206 22:49,43,21,43,27,46,33,34,92,72,22,10307,39,52,67,80,89
20151206 22:50,41,25,44,27,37,46,34,92,72,22,10307,39,52,67,80,89
20151206 22:51,39,28,42,27,41,35,34,92,72,22,10307,39,52,67,80,89
20151206 22:52,41,20,41,26,41,23,34,92,72,22,10307,38,52,67,80,89
20151206 22:53,44,15,41,24,48,24,34,92,72,22,10307,39,52,67,80,89
20151206 22:54,39,16,41,22,30,36,34,92,72,22,10307,39,51,67,80,89
20151206 22:55,45,20,43,21,60,39,34,92,72,22,10307,39,51,67,80,89
20151206 22:56,51,29,42,23,42,59,34,92,72,22,10307,39,51,67,80,89
20151206 22:57,38,37,42,24,34,53,34,92,72,22,10307,38,51,67,80,89
20151206 22:58,38,37,42,26,41,48,34,92,72,22,10307,38,51,67,80,89
20151206 22:59,41,34,41,27,40,48,34,92,72,22,10307,38,51,67,80,89
20151206 23:00,42,33,42,27,44,41,33,92,71,21,10307,38,51,67,80,89
20151206 23:01,46,30,43,27,48,46,33,92,71,21,10306,38,51,67,80,89
20151206 23:02,46,30,43,29,44,46,33,92,71,21,10306,38,51,67,79,89
20151206 23:03,43,32,43,31,43,39,33,92,71,21,10306,38,51,67,80,89
20151206 23:04,49,27,45,31,56,34,33,92,71,21,10306,38,51,67,79,89
20151206 23:05,54,20,44,31,52,25,33,92,71,21,10306,37,51,67,79,89
20151206 23:06,55,21,46,30,59,30,33,92,71,21,10305,37,51,67,79,89
20151206 23:07,52,23,47,28,45,33,33,92,71,21,10305,37,51,67,79,89
20151206 23:08,47,18,48,26,48,22,32,92,71,20,10305,37,51,67,79,89
20151206 23:09,44,15,48,24,41,25,32,92,71,20,10305,37,51,67,79,89
20151206 23:10,41,22,48,24,42,34,32,92,71,20,10305,37,51,67,79,89
20151206 23:11,38,24,46,23,35,33,32,93,71,22,10305,37,51,67,79,89
20151206 23:12,34,23,45,22,34,35,32,93,71,22,10305,37,51,67,79,89
20151206 23:13,36,22,45,21,37,32,32,93,71,22,10304,36,51,67,79,89
20151206 23:14,45,19,44,21,52,31,32,93,71,22,10304,36,51,67,79,89
20151206 23:15,45,18,43,21,39,25,32,93,71,22,10303,36,50,67,79,89
20151206 23:16,45,18,42,20,51,27,32,93,71,22,10303,36,50,67,79,89
20151206 23:17,50,18,43,20,50,27,31,93,71,21,10303,36,50,67,79,89
20151206 23:18,49,21,43,21,48,31,31,93,71,21,10302,36,50,67,79,89
20151206 23:19,48,23,44,21,47,28,31,93,71,21,10302,36,50,67,79,89
20151206 23:20,51,20,45,20,55,28,31,93,71,21,10302,36,50,67,79,89
20151206 23:21,48,19,46,20,42,33,31,93,71,21,10302,35,50,67,79,89
20151206 23:22,42,21,46,20,42,28,31,93,71,21,10302,35,50,67,79,89
20151206 23:23,46,20,48,20,50,36,30,93,70,20,10301,34,50,67,79,89
20151206 23:24,52,22,48,21,54,39,30,93,70,20,10301,34,50,67,79,89
20151206 23:25,55,22,49,20,55,31,30,93,70,20,10301,33,50,67,79,89
20151206 23:26,44,19,48,21,34,30,30,93,70,20,10301,33,49,66,79,89
20151206 23:27,46,18,49,20,58,25,29,93,70,19,10301,33,49,66,79,89
20151206 23:28,56,21,49,21,54,41,29,93,70,19,10301,30,49,66,79,89
20151206 23:29,45,27,48,21,36,38,29,93,70,19,10301,31,49,66,79,89
20151206 23:30,41,29,47,22,47,40,29,93,70,19,10300,32,49,66,79,89
20151206 23:31,47,27,48,23,48,35,29,93,70,19,10300,31,49,66,79,89
20151206 23:32,49,24,49,23,50,34,29,94,71,20,10300,32,49,66,79,89
20151206 23:33,44,20,47,23,37,27,28,94,70,19,10300,32,48,66,79,89
20151206 23:34,40,20,46,23,43,31,28,94,70,19,10300,33,48,66,79,89
20151206 23:35,44,24,45,23,45,37,28,94,70,19,10300,33,48,66,79,89
20151206 23:36,38,24,45,24,31,35,28,94,70,19,10300,33,48,66,79,89
20151206 23:37,39,24,44,24,46,40,28,94,70,19,10299,33,48,66,79,89
20151206 23:38,49,27,43,25,51,39,28,94,70,19,10299,32,48,66,79,89
20151206 23:39,53,27,45,24,55,44,27,94,70,18,10299,32,48,66,79,89
20151206 23:40,54,26,46,24,53,35,27,94,70,18,10299,32,48,66,79,89
20151206 23:41,53,26,46,24,53,36,27,94,70,18,10300,31,47,66,79,89
20151206 23:42,50,23,46,24,48,25,27,94,70,18,10300,31,47,66,79,89
20151206 23:43,47,19,47,24,47,24,27,94,70,18,10300,31,47,66,79,89
20151206 23:44,47,24,48,25,47,46,26,94,69,17,10300,32,47,65,79,89
20151206 23:45,43,28,47,25,39,33,26,94,69,17,10300,32,47,65,79,89
20151206 23:46,43,22,49,24,47,31,26,94,69,17,10299,32,47,65,79,89
20151206 23:47,44,21,48,24,41,27,26,94,69,17,10299,32,47,65,79,89
20151206 23:48,43,24,47,24,44,35,26,94,69,17,10300,32,47,65,78,89
20151206 23:49,40,25,46,24,36,31,26,94,69,17,10300,32,47,65,79,89
20151206 23:50,39,20,44,23,41,24,26,94,69,17,10300,32,47,65,79,89
20151206 23:51,38,20,43,23,35,35,26,94,69,17,10300,33,47,65,78,89
20151206 23:52,36,22,41,22,36,26,26,94,69,17,10300,32,46,65,79,89
20151206 23:53,40,17,41,22,44,23,26,94,69,17,10300,32,46,65,78,89
20151206 23:54,39,17,40,21,34,23,26,94,69,17,10300,32,46,65,78,89
20151206 23:55,25,16,37,20,15,19,26,94,69,17,10301,33,46,65,78,89
20151206 23:56,21,11,35,19,28,13,26,95,70,19,10301,33,46,65,78,89
20151206 23:57,21,14,33,19,14,31,26,95,70,19,10302,33,46,65,78,89
20151206 23:58,8,20,29,18,3,29,26,95,70,19,10302,33,46,65,78,89
20151206 23:59,7,21,26,18,12,25,26,95,70,19,10303,33,46,65,78,89
20151206 00:00,13,23,24,19,15,32,26,95,70,19,10303,33,46,65,78,89
20151206 00:01,16,24,22,18,17,26,25,95,69,18,10304,33,46,65,78,89
20151206 00:02,11,17,19,18,4,21,25,94,69,16,10304,33,46,65,78,89
20151206 00:03,3,18,14,19,2,37,25,94,69,16,10305,32,46,65,78,89
20151206 00:04,1,24,11,19,1,29,25,94,69,16,10305,32,46,65,78,89
20151206 00:05,5,19,11,19,10,17,25,94,69,16,10305,32,46,64,78,89
20151206 00:06,1,15,7,20,352,28,25,94,69,16,10305,32,46,64,78,89
20151206 00:07,357,20,6,21,1,31,25,94,69,16,10305,32,46,64,78,89
20151206 00:08,0,20,5,20,359,19,25,94,69,16,10304,32,46,64,78,89
20151206 00:09,16,12,7,19,32,17,25,94,69,16,10304,32,46,64,78,89
20151206 00:10,33,16,9,18,34,31,25,94,69,16,10303,32,46,64,78,89
20151206 00:11,29,23,10,18,25,27,25,94,69,16,10303,33,46,64,79,89
20151206 00:12,14,18,10,19,3,19,25,94,69,16,10302,32,46,64,78,89
20151206 00:13,9,13,11,17,16,15,25,95,69,18,10302,33,46,64,79,89
20151206 00:14,10,11,12,16,5,16,25,95,69,18,10302,33,46,64,79,88
20151206 00:15,357,13,10,16,349,26,25,95,69,18,10302,33,46,64,79,88
20151206 00:16,350,15,9,16,350,20,25,95,69,18,10303,33,46,64,79,88
20151206 00:17,356,14,10,15,3,21,25,95,69,18,10303,33,46,64,78,88
20151206 00:18,3,15,10,15,3,23,25,95,69,18,10303,33,46,64,78,88
20151206 00:19,6,15,8,16,8,16,25,95,69,18,10303,33,46,64,79,88
20151206 00:20,6,16,5,15,4,32,25,95,69,18,10303,32,46,64,79,88
20151206 00:21,4,20,3,15,4,29,25,95,69,18,10303,33,46,64,79,88
20151206 00:22,9,17,4,15,15,18,25,95,69,18,10302,32,46,64,79,88
20151206 00:23,12,17,3,16,10,26,24,95,69,17,10302,32,46,64,79,88
20151206 00:24,15,19,5,17,19,26,24,95,69,17,10302,32,46,64,79,88
20151206 00:25,12,17,6,17,3,20,24,95,69,17,10301,32,46,64,79,88
20151206 00:26,7,13,8,16,12,19,24,95,69,17,10301,32,46,64,79,88
20151206 00:27,5,14,8,17,358,22,24,95,69,17,10301,32,46,64,79,88
20151206 00:28,3,17,8,17,7,21,24,95,69,17,10301,32,46,64,79,88
20151206 00:29,6,18,8,17,6,25,24,95,69,17,10301,31,46,64,79,88
20151206 00:30,10,18,9,17,14,23,24,95,69,17,10301,31,45,64,79,88
20151206 00:31,9,15,9,16,4,18,24,95,69,17,10301,31,45,64,78,88
20151206 00:32,356,11,6,16,348,14,24,95,69,17,10301,31,45,64,79,88
20151206 00:33,355,10,5,15,2,13,24,95,69,17,10301,31,45,64,78,88
20151206 00:34,356,13,2,15,350,20,24,95,69,17,10301,31,45,64,78,88
20151206 00:35,348,21,1,16,346,33,24,95,69,17,10301,32,45,64,78,88
20151206 00:36,353,24,0,17,0,27,24,95,69,17,10301,31,45,64,78,88
20151206 00:37,352,18,358,17,344,25,24,95,69,17,10300,31,45,64,78,88
20151206 00:38,344,18,356,17,343,27,24,95,69,17,10300,31,45,64,78,88
20151206 00:39,349,21,355,17,355,24,23,95,68,16,10300,31,45,64,78,88
20151206 00:40,353,18,352,17,352,21,23,95,68,16,10300,31,45,64,78,88
20151206 00:41,352,15,351,17,351,23,23,95,68,16,10300,31,45,64,78,88
20151206 00:42,355,14,352,17,359,18,23,95,68,16,10300,29,45,64,78,88
20151206 00:43,356,12,351,18,353,16,23,95,68,16,10300,30,45,64,78,88
20151206 00:44,347,13,350,17,342,19,23,95,68,16,10300,30,45,64,78,88
20151206 00:45,340,21,350,18,339,37,23,95,68,16,10300,30,45,64,78,88
20151206 00:46,342,26,348,18,345,32,23,95,68,16,10300,30,45,64,78,88
20151206 00:47,348,24,349,19,352,31,23,95,68,16,10300,30,45,64,78,88
20151206 00:48,349,21,350,18,347,22,23,95,68,16,10300,29,45,64,78,88
20151206 00:49,350,18,349,18,354,20,23,95,68,16,10300,29,45,64,78,88
20151206 00:50,0,17,351,18,6,21,23,95,68,16,10299,29,45,64,78,88
20151206 00:51,5,17,352,18,5,28,23,95,68,16,10299,30,44,64,78,88
20151206 00:52,356,18,351,19,348,27,23,95,68,16,10299,30,44,63,78,88
20151206 00:53,349,20,351,20,351,30,23,95,68,16,10299,30,44,63,78,88
20151206 00:54,349,20,351,20,346,26,23,95,68,16,10299,29,44,63,78,88
20151206 00:55,355,15,354,19,5,15,23,95,68,16,10298,29,44,63,78,88
20151206 00:56,359,12,355,17,354,15,23,95,68,16,10298,29,44,63,78,88
20151206 00:57,0,14,356,17,7,23,23,95,68,16,10298,30,44,63,78,88
20151206 00:58,6,17,358,17,4,22,22,95,68,15,10297,30,44,63,78,88
20151206 00:59,356,17,358,17,349,24,22,95,68,15,10297,30,44,63,78,88
20151206 01:00,353,14,357,16,357,16,22,95,68,15,10296,29,44,63,78,88
20151206 01:01,354,15,355,16,350,23,22,95,68,15,10296,29,44,63,78,88
20151206 01:02,350,16,355,16,350,22,22,95,68,15,10296,29,44,63,78,87
20151206 01:03,346,15,354,15,342,23,22,95,68,15,10297,29,44,63,78,87
20151206 01:04,340,17,354,15,338,24,22,95,68,15,10297,30,44,63,78,87
20151206 01:05,340,16,351,15,341,20,22,95,68,15,10297,30,44,63,78,87
20151206 01:06,340,16,350,16,340,23,22,95,68,15,10297,30,44,63,78,87
20151206 01:07,344,14,348,16,348,18,22,95,68,15,10296,30,44,63,78,87
20151206 01:08,347,11,346,15,347,16,22,95,68,15,10296,30,44,63,78,87
20151206 01:09,341,11,345,14,335,22,22,95,68,15,10295,30,44,63,78,87
20151206 01:10,338,15,343,15,341,25,22,95,68,15,10295,30,44,63,78,87
20151206 01:11,339,19,342,15,336,23,22,95,68,15,10295,30,44,63,78,87
20151206 01:12,339,17,341,15,341,20,22,95,68,15,10296,30,43,63,78,87
20151206 01:13,339,16,340,15,336,24,23,95,68,16,10296,30,44,63,78,87
20151206 01:14,333,19,339,16,330,29,23,95,68,16,10296,30,44,63,78,87
20151206 01:15,334,21,339,16,338,27,22,95,68,15,10296,30,43,63,78,87
20151206 01:16,344,22,340,17,349,27,23,95,68,16,10296,30,43,63,78,87
20151206 01:17,343,22,339,18,336,30,23,95,68,16,10296,30,43,63,78,87
20151206 01:18,337,22,338,19,338,29,23,95,68,16,10296,30,43,63,78,87
20151206 01:19,340,21,339,20,343,29,22,95,68,15,10296,30,43,63,77,87
20151206 01:20,344,20,339,20,346,24,22,95,68,15,10296,30,43,63,77,87
20151206 01:21,340,21,339,20,334,29,22,95,68,15,10296,30,43,63,78,87
20151206 01:22,337,20,339,20,340,21,22,95,68,15,10296,30,43,63,77,87
20151206 01:23,339,16,339,20,337,21,23,95,68,16,10296,30,43,63,77,87
20151206 01:24,341,16,341,20,345,22,23,95,68,16,10296,30,43,63,77,87
20151206 01:25,343,17,341,19,342,27,23,95,68,16,10296,30,43,63,77,87
20151206 01:26,347,19,341,19,352,27,23,95,68,16,10296,30,43,63,77,87
20151206 01:27,347,20,342,19,342,27,23,95,68,16,10295,30,43,63,77,87
20151206 01:28,341,20,342,19,339,31,23,95,68,16,10295,31,43,63,77,87
20151206 01:29,336,22,341,19,333,31,23,96,69,17,10295,31,43,63,77,87
20151206 01:30,344,20,342,19,356,22,23,96,69,17,10295,31,43,63,77,87
20151206 01:31,350,16,343,18,345,25,23,96,69,17,10296,31,43,63,77,87
20151206 01:32,339,15,342,18,332,18,23,96,69,17,10296,31,43,63,77,87
20151206 01:33,337,15,343,18,342,22,23,96,69,17,10296,31,43,63,77,87
20151206 01:34,340,17,342,18,337,24,23,96,69,17,10296,31,43,63,77,87
20151206 01:35,342,18,342,18,346,25,23,96,69,17,10296,31,43,63,77,87
20151206 01:36,350,16,343,18,354,24,23,96,69,17,10296,31,43,63,77,87
20151206 01:37,342,16,341,17,329,25,23,96,69,17,10296,31,43,63,77,87
20151206 01:38,335,17,341,17,340,24,23,96,69,17,10296,30,43,63,77,87
20151206 01:39,342,16,342,16,343,23,23,96,69,17,10296,30,43,63,77,87
20151206 01:40,345,16,342,16,348,25,23,96,69,17,10296,30,43,63,77,87
20151206 01:41,347,17,342,16,346,22,23,96,69,17,10295,31,43,63,77,87
20151206 01:42,344,19,343,17,342,31,23,96,69,17,10295,31,43,63,77,87
20151206 01:43,338,18,342,17,334,24,23,96,69,17,10295,31,43,63,77,87
20151206 01:44,339,14,343,16,345,18,23,96,69,17,10295,31,43,63,77,87
20151206 01:45,342,15,342,16,340,22,23,96,69,17,10295,31,43,63,77,87
20151206 01:46,343,19,341,17,346,26,23,96,69,17,10295,31,43,63,77,87
20151206 01:47,345,20,343,17,345,27,23,96,69,17,10295,31,43,63,77,87
20151206 01:48,334,16,341,17,323,16,23,96,69,17,10295,31,43,63,77,87
20151206 01:49,332,15,341,17,341,29,23,96,69,17,10296,31,43,63,77,87
20151206 01:50,340,17,340,17,339,24,23,96,69,17,10296,30,43,63,77,87
20151206 01:51,342,19,340,17,344,32,23,96,69,17,10295,30,43,63,77,87
20151206 01:52,346,21,341,17,348,29,23,96,69,17,10295,31,43,63,77,87
20151206 01:53,347,16,342,17,346,16,23,96,69,17,10295,31,43,63,77,87
20151206 01:54,342,12,341,17,337,16,24,96,70,18,10295,31,43,63,77,87
20151206 01:55,336,12,340,17,335,16,24,96,70,18,10295,31,43,63,77,87
20151206 01:56,330,14,338,16,325,20,24,96,70,18,10295,31,43,63,77,87
20151206 01:57,333,16,338,16,341,21,24,96,70,18,10294,31,43,63,77,87
20151206 01:58,338,16,339,16,336,24,24,96,70,18,10294,31,43,63,77,87
20151206 01:59,335,14,339,15,334,15,24,96,70,18,10293,31,43,63,77,87
20151206 02:00,334,12,338,15,334,22,24,96,70,18,10293,32,43,63,77,87
20151206 02:01,332,16,337,15,330,25,24,96,70,18,10294,32,43,63,77,87
20151206 02:02,330,19,335,14,329,22,24,96,70,18,10294,32,43,63,77,87
20151206 02:03,325,21,332,16,321,32,24,96,70,18,10295,32,43,63,77,87
20151206 02:04,325,24,331,17,329,31,24,96,70,18,10295,32,43,63,77,86
20151206 02:05,330,25,331,18,330,30,24,96,70,18,10295,32,43,63,77,87
20151206 02:06,333,25,332,19,336,29,24,96,70,18,10295,32,43,63,77,86
20151206 02:07,332,20,331,19,329,26,24,96,70,18,10295,31,43,63,77,87
20151206 02:08,328,18,330,20,326,29,24,96,70,18,10296,31,44,63,77,87
20151206 02:09,324,24,329,21,321,34,24,96,70,18,10297,31,44,63,77,86
20151206 02:10,321,29,327,23,322,47,24,96,70,18,10299,31,44,63,77,86
20151206 02:11,321,33,326,25,321,52,24,96,70,18,10299,31,44,63,77,86
20151206 02:12,322,35,326,26,323,45,24,96,70,18,10299,31,44,63,77,86
20151206 02:13,327,33,327,27,331,35,24,96,70,18,10298,31,44,63,77,86
20151206 02:14,341,27,329,27,352,32,24,95,69,17,10297,31,44,63,77,86
20151206 02:15,345,18,330,26,339,17,24,95,69,17,10295,31,44,63,77,86
20151206 02:16,349,9,332,24,359,8,24,95,69,17,10294,31,44,63,77,86
20151206 02:17,338,8,331,23,318,17,24,95,69,17,10294,31,44,63,77,86
20151206 02:18,317,10,330,22,315,15,24,95,69,17,10295,31,44,62,77,86
20151206 02:19,307,11,328,21,300,15,24,95,69,17,10295,31,44,63,77,86
20151206 02:20,310,12,328,19,319,15,24,95,69,17,10295,32,44,62,76,86
20151206 02:21,308,11,325,16,296,15,24,96,70,18,10295,32,44,62,76,86
20151206 02:22,297,13,323,14,298,20,24,96,70,18,10295,32,44,62,76,86
20151206 02:23,310,12,322,12,322,15,24,96,70,18,10294,32,44,62,76,86
20151206 02:24,331,8,320,10,339,11,24,96,70,18,10293,32,44,62,76,86
20151206 02:25,338,11,320,10,336,19,24,96,70,18,10292,32,44,62,76,86
20151206 02:26,342,14,319,11,348,17,24,96,70,18,10291,32,44,62,76,86
20151206 02:27,333,11,319,11,318,13,24,96,70,18,10290,32,44,62,76,86
20151206 02:28,325,10,321,11,332,12,24,96,70,18,10289,32,44,62,76,86
20151206 02:29,332,12,324,11,332,18,24,96,70,18,10289,32,44,62,76,86
20151206 02:30,347,13,328,11,2,19,24,96,70,18,10289,32,44,62,76,86
20151206 02:31,0,13,335,12,358,18,24,96,70,18,10289,32,44,62,76,86
20151206 02:32,345,10,338,11,329,12,24,96,70,18,10289,32,44,62,76,86
20151206 02:33,330,9,338,11,331,15,24,96,70,18,10289,32,44,62,76,86
20151206 02:34,333,12,338,12,334,22,24,96,70,18,10289,32,44,62,76,86
20151206 02:35,335,16,338,12,337,21,24,96,70,18,10289,32,44,62,76,86
20151206 02:36,322,19,334,13,308,23,24,96,70,18,10291,32,44,62,76,86
20151206 02:37,300,18,332,13,292,20,24,96,70,18,10292,32,44,62,76,86
20151206 02:38,292,17,328,14,292,20,25,96,70,19,10292,33,44,62,76,86
20151206 02:39,290,16,323,14,288,24,25,96,70,19,10293,33,44,62,76,86
20151206 02:40,291,16,316,15,294,18,24,96,70,18,10293,33,44,62,76,86
20151206 02:41,294,14,310,15,293,17,24,96,70,18,10293,33,44,62,76,86
20151206 02:42,289,13,305,15,285,20,24,96,70,18,10292,33,44,62,76,86
20151206 02:43,292,15,302,16,299,22,24,96,70,18,10292,33,44,62,76,86
20151206 02:44,299,15,299,16,300,19,24,96,70,18,10291,33,44,62,76,86
20151206 02:45,295,14,294,15,290,17,24,96,70,18,10290,33,44,62,76,86
20151206 02:46,292,14,293,15,294,19,24,96,70,18,10290,33,44,62,76,86
20151206 02:47,295,15,293,15,295,17,24,96,70,18,10291,33,44,62,76,86
20151206 02:48,294,16,293,15,294,19,24,96,70,18,10291,33,44,62,76,86
20151206 02:49,294,15,294,15,295,17,24,96,70,18,10291,33,44,62,76,86
20151206 02:50,295,13,294,14,296,21,24,96,70,18,10291,33,44,62,76,86
20151206 02:51,299,14,295,15,303,19,24,96,70,18,10291,33,44,62,76,86
20151206 02:52,300,13,296,14,296,14,24,96,70,18,10290,33,44,62,76,86
20151206 02:53,297,13,296,14,299,22,25,96,70,19,10291,33,44,62,76,86
20151206 02:54,298,16,296,15,297,22,25,96,70,19,10291,34,44,62,76,86
20151206 02:55,298,17,297,15,298,26,25,96,70,19,10292,33,44,62,76,86
20151206 02:56,294,19,296,16,289,27,25,96,70,19,10291,33,44,62,76,86
20151206 02:57,289,20,296,16,289,28,25,96,70,19,10291,33,44,62,76,86
20151206 02:58,290,18,295,16,291,20,25,96,70,19,10291,34,44,62,76,86
20151206 02:59,286,16,294,16,281,24,25,96,70,19,10291,34,44,62,76,86
20151206 03:00,288,18,294,17,294,26,25,96,70,19,10291,33,44,62,76,86
20151206 03:01,292,19,293,17,291,26,25,96,70,19,10292,34,44,62,76,86
20151206 03:02,293,18,292,18,295,28,25,96,70,19,10292,34,44,62,76,86
20151206 03:03,296,19,292,18,298,24,25,96,70,19,10292,34,44,62,76,86
20151206 03:04,295,20,292,19,292,28,25,96,70,19,10293,34,44,62,76,85
20151206 03:05,289,19,291,19,286,24,25,96,70,19,10293,34,44,62,76,85
20151206 03:06,282,14,290,18,279,16,25,96,70,19,10293,34,44,62,76,85
20151206 03:07,278,15,289,18,278,26,25,96,70,19,10293,34,44,62,76,85
20151206 03:08,289,18,289,18,300,22,25,96,70,19,10293,34,44,62,76,85
20151206 03:09,307,17,293,18,315,24,25,96,70,19,10292,34,44,62,76,85
20151206 03:10,305,18,293,18,295,30,25,96,70,19,10292,34,44,62,76,85
20151206 03:11,295,19,293,18,296,29,25,96,70,19,10291,34,45,62,76,85
20151206 03:12,298,22,294,18,300,29,25,97,71,21,10291,34,45,62,76,85
20151206 03:13,294,20,293,18,288,22,26,97,71,22,10291,34,45,62,76,85
20151206 03:14,297,19,294,18,306,28,26,97,71,22,10292,34,45,62,76,85
20151206 03:15,296,22,294,19,286,27,26,97,71,22,10292,34,45,62,76,85
20151206 03:16,287,18,295,19,287,21,26,97,71,22,10293,34,45,62,76,85
20151206 03:17,289,15,296,19,290,19,26,97,71,22,10293,34,45,62,75,85
20151206 03:18,288,14,295,18,285,15,26,97,71,22,10292,34,45,62,76,85
20151206 03:19,295,13,294,18,305,19,26,97,71,22,10292,34,45,62,75,85
20151206 03:20,297,19,293,18,289,31,26,97,71,22,10292,35,45,62,75,85
20151206 03:21,292,24,293,19,295,31,26,97,71,22,10292,35,45,62,75,85
20151206 03:22,294,25,292,19,294,32,26,97,71,22,10292,35,45,62,75,85
20151206 03:23,294,26,293,20,294,32,26,97,71,22,10292,35,45,62,75,85
20151206 03:24,297,24,292,20,299,26,26,97,71,22,10292,35,45,62,75,85
20151206 03:25,297,21,293,20,294,29,26,97,71,22,10292,35,45,62,75,85
20151206 03:26,297,21,294,20,299,29,26,97,71,22,10292,35,45,62,75,85
20151206 03:27,299,21,295,21,298,25,26,97,71,22,10292,35,45,62,75,85
20151206 03:28,302,19,297,21,307,32,26,97,71,22,10292,35,45,62,75,85
20151206 03:29,302,21,297,22,298,31,26,97,71,22,10292,35,45,62,75,85
20151206 03:30,296,22,297,22,294,27,26,97,71,22,10292,35,45,62,75,85
20151206 03:31,295,19,297,21,295,21,26,97,71,22,10293,35,45,62,75,85
20151206 03:32,295,19,297,21,294,32,26,97,71,22,10294,35,45,62,75,85
20151206 03:33,297,21,298,20,299,29,26,97,71,22,10294,35,45,62,75,85
20151206 03:34,303,21,298,20,306,28,26,97,71,22,10293,35,45,62,75,85
20151206 03:35,302,18,299,20,299,22,26,97,71,22,10293,35,45,62,75,85
20151206 03:36,300,19,299,20,302,28,26,97,71,22,10292,35,45,62,75,85
20151206 03:37,302,22,300,20,302,25,26,97,71,22,10292,35,45,62,75,85
20151206 03:38,303,19,299,20,303,24,26,97,71,22,10292,35,45,62,75,85
20151206 03:39,301,21,299,20,298,34,26,97,71,22,10292,35,45,62,75,85
20151206 03:40,304,24,301,20,310,29,26,97,71,22,10292,35,45,62,75,85
20151206 03:41,307,23,302,21,305,30,26,97,71,22,10292,35,45,62,75,85
20151206 03:42,309,23,304,21,314,32,26,97,71,22,10291,35,45,62,75,85
20151206 03:43,309,22,304,21,303,29,26,97,71,22,10291,35,45,62,75,85
20151206 03:44,306,21,304,21,309,30,26,97,71,22,10290,35,45,62,75,85
20151206 03:45,311,24,306,22,313,31,26,97,71,22,10290,35,45,62,75,85
20151206 03:46,316,25,307,23,318,37,26,97,71,22,10290,35,45,62,75,85
20151206 03:47,316,22,309,23,315,29,26,97,71,22,10290,35,45,62,75,85
20151206 03:48,315,20,310,23,315,30,26,97,71,22,10290,35,45,62,75,85
20151206 03:49,318,21,312,23,321,29,26,97,71,22,10289,35,45,62,75,85
20151206 03:50,317,19,313,22,313,18,26,97,71,22,10288,35,45,62,75,85
20151206 03:51,310,17,313,21,306,33,26,97,71,22,10288,35,46,62,75,85
20151206 03:52,310,23,313,22,314,37,26,97,71,22,10288,35,46,62,75,85
20151206 03:53,313,23,314,22,313,26,26,97,71,22,10288,35,46,62,75,85
20151206 03:54,313,21,314,22,313,27,26,97,71,22,10289,35,46,62,75,85
20151206 03:55,310,24,314,22,307,30,26,97,71,22,10288,35,46,62,75,85
20151206 03:56,315,21,314,21,324,28,26,97,71,22,10288,35,46,62,75,85
20151206 03:57,317,18,314,21,310,24,26,97,71,22,10288,35,46,62,75,85
20151206 03:58,308,15,313,20,306,16,26,97,71,22,10288,35,46,62,75,84
20151206 03:59,307,16,311,20,308,30,26,97,71,22,10287,35,46,62,75,84
20151206 04:00,309,20,311,20,310,30,26,97,71,22,10287,35,46,62,75,84
20151206 04:01,315,19,312,20,320,28,26,97,71,22,10287,35,46,62,75,84
20151206 04:02,317,15,312,18,314,17,26,97,71,22,10287,35,46,62,75,84
20151206 04:03,307,13,311,18,301,18,26,97,71,22,10287,35,46,62,75,84
20151206 04:04,309,18,312,18,317,29,26,97,71,22,10288,35,46,62,75,84
20151206 04:05,317,22,313,18,316,31,26,97,71,22,10288,35,46,62,75,84
20151206 04:06,313,19,311,17,309,20,27,97,72,23,10288,35,46,62,75,84
20151206 04:07,314,18,312,18,319,31,27,97,72,23,10287,35,46,62,75,84
20151206 04:08,318,21,313,19,317,32,27,97,72,23,10287,35,46,62,75,84
20151206 04:09,314,17,313,18,311,17,27,97,72,23,10287,35,46,62,75,84
20151206 04:10,311,14,314,18,312,25,27,97,72,23,10287,35,46,62,75,84
20151206 04:11,320,19,314,18,327,26,27,97,72,23,10286,35,46,62,75,84
20151206 04:12,325,22,315,19,324,29,27,97,72,23,10287,35,46,62,75,84
20151206 04:13,318,21,316,19,311,25,27,97,72,23,10287,35,46,62,75,84
20151206 04:14,309,18,315,19,306,26,27,97,72,23,10288,35,46,62,75,84
20151206 04:15,310,18,315,19,313,26,27,97,72,23,10288,36,46,62,75,84
20151206 04:16,310,18,315,19,306,27,27,97,72,23,10288,36,46,62,75,84
20151206 04:17,311,18,314,19,316,24,28,97,72,24,10289,36,46,62,75,84
20151206 04:18,316,19,314,18,316,26,28,97,72,24,10289,36,46,62,75,84
20151206 04:19,314,22,314,19,311,33,28,97,72,24,10289,36,46,62,75,84
20151206 04:20,318,25,315,20,325,37,28,97,72,24,10289,36,46,62,75,84
20151206 04:21,326,25,315,21,327,32,28,97,72,24,10289,36,46,62,75,84
20151206 04:22,322,23,315,21,316,31,28,97,72,24,10289,36,46,62,75,84
20151206 04:23,321,24,316,21,325,33,28,97,72,24,10289,36,46,62,75,84
20151206 04:24,322,23,317,22,319,26,28,97,72,24,10289,36,46,62,75,84
20151206 04:25,316,23,317,22,313,32,29,97,73,25,10289,36,46,62,75,84
20151206 04:26,316,21,319,22,319,23,29,97,73,25,10288,36,46,62,75,84
20151206 04:27,322,14,320,22,325,16,29,97,73,25,10288,36,46,62,75,84
20151206 04:28,327,11,321,21,329,14,29,97,73,25,10288,36,46,62,75,84
20151206 04:29,316,14,320,20,303,28,29,97,73,25,10288,36,46,62,75,84
20151206 04:30,311,15,320,19,319,18,29,97,73,25,10289,36,46,62,75,84
20151206 04:31,322,15,319,18,325,28,29,97,73,25,10289,36,46,62,75,84
20151206 04:32,318,19,319,18,312,33,29,97,73,25,10290,36,46,62,75,84
20151206 04:33,325,23,320,18,338,31,29,97,73,25,10290,36,46,62,75,84
20151206 04:34,331,22,321,18,323,24,29,97,73,25,10290,37,46,62,75,84
20151206 04:35,323,17,322,17,323,22,29,97,73,25,10290,37,46,62,74,84
20151206 04:36,320,20,321,17,317,31,30,97,73,26,10290,37,46,62,75,84
20151206 04:37,314,23,320,18,310,26,30,97,73,26,10290,37,46,62,74,84
20151206 04:38,312,24,318,20,314,34,30,97,73,26,10291,37,46,62,74,84
20151206 04:39,308,23,318,20,302,29,30,97,73,26,10291,37,46,62,74,84
20151206 04:40,312,19,319,21,322,27,30,97,73,26,10291,37,46,62,74,84
20151206 04:41,318,25,318,22,315,45,30,97,73,26,10290,37,46,62,74,84
20151206 04:42,320,29,319,23,325,33,30,97,73,26,10290,37,46,62,74,84
20151206 04:43,326,22,318,22,327,25,30,97,73,26,10289,37,46,62,74,84
20151206 04:44,325,16,318,22,322,24,30,97,73,26,10289,37,46,62,74,84
20151206 04:45,320,16,317,22,318,24,30,97,73,26,10289,37,46,62,74,84
20151206 04:46,321,18,318,22,324,25,30,97,73,26,10289,37,46,62,74,84
20151206 04:47,318,17,318,21,311,21,30,97,73,26,10290,37,46,62,74,84
20151206 04:48,317,17,319,20,324,26,31,97,74,27,10290,37,46,62,74,84
20151206 04:49,314,20,319,20,305,32,31,97,74,27,10290,37,46,62,74,84
20151206 04:50,317,27,320,22,328,43,31,97,74,27,10291,37,46,62,74,84
20151206 04:51,329,31,321,21,330,37,31,97,74,27,10291,37,47,62,74,84
20151206 04:52,336,28,323,21,343,38,31,97,74,27,10291,37,46,62,74,84
20151206 04:53,334,27,323,22,324,38,31,97,74,27,10291,37,47,62,74,84
20151206 04:54,317,22,322,22,309,23,31,97,74,27,10291,37,47,62,74,84
20151206 04:55,312,17,321,23,315,24,31,97,74,27,10291,38,47,62,74,84
20151206 04:56,319,23,321,23,323,35,31,97,74,27,10291,38,47,62,74,84
20151206 04:57,328,27,323,24,333,33,31,97,74,27,10291,38,47,62,74,84
20151206 04:58,327,24,323,25,321,25,32,97,75,28,10291,38,47,62,74,84
20151206 04:59,318,19,324,24,315,25,32,97,75,28,10292,38,47,62,74,84
20151206 05:00,321,20,324,23,328,34,32,97,75,28,10292,38,47,62,74,84
20151206 05:01,325,24,323,23,321,35,32,97,75,28,10291,38,47,62,74,84
20151206 05:02,322,24,321,23,322,28,32,97,75,28,10291,38,47,62,74,84
20151206 05:03,326,23,322,22,331,27,32,97,75,28,10291,38,47,62,74,84
20151206 05:04,328,20,323,22,326,24,32,97,75,28,10291,38,47,62,74,84
20151206 05:05,324,19,324,22,322,25,32,97,75,28,10291,38,47,62,74,84
20151206 05:06,322,18,324,21,323,21,32,97,75,28,10292,38,47,62,74,84
20151206 05:07,322,16,323,20,322,20,32,97,75,28,10292,38,47,62,74,84
20151206 05:08,322,16,323,20,323,26,32,97,75,28,10292,38,47,62,74,84
20151206 05:09,327,18,325,20,331,26,32,97,75,28,10292,38,47,62,74,84
20151206 05:10,331,20,325,20,331,26,32,97,75,28,10292,38,47,62,74,84
20151206 05:11,324,22,325,20,317,34,32,97,75,28,10291,38,47,62,74,84
20151206 05:12,322,21,325,19,326,25,32,97,75,28,10291,38,47,62,74,84
20151206 05:13,328,19,325,19,330,30,33,97,75,29,10291,38,47,62,74,84
20151206 05:14,323,20,324,19,317,26,33,97,75,29,10291,38,47,62,74,84
20151206 05:15,324,21,325,19,332,30,33,97,75,29,10291,38,47,62,74,84
20151206 05:16,331,20,326,20,330,32,33,97,75,29,10292,38,47,62,74,84
20151206 05:17,332,22,327,21,334,36,33,97,75,29,10292,38,47,62,74,84
20151206 05:18,325,22,326,21,316,25,33,97,75,29,10292,38,47,62,74,84
20151206 05:19,318,18,325,21,320,29,33,97,75,29,10292,39,47,62,74,84
20151206 05:20,321,20,324,21,322,30,33,97,75,29,10292,38,47,62,74,84
20151206 05:21,329,26,326,21,336,38,33,97,75,29,10292,38,47,62,74,84
20151206 05:22,342,28,329,22,349,37,33,97,75,29,10292,38,47,62,74,84
20151206 05:23,342,21,329,22,336,21,33,97,75,29,10292,38,47,62,74,84
20151206 05:24,338,15,331,21,340,19,33,97,75,29,10291,38,47,62,74,84
20151206 05:25,332,15,331,21,324,21,33,97,75,29,10291,39,47,62,74,84
20151206 05:26,337,21,333,21,350,38,34,97,76,30,10291,39,47,62,74,84
20151206 05:27,347,26,334,21,343,30,34,97,76,30,10291,39,47,62,74,84
20151206 05:28,334,19,334,21,325,22,34,97,76,30,10292,39,47,62,74,84
20151206 05:29,322,14,334,21,319,21,34,97,76,30,10292,39,47,62,74,84
20151206 05:30,326,19,335,21,332,35,34,97,76,30,10292,39,47,62,74,84
20151206 05:31,338,18,336,19,343,17,34,97,76,30,10292,39,47,62,74,84
20151206 05:32,331,15,333,18,320,21,34,97,76,30,10292,39,47,62,74,84
20151206 05:33,319,16,331,18,317,22,34,97,76,30,10292,39,47,62,74,84
20151206 05:34,314,15,328,18,310,19,34,97,76,30,10292,39,48,62,74,84
20151206 05:35,320,18,329,19,328,30,34,97,76,30,10291,39,48,62,74,84
20151206 05:36,327,24,326,18,326,32,34,97,76,30,10291,39,48,62,74,84
20151206 05:37,328,23,325,18,329,25,34,97,76,30,10291,39,48,62,74,84
20151206 05:38,327,17,325,18,324,19,34,96,75,28,10291,39,48,62,74,84
20151206 05:39,315,12,323,18,305,13,34,96,75,28,10291,39,48,62,74,84
20151206 05:40,306,10,321,16,307,12,34,96,75,28,10291,39,48,62,74,84
20151206 05:41,306,12,317,16,306,17,34,96,75,28,10291,39,48,62,74,84
20151206 05:42,300,13,315,16,294,18,34,96,75,28,10291,39,48,62,74,84
20151206 05:43,298,15,313,16,302,20,34,96,75,28,10291,39,48,62,74,84
20151206 05:44,298,17,311,16,294,22,34,96,75,28,10290,39,48,62,74,84
20151206 05:45,301,15,309,16,307,21,34,96,75,28,10290,39,48,62,74,83
20151206 05:46,314,16,309,15,320,24,34,96,75,28,10290,39,48,62,74,84
20151206 05:47,319,17,308,14,317,19,34,96,75,28,10290,39,48,62,74,83
20151206 05:48,323,17,308,15,328,27,34,96,75,28,10290,39,48,62,74,83
20151206 05:49,326,18,310,15,323,23,34,96,75,28,10289,39,48,62,74,83
20151206 05:50,320,15,311,16,317,21,34,96,75,28,10289,39,48,62,74,83
20151206 05:51,315,10,311,15,312,11,34,96,75,28,10289,39,48,62,74,83
20151206 05:52,314,8,314,15,316,13,34,96,75,28,10289,39,48,62,74,83
20151206 05:53,310,13,314,15,304,32,34,96,75,28,10290,39,48,62,74,83
20151206 05:54,318,18,318,15,332,26,34,96,75,28,10290,39,48,62,74,83
20151206 05:55,328,19,319,15,323,22,35,96,75,29,10290,39,48,62,74,83
20151206 05:56,323,16,319,15,322,21,35,96,75,29,10291,39,48,62,74,83
20151206 05:57,320,14,319,15,317,15,35,96,75,29,10291,39,48,62,74,83
20151206 05:58,308,12,316,14,298,18,35,96,75,29,10291,39,48,62,74,83
20151206 05:59,303,15,315,14,307,20,35,96,75,29,10291,39,48,62,74,83
20151206 06:00,302,17,313,14,297,20,35,96,75,29,10292,39,48,62,74,83
20151206 06:01,300,17,312,15,303,28,35,96,75,29,10292,39,48,62,74,83
20151206 06:02,312,17,312,16,321,21,35,96,75,29,10292,39,48,62,74,83
20151206 06:03,310,17,312,16,299,26,35,96,75,29,10291,39,48,62,74,83
20151206 06:04,304,19,309,16,308,25,35,96,75,29,10291,39,48,62,74,83
20151206 06:05,306,18,308,16,304,25,35,96,75,29,10292,39,48,62,74,83
20151206 06:06,305,20,306,17,306,35,35,96,75,29,10292,39,48,62,74,83
20151206 06:07,308,23,305,18,309,33,35,96,75,29,10292,39,48,62,74,83
20151206 06:08,306,18,306,18,302,24,35,96,75,29,10292,39,48,62,74,83
20151206 06:09,300,14,305,18,299,19,35,96,75,29,10292,39,48,62,74,83
20151206 06:10,297,12,305,17,295,14,35,96,75,29,10292,39,48,62,74,83
20151206 06:11,299,11,304,17,302,23,35,96,75,29,10292,39,48,62,74,83
20151206 06:12,308,17,304,17,315,29,35,96,75,29,10292,39,48,62,74,83
20151206 06:13,308,21,304,17,300,30,35,96,75,29,10292,39,48,62,74,83
20151206 06:14,304,20,304,17,309,28,35,96,75,29,10292,39,48,62,74,83
20151206 06:15,303,19,303,18,297,31,35,96,75,29,10293,39,48,62,74,83
20151206 06:16,298,18,303,17,298,30,35,96,75,29,10294,39,48,62,74,83
20151206 06:17,301,23,302,18,304,33,35,96,75,29,10294,39,48,62,74,83
20151206 06:18,297,22,301,18,290,25,35,96,75,29,10295,39,48,62,74,83
20151206 06:19,295,18,301,18,300,22,35,96,75,29,10295,39,48,62,73,83
20151206 06:20,306,17,303,19,312,23,35,96,75,29,10295,39,48,62,73,83
20151206 06:21,311,16,303,20,309,24,35,96,75,29,10294,39,48,62,74,83
20151206 06:22,301,18,301,19,293,25,35,96,75,29,10294,39,48,62,74,83
20151206 06:23,298,18,302,19,304,24,35,96,75,29,10294,39,48,62,74,83
20151206 06:24,301,14,300,18,298,17,35,96,75,29,10294,39,48,62,73,83
20151206 06:25,301,14,301,18,304,25,35,96,75,29,10294,40,48,62,73,83
20151206 06:26,304,18,302,18,305,29,35,96,75,29,10294,39,48,62,73,83
20151206 06:27,298,19,301,17,291,23,35,96,75,29,10294,40,48,62,73,83
20151206 06:28,289,19,300,17,286,26,35,96,75,29,10295,40,48,62,73,83
20151206 06:29,289,18,299,17,292,20,35,96,75,29,10295,40,48,62,73,83
20151206 06:30,296,15,298,17,299,18,35,96,75,29,10295,40,48,62,73,83
20151206 06:31,297,17,297,17,296,25,35,96,75,29,10296,40,48,62,73,83
20151206 06:32,290,17,296,17,284,21,35,96,75,29,10297,40,48,62,73,83
20151206 06:33,289,16,295,17,293,22,35,96,75,29,10297,40,48,62,73,83
20151206 06:34,298,18,295,17,303,29,35,96,75,29,10297,40,48,62,73,83
20151206 06:35,300,15,295,17,297,16,35,96,75,29,10296,40,48,62,73,83
20151206 06:36,302,15,295,17,306,26,35,96,75,29,10295,40,48,62,73,83
20151206 06:37,303,18,296,17,299,25,35,96,75,29,10295,40,48,62,73,83
20151206 06:38,301,17,297,16,302,22,35,96,75,29,10295,40,48,62,73,83
20151206 06:39,307,18,299,17,312,31,35,96,75,29,10296,40,48,62,73,83
20151206 06:40,315,20,301,17,317,24,35,96,75,29,10296,40,48,62,73,83
20151206 06:41,312,17,302,17,307,23,36,96,76,30,10296,40,48,62,73,83
20151206 06:42,308,17,304,18,308,28,36,96,76,30,10297,40,48,62,73,83
20151206 06:43,306,19,305,18,304,32,36,96,76,30,10297,40,48,62,73,83
20151206 06:44,305,19,306,18,307,33,36,96,76,30,10297,40,48,62,73,83
20151206 06:45,317,17,309,18,326,21,36,96,76,30,10297,40,48,62,73,83
20151206 06:46,319,11,309,17,311,14,36,96,76,30,10297,40,48,62,73,83
20151206 06:47,317,10,312,16,323,16,36,96,76,30,10297,40,48,62,73,83
20151206 06:48,317,17,313,17,311,29,36,96,76,30,10297,40,49,62,73,83
20151206 06:49,304,21,311,17,298,22,36,96,76,30,10297,40,48,62,73,83
20151206 06:50,299,20,309,17,300,29,36,96,76,30,10298,40,49,62,73,83
20151206 06:51,305,20,310,18,310,29,36,96,76,30,10298,40,49,62,73,83
20151206 06:52,309,22,310,18,308,31,36,96,76,30,10298,40,49,62,73,83
20151206 06:53,306,23,310,19,304,28,36,95,75,29,10298,40,49,62,73,83
20151206 06:54,304,24,309,19,304,34,36,95,75,29,10298,40,49,62,73,83
20151206 06:55,306,26,308,20,308,32,36,95,75,29,10298,40,49,62,73,83
20151206 06:56,302,21,306,21,297,22,37,95,76,30,10299,40,49,62,73,83
20151206 06:57,297,20,304,22,298,34,37,95,76,30,10299,41,49,62,73,83
20151206 06:58,306,22,304,22,314,31,37,95,76,30,10299,41,49,62,73,83
20151206 06:59,309,24,305,23,303,38,37,95,76,30,10299,41,49,62,73,83
20151206 07:00,302,25,305,23,300,32,37,95,76,30,10299,41,49,62,73,83
20151206 07:01,302,21,304,23,304,26,37,95,76,30,10299,41,49,62,73,83
20151206 07:02,308,18,304,22,312,21,37,95,76,30,10299,41,49,62,73,83
20151206 07:03,304,16,304,21,296,21,37,95,76,30,10300,41,49,62,73,83
20151206 07:04,305,18,305,21,315,26,37,95,76,30,10300,41,49,62,73,83
20151206 07:05,320,18,306,20,325,21,37,95,76,30,10300,41,49,62,73,83
20151206 07:06,315,20,307,20,304,30,37,95,76,30,10300,42,49,62,73,83
20151206 07:07,309,23,309,20,313,29,37,95,76,30,10299,42,49,62,73,83
20151206 07:08,315,22,309,20,317,29,37,95,76,30,10299,42,49,62,73,83
20151206 07:09,312,19,309,19,308,20,37,95,76,30,10299,42,49,62,73,83
20151206 07:10,304,18,309,19,301,26,37,95,76,30,10299,42,49,62,73,83
20151206 07:11,299,19,309,19,297,27,38,95,76,31,10299,42,49,62,73,83
20151206 07:12,301,22,308,20,305,30,38,95,76,31,10300,42,49,62,73,83
20151206 07:13,306,23,309,20,308,27,38,95,76,31,10300,42,49,62,73,83
20151206 07:14,306,18,308,20,305,24,38,95,76,31,10300,42,49,62,73,83
20151206 07:15,305,17,306,20,306,22,38,95,76,31,10301,42,49,62,73,83
20151206 07:16,303,20,306,20,300,34,38,95,76,31,10302,42,49,62,73,83
20151206 07:17,303,23,305,20,306,30,38,95,76,31,10302,42,49,62,73,83
20151206 07:18,305,24,304,21,303,33,38,95,76,31,10303,43,49,62,73,83
20151206 07:19,309,24,305,21,315,29,38,95,76,31,10303,42,49,62,73,83
20151206 07:20,309,23,305,22,302,31,38,95,76,31,10303,43,49,62,73,83
20151206 07:21,301,21,305,22,300,32,38,95,76,31,10303,43,49,62,73,83
20151206 07:22,303,24,305,22,306,37,38,95,76,31,10303,43,49,62,73,83
20151206 07:23,299,24,304,22,293,21,38,95,76,31,10303,43,49,62,73,83
20151206 07:24,299,24,304,23,306,39,38,95,76,31,10303,43,49,62,73,83
20151206 07:25,309,27,304,24,311,33,39,95,77,32,10302,43,49,62,73,83
20151206 07:26,312,24,305,24,312,29,39,95,77,32,10302,43,49,62,73,83
20151206 07:27,307,24,305,24,302,37,39,95,77,32,10302,43,49,62,73,83
20151206 07:28,302,23,305,23,302,30,39,95,77,32,10303,43,49,62,73,83
20151206 07:29,303,25,304,24,303,40,39,95,77,32,10303,43,49,62,73,83
20151206 07:30,302,28,304,25,302,39,39,94,76,30,10302,43,49,62,73,83
20151206 07:31,309,25,305,25,316,38,39,94,76,30,10302,43,49,62,73,83
20151206 07:32,312,24,306,25,308,29,39,94,76,30,10302,44,50,62,73,83
20151206 07:33,303,22,306,25,298,24,39,94,76,30,10302,44,50,62,73,83
20151206 07:34,299,17,305,23,300,20,39,94,76,30,10303,44,50,62,73,83
20151206 07:35,293,16,303,22,286,27,39,94,76,30,10304,44,50,62,73,83
20151206 07:36,290,19,301,22,293,32,39,94,76,30,10305,44,50,62,73,83
20151206 07:37,294,26,300,23,295,41,39,94,76,30,10305,44,50,62,73,83
20151206 07:38,292,27,299,23,289,36,40,94,76,31,10305,44,50,62,73,83
20151206 07:39,296,25,299,23,303,41,40,94,76,31,10304,44,50,62,73,83
20151206 07:40,302,30,299,23,301,43,40,94,76,31,10304,44,50,62,73,83
20151206 07:41,296,27,296,23,292,34,40,94,76,31,10304,45,50,62,73,83
20151206 07:42,296,22,296,23,301,29,40,94,76,31,10305,45,50,62,73,83
20151206 07:43,297,23,295,23,294,28,40,94,76,31,10305,45,50,62,73,83
20151206 07:44,297,19,296,23,301,20,40,94,76,31,10305,45,50,62,73,83
20151206 07:45,297,15,296,23,293,21,40,94,76,31,10305,45,50,62,73,83
20151206 07:46,298,16,297,23,302,26,40,94,76,31,10305,45,50,62,73,83
20151206 07:47,298,18,297,21,294,26,40,94,76,31,10305,45,50,62,73,83
20151206 07:48,302,19,299,21,310,25,40,94,76,31,10305,46,50,62,73,82
20151206 07:49,303,21,298,21,296,28,40,94,76,31,10305,46,50,62,73,83
20151206 07:50,303,20,299,19,310,24,40,94,76,31,10305,46,50,62,73,82
20151206 07:51,303,18,300,19,295,25,40,94,76,31,10305,46,50,62,73,82
20151206 07:52,303,23,300,19,310,36,40,94,76,31,10305,46,50,62,73,82
20151206 07:53,306,24,301,19,301,29,41,94,77,32,10305,46,50,62,73,82
20151206 07:54,301,19,301,19,302,21,41,94,77,32,10305,47,50,62,73,82
20151206 07:55,301,17,302,20,300,22,41,94,77,32,10304,47,50,62,73,82
20151206 07:56,299,19,302,20,298,25,41,94,77,32,10304,47,50,62,73,82
20151206 07:57,297,18,302,20,296,18,41,94,77,32,10304,48,51,62,73,82
20151206 07:58,292,16,300,19,288,27,41,94,77,32,10304,48,51,62,73,82
20151206 07:59,289,19,299,19,289,28,41,94,77,32,10304,48,51,62,73,82
20151206 08:00,295,19,298,19,301,24,41,94,77,32,10305,48,51,62,73,82
20151206 08:01,297,18,298,19,294,29,41,94,77,32,10305,48,51,62,73,82
20151206 08:02,296,20,297,18,297,27,41,94,77,32,10305,48,51,62,73,82
20151206 08:03,291,19,295,18,285,23,41,94,77,32,10305,49,51,62,73,82
20151206 08:04,284,19,293,18,283,23,42,94,77,33,10305,49,51,62,73,82
20151206 08:05,285,18,292,18,286,22,42,94,77,33,10305,49,51,62,73,82
20151206 08:06,282,17,290,18,278,20,42,95,78,35,10305,49,51,62,73,82
20151206 08:07,279,19,288,19,280,27,42,95,78,35,10305,49,51,62,73,82
20151206 08:08,282,20,288,19,284,25,42,95,78,35,10305,50,51,62,73,82
20151206 08:09,284,20,287,19,284,29,42,95,78,35,10305,50,51,62,73,82
20151206 08:10,295,20,288,19,305,33,42,95,78,35,10304,50,51,62,73,82
20151206 08:11,304,23,288,20,302,31,42,95,78,35,10304,50,51,62,73,82
20151206 08:12,304,26,289,21,306,35,42,95,78,35,10304,50,52,62,73,82
20151206 08:13,299,26,290,21,292,36,42,95,78,35,10304,50,52,62,73,82
20151206 08:14,296,26,292,22,300,40,42,95,78,35,10305,50,52,62,73,82
20151206 08:15,300,31,293,24,300,41,42,95,78,35,10305,50,52,62,73,82
20151206 08:16,301,33,296,25,302,42,42,95,78,35,10305,50,52,62,73,82
20151206 08:17,300,25,297,25,299,26,42,95,78,35,10305,50,52,62,73,82
20151206 08:18,299,21,299,25,299,33,42,94,77,33,10305,50,52,62,73,82
20151206 08:19,302,19,301,25,304,24,42,94,77,33,10306,51,52,62,73,82
20151206 08:20,296,23,299,26,289,39,42,95,78,35,10307,51,52,62,73,82
20151206 08:21,299,26,300,26,310,33,42,95,78,35,10307,51,52,62,73,82
20151206 08:22,304,22,299,25,298,31,42,95,78,35,10307,51,52,62,73,82
20151206 08:23,299,27,300,26,299,42,42,95,78,35,10306,51,52,62,73,82
20151206 08:24,301,28,300,25,302,28,42,95,78,35,10307,52,52,62,73,82
20151206 08:25,298,23,300,24,293,40,42,95,78,35,10307,52,53,62,73,82
20151206 08:26,300,25,300,24,307,35,42,95,78,35,10307,52,53,62,73,82
20151206 08:27,302,27,300,24,297,36,43,95,79,36,10307,52,53,62,73,82
20151206 08:28,301,25,300,24,305,29,43,95,79,36,10307,53,53,63,73,82
20151206 08:29,305,20,301,25,306,28,43,95,79,36,10307,53,53,62,73,82
20151206 08:30,304,19,302,24,302,34,43,95,79,36,10307,54,53,63,73,82
20151206 08:31,304,22,302,24,306,32,43,95,79,36,10307,54,53,62,73,82
20151206 08:32,304,27,302,25,303,39,43,95,79,36,10307,54,53,63,73,82
20151206 08:33,301,27,302,24,298,30,43,95,79,36,10307,55,53,63,73,82
20151206 08:34,303,27,302,25,307,40,44,95,79,37,10307,55,53,63,73,82
20151206 08:35,307,28,304,25,306,35,44,95,79,37,10308,55,53,63,73,82
20151206 08:36,303,25,303,25,300,37,44,95,79,37,10307,56,53,63,73,82
20151206 08:37,302,27,304,25,303,39,44,95,79,37,10307,56,54,63,73,82
20151206 08:38,306,28,304,25,310,36,44,94,79,35,10307,56,54,63,73,82
20151206 08:39,303,24,303,26,296,28,44,94,79,35,10307,57,54,63,73,82
20151206 08:40,300,20,303,26,304,30,44,94,79,35,10306,57,54,63,73,82
20151206 08:41,304,21,303,25,304,27,44,94,79,35,10306,58,54,63,73,82
20151206 08:42,300,18,302,24,295,22,45,94,79,36,10307,58,54,63,73,82
20151206 08:43,301,16,303,23,307,24,45,94,79,36,10307,58,54,63,73,82
20151206 08:44,306,18,303,22,306,28,45,94,79,36,10308,58,54,63,73,82
20151206 08:45,297,19,301,21,288,28,45,94,79,36,10308,59,54,63,73,82
20151206 08:46,290,20,301,21,293,29,45,94,79,36,10308,59,55,63,73,82
20151206 08:47,298,22,301,20,303,32,45,94,79,36,10307,59,55,63,73,82
20151206 08:48,306,21,301,20,309,32,46,94,80,37,10307,60,55,63,73,82
20151206 08:49,307,24,301,21,305,36,46,94,80,37,10306,61,55,63,73,82
20151206 08:50,304,29,301,22,303,38,46,94,80,37,10306,62,55,63,73,82
20151206 08:51,307,26,302,22,311,29,46,94,80,37,10306,62,55,63,73,82
20151206 08:52,307,19,303,22,302,19,46,94,80,37,10306,63,55,63,73,82
20151206 08:53,309,20,304,22,315,31,47,94,80,38,10307,64,55,63,73,82
20151206 08:54,308,26,303,23,300,43,47,94,80,38,10307,64,56,63,73,82
20151206 08:55,301,27,304,24,302,36,47,94,80,38,10307,65,56,63,73,82
20151206 08:56,306,24,306,24,311,32,47,94,80,38,10308,65,56,63,73,82
20151206 08:57,309,22,306,24,307,32,48,94,81,39,10308,66,56,63,73,82
20151206 08:58,300,24,305,25,293,32,48,94,81,39,10308,66,56,63,73,82
20151206 08:59,304,24,306,24,314,29,48,94,81,39,10307,67,56,63,73,82
20151206 09:00,316,23,307,23,319,28,48,94,81,39,10307,67,57,63,73,82
20151206 09:01,313,20,307,23,308,19,48,93,80,38,10307,67,57,63,73,82
20151206 09:02,304,16,307,23,300,20,48,93,80,38,10307,68,57,63,73,82
20151206 09:03,303,18,306,22,306,28,49,93,81,39,10307,68,57,63,73,82
20151206 09:04,307,17,307,21,308,19,49,93,81,39,10308,69,57,63,73,82
20151206 09:05,306,15,307,20,304,27,49,93,81,39,10308,70,58,63,73,82
20151206 09:06,305,22,307,20,306,43,49,93,81,39,10308,70,58,63,73,82
20151206 09:07,311,28,307,21,316,42,49,93,81,39,10308,71,58,63,73,82
20151206 09:08,314,28,309,21,312,34,50,93,81,40,10308,71,58,64,73,82
20151206 09:09,312,27,309,22,312,38,50,93,81,40,10308,71,58,64,73,82
20151206 09:10,306,24,307,21,299,31,50,92,80,38,10308,72,59,64,73,82
20151206 09:11,308,21,308,22,317,32,50,92,80,38,10307,73,59,64,73,82
20151206 09:12,312,20,309,22,307,31,50,92,80,38,10307,73,59,64,73,82
20151206 09:13,313,20,310,22,319,26,51,92,81,39,10307,74,59,64,73,82
20151206 09:14,314,19,310,22,309,24,51,92,81,39,10307,75,59,64,73,82
20151206 09:15,310,23,311,24,311,38,51,92,81,39,10307,76,60,64,73,82
20151206 09:16,312,28,312,24,313,37,51,92,81,39,10307,76,60,64,73,82
20151206 09:17,316,28,312,24,318,41,51,91,80,38,10307,77,60,64,73,82
20151206 09:18,324,27,313,24,329,37,52,91,80,39,10307,79,60,64,73,82
20151206 09:19,324,26,314,23,320,34,52,91,80,39,10306,79,61,64,73,82
20151206 09:20,319,24,316,24,319,30,53,91,81,40,10306,80,61,64,73,82
20151206 09:21,316,20,316,23,313,25,53,91,81,40,10306,81,61,64,73,82
20151206 09:22,314,26,317,25,315,44,54,91,82,41,10306,83,61,64,73,82
20151206 09:23,317,31,317,26,320,34,54,90,81,39,10306,84,62,64,73,82
20151206 09:24,322,22,318,26,323,27,54,90,81,39,10306,85,62,64,73,82
20151206 09:25,322,18,319,25,321,23,55,90,81,40,10306,85,62,64,73,82
20151206 09:26,313,14,318,23,306,21,55,90,81,40,10306,87,62,64,73,82
20151206 09:27,318,16,320,22,331,28,55,90,81,40,10307,87,63,64,73,82
20151206 09:28,317,20,317,21,304,29,56,90,82,41,10307,87,63,64,73,82
20151206 09:29,310,26,317,22,316,41,56,89,81,39,10307,87,63,65,74,82
20151206 09:30,324,30,318,23,332,35,56,88,80,38,10307,86,64,65,74,82
20151206 09:31,331,26,320,24,330,34,56,88,80,38,10306,85,64,65,74,82
20151206 09:32,324,23,320,22,319,23,56,88,80,38,10306,85,64,65,74,82
20151206 09:33,314,18,319,21,308,24,56,88,80,38,10306,84,65,65,74,82
20151206 09:34,312,21,318,21,315,30,56,87,79,36,10307,84,65,65,74,82
20151206 09:35,320,23,319,22,325,29,56,87,79,36,10307,85,65,65,74,82
20151206 09:36,317,22,319,23,308,26,56,87,79,36,10307,85,66,65,74,82
20151206 09:37,311,21,317,23,315,33,56,87,79,36,10307,86,66,65,74,82
20151206 09:38,323,21,320,23,331,26,56,86,78,34,10307,86,66,65,74,82
20151206 09:39,331,23,321,23,331,37,57,86,79,35,10307,86,67,65,74,82
20151206 09:40,323,26,320,23,316,43,57,86,79,35,10307,87,67,65,74,82
20151206 09:41,313,25,318,22,311,32,57,86,79,35,10307,88,67,65,74,82
20151206 09:42,300,22,315,23,288,33,58,86,79,36,10307,88,67,65,74,82
20151206 09:43,292,23,314,23,295,36,58,86,79,36,10307,89,68,65,74,82
20151206 09:44,298,27,312,24,301,35,58,86,79,36,10307,89,68,66,74,82
20151206 09:45,305,24,310,23,308,29,58,86,79,36,10306,90,68,66,74,82
20151206 09:46,305,18,310,23,302,19,58,86,79,36,10306,90,68,66,74,82
20151206 09:47,299,17,308,23,295,33,59,86,80,37,10307,92,69,66,74,82
20151206 09:48,292,23,304,23,290,43,59,86,80,37,10307,93,69,66,74,82
20151206 09:49,295,29,300,24,299,44,59,85,79,36,10307,94,69,66,74,82
20151206 09:50,301,34,299,25,303,48,60,85,79,37,10307,95,69,66,74,82
20151206 09:51,306,37,299,26,309,49,60,85,79,37,10307,95,70,66,74,82
20151206 09:52,302,34,300,27,295,48,60,84,79,35,10307,95,70,66,74,82
20151206 09:53,296,31,300,28,298,40,60,84,79,35,10307,94,70,66,74,82
20151206 09:54,302,28,301,27,307,38,60,83,78,33,10307,95,70,66,74,82
20151206 09:55,311,28,301,28,316,41,60,83,78,33,10307,94,71,66,74,82
20151206 09:56,309,25,301,29,301,26,60,82,77,32,10307,96,71,67,74,82
20151206 09:57,309,23,303,30,317,34,61,83,78,34,10307,98,71,67,74,82
20151206 09:58,313,27,305,30,308,33,61,83,78,34,10307,99,71,67,74,82
20151206 09:59,312,25,307,29,317,33,61,83,78,34,10307,100,72,67,74,82
20151206 10:00,322,25,310,28,328,35,62,83,79,35,10308,102,72,67,74,82
20151206 10:01,315,28,309,27,303,44,62,83,79,35,10308,102,72,67,74,82
20151206 10:02,303,29,310,27,303,47,63,83,79,36,10308,101,73,67,74,82
20151206 10:03,303,37,310,28,303,55,63,83,79,36,10308,99,73,67,74,82
20151206 10:04,303,43,310,30,303,46,62,81,77,32,10309,97,73,67,74,82
20151206 10:05,306,34,309,30,309,37,62,81,77,32,10309,97,73,67,74,82
20151206 10:06,305,28,309,31,300,43,62,81,77,32,10308,97,74,68,74,82
20151206 10:07,301,29,308,31,302,40,62,80,76,30,10308,96,74,68,74,82
20151206 10:08,312,27,309,31,322,37,62,80,76,30,10307,96,74,68,74,82
20151206 10:09,326,29,310,32,329,43,63,81,77,33,10307,96,75,68,74,82
20151206 10:10,324,35,309,33,320,47,63,81,77,33,10307,96,75,68,74,82
20151206 10:11,328,36,313,33,337,49,63,81,77,33,10307,95,75,68,74,82
20151206 10:12,334,32,315,33,330,46,63,81,77,33,10307,95,75,68,74,82
20151206 10:13,324,28,317,31,319,45,63,81,77,33,10307,94,76,68,74,82
20151206 10:14,314,27,318,30,310,46,63,81,77,33,10306,95,76,68,74,82
20151206 10:15,313,26,319,30,317,33,63,81,77,33,10306,95,76,68,74,82
20151206 10:16,316,24,320,29,315,33,64,81,78,34,10306,96,76,69,74,82
20151206 10:17,320,23,322,28,326,27,64,81,78,34,10307,96,76,69,75,82
20151206 10:18,322,26,322,29,318,43,65,82,79,37,10307,97,77,69,75,82
20151206 10:19,314,29,320,28,310,46,65,81,78,35,10307,96,77,69,75,82
20151206 10:20,307,30,319,28,304,42,65,81,78,35,10307,96,77,69,75,82
20151206 10:21,304,30,315,27,305,37,65,80,77,33,10307,97,77,69,75,82
20151206 10:22,313,24,315,26,321,37,65,80,77,33,10307,96,77,69,75,82
20151206 10:23,315,17,314,25,310,19,65,81,78,35,10307,97,78,69,75,82
20151206 10:24,311,17,314,24,313,26,65,81,78,35,10307,99,78,69,75,82
20151206 10:25,311,19,313,23,308,20,66,82,80,38,10307,101,78,70,75,82
20151206 10:26,310,21,313,24,311,36,67,82,80,38,10306,103,78,70,75,82
20151206 10:27,309,25,311,24,308,34,67,81,79,37,10306,103,78,70,75,82
20151206 10:28,320,25,312,23,333,34,67,81,79,37,10305,105,78,70,75,82
20151206 10:29,336,25,315,23,339,34,67,79,77,33,10304,105,78,70,75,82
20151206 10:30,335,26,318,23,332,35,67,79,77,33,10304,107,79,70,75,82
20151206 10:31,329,27,320,23,326,36,67,79,77,33,10304,108,79,70,75,82
20151206 10:32,332,29,322,24,338,39,67,79,77,33,10304,108,79,70,75,82
20151206 10:33,334,28,324,25,331,38,68,79,78,34,10304,108,79,70,75,82
20151206 10:34,323,25,324,25,315,33,68,79,78,34,10304,109,79,71,75,82
20151206 10:35,319,25,326,26,323,36,68,79,78,34,10305,110,80,71,75,82
20151206 10:36,314,27,325,26,304,41,69,79,79,35,10304,111,80,71,75,82
20151206 10:37,301,31,324,28,299,46,69,79,79,35,10304,111,80,71,75,82
20151206 10:38,299,35,321,28,300,38,69,79,79,35,10304,112,81,71,75,82
20151206 10:39,297,33,316,29,294,45,69,78,78,33,10303,112,81,71,75,82
20151206 10:40,298,30,313,29,301,38,69,79,79,35,10303,113,81,71,75,82
20151206 10:41,312,25,313,29,322,34,70,80,80,38,10303,115,81,71,75,82
20151206 10:42,328,23,312,28,333,26,71,80,81,39,10303,116,82,71,75,82
20151206 10:43,316,25,309,28,300,41,71,80,81,39,10303,116,82,72,76,83
20151206 10:44,300,29,308,29,300,43,71,78,79,35,10303,117,82,72,76,83
20151206 10:45,302,30,306,29,304,34,71,77,78,33,10303,117,83,72,76,83
20151206 10:46,305,28,306,29,306,34,71,78,79,35,10302,117,83,72,76,83
20151206 10:47,302,29,306,29,298,43,72,78,79,36,10302,117,83,72,76,83
20151206 10:48,313,26,308,27,327,30,72,78,79,36,10302,118,84,72,76,83
20151206 10:49,318,26,310,27,309,49,73,79,81,39,10302,118,84,72,76,83
20151206 10:50,311,33,311,28,312,51,73,78,80,37,10303,118,84,72,76,83
20151206 10:51,322,38,312,30,331,58,73,78,80,37,10303,118,84,72,76,83
20151206 10:52,332,38,312,31,332,43,73,77,79,35,10303,118,85,72,76,83
20151206 10:53,340,32,316,31,347,39,73,76,78,34,10303,117,85,73,76,83
20151206 10:54,327,29,317,31,305,39,74,77,79,36,10303,118,86,73,76,83
20151206 10:55,306,33,317,32,308,53,74,77,79,36,10303,118,86,73,76,83
20151206 10:56,307,35,317,32,306,41,74,77,79,36,10303,118,86,73,76,83
20151206 10:57,308,30,319,32,310,32,74,77,79,36,10303,117,86,73,76,83
20151206 10:58,321,22,319,31,331,35,74,77,79,36,10303,118,87,73,76,83
20151206 10:59,339,27,323,32,346,46,74,77,79,36,10303,119,87,73,76,83
20151206 11:00,338,32,324,31,329,35,74,76,78,35,10302,120,87,73,76,83
20151206 11:01,317,35,322,31,305,57,74,76,78,35,10302,120,88,74,76,83
20151206 11:02,307,34,319,31,309,37,74,76,78,35,10302,119,88,74,76,83
20151206 11:03,306,34,315,32,304,61,74,76,78,35,10302,118,88,74,77,83
20151206 11:04,310,37,316,32,317,53,74,76,78,35,10302,117,88,74,77,83
20151206 11:05,320,33,318,32,323,46,74,76,78,35,10302,116,89,74,77,83
20151206 11:06,322,29,319,31,321,38,74,75,77,33,10302,115,89,74,77,83
20151206 11:07,316,27,320,31,311,38,75,76,79,35,10302,115,89,74,77,83
20151206 11:08,312,31,318,33,314,43,75,76,79,35,10302,116,89,74,77,83
20151206 11:09,319,33,316,33,325,44,75,76,79,35,10303,116,90,75,77,83
20151206 11:10,326,33,316,33,327,48,75,76,79,35,10303,116,90,75,77,83
20151206 11:11,325,35,317,33,322,49,75,76,79,35,10303,115,90,75,77,83
20151206 11:12,330,39,320,34,339,55,75,75,78,34,10302,115,90,75,77,83
20151206 11:13,334,37,323,33,330,42,74,74,76,31,10302,115,90,75,77,83
20151206 11:14,329,35,324,33,328,48,74,75,77,33,10302,115,91,75,77,83
20151206 11:15,327,38,324,34,325,46,74,75,77,33,10301,114,91,75,77,83
20151206 11:16,330,34,326,35,335,42,74,75,77,33,10301,115,91,75,77,83
20151206 11:17,331,28,327,34,327,34,74,75,77,33,10301,115,91,76,77,83
20151206 11:18,326,32,328,35,324,52,75,76,79,35,10301,117,91,76,77,83
20151206 11:19,330,41,329,36,335,49,75,75,78,34,10300,116,91,76,77,83
20151206 11:20,332,41,329,36,329,47,75,74,77,32,10300,117,92,76,77,83
20151206 11:21,328,39,330,37,326,50,74,74,76,31,10300,116,92,76,77,83
20151206 11:22,328,38,329,36,330,51,75,74,77,32,10300,116,92,76,77,83
20151206 11:23,332,37,329,37,333,48,74,74,76,31,10300,115,92,76,78,83
20151206 11:24,330,37,329,37,326,47,74,74,76,31,10300,115,92,76,78,83
20151206 11:25,329,35,330,36,332,47,75,74,77,32,10300,115,92,77,78,83
20151206 11:26,331,28,329,35,329,38,75,75,78,34,10300,113,92,77,78,83
20151206 11:27,326,30,329,37,323,49,75,75,78,34,10300,113,93,77,78,83
20151206 11:28,322,37,329,36,322,48,75,75,78,34,10299,112,93,77,78,83
20151206 11:29,322,34,327,35,322,41,75,74,77,32,10299,111,93,77,78,83
20151206 11:30,329,30,328,34,337,37,75,75,78,34,10299,111,93,77,78,83
20151206 11:31,339,26,329,33,341,34,75,75,78,34,10299,111,93,77,78,83
20151206 11:32,343,20,331,30,345,21,75,75,78,34,10299,111,93,77,78,83
20151206 11:33,336,17,330,29,328,24,76,76,79,36,10299,111,93,78,78,83
20151206 11:34,333,19,332,27,339,28,76,76,79,36,10298,110,93,78,78,83
20151206 11:35,335,22,332,26,330,32,76,76,79,36,10298,111,93,78,78,83
20151206 11:36,323,20,330,25,316,26,76,75,78,35,10298,111,93,78,78,83
20151206 11:37,321,19,330,24,325,34,76,76,79,36,10298,111,93,78,78,83
20151206 11:38,327,25,331,23,328,37,76,76,79,36,10297,110,93,78,78,83
20151206 11:39,322,31,331,23,316,53,76,76,79,36,10297,109,94,78,79,84
20151206 11:40,321,34,329,24,326,50,76,75,78,35,10297,108,94,78,79,84
20151206 11:41,328,35,328,25,329,51,76,74,77,33,10297,106,94,79,79,84
20151206 11:42,337,32,328,26,344,55,76,75,78,35,10297,106,94,79,79,84
20151206 11:43,341,35,329,28,339,55,76,75,78,35,10297,105,94,79,79,84
20151206 11:44,340,36,329,29,340,47,75,75,78,34,10297,105,94,79,79,84
20151206 11:45,334,36,329,31,329,51,75,75,78,34,10296,104,94,79,79,84
20151206 11:46,327,39,330,33,325,45,75,74,77,32,10296,104,94,79,79,84
20151206 11:47,326,39,330,35,327,53,75,74,77,32,10296,103,94,79,79,84
20151206 11:48,329,41,331,36,331,51,75,75,78,34,10296,103,94,79,79,84
20151206 11:49,326,40,331,37,322,54,75,75,78,34,10296,102,94,80,79,84
20151206 11:50,327,35,332,36,333,40,75,75,78,34,10296,102,94,80,79,84
20151206 11:51,333,33,332,36,333,46,75,75,78,34,10296,102,94,80,79,84
20151206 11:52,335,36,332,37,337,46,75,75,78,34,10296,101,94,80,79,84
20151206 11:53,334,37,331,37,332,48,74,75,77,33,10295,101,93,80,79,84
20151206 11:54,333,40,330,38,334,56,74,75,77,33,10295,102,93,80,79,84
20151206 11:55,338,35,332,37,342,48,74,75,77,33,10295,102,93,80,80,84
20151206 11:56,335,35,332,38,328,53,74,75,77,33,10295,101,93,80,80,84
20151206 11:57,332,39,333,37,336,46,74,75,77,33,10295,101,93,80,80,84
20151206 11:58,337,35,334,36,338,43,74,75,77,33,10295,101,93,81,80,84
20151206 11:59,334,34,334,36,331,44,74,75,77,33,10295,101,93,81,80,84
20151206 12:00,324,31,333,36,317,43,74,75,77,33,10295,101,93,81,80,84
20151206 12:01,314,31,331,35,311,47,74,75,77,33,10295,102,93,81,80,84
20151206 12:02,302,37,326,36,292,49,74,76,78,35,10295,103,93,81,80,84
20151206 12:03,295,37,323,35,299,45,74,76,78,35,10295,102,93,81,80,84
20151206 12:04,296,27,319,33,294,29,74,76,78,35,10295,102,93,81,80,84
20151206 12:05,297,23,315,33,300,35,74,77,79,36,10294,103,93,81,80,84
20151206 12:06,302,27,312,31,305,38,74,77,79,36,10294,103,93,81,80,84
20151206 12:07,308,28,310,31,311,34,74,77,79,36,10295,102,92,81,80,84
20151206 12:08,315,33,308,31,318,44,74,78,80,38,10295,102,92,81,80,84
20151206 12:09,308,39,304,32,297,64,74,77,79,36,10295,102,92,81,80,84
20151206 12:10,296,37,302,32,296,44,74,77,79,36,10294,102,92,82,80,84
20151206 12:11,287,35,299,32,279,49,74,77,79,36,10294,102,92,82,81,84
20151206 12:12,291,38,300,32,303,56,73,77,79,35,10294,100,92,82,81,84
20151206 12:13,300,33,300,32,297,35,73,77,79,35,10294,98,92,82,81,84
20151206 12:14,298,30,301,33,299,43,73,77,79,35,10294,97,92,82,81,84
20151206 12:15,293,33,299,34,287,54,73,78,80,37,10294,97,92,82,81,84
20151206 12:16,291,36,298,35,294,59,73,78,80,37,10294,98,92,82,81,84
20151206 12:17,296,40,297,36,299,53,73,77,79,35,10294,98,92,82,81,85
20151206 12:18,303,42,296,37,307,59,73,78,80,37,10293,98,92,82,81,85
20151206 12:19,305,47,297,38,304,66,73,77,79,35,10293,98,92,82,81,85
20151206 12:20,306,43,298,38,309,50,73,77,79,35,10292,97,92,82,81,85
20151206 12:21,305,32,300,37,302,39,72,77,78,34,10292,97,92,82,81,85
20151206 12:22,302,27,300,36,302,36,73,77,79,35,10292,98,92,82,81,85
20151206 12:23,298,25,300,36,294,31,73,77,79,35,10292,98,92,82,81,85
20151206 12:24,294,21,299,34,294,32,73,78,80,37,10291,98,92,82,81,85
20151206 12:25,290,25,299,34,287,45,73,77,79,35,10291,97,92,83,81,85
20151206 12:26,292,33,300,33,298,43,73,77,79,35,10292,98,92,83,81,85
20151206 12:27,299,32,300,32,300,36,73,78,80,37,10292,98,91,83,82,85
20151206 12:28,299,34,299,32,297,59,73,78,80,37,10292,98,91,83,82,85
20151206 12:29,296,37,298,30,295,50,73,78,80,37,10292,97,91,83,82,85
20151206 12:30,300,38,297,30,304,55,73,77,79,35,10292,97,91,83,82,85
20151206 12:31,302,39,297,32,300,58,72,77,78,34,10291,97,91,83,82,85
20151206 12:32,295,38,296,33,289,46,72,77,78,34,10291,96,91,83,82,85
20151206 12:33,288,38,295,34,287,50,72,77,78,34,10291,96,91,83,82,85
20151206 12:34,292,40,295,37,296,49,72,77,78,34,10291,96,91,83,82,85
20151206 12:35,307,34,298,36,317,36,72,76,77,33,10291,96,91,83,82,85
20151206 12:36,317,35,300,37,317,58,72,77,78,34,10291,97,91,83,82,85
20151206 12:37,313,37,301,37,309,42,72,77,78,34,10290,97,91,83,82,85
20151206 12:38,306,33,302,37,303,50,72,77,78,34,10290,97,91,83,82,85
20151206 12:39,306,34,303,37,308,43,72,77,78,34,10290,98,91,83,82,85
20151206 12:40,300,31,302,35,291,37,72,77,78,34,10290,99,91,83,82,85
20151206 12:41,287,34,300,36,283,55,73,77,79,35,10290,99,91,83,82,85
20151206 12:42,285,35,300,35,287,36,72,76,77,33,10290,98,91,83,82,85
20151206 12:43,285,29,299,34,284,42,72,76,77,33,10290,98,91,83,82,85
20151206 12:44,291,33,300,34,298,50,72,76,77,33,10290,98,91,84,83,85
20151206 12:45,301,33,298,34,303,39,73,76,78,34,10289,98,91,84,83,85
20151206 12:46,303,32,297,33,303,47,73,76,78,34,10289,98,91,84,83,85
20151206 12:47,298,31,295,33,293,42,73,75,77,32,10289,98,90,84,83,85
20151206 12:48,293,30,294,33,292,46,73,76,78,34,10289,99,91,84,83,86
20151206 12:49,298,29,294,31,305,35,73,76,78,34,10289,99,90,84,83,86
20151206 12:50,308,21,296,30,311,35,73,76,78,34,10289,100,90,84,83,86
20151206 12:51,311,20,299,29,311,30,73,77,79,35,10289,100,90,84,83,86
20151206 12:52,318,24,302,28,324,34,74,77,79,36,10288,100,90,84,83,86
20151206 12:53,324,26,306,28,324,36,74,76,78,35,10288,100,90,84,83,86
20151206 12:54,324,30,309,28,325,48,74,76,78,35,10288,101,90,84,83,86
20151206 12:55,326,36,311,28,326,55,74,75,77,33,10287,100,90,84,83,86
20151206 12:56,324,31,313,27,322,38,74,75,77,33,10287,100,90,84,83,86
20151206 12:57,313,24,314,27,303,40,74,75,77,33,10287,100,90,84,83,86
20151206 12:58,306,32,316,28,309,44,74,75,77,33,10287,100,91,84,83,86
20151206 12:59,313,35,317,28,317,38,74,74,76,31,10286,100,90,84,83,86
20151206 13:00,312,34,317,30,306,47,74,74,76,31,10286,100,91,84,83,86
20151206 13:01,304,35,316,31,301,46,74,73,75,29,10286,100,91,84,83,86
20151206 13:02,306,37,314,33,311,50,74,74,76,31,10286,100,91,84,83,86
20151206 13:03,309,36,313,33,307,41,74,74,76,31,10285,100,91,84,84,86
20151206 13:04,318,28,313,32,329,42,74,74,76,31,10285,101,91,84,84,86
20151206 13:05,323,25,312,31,317,40,74,74,76,31,10284,102,91,84,84,86
20151206 13:06,323,23,313,31,329,33,74,75,77,33,10284,103,91,84,84,86
20151206 13:07,327,27,315,31,325,44,75,75,78,34,10284,105,91,84,84,86
20151206 13:08,328,29,317,30,331,29,75,74,77,32,10284,105,91,84,84,86
20151206 13:09,323,27,317,30,315,42,75,74,77,32,10284,107,91,84,84,86
20151206 13:10,312,27,317,29,308,36,75,74,77,32,10284,107,91,84,84,86
20151206 13:11,312,26,319,28,316,37,76,74,77,33,10284,108,91,85,84,86
20151206 13:12,314,28,319,27,312,38,76,74,77,33,10283,108,91,84,84,86
20151206 13:13,321,25,321,26,331,33,76,73,76,31,10283,107,91,85,84,86
20151206 13:14,330,20,321,25,328,27,76,73,76,31,10283,108,91,85,84,86
20151206 13:15,336,22,324,25,343,36,77,74,78,34,10283,108,91,85,84,86
20151206 13:16,336,24,324,26,328,31,77,73,77,32,10284,108,91,85,84,86
20151206 13:17,317,24,322,25,306,35,77,73,77,32,10284,108,91,85,84,87
20151206 13:18,309,28,320,25,311,40,77,73,77,32,10284,108,92,85,84,87
20151206 13:19,322,29,322,25,333,39,77,72,76,30,10284,107,92,85,84,87
20151206 13:20,326,29,323,26,319,37,77,72,76,30,10284,107,92,85,84,87
20151206 13:21,312,30,322,26,306,34,77,73,77,32,10284,107,92,85,84,87
20151206 13:22,303,24,321,25,300,24,77,74,78,34,10283,107,92,85,84,87
20151206 13:23,302,20,318,25,304,34,77,74,78,34,10283,108,92,85,84,87
20151206 13:24,310,28,317,27,316,43,77,74,78,34,10283,108,92,85,85,87
20151206 13:25,308,34,312,27,300,38,77,74,78,34,10283,107,92,85,85,87
20151206 13:26,296,30,309,28,292,38,77,74,78,34,10282,108,93,85,85,87
20151206 13:27,301,28,309,28,310,40,77,73,77,32,10282,108,93,85,85,87
20151206 13:28,306,29,308,28,301,42,77,73,77,32,10282,108,93,85,85,87
20151206 13:29,302,25,305,27,303,34,77,74,78,34,10282,109,93,85,85,87
20151206 13:30,298,23,302,27,293,40,77,75,79,36,10282,109,93,85,85,87
20151206 13:31,296,30,302,28,299,48,77,74,78,34,10282,109,93,85,85,87
20151206 13:32,297,34,301,29,295,43,77,74,78,34,10282,109,93,85,85,87
20151206 13:33,297,30,301,30,298,43,77,73,77,32,10282,110,93,85,85,87
20151206 13:34,312,28,302,29,325,34,78,74,78,35,10281,110,93,85,85,87
20151206 13:35,318,26,303,28,310,34,78,73,77,33,10281,110,94,85,85,87
20151206 13:36,307,25,304,28,304,45,78,74,78,35,10281,110,94,85,85,87
20151206 13:37,303,32,303,29,303,49,78,74,78,35,10281,111,94,86,85,87
20151206 13:38,302,35,303,29,302,43,78,72,76,31,10281,111,94,86,85,87
20151206 13:39,300,35,303,30,298,46,78,72,76,31,10280,111,94,86,85,87
20151206 13:40,298,40,303,32,297,50,77,72,76,30,10280,111,94,86,85,87
20151206 13:41,299,39,303,32,301,48,77,71,75,28,10280,111,94,86,85,87
20151206 13:42,302,36,304,33,303,43,77,71,75,28,10280,111,94,86,85,87
20151206 13:43,305,33,305,33,306,50,77,72,76,30,10279,111,94,86,85,87
20151206 13:44,307,32,303,34,309,49,78,72,76,31,10279,112,94,86,85,87
20151206 13:45,309,36,303,35,310,45,78,72,76,31,10279,112,95,86,85,87
20151206 13:46,321,36,306,36,332,52,79,73,78,34,10279,114,95,86,85,87
20151206 13:47,324,32,307,35,317,45,79,73,78,34,10279,115,95,86,85,87
20151206 13:48,323,33,310,36,329,50,80,73,78,35,10279,116,95,86,85,87
20151206 13:49,318,32,311,34,307,39,80,72,77,33,10279,117,95,86,85,88
20151206 13:50,304,29,312,33,302,43,80,72,77,33,10279,118,95,86,85,88
20151206 13:51,306,28,312,32,309,36,81,71,77,32,10279,118,95,86,86,88
20151206 13:52,322,27,315,31,334,48,81,71,77,32,10279,118,95,86,86,88
20151206 13:53,333,28,318,31,333,36,81,71,77,32,10279,119,96,86,86,88
20151206 13:54,327,26,319,30,321,34,82,71,77,33,10279,120,96,86,86,88
20151206 13:55,318,23,320,29,315,29,82,71,77,33,10279,120,96,86,86,88
20151206 13:56,310,27,317,28,306,42,82,71,77,33,10279,119,96,86,86,88
20151206 13:57,315,32,318,29,323,40,82,70,76,31,10279,118,96,87,86,88
20151206 13:58,312,30,315,28,300,48,82,70,76,31,10279,118,96,87,86,88
20151206 13:59,301,32,314,29,301,50,82,70,76,31,10279,120,97,87,86,88
20151206 14:00,299,31,314,29,297,48,83,70,77,32,10278,122,97,87,86,88
20151206 14:01,305,27,314,28,314,37,83,70,77,32,10278,123,97,87,86,88
20151206 14:02,308,28,311,29,302,41,84,70,77,33,10278,124,97,87,86,88
20151206 14:03,302,33,308,30,302,42,84,69,76,30,10278,125,97,87,86,88
20151206 14:04,301,36,306,31,300,51,84,69,76,30,10278,125,98,87,86,88
20151206 14:05,310,33,306,31,320,33,84,69,76,30,10278,125,98,87,86,88
20151206 14:06,310,23,306,30,300,27,85,70,78,33,10278,126,98,87,86,88
20151206 14:07,303,24,304,30,306,42,85,70,78,33,10278,126,98,87,86,88
20151206 14:08,303,32,304,30,299,44,86,69,77,32,10278,125,98,87,86,88
20151206 14:09,303,32,305,30,306,36,85,68,75,29,10278,125,98,87,86,88
20151206 14:10,309,30,306,30,313,44,85,69,77,31,10278,124,99,87,86,88
20151206 14:11,317,31,307,30,320,45,85,68,75,29,10278,124,99,87,86,88
20151206 14:12,324,30,309,30,328,42,85,68,75,29,10278,124,99,87,86,88
20151206 14:13,324,31,311,30,319,43,86,69,77,32,10278,127,99,87,86,88
20151206 14:14,315,27,312,29,310,37,86,69,77,32,10278,127,100,88,87,88
20151206 14:15,315,28,312,29,319,51,87,69,78,33,10278,125,100,88,87,88
20151206 14:16,315,30,313,30,311,34,87,69,78,33,10278,125,100,88,87,88
20151206 14:17,310,33,313,31,309,53,87,69,78,33,10279,125,100,88,87,88
20151206 14:18,312,33,315,30,314,39,87,67,75,29,10279,124,100,88,87,88
20151206 14:19,314,27,316,30,313,38,87,68,76,31,10279,124,101,88,87,88
20151206 14:20,301,26,313,29,290,34,87,68,76,31,10279,124,101,88,87,88
20151206 14:21,302,25,313,29,315,33,87,68,76,31,10279,124,101,88,87,88
20151206 14:22,312,22,311,27,309,27,87,69,78,33,10279,125,101,88,87,89
20151206 14:23,307,21,309,27,304,36,87,68,76,31,10278,125,101,88,87,89
20151206 14:24,303,28,309,28,301,43,88,69,78,34,10278,125,101,88,87,89
20151206 14:25,311,31,309,27,320,43,88,68,77,32,10278,126,102,88,87,89
20151206 14:26,328,22,311,26,337,29,88,68,77,32,10278,127,102,88,87,89
20151206 14:27,335,27,314,26,333,46,89,68,77,33,10278,128,102,88,87,89
20151206 14:28,336,34,316,26,338,43,89,66,75,29,10278,126,102,89,87,89
20151206 14:29,329,30,317,27,321,39,89,67,76,31,10278,125,102,89,87,89
20151206 14:30,314,29,318,27,307,34,89,66,75,29,10278,124,102,89,87,89
20151206 14:31,319,24,320,27,331,33,90,67,77,32,10278,124,102,89,87,89
20151206 14:32,324,25,321,28,316,45,90,68,78,34,10278,124,103,89,87,89
20151206 14:33,319,30,323,29,321,36,90,67,77,32,10278,122,103,89,87,89
20151206 14:34,323,31,325,28,325,44,90,66,76,30,10278,121,103,89,87,89
20151206 14:35,328,33,326,29,331,47,90,65,75,28,10278,120,103,89,87,89
20151206 14:36,328,32,325,31,324,37,89,66,75,29,10277,118,103,89,87,89
20151206 14:37,332,32,325,30,340,46,89,66,75,29,10277,118,103,89,87,89
20151206 14:38,329,33,323,30,319,50,89,66,75,29,10278,118,103,89,87,89
20151206 14:39,323,33,324,31,327,43,89,66,75,29,10278,118,103,89,88,89
20151206 14:40,328,33,326,31,329,48,89,66,75,29,10278,119,103,89,88,89
20151206 14:41,329,35,326,33,329,45,89,66,75,29,10278,119,103,90,88,89
20151206 14:42,329,31,327,32,330,33,89,66,75,29,10278,119,104,90,88,89
20151206 14:43,321,22,327,31,312,31,89,67,76,31,10278,121,104,90,88,89
20151206 14:44,315,21,326,30,317,36,90,68,78,34,10279,122,104,90,88,89
20151206 14:45,312,31,323,31,307,56,91,66,76,31,10279,123,104,90,88,89
20151206 14:46,305,38,321,31,304,50,91,66,76,31,10279,123,104,90,88,89
20151206 14:47,314,30,320,30,326,41,91,66,76,31,10279,123,104,90,88,89
20151206 14:48,323,30,320,31,320,48,91,66,76,31,10280,124,104,90,88,89
20151206 14:49,315,32,319,30,311,42,91,66,76,31,10280,123,104,90,88,89
20151206 14:50,314,28,317,30,317,45,91,65,75,29,10280,122,104,90,88,89
20151206 14:51,311,34,315,30,307,51,91,65,75,29,10280,120,104,90,88,89
20151206 14:52,313,36,314,31,320,42,91,65,75,29,10279,119,104,90,88,89
20151206 14:53,321,33,315,32,322,42,90,65,75,28,10279,118,104,91,88,89
20151206 14:54,321,33,315,33,319,46,90,65,75,28,10279,117,104,91,88,89
20151206 14:55,322,35,317,33,324,50,90,65,75,28,10280,117,104,91,88,89
20151206 14:56,317,32,318,32,310,40,90,65,75,28,10280,116,104,91,88,90
20151206 14:57,317,28,317,32,324,44,90,66,76,30,10280,115,104,91,88,90
20151206 14:58,326,33,318,33,328,51,90,66,76,30,10280,114,104,91,88,90
20151206 14:59,330,35,320,33,331,44,90,66,76,30,10280,112,104,91,88,90
20151206 15:00,324,24,320,32,316,29,90,66,76,30,10280,112,104,91,88,90
20151206 15:01,306,18,319,30,297,28,90,67,77,32,10280,112,104,91,89,90
20151206 15:02,313,19,320,28,329,26,90,66,76,30,10280,111,104,91,89,90
20151206 15:03,329,22,321,28,329,42,90,67,77,32,10281,111,104,91,89,90
20151206 15:04,329,31,322,28,330,43,90,66,76,30,10281,110,104,91,89,90
20151206 15:05,333,30,323,26,336,32,90,66,76,30,10281,109,104,91,89,90
20151206 15:06,335,25,326,26,335,32,90,66,76,30,10281,109,104,91,89,90
20151206 15:07,338,23,327,26,340,26,90,66,76,30,10281,108,104,91,89,90
20151206 15:08,339,24,328,24,338,32,90,66,76,30,10281,108,104,92,89,90
20151206 15:09,330,25,327,23,323,29,90,66,76,30,10281,108,103,92,89,90
20151206 15:10,328,21,329,24,334,23,90,66,76,30,10281,108,103,92,89,90
20151206 15:11,329,22,332,24,323,33,90,67,77,32,10281,108,103,92,89,90
20151206 15:12,320,23,331,25,318,33,90,66,76,30,10281,107,103,92,89,90
20151206 15:13,319,25,330,25,321,36,90,66,76,30,10281,107,103,92,89,90
20151206 15:14,322,30,329,25,324,44,90,66,76,30,10281,107,103,92,89,90
20151206 15:15,315,32,326,25,306,38,90,66,76,30,10281,107,103,92,89,90
20151206 15:16,310,29,324,25,314,37,90,66,76,30,10281,106,103,92,89,90
20151206 15:17,310,29,321,26,307,38,90,66,76,30,10281,105,103,92,89,90
20151206 15:18,301,24,317,26,295,27,90,67,77,32,10281,105,102,92,89,90
20151206 15:19,305,21,316,26,316,34,90,66,76,30,10281,104,102,92,89,90
20151206 15:20,316,27,314,27,316,43,90,67,77,32,10281,103,102,92,89,90
20151206 15:21,321,31,314,27,326,37,90,66,76,30,10281,103,102,92,90,90
20151206 15:22,323,28,315,28,321,32,89,66,75,29,10281,102,102,92,90,90
20151206 15:23,327,28,316,28,334,36,89,66,75,29,10281,102,102,92,90,90
20151206 15:24,329,28,316,27,324,40,89,66,75,29,10281,101,102,92,90,90
20151206 15:25,321,23,317,26,318,26,89,66,75,29,10281,101,102,92,90,90
20151206 15:26,323,24,319,26,328,36,89,66,75,29,10282,101,101,93,90,90
20151206 15:27,322,30,320,27,317,41,89,66,75,29,10282,100,101,93,90,91
20151206 15:28,318,31,322,28,319,37,89,66,75,29,10282,99,101,93,90,91
20151206 15:29,321,35,322,29,322,46,89,66,75,29,10282,99,101,93,90,91
20151206 15:30,312,39,321,30,301,48,89,65,74,27,10282,99,101,93,90,91
20151206 15:31,303,38,319,31,305,45,89,65,74,27,10282,99,101,93,90,91
20151206 15:32,306,35,318,31,308,44,89,65,74,27,10283,98,101,93,90,91
20151206 15:33,316,29,317,31,325,32,89,65,74,27,10283,98,100,93,90,91
20151206 15:34,321,28,316,32,316,40,89,66,75,29,10283,97,100,93,90,91
20151206 15:35,316,30,316,32,317,37,89,65,74,27,10283,97,100,93,90,91
20151206 15:36,308,28,313,32,300,41,89,66,75,29,10283,97,100,93,90,91
20151206 15:37,311,23,314,31,323,35,89,66,75,29,10283,97,100,93,90,91
20151206 15:38,321,24,314,31,320,45,89,66,75,29,10283,96,100,93,90,91
20151206 15:39,318,27,313,29,315,30,89,66,75,29,10283,96,99,93,90,91
20151206 15:40,314,25,314,28,313,35,89,66,75,29,10283,96,99,93,90,91
20151206 15:41,312,31,315,28,312,42,89,66,75,29,10283,96,99,93,90,91
20151206 15:42,322,31,317,27,332,38,89,66,75,29,10283,96,99,93,91,91
20151206 15:43,332,27,318,27,333,35,89,66,75,29,10284,96,99,93,91,91
20151206 15:44,331,20,320,26,330,21,89,66,75,29,10284,96,99,93,91,91
20151206 15:45,325,20,320,25,320,39,89,66,75,29,10284,96,98,93,91,91
20151206 15:46,324,27,322,26,327,40,89,67,76,31,10284,95,98,93,91,91
20151206 15:47,323,25,322,26,318,26,89,66,75,29,10284,94,98,93,91,91
20151206 15:48,312,17,321,24,305,22,89,67,76,31,10284,94,98,93,91,91
20151206 15:49,307,19,320,24,308,35,89,67,76,31,10284,94,98,93,91,91
20151206 15:50,314,23,320,24,319,32,88,67,76,30,10284,93,98,93,91,91
20151206 15:51,324,25,322,23,328,35,88,67,76,30,10284,93,97,93,91,91
20151206 15:52,321,23,320,22,314,34,88,67,76,30,10284,93,97,93,91,91
20151206 15:53,315,23,319,22,316,37,88,67,76,30,10284,92,97,93,91,91
20151206 15:54,321,28,318,24,327,41,88,67,76,30,10284,92,97,93,91,91
20151206 15:55,329,28,319,24,332,34,88,67,76,30,10284,92,97,93,91,91
20151206 15:56,325,24,318,23,318,30,88,67,76,30,10285,91,97,93,91,91
20151206 15:57,311,25,317,24,303,35,88,67,76,30,10285,91,97,93,91,91
20151206 15:58,309,27,318,25,315,35,88,67,76,30,10285,91,96,93,91,92
20151206 15:59,310,24,318,25,305,34,88,67,76,30,10285,90,96,93,91,92
20151206 16:00,306,20,317,24,308,22,88,67,76,30,10285,90,96,93,91,92
20151206 16:01,307,18,314,24,306,24,88,68,77,32,10285,90,96,93,91,92
20151206 16:02,311,18,315,23,316,25,88,68,77,32,10285,89,96,93,91,92
20151206 16:03,317,18,315,23,319,23,88,67,76,30,10285,89,96,93,91,92
20151206 16:04,323,19,315,22,327,29,88,68,77,32,10285,89,96,93,91,92
20151206 16:05,325,20,314,21,324,32,88,68,77,32,10285,89,95,93,91,92
20151206 16:06,322,17,314,20,320,18,88,68,77,32,10285,89,95,93,91,92
20151206 16:07,324,13,317,19,328,20,88,68,77,32,10285,88,95,93,92,92
20151206 16:08,328,16,318,18,327,25,88,68,77,32,10285,88,95,93,92,92
20151206 16:09,330,18,321,18,332,21,88,68,77,32,10285,87,95,93,92,92
20151206 16:10,334,16,324,17,336,20,88,68,77,32,10285,87,95,93,92,92
20151206 16:11,340,14,327,17,344,15,87,68,76,31,10285,86,94,93,92,92
20151206 16:12,340,15,329,17,335,24,87,69,78,33,10285,86,94,93,92,92
20151206 16:13,328,17,329,17,320,25,87,68,76,31,10286,85,94,93,92,92
20151206 16:14,320,15,329,16,320,16,87,68,76,31,10286,84,94,93,92,92
20151206 16:15,325,15,329,15,329,20,87,68,76,31,10286,84,94,93,92,92
20151206 16:16,328,15,330,15,327,18,87,68,76,31,10286,83,94,93,92,92
20151206 16:17,320,13,328,16,313,17,87,69,78,33,10286,83,94,93,92,92
20151206 16:18,320,15,328,15,326,21,86,69,77,32,10286,83,93,93,92,92
20151206 16:19,324,16,327,15,322,21,86,69,77,32,10286,83,93,93,92,92
20151206 16:20,316,13,325,15,310,18,86,69,77,32,10286,82,93,93,92,92
20151206 16:21,314,15,322,15,318,25,86,70,78,34,10286,82,93,93,92,92
20151206 16:22,319,21,321,16,320,25,86,69,77,32,10286,81,93,93,92,92
20151206 16:23,325,21,322,16,331,25,86,69,77,32,10286,80,93,93,92,92
20151206 16:24,328,18,322,16,326,18,85,69,77,31,10286,80,92,93,92,92
20151206 16:25,327,15,322,16,328,21,85,70,78,33,10286,79,92,93,92,92
20151206 16:26,319,13,321,16,311,16,85,70,78,33,10286,79,92,93,92,92
20151206 16:27,317,12,322,16,323,15,85,70,78,33,10286,78,92,93,92,92
20151206 16:28,321,12,321,15,318,17,85,70,78,33,10286,78,92,93,92,92
20151206 16:29,319,12,321,15,320,17,84,70,77,33,10286,77,91,93,92,92
20151206 16:30,319,10,321,15,319,11,84,70,77,33,10286,77,91,93,92,93
20151206 16:31,320,10,322,14,321,15,84,71,78,35,10286,76,91,93,92,93
20151206 16:32,318,12,321,13,315,17,84,71,78,35,10287,76,91,93,92,93
20151206 16:33,315,12,320,12,315,12,83,71,78,34,10287,75,91,93,92,93
20151206 16:34,309,9,317,11,304,12,83,71,78,34,10287,75,90,93,92,93
20151206 16:35,314,9,317,11,323,13,83,71,78,34,10288,75,90,93,92,93
20151206 16:36,315,9,316,10,306,13,83,71,78,34,10288,74,90,93,92,93
20151206 16:37,311,8,316,10,316,11,83,72,79,36,10288,74,90,93,92,93
20151206 16:38,314,9,315,10,312,12,82,72,78,35,10289,73,90,93,92,93
20151206 16:39,310,7,314,9,308,9,82,72,78,35,10289,73,89,93,92,93
20151206 16:40,306,4,312,9,304,5,82,72,78,35,10289,72,89,93,92,93
20151206 16:41,297,4,309,8,291,8,82,72,78,35,10289,72,89,93,92,93
20151206 16:42,295,4,308,7,300,8,82,72,78,35,10289,71,89,93,92,93
20151206 16:43,299,5,306,7,298,10,81,72,78,34,10289,71,89,92,92,93
20151206 16:44,303,8,307,7,308,10,81,73,79,36,10289,70,88,92,93,93
20151206 16:45,307,7,305,6,306,11,81,73,79,36,10289,69,88,92,93,93
20151206 16:46,309,8,306,7,312,11,80,73,78,35,10289,69,88,92,92,93
20151206 16:47,313,8,305,6,313,9,80,73,78,35,10289,68,88,92,93,93
20151206 16:48,310,8,305,6,307,12,79,74,79,36,10289,68,87,92,93,93
20151206 16:49,307,9,305,7,308,12,79,74,79,36,10289,67,87,92,93,93
20151206 16:50,305,11,305,8,302,12,79,74,79,36,10290,67,87,92,93,93
20151206 16:51,307,9,307,8,312,10,78,74,78,35,10290,66,87,92,93,93
20151206 16:52,310,9,307,9,308,16,78,75,79,37,10290,66,87,92,93,93
20151206 16:53,307,10,308,9,305,14,78,75,79,37,10290,65,86,92,93,93
20151206 16:54,304,11,308,9,302,14,77,75,79,36,10290,65,86,92,93,93
20151206 16:55,303,11,307,9,303,13,77,76,80,37,10290,64,86,92,93,93
20151206 16:56,303,10,306,9,303,11,76,76,79,36,10291,64,86,92,93,93
20151206 16:57,303,10,305,10,303,14,76,76,79,36,10291,63,85,92,93,93
20151206 16:58,304,10,305,10,305,11,76,76,79,36,10291,63,85,92,93,93
20151206 16:59,300,9,304,9,295,9,75,76,79,35,10291,62,85,92,93,93
20151206 17:00,296,9,303,9,297,11,75,77,80,37,10291,62,85,92,93,93
20151206 17:01,298,10,302,10,300,13,74,77,79,36,10291,62,84,92,93,93
20151206 17:02,302,11,302,10,303,14,74,77,79,36,10291,61,84,92,93,93
20151206 17:03,304,12,302,10,306,15,73,77,79,35,10291,61,84,92,93,93
20151206 17:04,307,12,302,10,308,14,73,78,80,37,10291,60,84,92,93,93
20151206 17:05,309,12,303,10,310,14,73,78,80,37,10291,60,83,92,93,93
20151206 17:06,309,11,303,11,307,12,72,78,79,36,10291,59,83,91,93,93
20151206 17:07,306,10,304,11,304,14,72,79,80,38,10292,59,83,91,93,94
20151206 17:08,304,10,303,11,303,13,72,79,80,38,10292,59,83,91,93,94
20151206 17:09,303,10,304,11,304,13,71,79,80,37,10292,58,82,91,93,94
20151206 17:10,306,11,305,11,308,14,70,80,80,38,10292,58,82,91,93,94
20151206 17:11,306,11,306,11,304,15,70,80,80,38,10292,58,82,91,93,94
20151206 17:12,303,10,305,11,301,13,70,80,80,38,10293,57,81,91,93,94
20151206 17:13,302,9,305,10,303,12,69,80,80,37,10293,57,81,91,93,94
20151206 17:14,301,9,304,10,299,13,69,80,80,37,10293,56,81,91,93,94
20151206 17:15,301,10,304,10,304,12,69,80,80,37,10293,56,81,91,93,94
20151206 17:16,303,10,303,10,303,12,69,80,80,37,10293,56,81,91,93,94
20151206 17:17,303,9,303,10,304,11,68,80,79,36,10293,55,80,91,93,94
20151206 17:18,303,8,303,9,303,9,68,81,80,38,10293,55,80,91,93,94
20151206 17:19,300,8,303,9,297,10,67,81,79,37,10293,55,80,91,93,94
20151206 17:20,299,9,302,9,301,11,67,81,79,37,10293,55,80,91,93,94
20151206 17:21,302,9,302,9,304,12,67,81,79,37,10293,54,79,91,93,94
20151206 17:22,301,9,302,9,299,11,67,81,79,37,10293,54,79,91,93,94
20151206 17:23,299,10,301,9,299,13,66,81,79,36,10293,54,79,90,93,94
20151206 17:24,299,10,301,9,299,13,66,82,80,38,10293,53,79,90,93,94
20151206 17:25,299,10,301,9,298,12,66,82,80,38,10293,53,78,90,93,94
20151206 17:26,300,9,300,9,301,11,65,82,79,37,10293,53,78,90,93,94
20151206 17:27,299,9,300,9,298,11,65,82,79,37,10293,52,78,90,93,94
20151206 17:28,300,9,300,10,303,11,65,82,79,37,10293,52,78,90,93,94
20151206 17:29,300,9,300,10,298,10,64,82,79,36,10293,52,77,90,93,94
20151206 17:30,298,9,300,10,298,14,64,82,79,36,10293,52,77,90,93,94
20151206 17:31,298,9,299,10,298,10,64,83,80,37,10293,51,77,90,93,94
20151206 17:32,299,9,299,10,300,10,63,83,79,36,10293,51,77,90,93,94
20151206 17:33,300,8,299,9,299,10,63,83,79,36,10293,51,76,90,93,94
20151206 17:34,299,8,299,9,299,9,62,84,80,37,10293,50,76,90,93,94
20151206 17:35,299,7,299,9,300,8,62,84,80,37,10293,50,76,90,93,94
20151206 17:36,299,7,299,9,298,7,61,84,79,36,10293,50,76,89,93,94
20151206 17:37,296,7,299,8,294,8,61,85,80,38,10293,50,76,89,93,94
20151206 17:38,292,7,297,8,290,8,60,85,79,37,10293,49,75,89,93,94
20151206 17:39,289,7,296,8,288,8,59,86,80,37,10293,49,75,89,93,94
20151206 17:40,287,8,295,8,287,9,59,86,80,37,10293,49,75,89,93,94
20151206 17:41,287,8,294,8,287,9,59,86,80,37,10293,49,75,89,93,94
20151206 17:42,287,9,293,8,287,9,58,86,79,36,10293,48,75,89,93,94
20151206 17:43,286,9,292,8,286,10,57,86,79,35,10293,48,74,89,93,94
20151206 17:44,286,9,290,8,286,10,56,87,79,36,10293,48,74,89,93,94
20151206 17:45,288,9,289,8,290,10,56,87,79,36,10293,48,74,89,93,94
20151206 17:46,292,9,289,8,295,10,55,87,79,35,10292,47,74,89,93,94
20151206 17:47,296,9,289,9,297,10,55,87,79,35,10292,47,73,89,93,94
20151206 17:48,298,9,290,9,299,10,54,88,79,36,10292,47,73,89,93,94
20151206 17:49,299,8,291,9,298,9,54,88,79,36,10292,47,73,88,93,94
20151206 17:50,299,9,293,9,301,10,53,88,78,35,10292,47,73,88,93,94
20151206 17:51,301,8,294,9,302,9,53,89,79,36,10292,46,73,88,93,94
20151206 17:52,305,8,296,9,309,10,53,89,79,36,10292,46,72,88,93,94
20151206 17:53,310,9,299,9,311,11,52,89,79,35,10292,46,72,88,93,94
20151206 17:54,313,10,302,9,315,15,52,90,80,37,10292,46,72,88,93,94
20151206 17:55,315,11,304,9,316,12,52,90,80,37,10292,45,72,88,93,94
20151206 17:56,314,11,306,9,313,13,51,90,79,36,10292,45,72,88,93,94
20151206 17:57,312,11,308,9,311,13,51,91,80,38,10292,45,71,88,93,94
20151206 17:58,309,10,308,10,307,12,51,91,80,38,10293,45,71,88,93,94
20151206 17:59,306,9,309,10,305,12,51,91,80,38,10293,44,71,88,93,94
20151206 18:00,303,9,309,10,301,10,50,91,79,37,10293,44,71,88,93,94
20151206 18:01,301,9,309,10,300,10,50,91,79,37,10294,44,71,87,93,94
20151206 18:02,298,9,308,10,296,10,50,91,79,37,10294,44,70,87,93,94
20151206 18:03,296,9,306,10,295,11,50,92,80,38,10294,44,70,87,93,94
20151206 18:04,292,9,303,10,289,10,49,92,80,37,10294,43,70,87,93,95
20151206 18:05,286,10,300,10,284,12,49,92,80,37,10294,43,70,87,93,95
20151206 18:06,283,11,297,10,282,13,49,92,80,37,10295,43,70,87,92,95
20151206 18:07,282,12,294,10,281,14,49,92,80,37,10295,43,69,87,92,95
20151206 18:08,280,13,291,10,279,14,49,92,80,37,10295,43,69,87,92,95
20151206 18:09,279,13,289,11,280,14,49,92,80,37,10295,42,69,87,92,95
20151206 18:10,278,13,286,11,277,15,49,92,80,37,10295,42,69,87,92,95
20151206 18:11,273,13,283,12,268,15,49,93,81,39,10296,42,69,87,92,95
20151206 18:12,267,13,280,12,266,15,49,93,81,39,10296,42,69,86,92,95
20151206 18:13,263,14,277,12,260,16,49,93,81,39,10297,42,68,86,92,95
20151206 18:14,259,14,273,13,257,16,50,93,81,40,10297,42,68,86,92,95
20151206 18:15,254,14,270,13,252,15,50,93,81,40,10297,41,68,86,92,95
20151206 18:16,251,13,267,13,250,14,50,93,81,40,10298,41,68,86,92,95
20151206 18:17,251,12,264,13,252,13,49,93,81,39,10298,41,68,86,92,95
20151206 18:18,253,12,261,13,253,13,49,93,81,39,10298,41,67,86,92,95
20151206 18:19,255,11,259,13,258,12,49,92,80,37,10298,41,67,86,92,95
20151206 18:20,257,11,257,13,257,14,49,92,80,37,10298,41,67,86,92,95
20151206 18:21,258,11,256,13,260,12,49,92,80,37,10298,40,67,86,92,95
20151206 18:22,260,11,256,12,260,13,49,92,80,37,10298,40,67,86,92,95
20151206 18:23,260,12,256,12,260,13,48,92,79,36,10298,40,67,85,92,95
20151206 18:24,261,11,256,12,261,12,48,92,79,36,10298,40,66,85,92,95
20151206 18:25,260,11,257,12,260,12,48,92,79,36,10298,40,66,85,92,95
20151206 18:26,259,10,258,11,259,11,48,92,79,36,10298,40,66,85,92,95
20151206 18:27,258,10,259,11,258,11,48,93,80,38,10298,39,66,85,92,95
20151206 18:28,257,9,259,11,257,10,48,93,80,38,10299,39,66,85,92,95
20151206 18:29,257,8,259,10,258,9,48,93,80,38,10299,39,66,85,92,95
20151206 18:30,256,7,259,10,254,9,48,93,80,38,10299,39,65,85,92,95
20151206 18:31,252,8,258,10,251,10,48,93,80,38,10299,39,65,85,92,95
20151206 18:32,250,9,257,9,249,11,48,93,80,38,10299,39,65,85,92,95
20151206 18:33,248,9,256,9,248,12,47,93,79,37,10299,38,65,85,92,95
20151206 18:34,247,10,254,9,246,13,47,93,79,37,10300,38,65,85,92,95
20151206 18:35,245,11,253,9,245,13,47,93,79,37,10300,38,65,84,92,95
20151206 18:36,243,12,251,9,242,13,47,93,79,37,10300,38,64,84,92,95
20151206 18:37,239,12,249,10,236,13,47,93,79,37,10301,38,64,84,92,95
20151206 18:38,233,10,246,10,229,11,46,93,79,36,10301,38,64,84,92,95
20151206 18:39,229,9,243,10,229,12,46,93,79,36,10301,37,64,84,92,95
20151206 18:40,232,11,241,10,236,13,46,93,79,36,10301,37,64,84,92,95
20151206 18:41,237,12,240,11,239,16,46,93,79,36,10302,37,64,84,92,95
20151206 18:42,241,14,239,11,243,17,45,93,78,35,10302,37,63,84,92,95
20151206 18:43,243,16,239,12,243,19,45,93,78,35,10302,37,63,84,92,95
20151206 18:44,244,17,239,13,246,20,45,93,78,35,10302,37,63,84,92,95
20151206 18:45,247,18,239,13,247,20,45,93,78,35,10303,36,63,84,92,95
20151206 18:46,248,17,240,14,248,19,45,94,79,36,10303,36,63,84,91,95
20151206 18:47,249,16,241,14,250,18,45,94,79,36,10304,36,63,83,91,95
20151206 18:48,250,16,243,15,250,17,45,94,79,36,10304,36,63,83,91,95
20151206 18:49,251,16,245,16,251,18,45,94,79,36,10304,36,62,83,91,95
20151206 18:50,253,16,247,16,255,17,45,94,79,36,10304,36,62,83,91,95
20151206 18:51,255,16,249,16,255,18,45,94,79,36,10304,36,62,83,91,95
20151206 18:52,254,15,250,16,253,17,45,94,79,36,10304,36,62,83,91,95
20151206 18:53,255,15,251,16,257,18,45,94,79,36,10304,35,62,83,91,95
20151206 18:54,258,15,252,16,258,17,45,94,79,36,10304,35,62,83,91,95
20151206 18:55,260,15,254,16,263,20,45,94,79,36,10304,35,62,83,91,95
20151206 18:56,263,16,255,15,263,18,45,94,79,36,10304,35,61,83,91,95
20151206 18:57,265,15,257,15,266,17,45,94,79,36,10303,35,61,83,91,95
20151206 18:58,267,15,259,15,268,18,45,94,79,36,10303,35,61,82,91,95
20151206 18:59,271,15,261,15,273,18,46,94,80,37,10303,35,61,82,91,95
20151206 19:00,273,14,263,15,273,18,46,94,80,37,10303,35,61,82,91,95
20151206 19:01,276,14,265,15,279,17,46,94,80,37,10303,34,61,82,91,95
20151206 19:02,278,15,268,15,277,18,46,94,80,37,10303,34,61,82,91,95
20151206 19:03,278,16,270,15,279,18,46,94,80,37,10302,34,60,82,91,95
20151206 19:04,281,16,272,15,283,20,46,94,80,37,10302,34,60,82,91,95
20151206 19:05,283,15,274,15,283,17,46,94,80,37,10302,34,60,82,91,95
20151206 19:06,286,13,277,15,290,15,46,94,80,37,10302,34,60,82,91,95
20151206 19:07,292,12,280,15,294,14,46,94,80,37,10302,34,60,82,91,95
20151206 19:08,296,12,283,14,298,16,46,94,80,37,10301,34,60,82,91,95
20151206 19:09,297,12,285,14,295,16,46,93,79,36,10302,34,60,81,91,95
20151206 19:10,293,14,287,14,292,17,47,93,79,37,10302,34,59,81,91,95
20151206 19:11,291,15,288,14,290,20,47,94,80,38,10302,34,59,81,91,95
20151206 19:12,289,16,289,14,289,20,47,94,80,38,10302,34,59,81,91,95
20151206 19:13,290,15,291,14,291,17,47,94,80,38,10302,33,59,81,91,95
20151206 19:14,292,15,292,14,294,19,47,94,80,38,10302,33,59,81,90,95
20151206 19:15,294,16,293,14,294,20,47,93,79,37,10302,33,59,81,91,95
20151206 19:16,294,15,293,14,293,18,47,93,79,37,10302,33,59,81,90,95
20151206 19:17,293,14,293,15,293,15,48,93,80,38,10302,33,59,81,90,95
20151206 19:18,295,14,293,15,297,17,48,93,80,38,10302,33,59,81,90,95
20151206 19:19,298,14,293,15,300,18,48,93,80,38,10302,33,58,81,90,95
20151206 19:20,300,14,294,15,300,17,48,93,80,38,10302,33,58,81,90,95
20151206 19:21,299,14,295,15,298,17,48,93,80,38,10302,33,58,80,90,95
20151206 19:22,299,15,296,15,300,17,48,93,80,38,10302,33,58,80,90,95
20151206 19:23,296,15,296,15,293,18,48,93,80,38,10303,32,58,80,90,95
20151206 19:24,296,15,297,15,298,19,48,93,80,38,10303,32,58,80,90,95
20151206 19:25,296,16,297,15,294,17,48,93,80,38,10303,32,58,80,90,95
20151206 19:26,293,16,297,15,293,18,48,93,80,38,10303,32,58,80,90,95
20151206 19:27,293,16,297,15,292,18,48,92,79,36,10303,32,58,80,90,95
20151206 19:28,292,16,296,15,292,17,48,92,79,36,10303,32,57,80,90,95
20151206 19:29,294,16,296,16,296,17,48,92,79,36,10303,32,57,80,90,95
20151206 19:30,297,16,295,16,297,19,48,92,79,36,10303,32,57,80,90,95
20151206 19:31,298,17,295,16,299,19,48,92,79,36,10302,32,57,80,90,95
20151206 19:32,299,17,295,16,299,19,48,92,79,36,10302,32,57,80,90,95
20151206 19:33,298,16,296,16,297,19,48,92,79,36,10303,32,57,79,90,94
20151206 19:34,297,16,296,16,297,19,48,92,79,36,10303,32,57,79,90,95
20151206 19:35,295,17,295,17,292,19,48,92,79,36,10303,32,57,79,90,95
20151206 19:36,292,17,295,17,291,17,48,92,79,36,10303,31,56,79,90,94
20151206 19:37,290,16,295,17,290,18,48,92,79,36,10303,31,56,79,90,94
20151206 19:38,292,16,295,16,294,18,48,92,79,36,10303,31,56,79,90,94
20151206 19:39,294,15,295,16,294,16,48,92,79,36,10303,31,56,79,90,94
20151206 19:40,293,15,294,16,292,17,48,92,79,36,10303,31,56,79,89,94
20151206 19:41,291,15,294,16,290,17,48,92,79,36,10303,31,56,79,89,94
20151206 19:42,289,15,292,16,288,17,48,92,79,36,10303,31,56,79,89,94
20151206 19:43,288,15,291,16,287,17,48,92,79,36,10303,31,56,79,89,94
20151206 19:44,285,15,290,16,284,16,48,92,79,36,10303,31,56,79,89,94
20151206 19:45,285,15,290,16,286,17,48,92,79,36,10303,31,56,79,89,94
20151206 19:46,284,15,289,16,282,16,48,92,79,36,10303,30,56,78,89,94
20151206 19:47,282,15,288,15,281,17,48,92,79,36,10303,30,55,78,89,94
20151206 19:48,281,15,286,15,281,16,48,92,79,36,10303,30,55,78,89,94
20151206 19:49,282,15,285,15,284,16,48,92,79,36,10303,30,55,78,89,94
20151206 19:50,282,14,284,15,281,15,48,92,79,36,10303,30,55,78,89,94
20151206 19:51,280,14,283,15,279,14,47,92,79,35,10303,30,55,78,89,94
20151206 19:52,280,13,282,15,280,14,47,92,79,35,10303,30,55,78,89,94
20151206 19:53,283,12,282,14,286,13,47,92,79,35,10303,30,55,78,89,94
20151206 19:54,289,10,283,14,291,11,47,92,79,35,10303,29,55,78,89,94
20151206 19:55,297,9,285,13,302,10,47,92,79,35,10302,29,55,78,89,94
20151206 19:56,302,9,287,12,303,10,46,92,78,34,10302,29,55,78,89,94
20151206 19:57,303,8,289,12,303,11,46,92,78,34,10302,29,54,78,89,94
20151206 19:58,303,9,291,11,302,10,46,92,78,34,10302,29,54,77,89,94
20151206 19:59,308,8,294,10,313,9,46,92,78,34,10301,28,54,77,89,94
20151206 20:00,310,8,297,10,306,9,46,92,78,34,10301,28,54,77,89,94
