time_now,wd_avg_2mins,ws_avg_2mins,wd_avg_10mins,ws_avg_10mins,wd_maxsp_this_min,ws_maxsp_this_min,air_temp_by_box,relative_humidity,water_vapor_pressure,dew_temp,station_pressure,ground_temp_pt,ground_tem_5cm,ground_tem_10cm,ground_tem_15cm,ground_tem_20cm
20160110 20:01,83,9,85,13,81,11,66,61,59,-4,10266,56,70,83,88,89
20160110 20:02,79,8,85,13,78,18,66,61,59,-4,10266,56,70,83,88,89
20160110 20:03,77,13,84,13,76,20,66,61,59,-4,10266,56,70,83,88,89
20160110 20:04,75,16,83,13,74,21,66,61,59,-4,10265,56,70,83,88,89
20160110 20:05,73,16,83,13,73,19,65,61,59,-5,10265,56,70,82,88,89
20160110 20:06,73,16,81,13,73,19,65,61,59,-5,10264,56,70,82,88,89
20160110 20:07,74,15,80,12,74,17,65,62,60,-2,10264,56,70,82,88,89
20160110 20:08,72,13,77,13,70,17,65,62,60,-2,10264,56,70,82,88,89
20160110 20:09,71,13,76,13,73,17,65,62,60,-2,10264,56,70,82,88,89
20160110 20:10,72,14,74,14,71,19,65,62,60,-2,10264,56,70,82,88,89
20160110 20:11,70,14,73,14,69,16,65,62,60,-2,10264,56,70,82,88,89
20160110 20:12,71,13,73,15,74,19,65,62,60,-2,10264,56,70,82,87,89
20160110 20:13,72,17,72,15,71,23,65,62,60,-2,10264,56,70,82,87,89
20160110 20:14,74,18,72,15,77,23,65,61,59,-5,10264,56,70,82,87,89
20160110 20:15,74,17,72,15,70,22,65,62,60,-2,10264,56,69,82,87,89
20160110 20:16,68,17,71,15,66,24,65,62,60,-2,10264,56,69,82,87,89
20160110 20:17,65,14,71,15,65,17,65,62,60,-2,10264,55,69,82,87,89
20160110 20:18,69,12,71,15,73,15,65,62,60,-2,10265,55,69,82,87,89
20160110 20:19,69,11,70,15,65,13,65,62,60,-2,10265,55,69,82,87,89
20160110 20:20,67,9,70,14,69,12,65,62,60,-2,10265,55,69,82,87,89
20160110 20:21,71,12,70,14,74,21,65,61,59,-5,10265,55,69,82,87,89
20160110 20:22,72,14,70,14,71,16,65,61,59,-5,10264,55,69,82,87,89
20160110 20:23,71,13,70,14,71,18,65,62,60,-2,10263,55,69,82,87,89
20160110 20:24,71,16,70,14,72,26,65,62,60,-2,10263,55,69,81,87,89
20160110 20:25,72,18,70,14,72,25,65,62,60,-2,10262,55,69,81,87,89
20160110 20:26,72,19,70,14,71,25,65,62,60,-2,10262,55,69,81,87,89
20160110 20:27,72,20,71,15,73,25,65,62,60,-2,10262,55,69,81,87,89
20160110 20:28,75,20,71,16,76,23,65,62,60,-2,10262,55,69,81,87,89
20160110 20:29,75,19,72,17,74,26,65,62,60,-2,10261,55,69,81,87,89
20160110 20:30,76,19,73,18,79,24,65,62,60,-2,10261,55,69,81,87,89
20160110 20:31,79,17,74,18,78,22,65,61,59,-5,10261,55,69,81,87,89
20160110 20:32,79,18,75,18,81,26,65,62,60,-2,10261,55,69,81,87,89
20160110 20:33,79,20,75,19,77,24,65,62,60,-2,10261,54,69,81,87,89
20160110 20:34,78,22,76,20,78,28,65,62,60,-2,10260,54,69,81,87,89
20160110 20:35,78,22,77,20,79,24,65,62,60,-2,10260,54,68,81,87,89
20160110 20:36,76,22,77,20,74,29,65,62,60,-2,10260,54,68,81,87,89
20160110 20:37,73,22,77,20,71,28,65,61,59,-5,10261,54,68,81,87,89
20160110 20:38,71,17,76,20,72,21,65,61,59,-5,10262,54,68,81,87,89
20160110 20:39,71,14,76,19,69,18,65,62,60,-2,10262,54,68,81,87,89
20160110 20:40,71,15,75,19,73,23,65,62,60,-2,10262,54,68,81,87,89
20160110 20:41,78,18,76,19,82,29,65,61,59,-5,10261,54,68,81,87,89
20160110 20:42,82,21,76,19,83,25,65,61,59,-5,10261,54,68,81,87,88
20160110 20:43,82,18,76,19,81,22,65,61,59,-5,10261,54,68,81,87,89
20160110 20:44,85,17,77,19,89,30,65,60,58,-7,10261,54,68,80,87,88
20160110 20:45,84,20,77,18,79,25,65,60,58,-7,10261,54,68,80,86,88
20160110 20:46,78,19,78,18,78,25,65,60,58,-7,10261,54,68,80,86,88
20160110 20:47,80,19,79,18,83,25,65,60,58,-7,10261,54,68,80,86,88
20160110 20:48,81,20,80,19,79,24,65,60,58,-7,10261,54,68,80,86,88
20160110 20:49,80,18,81,19,81,21,65,60,58,-7,10262,54,68,80,86,88
20160110 20:50,81,15,81,19,80,21,65,60,58,-7,10262,54,68,80,86,88
20160110 20:51,80,17,81,19,79,27,65,60,58,-7,10261,54,68,80,86,88
20160110 20:52,77,20,80,18,75,24,65,60,58,-7,10261,54,67,80,86,88
20160110 20:53,75,19,80,19,74,22,65,60,58,-7,10261,54,67,80,86,88
20160110 20:54,75,18,78,19,76,22,65,60,58,-7,10261,54,67,80,86,88
20160110 20:55,76,20,78,19,77,28,65,60,58,-7,10260,54,67,80,86,88
20160110 20:56,80,21,79,19,83,30,65,60,58,-7,10260,54,67,80,86,88
20160110 20:57,84,18,79,19,85,21,65,60,58,-7,10260,54,67,80,86,88
20160110 20:58,83,17,79,18,81,22,65,59,57,-9,10260,54,67,80,86,88
20160110 20:59,81,19,79,19,81,24,65,60,58,-7,10260,54,67,80,86,88
20160110 21:00,82,21,79,19,83,24,65,60,58,-7,10259,53,67,80,86,88
20160110 21:01,80,21,79,20,77,26,65,60,58,-7,10259,53,67,80,86,88
20160110 21:02,76,22,79,20,75,29,65,60,58,-7,10259,53,67,80,86,88
20160110 21:03,76,24,80,21,78,32,65,60,58,-7,10259,53,67,80,86,88
20160110 21:04,78,22,80,21,78,23,65,60,58,-7,10259,53,67,80,86,88
20160110 21:05,79,18,80,20,80,22,65,60,58,-7,10259,53,67,80,86,88
20160110 21:06,80,17,80,20,79,19,65,60,58,-7,10260,53,67,80,86,88
20160110 21:07,79,17,79,20,79,22,65,60,58,-7,10260,53,67,79,86,88
20160110 21:08,76,15,78,19,73,16,65,59,57,-9,10260,53,67,79,86,88
20160110 21:09,74,13,78,19,75,22,65,60,58,-7,10260,53,67,79,86,88
20160110 21:10,77,16,77,19,78,21,65,59,57,-9,10260,53,66,79,86,88
20160110 21:11,80,18,78,18,81,25,65,60,58,-7,10260,53,66,79,86,88
20160110 21:12,81,19,78,18,80,23,65,59,57,-9,10259,53,66,79,86,88
20160110 21:13,85,21,79,18,89,29,65,60,58,-7,10258,53,66,79,86,88
20160110 21:14,87,22,80,18,85,24,65,59,57,-9,10258,53,66,79,86,88
20160110 21:15,85,21,80,18,84,28,65,59,57,-9,10257,53,66,79,86,88
20160110 21:16,82,25,80,19,80,37,65,59,57,-9,10257,53,66,79,86,88
20160110 21:17,82,24,81,20,84,31,65,59,57,-9,10257,53,66,79,86,88
20160110 21:18,83,21,82,21,81,24,65,58,56,-12,10257,53,66,79,86,88
20160110 21:19,83,20,83,21,85,30,65,59,57,-9,10258,53,66,79,86,88
20160110 21:20,85,18,83,21,85,19,65,59,57,-9,10258,53,66,79,86,88
20160110 21:21,83,17,83,21,81,26,66,59,57,-8,10258,53,66,79,85,88
20160110 21:22,82,20,84,21,82,31,66,58,56,-11,10258,53,66,79,85,88
20160110 21:23,81,22,83,21,80,29,66,58,56,-11,10258,53,66,79,85,88
20160110 21:24,79,24,82,22,77,37,66,58,56,-11,10257,53,66,79,85,88
20160110 21:25,78,25,81,22,78,30,66,59,57,-8,10257,53,66,79,85,88
20160110 21:26,77,24,81,22,76,35,66,58,56,-11,10257,53,66,79,85,88
20160110 21:27,77,25,80,22,78,34,66,58,56,-11,10257,53,66,79,85,88
20160110 21:28,75,25,79,22,72,33,66,59,57,-8,10257,53,66,79,85,88
20160110 21:29,68,23,77,22,65,27,66,59,57,-8,10258,53,66,78,85,88
20160110 21:30,62,20,75,23,59,24,66,58,56,-11,10258,53,65,78,85,88
20160110 21:31,59,20,73,23,58,28,66,59,57,-8,10258,53,65,78,85,88
20160110 21:32,55,20,70,22,52,23,66,58,56,-11,10258,53,65,78,85,88
20160110 21:33,55,16,67,22,58,22,66,59,57,-8,10258,53,65,78,85,88
20160110 21:34,56,17,65,21,54,27,66,59,57,-8,10258,53,65,78,85,88
20160110 21:35,57,21,63,21,60,30,66,59,57,-8,10258,53,65,78,85,88
20160110 21:36,58,23,61,21,57,31,66,59,57,-8,10258,53,65,78,85,88
20160110 21:37,58,22,59,20,59,28,67,58,57,-10,10258,53,65,78,85,88
20160110 21:38,56,21,57,20,52,29,67,58,57,-10,10257,53,65,78,85,88
20160110 21:39,57,21,57,20,63,27,67,58,57,-10,10257,53,65,78,85,88
20160110 21:40,65,22,58,21,67,32,67,58,57,-10,10256,53,65,78,85,88
20160110 21:41,68,24,59,21,68,31,67,59,58,-7,10255,53,65,78,85,88
20160110 21:42,69,24,61,22,71,36,67,58,57,-10,10254,53,65,78,85,88
20160110 21:43,69,25,62,23,67,36,67,58,57,-10,10254,53,65,78,85,88
20160110 21:44,68,22,63,23,70,30,67,59,58,-7,10254,53,65,78,85,88
20160110 21:45,69,18,64,22,67,23,67,60,59,-5,10254,53,65,78,85,88
20160110 21:46,66,18,65,21,65,23,67,60,59,-5,10255,53,65,78,85,88
20160110 21:47,66,17,66,21,66,21,67,60,59,-5,10255,53,65,78,85,88
20160110 21:48,64,17,67,21,62,24,67,60,59,-5,10256,53,65,78,85,88
20160110 21:49,66,18,67,20,70,23,67,60,59,-5,10257,53,65,78,85,88
20160110 21:50,61,15,66,19,52,15,67,60,59,-5,10258,53,65,78,85,88
20160110 21:51,60,12,66,18,69,19,67,60,59,-5,10258,53,65,78,85,88
20160110 21:52,72,13,66,17,76,19,67,60,59,-5,10258,53,65,78,85,88
20160110 21:53,75,15,67,16,73,21,67,60,59,-5,10257,53,65,78,85,88
20160110 21:54,74,16,67,16,74,24,67,60,59,-5,10257,53,64,77,85,88
20160110 21:55,71,20,68,16,68,28,67,60,59,-5,10257,53,64,77,85,88
20160110 21:56,70,23,68,17,72,27,67,60,59,-5,10257,53,64,77,85,88
20160110 21:57,74,21,69,17,77,24,67,60,59,-5,10256,53,64,77,85,88
20160110 21:58,77,18,71,17,77,23,67,60,59,-5,10256,53,64,77,84,88
20160110 21:59,74,18,71,17,72,27,67,60,59,-5,10257,53,64,77,84,88
20160110 22:00,74,16,73,17,76,18,67,60,59,-5,10257,53,64,77,84,88
20160110 22:01,80,14,75,18,84,22,67,60,59,-5,10258,53,64,77,84,88
20160110 22:02,82,16,75,18,79,20,67,60,59,-5,10258,53,64,77,84,88
20160110 22:03,77,16,75,18,75,24,67,60,59,-5,10258,53,64,77,84,88
20160110 22:04,82,16,77,18,89,19,67,60,59,-5,10259,53,64,77,84,88
20160110 22:05,87,16,78,17,84,22,67,60,59,-5,10259,53,64,77,84,88
20160110 22:06,79,16,79,17,74,19,67,61,60,-3,10259,53,64,77,84,88
20160110 22:07,75,14,79,16,77,15,67,60,59,-5,10259,53,64,77,84,88
20160110 22:08,80,14,79,16,82,22,67,61,60,-3,10260,53,64,77,84,88
20160110 22:09,72,13,78,15,62,18,67,61,60,-3,10260,53,64,77,84,88
20160110 22:10,67,13,78,15,73,22,67,61,60,-3,10260,53,64,77,84,88
20160110 22:11,71,14,76,15,69,21,67,60,59,-5,10260,53,64,77,84,88
20160110 22:12,72,13,76,14,75,17,67,61,60,-3,10259,53,64,77,84,88
20160110 22:13,77,15,76,15,78,22,67,61,60,-3,10259,53,64,77,84,88
20160110 22:14,80,18,76,15,81,29,67,61,60,-3,10258,53,64,77,84,88
20160110 22:15,82,20,75,15,82,25,67,61,60,-3,10258,53,64,77,84,87
20160110 22:16,87,20,77,16,91,21,67,61,60,-3,10258,53,64,77,84,87
20160110 22:17,92,18,79,16,93,19,67,61,60,-3,10258,53,64,77,84,88
20160110 22:18,93,19,80,17,93,25,67,61,60,-3,10257,53,64,77,84,87
20160110 22:19,94,21,83,18,95,29,67,62,61,-1,10257,53,64,77,84,87
20160110 22:20,93,22,85,18,92,34,67,61,60,-3,10256,53,64,77,84,87
20160110 22:21,92,23,87,19,92,34,67,62,61,-1,10256,53,64,76,84,87
20160110 22:22,92,22,89,20,93,31,67,61,60,-3,10256,53,64,76,84,87
20160110 22:23,90,23,90,21,88,30,67,61,60,-3,10256,53,64,76,84,87
20160110 22:24,84,21,90,21,80,25,67,61,60,-3,10257,53,64,76,84,87
20160110 22:25,80,18,90,21,80,22,67,62,61,-1,10257,53,64,76,84,87
20160110 22:26,80,18,89,20,80,25,67,62,61,-1,10258,53,64,76,84,87
20160110 22:27,78,17,87,20,76,24,67,62,61,-1,10258,53,64,76,84,87
20160110 22:28,75,14,85,20,73,18,67,62,61,-1,10258,53,64,76,84,87
20160110 22:29,76,16,83,19,79,20,67,62,61,-1,10258,53,64,76,84,87
20160110 22:30,80,16,82,18,81,19,68,62,61,0,10258,53,64,76,84,87
20160110 22:31,78,16,80,18,75,26,67,62,61,-1,10258,53,64,76,84,87
20160110 22:32,75,19,79,18,76,28,68,62,61,0,10258,53,64,76,84,87
20160110 22:33,73,19,77,17,71,25,68,62,61,0,10258,53,64,76,83,87
20160110 22:34,71,15,76,17,71,17,68,62,61,0,10258,53,64,76,84,87
20160110 22:35,70,15,75,16,70,21,68,63,62,3,10258,53,64,76,83,87
20160110 22:36,66,16,73,16,62,18,67,63,62,2,10258,53,64,76,83,87
20160110 22:37,65,15,73,16,69,22,68,62,61,0,10258,53,64,76,83,87
20160110 22:38,64,15,71,16,59,22,68,62,61,0,10258,53,64,76,83,87
20160110 22:39,64,14,70,16,69,18,68,62,61,0,10258,53,63,76,83,87
20160110 22:40,65,13,68,15,60,18,68,62,61,0,10258,53,63,76,83,87
20160110 22:41,62,12,67,15,64,16,68,62,61,0,10258,53,64,76,83,87
20160110 22:42,65,13,66,14,66,17,68,62,61,0,10257,53,63,76,83,87
20160110 22:43,68,14,66,14,70,19,68,62,61,0,10257,53,63,76,83,87
20160110 22:44,68,14,66,14,66,18,68,63,62,3,10257,54,63,76,83,87
20160110 22:45,66,13,65,14,66,17,67,63,62,2,10257,54,63,76,83,87
20160110 22:46,62,14,65,14,57,21,67,64,63,4,10257,54,63,76,83,87
20160110 22:47,53,15,63,14,49,21,67,63,62,2,10257,54,63,76,83,87
20160110 22:48,43,15,61,14,38,21,67,63,62,2,10257,54,63,76,83,87
20160110 22:49,38,16,57,14,38,22,67,63,62,2,10256,54,63,76,83,87
20160110 22:50,40,17,56,15,42,22,67,63,62,2,10256,54,63,76,83,87
20160110 22:51,42,16,53,15,43,18,67,64,63,4,10255,54,63,75,83,87
20160110 22:52,44,15,51,15,46,22,67,64,63,4,10254,54,63,75,83,87
20160110 22:53,50,14,50,15,54,16,67,64,63,4,10254,54,63,75,83,87
20160110 22:54,51,15,48,15,48,27,67,63,62,2,10254,54,63,75,83,87
20160110 22:55,53,16,47,16,58,16,67,63,62,2,10255,54,63,75,83,87
20160110 22:56,57,14,47,15,56,22,67,63,62,2,10256,54,63,75,83,87
20160110 22:57,60,15,49,15,63,20,67,63,62,2,10256,54,63,75,83,87
20160110 22:58,62,13,51,15,60,17,67,63,62,2,10257,54,63,75,83,87
20160110 22:59,70,15,55,15,80,23,67,62,61,-1,10258,54,63,75,83,87
20160110 23:00,88,15,60,14,96,18,68,62,61,0,10258,54,63,75,83,87
20160110 23:01,87,10,64,14,79,13,68,63,62,3,10258,54,63,75,83,87
20160110 23:02,86,9,69,13,94,11,68,63,62,3,10258,54,63,75,83,87
20160110 23:03,88,11,72,13,83,18,68,63,62,3,10258,54,63,75,83,87
20160110 23:04,80,13,75,13,78,15,68,64,63,5,10257,54,63,75,83,87
20160110 23:05,77,13,77,13,76,18,67,64,63,4,10257,54,63,75,83,87
20160110 23:06,72,15,78,13,69,21,67,64,63,4,10256,54,63,75,83,87
20160110 23:07,68,16,78,13,67,21,67,65,64,6,10256,54,63,75,83,87
20160110 23:08,67,17,79,14,68,27,67,65,64,6,10255,54,63,75,83,87
20160110 23:09,67,19,78,14,66,26,67,65,64,6,10254,54,63,75,83,87
20160110 23:10,67,20,75,15,68,28,67,65,64,6,10253,54,63,75,83,87
20160110 23:11,67,18,74,15,67,20,67,65,64,6,10253,54,63,75,83,87
20160110 23:12,65,17,71,16,64,24,67,65,64,6,10254,54,63,75,83,87
20160110 23:13,62,16,68,17,60,21,67,65,64,6,10254,54,63,75,83,87
20160110 23:14,61,15,67,17,63,20,67,65,64,6,10255,54,63,75,83,87
20160110 23:15,60,16,65,17,57,21,67,65,64,6,10255,54,63,75,83,87
20160110 23:16,59,16,64,17,60,20,67,65,64,6,10255,54,63,75,83,87
20160110 23:17,60,15,63,17,60,20,67,65,64,6,10255,54,63,75,83,87
20160110 23:18,58,14,62,17,57,21,67,65,64,6,10255,54,63,75,83,87
20160110 23:19,58,12,61,16,59,14,67,65,64,6,10256,54,63,75,82,87
20160110 23:20,55,10,60,15,51,15,67,65,64,6,10256,54,63,75,82,87
20160110 23:21,52,7,59,14,54,9,67,65,64,6,10257,54,63,75,82,87
20160110 23:22,49,6,57,12,45,9,67,65,64,6,10257,54,63,75,82,87
20160110 23:23,52,6,57,11,59,8,67,65,64,6,10258,54,63,75,82,87
20160110 23:24,60,6,56,11,60,8,67,65,64,6,10258,54,63,75,82,87
20160110 23:25,62,5,57,9,64,10,67,65,64,6,10258,54,63,75,82,87
20160110 23:26,69,8,58,9,73,16,67,65,64,6,10257,54,63,75,82,87
20160110 23:27,73,11,59,9,73,12,67,65,64,6,10257,54,63,75,82,87
20160110 23:28,77,10,62,8,80,12,67,65,64,6,10256,54,63,75,82,87
20160110 23:29,77,10,63,8,75,12,67,65,64,6,10256,54,63,75,82,87
20160110 23:30,75,10,66,8,75,12,67,65,64,6,10256,54,63,74,82,86
20160110 23:31,77,10,68,9,79,13,67,65,64,6,10256,54,63,74,82,86
20160110 23:32,77,11,71,9,75,14,67,66,65,8,10256,54,63,74,82,86
20160110 23:33,77,13,73,10,78,17,67,66,65,8,10255,54,63,74,82,86
20160110 23:34,77,14,75,11,77,17,67,66,65,8,10255,54,63,74,82,86
20160110 23:35,75,13,76,12,74,14,67,66,65,8,10255,54,63,74,82,86
20160110 23:36,73,12,76,12,72,16,66,66,64,7,10255,54,63,74,82,86
20160110 23:37,74,13,76,12,76,17,66,67,65,9,10254,54,63,74,82,86
20160110 23:38,71,13,75,12,67,15,66,67,65,9,10254,54,63,74,82,86
20160110 23:39,66,12,74,12,66,17,66,66,64,7,10254,54,63,74,82,86
20160110 23:40,66,13,73,13,67,17,66,67,65,9,10254,54,63,74,82,86
20160110 23:41,64,14,71,13,62,20,66,67,65,9,10254,54,63,74,82,86
20160110 23:42,58,15,69,13,54,23,66,67,65,9,10253,53,63,74,82,86
20160110 23:43,57,15,68,13,60,18,66,67,65,9,10254,53,63,74,82,86
20160110 23:44,57,13,65,13,55,15,66,67,65,9,10254,53,63,74,82,86
20160110 23:45,55,12,63,13,56,18,66,67,65,9,10255,53,63,74,82,86
20160110 23:46,56,11,62,13,55,15,66,67,65,9,10256,53,63,74,82,86
20160110 23:47,56,11,60,13,57,14,66,67,65,9,10256,53,63,74,82,86
20160110 23:48,60,12,59,13,62,16,66,66,64,7,10256,53,63,74,82,86
20160110 23:49,61,13,59,13,60,16,65,67,65,8,10255,53,63,74,82,86
20160110 23:50,59,13,58,13,58,16,65,67,65,8,10255,53,63,74,82,86
20160110 23:51,53,13,57,13,49,18,65,67,65,8,10254,53,63,74,82,86
20160110 23:52,49,14,56,13,49,18,65,67,65,8,10254,53,63,74,82,86
20160110 23:53,43,13,54,12,37,16,65,67,65,8,10255,53,63,74,82,86
20160110 23:54,34,13,51,13,31,16,65,67,65,8,10256,53,63,74,82,86
20160110 23:55,29,14,48,13,26,21,65,67,65,8,10257,53,63,74,82,86
20160110 23:56,26,14,46,13,26,20,65,67,65,8,10257,54,63,74,82,86
20160110 23:57,32,15,44,13,38,22,65,67,65,8,10257,54,63,74,82,86
20160110 23:58,41,14,42,13,44,14,65,67,65,8,10256,54,63,74,82,86
20160110 23:59,48,10,41,13,51,17,65,67,65,8,10255,54,63,74,82,86
20160110 00:00,46,11,39,13,41,19,65,67,65,8,10254,54,63,74,82,86
20160110 00:01,44,12,39,13,47,17,65,67,65,8,10253,54,63,74,82,86
20160110 00:02,50,13,39,13,53,20,65,67,65,8,10253,54,63,74,82,86
20160110 00:03,54,16,41,14,55,23,65,67,65,8,10252,54,63,74,82,86
20160110 00:04,51,18,43,14,46,22,65,67,65,8,10252,54,63,74,82,86
20160110 00:05,48,15,45,14,51,16,65,67,65,8,10252,54,63,74,82,86
20160110 00:06,50,14,48,14,49,23,65,67,65,8,10252,54,63,74,82,86
20160110 00:07,47,16,48,14,44,21,65,67,65,8,10252,54,63,74,82,86
20160110 00:08,48,13,49,14,52,16,65,67,65,8,10253,54,63,74,82,86
20160110 00:09,56,12,50,14,60,17,65,68,66,10,10253,54,63,74,81,86
20160110 00:10,59,12,51,14,58,18,65,67,65,8,10253,54,63,74,81,86
20160110 00:11,63,12,53,14,67,15,65,67,65,8,10253,54,63,74,81,86
20160110 00:12,66,13,55,14,64,20,65,67,65,8,10252,54,63,74,81,86
20160110 00:13,64,17,55,14,64,25,65,67,65,8,10251,54,63,74,81,86
20160110 00:14,65,19,58,15,67,25,65,68,66,10,10251,54,63,74,81,86
20160110 00:15,67,21,59,15,67,25,65,68,66,10,10250,54,63,74,81,86
20160110 00:16,66,20,61,16,65,26,65,67,65,8,10249,54,63,74,81,86
20160110 00:17,66,18,63,16,67,23,65,68,66,10,10249,54,63,74,81,86
20160110 00:18,65,17,64,16,63,24,65,68,66,10,10250,54,63,74,81,86
20160110 00:19,61,17,64,17,59,25,65,68,66,10,10250,54,63,74,81,86
20160110 00:20,59,18,64,18,58,24,65,68,66,10,10250,54,63,73,81,86
20160110 00:21,55,16,63,18,51,20,66,68,66,11,10250,54,63,73,81,86
20160110 00:22,51,15,61,18,51,20,66,68,66,11,10251,54,63,74,81,86
20160110 00:23,49,16,60,18,48,22,66,68,66,11,10251,54,63,74,81,86
20160110 00:24,42,14,57,17,36,18,66,68,66,11,10252,54,63,74,81,86
20160110 00:25,41,16,54,17,46,27,66,68,66,11,10253,54,62,73,81,86
20160110 00:26,47,14,53,16,47,12,66,67,65,9,10254,54,62,73,81,86
20160110 00:27,42,11,50,15,37,22,66,68,66,11,10255,54,62,73,81,86
20160110 00:28,37,13,47,15,36,18,66,67,65,9,10255,54,62,73,81,86
20160110 00:29,40,12,46,14,45,17,66,67,65,9,10256,54,62,73,81,86
20160110 00:30,44,10,44,13,43,13,66,67,65,9,10257,54,62,73,81,86
20160110 00:31,41,9,43,13,38,16,66,67,65,9,10258,54,62,73,81,86
20160110 00:32,41,10,42,12,44,16,66,67,65,9,10258,54,62,73,81,86
20160110 00:33,49,10,42,12,53,11,66,67,65,9,10258,54,62,73,81,86
20160110 00:34,51,10,44,11,49,18,66,67,65,9,10258,54,62,73,81,86
20160110 00:35,46,14,43,11,43,20,66,67,65,9,10257,54,62,73,81,86
20160110 00:36,49,17,44,12,55,24,66,67,65,9,10256,54,62,73,81,86
20160110 00:37,55,16,46,12,56,19,66,67,65,9,10256,54,62,73,81,86
20160110 00:38,49,15,47,12,43,20,66,67,65,9,10256,54,62,73,81,86
20160110 00:39,48,16,48,13,54,25,66,68,66,11,10256,54,62,73,81,86
20160110 00:40,57,16,49,13,59,18,67,68,67,12,10256,54,62,73,81,86
20160110 00:41,57,13,51,14,54,18,67,68,67,12,10256,55,62,73,81,86
20160110 00:42,55,13,52,14,57,19,67,68,67,12,10257,54,62,73,81,86
20160110 00:43,53,12,52,14,48,14,67,68,67,12,10258,55,62,73,81,86
20160110 00:44,46,12,51,14,43,15,67,68,67,12,10258,55,62,73,81,86
20160110 00:45,45,12,52,14,47,17,67,68,67,12,10258,55,62,73,81,86
20160110 00:46,50,13,51,14,52,20,67,68,67,12,10257,55,62,73,81,86
20160110 00:47,53,13,51,13,55,16,67,68,67,12,10257,55,62,73,81,86
20160110 00:48,56,15,53,14,58,22,67,68,67,12,10257,55,62,73,81,86
20160110 00:49,57,18,53,14,56,21,67,68,67,12,10256,55,62,73,81,86
20160110 00:50,57,17,53,14,58,24,67,68,67,12,10256,55,62,73,81,86
20160110 00:51,54,16,52,14,49,19,67,68,67,12,10255,55,62,73,81,86
20160110 00:52,53,17,52,15,56,26,67,68,67,12,10255,55,62,73,81,86
20160110 00:53,56,19,53,15,57,28,67,68,67,12,10254,55,62,73,81,86
20160110 00:54,59,19,55,16,60,26,67,68,67,12,10253,55,62,73,81,86
20160110 00:55,61,20,56,17,61,24,67,68,67,12,10252,55,62,73,81,85
20160110 00:56,61,18,57,17,60,23,67,68,67,12,10252,55,62,73,81,86
20160110 00:57,61,19,58,18,61,27,67,69,68,14,10251,55,62,73,81,85
20160110 00:58,60,20,58,18,59,26,67,69,68,14,10251,55,62,73,81,85
20160110 00:59,59,18,58,18,58,22,67,68,67,12,10251,55,62,73,81,85
20160110 01:00,58,17,58,18,57,28,67,69,68,14,10251,55,62,73,81,85
20160110 01:01,59,20,59,19,61,26,67,69,68,14,10251,55,62,73,81,85
20160110 01:02,59,18,59,19,57,21,67,69,68,14,10251,55,62,73,81,85
20160110 01:03,58,19,59,19,58,29,67,69,68,14,10250,55,62,73,81,85
20160110 01:04,58,23,59,19,57,28,67,69,68,14,10250,55,62,73,81,85
20160110 01:05,59,21,59,19,62,24,67,69,68,14,10250,55,62,73,81,85
20160110 01:06,60,19,59,19,58,18,67,69,68,14,10250,55,62,73,81,85
20160110 01:07,58,18,58,19,57,25,67,69,68,14,10251,55,62,73,81,85
20160110 01:08,56,17,58,19,54,20,67,69,68,14,10251,55,62,73,81,85
20160110 01:09,54,16,58,19,55,24,68,69,68,15,10251,55,62,73,80,85
20160110 01:10,58,18,58,19,60,22,68,69,68,15,10251,55,62,73,80,85
20160110 01:11,64,16,58,18,67,22,68,69,68,15,10251,55,62,73,80,85
20160110 01:12,69,16,60,18,72,21,68,69,68,15,10251,55,62,73,80,85
20160110 01:13,71,14,61,17,70,16,68,69,68,15,10251,55,62,73,80,85
20160110 01:14,70,13,63,16,71,22,68,69,68,15,10251,55,62,73,80,85
20160110 01:15,70,14,63,16,69,19,68,69,68,15,10251,55,62,73,80,85
20160110 01:16,69,16,64,16,69,22,68,70,69,17,10250,55,62,73,80,85
20160110 01:17,65,16,65,15,62,22,67,70,69,16,10250,55,62,73,80,85
20160110 01:18,64,16,66,16,66,20,67,70,69,16,10250,55,62,73,80,85
20160110 01:19,64,16,67,15,62,22,67,70,69,16,10251,55,62,73,80,85
20160110 01:20,58,18,66,16,54,24,67,70,69,16,10251,55,62,73,80,85
20160110 01:21,56,17,65,16,57,23,67,70,69,16,10252,55,62,73,80,85
20160110 01:22,58,16,64,16,58,22,67,70,69,16,10252,55,62,73,80,85
20160110 01:23,56,16,62,16,55,20,67,70,69,16,10252,55,62,73,80,85
20160110 01:24,56,16,61,16,57,21,68,70,69,17,10252,55,62,73,80,85
20160110 01:25,53,16,59,16,50,22,68,70,69,17,10253,55,62,73,80,85
20160110 01:26,44,14,56,16,38,19,68,70,69,17,10253,55,62,73,80,85
20160110 01:27,43,11,54,15,47,11,68,70,69,17,10254,55,62,73,80,85
20160110 01:28,50,8,53,14,53,12,68,70,69,17,10255,55,62,73,80,85
20160110 01:29,55,9,53,14,56,17,68,70,69,17,10255,55,62,73,80,85
20160110 01:30,48,10,51,13,40,16,68,70,69,17,10256,55,62,72,80,85
20160110 01:31,42,9,50,12,43,11,68,70,69,17,10256,55,62,73,80,85
20160110 01:32,52,8,50,11,62,11,68,70,69,17,10256,55,62,72,80,85
20160110 01:33,63,9,51,11,63,14,68,70,69,17,10255,55,62,73,80,85
20160110 01:34,64,11,52,10,66,14,68,70,69,17,10255,55,62,72,80,85
20160110 01:35,66,11,54,10,67,13,68,70,69,17,10255,55,62,72,80,85
20160110 01:36,66,10,56,9,66,14,68,70,69,17,10255,55,62,72,80,85
20160110 01:37,64,9,58,9,63,11,68,70,69,17,10255,55,62,72,80,85
20160110 01:38,58,10,58,10,53,17,68,70,69,17,10256,55,62,72,80,85
20160110 01:39,54,11,58,10,56,15,68,70,69,17,10256,55,62,72,80,85
20160110 01:40,53,12,59,10,50,17,68,70,69,17,10256,55,62,72,80,85
20160110 01:41,50,12,60,10,49,17,68,70,69,17,10257,56,62,72,80,85
20160110 01:42,50,10,58,10,50,10,68,70,69,17,10257,56,62,72,80,85
20160110 01:43,46,8,56,10,43,13,68,70,69,17,10257,56,62,72,80,85
20160110 01:44,41,10,54,10,39,17,68,70,69,17,10257,56,62,72,80,85
20160110 01:45,37,10,50,10,36,14,69,70,70,18,10257,56,62,72,80,85
20160110 01:46,40,9,48,10,45,12,69,69,69,16,10257,56,62,72,80,85
20160110 01:47,46,10,47,11,48,15,69,70,70,18,10257,56,62,72,80,85
20160110 01:48,52,12,47,11,56,17,69,70,70,18,10256,56,62,72,80,85
20160110 01:49,54,12,47,11,53,17,69,70,70,18,10256,56,62,72,80,85
20160110 01:50,54,13,48,11,56,19,69,70,70,18,10256,56,62,72,80,85
20160110 01:51,55,13,48,11,54,17,69,70,70,18,10256,56,62,72,80,85
20160110 01:52,55,13,49,12,57,17,69,70,70,18,10256,56,62,72,80,85
20160110 01:53,57,13,50,12,57,14,69,70,70,18,10256,56,62,72,80,85
20160110 01:54,56,12,52,12,55,15,69,70,70,18,10256,56,62,72,80,85
20160110 01:55,55,12,54,12,55,19,69,70,70,18,10256,56,62,72,80,85
20160110 01:56,54,13,54,13,53,18,69,70,70,18,10256,56,62,72,80,85
20160110 01:57,53,14,55,13,54,21,69,70,70,18,10256,56,62,72,80,85
20160110 01:58,53,14,55,13,52,18,69,70,70,18,10256,56,62,72,80,85
20160110 01:59,55,14,55,13,58,22,69,70,70,18,10255,56,62,72,80,85
20160110 02:00,60,13,56,13,62,16,69,70,70,18,10255,56,62,72,80,85
20160110 02:01,65,12,57,13,69,17,69,70,70,18,10255,56,62,72,80,85
20160110 02:02,70,13,59,13,71,19,69,70,70,18,10254,56,62,72,80,85
20160110 02:03,74,14,60,13,76,18,69,70,70,18,10254,56,62,72,80,85
20160110 02:04,76,15,62,14,75,18,69,70,70,18,10254,56,62,72,80,85
20160110 02:05,73,16,64,14,70,20,69,70,70,18,10254,56,62,72,80,85
20160110 02:06,69,16,66,14,69,22,70,70,70,19,10254,56,62,72,80,85
20160110 02:07,67,15,67,14,65,18,70,70,70,19,10254,56,62,72,80,85
20160110 02:08,66,13,68,14,66,20,70,70,70,19,10254,56,62,72,80,85
20160110 02:09,70,11,70,14,74,12,70,70,70,19,10254,56,62,72,80,85
20160110 02:10,77,10,72,13,81,13,70,70,70,19,10254,56,62,72,80,85
20160110 02:11,84,9,73,13,87,12,69,71,71,20,10254,56,62,72,80,85
20160110 02:12,85,9,75,13,83,11,69,71,71,20,10254,56,62,72,80,85
20160110 02:13,85,8,76,12,86,8,69,71,71,20,10254,56,62,72,80,85
20160110 02:14,84,7,76,11,81,10,69,71,71,20,10253,56,62,72,80,85
20160110 02:15,79,7,77,10,77,7,69,71,71,20,10253,56,63,72,80,85
20160110 02:16,79,7,78,9,80,9,69,71,71,20,10253,56,63,72,80,85
20160110 02:17,84,8,80,9,87,10,69,71,71,20,10253,56,62,72,80,85
20160110 02:18,90,7,83,8,94,7,69,71,71,20,10253,56,63,72,80,85
20160110 02:19,98,7,86,8,103,8,69,72,72,22,10253,56,62,72,80,85
20160110 02:20,102,7,88,8,102,9,69,72,72,22,10253,56,63,72,80,85
20160110 02:21,104,7,90,7,107,9,69,72,72,22,10253,56,63,72,80,85
20160110 02:22,106,7,92,7,104,8,69,72,72,22,10253,56,63,72,80,85
20160110 02:23,101,7,93,7,98,8,69,72,72,22,10252,56,63,72,80,85
20160110 02:24,93,8,94,7,89,10,69,72,72,22,10252,56,63,72,80,85
20160110 02:25,88,10,95,8,86,12,69,72,72,22,10251,56,63,72,80,85
20160110 02:26,84,10,95,8,82,12,69,72,72,22,10251,56,63,72,80,85
20160110 02:27,79,9,94,8,75,10,68,72,71,21,10251,56,63,72,80,85
20160110 02:28,74,10,92,9,73,14,68,73,72,23,10251,56,63,72,80,85
20160110 02:29,72,12,89,9,70,14,68,73,72,23,10251,56,63,72,79,85
20160110 02:30,69,12,85,9,68,14,68,74,73,25,10251,56,63,72,79,85
20160110 02:31,66,13,81,10,63,17,68,74,73,25,10251,56,63,72,79,85
20160110 02:32,63,14,77,11,64,16,68,74,73,25,10251,56,63,72,79,84
20160110 02:33,69,13,74,11,75,15,68,74,73,25,10251,56,63,72,80,84
20160110 02:34,85,10,75,11,95,12,68,74,73,25,10251,56,63,72,79,84
20160110 02:35,110,8,79,11,125,10,68,75,74,27,10251,56,63,72,79,84
20160110 02:36,137,10,84,11,150,15,68,75,74,27,10251,56,63,72,79,84
20160110 02:37,151,12,92,12,152,14,67,75,74,26,10251,56,63,72,79,84
20160110 02:38,144,12,99,12,135,15,67,76,75,28,10250,56,63,72,79,84
20160110 02:39,123,10,104,11,112,12,67,76,75,28,10250,56,63,72,79,84
20160110 02:40,94,8,104,11,76,8,67,76,75,28,10250,56,63,72,79,84
20160110 02:41,67,6,104,10,57,7,67,76,75,28,10250,56,63,72,79,84
20160110 02:42,74,5,107,9,91,7,67,76,75,28,10250,56,63,72,79,84
20160110 02:43,84,5,107,9,77,8,67,76,75,28,10249,56,63,72,79,84
20160110 02:44,76,6,105,8,75,7,67,77,76,30,10249,56,63,72,79,84
20160110 02:45,68,6,98,8,62,9,67,77,76,30,10249,56,63,72,79,84
20160110 02:46,56,8,87,8,50,12,67,77,76,30,10249,56,63,72,79,84
20160110 02:47,52,10,78,8,54,11,67,77,76,30,10248,56,63,72,79,84
20160110 02:48,57,8,71,7,60,9,67,77,76,30,10248,56,63,72,79,84
20160110 02:49,67,5,68,7,75,6,67,76,75,28,10248,56,63,72,79,84
20160110 02:50,90,2,70,6,104,2,67,76,75,28,10248,56,63,72,79,84
20160110 02:51,105,2,75,6,106,5,67,77,76,30,10248,56,63,72,79,84
20160110 02:52,107,4,77,6,108,7,67,77,76,30,10248,57,63,72,79,84
20160110 02:53,111,5,81,6,114,7,67,77,76,30,10248,57,63,72,79,84
20160110 02:54,110,7,84,6,106,11,67,77,76,30,10248,57,63,72,79,84
20160110 02:55,103,8,88,6,100,10,67,77,76,30,10247,57,63,72,79,84
20160110 02:56,93,8,92,6,86,11,66,77,75,29,10247,57,63,72,79,84
20160110 02:57,88,9,95,6,90,12,66,77,75,29,10247,57,63,72,79,84
20160110 02:58,91,10,98,7,92,13,66,78,76,30,10247,57,63,72,79,84
20160110 02:59,95,11,100,7,97,15,66,78,76,30,10247,57,63,72,79,84
20160110 03:00,102,12,101,9,107,15,66,78,76,30,10247,57,63,72,79,84
20160110 03:01,109,13,101,9,112,16,66,78,76,30,10247,57,63,72,79,84
20160110 03:02,113,12,102,10,115,14,66,79,77,32,10246,57,63,72,79,84
20160110 03:03,113,13,102,11,112,16,66,79,77,32,10246,57,63,72,79,84
20160110 03:04,110,15,102,12,108,16,66,79,77,32,10245,57,63,72,79,84
20160110 03:05,104,14,102,12,101,16,66,79,77,32,10245,57,63,72,79,84
20160110 03:06,99,14,103,13,97,16,66,79,77,32,10245,57,63,72,79,84
20160110 03:07,99,13,104,13,100,15,66,78,76,30,10245,57,63,72,79,84
20160110 03:08,100,12,105,13,100,13,66,78,76,30,10245,57,63,72,79,84
20160110 03:09,101,11,105,13,101,13,66,78,76,30,10245,57,63,72,79,84
20160110 03:10,101,11,105,13,102,13,66,78,76,30,10245,57,63,72,79,84
20160110 03:11,103,11,104,13,104,12,66,78,76,30,10245,57,63,72,79,84
20160110 03:12,101,10,102,13,97,13,66,78,76,30,10245,57,63,72,79,84
20160110 03:13,97,10,101,12,97,12,66,78,76,30,10245,57,63,72,79,84
20160110 03:14,95,10,99,12,94,13,66,78,76,30,10245,57,63,72,79,84
20160110 03:15,93,10,99,11,93,11,66,78,76,30,10245,57,63,72,79,84
20160110 03:16,95,10,99,11,98,12,66,78,76,30,10245,57,63,72,79,84
20160110 03:17,99,10,99,11,100,11,66,78,76,30,10245,57,63,72,79,84
20160110 03:18,103,8,99,10,107,10,66,78,76,30,10245,57,63,72,79,84
20160110 03:19,108,9,100,10,110,12,66,79,77,32,10245,57,63,72,79,84
20160110 03:20,109,10,101,10,109,11,66,79,77,32,10245,57,63,72,79,84
20160110 03:21,110,10,102,10,111,10,66,79,77,32,10245,57,63,72,79,84
20160110 03:22,113,9,103,10,114,11,66,79,77,32,10246,57,63,72,79,84
20160110 03:23,115,10,105,10,116,11,66,79,77,32,10246,57,63,72,79,84
20160110 03:24,116,10,107,10,116,12,66,79,77,32,10245,57,63,72,79,84
20160110 03:25,115,11,110,10,114,13,66,79,77,32,10245,57,63,72,79,84
20160110 03:26,110,13,110,10,107,15,66,79,77,32,10245,57,63,72,79,84
20160110 03:27,107,13,111,11,106,14,66,79,77,32,10244,58,63,72,79,84
20160110 03:28,106,13,111,11,107,15,66,80,78,34,10244,58,63,72,79,84
20160110 03:29,105,13,110,11,103,14,66,80,78,34,10244,58,63,72,79,84
20160110 03:30,103,12,110,12,104,13,66,80,78,34,10244,58,63,72,79,84
20160110 03:31,101,11,109,12,98,13,66,80,78,34,10244,58,63,72,79,84
20160110 03:32,95,10,106,12,92,12,66,80,78,34,10244,58,63,72,79,84
20160110 03:33,90,10,104,12,89,11,66,80,78,34,10243,58,63,72,79,84
20160110 03:34,87,10,101,12,86,14,66,80,78,34,10243,58,63,72,79,84
20160110 03:35,86,11,98,12,86,15,66,80,78,34,10242,58,63,72,79,84
20160110 03:36,83,13,95,12,80,17,66,80,78,34,10242,58,64,72,79,84
20160110 03:37,82,14,93,12,83,18,66,80,78,34,10242,58,64,72,79,84
20160110 03:38,79,14,90,12,76,16,66,80,78,34,10242,58,64,72,79,84
20160110 03:39,75,12,87,12,75,14,67,80,78,35,10242,58,64,72,79,84
20160110 03:40,74,11,84,12,73,14,67,80,78,35,10242,58,64,72,79,84
20160110 03:41,72,11,81,12,71,14,67,80,78,35,10242,58,64,72,79,84
20160110 03:42,69,12,79,12,68,16,67,80,78,35,10242,58,64,72,79,84
20160110 03:43,68,12,77,12,68,15,67,80,78,35,10242,58,64,72,79,84
20160110 03:44,64,11,74,12,60,13,67,80,78,35,10243,58,64,72,79,84
20160110 03:45,63,10,72,12,66,12,67,80,78,35,10243,58,64,72,79,84
20160110 03:46,65,11,70,12,65,15,67,80,78,35,10243,58,64,72,79,84
20160110 03:47,60,12,68,12,55,13,67,80,78,35,10243,58,64,72,79,84
20160110 03:48,57,10,66,11,58,11,67,80,78,35,10243,58,64,72,79,84
20160110 03:49,59,9,64,11,60,11,67,80,78,35,10243,58,64,72,79,84
20160110 03:50,62,10,63,11,63,12,68,80,79,36,10243,58,64,72,79,84
20160110 03:51,66,10,63,11,68,12,68,80,79,36,10242,58,64,72,79,84
20160110 03:52,67,10,63,10,67,15,68,80,79,36,10242,58,64,72,79,84
20160110 03:53,70,11,63,10,73,13,68,80,79,36,10242,58,64,72,79,84
20160110 03:54,73,10,65,10,73,12,68,80,79,36,10242,58,64,72,79,84
20160110 03:55,74,8,66,10,75,10,68,81,80,38,10242,58,64,72,79,84
20160110 03:56,72,8,66,10,69,11,68,81,80,38,10242,58,64,72,79,84
20160110 03:57,70,10,68,10,71,12,68,81,80,38,10242,58,64,72,79,84
20160110 03:58,72,11,69,10,73,14,68,81,80,38,10242,58,64,72,79,84
20160110 03:59,74,12,71,10,75,14,68,81,80,38,10242,58,64,72,79,84
20160110 04:00,73,12,72,10,72,14,68,81,80,38,10241,58,64,72,79,84
20160110 04:01,72,13,72,11,72,17,68,81,80,38,10241,58,64,72,79,84
20160110 04:02,74,14,73,11,75,16,67,81,79,37,10241,58,64,72,79,84
20160110 04:03,75,14,73,12,75,17,67,81,79,37,10241,58,64,72,79,84
20160110 04:04,75,14,73,12,76,16,67,81,79,37,10240,58,64,72,79,84
20160110 04:05,77,14,74,13,79,17,67,81,79,37,10239,58,64,72,79,84
20160110 04:06,79,16,75,14,79,20,67,81,79,37,10238,58,64,72,79,84
20160110 04:07,79,17,75,14,79,19,67,81,79,37,10238,58,64,72,79,84
20160110 04:08,79,17,76,15,78,19,67,81,79,37,10237,58,64,72,79,84
20160110 04:09,79,17,77,15,81,20,67,81,79,37,10237,58,64,72,79,84
20160110 04:10,81,16,78,15,82,17,67,81,79,37,10237,58,64,72,79,84
20160110 04:11,82,15,79,15,82,16,67,81,79,37,10237,58,64,72,79,84
20160110 04:12,83,14,80,15,84,17,67,81,79,37,10237,58,64,72,79,84
20160110 04:13,84,15,80,16,84,16,67,81,79,37,10237,58,64,72,79,84
20160110 04:14,84,14,81,15,83,15,67,81,79,37,10237,58,64,72,79,84
20160110 04:15,81,13,81,15,78,15,67,82,80,38,10237,58,64,72,79,84
20160110 04:16,74,12,80,15,71,16,67,82,80,38,10237,58,64,72,79,84
20160110 04:17,71,13,79,14,70,15,67,82,80,38,10237,58,64,72,79,84
20160110 04:18,69,12,78,14,68,15,67,82,80,38,10237,58,64,72,79,84
20160110 04:19,67,12,77,13,67,14,67,82,80,38,10238,58,64,72,79,84
20160110 04:20,65,11,75,13,63,12,67,82,80,38,10238,58,64,72,79,84
20160110 04:21,63,9,73,12,63,11,67,82,80,38,10239,58,64,72,79,84
20160110 04:22,62,8,71,12,62,8,67,82,80,38,10240,58,64,72,79,84
20160110 04:23,63,7,69,11,63,10,67,82,80,38,10240,58,64,72,79,84
20160110 04:24,64,8,67,11,66,11,67,83,81,40,10239,58,64,72,79,84
20160110 04:25,66,10,66,10,67,13,67,83,81,40,10239,59,64,72,79,84
20160110 04:26,67,11,65,10,66,12,67,83,81,40,10239,59,64,72,79,84
20160110 04:27,67,11,65,10,67,14,67,83,81,40,10238,59,64,72,79,84
20160110 04:28,68,12,65,10,69,14,67,83,81,40,10238,59,64,72,79,84
20160110 04:29,70,14,66,10,72,15,67,84,82,42,10237,59,64,72,79,84
20160110 04:30,70,15,66,11,68,17,67,84,82,42,10237,59,64,72,79,84
20160110 04:31,69,14,67,11,69,16,67,84,82,42,10237,59,64,72,79,84
20160110 04:32,66,13,67,12,62,16,67,84,82,42,10238,59,64,72,79,84
20160110 04:33,62,13,67,12,61,14,67,84,82,42,10238,59,64,72,79,84
20160110 04:34,61,12,66,13,61,15,67,84,82,42,10237,59,64,72,79,84
20160110 04:35,60,13,66,13,60,15,67,84,82,42,10236,59,64,72,79,84
20160110 04:36,60,13,65,13,61,15,67,84,82,42,10236,59,64,72,79,84
20160110 04:37,62,13,65,13,64,15,67,84,82,42,10236,59,64,72,79,84
20160110 04:38,63,12,64,13,62,14,67,84,82,42,10236,59,64,72,79,84
20160110 04:39,62,12,63,13,62,15,68,84,83,43,10236,59,64,72,79,84
20160110 04:40,62,12,62,13,63,15,68,84,83,43,10236,59,64,72,79,84
20160110 04:41,63,13,62,13,63,16,68,84,83,43,10235,59,64,72,79,84
20160110 04:42,64,14,62,13,65,17,68,84,83,43,10235,59,64,72,79,84
20160110 04:43,64,14,63,13,64,18,68,84,83,43,10234,59,64,72,79,84
20160110 04:44,63,14,63,13,63,16,68,84,83,43,10234,59,64,72,79,84
20160110 04:45,63,14,63,13,64,17,68,84,83,43,10234,59,64,72,79,84
20160110 04:46,62,13,63,13,60,16,68,84,83,43,10235,59,64,72,79,84
20160110 04:47,60,11,63,13,60,12,68,84,83,43,10235,59,64,72,79,84
20160110 04:48,59,11,62,13,59,17,68,84,83,43,10235,59,64,72,79,84
20160110 04:49,57,12,62,13,56,14,68,84,83,43,10236,59,64,72,79,83
20160110 04:50,56,11,61,13,57,14,68,84,83,43,10235,59,64,72,79,84
20160110 04:51,58,11,61,12,60,16,68,84,83,43,10235,59,64,72,79,84
20160110 04:52,62,12,61,12,64,16,68,84,83,43,10235,59,64,72,79,84
20160110 04:53,64,11,61,12,63,12,68,83,82,41,10236,59,64,72,79,84
20160110 04:54,63,10,61,11,63,13,68,83,82,41,10237,59,64,72,79,84
20160110 04:55,68,10,62,11,74,14,68,83,82,41,10237,59,64,72,79,83
20160110 04:56,71,10,62,11,67,12,68,84,83,43,10237,59,64,72,79,83
20160110 04:57,67,11,63,11,66,14,68,84,83,43,10237,59,64,72,79,83
20160110 04:58,67,11,64,11,68,13,68,84,83,43,10236,59,64,72,79,83
20160110 04:59,69,12,65,11,71,16,68,84,83,43,10236,59,65,72,79,83
20160110 05:00,70,13,66,11,69,16,68,84,83,43,10236,59,65,72,79,83
20160110 05:01,69,12,67,11,70,13,68,84,83,43,10237,59,65,72,79,83
20160110 05:02,71,10,68,11,73,12,68,84,83,43,10238,59,65,72,79,83
20160110 05:03,72,10,69,11,71,11,68,84,83,43,10238,59,65,72,79,83
20160110 05:04,70,10,70,11,69,12,68,84,83,43,10238,59,65,72,79,83
20160110 05:05,70,10,69,11,70,12,68,84,83,43,10238,59,65,72,79,83
20160110 05:06,71,9,70,11,71,11,68,84,83,43,10238,59,65,72,79,83
20160110 05:07,72,9,70,11,72,11,68,84,83,43,10238,59,65,72,79,83
20160110 05:08,73,9,71,11,73,10,68,84,83,43,10238,59,65,72,79,83
20160110 05:09,72,9,71,10,71,12,67,84,82,42,10238,59,65,72,79,83
20160110 05:10,73,10,72,10,76,11,67,84,82,42,10238,59,65,72,79,83
20160110 05:11,76,11,72,10,75,12,67,85,83,44,10238,59,65,72,79,83
20160110 05:12,74,11,72,10,74,12,67,85,83,44,10238,59,65,72,79,83
20160110 05:13,75,11,73,10,76,13,67,85,83,44,10238,59,65,72,79,83
20160110 05:14,77,11,74,10,79,12,67,85,83,44,10238,59,65,72,79,83
20160110 05:15,80,12,75,11,82,13,67,85,83,44,10238,59,65,72,79,83
20160110 05:16,84,11,76,11,86,12,67,85,83,44,10238,59,65,72,79,83
20160110 05:17,87,10,78,11,89,11,67,85,83,44,10238,60,65,72,79,83
20160110 05:18,91,10,80,11,92,11,67,85,83,44,10239,60,65,72,79,83
20160110 05:19,93,9,82,11,93,9,67,85,83,44,10239,60,65,72,79,83
20160110 05:20,95,8,84,10,98,9,67,85,83,44,10240,60,65,72,79,83
20160110 05:21,100,7,87,10,102,8,67,85,83,44,10240,60,65,72,79,83
20160110 05:22,102,7,90,9,102,7,67,85,83,44,10240,60,65,72,79,83
20160110 05:23,100,7,92,9,98,8,67,85,83,44,10240,60,65,72,79,83
20160110 05:24,95,7,93,9,91,7,67,85,83,44,10240,60,65,72,78,83
20160110 05:25,87,6,93,8,84,7,67,85,83,44,10240,60,65,72,79,83
20160110 05:26,80,6,92,7,75,6,67,85,83,44,10240,60,65,72,78,83
20160110 05:27,70,4,90,7,64,4,67,85,83,44,10240,60,65,72,79,83
20160110 05:28,56,3,86,6,48,3,67,85,83,44,10240,60,65,72,79,83
20160110 05:29,55,1,83,5,62,0,67,85,83,44,10240,60,65,72,78,83
20160110 05:30,68,0,80,4,74,0,67,85,83,44,10241,60,65,72,79,83
20160110 05:31,72,1,77,4,71,6,67,85,83,44,10241,60,65,72,78,83
20160110 05:32,66,3,73,4,62,6,67,85,83,44,10241,60,65,72,78,83
20160110 05:33,60,5,69,3,58,7,67,85,83,44,10240,60,65,72,79,83
20160110 05:34,56,7,65,4,55,10,67,85,83,44,10240,60,65,72,79,83
20160110 05:35,54,10,62,4,53,12,67,85,83,44,10240,60,65,72,78,83
20160110 05:36,52,11,60,5,52,14,67,86,84,45,10239,60,65,72,79,83
20160110 05:37,51,13,58,6,50,15,67,86,84,45,10239,60,65,72,78,83
20160110 05:38,51,12,59,7,52,14,67,86,84,45,10239,60,65,72,79,83
20160110 05:39,54,11,58,8,56,14,67,86,84,45,10239,60,65,72,79,83
20160110 05:40,58,11,57,9,60,12,67,86,84,45,10239,60,65,72,79,83
20160110 05:41,62,10,56,10,64,11,67,86,84,45,10239,60,65,72,78,83
20160110 05:42,64,8,56,10,63,10,67,86,84,45,10239,60,65,72,79,83
20160110 05:43,66,7,57,10,69,10,67,86,84,45,10239,60,65,72,79,83
20160110 05:44,70,7,59,10,70,9,67,86,84,45,10239,60,65,72,78,83
20160110 05:45,73,7,61,10,75,11,67,87,85,47,10240,60,65,72,78,83
20160110 05:46,74,7,63,9,74,10,67,87,85,47,10240,60,65,72,79,83
20160110 05:47,74,8,66,9,75,9,68,87,86,48,10240,60,65,72,79,83
20160110 05:48,74,8,68,8,74,10,68,87,86,48,10240,60,65,72,78,83
20160110 05:49,73,9,70,8,72,11,68,87,86,48,10240,60,65,72,79,83
20160110 05:50,71,9,71,8,69,10,68,87,86,48,10240,60,65,72,78,83
20160110 05:51,71,9,71,8,73,10,68,87,86,48,10240,60,65,72,78,83
20160110 05:52,73,9,72,8,73,10,68,87,86,48,10239,60,65,72,78,83
20160110 05:53,72,9,73,8,71,10,68,87,86,48,10239,60,65,72,79,83
20160110 05:54,70,10,73,9,70,13,68,87,86,48,10238,60,65,72,78,83
20160110 05:55,71,11,72,9,73,13,68,87,86,48,10238,60,65,72,78,83
20160110 05:56,70,10,72,9,68,12,68,87,86,48,10238,60,65,72,78,83
20160110 05:57,66,8,71,9,64,9,68,87,86,48,10238,60,65,72,78,83
20160110 05:58,63,7,70,9,62,9,68,87,86,48,10238,61,65,72,78,83
20160110 05:59,60,7,68,9,58,9,68,87,86,48,10239,61,65,72,78,83
20160110 06:00,52,6,66,8,46,7,68,87,86,48,10239,61,65,72,78,83
20160110 06:01,47,3,63,8,48,3,68,87,86,48,10239,61,65,72,79,83
20160110 06:02,50,1,61,7,53,1,68,87,86,48,10239,61,65,72,78,83
20160110 06:03,50,0,59,6,48,0,68,87,86,48,10239,61,65,72,78,83
20160110 06:04,56,0,58,5,63,1,68,87,86,48,10239,61,65,72,79,83
20160110 06:05,64,0,57,4,64,3,68,87,86,48,10239,61,65,72,79,83
20160110 06:06,60,0,56,3,56,1,68,87,86,48,10239,61,65,72,78,83
20160110 06:07,61,1,56,2,66,4,68,87,86,48,10239,61,65,72,78,83
20160110 06:08,63,2,56,2,59,2,68,87,86,48,10240,61,65,72,78,83
20160110 06:09,60,0,56,1,61,0,68,87,86,48,10240,61,65,72,78,83
20160110 06:10,66,0,59,1,72,0,69,87,87,49,10241,61,65,72,78,83
20160110 06:11,73,0,62,1,75,0,69,87,87,49,10241,61,65,72,78,83
20160110 06:12,65,0,62,1,55,0,69,87,87,49,10241,61,65,72,78,83
20160110 06:13,52,0,62,1,50,0,69,87,87,49,10241,61,65,72,78,83
20160110 06:14,45,0,60,1,40,0,69,87,87,49,10241,61,65,72,78,83
20160110 06:15,36,0,57,0,32,0,68,87,86,48,10241,61,65,72,78,83
20160110 06:16,40,0,56,0,48,0,68,87,86,48,10241,61,65,72,78,83
20160110 06:17,49,0,54,0,51,0,68,87,86,48,10240,61,65,72,78,83
20160110 06:18,53,0,54,0,54,0,68,87,86,48,10241,61,65,72,78,83
20160110 06:19,57,0,54,0,59,1,68,87,86,48,10241,61,65,72,78,83
20160110 06:20,60,1,52,0,61,5,68,87,86,48,10241,61,66,72,78,83
20160110 06:21,65,4,52,1,69,6,68,87,86,48,10241,61,66,72,78,83
20160110 06:22,69,6,53,1,68,8,68,87,86,48,10241,61,66,72,78,83
20160110 06:23,68,6,55,2,67,7,68,88,87,50,10241,61,66,72,78,83
20160110 06:24,67,5,58,2,67,6,68,88,87,50,10242,61,66,72,78,83
20160110 06:25,63,2,60,2,59,1,68,88,87,50,10242,61,66,72,78,83
20160110 06:26,57,2,61,3,55,6,68,88,87,50,10242,61,66,72,78,83
20160110 06:27,53,3,61,3,52,4,68,88,87,50,10242,61,66,72,78,83
20160110 06:28,52,3,61,3,52,4,68,88,87,50,10243,61,66,72,78,83
20160110 06:29,53,4,60,4,54,6,68,88,87,50,10243,61,66,72,78,83
20160110 06:30,52,5,59,4,50,6,68,88,87,50,10243,61,66,72,78,83
20160110 06:31,48,5,57,4,45,7,68,88,87,50,10243,61,66,72,78,83
20160110 06:32,48,6,55,4,51,8,68,88,87,50,10243,61,66,72,78,83
20160110 06:33,53,6,54,4,55,7,68,88,87,50,10243,61,66,72,78,83
20160110 06:34,50,5,52,4,44,7,68,88,87,50,10244,61,66,72,78,83
20160110 06:35,47,4,51,4,50,5,68,88,87,50,10244,61,66,72,78,83
20160110 06:36,50,4,50,5,51,7,68,88,87,50,10244,61,66,72,78,83
20160110 06:37,54,6,51,5,56,6,68,88,87,50,10244,61,66,72,78,83
20160110 06:38,57,6,51,5,58,7,68,88,87,50,10244,61,66,72,78,83
20160110 06:39,59,6,52,5,60,7,68,88,87,50,10243,61,66,72,78,83
20160110 06:40,61,6,53,6,62,9,68,88,87,50,10243,61,66,72,78,83
20160110 06:41,61,7,55,6,59,8,68,89,88,51,10243,61,66,72,78,83
20160110 06:42,57,6,55,6,55,7,68,89,88,51,10243,61,66,72,78,83
20160110 06:43,57,6,56,6,60,7,68,89,88,51,10243,62,66,72,78,83
20160110 06:44,57,6,57,6,55,9,68,89,88,51,10243,62,66,72,78,83
20160110 06:45,56,6,57,6,56,9,68,89,88,51,10244,62,66,72,78,83
20160110 06:46,54,7,57,6,52,8,68,89,88,51,10244,62,66,72,78,83
20160110 06:47,52,6,57,6,53,7,68,89,88,51,10244,62,66,72,78,83
20160110 06:48,56,6,57,6,59,7,68,89,88,51,10243,62,66,72,78,83
20160110 06:49,59,6,57,7,60,8,68,89,88,51,10243,62,66,72,78,83
20160110 06:50,60,7,57,7,59,8,69,89,88,52,10243,62,66,72,78,83
20160110 06:51,60,8,57,7,61,11,69,89,88,52,10242,62,66,72,78,83
20160110 06:52,60,9,57,7,58,12,69,89,88,52,10242,62,66,72,78,83
20160110 06:53,59,10,57,7,59,10,69,89,88,52,10242,62,66,72,78,83
20160110 06:54,58,10,57,8,57,13,69,89,88,52,10242,62,66,72,78,83
20160110 06:55,54,10,57,8,51,13,69,89,88,52,10243,62,66,72,78,83
20160110 06:56,48,10,56,8,46,13,69,89,88,52,10243,62,66,72,78,83
20160110 06:57,41,11,55,9,36,13,69,89,88,52,10243,62,66,72,78,83
20160110 06:58,38,10,53,9,39,11,69,89,88,52,10244,62,66,72,78,83
20160110 06:59,41,9,51,9,43,11,69,89,88,52,10244,62,66,72,78,83
20160110 07:00,41,8,49,9,39,10,69,89,88,52,10244,62,66,72,78,83
20160110 07:01,39,7,47,9,38,9,69,89,88,52,10244,62,66,72,78,83
20160110 07:02,42,7,45,9,46,11,69,89,88,52,10244,62,66,72,78,83
20160110 07:03,46,8,44,9,46,11,70,89,89,53,10244,62,66,72,78,83
20160110 07:04,46,9,43,9,47,12,70,89,89,53,10244,62,66,72,78,83
20160110 07:05,47,9,43,9,48,13,70,89,89,53,10244,62,66,72,78,83
20160110 07:06,45,10,42,9,42,13,70,89,89,53,10244,63,66,72,78,83
20160110 07:07,47,8,44,8,52,10,70,89,89,53,10244,63,66,72,78,83
20160110 07:08,47,8,44,8,43,13,70,89,89,53,10244,63,66,72,78,83
20160110 07:09,42,9,44,8,42,11,70,89,89,53,10245,63,66,72,78,83
20160110 07:10,47,9,46,8,53,13,71,89,90,54,10244,63,66,72,78,83
20160110 07:11,51,11,47,9,49,15,71,89,90,54,10244,63,66,72,78,83
20160110 07:12,52,12,48,9,55,15,71,89,90,54,10244,63,66,72,78,83
20160110 07:13,56,12,49,10,57,18,71,89,90,54,10243,63,66,72,78,83
20160110 07:14,56,11,50,10,56,11,71,89,90,54,10243,63,66,72,78,83
20160110 07:15,56,10,51,10,56,15,72,89,90,55,10243,64,66,72,78,83
20160110 07:16,58,12,52,10,60,15,72,89,90,55,10243,64,66,72,78,83
20160110 07:17,57,12,53,11,54,15,72,89,90,55,10243,64,66,72,78,83
20160110 07:18,54,11,54,11,54,15,72,89,90,55,10243,64,66,72,78,83
20160110 07:19,53,11,55,11,52,15,72,88,89,53,10243,64,66,72,78,83
20160110 07:20,52,10,54,11,51,12,72,88,89,53,10244,64,66,72,78,83
20160110 07:21,52,10,55,11,53,14,72,88,89,53,10244,64,66,72,78,83
20160110 07:22,57,11,55,11,60,13,72,88,89,53,10245,65,66,72,78,83
20160110 07:23,66,9,57,11,72,10,72,88,89,53,10245,65,66,72,78,83
20160110 07:24,72,9,58,11,73,12,73,88,90,54,10245,65,67,72,78,83
20160110 07:25,72,9,60,10,72,11,73,88,90,54,10245,65,67,72,78,83
20160110 07:26,71,10,61,10,71,11,73,88,90,54,10245,65,67,72,78,83
20160110 07:27,70,10,63,10,70,12,73,88,90,54,10245,65,67,72,78,83
20160110 07:28,69,10,64,10,69,12,73,88,90,54,10245,66,67,72,79,83
20160110 07:29,69,9,66,10,69,11,73,88,90,54,10246,66,67,72,78,83
20160110 07:30,69,8,68,10,69,9,73,88,90,54,10246,66,67,72,78,83
20160110 07:31,68,8,69,9,67,10,73,88,90,54,10246,66,67,72,78,83
20160110 07:32,66,8,70,9,66,11,73,88,90,54,10246,66,67,72,78,83
20160110 07:33,66,9,69,9,65,11,73,88,90,54,10246,66,67,73,78,83
20160110 07:34,65,8,68,9,65,9,73,88,90,54,10246,66,67,72,78,83
20160110 07:35,67,7,68,9,69,8,73,88,90,54,10246,66,67,72,78,83
20160110 07:36,68,7,68,8,68,8,73,88,90,54,10246,67,67,72,78,83
20160110 07:37,66,6,67,8,64,8,73,88,90,54,10246,67,67,73,78,83
20160110 07:38,60,6,66,7,56,8,73,88,90,54,10247,67,67,73,79,83
20160110 07:39,55,7,64,7,54,9,73,88,90,54,10247,67,67,73,78,83
20160110 07:40,54,7,63,7,54,8,73,88,90,54,10247,67,67,73,78,83
20160110 07:41,58,6,62,7,61,8,74,88,91,55,10247,68,67,73,78,83
20160110 07:42,59,6,61,7,57,8,74,88,91,55,10247,68,67,73,78,83
20160110 07:43,63,7,62,7,69,11,74,88,91,55,10246,68,67,73,78,83
20160110 07:44,71,8,62,7,73,11,74,88,91,55,10246,69,67,73,79,83
20160110 07:45,72,9,63,7,70,10,74,88,91,55,10246,69,67,73,78,83
20160110 07:46,66,9,62,7,61,13,74,88,91,55,10246,69,67,73,78,83
20160110 07:47,62,9,62,8,62,11,74,88,91,55,10247,70,68,73,79,83
20160110 07:48,62,9,62,8,61,10,74,89,92,57,10247,70,68,73,78,83
20160110 07:49,63,8,63,8,65,10,74,89,92,57,10248,70,68,73,78,83
20160110 07:50,63,7,64,8,61,11,74,89,92,57,10248,70,68,73,79,83
20160110 07:51,58,8,63,8,54,11,74,89,92,57,10249,70,68,73,78,83
20160110 07:52,57,7,64,8,60,10,74,89,92,57,10249,70,68,73,79,83
20160110 07:53,61,6,63,8,63,9,74,89,92,57,10249,71,68,73,79,83
20160110 07:54,60,7,61,8,57,9,75,88,91,56,10249,71,68,73,79,83
20160110 07:55,57,7,60,8,57,11,75,88,91,56,10249,71,68,73,78,83
20160110 07:56,55,9,59,8,53,13,75,88,91,56,10249,71,68,73,78,83
20160110 07:57,48,9,57,8,42,10,75,88,91,56,10249,71,68,73,79,83
20160110 07:58,47,8,56,8,52,10,75,88,91,56,10249,71,68,73,79,83
20160110 07:59,56,7,56,8,60,8,75,88,91,56,10249,72,68,73,78,83
20160110 08:00,68,5,57,7,77,5,75,88,91,56,10249,72,68,73,79,83
20160110 08:01,69,2,58,6,62,3,75,88,91,56,10250,72,69,73,79,83
20160110 08:02,61,0,58,6,61,0,75,88,91,56,10251,72,69,73,79,83
20160110 08:03,46,0,55,5,32,0,75,88,91,56,10251,72,69,73,79,83
20160110 08:04,30,0,52,4,28,2,75,88,91,56,10252,73,69,73,79,83
20160110 08:05,24,2,49,4,21,5,75,88,91,56,10252,73,69,73,78,83
20160110 08:06,27,4,47,3,34,5,75,88,91,56,10252,73,69,73,78,83
20160110 08:07,42,4,48,3,50,6,76,88,92,57,10252,73,69,73,79,83
20160110 08:08,49,5,47,3,47,6,76,88,92,57,10252,73,69,73,79,83
20160110 08:09,57,5,48,3,67,7,76,88,92,57,10251,73,69,73,79,83
20160110 08:10,66,6,47,3,65,7,76,88,92,57,10251,73,69,73,79,83
20160110 08:11,62,6,47,4,60,8,76,88,92,57,10251,74,69,73,79,83
20160110 08:12,58,7,46,4,55,10,76,88,92,57,10251,74,69,73,79,83
20160110 08:13,52,8,48,5,49,9,76,88,92,57,10252,74,70,73,79,83
20160110 08:14,51,6,50,6,53,7,76,88,92,57,10252,74,70,73,79,83
20160110 08:15,51,5,53,6,49,8,76,88,92,57,10253,74,70,73,79,83
20160110 08:16,48,7,54,6,46,11,76,88,92,57,10253,74,70,73,79,83
20160110 08:17,55,7,55,6,64,8,77,88,92,58,10254,74,70,73,79,83
20160110 08:18,68,5,58,6,71,7,77,88,92,58,10254,74,70,73,79,83
20160110 08:19,72,4,59,6,74,7,77,88,92,58,10255,75,70,73,79,83
20160110 08:20,69,5,58,6,64,6,77,88,92,58,10255,75,70,73,79,83
20160110 08:21,57,6,58,6,51,9,77,88,92,58,10255,74,70,73,79,83
20160110 08:22,53,6,58,6,56,8,77,87,91,57,10255,75,70,73,79,83
20160110 08:23,59,6,59,6,63,6,77,87,91,57,10255,75,70,73,79,83
20160110 08:24,71,5,62,6,79,8,77,87,91,57,10255,75,71,73,79,83
20160110 08:25,72,6,63,6,65,9,77,87,91,57,10255,75,71,73,79,83
20160110 08:26,65,7,65,6,66,9,77,87,91,57,10254,75,71,73,79,83
20160110 08:27,61,7,64,6,56,9,77,87,91,57,10254,75,71,73,79,83
20160110 08:28,56,7,63,6,57,10,78,87,92,58,10254,75,71,73,79,83
20160110 08:29,58,6,62,6,60,7,78,87,92,58,10255,76,71,73,79,83
20160110 08:30,57,6,61,6,54,9,78,87,92,58,10256,76,71,73,79,83
20160110 08:31,55,5,61,6,56,8,78,87,92,58,10256,76,71,73,79,83
20160110 08:32,58,4,62,6,61,5,78,87,92,58,10256,76,71,73,79,83
20160110 08:33,66,5,62,6,71,10,78,87,92,58,10256,76,71,73,79,83
20160110 08:34,73,8,62,6,76,11,78,87,92,58,10255,76,71,73,79,83
20160110 08:35,76,10,63,7,76,14,78,87,92,58,10255,77,71,73,79,83
20160110 08:36,77,10,64,7,78,11,78,88,93,59,10255,77,71,73,79,83
20160110 08:37,75,10,66,7,73,11,79,87,93,59,10255,77,71,74,79,83
20160110 08:38,72,8,68,7,71,9,79,87,93,59,10256,77,72,74,79,83
20160110 08:39,77,7,70,7,83,8,79,87,93,59,10256,77,72,74,79,83
20160110 08:40,87,8,74,8,91,10,79,87,93,59,10256,77,72,74,79,83
20160110 08:41,89,8,77,8,87,10,79,87,93,59,10256,77,72,74,79,83
20160110 08:42,90,7,80,8,92,9,79,87,93,59,10256,77,72,74,79,83
20160110 08:43,94,6,82,8,95,8,79,87,93,59,10256,78,72,74,79,83
20160110 08:44,90,6,83,8,85,9,79,87,93,59,10256,78,72,74,79,83
20160110 08:45,82,7,83,7,79,10,79,87,93,59,10256,79,72,74,79,83
20160110 08:46,83,7,84,7,86,9,79,87,93,59,10256,79,72,74,79,83
20160110 08:47,82,8,85,7,79,10,79,87,93,59,10256,79,72,74,79,83
20160110 08:48,79,9,86,7,79,12,80,88,94,61,10256,79,72,74,79,83
20160110 08:49,79,9,85,8,79,11,80,88,94,61,10255,79,72,74,79,83
20160110 08:50,75,10,83,8,72,13,80,88,94,61,10255,79,72,74,79,83
20160110 08:51,70,11,81,8,69,14,80,88,94,61,10255,79,73,74,79,83
20160110 08:52,68,11,79,8,67,13,80,88,94,61,10255,80,73,74,79,83
20160110 08:53,67,10,76,9,68,11,80,88,94,61,10256,80,73,74,79,83
20160110 08:54,64,9,74,9,61,11,80,88,94,61,10256,80,73,74,79,83
20160110 08:55,57,10,71,10,54,15,80,88,94,61,10256,80,73,74,79,83
20160110 08:56,53,11,68,10,52,15,81,88,95,62,10257,80,73,74,79,83
20160110 08:57,54,11,66,10,56,17,81,87,94,61,10257,80,73,74,79,83
20160110 08:58,53,12,63,11,51,16,81,87,94,61,10257,80,73,74,79,83
20160110 08:59,49,12,60,11,48,15,81,87,94,61,10258,80,73,74,79,83
20160110 09:00,45,12,57,11,42,17,81,87,94,61,10257,80,73,74,79,83
20160110 09:01,47,13,55,11,53,18,81,87,94,61,10257,81,73,74,79,83
20160110 09:02,51,14,53,12,49,17,81,87,94,61,10257,81,73,74,79,83
20160110 09:03,50,15,52,12,51,20,82,87,95,62,10257,81,74,74,79,83
20160110 09:04,50,14,50,13,48,20,82,87,95,62,10257,82,74,74,79,83
20160110 09:05,47,14,50,13,46,23,82,87,95,62,10257,82,74,74,79,83
20160110 09:06,43,17,49,14,41,21,82,87,95,62,10256,82,74,74,79,83
20160110 09:07,44,17,48,14,47,20,82,87,95,62,10256,82,74,74,79,83
20160110 09:08,48,15,47,14,49,22,82,86,93,60,10256,83,74,74,79,83
20160110 09:09,44,12,46,14,38,13,82,86,93,60,10255,83,74,74,79,83
20160110 09:10,40,12,46,14,41,22,82,86,93,60,10255,84,74,74,79,83
20160110 09:11,43,15,45,15,44,28,83,86,94,61,10255,84,74,74,79,83
20160110 09:12,49,15,46,14,53,17,83,86,94,61,10255,85,74,74,79,83
20160110 09:13,47,15,45,15,40,22,83,86,94,61,10255,86,74,75,79,83
20160110 09:14,48,16,45,15,55,22,83,86,94,61,10255,87,75,75,79,83
20160110 09:15,54,17,46,15,54,26,84,86,95,62,10255,88,75,75,79,83
20160110 09:16,54,17,48,15,54,19,84,86,95,62,10255,89,75,75,79,83
20160110 09:17,57,15,49,15,59,23,85,86,95,63,10255,90,75,75,79,83
20160110 09:18,58,17,50,15,58,26,85,86,95,63,10254,90,75,75,79,83
20160110 09:19,57,17,51,16,56,20,85,86,95,63,10254,91,75,75,79,83
20160110 09:20,54,15,52,16,51,21,85,86,95,63,10254,91,75,75,79,83
20160110 09:21,49,15,53,16,48,25,86,86,96,64,10254,92,75,75,79,83
20160110 09:22,50,18,53,17,52,26,86,85,95,62,10254,92,76,75,79,83
20160110 09:23,56,18,55,17,60,21,86,85,95,62,10254,92,76,75,79,83
20160110 09:24,55,15,54,16,50,19,86,85,95,62,10254,92,76,75,79,83
20160110 09:25,58,14,55,16,65,17,86,85,95,62,10255,92,76,75,79,83
20160110 09:26,60,17,55,16,54,28,86,85,95,62,10255,92,76,75,79,83
20160110 09:27,55,20,55,17,55,22,87,85,96,63,10255,93,76,75,79,83
20160110 09:28,52,18,54,16,48,23,87,85,96,63,10255,93,76,75,79,83
20160110 09:29,53,15,54,16,58,17,87,85,96,63,10254,93,77,75,79,83
20160110 09:30,58,15,55,16,59,19,87,85,96,63,10254,93,77,75,79,83
20160110 09:31,57,13,56,16,56,15,87,85,96,63,10255,93,77,75,79,83
20160110 09:32,54,14,56,16,53,25,87,85,96,63,10254,93,77,75,79,83
20160110 09:33,55,17,55,16,57,23,87,85,96,63,10254,93,77,75,79,83
20160110 09:34,58,15,56,16,59,17,87,85,96,63,10254,93,77,75,79,83
20160110 09:35,58,11,56,15,57,14,88,85,96,64,10254,93,78,75,79,83
20160110 09:36,63,11,57,15,68,16,88,85,96,64,10254,94,78,75,79,83
20160110 09:37,67,13,58,14,65,19,88,85,96,64,10254,94,78,75,79,83
20160110 09:38,66,13,60,14,67,17,88,85,96,64,10254,95,78,75,79,83
20160110 09:39,64,13,60,14,61,20,88,85,96,64,10254,94,78,76,79,83
20160110 09:40,57,14,60,14,53,23,88,85,96,64,10255,94,78,76,79,83
20160110 09:41,48,13,58,14,43,15,88,85,96,64,10255,94,79,76,79,83
20160110 09:42,51,11,59,13,60,14,89,85,97,65,10255,94,79,76,79,83
20160110 09:43,55,13,58,13,50,20,89,85,97,65,10255,94,79,76,79,83
20160110 09:44,57,15,59,13,64,18,89,85,97,65,10255,95,79,76,79,83
20160110 09:45,64,14,60,13,65,18,89,85,97,65,10254,95,79,76,79,83
20160110 09:46,64,16,59,14,64,26,89,85,97,65,10254,96,79,76,79,83
20160110 09:47,65,16,59,14,65,19,89,85,97,65,10254,96,79,76,79,83
20160110 09:48,65,14,59,14,65,17,89,85,97,65,10254,96,80,76,79,83
20160110 09:49,65,12,59,14,65,15,90,85,98,66,10255,97,80,76,79,83
20160110 09:50,67,11,61,13,70,13,90,85,98,66,10255,97,80,76,79,83
20160110 09:51,64,9,63,13,58,11,90,85,98,66,10255,97,80,76,79,83
20160110 09:52,61,8,63,13,63,11,90,85,98,66,10256,97,80,76,80,83
20160110 09:53,60,8,64,12,56,11,90,85,98,66,10256,97,80,76,80,83
20160110 09:54,60,9,64,11,65,20,90,84,96,64,10255,97,80,76,79,83
20160110 09:55,63,12,63,12,62,21,90,85,98,66,10255,97,80,76,80,83
20160110 09:56,62,15,63,11,62,20,90,84,96,64,10254,97,81,76,80,83
20160110 09:57,64,16,63,11,67,22,90,84,96,64,10254,98,81,76,80,83
20160110 09:58,65,16,63,12,63,19,91,84,97,65,10254,98,81,76,80,83
20160110 09:59,61,15,62,12,58,20,91,84,97,65,10254,98,81,77,80,83
20160110 10:00,53,14,60,13,47,19,91,84,97,65,10254,99,81,77,80,83
20160110 10:01,44,14,58,13,40,18,91,84,97,65,10254,99,81,77,80,83
20160110 10:02,49,14,58,14,57,19,91,84,97,65,10254,99,81,77,80,83
20160110 10:03,59,15,58,14,61,21,91,84,97,65,10254,99,81,77,80,83
20160110 10:04,61,16,58,15,61,20,91,85,98,67,10254,100,82,77,80,83
20160110 10:05,62,15,58,15,64,19,91,85,98,67,10254,100,82,77,80,83
20160110 10:06,69,14,59,15,74,19,91,84,97,65,10254,100,82,77,80,83
20160110 10:07,69,13,59,15,64,16,92,84,98,66,10254,100,82,77,80,83
20160110 10:08,67,11,60,14,71,18,92,84,98,66,10254,100,82,77,80,83
20160110 10:09,72,11,61,14,73,18,92,84,98,66,10254,100,82,77,80,83
20160110 10:10,75,13,64,14,77,24,92,84,98,66,10253,101,82,77,80,83
20160110 10:11,75,15,68,14,73,19,92,84,98,66,10253,102,82,77,80,83
20160110 10:12,73,15,69,14,73,20,92,84,98,66,10253,102,83,77,80,83
20160110 10:13,77,15,71,14,82,18,93,84,98,67,10253,103,83,77,80,83
20160110 10:14,81,15,73,14,80,22,93,84,98,67,10253,103,83,77,80,83
20160110 10:15,73,14,73,14,67,16,93,84,98,67,10253,104,83,77,80,83
20160110 10:16,68,14,73,14,69,22,93,84,98,67,10253,104,83,77,80,83
20160110 10:17,68,16,73,14,66,20,94,84,99,68,10253,104,83,78,80,83
20160110 10:18,66,15,73,15,66,20,94,84,99,68,10253,105,83,78,80,83
20160110 10:19,72,17,73,15,78,21,94,84,99,68,10253,105,84,78,80,83
20160110 10:20,78,20,73,16,77,25,94,83,98,67,10253,105,84,78,80,83
20160110 10:21,78,19,74,16,78,21,94,83,98,67,10254,105,84,78,80,83
20160110 10:22,70,14,73,16,62,15,94,83,98,67,10254,106,84,78,80,83
20160110 10:23,68,12,72,16,74,18,95,83,98,68,10254,106,84,78,80,83
20160110 10:24,74,14,71,16,74,19,95,83,98,68,10254,106,84,78,80,83
20160110 10:25,70,14,71,16,66,15,95,83,98,68,10253,106,84,78,80,83
20160110 10:26,72,12,72,15,78,14,95,83,98,68,10252,107,85,78,80,83
20160110 10:27,73,13,72,15,68,19,95,83,98,68,10252,107,85,78,80,83
20160110 10:28,76,13,74,15,84,15,96,83,99,69,10252,107,85,78,80,83
20160110 10:29,80,11,74,14,77,15,96,83,99,69,10251,108,85,78,80,83
20160110 10:30,72,13,73,13,67,19,96,83,99,69,10251,108,85,78,80,83
20160110 10:31,67,14,72,13,67,17,96,83,99,69,10251,109,85,78,80,83
20160110 10:32,69,15,72,13,70,22,97,83,100,70,10251,109,86,78,80,83
20160110 10:33,67,17,72,14,65,22,97,83,100,70,10251,109,86,78,80,83
20160110 10:34,62,15,70,14,58,18,97,83,100,70,10251,109,86,79,80,83
20160110 10:35,65,14,71,14,72,19,97,83,100,70,10252,108,86,79,80,83
20160110 10:36,71,13,70,14,70,15,97,83,100,70,10251,108,86,79,80,83
20160110 10:37,68,15,70,14,66,22,97,83,100,70,10251,108,86,79,80,83
20160110 10:38,70,19,69,15,74,24,97,83,100,70,10250,108,87,79,80,83
20160110 10:39,76,17,69,15,77,19,98,83,100,71,10250,108,87,79,80,83
20160110 10:40,76,15,69,16,75,19,98,83,100,71,10250,108,87,79,80,83
20160110 10:41,78,16,71,16,81,20,98,83,100,71,10250,108,87,79,81,83
20160110 10:42,76,16,71,16,70,21,98,82,99,69,10250,108,87,79,81,83
20160110 10:43,73,16,72,16,75,18,98,82,99,69,10250,108,87,79,81,83
20160110 10:44,77,16,74,16,79,28,99,82,100,70,10250,108,87,79,81,83
20160110 10:45,80,19,75,17,81,27,99,82,100,70,10250,108,88,79,81,83
20160110 10:46,80,19,76,17,79,20,99,82,100,70,10250,108,88,79,81,83
20160110 10:47,82,18,78,17,84,24,99,82,100,70,10250,108,88,79,81,83
20160110 10:48,86,19,79,17,87,25,100,81,99,69,10250,108,88,79,81,83
20160110 10:49,86,18,80,17,84,21,100,81,99,69,10251,108,88,79,81,83
20160110 10:50,83,16,80,17,81,23,100,81,99,69,10251,108,88,80,81,83
20160110 10:51,74,15,79,17,67,21,100,80,98,67,10252,107,88,80,81,84
20160110 10:52,68,13,79,17,69,16,100,80,98,67,10252,107,88,80,81,84
20160110 10:53,76,11,80,16,84,14,100,80,98,67,10253,107,88,80,81,84
20160110 10:54,81,14,80,16,79,22,100,80,98,67,10253,107,89,80,81,84
20160110 10:55,78,16,79,16,77,22,101,80,99,68,10252,106,89,80,81,84
20160110 10:56,70,12,77,15,62,14,101,80,99,68,10251,106,89,80,81,84
20160110 10:57,73,16,77,15,83,27,101,80,99,68,10250,106,89,80,81,84
20160110 10:58,80,17,76,15,77,17,101,80,99,68,10250,106,89,80,81,84
20160110 10:59,83,14,77,14,89,18,101,80,99,68,10250,106,89,80,81,84
20160110 11:00,90,14,78,14,92,22,101,80,99,68,10250,106,89,80,81,84
20160110 11:01,90,15,80,14,89,20,101,80,99,68,10250,106,89,80,81,84
20160110 11:02,91,17,83,15,93,24,101,80,99,68,10251,106,89,80,81,84
20160110 11:03,92,17,83,15,90,17,101,80,99,68,10251,105,89,80,81,84
20160110 11:04,92,17,85,15,93,26,102,80,99,69,10251,105,89,81,81,84
20160110 11:05,96,18,87,16,100,21,102,80,99,69,10250,104,89,81,81,84
20160110 11:06,97,16,90,16,94,22,102,79,98,67,10250,104,90,81,81,84
20160110 11:07,94,17,91,16,94,23,102,79,98,67,10250,104,90,81,81,84
20160110 11:08,90,16,92,16,86,17,102,79,98,67,10250,103,90,81,81,84
20160110 11:09,94,15,93,16,103,20,102,78,97,65,10250,103,90,81,81,84
20160110 11:10,98,17,94,16,94,22,102,78,97,65,10249,103,90,81,81,84
20160110 11:11,96,19,94,17,97,28,102,78,97,65,10249,102,90,81,81,84
20160110 11:12,97,22,95,17,96,27,102,78,97,65,10249,102,90,81,81,84
20160110 11:13,98,22,96,18,100,25,102,78,97,65,10249,102,90,81,82,84
20160110 11:14,95,19,95,18,89,25,102,78,97,65,10248,102,90,81,82,84
20160110 11:15,94,17,95,18,98,22,102,78,97,65,10248,101,90,81,82,84
20160110 11:16,96,14,95,17,94,16,102,78,97,65,10248,101,90,81,82,84
20160110 11:17,95,15,95,17,95,27,102,78,97,65,10247,101,90,81,82,84
20160110 11:18,97,20,96,18,98,29,102,78,97,65,10246,101,90,81,82,84
20160110 11:19,96,20,96,18,95,22,102,78,97,65,10246,101,90,82,82,84
20160110 11:20,92,18,95,19,89,26,102,78,97,65,10245,101,90,82,82,84
20160110 11:21,93,18,95,18,96,20,102,78,97,65,10245,101,90,82,82,84
20160110 11:22,91,17,94,18,86,24,102,78,97,65,10244,101,90,82,82,84
20160110 11:23,95,20,94,18,103,33,102,78,97,65,10244,101,90,82,82,84
20160110 11:24,97,20,94,18,90,27,102,78,97,65,10244,101,90,82,82,84
20160110 11:25,93,17,94,18,95,21,102,78,97,65,10244,101,90,82,82,84
20160110 11:26,92,16,94,18,89,22,102,78,97,65,10244,101,90,82,82,84
20160110 11:27,93,17,94,19,96,25,102,78,97,65,10244,101,90,82,82,84
20160110 11:28,99,18,94,18,101,22,102,77,96,64,10245,100,90,82,82,84
20160110 11:29,102,17,95,18,103,27,102,77,96,64,10245,100,90,82,82,84
20160110 11:30,101,18,96,18,100,22,102,77,96,64,10244,99,90,82,82,84
20160110 11:31,103,20,97,19,105,28,102,77,96,64,10244,99,90,82,82,84
20160110 11:32,104,22,99,19,104,32,102,76,95,62,10244,99,90,82,82,84
20160110 11:33,103,21,99,19,102,25,102,76,95,62,10244,99,90,82,82,84
20160110 11:34,101,18,100,19,101,20,102,77,96,64,10243,98,90,82,82,84
20160110 11:35,102,17,100,19,103,28,102,77,96,64,10243,98,90,82,82,84
20160110 11:36,106,17,102,19,109,23,102,77,96,64,10243,98,90,82,82,84
20160110 11:37,105,14,103,18,101,16,102,77,96,64,10243,98,90,83,82,84
20160110 11:38,102,14,103,18,104,19,101,77,95,63,10242,98,90,83,82,84
20160110 11:39,100,14,103,17,97,17,101,77,95,63,10242,98,90,83,82,84
20160110 11:40,97,14,102,17,98,22,101,78,96,64,10241,98,90,83,82,84
20160110 11:41,97,18,101,17,96,23,101,78,96,64,10241,99,90,83,82,84
20160110 11:42,96,19,101,16,95,23,101,77,95,63,10241,99,90,83,83,84
20160110 11:43,100,17,101,16,104,24,101,77,95,63,10241,99,90,83,82,84
20160110 11:44,101,16,101,16,99,24,101,77,95,63,10241,99,90,83,83,84
20160110 11:45,99,18,100,16,98,26,101,77,95,63,10241,98,90,83,83,84
20160110 11:46,99,20,99,17,100,23,101,77,95,63,10240,98,90,83,83,84
20160110 11:47,99,19,99,17,98,24,101,77,95,63,10240,98,90,83,83,84
20160110 11:48,96,17,98,17,94,23,101,77,95,63,10240,98,90,83,83,84
20160110 11:49,95,18,98,18,96,25,101,77,95,63,10240,98,90,83,83,84
20160110 11:50,97,22,98,19,99,28,101,77,95,63,10240,99,90,83,83,84
20160110 11:51,98,22,98,19,97,28,101,77,95,63,10240,99,90,83,83,84
20160110 11:52,96,22,98,19,96,29,101,76,94,61,10239,99,90,83,83,84
20160110 11:53,97,20,98,19,99,22,101,76,94,61,10239,99,90,83,83,84
20160110 11:54,103,20,98,20,107,34,101,76,94,61,10239,99,90,83,83,84
20160110 11:55,110,23,100,20,112,32,101,76,94,61,10239,99,90,83,83,84
20160110 11:56,107,24,100,21,102,28,101,75,93,59,10239,99,90,83,83,84
20160110 11:57,101,25,100,22,100,36,102,75,93,60,10238,100,90,83,83,84
20160110 11:58,98,26,100,23,96,30,102,75,93,60,10238,100,90,83,83,84
20160110 11:59,97,24,101,23,98,28,102,75,93,60,10237,100,90,83,83,84
20160110 12:00,100,26,101,23,102,38,102,75,93,60,10237,101,90,84,83,84
20160110 12:01,101,27,101,24,100,33,102,75,93,60,10237,101,90,84,83,84
20160110 12:02,100,23,102,24,100,29,102,75,93,60,10237,102,90,84,83,85
20160110 12:03,105,19,103,24,110,29,102,75,93,60,10237,102,90,84,83,85
20160110 12:04,112,18,103,23,114,28,102,75,93,60,10237,102,90,84,83,85
20160110 12:05,111,19,103,23,107,26,102,75,93,60,10237,102,90,84,83,85
20160110 12:06,112,19,104,23,117,27,102,75,93,60,10237,103,90,84,83,85
20160110 12:07,118,20,106,22,119,27,102,75,93,60,10237,103,90,84,83,85
20160110 12:08,114,17,107,21,108,19,102,75,93,60,10237,102,90,84,83,85
20160110 12:09,105,17,108,21,102,27,102,75,93,60,10237,102,90,84,83,85
20160110 12:10,104,19,108,20,106,25,102,75,93,60,10237,101,90,84,83,85
20160110 12:11,110,18,110,19,114,27,102,75,93,60,10237,100,90,84,83,85
20160110 12:12,106,17,109,18,97,22,102,75,93,60,10237,99,90,84,83,85
20160110 12:13,101,17,109,18,105,22,102,76,95,62,10237,99,90,84,83,85
20160110 12:14,97,18,106,18,89,27,102,76,95,62,10237,99,90,84,84,85
20160110 12:15,91,20,105,18,93,24,101,76,94,61,10237,99,90,84,84,85
20160110 12:16,95,21,103,19,98,30,101,76,94,61,10236,98,90,84,84,85
20160110 12:17,96,20,101,19,94,30,101,76,94,61,10236,98,90,84,84,85
20160110 12:18,94,17,99,19,94,24,101,77,95,63,10236,98,90,84,84,85
20160110 12:19,96,21,99,19,97,38,101,77,95,63,10235,98,90,84,84,85
20160110 12:20,99,27,98,20,102,34,100,77,94,62,10235,98,90,84,84,85
20160110 12:21,100,25,97,21,99,33,100,77,94,62,10235,98,90,84,84,85
20160110 12:22,99,21,97,21,100,22,100,76,93,60,10234,98,90,84,84,85
20160110 12:23,98,19,96,21,97,24,100,77,94,62,10234,98,90,84,84,85
20160110 12:24,100,16,98,21,103,22,100,77,94,62,10234,98,90,84,84,85
20160110 12:25,103,15,99,20,104,20,100,78,96,63,10234,98,90,84,84,85
20160110 12:26,103,14,99,19,103,15,100,78,96,63,10234,98,90,84,84,85
20160110 12:27,100,13,100,19,96,19,100,78,96,63,10234,98,90,84,84,85
20160110 12:28,97,17,100,19,98,25,100,78,96,63,10234,98,90,84,84,85
20160110 12:29,98,18,100,18,99,20,100,78,96,63,10234,98,90,84,84,85
20160110 12:30,97,14,99,16,95,16,100,78,96,63,10233,98,90,84,84,85
20160110 12:31,97,15,99,16,98,25,100,78,96,63,10233,98,90,84,84,85
20160110 12:32,92,17,98,16,86,21,99,78,95,62,10233,98,90,85,84,85
20160110 12:33,91,17,98,15,97,22,100,77,94,62,10233,98,90,85,84,85
20160110 12:34,95,17,97,16,94,23,99,78,95,62,10233,98,90,85,84,85
20160110 12:35,94,18,96,16,93,22,99,78,95,62,10233,98,90,85,84,85
20160110 12:36,92,17,95,17,91,21,99,77,94,61,10233,98,90,85,84,85
20160110 12:37,97,20,96,17,104,29,99,77,94,61,10232,99,90,85,84,85
20160110 12:38,97,19,95,17,90,18,100,77,94,62,10232,99,90,85,84,85
20160110 12:39,90,15,94,17,90,17,100,77,94,62,10232,99,90,85,84,85
20160110 12:40,95,17,94,18,100,22,100,77,94,62,10232,100,90,85,84,85
20160110 12:41,98,18,94,18,97,21,100,77,94,62,10232,100,90,85,84,85
20160110 12:42,97,17,95,18,97,23,100,77,94,62,10232,101,91,85,84,85
20160110 12:43,98,16,96,17,100,19,100,77,94,62,10232,101,90,85,84,85
20160110 12:44,99,18,96,18,98,28,100,78,96,63,10232,101,90,85,84,85
20160110 12:45,98,19,97,17,98,21,100,76,93,60,10232,101,91,85,84,85
20160110 12:46,97,14,97,17,97,17,100,77,94,62,10232,101,91,85,84,85
20160110 12:47,96,18,96,17,95,30,100,77,94,62,10232,101,91,85,84,85
20160110 12:48,94,21,97,17,93,24,100,77,94,62,10231,101,91,85,85,85
20160110 12:49,93,19,97,18,92,22,100,76,93,60,10231,101,91,85,85,85
20160110 12:50,84,18,94,17,76,23,100,76,93,60,10230,101,91,85,85,85
20160110 12:51,84,18,94,18,92,27,100,76,93,60,10230,101,91,85,85,85
20160110 12:52,88,21,93,18,85,30,100,76,93,60,10229,101,91,85,85,85
20160110 12:53,89,25,92,20,93,32,100,76,93,60,10229,102,91,85,85,85
20160110 12:54,93,26,91,20,92,30,100,76,93,60,10228,102,91,85,85,85
20160110 12:55,94,23,91,21,97,23,101,75,93,59,10228,102,91,85,85,85
20160110 12:56,93,18,91,21,90,23,101,76,94,61,10229,102,91,85,85,85
20160110 12:57,94,18,91,21,99,26,101,76,94,61,10229,102,91,85,85,86
20160110 12:58,99,18,92,20,100,25,101,76,94,61,10229,102,91,85,85,86
20160110 12:59,100,18,93,21,101,25,101,76,94,61,10229,102,91,85,85,86
20160110 13:00,98,17,94,20,95,24,101,76,94,61,10229,102,91,85,85,86
20160110 13:01,100,14,96,20,105,17,101,76,94,61,10229,102,91,85,85,86
20160110 13:02,104,15,98,19,104,22,101,76,94,61,10229,101,91,85,85,86
20160110 13:03,108,17,99,18,112,22,101,76,94,61,10229,101,91,85,85,86
20160110 13:04,111,18,101,17,111,28,101,76,94,61,10229,101,91,86,85,86
20160110 13:05,111,17,103,17,112,19,101,76,94,61,10229,100,91,86,85,86
20160110 13:06,109,15,105,17,107,21,101,76,94,61,10229,100,91,86,85,86
20160110 13:07,107,17,105,17,107,24,101,76,94,61,10228,99,91,86,85,86
20160110 13:08,103,19,105,17,100,23,101,76,94,61,10228,99,91,86,85,86
20160110 13:09,103,18,106,17,107,23,101,75,93,59,10228,99,91,86,85,86
20160110 13:10,105,15,107,16,103,18,101,76,94,61,10228,99,92,86,85,86
20160110 13:11,101,14,106,17,98,23,101,76,94,61,10228,99,92,86,85,86
20160110 13:12,102,17,106,17,106,23,101,76,94,61,10228,99,92,86,85,86
20160110 13:13,102,17,105,17,99,20,100,76,93,60,10228,98,92,86,85,86
20160110 13:14,100,16,104,16,102,20,100,76,93,60,10227,99,92,86,85,86
20160110 13:15,103,16,103,17,104,24,100,76,93,60,10227,99,92,86,85,86
20160110 13:16,111,15,104,16,118,19,100,77,94,62,10228,99,92,86,85,86
20160110 13:17,117,14,105,16,116,21,100,77,94,62,10228,99,92,86,85,86
20160110 13:18,116,16,107,16,115,18,100,77,94,62,10228,98,92,86,85,86
20160110 13:19,118,17,108,16,121,22,100,77,94,62,10227,98,92,86,85,86
20160110 13:20,120,17,110,16,119,21,100,77,94,62,10227,98,92,86,85,86
20160110 13:21,114,17,111,16,109,25,100,77,94,62,10226,98,92,86,85,86
20160110 13:22,104,16,110,16,100,16,100,76,93,60,10226,98,92,86,85,86
20160110 13:23,99,14,110,16,99,17,100,77,94,62,10225,99,92,86,85,86
20160110 13:24,98,16,110,16,97,25,100,77,94,62,10225,99,92,86,85,86
20160110 13:25,101,18,110,16,106,24,100,77,94,62,10224,100,92,86,85,86
20160110 13:26,101,19,108,17,95,30,100,77,94,62,10224,101,92,86,85,86
20160110 13:27,94,19,105,17,93,26,100,77,94,62,10224,102,92,86,86,86
20160110 13:28,92,18,103,17,92,24,100,77,94,62,10224,103,92,86,85,86
20160110 13:29,91,18,100,17,90,25,101,77,95,63,10223,105,92,86,86,86
20160110 13:30,92,20,97,18,94,25,101,77,95,63,10223,106,92,86,86,86
20160110 13:31,95,20,96,18,96,25,101,77,95,63,10223,106,92,86,86,86
20160110 13:32,93,20,95,18,90,27,101,76,94,61,10224,106,92,86,86,86
20160110 13:33,86,21,94,19,83,28,101,76,94,61,10224,106,92,86,86,86
20160110 13:34,85,22,93,20,88,27,101,75,93,59,10224,106,92,86,86,86
20160110 13:35,90,18,91,19,91,21,102,76,95,62,10224,106,92,86,86,86
20160110 13:36,89,18,90,19,87,23,102,75,93,60,10223,106,92,86,86,86
20160110 13:37,89,19,90,20,92,26,102,76,95,62,10223,107,92,86,86,86
20160110 13:38,94,20,91,20,97,28,102,75,93,60,10223,108,92,86,86,86
20160110 13:39,91,18,90,20,84,23,102,75,93,60,10223,109,92,86,86,86
20160110 13:40,86,18,90,20,88,30,102,75,93,60,10223,109,92,87,86,86
20160110 13:41,90,20,89,20,92,27,102,75,93,60,10223,110,92,87,86,86
20160110 13:42,90,18,89,20,88,23,102,75,93,60,10223,111,92,87,86,86
20160110 13:43,87,17,89,19,86,21,103,75,94,61,10222,113,92,87,86,86
20160110 13:44,80,19,88,19,75,31,103,76,95,63,10222,114,93,87,86,86
20160110 13:45,83,25,88,20,92,36,103,76,95,63,10221,116,93,87,86,86
20160110 13:46,89,25,88,20,86,34,103,75,94,61,10221,118,93,87,86,86
20160110 13:47,92,24,89,21,98,29,103,75,94,61,10221,119,93,87,86,86
20160110 13:48,91,23,87,21,84,28,104,75,95,62,10222,119,93,87,86,86
20160110 13:49,80,20,87,21,76,23,104,75,95,62,10222,120,93,87,86,86
20160110 13:50,85,20,87,21,95,27,104,75,95,62,10221,120,93,87,86,86
20160110 13:51,101,22,89,21,108,31,104,75,95,62,10221,121,93,87,86,86
20160110 13:52,102,20,90,22,97,32,105,75,95,63,10220,122,94,87,86,86
20160110 13:53,96,22,91,22,96,36,105,75,95,63,10220,123,94,87,86,86
20160110 13:54,94,25,93,23,93,35,105,76,96,65,10220,124,94,87,86,87
20160110 13:55,93,28,93,23,93,36,105,75,95,63,10221,124,94,87,86,87
20160110 13:56,99,27,94,23,104,33,105,74,94,61,10222,123,94,87,86,87
20160110 13:57,104,27,95,24,103,37,105,74,94,61,10223,122,95,87,86,87
20160110 13:58,104,29,97,24,105,37,105,74,94,61,10224,121,95,87,86,87
20160110 13:59,112,26,101,25,120,28,105,74,94,61,10224,119,95,87,86,87
20160110 14:00,114,23,103,25,109,30,105,74,94,61,10225,117,95,87,86,87
20160110 14:01,105,20,102,24,101,23,105,74,94,61,10225,116,96,87,86,87
20160110 14:02,102,20,103,25,102,27,105,74,94,61,10226,115,96,87,86,87
20160110 14:03,100,21,103,24,98,28,105,74,94,61,10226,114,96,87,86,87
20160110 14:04,97,19,103,24,96,23,105,74,94,61,10227,113,96,87,86,87
20160110 14:05,97,19,103,23,97,30,105,75,95,63,10227,112,96,87,86,87
20160110 14:06,100,24,103,23,103,33,105,75,95,63,10227,111,96,87,86,87
20160110 14:07,106,28,104,23,108,32,105,74,94,61,10227,109,97,87,86,87
20160110 14:08,101,28,103,23,95,37,104,75,95,62,10227,108,97,87,86,87
20160110 14:09,92,28,100,23,89,34,104,74,93,60,10227,107,97,87,86,87
20160110 14:10,89,32,98,24,88,43,104,74,93,60,10227,106,97,87,87,87
20160110 14:11,90,35,97,26,92,45,104,74,93,60,10227,105,97,88,87,87
20160110 14:12,99,32,97,27,106,39,104,73,92,58,10228,105,97,88,87,87
20160110 14:13,107,27,98,27,108,32,104,73,92,58,10228,104,97,88,87,87
20160110 14:14,113,23,100,28,118,30,103,73,91,57,10228,103,97,88,87,87
20160110 14:15,112,21,101,28,105,37,103,74,93,59,10228,103,97,88,87,87
20160110 14:16,104,21,101,27,103,34,103,74,93,59,10228,102,97,88,87,87
20160110 14:17,103,23,101,27,104,29,103,74,93,59,10228,102,97,88,87,87
20160110 14:18,104,28,102,27,104,40,103,74,93,59,10227,102,97,88,87,87
20160110 14:19,97,28,102,27,90,37,103,74,93,59,10227,102,97,88,87,87
20160110 14:20,89,24,102,26,89,34,103,74,93,59,10227,102,97,88,87,87
20160110 14:21,94,21,103,24,99,22,103,74,93,59,10227,102,97,88,87,87
20160110 14:22,97,20,101,23,94,33,103,74,93,59,10227,102,96,88,87,87
20160110 14:23,93,23,100,23,93,32,103,74,93,59,10227,102,96,88,87,87
20160110 14:24,93,24,97,24,93,31,103,74,93,59,10228,102,96,88,87,87
20160110 14:25,88,22,95,23,83,31,103,73,91,57,10228,102,96,88,87,87
20160110 14:26,85,19,93,23,86,27,103,73,91,57,10228,101,96,88,87,87
20160110 14:27,89,22,92,23,92,36,103,73,91,57,10228,101,96,88,87,87
20160110 14:28,88,21,90,22,84,30,103,73,91,57,10228,101,96,88,87,87
20160110 14:29,88,18,90,21,91,24,103,74,93,59,10228,101,96,88,87,87
20160110 14:30,93,20,91,21,94,25,103,74,93,59,10228,101,96,88,87,87
20160110 14:31,89,24,89,22,83,38,103,74,93,59,10228,100,96,88,87,87
20160110 14:32,81,29,88,23,79,39,103,74,93,59,10228,100,96,89,87,87
20160110 14:33,81,28,87,23,83,34,102,73,91,56,10228,100,96,89,87,87
20160110 14:34,86,27,86,23,89,31,102,73,91,56,10227,100,95,89,87,87
20160110 14:35,90,28,87,24,92,34,102,73,91,56,10227,100,95,89,87,87
20160110 14:36,84,26,86,25,76,29,102,74,92,58,10226,100,95,89,87,87
20160110 14:37,76,26,85,25,76,36,102,74,92,58,10226,100,95,89,87,87
20160110 14:38,77,29,84,26,78,35,102,74,92,58,10226,100,95,89,87,87
20160110 14:39,78,28,83,27,78,33,102,74,92,58,10226,100,95,89,87,87
20160110 14:40,80,23,82,27,83,25,102,75,93,60,10225,100,95,89,87,87
20160110 14:41,78,23,81,27,73,33,102,75,93,60,10225,100,95,89,87,87
20160110 14:42,74,24,80,26,74,27,102,75,93,60,10225,100,95,89,87,87
20160110 14:43,75,27,79,26,76,42,102,75,93,60,10225,100,95,89,87,87
20160110 14:44,78,31,78,27,79,36,102,75,93,60,10225,100,95,89,87,87
20160110 14:45,75,28,76,26,71,31,102,75,93,60,10225,100,95,89,87,87
20160110 14:46,71,24,76,26,71,38,102,75,93,60,10226,99,95,89,87,87
20160110 14:47,70,25,75,26,70,39,102,75,93,60,10226,99,95,89,87,87
20160110 14:48,69,22,74,25,69,36,102,75,93,60,10226,99,95,89,88,87
20160110 14:49,77,20,75,25,84,33,102,76,95,62,10226,98,94,89,88,87
20160110 14:50,85,21,75,25,85,26,101,76,94,61,10226,98,94,89,88,87
20160110 14:51,84,18,76,24,84,28,101,76,94,61,10225,98,94,89,88,87
20160110 14:52,82,16,77,23,81,20,101,77,95,63,10225,98,94,89,88,88
20160110 14:53,82,19,78,22,83,40,101,77,95,63,10225,98,94,89,88,88
20160110 14:54,82,21,78,21,81,26,101,76,94,61,10225,98,94,89,88,88
20160110 14:55,83,22,79,21,86,32,101,76,94,61,10225,98,94,89,88,88
20160110 14:56,84,23,81,21,83,28,101,76,94,61,10225,98,94,89,88,88
20160110 14:57,85,24,82,21,86,29,101,76,94,61,10225,98,94,89,88,88
20160110 14:58,84,24,83,21,81,26,101,76,94,61,10225,98,94,89,88,88
20160110 14:59,77,20,82,21,72,22,101,76,94,61,10225,98,94,89,88,88
20160110 15:00,73,22,81,21,73,32,101,76,94,61,10224,97,94,89,88,88
20160110 15:01,73,24,80,22,73,34,101,76,94,61,10224,97,94,89,88,88
20160110 15:02,73,24,79,23,73,33,101,76,94,61,10224,97,94,89,88,88
20160110 15:03,72,25,78,23,71,36,101,76,94,61,10224,97,94,89,88,88
20160110 15:04,69,21,76,23,67,23,101,76,94,61,10224,96,94,89,88,88
20160110 15:05,67,19,75,23,67,28,101,77,95,63,10224,96,94,89,88,88
20160110 15:06,64,21,72,23,61,27,101,77,95,63,10224,96,94,89,88,88
20160110 15:07,59,22,70,22,58,29,100,77,94,62,10224,96,94,89,88,88
20160110 15:08,58,22,67,22,59,27,100,77,94,62,10224,95,93,89,88,88
20160110 15:09,60,21,66,22,61,23,100,77,94,62,10224,95,93,89,88,88
20160110 15:10,59,20,65,22,57,31,100,77,94,62,10224,95,93,89,88,88
20160110 15:11,57,21,63,22,58,33,100,77,94,62,10224,95,93,89,88,88
20160110 15:12,63,22,63,21,69,29,100,77,94,62,10224,95,93,89,88,88
20160110 15:13,65,23,62,21,62,31,100,77,94,62,10224,95,93,89,88,88
20160110 15:14,66,25,62,22,70,36,100,77,94,62,10224,94,93,89,88,88
20160110 15:15,71,22,63,22,72,27,100,77,94,62,10224,94,93,89,88,88
20160110 15:16,73,23,64,22,73,36,100,77,94,62,10224,94,93,89,88,88
20160110 15:17,80,26,67,23,86,31,100,77,94,62,10224,94,93,89,88,88
20160110 15:18,81,25,68,23,76,31,100,77,94,62,10224,94,93,89,88,88
20160110 15:19,74,24,69,23,71,33,100,77,94,62,10224,94,93,90,88,88
20160110 15:20,74,22,71,23,77,32,100,77,94,62,10224,94,93,89,88,88
20160110 15:21,78,22,73,23,78,38,100,77,94,62,10224,93,93,90,88,88
20160110 15:22,78,25,74,24,78,33,100,77,94,62,10224,93,93,89,88,88
20160110 15:23,77,27,76,24,76,34,100,77,94,62,10224,93,93,90,88,88
20160110 15:24,77,28,76,24,78,32,100,77,94,62,10224,93,92,89,88,88
20160110 15:25,77,27,77,25,77,33,100,77,94,62,10224,93,92,89,88,88
20160110 15:26,74,24,77,25,72,26,100,77,94,62,10224,93,92,90,88,88
20160110 15:27,71,20,75,24,70,31,100,77,94,62,10225,93,92,90,88,88
20160110 15:28,71,20,75,24,71,27,100,78,96,63,10225,93,92,90,89,88
20160110 15:29,71,23,75,24,71,31,100,78,96,63,10226,93,92,90,89,88
20160110 15:30,70,25,74,25,70,33,100,78,96,63,10227,92,92,89,88,88
20160110 15:31,71,24,73,24,72,30,100,78,96,63,10227,92,92,89,89,88
20160110 15:32,71,22,73,24,70,29,99,78,95,62,10227,92,92,90,89,88
20160110 15:33,71,22,72,23,72,27,99,78,95,62,10227,92,92,90,89,88
20160110 15:34,72,22,72,23,73,34,99,78,95,62,10228,92,92,90,89,88
20160110 15:35,74,27,72,23,75,41,99,78,95,62,10228,91,92,89,89,88
20160110 15:36,76,29,72,24,78,35,99,78,95,62,10228,91,92,90,89,88
20160110 15:37,75,27,72,24,73,31,99,79,96,64,10228,91,92,89,89,88
20160110 15:38,75,25,73,25,77,34,99,79,96,64,10229,91,92,90,89,88
20160110 15:39,76,22,73,24,75,27,99,79,96,64,10229,91,91,90,89,88
20160110 15:40,75,20,74,24,74,24,99,79,96,64,10229,90,91,89,89,88
20160110 15:41,71,19,73,23,67,24,99,79,96,64,10229,90,91,90,89,88
20160110 15:42,66,18,73,23,65,22,99,79,96,64,10229,90,91,90,89,88
20160110 15:43,64,15,72,22,62,16,99,79,96,64,10229,90,91,90,89,88
20160110 15:44,70,14,72,21,78,18,99,80,98,66,10229,90,91,89,89,88
20160110 15:45,71,16,71,20,64,23,99,80,98,66,10228,90,91,89,89,88
20160110 15:46,71,25,71,20,77,45,99,80,98,66,10228,90,91,89,89,89
20160110 15:47,73,32,71,21,69,43,99,80,98,66,10229,90,91,89,89,89
20160110 15:48,73,27,71,21,77,28,98,80,97,65,10229,89,91,89,89,89
20160110 15:49,79,22,71,21,81,27,98,80,97,65,10229,89,91,89,89,89
20160110 15:50,81,24,72,22,82,36,98,80,97,65,10229,89,91,89,89,89
20160110 15:51,80,26,73,22,78,33,98,80,97,65,10229,89,91,89,89,89
20160110 15:52,74,25,74,23,69,36,98,80,97,65,10229,89,91,89,89,89
20160110 15:53,72,23,75,24,74,26,98,80,97,65,10229,89,91,89,89,89
20160110 15:54,78,22,75,25,81,29,98,80,97,65,10229,89,90,89,89,89
20160110 15:55,81,22,77,25,80,25,98,80,97,65,10230,89,90,89,89,89
20160110 15:56,79,22,77,24,78,31,98,81,98,67,10230,89,90,89,89,89
20160110 15:57,75,27,77,24,73,46,98,81,98,67,10231,88,90,89,89,89
20160110 15:58,80,29,78,24,87,38,97,81,97,66,10231,88,90,89,89,89
20160110 15:59,84,28,78,25,80,36,97,81,97,66,10231,88,90,89,89,89
20160110 16:00,83,26,79,25,85,31,97,80,96,64,10231,88,90,89,89,89
20160110 16:01,87,25,80,25,89,34,97,80,96,64,10231,88,90,89,89,89
20160110 16:02,91,30,82,26,93,38,97,80,96,64,10231,88,90,89,89,89
20160110 16:03,90,30,83,26,86,35,97,80,96,64,10231,88,90,89,89,89
20160110 16:04,87,25,84,27,88,35,97,80,96,64,10231,88,90,89,89,89
20160110 16:05,86,22,84,27,85,24,97,80,96,64,10231,88,90,89,89,89
20160110 16:06,86,21,85,26,86,33,97,81,97,66,10231,88,90,89,89,89
20160110 16:07,86,22,87,26,87,30,97,81,97,66,10231,87,90,89,89,89
20160110 16:08,85,25,86,25,83,35,97,81,97,66,10231,87,90,89,89,89
20160110 16:09,83,27,86,25,83,34,97,81,97,66,10232,87,89,89,89,89
20160110 16:10,84,24,86,25,85,33,97,81,97,66,10232,87,89,89,89,89
20160110 16:11,86,24,86,25,87,45,97,81,97,66,10232,87,89,89,89,89
20160110 16:12,85,30,85,25,83,41,97,81,97,66,10232,87,89,89,89,89
20160110 16:13,83,30,85,25,82,35,97,81,97,66,10232,87,89,89,89,89
20160110 16:14,88,26,85,25,94,39,97,81,97,66,10232,87,89,89,89,89
20160110 16:15,92,27,86,26,91,37,97,81,97,66,10233,87,89,89,89,89
20160110 16:16,93,29,87,27,96,32,97,81,97,66,10233,87,89,89,89,89
20160110 16:17,93,25,87,27,90,30,97,81,97,66,10233,87,89,89,89,89
20160110 16:18,91,21,88,26,91,31,97,81,97,66,10233,86,89,89,89,89
20160110 16:19,90,21,89,26,89,32,97,82,99,68,10233,86,89,89,89,89
20160110 16:20,88,23,89,26,87,30,96,82,98,67,10234,86,89,89,89,89
20160110 16:21,85,24,89,26,82,29,96,82,98,67,10234,86,89,89,89,89
20160110 16:22,83,23,89,24,84,27,96,82,98,67,10234,86,89,89,89,89
20160110 16:23,80,24,88,24,77,30,96,82,98,67,10234,86,89,89,89,89
20160110 16:24,83,27,88,25,90,34,96,82,98,67,10234,86,89,89,89,89
20160110 16:25,86,28,87,24,82,35,96,82,98,67,10234,86,89,89,89,89
20160110 16:26,77,24,85,24,73,35,96,82,98,67,10234,86,89,89,89,89
20160110 16:27,80,23,84,24,87,31,96,82,98,67,10234,86,88,89,89,89
20160110 16:28,83,26,83,25,80,31,96,82,98,67,10234,86,88,89,89,89
20160110 16:29,80,21,82,24,80,22,96,82,98,67,10234,86,88,89,89,89
20160110 16:30,79,21,81,24,79,39,96,82,98,67,10234,85,88,89,89,89
20160110 16:31,81,31,82,25,84,46,96,82,98,67,10234,85,88,89,89,89
20160110 16:32,82,31,81,26,79,34,96,82,98,67,10234,85,88,89,89,89
20160110 16:33,83,24,82,25,86,36,96,82,98,67,10235,85,88,89,89,89
20160110 16:34,86,26,82,26,86,37,95,82,97,66,10235,85,88,89,89,89
20160110 16:35,86,25,82,25,85,27,95,82,97,66,10235,85,88,89,89,89
20160110 16:36,92,21,84,25,99,34,95,82,97,66,10236,85,88,89,89,89
20160110 16:37,99,26,86,25,99,38,95,82,97,66,10236,85,88,89,89,89
20160110 16:38,95,27,87,25,91,32,95,82,97,66,10236,85,88,89,89,89
20160110 16:39,92,27,88,27,93,38,95,83,98,68,10236,85,88,89,89,89
20160110 16:40,89,27,89,26,86,34,95,83,98,68,10236,85,88,89,89,89
20160110 16:41,90,22,90,25,95,27,95,83,98,68,10236,84,88,89,89,89
20160110 16:42,95,24,92,25,96,32,95,83,98,68,10236,84,88,89,89,89
20160110 16:43,100,23,93,25,105,25,95,83,98,68,10236,84,88,89,89,89
20160110 16:44,99,17,94,23,94,23,95,83,98,68,10236,84,88,89,89,89
20160110 16:45,93,18,95,23,91,29,94,84,99,68,10236,84,88,89,89,89
20160110 16:46,93,21,94,23,94,23,94,84,99,68,10236,84,88,89,89,89
20160110 16:47,92,21,94,22,91,29,94,84,99,68,10236,84,88,89,89,89
20160110 16:48,92,26,94,23,93,38,94,84,99,68,10236,84,88,89,89,89
20160110 16:49,91,25,93,22,89,33,94,84,99,68,10236,84,88,89,89,89
20160110 16:50,91,23,94,22,93,36,94,84,99,68,10237,84,87,89,89,89
20160110 16:51,95,25,94,22,96,30,94,84,99,68,10237,84,87,89,89,89
20160110 16:52,99,23,95,22,103,35,94,84,99,68,10237,84,87,89,89,89
20160110 16:53,98,22,94,22,93,32,94,84,99,68,10238,84,87,89,89,89
20160110 16:54,93,21,94,23,93,30,93,85,100,69,10238,84,87,89,90,89
20160110 16:55,89,23,93,23,84,33,93,85,100,69,10238,84,87,89,90,89
20160110 16:56,95,24,94,23,105,32,93,85,100,69,10238,84,87,89,90,89
20160110 16:57,101,21,94,23,96,26,93,85,100,69,10237,84,87,89,90,89
20160110 16:58,95,19,95,22,95,28,93,85,100,69,10237,84,87,89,90,89
20160110 16:59,93,23,95,23,92,33,93,85,100,69,10237,84,87,89,89,89
20160110 17:00,91,26,95,23,89,32,93,85,100,69,10237,84,87,89,90,90
20160110 17:01,88,25,94,23,87,31,93,85,100,69,10237,83,87,89,90,90
20160110 17:02,88,22,92,23,89,27,93,85,100,69,10237,83,87,89,90,90
20160110 17:03,88,19,92,22,88,26,93,85,100,69,10238,83,87,89,90,90
20160110 17:04,84,16,91,22,81,26,92,86,100,70,10238,83,87,89,90,90
20160110 17:05,81,17,90,21,81,26,92,86,100,70,10238,83,87,89,89,90
20160110 17:06,81,19,88,21,82,29,92,86,100,70,10238,83,87,89,90,90
20160110 17:07,83,21,87,21,85,26,92,86,100,70,10238,83,87,89,90,90
20160110 17:08,85,19,86,21,84,21,92,86,100,70,10238,83,87,89,90,90
20160110 17:09,85,19,85,20,87,27,92,86,100,70,10238,83,87,89,90,90
20160110 17:10,84,17,85,19,82,19,92,86,100,70,10238,83,87,89,90,90
20160110 17:11,85,15,85,18,88,23,92,86,100,70,10237,83,87,89,90,90
20160110 17:12,86,16,84,18,84,21,92,87,101,72,10237,83,87,88,90,90
20160110 17:13,87,20,84,19,90,33,91,87,100,71,10237,83,87,88,90,90
20160110 17:14,89,22,85,19,87,24,91,87,100,71,10237,83,87,88,90,90
20160110 17:15,84,19,85,19,80,21,91,87,100,71,10236,83,87,88,90,90
20160110 17:16,83,18,85,19,85,24,91,87,100,71,10236,83,87,88,90,90
20160110 17:17,84,19,85,19,84,23,91,87,100,71,10235,83,86,88,90,90
20160110 17:18,84,18,85,19,83,23,91,88,102,72,10235,83,86,88,90,90
20160110 17:19,83,18,85,18,83,25,91,88,102,72,10235,83,86,88,90,90
20160110 17:20,83,19,85,19,84,23,90,88,101,71,10235,83,86,88,90,90
20160110 17:21,84,20,84,19,83,25,90,88,101,71,10235,83,86,88,90,90
20160110 17:22,84,18,84,19,85,22,90,88,101,71,10235,82,86,88,90,90
20160110 17:23,84,17,84,19,84,22,90,88,101,71,10235,82,86,88,90,90
20160110 17:24,85,16,84,18,85,18,90,89,102,73,10235,82,86,88,90,90
20160110 17:25,86,18,84,18,86,25,90,89,102,73,10235,82,86,88,90,90
20160110 17:26,84,20,84,18,83,22,89,89,101,72,10235,82,86,88,90,90
20160110 17:27,82,18,84,18,82,24,89,89,101,72,10235,82,86,88,90,90
20160110 17:28,82,18,84,18,82,22,89,89,101,72,10235,82,86,88,90,90
20160110 17:29,84,18,84,18,86,21,89,90,103,74,10236,82,86,88,90,90
20160110 17:30,83,17,84,18,79,20,89,90,103,74,10236,82,86,88,90,90
20160110 17:31,79,16,83,17,79,22,89,90,103,74,10236,82,86,88,90,90
20160110 17:32,81,15,83,17,83,20,89,90,103,74,10236,82,86,88,90,90
20160110 17:33,84,15,83,17,84,20,88,90,102,73,10236,82,86,88,90,90
20160110 17:34,85,15,83,17,85,19,88,90,102,73,10236,82,86,88,90,90
20160110 17:35,84,13,83,16,83,14,88,91,103,74,10236,82,86,88,90,90
20160110 17:36,82,13,82,16,80,20,88,91,103,74,10237,82,86,88,90,90
20160110 17:37,79,14,82,15,78,16,88,91,103,74,10237,82,86,88,90,90
20160110 17:38,82,14,82,15,85,22,88,91,103,74,10237,82,86,88,90,90
20160110 17:39,83,15,82,15,81,18,88,91,103,74,10237,82,86,88,90,90
20160110 17:40,81,15,82,14,81,18,88,91,103,74,10237,82,86,88,90,90
20160110 17:41,83,17,83,15,86,24,87,92,103,75,10237,82,86,88,90,90
20160110 17:42,83,17,82,15,80,20,87,92,103,75,10237,82,86,88,90,90
20160110 17:43,80,14,82,15,79,15,87,92,103,75,10237,82,86,88,90,90
20160110 17:44,81,12,82,14,83,19,87,92,103,75,10237,82,86,88,90,90
20160110 17:45,82,15,81,15,81,20,87,92,103,75,10237,82,86,88,90,90
20160110 17:46,79,15,81,15,77,17,87,92,103,75,10237,82,86,88,90,90
20160110 17:47,80,15,82,15,83,20,87,92,103,75,10237,82,86,88,90,90
20160110 17:48,82,16,81,15,82,19,87,92,103,75,10238,82,86,88,90,90
20160110 17:49,81,16,81,15,79,18,87,92,103,75,10238,82,85,88,90,90
20160110 17:50,80,15,81,15,81,20,87,92,103,75,10238,82,86,88,90,90
20160110 17:51,81,16,81,15,82,21,87,93,105,76,10238,82,85,88,90,90
20160110 17:52,81,15,81,15,80,18,87,93,105,76,10238,82,85,88,90,90
20160110 17:53,79,15,81,15,78,21,86,93,104,75,10238,82,85,88,90,90
20160110 17:54,79,15,80,15,80,21,86,93,104,75,10238,82,85,88,90,90
20160110 17:55,77,15,80,15,75,21,86,93,104,75,10238,82,85,88,90,90
20160110 17:56,72,15,79,15,69,21,86,93,104,75,10238,82,85,88,90,90
20160110 17:57,71,14,78,15,73,21,86,93,104,75,10238,82,85,88,90,90
20160110 17:58,75,14,77,15,77,21,86,93,104,75,10238,82,85,88,90,90
20160110 17:59,75,16,77,15,74,19,86,93,104,75,10238,82,85,88,90,90
20160110 18:00,74,16,76,15,75,21,86,93,104,75,10238,82,85,88,90,90
20160110 18:01,76,17,76,15,76,20,86,93,104,75,10237,82,85,88,90,90
20160110 18:02,74,16,75,16,72,22,86,93,104,75,10237,82,85,88,90,90
20160110 18:03,73,15,75,15,74,18,86,94,105,77,10237,82,85,88,90,90
20160110 18:04,76,17,74,16,78,22,86,94,105,77,10236,82,85,88,90,90
20160110 18:05,79,19,75,16,80,23,86,94,105,77,10236,82,85,88,90,90
20160110 18:06,79,19,76,17,77,23,86,94,105,77,10235,82,85,88,90,90
20160110 18:07,76,22,76,18,75,30,86,94,105,77,10235,82,85,88,90,90
20160110 18:08,76,21,76,18,78,23,85,94,104,76,10234,82,85,88,90,90
20160110 18:09,77,21,76,19,76,29,85,94,104,76,10234,82,85,88,90,90
20160110 18:10,79,20,77,19,82,24,85,94,104,76,10235,82,85,88,90,90
20160110 18:11,81,18,77,19,80,25,85,94,104,76,10235,82,85,88,90,90
20160110 18:12,81,20,78,19,83,23,85,94,104,76,10235,82,85,88,90,90
20160110 18:13,82,18,79,20,81,22,85,94,104,76,10235,82,85,88,90,90
20160110 18:14,79,18,79,20,78,23,85,94,104,76,10235,82,85,88,90,90
20160110 18:15,79,19,79,20,80,22,85,94,104,76,10235,82,85,88,90,90
20160110 18:16,83,15,80,19,85,19,85,94,104,76,10236,82,85,88,90,90
20160110 18:17,84,14,81,18,83,20,85,94,104,76,10236,82,85,88,90,90
20160110 18:18,84,15,81,18,85,19,85,94,104,76,10236,82,85,88,90,90
20160110 18:19,85,14,82,17,85,16,85,95,105,77,10237,82,85,88,90,90
20160110 18:20,83,13,82,16,82,18,85,95,105,77,10237,82,85,88,90,90
20160110 18:21,82,15,82,16,81,22,85,95,105,77,10237,82,85,88,90,90
20160110 18:22,77,19,81,16,73,23,85,95,105,77,10237,82,85,88,90,90
20160110 18:23,76,16,81,16,79,19,85,95,105,77,10236,82,85,88,90,90
20160110 18:24,76,13,81,15,73,15,85,95,105,77,10236,82,85,87,90,90
20160110 18:25,73,12,80,14,73,16,85,95,105,77,10236,82,85,88,90,90
20160110 18:26,73,14,79,15,73,23,85,95,105,77,10237,82,85,87,89,90
20160110 18:27,71,16,77,15,69,22,85,95,105,77,10237,82,85,87,90,90
20160110 18:28,70,15,76,15,72,20,85,95,105,77,10237,82,85,87,89,90
20160110 18:29,70,14,74,15,69,17,85,95,105,77,10238,82,85,87,90,90
20160110 18:30,68,16,73,15,66,22,85,95,105,77,10238,82,85,87,90,90
20160110 18:31,73,15,73,15,79,17,85,95,105,77,10238,82,85,87,90,90
20160110 18:32,74,13,72,14,69,18,85,95,105,77,10238,82,85,87,90,90
20160110 18:33,71,13,71,14,72,20,85,95,105,77,10238,82,85,87,90,90
20160110 18:34,74,14,72,15,75,20,85,95,105,77,10238,82,85,87,90,90
20160110 18:35,77,14,72,15,78,18,85,95,105,77,10239,82,85,87,90,90
20160110 18:36,77,15,72,15,76,20,85,95,105,77,10239,82,85,87,90,90
20160110 18:37,78,15,74,14,81,17,85,95,105,77,10239,82,85,87,90,90
20160110 18:38,80,14,74,14,78,15,85,95,105,77,10240,82,85,87,90,90
20160110 18:39,75,13,75,14,72,18,85,95,105,77,10240,82,85,87,89,90
20160110 18:40,74,13,76,14,76,21,85,95,105,77,10240,82,85,87,89,90
20160110 18:41,75,12,75,13,75,19,85,95,105,77,10241,82,85,87,90,90
20160110 18:42,74,11,76,13,74,15,85,95,105,77,10241,82,85,87,90,90
20160110 18:43,74,12,76,13,75,18,85,95,105,77,10240,82,85,87,90,90
20160110 18:44,76,13,76,13,78,17,85,95,105,77,10240,82,85,87,89,90
20160110 18:45,75,13,76,13,73,18,85,95,105,77,10240,82,85,87,90,90
20160110 18:46,71,15,75,13,69,19,85,95,105,77,10240,82,85,87,89,90
20160110 18:47,69,15,74,13,70,20,85,95,105,77,10240,82,85,87,89,90
20160110 18:48,72,15,74,13,75,19,84,95,105,76,10240,82,85,87,90,90
20160110 18:49,76,16,74,14,77,22,84,95,105,76,10240,82,85,87,89,90
20160110 18:50,75,17,74,14,72,21,84,96,106,78,10240,81,85,87,89,90
20160110 18:51,73,20,74,15,74,28,84,96,106,78,10240,81,84,87,89,90
20160110 18:52,72,19,73,16,70,22,84,96,106,78,10240,81,84,87,89,90
20160110 18:53,66,15,72,16,62,25,84,96,106,78,10240,81,85,87,89,90
20160110 18:54,61,15,70,16,60,21,84,96,106,78,10240,81,84,87,89,90
20160110 18:55,62,15,69,16,64,20,84,96,106,78,10240,81,84,87,89,90
20160110 18:56,64,14,69,16,64,19,84,96,106,78,10240,81,84,87,89,90
20160110 18:57,64,15,68,16,65,23,85,96,106,79,10240,81,84,87,89,90
20160110 18:58,64,16,67,16,64,19,84,96,106,78,10240,81,84,87,89,90
20160110 18:59,65,16,66,16,65,19,84,96,106,78,10240,81,84,87,89,90
20160110 19:00,66,15,65,16,66,22,84,96,106,78,10240,81,84,87,89,90
20160110 19:01,64,16,64,15,63,21,84,96,106,78,10240,81,84,87,89,90
20160110 19:02,65,16,64,15,67,25,84,96,106,78,10241,81,84,87,89,90
20160110 19:03,68,18,65,16,69,29,84,96,106,78,10241,81,84,87,89,90
20160110 19:04,70,20,66,16,71,27,85,96,106,79,10241,81,84,87,89,90
20160110 19:05,72,20,67,17,73,24,85,96,106,79,10241,81,84,87,89,90
20160110 19:06,70,19,67,17,67,26,85,96,106,79,10241,81,84,87,89,90
20160110 19:07,70,18,68,18,74,29,85,96,106,79,10241,81,84,87,89,90
20160110 19:08,73,17,69,17,73,20,85,96,106,79,10241,81,84,87,89,90
20160110 19:09,72,17,69,18,71,25,85,96,106,79,10240,81,84,87,89,90
20160110 19:10,73,20,70,18,76,25,85,96,106,79,10240,81,84,87,89,90
20160110 19:11,75,21,72,19,74,29,85,96,106,79,10240,81,84,87,89,90
20160110 19:12,76,23,73,20,79,32,85,96,106,79,10240,81,84,87,89,90
20160110 19:13,78,23,73,20,76,31,85,96,106,79,10240,81,84,87,89,90
20160110 19:14,77,23,74,20,77,31,85,96,106,79,10240,81,84,87,89,90
20160110 19:15,74,20,74,20,70,22,85,96,106,79,10241,81,84,87,89,90
20160110 19:16,72,20,75,21,75,29,85,96,106,79,10241,81,84,87,89,90
20160110 19:17,76,22,75,21,77,24,85,96,106,79,10240,81,84,87,89,90
20160110 19:18,75,23,75,22,74,38,85,96,106,79,10240,81,84,87,89,90
20160110 19:19,75,23,76,22,77,28,85,96,106,79,10240,81,84,87,89,90
20160110 19:20,80,21,76,22,83,28,85,96,106,79,10241,81,84,87,89,90
20160110 19:21,80,22,76,22,76,25,85,96,106,79,10241,81,84,87,89,90
20160110 19:22,77,21,76,22,79,26,85,96,106,79,10241,81,84,87,89,90
20160110 19:23,78,20,77,21,77,31,85,96,106,79,10241,81,84,87,89,90
20160110 19:24,78,20,77,21,79,23,85,96,106,79,10241,81,84,87,89,90
20160110 19:25,75,19,77,21,70,25,85,96,106,79,10241,81,84,87,89,90
20160110 19:26,72,18,77,21,74,27,85,96,106,79,10241,81,84,87,89,90
20160110 19:27,75,21,77,21,76,28,85,96,106,79,10241,81,84,87,89,90
20160110 19:28,75,25,76,21,73,32,85,96,106,79,10241,81,84,87,89,90
20160110 19:29,72,24,76,21,70,29,85,96,106,79,10241,81,84,87,89,90
20160110 19:30,74,23,75,21,77,32,85,96,106,79,10241,81,84,87,89,90
20160110 19:31,76,25,75,22,74,31,85,96,106,79,10241,81,84,87,89,90
20160110 19:32,76,21,75,21,79,22,85,96,106,79,10241,81,84,87,89,90
20160110 19:33,77,18,75,21,75,25,85,96,106,79,10241,81,84,87,89,90
20160110 19:34,77,22,75,22,79,34,85,96,106,79,10242,81,84,87,89,90
20160110 19:35,77,24,75,22,75,33,85,96,106,79,10242,81,84,87,89,90
20160110 19:36,80,23,76,23,85,27,85,96,106,79,10242,81,84,87,89,90
20160110 19:37,80,22,76,23,76,29,85,96,106,79,10243,81,84,87,89,90
20160110 19:38,77,23,77,22,78,33,85,96,106,79,10243,81,84,87,89,90
20160110 19:39,82,25,78,23,86,34,85,96,106,79,10243,81,84,87,89,90
20160110 19:40,83,26,79,23,80,33,85,96,106,79,10243,81,84,87,89,90
20160110 19:41,83,24,80,23,85,30,85,96,106,79,10243,81,84,87,89,90
20160110 19:42,82,26,80,24,79,35,85,96,106,79,10242,81,84,87,89,90
20160110 19:43,82,25,81,24,86,32,85,96,106,79,10242,81,84,87,89,90
20160110 19:44,81,20,81,23,77,23,85,96,106,79,10242,81,84,87,89,91
20160110 19:45,78,22,81,24,80,34,85,96,106,79,10243,81,84,87,89,90
20160110 19:46,80,25,81,24,81,32,85,96,106,79,10243,81,84,87,89,90
20160110 19:47,83,26,82,25,84,39,85,96,106,79,10243,81,84,87,89,90
20160110 19:48,83,27,82,25,81,34,85,96,106,79,10243,81,84,87,89,90
20160110 19:49,79,21,81,24,76,32,85,96,106,79,10243,81,84,87,89,90
20160110 19:50,76,20,80,23,76,26,85,96,106,79,10243,81,84,87,89,90
20160110 19:51,76,22,80,23,76,26,85,96,106,79,10243,81,84,87,89,90
20160110 19:52,78,20,80,22,80,23,85,96,106,79,10243,81,84,87,89,90
20160110 19:53,80,19,79,22,80,26,85,96,106,79,10243,81,84,87,89,90
20160110 19:54,77,18,79,22,74,25,85,96,106,79,10243,81,84,87,89,90
20160110 19:55,76,22,79,22,78,32,85,96,106,79,10243,81,84,87,89,90
20160110 19:56,80,23,79,22,81,26,85,96,106,79,10242,81,84,87,89,90
20160110 19:57,80,21,78,21,78,26,85,96,106,79,10242,81,84,87,89,90
20160110 19:58,80,20,78,20,83,27,85,96,106,79,10242,81,84,87,89,90
20160110 19:59,81,20,79,21,80,31,85,96,106,79,10242,81,84,87,89,90
20160110 20:00,80,23,79,21,80,35,85,96,106,79,10242,81,84,87,89,91
