time_now,wd_avg_2mins,ws_avg_2mins,wd_avg_10mins,ws_avg_10mins,wd_maxsp_this_min,ws_maxsp_this_min,air_temp_by_box,relative_humidity,water_vapor_pressure,dew_temp,station_pressure,ground_temp_pt,ground_tem_5cm,ground_tem_10cm,ground_tem_15cm,ground_tem_20cm
20151219 20:01,45,10,53,10,44,12,16,91,62,3,10346,-5,35,63,73,76
20151219 20:02,44,9,51,10,44,11,16,91,62,3,10346,-6,35,63,73,76
20151219 20:03,45,8,50,10,46,9,16,92,63,4,10346,-6,35,63,73,76
20151219 20:04,47,8,49,10,47,10,16,92,63,4,10346,-6,35,63,73,76
20151219 20:05,50,9,49,10,52,11,16,92,63,4,10346,-6,35,62,73,76
20151219 20:06,54,8,49,9,56,9,16,92,63,4,10346,-6,34,62,73,76
20151219 20:07,56,7,49,9,57,8,16,92,63,4,10346,-6,34,62,73,76
20151219 20:08,55,7,49,9,53,11,15,92,63,3,10346,-6,34,62,73,76
20151219 20:09,49,9,49,9,46,12,15,92,63,3,10346,-6,34,62,73,76
20151219 20:10,44,10,49,9,42,12,15,91,62,2,10346,-7,34,62,73,76
20151219 20:11,40,11,48,9,39,14,14,91,61,1,10346,-7,34,62,73,76
20151219 20:12,39,13,48,9,38,14,14,91,61,1,10346,-7,34,62,72,76
20151219 20:13,38,14,47,10,38,15,14,91,61,1,10346,-7,33,62,72,76
20151219 20:14,39,14,46,11,40,15,14,92,62,2,10346,-7,33,61,72,76
20151219 20:15,38,14,45,11,37,16,14,91,61,1,10346,-8,33,61,72,76
20151219 20:16,38,14,43,12,39,16,14,91,61,1,10346,-8,33,61,72,76
20151219 20:17,41,14,41,12,42,17,13,91,61,0,10346,-8,33,61,72,76
20151219 20:18,42,15,40,13,42,18,13,91,61,0,10346,-8,33,61,72,76
20151219 20:19,41,15,40,14,40,17,13,92,62,1,10346,-8,33,61,72,76
20151219 20:20,41,15,40,14,41,16,13,92,62,1,10346,-8,32,61,72,76
20151219 20:21,41,14,40,14,40,16,13,92,62,1,10346,-8,32,61,72,76
20151219 20:22,41,13,40,14,42,16,12,92,61,0,10346,-8,32,61,72,76
20151219 20:23,42,13,41,14,43,14,12,92,61,0,10346,-8,32,60,72,76
20151219 20:24,42,12,41,14,41,14,12,92,61,0,10346,-8,32,60,72,76
20151219 20:25,42,12,41,14,43,15,12,92,61,0,10346,-8,32,60,72,76
20151219 20:26,43,12,42,13,42,14,12,92,61,0,10346,-8,32,60,72,76
20151219 20:27,41,12,41,13,40,14,12,92,61,0,10346,-9,31,60,72,76
20151219 20:28,40,12,41,13,41,14,12,92,61,0,10346,-9,31,60,72,76
20151219 20:29,41,11,41,13,41,13,11,92,61,-1,10346,-9,31,60,72,76
20151219 20:30,42,11,42,12,43,12,11,92,61,-1,10346,-9,31,60,71,76
20151219 20:31,43,10,42,12,44,11,11,92,61,-1,10345,-9,31,60,71,76
20151219 20:32,46,9,42,11,47,10,11,92,61,-1,10345,-9,31,60,71,76
20151219 20:33,46,9,43,11,45,10,11,93,61,1,10346,-9,31,59,71,76
20151219 20:34,46,9,43,11,47,10,11,93,61,1,10346,-10,30,59,71,76
20151219 20:35,46,9,43,10,45,10,11,93,61,1,10346,-10,30,59,71,76
20151219 20:36,45,9,44,10,45,9,11,93,61,1,10346,-10,30,59,71,76
20151219 20:37,44,8,44,10,43,10,11,93,61,1,10346,-10,30,59,71,76
20151219 20:38,44,8,45,9,45,10,10,93,61,0,10346,-10,30,59,71,76
20151219 20:39,44,9,45,9,42,12,10,93,61,0,10346,-10,30,59,71,76
20151219 20:40,42,9,45,9,42,10,10,93,61,0,10346,-10,30,59,71,76
20151219 20:41,42,9,44,9,43,10,10,93,61,0,10346,-10,30,59,71,76
20151219 20:42,42,8,44,9,42,10,9,93,61,-1,10346,-11,29,59,71,76
20151219 20:43,42,9,43,9,41,12,9,93,61,-1,10346,-11,29,58,71,76
20151219 20:44,39,10,43,9,37,11,9,93,61,-1,10346,-11,29,58,71,76
20151219 20:45,38,10,42,9,39,12,9,93,61,-1,10346,-11,29,58,71,76
20151219 20:46,39,10,41,9,39,13,9,93,61,-1,10346,-11,29,58,71,76
20151219 20:47,40,10,41,9,41,11,9,93,61,-1,10347,-11,29,58,71,76
20151219 20:48,42,9,41,9,42,11,9,93,61,-1,10347,-11,29,58,70,76
20151219 20:49,42,10,41,9,42,13,9,93,61,-1,10347,-11,29,58,70,76
20151219 20:50,44,11,41,10,45,12,8,93,60,-2,10347,-12,28,58,70,76
20151219 20:51,43,12,41,10,42,16,8,93,60,-2,10347,-12,28,58,70,76
20151219 20:52,42,12,41,10,42,15,8,93,60,-2,10347,-12,28,58,70,76
20151219 20:53,42,13,41,11,43,15,8,93,60,-2,10347,-12,28,57,70,76
20151219 20:54,43,13,42,11,43,15,8,93,60,-2,10347,-12,28,57,70,75
20151219 20:55,41,13,42,11,39,14,8,93,60,-2,10348,-12,28,57,70,75
20151219 20:56,39,13,42,12,39,15,8,93,60,-2,10348,-12,28,57,70,75
20151219 20:57,39,13,42,12,40,14,8,93,60,-2,10348,-12,27,57,70,75
20151219 20:58,40,12,41,12,39,14,7,93,60,-3,10348,-12,27,57,70,75
20151219 20:59,38,13,41,13,37,15,7,93,60,-3,10348,-13,27,57,70,75
20151219 21:00,38,12,40,13,39,13,7,93,60,-3,10348,-13,27,57,70,75
20151219 21:01,38,12,40,13,37,13,7,93,60,-3,10348,-13,27,57,70,75
20151219 21:02,37,12,39,13,37,13,7,93,60,-3,10348,-13,27,57,70,75
20151219 21:03,37,12,39,12,37,14,6,93,59,-4,10348,-13,27,57,70,75
20151219 21:04,36,12,38,12,35,15,6,93,59,-4,10348,-13,27,56,70,75
20151219 21:05,35,12,38,12,35,13,6,93,59,-4,10348,-13,27,56,69,75
20151219 21:06,32,11,36,12,28,12,6,93,59,-4,10348,-13,26,56,69,75
20151219 21:07,30,10,36,12,32,11,6,93,59,-4,10349,-13,26,56,69,75
20151219 21:08,32,10,35,12,32,11,7,94,60,-2,10349,-13,26,56,69,75
20151219 21:09,31,10,34,11,30,11,7,94,60,-2,10349,-14,26,56,69,75
20151219 21:10,31,10,33,11,31,12,7,94,60,-2,10349,-14,26,56,69,75
20151219 21:11,31,10,33,11,31,11,7,94,60,-2,10349,-14,26,56,69,75
20151219 21:12,32,10,32,11,33,12,7,94,60,-2,10349,-14,26,56,69,75
20151219 21:13,34,10,32,10,35,11,7,94,60,-2,10349,-14,26,56,69,75
20151219 21:14,36,9,32,10,38,11,7,94,60,-2,10349,-14,26,55,69,75
20151219 21:15,38,9,33,10,38,9,7,94,60,-2,10349,-14,25,55,69,75
20151219 21:16,40,8,34,9,42,9,6,94,60,-3,10349,-14,25,55,69,75
20151219 21:17,43,8,35,9,44,9,6,94,60,-3,10349,-15,25,55,69,75
20151219 21:18,43,8,36,9,41,10,6,94,60,-3,10349,-15,25,55,69,75
20151219 21:19,42,10,38,9,42,12,6,94,60,-3,10349,-15,25,55,69,75
20151219 21:20,41,11,38,9,40,12,6,94,60,-3,10348,-15,25,55,69,75
20151219 21:21,40,12,39,10,39,14,6,94,60,-3,10348,-15,25,55,69,75
20151219 21:22,41,13,40,10,42,14,6,94,60,-3,10348,-15,25,55,69,75
20151219 21:23,43,13,41,10,44,13,6,94,60,-3,10348,-15,24,55,68,75
20151219 21:24,42,13,41,11,40,16,6,94,60,-3,10348,-15,24,55,68,75
20151219 21:25,40,14,41,11,40,16,6,94,60,-3,10348,-15,24,54,68,75
20151219 21:26,40,14,41,12,39,16,6,94,60,-3,10348,-15,24,54,68,75
20151219 21:27,40,14,41,12,40,17,5,94,60,-4,10348,-16,24,54,68,75
20151219 21:28,40,14,40,13,39,16,5,94,60,-4,10348,-16,24,54,68,75
20151219 21:29,40,14,40,13,41,16,5,94,60,-4,10348,-16,24,54,68,75
20151219 21:30,40,14,40,14,39,15,5,94,60,-4,10348,-16,24,54,68,75
20151219 21:31,40,14,40,14,40,15,4,94,59,-5,10348,-16,24,54,68,75
20151219 21:32,40,13,40,14,39,15,4,94,59,-5,10348,-16,23,54,68,75
20151219 21:33,38,13,39,14,36,16,4,94,59,-5,10348,-16,23,54,68,75
20151219 21:34,36,14,39,14,35,15,4,94,59,-5,10348,-16,23,54,68,74
20151219 21:35,35,13,38,14,35,14,4,94,59,-5,10348,-16,23,54,68,74
20151219 21:36,35,13,38,14,36,13,3,94,59,-6,10348,-16,23,53,68,74
20151219 21:37,35,12,37,13,35,14,3,94,59,-6,10348,-16,23,53,68,74
20151219 21:38,37,12,37,13,38,13,3,94,59,-6,10348,-17,23,53,68,74
20151219 21:39,37,12,37,13,35,14,3,94,59,-6,10348,-17,23,53,68,74
20151219 21:40,36,12,36,13,36,13,3,94,59,-6,10348,-17,23,53,68,74
20151219 21:41,35,12,36,13,35,14,3,94,59,-6,10348,-17,23,53,67,74
20151219 21:42,34,12,35,12,32,14,3,94,59,-6,10348,-17,22,53,67,74
20151219 21:43,30,13,35,12,28,16,3,94,59,-6,10348,-17,22,53,67,74
20151219 21:44,30,13,34,12,33,17,3,94,59,-6,10348,-17,22,53,67,74
20151219 21:45,34,13,34,12,35,15,3,94,59,-6,10348,-17,22,53,67,74
20151219 21:46,32,13,34,12,30,15,3,94,59,-6,10348,-17,22,53,67,74
20151219 21:47,32,14,34,13,34,15,3,95,59,-4,10347,-17,22,53,67,74
20151219 21:48,34,13,33,13,33,16,3,95,59,-4,10347,-18,22,52,67,74
20151219 21:49,33,14,33,13,33,21,4,95,60,-3,10348,-18,22,52,67,74
20151219 21:50,35,16,33,14,37,24,5,95,60,-2,10348,-18,22,52,67,74
20151219 21:51,36,16,33,14,36,20,6,95,61,-1,10348,-18,21,52,67,74
20151219 21:52,37,16,34,14,38,17,6,95,61,-1,10348,-18,21,52,67,74
20151219 21:53,37,15,35,14,36,17,7,95,61,0,10348,-18,21,52,67,74
20151219 21:54,36,15,35,15,35,22,7,95,61,0,10348,-18,21,52,67,74
20151219 21:55,36,15,35,15,36,18,8,95,61,1,10348,-18,21,52,67,74
20151219 21:56,36,14,35,15,36,16,9,96,63,3,10348,-18,21,52,67,74
20151219 21:57,36,14,36,15,36,17,10,96,63,4,10348,-18,21,52,67,74
20151219 21:58,38,14,36,15,40,16,11,96,63,5,10348,-18,21,52,66,74
20151219 21:59,37,13,36,15,34,15,11,96,63,5,10348,-18,21,52,66,74
20151219 22:00,34,14,36,15,33,16,11,95,63,4,10348,-18,21,51,66,74
20151219 22:01,35,14,36,14,36,15,11,95,63,4,10348,-18,21,51,66,74
20151219 22:02,37,13,36,14,38,15,12,95,63,5,10348,-18,20,51,66,74
20151219 22:03,37,13,36,14,35,16,12,95,63,5,10348,-18,20,51,66,74
20151219 22:04,36,14,36,14,37,17,13,95,64,6,10348,-18,20,51,66,74
20151219 22:05,39,13,37,14,42,16,13,95,64,6,10348,-18,20,51,66,74
20151219 22:06,42,14,37,14,42,16,14,95,64,7,10348,-19,20,51,66,74
20151219 22:07,41,14,38,14,40,16,14,95,64,7,10348,-19,20,51,66,74
20151219 22:08,36,14,37,14,33,16,15,95,65,8,10349,-19,20,51,66,74
20151219 22:09,33,14,37,14,33,16,15,95,65,8,10349,-19,20,51,66,74
20151219 22:10,35,14,37,14,37,19,15,95,65,8,10349,-19,20,51,66,74
20151219 22:11,38,14,38,14,39,15,15,95,65,8,10349,-19,20,51,66,73
20151219 22:12,40,13,38,14,42,16,15,94,64,6,10349,-19,19,50,66,73
20151219 22:13,39,14,38,14,36,20,15,94,64,6,10349,-19,19,50,66,73
20151219 22:14,35,16,38,14,35,20,16,94,64,7,10349,-19,19,50,66,73
20151219 22:15,36,16,38,14,38,19,16,94,64,7,10349,-19,19,50,66,73
20151219 22:16,37,15,37,14,36,16,16,94,64,7,10349,-19,19,50,65,73
20151219 22:17,35,13,36,14,34,16,16,94,64,7,10349,-19,19,50,65,73
20151219 22:18,35,12,37,14,36,14,16,94,64,7,10349,-19,19,50,65,73
20151219 22:19,36,13,37,14,35,18,16,94,64,7,10349,-19,19,50,65,73
20151219 22:20,35,14,37,14,35,17,17,94,65,8,10349,-19,19,50,65,73
20151219 22:21,35,13,36,14,34,17,17,94,65,8,10349,-19,19,50,65,73
20151219 22:22,33,12,35,14,32,17,17,94,65,8,10349,-19,19,50,65,73
20151219 22:23,31,12,34,14,29,16,17,93,64,7,10349,-20,19,50,65,73
20151219 22:24,30,12,34,13,32,15,17,93,64,7,10349,-20,18,49,65,73
20151219 22:25,31,13,33,13,31,16,17,93,64,7,10349,-19,18,49,65,73
20151219 22:26,29,12,33,13,28,14,17,93,64,7,10349,-20,18,49,65,73
20151219 22:27,31,11,33,12,35,14,17,93,64,7,10349,-20,18,49,65,73
20151219 22:28,33,12,32,13,32,16,17,93,64,7,10349,-20,18,49,65,73
20151219 22:29,34,13,33,12,37,16,17,93,64,7,10349,-20,18,49,65,73
20151219 22:30,36,13,33,12,36,15,17,93,64,7,10349,-20,18,49,65,73
20151219 22:31,35,12,33,12,34,15,17,93,64,7,10349,-20,18,49,65,73
20151219 22:32,34,12,33,12,33,15,17,93,64,7,10349,-20,18,49,65,73
20151219 22:33,33,13,33,12,33,14,17,93,64,7,10349,-20,18,49,65,73
20151219 22:34,33,12,33,12,33,14,16,93,64,6,10349,-20,18,49,64,73
20151219 22:35,32,13,33,12,32,16,16,93,64,6,10349,-20,18,49,64,73
20151219 22:36,32,13,34,12,32,15,16,93,64,6,10349,-20,17,49,64,73
20151219 22:37,32,14,33,13,32,19,16,93,64,6,10349,-20,17,48,64,73
20151219 22:38,31,15,33,13,31,18,16,93,64,6,10349,-20,17,48,64,73
20151219 22:39,33,14,33,13,36,15,15,93,63,5,10349,-20,17,48,64,73
20151219 22:40,34,13,33,13,32,14,15,93,63,5,10349,-20,17,48,64,73
20151219 22:41,32,13,33,13,32,17,15,93,63,5,10350,-20,17,48,64,73
20151219 22:42,32,14,32,13,31,16,15,93,63,5,10349,-20,17,48,64,73
20151219 22:43,30,14,32,13,29,16,15,93,63,5,10349,-21,17,48,64,73
20151219 22:44,29,13,32,13,29,19,15,93,63,5,10349,-20,17,48,64,73
20151219 22:45,31,13,32,14,32,19,16,93,64,6,10349,-21,17,48,64,72
20151219 22:46,35,14,32,14,37,16,16,93,64,6,10349,-21,17,48,64,72
20151219 22:47,38,14,33,14,40,17,16,93,64,6,10349,-20,17,48,64,72
20151219 22:48,39,15,34,14,38,18,16,93,64,6,10349,-20,16,48,64,72
20151219 22:49,40,15,34,14,42,19,16,93,64,6,10349,-20,16,48,64,72
20151219 22:50,43,15,35,14,45,17,16,93,64,6,10349,-20,16,48,64,72
20151219 22:51,45,15,37,14,45,17,16,93,64,6,10349,-20,16,47,64,72
20151219 22:52,40,15,37,14,35,17,16,93,64,6,10349,-20,16,47,64,72
20151219 22:53,36,15,38,14,36,16,16,93,64,6,10349,-20,16,47,63,72
20151219 22:54,36,15,39,15,36,18,16,93,64,6,10349,-21,16,47,63,72
20151219 22:55,37,16,39,15,38,19,16,93,64,6,10349,-21,16,47,63,72
20151219 22:56,39,17,39,15,40,19,16,93,64,6,10349,-21,16,47,63,72
20151219 22:57,39,16,39,15,37,19,16,93,64,6,10348,-21,16,47,63,72
20151219 22:58,39,15,39,15,40,17,17,93,64,7,10349,-21,16,47,63,72
20151219 22:59,39,16,39,16,38,19,17,93,64,7,10349,-21,16,47,63,72
20151219 23:00,40,16,39,16,41,22,17,93,64,7,10349,-21,16,47,63,72
20151219 23:01,41,15,38,16,42,18,17,93,64,7,10349,-21,16,47,63,72
20151219 23:02,40,15,39,16,38,20,17,93,64,7,10349,-21,16,47,63,72
20151219 23:03,41,15,39,16,43,19,18,93,65,8,10349,-20,15,47,63,72
20151219 23:04,41,15,40,16,39,19,18,93,65,8,10349,-20,15,46,63,72
20151219 23:05,42,16,40,16,44,20,18,93,65,8,10348,-20,15,46,63,72
20151219 23:06,43,15,40,16,43,18,18,92,64,6,10348,-20,15,46,63,72
20151219 23:07,45,15,42,15,48,19,18,92,64,6,10348,-20,15,46,63,72
20151219 23:08,44,15,42,16,40,18,18,92,64,6,10348,-20,15,46,63,72
20151219 23:09,40,16,42,15,39,18,18,92,64,6,10348,-20,15,46,63,72
20151219 23:10,38,15,41,15,38,18,18,92,64,6,10347,-20,15,46,63,72
20151219 23:11,38,16,41,16,39,20,18,92,64,6,10347,-20,15,46,62,72
20151219 23:12,40,17,41,16,42,21,18,92,64,6,10347,-21,15,46,62,72
20151219 23:13,40,16,41,16,39,19,18,92,64,6,10346,-21,15,46,62,72
20151219 23:14,42,15,42,16,44,20,18,92,64,6,10346,-21,15,46,62,72
20151219 23:15,41,15,41,16,39,18,18,92,64,6,10346,-21,15,46,62,72
20151219 23:16,40,16,41,16,41,19,18,92,64,6,10346,-21,15,46,62,72
20151219 23:17,41,15,40,16,40,19,19,92,64,7,10346,-20,15,46,62,72
20151219 23:18,40,15,40,16,39,19,19,92,64,7,10346,-20,15,46,62,71
20151219 23:19,40,15,40,16,41,18,19,92,64,7,10346,-20,15,45,62,71
20151219 23:20,39,15,40,16,36,19,19,92,64,7,10346,-21,14,45,62,71
20151219 23:21,36,16,40,16,36,20,19,92,64,7,10346,-21,14,45,62,71
20151219 23:22,37,16,39,15,38,19,19,92,64,7,10346,-21,14,45,62,71
20151219 23:23,38,14,39,15,38,16,19,92,64,7,10346,-21,14,45,62,71
20151219 23:24,39,15,39,16,40,21,19,92,64,7,10345,-21,14,45,62,71
20151219 23:25,40,15,39,15,40,19,19,92,64,7,10345,-21,14,45,62,71
20151219 23:26,41,14,39,15,41,19,19,92,64,7,10345,-21,14,45,62,71
20151219 23:27,40,15,39,15,40,18,19,92,64,7,10345,-21,14,45,62,71
20151219 23:28,41,14,39,15,42,17,19,92,64,7,10345,-21,14,45,62,71
20151219 23:29,42,15,39,15,42,20,20,92,65,8,10345,-21,14,45,62,71
20151219 23:30,43,14,40,15,45,16,20,92,65,8,10345,-21,14,45,62,71
20151219 23:31,44,14,41,15,42,17,20,92,65,8,10345,-20,14,45,61,71
20151219 23:32,41,15,41,15,39,19,20,92,65,8,10345,-20,14,45,61,71
20151219 23:33,40,15,41,15,41,17,20,92,65,8,10345,-20,14,44,61,71
20151219 23:34,42,15,42,15,44,20,20,92,65,8,10344,-19,14,44,61,71
20151219 23:35,43,16,42,15,42,18,20,92,65,8,10344,-19,14,44,61,71
20151219 23:36,44,15,42,15,45,19,20,91,64,7,10344,-19,14,44,61,71
20151219 23:37,48,14,43,15,51,17,21,91,65,8,10344,-19,14,44,61,71
20151219 23:38,51,15,44,15,51,21,21,91,65,8,10344,-16,14,44,61,71
20151219 23:39,52,15,45,15,52,24,21,91,65,8,10344,-10,14,44,61,71
20151219 23:40,50,17,45,15,48,21,20,91,64,7,10343,-12,14,44,61,71
20151219 23:41,48,18,46,16,48,21,20,91,64,7,10343,-13,14,44,61,71
20151219 23:42,46,17,46,16,43,19,20,91,64,7,10343,-14,14,44,61,71
20151219 23:43,43,16,47,16,43,19,21,91,65,8,10343,-15,14,44,61,71
20151219 23:44,44,15,47,16,45,20,21,91,65,8,10343,-15,14,44,61,71
20151219 23:45,43,16,47,16,42,21,21,91,65,8,10343,-16,14,44,61,71
20151219 23:46,43,15,47,16,43,18,21,91,65,8,10344,-16,14,44,61,71
20151219 23:47,46,15,46,16,48,22,21,91,65,8,10344,-16,14,44,61,71
20151219 23:48,46,16,46,16,45,21,21,91,65,8,10344,-16,14,44,61,70
20151219 23:49,46,15,45,16,47,17,21,91,65,8,10344,-16,14,44,61,71
20151219 23:50,46,13,45,16,45,18,22,91,65,9,10344,-16,14,43,61,70
20151219 23:51,44,12,44,15,42,15,22,91,65,9,10344,-16,14,43,61,70
20151219 23:52,42,11,44,14,43,15,22,91,65,9,10344,-16,14,43,60,70
20151219 23:53,44,11,44,14,45,12,22,91,65,9,10344,-16,14,43,60,70
20151219 23:54,45,11,45,14,46,14,22,91,65,9,10345,-17,14,43,60,70
20151219 23:55,44,13,45,13,42,16,23,91,66,10,10345,-17,14,43,60,70
20151219 23:56,43,13,45,13,43,15,23,91,66,10,10345,-17,14,43,60,70
20151219 23:57,40,10,44,12,37,11,23,91,66,10,10345,-17,14,43,60,70
20151219 23:58,38,11,43,12,40,17,23,91,66,10,10345,-17,14,43,60,70
20151219 23:59,40,13,42,12,40,13,23,90,65,8,10345,-17,14,43,60,70
20151219 00:00,42,13,42,12,44,19,22,90,64,7,10345,-17,14,43,60,70
20151219 00:01,43,14,42,12,42,18,22,90,64,7,10345,-17,14,43,60,70
20151219 00:02,42,14,42,13,42,17,22,90,64,7,10345,-17,14,43,60,70
20151219 00:03,42,14,42,13,43,18,22,90,64,7,10345,-17,14,43,60,70
20151219 00:04,42,14,42,13,42,17,22,90,64,7,10345,-17,14,43,60,70
20151219 00:05,43,14,42,13,44,17,22,90,64,7,10345,-17,14,43,60,70
20151219 00:06,44,15,42,14,43,22,22,91,65,9,10345,-17,14,43,60,70
20151219 00:07,43,15,42,14,43,16,22,91,65,9,10345,-17,14,43,60,70
20151219 00:08,42,13,43,14,42,15,22,90,64,7,10345,-18,14,43,60,70
20151219 00:09,40,14,42,14,39,20,22,90,64,7,10345,-18,14,43,60,70
20151219 00:10,40,14,42,14,40,18,22,90,64,7,10345,-18,14,42,60,70
20151219 00:11,41,13,42,14,41,17,22,91,65,9,10344,-18,14,42,60,70
20151219 00:12,41,13,42,14,42,14,22,91,65,9,10344,-18,14,42,60,70
20151219 00:13,42,11,42,13,42,15,22,91,65,9,10344,-18,14,42,59,70
20151219 00:14,39,12,41,13,36,14,22,91,65,9,10344,-18,13,42,59,70
20151219 00:15,38,13,41,13,39,18,23,91,66,10,10344,-17,14,42,59,70
20151219 00:16,40,14,41,13,42,19,23,91,66,10,10344,-17,13,42,59,70
20151219 00:17,41,13,40,13,39,16,23,91,66,10,10344,-17,13,42,59,70
20151219 00:18,40,14,40,13,40,17,22,91,65,9,10344,-17,13,42,59,70
20151219 00:19,41,15,40,13,43,20,22,91,65,9,10344,-17,13,42,59,70
20151219 00:20,42,16,41,13,42,21,22,91,65,9,10344,-17,13,42,59,70
20151219 00:21,41,16,41,14,41,22,22,91,65,9,10344,-17,13,42,59,70
20151219 00:22,42,14,41,14,42,18,22,91,65,9,10344,-17,13,42,59,69
20151219 00:23,41,12,40,14,40,15,22,91,65,9,10344,-17,13,42,59,69
20151219 00:24,40,13,41,14,39,17,22,91,65,9,10344,-17,13,42,59,69
20151219 00:25,38,14,41,14,38,18,22,91,65,9,10344,-17,13,42,59,69
20151219 00:26,41,14,41,14,44,21,22,91,65,9,10343,-17,14,42,59,69
20151219 00:27,46,15,42,14,48,21,22,91,65,9,10343,-17,13,42,59,69
20151219 00:28,47,17,42,15,47,23,22,91,65,9,10343,-17,13,42,59,69
20151219 00:29,47,16,43,15,46,21,22,91,65,9,10343,-17,13,42,59,69
20151219 00:30,47,15,43,14,49,22,22,91,65,9,10343,-17,13,42,59,69
20151219 00:31,48,15,44,14,48,17,22,91,65,9,10343,-17,13,42,59,69
20151219 00:32,49,14,45,15,51,18,22,91,65,9,10343,-17,13,41,59,69
20151219 00:33,51,13,46,15,51,16,22,91,65,9,10343,-17,13,41,59,69
20151219 00:34,51,12,47,14,51,15,22,91,65,9,10343,-17,13,41,58,69
20151219 00:35,50,11,48,14,49,13,22,91,65,9,10343,-17,13,41,58,69
20151219 00:36,48,11,49,14,46,12,22,91,65,9,10343,-17,13,41,58,69
20151219 00:37,48,11,49,13,50,15,22,91,65,9,10343,-17,13,41,58,69
20151219 00:38,51,11,49,13,53,13,22,91,65,9,10343,-17,13,41,58,69
20151219 00:39,53,11,50,12,53,14,22,91,65,9,10343,-17,13,41,58,69
20151219 00:40,53,11,51,12,53,14,22,91,65,9,10343,-17,13,41,58,69
20151219 00:41,53,12,51,12,53,16,22,91,65,9,10343,-17,13,41,58,69
20151219 00:42,53,13,51,11,53,17,22,91,65,9,10343,-17,13,41,58,69
20151219 00:43,54,12,52,12,54,15,22,91,65,9,10342,-17,13,41,58,69
20151219 00:44,55,11,52,11,56,13,22,91,65,9,10342,-17,13,41,58,69
20151219 00:45,57,9,53,11,58,11,21,91,65,8,10343,-17,13,41,58,69
20151219 00:46,58,8,54,11,58,9,21,91,65,8,10343,-17,13,41,58,69
20151219 00:47,57,8,55,10,55,10,21,91,65,8,10343,-17,13,41,58,69
20151219 00:48,55,8,55,10,54,10,21,91,65,8,10343,-17,13,41,58,69
20151219 00:49,54,7,55,10,54,7,21,91,65,8,10343,-17,13,41,58,69
20151219 00:50,54,6,55,9,53,8,20,91,64,7,10343,-17,13,41,58,69
20151219 00:51,52,7,55,8,52,8,20,91,64,7,10344,-17,13,41,58,69
20151219 00:52,51,7,54,8,51,9,19,91,64,6,10344,-17,13,41,58,69
20151219 00:53,52,6,54,7,54,8,19,91,64,6,10344,-17,13,41,58,69
20151219 00:54,51,7,54,7,48,11,19,91,64,6,10344,-17,13,41,58,68
20151219 00:55,50,6,53,7,53,9,19,91,64,6,10344,-17,13,41,58,68
20151219 00:56,53,5,53,7,52,7,18,91,63,5,10344,-17,13,40,58,68
20151219 00:57,50,6,52,7,48,9,18,91,63,5,10344,-17,13,40,58,68
20151219 00:58,49,7,52,6,51,8,17,91,63,4,10344,-18,13,40,58,68
20151219 00:59,49,7,51,7,47,9,17,91,63,4,10344,-18,13,40,57,68
20151219 01:00,49,7,51,6,50,8,17,91,63,4,10345,-18,13,40,57,68
20151219 01:01,49,7,50,7,48,12,17,91,63,4,10345,-18,13,40,57,68
20151219 01:02,50,8,50,7,51,9,16,91,62,3,10345,-18,13,40,57,68
20151219 01:03,48,8,49,7,44,11,16,91,62,3,10345,-18,13,40,57,68
20151219 01:04,45,9,49,7,47,11,15,91,62,2,10345,-18,13,40,57,68
20151219 01:05,48,8,49,7,50,11,15,91,62,2,10345,-18,13,40,57,68
20151219 01:06,55,7,50,8,60,8,15,91,62,2,10344,-18,13,40,57,68
20151219 01:07,57,7,50,8,55,14,14,91,61,1,10344,-18,13,40,57,68
20151219 01:08,55,9,51,8,55,13,14,91,61,1,10344,-18,13,40,57,68
20151219 01:09,55,9,51,8,55,14,13,91,61,0,10344,-18,13,40,57,68
20151219 01:10,55,10,52,9,54,14,13,91,61,0,10343,-18,13,40,57,68
20151219 01:11,54,11,53,9,54,14,13,91,61,0,10343,-18,13,40,57,68
20151219 01:12,54,12,53,10,54,15,12,92,61,0,10343,-18,13,40,57,68
20151219 01:13,56,11,54,10,59,13,12,92,61,0,10343,-18,13,40,57,68
20151219 01:14,58,10,55,10,57,14,12,92,61,0,10343,-18,13,40,57,68
20151219 01:15,57,10,56,10,58,14,12,92,61,0,10343,-18,13,40,57,68
20151219 01:16,57,10,56,10,57,12,12,92,61,0,10343,-18,13,40,57,68
20151219 01:17,58,9,56,10,58,12,11,92,61,-1,10343,-18,12,40,57,68
20151219 01:18,59,9,57,10,59,10,11,93,61,1,10343,-18,12,40,57,68
20151219 01:19,60,8,57,10,60,10,11,93,61,1,10343,-18,12,40,57,68
20151219 01:20,59,9,57,10,58,11,10,93,61,0,10343,-18,12,40,57,68
20151219 01:21,57,9,58,10,57,12,10,93,61,0,10343,-18,12,40,57,68
20151219 01:22,55,10,58,10,54,14,9,93,61,-1,10343,-18,12,39,57,68
20151219 01:23,55,10,57,9,55,12,9,93,61,-1,10343,-18,12,39,57,68
20151219 01:24,54,11,57,10,54,14,9,93,61,-1,10343,-18,12,39,57,68
20151219 01:25,53,12,56,10,52,15,9,93,61,-1,10343,-18,12,39,56,68
20151219 01:26,52,13,56,10,51,16,9,93,61,-1,10343,-18,12,39,56,68
20151219 01:27,50,14,55,11,48,17,9,93,61,-1,10343,-18,12,39,56,68
20151219 01:28,49,14,54,11,50,16,9,94,61,0,10343,-18,12,39,56,67
20151219 01:29,48,14,52,12,45,16,8,94,61,-1,10343,-18,12,39,56,67
20151219 01:30,47,14,52,12,49,15,8,94,61,-1,10343,-18,12,39,56,67
20151219 01:31,48,14,51,13,47,15,8,94,61,-1,10343,-18,12,39,56,67
20151219 01:32,46,14,50,13,46,16,8,94,61,-1,10343,-18,12,39,56,67
20151219 01:33,46,14,49,14,47,16,8,94,61,-1,10342,-18,12,39,56,67
20151219 01:34,47,14,48,14,47,16,7,94,60,-2,10342,-18,12,39,56,67
20151219 01:35,47,14,48,14,48,16,7,94,60,-2,10342,-18,12,39,56,67
20151219 01:36,48,14,48,14,48,17,7,94,60,-2,10342,-18,12,39,56,67
20151219 01:37,46,15,47,14,45,17,8,94,61,-1,10342,-18,12,39,56,67
20151219 01:38,45,15,47,14,45,17,8,94,61,-1,10342,-19,12,39,56,67
20151219 01:39,45,15,47,15,44,18,8,94,61,-1,10341,-19,12,39,56,67
20151219 01:40,46,16,46,15,47,18,8,94,61,-1,10341,-19,12,39,56,67
20151219 01:41,47,16,46,15,46,19,7,94,60,-2,10341,-19,12,39,56,67
20151219 01:42,47,17,47,15,48,18,8,95,61,1,10341,-19,12,39,56,67
20151219 01:43,47,16,46,16,45,19,8,95,61,1,10341,-19,12,39,56,67
20151219 01:44,46,16,46,16,47,19,8,95,61,1,10341,-19,12,39,56,67
20151219 01:45,47,16,46,16,48,18,8,95,61,1,10340,-19,12,39,56,67
20151219 01:46,48,17,46,16,49,21,9,95,62,2,10341,-19,12,39,56,67
20151219 01:47,48,16,47,16,47,18,9,95,62,2,10341,-19,12,39,56,67
20151219 01:48,46,16,47,16,46,17,9,95,62,2,10341,-19,12,39,56,67
20151219 01:49,45,15,47,16,44,17,9,95,62,2,10340,-19,12,39,56,67
20151219 01:50,42,14,46,16,40,17,9,95,62,2,10340,-19,12,39,56,67
20151219 01:51,40,14,46,15,41,17,9,95,62,2,10340,-19,12,38,56,67
20151219 01:52,40,14,45,15,40,17,8,95,61,1,10340,-19,12,38,56,67
20151219 01:53,39,15,44,15,38,19,8,95,61,1,10340,-19,12,38,56,67
20151219 01:54,38,16,43,15,38,20,8,95,61,1,10340,-19,11,38,55,67
20151219 01:55,38,15,42,15,37,19,8,95,61,1,10340,-19,12,38,56,67
20151219 01:56,39,15,41,15,42,18,8,95,61,1,10340,-19,11,38,55,67
20151219 01:57,41,15,41,15,40,18,8,95,61,1,10340,-19,11,38,55,67
20151219 01:58,39,16,40,15,38,23,9,95,62,2,10340,-19,11,38,55,67
20151219 01:59,37,17,39,15,37,19,9,95,62,2,10340,-19,11,38,55,67
20151219 02:00,38,16,39,16,40,18,10,95,62,3,10340,-19,11,38,55,67
20151219 02:01,40,15,39,16,40,17,10,95,62,3,10340,-19,11,38,55,67
20151219 02:02,39,14,39,15,39,19,10,95,62,3,10340,-19,11,38,55,67
20151219 02:03,39,14,39,15,40,17,10,95,62,3,10340,-19,11,38,55,66
20151219 02:04,40,14,39,15,40,18,10,95,62,3,10340,-19,11,38,55,66
20151219 02:05,40,14,40,15,40,17,10,95,62,3,10340,-19,11,38,55,66
20151219 02:06,43,14,40,15,46,16,11,95,63,4,10340,-19,11,38,55,66
20151219 02:07,44,13,40,14,41,17,11,95,63,4,10340,-19,11,38,55,66
20151219 02:08,43,14,41,14,45,18,11,95,63,4,10340,-19,11,38,55,66
20151219 02:09,46,14,42,14,47,15,12,96,64,6,10340,-19,11,38,55,66
20151219 02:10,47,13,43,14,48,16,12,96,64,6,10340,-19,11,38,55,66
20151219 02:11,46,14,43,14,43,17,12,96,64,6,10339,-19,11,38,55,66
20151219 02:12,43,14,43,14,42,18,12,95,63,5,10339,-19,11,38,55,66
20151219 02:13,45,14,44,14,47,17,12,95,63,5,10339,-19,11,38,55,66
20151219 02:14,47,14,45,14,46,17,12,95,63,5,10339,-19,11,38,55,66
20151219 02:15,43,15,45,14,40,20,12,95,63,5,10339,-19,11,38,55,66
20151219 02:16,40,17,44,15,39,20,12,95,63,5,10339,-19,11,38,55,66
20151219 02:17,40,17,44,15,40,18,12,95,63,5,10339,-19,11,38,55,66
20151219 02:18,42,16,44,15,44,20,12,95,63,5,10339,-19,11,38,55,66
20151219 02:19,43,16,43,15,41,19,12,95,63,5,10339,-19,11,38,55,66
20151219 02:20,43,17,43,16,45,23,12,95,63,5,10339,-19,11,38,55,66
20151219 02:21,44,17,43,16,43,20,12,95,63,5,10338,-19,11,38,55,66
20151219 02:22,43,16,43,16,43,19,13,95,64,6,10338,-19,11,37,55,66
20151219 02:23,42,16,42,16,42,21,13,95,64,6,10338,-18,11,37,54,66
20151219 02:24,43,15,42,16,45,20,13,95,64,6,10338,-18,11,37,54,66
20151219 02:25,44,15,43,16,44,19,13,95,64,6,10339,-18,11,37,54,66
20151219 02:26,45,15,43,16,46,19,13,95,64,6,10339,-19,11,37,54,66
20151219 02:27,43,15,43,16,39,22,13,95,64,6,10339,-19,11,37,54,66
20151219 02:28,42,15,43,16,44,20,13,95,64,6,10339,-19,11,37,54,66
20151219 02:29,44,15,44,16,44,21,14,95,64,7,10339,-19,11,37,54,66
20151219 02:30,45,16,44,16,47,20,14,95,64,7,10339,-19,11,37,54,66
20151219 02:31,48,16,44,16,50,20,14,95,64,7,10339,-19,11,37,54,66
20151219 02:32,49,16,45,15,48,19,14,95,64,7,10339,-19,11,37,54,66
20151219 02:33,48,14,46,15,49,15,14,95,64,7,10339,-19,11,37,54,66
20151219 02:34,49,15,46,15,49,17,15,95,65,8,10339,-19,11,37,54,66
20151219 02:35,49,15,47,15,50,20,15,95,65,8,10339,-19,11,37,54,66
20151219 02:36,50,14,47,15,49,17,15,95,65,8,10339,-19,11,37,54,66
20151219 02:37,47,14,48,15,45,18,15,95,65,8,10339,-19,11,37,54,66
20151219 02:38,45,14,48,15,45,17,15,95,65,8,10339,-19,11,37,54,66
20151219 02:39,46,13,48,14,46,15,15,95,65,8,10339,-19,11,37,54,66
20151219 02:40,47,12,48,14,47,17,15,95,65,8,10339,-19,11,37,54,66
20151219 02:41,45,12,47,14,43,15,15,95,65,8,10340,-19,11,37,54,66
20151219 02:42,41,13,46,14,40,15,15,95,65,8,10340,-19,10,37,54,65
20151219 02:43,39,13,45,14,39,15,15,95,65,8,10340,-19,10,37,54,65
20151219 02:44,39,14,44,13,39,16,15,95,65,8,10340,-19,10,37,54,65
20151219 02:45,40,14,43,13,40,17,15,95,65,8,10340,-19,10,37,54,65
20151219 02:46,40,14,42,13,41,17,15,95,65,8,10340,-19,10,37,54,65
20151219 02:47,42,15,42,14,43,19,15,95,65,8,10340,-19,10,37,54,65
20151219 02:48,42,16,42,14,42,20,15,95,65,8,10340,-19,10,37,54,65
20151219 02:49,45,16,42,14,48,19,15,95,65,8,10340,-19,10,37,54,65
20151219 02:50,47,16,42,15,45,20,15,95,65,8,10340,-19,10,37,54,65
20151219 02:51,46,15,42,15,47,20,15,95,65,8,10340,-19,10,37,54,65
20151219 02:52,47,15,43,15,47,20,15,95,65,8,10340,-19,10,37,54,65
20151219 02:53,47,15,44,15,47,18,15,95,65,8,10340,-19,10,37,54,65
20151219 02:54,49,15,45,15,50,20,15,95,65,8,10340,-19,10,36,54,65
20151219 02:55,50,15,46,15,49,17,15,94,64,6,10340,-19,10,36,53,65
20151219 02:56,50,13,47,15,51,17,16,95,65,9,10340,-19,10,36,53,65
20151219 02:57,51,13,48,15,50,17,16,95,65,9,10340,-19,10,36,53,65
20151219 02:58,50,14,48,15,49,17,16,95,65,9,10339,-19,10,36,53,65
20151219 02:59,49,14,49,14,50,16,16,94,64,7,10339,-19,10,36,53,65
20151219 03:00,48,14,49,14,47,16,15,94,64,6,10339,-19,10,36,53,65
20151219 03:01,48,15,49,14,48,18,15,94,64,6,10339,-19,10,36,53,65
20151219 03:02,48,15,49,14,49,18,15,94,64,6,10339,-19,10,36,53,65
20151219 03:03,48,15,49,14,47,18,15,94,64,6,10339,-19,10,36,53,65
20151219 03:04,47,15,49,14,48,19,15,94,64,6,10338,-20,10,36,53,65
20151219 03:05,48,17,49,15,48,20,15,94,64,6,10338,-20,10,36,53,65
20151219 03:06,50,17,49,15,51,19,15,94,64,6,10338,-19,10,36,53,65
20151219 03:07,52,16,49,15,52,18,15,94,64,6,10338,-19,10,36,53,65
20151219 03:08,51,16,49,15,49,19,15,94,64,6,10338,-19,10,36,53,65
20151219 03:09,50,15,49,16,51,17,15,94,64,6,10338,-19,10,36,53,65
20151219 03:10,50,15,49,16,48,18,15,94,64,6,10338,-19,10,36,53,65
20151219 03:11,48,15,49,16,47,17,15,94,64,6,10338,-19,10,36,53,65
20151219 03:12,46,15,49,16,45,16,15,94,64,6,10338,-19,10,36,53,65
20151219 03:13,44,14,48,16,44,18,15,94,64,6,10338,-19,10,36,53,65
20151219 03:14,43,14,48,15,43,19,15,94,64,6,10338,-19,10,36,53,65
20151219 03:15,43,14,47,15,44,16,15,94,64,6,10338,-19,10,36,53,65
20151219 03:16,43,13,46,15,42,16,15,94,64,6,10338,-19,10,36,53,65
20151219 03:17,43,13,46,15,44,17,16,94,64,7,10338,-19,10,36,53,65
20151219 03:18,46,14,46,14,48,17,16,94,64,7,10338,-19,10,36,53,65
20151219 03:19,48,15,45,14,48,18,16,94,64,7,10338,-19,10,36,53,65
20151219 03:20,49,15,45,14,50,18,16,94,64,7,10338,-19,10,36,53,65
20151219 03:21,49,15,46,14,48,19,16,94,64,7,10338,-19,10,36,53,64
20151219 03:22,47,15,46,14,45,17,16,94,64,7,10338,-19,10,36,53,64
20151219 03:23,45,14,46,14,44,18,16,94,64,7,10338,-20,10,36,53,64
20151219 03:24,44,16,46,15,43,20,15,94,64,6,10338,-20,10,36,53,64
20151219 03:25,44,16,46,15,44,17,15,94,64,6,10338,-20,10,36,53,64
20151219 03:26,44,14,46,15,44,18,15,94,64,6,10338,-20,10,36,53,64
20151219 03:27,44,15,46,15,44,19,15,94,64,6,10337,-20,10,36,53,64
20151219 03:28,45,16,46,15,46,22,15,94,64,6,10337,-20,10,36,53,64
20151219 03:29,44,17,45,15,42,20,15,94,64,6,10337,-20,10,35,53,64
20151219 03:30,43,18,44,16,44,22,15,94,64,6,10337,-19,10,35,53,64
20151219 03:31,45,18,44,16,45,25,15,94,64,6,10337,-19,10,35,52,64
20151219 03:32,45,18,44,16,45,23,15,94,64,6,10337,-19,10,35,52,64
20151219 03:33,45,18,44,17,45,23,15,94,64,6,10337,-19,10,35,52,64
20151219 03:34,45,18,44,17,45,24,15,94,64,6,10338,-19,9,35,52,64
20151219 03:35,44,19,44,17,44,24,16,94,64,7,10337,-19,10,35,52,64
20151219 03:36,45,19,45,18,46,22,16,94,64,7,10337,-19,10,35,52,64
20151219 03:37,47,18,45,18,47,23,16,94,64,7,10337,-19,9,35,52,64
20151219 03:38,46,17,45,18,45,22,16,94,64,7,10337,-19,9,35,52,64
20151219 03:39,47,19,45,18,48,23,17,94,65,8,10336,-19,9,35,52,64
20151219 03:40,47,20,46,18,47,23,17,94,65,8,10336,-19,9,35,52,64
20151219 03:41,50,18,46,18,52,23,17,94,65,8,10336,-19,9,35,52,64
20151219 03:42,50,16,47,18,47,20,17,94,65,8,10336,-19,9,35,52,64
20151219 03:43,48,17,47,18,48,25,17,94,65,8,10336,-19,9,35,52,64
20151219 03:44,48,17,47,18,48,19,18,94,65,9,10336,-19,9,35,52,64
20151219 03:45,49,17,48,18,49,21,18,94,65,9,10336,-19,9,35,52,64
20151219 03:46,50,16,48,17,50,19,18,94,65,9,10336,-19,9,35,52,64
20151219 03:47,51,15,48,17,51,21,18,94,65,9,10336,-19,9,35,52,64
20151219 03:48,51,18,49,17,51,23,18,94,65,9,10335,-19,9,35,52,64
20151219 03:49,50,17,49,17,49,22,18,94,65,9,10335,-19,9,35,52,64
20151219 03:50,49,18,50,17,50,25,18,94,65,9,10335,-19,9,35,52,64
20151219 03:51,50,19,49,17,51,26,18,94,65,9,10335,-19,9,35,52,64
20151219 03:52,50,19,50,17,50,27,19,94,66,10,10335,-19,9,35,52,64
20151219 03:53,49,18,50,17,49,24,19,94,66,10,10334,-19,9,35,52,64
20151219 03:54,50,19,50,18,52,27,19,94,66,10,10334,-19,9,35,52,64
20151219 03:55,55,19,51,18,58,22,19,94,66,10,10334,-19,9,35,52,64
20151219 03:56,56,18,51,18,54,28,19,94,66,10,10334,-19,9,35,52,64
20151219 03:57,55,18,52,19,55,26,19,94,66,10,10333,-19,9,35,52,64
20151219 03:58,55,19,52,19,54,25,20,94,66,11,10333,-19,9,35,52,64
20151219 03:59,55,18,53,19,55,21,20,94,66,11,10333,-19,9,35,52,64
20151219 04:00,55,17,53,19,54,22,20,94,66,11,10333,-18,9,35,52,64
20151219 04:01,54,17,54,18,54,21,20,94,66,11,10334,-18,9,35,52,64
20151219 04:02,56,16,54,18,58,19,20,94,66,11,10334,-18,9,35,52,64
20151219 04:03,57,16,55,18,56,23,20,94,66,11,10334,-18,9,35,52,64
20151219 04:04,58,17,56,18,61,22,20,94,66,11,10334,-18,9,35,52,63
20151219 04:05,59,17,56,18,58,22,21,93,66,11,10333,-19,9,35,52,63
20151219 04:06,61,15,57,17,63,16,21,93,66,11,10333,-19,9,35,52,63
20151219 04:07,62,14,57,17,61,17,21,93,66,11,10333,-19,9,35,52,63
20151219 04:08,61,14,58,16,62,19,21,93,66,11,10334,-19,9,35,52,63
20151219 04:09,60,12,59,15,59,17,20,93,66,10,10334,-19,9,34,51,63
20151219 04:10,57,12,59,15,56,16,20,93,66,10,10334,-19,9,34,51,63
20151219 04:11,56,13,59,15,57,18,20,93,66,10,10334,-19,9,34,51,63
20151219 04:12,58,13,59,14,60,17,20,93,66,10,10334,-19,9,34,51,63
20151219 04:13,60,13,60,14,60,16,20,93,66,10,10334,-19,9,34,51,63
20151219 04:14,58,13,59,14,56,19,20,93,66,10,10334,-19,9,34,51,63
20151219 04:15,55,15,59,14,55,22,20,93,66,10,10334,-19,9,34,51,63
20151219 04:16,55,15,58,14,55,20,20,93,66,10,10334,-19,9,34,51,63
20151219 04:17,52,16,57,14,49,19,19,93,65,9,10334,-19,9,34,51,63
20151219 04:18,53,15,56,14,56,21,19,93,65,9,10334,-19,9,34,51,63
20151219 04:19,56,14,56,14,57,20,19,93,65,9,10334,-19,9,34,51,63
20151219 04:20,55,14,56,14,53,21,19,93,65,9,10334,-19,9,34,51,63
20151219 04:21,55,14,56,14,57,23,19,93,65,9,10334,-19,9,34,51,63
20151219 04:22,54,16,55,15,51,22,19,93,65,9,10334,-19,9,34,51,63
20151219 04:23,51,17,54,15,51,22,19,93,65,9,10334,-19,9,34,51,63
20151219 04:24,50,17,53,16,49,21,19,93,65,9,10335,-19,9,34,51,63
20151219 04:25,50,18,53,16,50,27,19,93,65,9,10335,-19,9,34,51,63
20151219 04:26,50,18,52,16,50,23,19,93,65,9,10335,-19,9,34,51,63
20151219 04:27,51,17,53,16,53,25,18,93,65,8,10335,-19,9,34,51,63
20151219 04:28,52,19,52,17,51,25,19,93,65,9,10335,-19,9,34,51,63
20151219 04:29,52,18,52,17,53,22,19,93,65,9,10335,-19,9,34,51,63
20151219 04:30,54,17,52,17,56,23,19,93,65,9,10335,-19,9,34,51,63
20151219 04:31,52,18,51,18,48,26,19,93,65,9,10335,-19,9,34,51,63
20151219 04:32,51,19,51,18,53,25,19,93,65,9,10335,-19,9,34,51,63
20151219 04:33,54,19,52,18,55,27,19,93,65,9,10334,-18,9,34,51,63
20151219 04:34,56,21,53,19,56,28,19,93,65,9,10334,-18,8,34,51,63
20151219 04:35,55,20,53,19,54,26,19,93,65,9,10335,-18,9,34,51,63
20151219 04:36,53,19,53,19,52,21,19,93,65,9,10335,-18,9,34,51,63
20151219 04:37,52,19,53,19,52,28,19,93,65,9,10335,-18,8,34,51,63
20151219 04:38,55,17,54,18,58,23,20,93,66,10,10335,-18,8,34,51,63
20151219 04:39,57,16,54,18,55,24,20,93,66,10,10335,-18,8,34,51,63
20151219 04:40,55,17,54,19,55,24,20,93,66,10,10335,-18,8,34,51,63
20151219 04:41,54,17,54,18,52,23,19,93,65,9,10335,-18,8,34,51,63
20151219 04:42,53,17,54,18,54,23,19,93,65,9,10335,-18,8,34,51,63
20151219 04:43,53,20,54,18,52,30,19,93,65,9,10335,-18,8,34,51,63
20151219 04:44,54,20,54,18,56,28,19,93,65,9,10335,-18,8,34,51,63
20151219 04:45,55,19,54,18,54,25,20,93,66,10,10335,-18,8,34,51,63
20151219 04:46,55,18,54,18,56,23,20,93,66,10,10335,-18,8,34,51,63
20151219 04:47,55,18,55,18,55,27,20,93,66,10,10335,-18,8,34,51,63
20151219 04:48,56,18,55,18,58,23,20,93,66,10,10335,-18,8,34,51,63
20151219 04:49,58,17,55,18,57,21,20,93,66,10,10335,-18,8,33,50,63
20151219 04:50,58,18,55,18,60,24,20,93,66,10,10335,-18,8,33,50,62
20151219 04:51,58,17,56,18,57,24,20,93,66,10,10335,-18,8,33,50,62
20151219 04:52,57,16,56,18,57,23,19,93,65,9,10335,-18,8,33,50,62
20151219 04:53,54,17,56,18,51,26,19,93,65,9,10335,-18,8,33,50,62
20151219 04:54,53,19,56,18,56,25,19,93,65,9,10335,-18,8,33,50,62
20151219 04:55,54,19,56,18,53,26,19,93,65,9,10335,-18,8,33,50,62
20151219 04:56,56,18,56,18,59,25,19,93,65,9,10334,-18,8,33,50,62
20151219 04:57,57,17,56,18,55,22,19,93,65,9,10334,-18,8,33,50,62
20151219 04:58,54,18,56,18,54,26,19,93,65,9,10334,-18,8,33,50,62
20151219 04:59,54,19,56,18,54,25,19,93,65,9,10334,-18,8,33,50,62
20151219 05:00,53,18,55,18,53,22,19,93,65,9,10334,-18,8,33,50,62
20151219 05:01,51,18,54,18,50,27,19,93,65,9,10334,-18,8,33,50,62
20151219 05:02,52,19,54,18,53,26,19,93,65,9,10334,-18,8,33,50,62
20151219 05:03,52,19,54,18,51,26,19,93,65,9,10334,-18,8,33,50,62
20151219 05:04,51,20,53,19,51,26,19,93,65,9,10334,-17,8,33,50,62
20151219 05:05,51,21,53,19,51,28,19,93,65,9,10334,-17,8,33,50,62
20151219 05:06,50,20,52,19,50,25,19,93,65,9,10334,-17,8,33,50,62
20151219 05:07,48,20,51,19,46,33,19,93,65,9,10334,-17,8,33,50,62
20151219 05:08,45,21,50,20,43,33,19,93,65,9,10334,-17,8,33,50,62
20151219 05:09,45,19,50,19,47,29,19,93,65,9,10334,-17,8,33,50,62
20151219 05:10,47,17,49,19,48,25,19,93,65,9,10335,-17,8,33,50,62
20151219 05:11,50,20,49,20,52,26,20,93,66,10,10335,-17,8,33,50,62
20151219 05:12,55,24,50,20,57,36,20,93,66,10,10335,-16,8,33,50,62
20151219 05:13,55,24,50,21,54,28,20,93,66,10,10335,-16,8,33,50,62
20151219 05:14,56,23,51,21,58,31,20,93,66,10,10334,-16,8,33,50,62
20151219 05:15,57,21,51,21,55,26,20,93,66,10,10334,-16,8,33,50,62
20151219 05:16,53,21,51,21,50,28,21,93,66,11,10334,-16,8,33,50,62
20151219 05:17,52,20,52,21,54,23,21,93,66,11,10334,-16,8,33,50,62
20151219 05:18,53,20,53,21,52,32,21,93,66,11,10335,-16,8,33,50,62
20151219 05:19,55,20,54,21,58,28,21,92,65,9,10335,-16,8,33,50,62
20151219 05:20,56,18,55,21,55,24,21,92,65,9,10335,-16,8,33,50,62
20151219 05:21,55,18,55,21,55,27,21,92,65,9,10335,-16,8,33,50,62
20151219 05:22,53,19,54,20,50,27,21,92,65,9,10335,-16,8,33,50,62
20151219 05:23,51,20,54,20,51,26,21,92,65,9,10335,-16,8,33,50,62
20151219 05:24,51,20,53,20,50,26,21,92,65,9,10335,-16,8,33,50,62
20151219 05:25,51,19,53,19,52,27,21,92,65,9,10335,-16,8,33,50,62
20151219 05:26,52,19,53,19,51,26,21,92,65,9,10335,-16,8,33,50,62
20151219 05:27,48,20,52,20,46,28,21,92,65,9,10335,-16,8,33,50,62
20151219 05:28,47,19,52,19,49,27,21,92,65,9,10335,-16,8,33,50,62
20151219 05:29,49,19,51,19,49,28,21,92,65,9,10335,-16,8,33,49,62
20151219 05:30,50,20,50,19,51,31,21,92,65,9,10335,-16,8,33,50,62
20151219 05:31,51,20,50,20,50,28,22,92,66,10,10335,-16,8,33,50,62
20151219 05:32,51,22,50,20,52,30,22,92,66,10,10334,-15,8,33,49,62
20151219 05:33,53,23,50,20,53,28,22,92,66,10,10334,-15,8,33,49,62
20151219 05:34,54,24,51,21,55,38,22,92,66,10,10334,-16,8,33,49,62
20151219 05:35,57,25,51,21,58,36,22,92,66,10,10333,-15,8,33,49,62
20151219 05:36,57,25,52,22,55,34,22,92,66,10,10333,-15,8,33,49,62
20151219 05:37,55,25,53,22,55,31,22,92,66,10,10333,-15,8,32,49,61
20151219 05:38,58,23,54,23,60,26,22,92,66,10,10333,-15,8,32,49,61
20151219 05:39,59,22,55,23,59,32,22,92,66,10,10333,-16,8,32,49,61
20151219 05:40,59,22,56,23,60,33,22,92,66,10,10333,-16,8,32,49,61
20151219 05:41,57,22,56,23,54,28,22,92,66,10,10333,-15,8,32,49,61
20151219 05:42,53,22,56,23,52,32,22,92,66,10,10333,-15,8,32,49,61
20151219 05:43,52,23,56,23,52,33,22,92,66,10,10333,-15,8,32,49,61
20151219 05:44,52,24,56,23,53,39,22,92,66,10,10333,-15,8,32,49,61
20151219 05:45,54,22,55,23,55,30,22,92,66,10,10333,-14,8,32,49,61
20151219 05:46,55,21,56,23,56,32,22,92,66,10,10332,-14,8,32,49,61
20151219 05:47,56,23,56,23,56,34,22,92,66,10,10332,-14,8,32,49,61
20151219 05:48,58,25,56,23,60,33,22,91,65,9,10332,-14,8,32,49,61
20151219 05:49,59,24,56,23,59,35,22,91,65,9,10332,-14,8,32,49,61
20151219 05:50,58,24,55,23,58,30,22,91,65,9,10331,-14,8,32,49,61
20151219 05:51,57,22,56,23,55,26,22,91,65,9,10331,-14,8,32,49,61
20151219 05:52,59,21,57,23,62,31,22,91,65,9,10330,-14,8,32,49,61
20151219 05:53,61,22,57,23,60,30,22,91,65,9,10330,-14,8,32,49,61
20151219 05:54,59,23,58,23,58,29,22,91,65,9,10330,-14,8,32,49,61
20151219 05:55,58,24,58,23,59,29,22,91,65,9,10331,-14,8,32,49,61
20151219 05:56,58,23,58,23,56,27,22,91,65,9,10331,-14,8,32,49,61
20151219 05:57,55,22,58,23,54,29,22,91,65,9,10332,-14,8,32,49,61
20151219 05:58,54,24,58,23,55,35,22,91,65,9,10332,-13,8,32,49,61
20151219 05:59,55,23,57,22,55,30,22,91,65,9,10333,-13,8,32,49,61
20151219 06:00,55,20,57,22,56,24,22,91,65,9,10334,-13,8,32,49,61
20151219 06:01,55,17,57,22,54,29,22,91,65,9,10334,-14,8,32,49,61
20151219 06:02,57,15,57,21,59,23,22,91,65,9,10335,-14,8,32,49,61
20151219 06:03,59,14,57,20,60,23,22,91,65,9,10335,-14,8,32,49,61
20151219 06:04,60,15,57,19,61,24,22,91,65,9,10336,-14,8,32,49,61
20151219 06:05,60,15,57,18,59,24,21,91,65,8,10335,-15,8,32,49,61
20151219 06:06,61,14,58,17,63,16,21,91,65,8,10335,-15,8,32,49,61
20151219 06:07,61,14,58,17,59,18,21,91,65,8,10335,-15,8,32,49,61
20151219 06:08,57,14,58,16,54,21,21,91,65,8,10334,-15,8,32,49,61
20151219 06:09,50,15,57,15,46,21,21,91,65,8,10334,-16,8,32,49,61
20151219 06:10,52,15,57,15,57,22,21,91,65,8,10335,-16,8,32,49,61
20151219 06:11,56,14,57,15,55,21,20,91,64,7,10335,-16,8,32,49,61
20151219 06:12,50,16,56,15,44,27,20,91,64,7,10336,-16,8,32,49,61
20151219 06:13,50,16,55,15,56,23,20,91,64,7,10336,-16,8,32,49,61
20151219 06:14,57,12,55,14,57,19,20,91,64,7,10336,-16,8,32,49,61
20151219 06:15,56,12,55,14,55,17,20,91,64,7,10337,-16,8,32,49,61
20151219 06:16,56,13,54,14,57,22,20,91,64,7,10336,-16,8,32,49,61
20151219 06:17,61,14,55,14,66,18,20,91,64,7,10336,-17,8,32,48,61
20151219 06:18,63,16,55,14,60,24,19,91,64,6,10336,-17,8,32,48,61
20151219 06:19,57,15,56,14,54,21,19,91,64,6,10336,-17,8,32,48,61
20151219 06:20,52,15,55,14,50,22,19,92,64,7,10336,-17,8,32,49,61
20151219 06:21,48,14,55,14,46,19,20,92,65,8,10337,-17,8,32,48,61
20151219 06:22,43,13,54,14,40,20,19,92,64,7,10338,-17,8,32,48,61
20151219 06:23,35,13,52,13,31,15,19,92,64,7,10339,-17,8,32,48,61
20151219 06:24,27,11,48,13,23,14,19,92,64,7,10340,-17,8,32,48,61
20151219 06:25,23,10,45,13,22,14,19,92,64,7,10341,-17,8,32,48,61
20151219 06:26,27,11,42,13,32,16,19,92,64,7,10342,-18,8,32,48,61
20151219 06:27,32,10,39,12,31,14,19,92,64,7,10342,-18,8,32,48,61
20151219 06:28,33,10,36,12,34,15,18,92,64,6,10342,-18,8,32,48,60
20151219 06:29,35,12,34,12,35,17,18,92,64,6,10342,-18,8,32,48,60
20151219 06:30,38,14,34,12,41,22,18,92,64,6,10342,-18,8,32,48,60
20151219 06:31,40,13,33,12,39,16,18,92,64,6,10342,-18,8,32,48,60
20151219 06:32,39,13,33,11,39,18,19,92,64,7,10342,-18,8,32,48,60
20151219 06:33,41,14,34,12,44,19,19,92,64,7,10342,-18,8,32,48,60
20151219 06:34,44,13,36,12,45,16,19,92,64,7,10341,-18,8,32,48,60
20151219 06:35,47,13,39,12,50,18,19,92,64,7,10341,-19,8,32,48,60
20151219 06:36,47,12,40,12,45,14,19,92,64,7,10341,-18,8,32,48,60
20151219 06:37,44,11,42,12,44,16,19,92,64,7,10342,-18,8,32,48,60
20151219 06:38,45,11,43,12,46,14,20,92,65,8,10342,-18,8,31,48,60
20151219 06:39,44,10,43,12,42,12,20,92,65,8,10342,-18,8,32,48,60
20151219 06:40,43,10,44,12,44,14,19,92,64,7,10342,-18,8,31,48,60
20151219 06:41,41,10,44,12,38,12,19,92,64,7,10342,-18,8,32,48,60
20151219 06:42,41,10,44,11,44,14,19,92,64,7,10343,-18,8,32,48,60
20151219 06:43,40,10,43,11,36,12,19,92,64,7,10343,-18,8,31,48,60
20151219 06:44,38,11,43,11,40,14,19,92,64,7,10343,-18,8,31,48,60
20151219 06:45,41,12,42,11,42,15,19,92,64,7,10343,-17,8,31,48,60
20151219 06:46,42,12,42,11,43,17,19,92,64,7,10343,-17,8,31,48,60
20151219 06:47,42,13,42,11,41,18,19,92,64,7,10342,-17,8,31,48,60
20151219 06:48,43,14,42,11,45,17,19,92,64,7,10342,-17,8,31,48,60
20151219 06:49,47,14,42,12,48,16,19,92,64,7,10343,-16,8,31,48,60
20151219 06:50,49,13,43,12,50,16,19,92,64,7,10343,-16,8,31,48,60
20151219 06:51,53,12,44,12,55,14,19,93,65,9,10342,-15,7,31,48,60
20151219 06:52,57,10,46,12,59,12,19,93,65,9,10342,-15,7,31,48,60
20151219 06:53,62,11,49,13,65,15,19,93,65,9,10342,-14,7,31,48,60
20151219 06:54,65,13,51,13,65,15,19,93,65,9,10341,-14,7,31,48,60
20151219 06:55,65,13,54,13,65,16,19,93,65,9,10341,-13,7,31,48,60
20151219 06:56,65,12,56,13,65,15,19,93,65,9,10341,-12,7,31,48,60
20151219 06:57,65,12,58,13,66,14,19,93,65,9,10341,-12,7,31,48,60
20151219 06:58,65,13,60,12,64,15,19,93,65,9,10340,-11,7,31,48,60
20151219 06:59,65,13,62,12,65,15,19,93,65,9,10340,-11,7,31,48,60
20151219 07:00,64,13,63,12,62,15,19,93,65,9,10340,-10,7,31,48,60
20151219 07:01,61,12,64,12,59,14,19,93,65,9,10340,-10,7,31,48,60
20151219 07:02,57,12,63,13,55,15,19,93,65,9,10341,-9,7,31,48,60
20151219 07:03,47,11,61,12,39,15,19,93,65,9,10342,-9,7,31,48,60
20151219 07:04,40,11,58,12,41,15,19,93,65,9,10343,-8,7,31,48,60
20151219 07:05,44,11,56,12,46,20,19,93,65,9,10343,-8,7,31,48,60
20151219 07:06,47,11,55,12,48,16,20,93,66,10,10344,-8,7,31,48,60
20151219 07:07,48,12,53,12,48,16,20,93,66,10,10344,-7,8,31,48,60
20151219 07:08,46,14,51,12,45,22,20,93,66,10,10345,-7,7,31,48,60
20151219 07:09,41,14,48,12,37,20,21,93,66,11,10345,-7,8,31,48,60
20151219 07:10,39,13,46,12,41,15,21,94,67,12,10345,-6,8,31,48,60
20151219 07:11,43,11,44,12,45,16,22,94,67,13,10345,-6,8,31,48,60
20151219 07:12,48,13,44,12,51,17,23,94,68,14,10345,-6,8,31,48,60
20151219 07:13,51,14,45,13,52,20,23,94,68,14,10344,-5,8,31,47,60
20151219 07:14,51,14,46,13,50,17,24,94,68,15,10344,-5,8,31,47,60
20151219 07:15,53,13,47,13,56,16,24,94,68,15,10344,-4,8,31,47,60
20151219 07:16,56,13,48,14,56,20,25,94,69,16,10344,-4,8,31,47,60
20151219 07:17,57,14,49,14,57,18,26,94,69,17,10344,-3,8,31,47,60
20151219 07:18,58,14,50,14,59,19,26,93,68,16,10343,-3,8,31,47,60
20151219 07:19,58,14,52,13,57,22,26,93,68,16,10343,-3,8,31,47,60
20151219 07:20,59,14,54,14,61,20,27,93,69,17,10343,-3,8,31,47,60
20151219 07:21,59,13,56,14,58,16,28,93,69,18,10343,-3,8,31,47,60
20151219 07:22,58,12,56,14,57,21,29,93,70,19,10343,-3,8,31,47,60
20151219 07:23,56,13,57,13,55,19,29,93,70,19,10343,-3,8,31,47,59
20151219 07:24,56,14,57,14,58,22,30,93,70,20,10343,-3,8,31,47,59
20151219 07:25,58,15,58,14,58,23,30,92,70,18,10342,-3,8,31,47,59
20151219 07:26,59,17,58,14,60,28,31,92,70,19,10342,-3,8,31,47,59
20151219 07:27,59,19,58,15,58,32,32,92,71,20,10341,-3,8,31,47,59
20151219 07:28,58,21,58,16,59,29,32,92,71,20,10341,-3,8,31,47,59
20151219 07:29,61,20,59,16,63,28,33,91,70,20,10341,-3,8,31,47,59
20151219 07:30,63,20,59,17,62,30,34,91,71,21,10341,-3,8,31,47,59
20151219 07:31,61,20,59,18,60,28,34,91,71,21,10340,-2,8,31,47,59
20151219 07:32,58,21,59,19,56,31,35,90,71,20,10339,-2,8,31,47,59
20151219 07:33,58,21,59,19,60,28,35,90,71,20,10339,-2,8,31,47,59
20151219 07:34,60,20,60,20,61,31,36,90,71,21,10339,-2,8,31,47,59
20151219 07:35,59,21,60,21,57,29,36,89,70,20,10339,-2,8,31,47,59
20151219 07:36,64,20,61,21,70,28,37,89,71,21,10340,-2,8,31,47,59
20151219 07:37,63,18,60,20,57,23,37,89,71,21,10340,-1,8,31,47,59
20151219 07:38,58,18,61,20,60,32,38,88,71,20,10340,-1,8,31,47,59
20151219 07:39,59,19,60,20,58,20,38,88,71,20,10340,-1,8,31,47,59
20151219 07:40,60,18,60,20,63,28,39,88,71,21,10341,-1,8,31,47,59
20151219 07:41,63,18,60,19,63,24,39,87,70,19,10341,0,8,31,47,59
20151219 07:42,62,20,61,19,61,32,39,87,70,19,10340,0,8,31,47,59
20151219 07:43,61,20,61,19,61,26,40,87,71,20,10340,0,8,31,47,59
20151219 07:44,61,19,61,19,61,31,40,87,71,20,10340,0,8,31,47,59
20151219 07:45,57,21,61,19,53,28,40,87,71,20,10340,0,8,31,47,59
20151219 07:46,59,23,60,19,64,35,41,87,71,21,10340,0,8,31,47,59
20151219 07:47,62,23,60,20,60,34,41,87,71,21,10340,0,8,31,47,59
20151219 07:48,61,22,61,20,63,27,41,86,70,20,10341,1,8,31,47,59
20151219 07:49,61,21,61,21,59,30,42,86,71,21,10341,1,8,31,47,59
20151219 07:50,62,20,61,21,65,24,43,86,71,22,10342,1,8,31,47,59
20151219 07:51,62,20,61,21,59,27,43,86,71,22,10342,1,8,31,47,59
20151219 07:52,60,22,61,21,61,29,44,85,71,21,10342,1,8,31,47,59
20151219 07:53,61,23,61,22,60,29,44,85,71,21,10342,1,8,31,47,59
20151219 07:54,63,23,61,22,65,28,44,85,71,21,10342,2,8,31,47,59
20151219 07:55,61,22,61,22,58,28,45,85,72,22,10342,4,8,31,47,59
20151219 07:56,62,21,62,22,66,26,45,85,72,22,10342,6,8,31,47,59
20151219 07:57,65,21,62,21,64,32,46,84,71,21,10342,8,8,31,47,59
20151219 07:58,64,19,62,21,64,20,46,84,71,21,10342,10,8,31,47,59
20151219 07:59,64,15,63,20,65,18,46,84,71,21,10342,11,8,31,47,59
20151219 08:00,63,15,62,20,61,22,46,84,71,21,10342,12,8,31,47,59
20151219 08:01,64,16,63,20,67,24,47,84,72,22,10342,14,9,31,47,59
20151219 08:02,70,17,64,19,74,23,47,84,72,22,10342,15,9,31,47,59
20151219 08:03,71,18,65,18,68,25,48,84,72,23,10342,17,9,31,47,59
20151219 08:04,69,17,66,18,71,22,48,84,72,23,10342,19,9,31,47,59
20151219 08:05,72,19,67,18,73,29,49,83,72,23,10342,21,9,30,47,59
20151219 08:06,71,19,68,17,70,25,49,83,72,23,10342,22,9,30,47,59
20151219 08:07,69,20,68,18,69,32,49,83,72,23,10343,24,9,31,47,59
20151219 08:08,68,21,69,18,68,26,50,83,72,24,10343,26,9,30,47,59
20151219 08:09,68,20,69,19,68,29,51,83,73,25,10343,28,9,31,47,59
20151219 08:10,69,19,70,19,70,21,51,83,73,25,10344,29,9,31,47,59
20151219 08:11,71,18,70,19,72,26,52,83,73,26,10344,31,9,30,47,59
20151219 08:12,72,17,70,19,72,22,52,83,73,26,10344,32,9,30,47,59
20151219 08:13,73,19,71,19,73,30,53,83,74,27,10344,34,9,31,47,59
20151219 08:14,72,22,71,20,71,28,54,83,74,27,10344,35,9,30,47,59
20151219 08:15,69,21,70,20,66,29,54,83,74,27,10344,36,9,30,46,59
20151219 08:16,67,22,70,20,67,30,55,82,74,27,10344,37,9,30,47,59
20151219 08:17,69,19,70,19,70,23,56,82,75,28,10344,38,9,30,46,59
20151219 08:18,66,17,69,20,62,27,56,82,75,28,10344,40,9,30,46,59
20151219 08:19,68,20,70,20,73,31,57,81,74,27,10344,41,9,30,46,59
20151219 08:20,70,24,69,20,66,32,58,81,75,28,10344,42,9,30,46,59
20151219 08:21,66,26,69,21,65,37,59,81,75,29,10344,43,9,30,46,59
20151219 08:22,66,28,68,23,67,37,59,80,74,27,10344,44,9,30,46,58
20151219 08:23,68,26,68,23,69,30,60,79,74,26,10344,45,10,30,46,59
20151219 08:24,68,25,67,23,68,35,60,79,74,26,10344,46,10,30,46,58
20151219 08:25,70,25,68,23,72,35,61,79,74,27,10344,48,10,30,46,58
20151219 08:26,70,22,68,23,68,26,62,79,75,28,10344,49,10,30,46,58
20151219 08:27,66,22,67,24,64,33,62,79,75,28,10344,50,10,30,46,58
20151219 08:28,67,24,68,24,70,39,63,78,74,28,10345,51,11,30,46,58
20151219 08:29,67,21,67,24,64,31,64,78,75,28,10345,51,11,30,46,58
20151219 08:30,64,21,67,24,63,30,64,78,75,28,10346,50,11,30,46,58
20151219 08:31,64,20,67,23,65,20,65,77,74,28,10346,48,12,30,46,58
20151219 08:32,68,18,67,22,71,29,66,78,76,30,10346,46,12,30,46,58
20151219 08:33,70,19,68,21,70,22,67,78,77,31,10346,45,13,30,46,58
20151219 08:34,72,24,68,22,75,40,68,77,76,31,10346,47,13,30,46,58
20151219 08:35,73,27,68,22,72,37,69,76,76,30,10346,50,14,30,46,58
20151219 08:36,73,25,69,22,74,35,69,75,75,28,10346,54,15,30,46,58
20151219 08:37,70,26,69,23,67,32,70,75,75,29,10346,58,15,30,46,58
20151219 08:38,69,25,69,23,70,37,70,75,75,29,10346,61,16,31,46,58
20151219 08:39,71,29,70,24,72,49,71,75,76,30,10346,64,17,31,46,58
20151219 08:40,67,31,70,25,62,45,72,74,75,29,10346,66,17,31,46,58
20151219 08:41,62,24,70,25,62,32,72,74,75,29,10346,69,18,31,46,58
20151219 08:42,65,24,69,26,67,41,72,73,74,27,10346,71,19,31,46,58
20151219 08:43,69,26,69,27,70,39,73,73,75,28,10347,74,19,31,46,58
20151219 08:44,70,24,69,26,70,34,74,73,75,29,10346,77,20,31,46,58
20151219 08:45,75,28,69,27,81,48,74,73,75,29,10346,79,21,31,46,58
20151219 08:46,79,31,70,27,78,34,74,72,74,27,10346,79,21,31,46,58
20151219 08:47,76,33,71,28,74,48,75,72,75,28,10346,79,22,31,46,58
20151219 08:48,69,33,70,29,64,44,75,72,75,28,10346,82,23,31,46,58
20151219 08:49,64,30,69,28,64,45,75,72,75,28,10346,84,24,31,46,58
20151219 08:50,67,32,70,29,70,42,76,72,75,29,10346,86,24,31,46,58
20151219 08:51,70,32,71,30,71,40,76,72,75,29,10346,86,25,31,46,58
20151219 08:52,72,32,71,30,72,42,76,71,74,27,10346,88,26,31,46,58
20151219 08:53,70,30,71,31,67,38,77,71,75,28,10346,88,27,31,46,58
20151219 08:54,69,26,71,31,71,36,77,72,76,30,10346,91,27,31,46,58
20151219 08:55,69,25,70,30,67,32,78,72,76,31,10346,93,28,31,46,58
20151219 08:56,65,25,68,30,62,31,79,72,77,32,10346,94,29,31,46,58
20151219 08:57,71,26,69,29,80,35,79,71,76,30,10346,93,30,31,46,58
20151219 08:58,78,30,70,29,75,39,79,71,76,30,10346,96,30,32,46,58
20151219 08:59,74,30,71,28,72,41,80,70,75,29,10346,99,31,32,46,58
20151219 09:00,76,26,72,28,79,34,80,70,75,29,10345,101,32,32,46,58
20151219 09:01,76,24,72,27,72,33,81,71,77,32,10346,103,33,32,46,58
20151219 09:02,73,28,72,27,74,45,82,71,77,33,10346,105,33,32,46,58
20151219 09:03,78,36,73,28,82,52,82,71,77,33,10345,106,34,32,46,58
20151219 09:04,79,38,74,29,76,43,83,70,77,32,10345,108,35,32,46,58
20151219 09:05,78,35,75,30,79,43,83,69,75,30,10344,109,36,32,46,58
20151219 09:06,76,36,76,32,73,43,83,69,75,30,10344,110,36,32,46,58
20151219 09:07,75,37,76,32,77,46,83,69,75,30,10344,111,37,33,46,58
20151219 09:08,76,36,76,33,76,44,84,69,76,30,10344,112,38,33,46,58
20151219 09:09,81,36,77,34,86,46,84,69,76,30,10344,112,39,33,46,58
20151219 09:10,86,38,78,35,87,53,85,69,77,31,10344,113,39,33,46,58
20151219 09:11,82,40,79,37,78,54,85,68,75,29,10344,114,40,33,46,58
20151219 09:12,80,35,80,36,83,42,85,68,75,29,10344,115,41,33,46,58
20151219 09:13,81,32,79,36,79,48,86,69,77,32,10344,116,41,33,46,58
20151219 09:14,78,36,79,36,77,52,87,68,76,31,10344,117,42,33,46,58
20151219 09:15,79,38,80,36,81,51,87,67,75,29,10344,117,43,34,46,58
20151219 09:16,78,36,80,36,76,49,87,67,75,29,10344,117,44,34,46,58
20151219 09:17,73,36,79,36,70,54,87,67,75,29,10345,118,44,34,46,58
20151219 09:18,74,41,79,37,77,63,87,67,75,29,10345,119,45,34,46,58
20151219 09:19,78,45,79,38,79,60,87,66,74,27,10345,119,46,34,46,58
20151219 09:20,79,49,78,39,80,62,87,66,74,27,10345,119,46,34,46,58
20151219 09:21,75,51,77,40,71,68,87,66,74,27,10345,119,47,35,46,58
20151219 09:22,76,44,77,41,81,58,87,65,73,25,10345,119,48,35,46,58
20151219 09:23,79,33,77,40,76,54,88,66,75,28,10344,120,48,35,46,58
20151219 09:24,72,33,76,40,68,53,89,66,75,29,10344,121,49,35,46,58
20151219 09:25,69,39,75,41,69,53,89,66,75,29,10344,123,49,35,46,58
20151219 09:26,74,44,75,42,78,58,90,65,75,28,10345,124,50,35,46,58
20151219 09:27,82,41,76,42,85,46,90,64,73,26,10344,125,51,36,46,58
20151219 09:28,85,33,77,40,85,46,90,65,75,28,10344,126,51,36,46,58
20151219 09:29,81,32,77,39,76,44,91,65,75,29,10344,127,52,36,46,58
20151219 09:30,78,33,77,37,80,48,91,65,75,29,10344,128,52,36,46,58
20151219 09:31,75,41,77,37,70,57,91,64,74,27,10344,129,53,36,46,58
20151219 09:32,71,45,76,37,72,56,91,64,74,27,10345,129,54,37,46,58
20151219 09:33,74,41,76,39,77,49,92,65,76,30,10344,130,54,37,46,58
20151219 09:34,80,47,78,40,83,65,92,64,74,28,10345,131,55,37,46,58
20151219 09:35,87,49,80,41,91,62,92,64,74,28,10345,131,55,37,46,58
20151219 09:36,90,44,81,40,89,64,92,63,73,25,10344,132,56,37,47,58
20151219 09:37,86,46,81,42,82,64,92,64,74,28,10344,134,56,38,47,58
20151219 09:38,80,45,80,43,79,62,93,63,74,26,10344,134,57,38,47,58
20151219 09:39,77,34,80,42,76,50,93,63,74,26,10344,135,57,38,47,58
20151219 09:40,75,36,79,43,74,66,94,63,74,27,10345,136,58,38,47,58
20151219 09:41,74,46,80,43,75,58,94,62,73,25,10344,137,59,38,47,58
20151219 09:42,75,51,80,45,75,66,94,63,74,27,10344,138,59,39,47,58
20151219 09:43,76,52,80,46,77,58,94,63,74,27,10344,138,60,39,47,58
20151219 09:44,78,45,80,44,80,50,94,63,74,27,10344,141,60,39,47,58
20151219 09:45,78,42,78,44,76,53,95,64,76,30,10344,144,61,39,47,58
20151219 09:46,75,46,77,45,75,58,96,64,76,31,10344,147,61,39,47,58
20151219 09:47,74,43,76,43,74,54,96,63,75,29,10344,149,62,40,47,58
20151219 09:48,73,41,75,44,72,56,96,63,75,29,10345,148,62,40,47,58
20151219 09:49,71,43,75,45,70,52,96,62,74,27,10345,143,63,40,47,58
20151219 09:50,72,40,75,45,74,60,96,62,74,27,10345,138,63,40,47,58
20151219 09:51,76,40,75,44,78,52,95,62,74,26,10345,136,64,40,47,57
20151219 09:52,76,46,75,44,74,71,95,62,74,26,10345,135,64,41,47,57
20151219 09:53,74,48,75,43,74,61,95,62,74,26,10346,135,65,41,47,58
20151219 09:54,78,40,75,43,82,52,95,62,74,26,10346,136,65,41,47,58
20151219 09:55,82,40,75,43,82,54,95,62,74,26,10347,139,66,41,47,57
20151219 09:56,82,45,76,43,82,59,96,62,74,27,10347,142,66,42,47,57
20151219 09:57,82,45,77,43,81,54,96,61,73,25,10347,144,67,42,48,58
20151219 09:58,84,38,78,42,87,42,96,61,73,25,10346,145,67,42,48,58
20151219 09:59,93,37,81,42,98,50,96,61,73,25,10346,147,68,42,48,58
20151219 10:00,91,41,82,42,84,58,97,62,75,28,10346,148,68,42,48,58
20151219 10:01,83,46,82,43,81,60,98,62,75,29,10346,150,69,43,48,58
20151219 10:02,80,48,83,43,79,60,98,60,73,24,10346,151,69,43,48,58
20151219 10:03,82,46,84,43,84,61,98,60,73,24,10346,153,69,43,48,58
20151219 10:04,94,44,86,43,103,54,98,60,73,24,10346,153,70,43,48,58
20151219 10:05,104,47,88,44,105,68,98,60,73,24,10346,155,70,44,48,58
20151219 10:06,102,50,90,44,99,67,98,60,73,24,10346,156,71,44,48,58
20151219 10:07,93,47,91,45,87,65,99,61,74,27,10346,156,71,44,48,58
20151219 10:08,86,41,90,45,85,47,99,60,73,25,10346,158,72,44,48,58
20151219 10:09,88,35,90,44,91,44,99,60,73,25,10346,160,72,44,48,58
20151219 10:10,91,37,90,44,91,52,100,61,75,28,10346,162,72,45,48,58
20151219 10:11,89,41,91,43,87,58,101,61,75,29,10346,163,73,45,48,58
20151219 10:12,83,40,91,42,79,50,101,60,74,27,10346,164,74,45,48,58
20151219 10:13,84,40,92,42,89,57,102,60,75,28,10346,165,74,45,49,58
20151219 10:14,90,38,90,41,90,44,101,59,73,25,10346,165,75,46,49,58
20151219 10:15,86,39,88,40,82,53,102,60,75,28,10346,166,75,46,49,58
20151219 10:16,85,36,87,38,89,41,102,59,73,26,10345,167,76,46,49,58
20151219 10:17,99,35,89,38,109,54,103,61,76,31,10345,169,76,46,49,58
20151219 10:18,105,48,91,40,101,68,103,60,75,29,10345,169,77,47,49,58
20151219 10:19,95,52,90,41,88,62,103,58,73,24,10345,169,77,47,49,58
20151219 10:20,89,49,90,42,89,61,102,58,72,23,10345,169,78,47,49,58
20151219 10:21,94,50,92,43,100,66,103,59,74,26,10344,171,78,47,49,58
20151219 10:22,99,43,93,43,97,50,103,59,74,26,10343,172,79,47,49,58
20151219 10:23,91,41,93,43,85,58,103,58,73,24,10343,173,79,48,49,58
20151219 10:24,82,40,92,43,80,49,103,58,73,24,10343,174,80,48,49,58
20151219 10:25,75,40,91,44,70,58,103,58,73,24,10343,176,80,48,49,58
20151219 10:26,72,42,89,44,74,65,104,59,74,27,10343,177,81,48,50,58
20151219 10:27,77,40,86,45,80,62,104,59,74,27,10344,178,81,49,50,58
20151219 10:28,77,43,84,43,73,58,104,59,74,27,10344,178,82,49,50,58
20151219 10:29,78,42,83,43,83,59,105,59,75,28,10344,180,82,49,50,58
20151219 10:30,77,38,81,41,71,47,106,59,75,29,10344,182,83,49,50,58
20151219 10:31,70,36,78,40,69,50,106,58,74,27,10344,181,83,49,50,58
20151219 10:32,75,37,77,40,82,46,105,57,72,23,10345,181,84,50,50,58
20151219 10:33,81,33,76,38,80,44,106,58,74,27,10345,181,84,50,50,58
20151219 10:34,87,28,77,38,93,36,107,59,76,30,10346,182,85,50,50,58
20151219 10:35,93,26,80,36,94,33,108,58,75,29,10346,185,85,50,50,58
20151219 10:36,91,23,81,34,88,38,108,58,75,29,10346,187,86,51,50,58
20151219 10:37,77,23,80,32,65,41,109,57,74,27,10346,190,86,51,51,58
20151219 10:38,80,26,82,31,94,42,109,58,76,30,10346,190,87,51,51,58
20151219 10:39,89,26,82,29,85,42,110,57,75,28,10346,192,87,51,51,58
20151219 10:40,84,30,83,29,83,48,111,56,74,27,10346,193,88,52,51,58
20151219 10:41,89,35,86,29,95,49,111,56,74,27,10346,194,89,52,51,58
20151219 10:42,93,40,87,29,90,55,111,55,73,24,10346,193,89,52,51,58
20151219 10:43,90,41,88,30,90,44,110,55,72,23,10346,190,90,52,51,58
20151219 10:44,89,36,87,31,89,40,110,55,72,23,10346,191,90,53,51,58
20151219 10:45,87,34,87,32,86,40,109,54,70,20,10347,192,91,53,51,58
20151219 10:46,90,30,87,32,94,38,109,55,72,22,10347,193,91,53,51,58
20151219 10:47,97,31,91,33,100,40,109,55,72,22,10347,195,92,53,52,58
20151219 10:48,102,35,92,34,104,56,109,56,73,25,10347,197,92,54,52,58
20151219 10:49,100,42,93,37,97,53,110,56,73,26,10347,198,93,54,52,58
20151219 10:50,101,43,95,37,104,45,110,55,72,23,10347,200,93,54,52,58
20151219 10:51,109,34,97,36,114,44,109,55,72,22,10347,203,94,54,52,58
20151219 10:52,118,26,100,34,122,30,110,56,73,26,10347,205,94,54,52,58
20151219 10:53,120,21,103,32,118,25,109,56,73,25,10347,201,95,55,52,58
20151219 10:54,112,20,104,31,106,41,109,56,73,25,10347,195,95,55,52,58
20151219 10:55,97,23,105,30,88,33,110,57,75,28,10347,193,96,55,52,58
20151219 10:56,98,26,106,30,108,41,110,57,75,28,10347,191,97,56,52,58
20151219 10:57,108,24,107,29,107,34,110,57,75,28,10347,191,97,56,53,59
20151219 10:58,106,22,107,27,106,31,110,56,73,26,10347,191,98,56,53,58
20151219 10:59,111,24,109,25,115,32,111,57,75,29,10347,197,98,56,53,59
20151219 11:00,125,23,112,24,134,28,111,57,75,29,10347,200,99,56,53,59
20151219 11:01,112,23,109,23,88,35,111,56,74,27,10347,206,99,57,53,59
20151219 11:02,94,27,107,24,99,39,112,56,74,28,10347,212,100,57,53,59
20151219 11:03,105,27,106,24,111,28,112,55,73,25,10347,213,100,57,53,59
20151219 11:04,114,26,107,25,118,36,111,55,73,24,10346,214,100,58,53,59
20151219 11:05,95,25,106,25,71,26,112,57,76,30,10345,221,101,58,53,59
20151219 11:06,71,24,102,25,71,39,114,57,77,32,10345,227,101,58,53,59
20151219 11:07,69,28,98,26,67,44,114,56,75,29,10345,230,102,58,54,59
20151219 11:08,62,32,93,27,57,46,113,55,74,26,10345,234,102,59,54,59
20151219 11:09,62,29,88,27,69,35,114,55,74,27,10344,238,103,59,54,59
20151219 11:10,73,27,83,27,78,38,115,57,77,33,10344,242,103,59,54,59
20151219 11:11,86,28,83,28,94,35,116,56,76,31,10343,245,104,59,54,59
20151219 11:12,101,28,84,28,107,42,118,56,77,33,10342,248,105,60,54,59
20151219 11:13,98,30,82,28,87,42,118,55,76,31,10342,251,105,60,54,59
20151219 11:14,87,30,79,28,87,40,119,55,77,32,10341,243,106,60,54,59
20151219 11:15,96,37,82,31,105,59,119,55,77,32,10341,232,107,60,55,59
20151219 11:16,107,43,86,32,109,55,117,55,76,30,10340,222,108,61,55,59
20151219 11:17,102,38,89,33,95,49,116,54,74,26,10339,216,109,61,55,59
20151219 11:18,100,31,94,32,106,35,114,54,73,24,10339,209,109,61,55,59
20151219 11:19,111,31,99,33,117,49,113,55,74,26,10339,204,110,61,55,59
20151219 11:20,123,36,104,34,129,58,112,56,74,28,10339,200,111,62,55,59
20151219 11:21,124,44,106,36,119,64,112,57,76,30,10339,195,111,62,55,59
20151219 11:22,109,45,105,37,99,52,111,57,75,29,10339,191,112,62,55,59
20151219 11:23,94,35,105,37,89,41,110,57,75,28,10337,187,113,62,55,59
20151219 11:24,97,29,107,37,105,41,110,57,75,28,10337,185,113,63,56,60
20151219 11:25,112,26,109,35,119,37,110,58,76,31,10336,185,113,63,56,60
20151219 11:26,116,30,109,34,113,47,110,58,76,31,10335,184,113,63,56,60
20151219 11:27,105,36,109,35,97,46,110,57,75,28,10335,182,114,64,56,60
20151219 11:28,93,32,108,34,90,44,110,58,76,31,10334,181,114,64,56,60
20151219 11:29,89,28,105,34,88,40,110,58,76,31,10334,180,114,64,56,60
20151219 11:30,93,34,102,34,97,47,110,57,75,28,10334,179,114,65,56,60
20151219 11:31,96,32,99,32,95,42,110,58,76,31,10334,178,114,65,56,60
20151219 11:32,93,30,98,31,92,47,110,58,76,31,10335,179,114,65,57,60
20151219 11:33,98,28,100,30,105,38,111,58,77,32,10335,181,114,65,57,60
20151219 11:34,106,19,100,29,108,27,111,58,77,32,10335,183,114,66,57,60
20151219 11:35,114,24,100,30,119,42,112,58,77,33,10335,191,114,66,57,60
20151219 11:36,109,31,99,29,98,41,113,59,79,36,10335,192,114,66,57,60
20151219 11:37,101,40,99,30,103,69,113,58,78,33,10334,188,114,66,57,60
20151219 11:38,109,54,102,34,115,67,111,57,75,29,10334,180,114,67,57,60
20151219 11:39,111,51,104,35,106,58,110,57,75,28,10334,179,113,67,58,60
20151219 11:40,112,40,106,35,118,55,111,57,75,29,10335,188,114,67,58,60
20151219 11:41,125,36,110,36,132,51,111,58,77,32,10335,197,114,68,58,60
20151219 11:42,125,31,112,35,117,32,112,57,76,30,10335,206,114,68,58,60
20151219 11:43,114,24,113,35,112,30,113,58,78,33,10334,206,113,68,58,60
20151219 11:44,104,27,112,37,96,37,113,57,76,31,10334,203,114,68,58,60
20151219 11:45,106,29,111,36,115,56,113,57,76,31,10334,199,114,68,58,60
20151219 11:46,99,37,110,38,84,66,113,57,76,31,10334,197,114,69,58,61
20151219 11:47,79,40,107,36,74,44,113,57,76,31,10333,192,114,69,59,61
20151219 11:48,80,34,104,34,86,42,112,56,74,28,10333,188,114,69,59,61
20151219 11:49,90,40,103,34,95,54,112,56,74,28,10333,185,114,70,59,61
20151219 11:50,96,38,101,33,97,40,111,57,75,29,10332,182,114,70,59,61
20151219 11:51,94,36,97,34,91,49,111,57,75,29,10332,181,115,70,59,61
20151219 11:52,96,35,95,34,102,37,111,57,75,29,10331,180,115,70,59,61
20151219 11:53,96,28,93,35,90,33,111,57,75,29,10331,179,115,70,59,61
20151219 11:54,86,27,92,34,82,42,111,58,77,32,10330,179,115,71,60,61
20151219 11:55,75,30,87,35,68,47,111,58,77,32,10329,178,115,71,60,61
20151219 11:56,72,38,86,34,76,58,112,58,77,33,10328,179,115,71,60,61
20151219 11:57,79,44,87,36,83,57,112,57,76,30,10327,178,115,71,60,61
20151219 11:58,87,38,88,35,92,46,111,57,75,29,10327,178,115,72,60,61
20151219 11:59,93,33,88,34,94,50,112,58,77,33,10327,177,115,72,60,61
20151219 12:00,92,33,87,35,91,44,112,58,77,33,10328,181,115,72,60,61
20151219 12:01,98,36,88,34,105,61,112,58,77,33,10329,184,115,72,61,61
20151219 12:02,103,41,88,36,100,56,112,57,76,30,10329,183,115,72,61,61
20151219 12:03,102,42,89,37,103,56,112,57,76,30,10329,181,115,73,61,62
20151219 12:04,102,43,91,39,102,53,112,57,76,30,10329,180,115,73,61,62
20151219 12:05,101,37,95,38,100,43,112,57,76,30,10328,180,115,73,61,62
20151219 12:06,102,30,97,37,104,42,112,57,76,30,10328,180,115,73,61,62
20151219 12:07,93,31,97,36,82,43,111,56,74,27,10328,181,115,73,61,62
20151219 12:08,78,32,96,36,75,48,112,57,76,30,10328,183,115,74,62,62
20151219 12:09,77,32,94,36,80,37,111,56,74,27,10327,182,115,74,62,62
20151219 12:10,83,25,94,35,86,30,112,57,76,30,10326,183,115,74,62,62
20151219 12:11,95,27,94,34,104,43,112,57,76,30,10326,186,115,74,62,62
20151219 12:12,95,28,92,32,87,39,113,58,78,33,10325,194,115,74,62,62
20151219 12:13,83,32,90,32,79,53,114,58,78,34,10325,193,115,75,62,62
20151219 12:14,84,38,89,31,89,44,113,56,75,28,10324,190,115,75,62,62
20151219 12:15,93,36,88,32,96,48,114,57,77,32,10324,186,115,75,62,62
20151219 12:16,96,40,87,33,96,63,114,57,77,32,10323,182,115,75,63,62
20151219 12:17,100,47,89,35,103,64,114,57,77,32,10323,179,116,75,63,62
20151219 12:18,104,51,93,36,105,62,113,57,76,31,10323,177,116,75,63,62
20151219 12:19,103,43,95,37,101,45,112,56,74,28,10322,174,116,76,63,63
20151219 12:20,101,33,96,38,100,41,112,57,76,30,10322,171,116,76,63,63
20151219 12:21,98,32,95,38,96,48,112,58,77,33,10322,168,116,76,63,63
20151219 12:22,92,35,95,39,89,48,112,57,76,30,10322,166,116,76,63,63
20151219 12:23,87,32,96,38,85,34,111,56,74,27,10322,165,116,76,64,63
20151219 12:24,79,30,94,38,72,46,111,57,75,29,10322,164,116,76,64,63
20151219 12:25,77,38,93,39,82,58,111,56,74,27,10322,163,116,77,64,63
20151219 12:26,87,39,93,38,92,43,111,56,74,27,10323,162,116,77,64,63
20151219 12:27,96,34,92,36,100,46,111,57,75,29,10323,161,116,77,64,63
20151219 12:28,102,37,92,35,103,49,111,57,75,29,10324,161,116,77,64,63
20151219 12:29,102,36,92,35,100,41,110,57,75,28,10324,159,116,77,64,63
20151219 12:30,106,31,93,35,111,35,110,56,73,26,10324,160,116,77,64,63
20151219 12:31,101,27,93,34,92,31,110,57,75,28,10324,161,116,78,65,63
20151219 12:32,98,28,94,33,104,36,110,57,75,28,10325,161,115,78,65,63
20151219 12:33,98,30,95,33,91,40,110,58,76,31,10325,161,115,78,65,63
20151219 12:34,92,27,97,33,92,37,110,57,75,28,10324,159,115,78,65,64
20151219 12:35,89,29,97,32,85,59,111,58,77,32,10324,158,115,78,65,64
20151219 12:36,92,34,98,32,99,49,111,57,75,29,10324,155,115,78,65,64
20151219 12:37,97,36,97,32,95,54,111,57,75,29,10324,153,115,79,65,64
20151219 12:38,88,35,95,31,82,49,110,57,75,28,10325,153,115,79,66,64
20151219 12:39,82,30,93,30,83,35,110,56,73,26,10325,152,115,79,66,64
20151219 12:40,82,29,90,31,80,38,110,56,73,26,10325,152,114,79,66,64
20151219 12:41,83,29,90,31,86,37,110,56,73,26,10325,153,114,79,66,64
20151219 12:42,78,25,86,30,70,34,110,57,75,28,10325,153,114,79,66,64
20151219 12:43,88,26,88,30,107,38,110,57,75,28,10326,154,114,79,66,64
20151219 12:44,111,29,90,31,114,39,110,57,75,28,10327,154,114,79,66,64
20151219 12:45,114,29,93,30,115,40,110,57,75,28,10327,154,114,80,66,64
20151219 12:46,115,26,95,29,115,29,110,58,76,31,10328,155,114,80,66,64
20151219 12:47,119,23,98,27,124,33,110,58,76,31,10328,156,113,80,67,64
20151219 12:48,116,20,100,26,107,23,110,58,76,31,10328,157,113,80,67,65
20151219 12:49,104,17,102,25,101,26,110,58,76,31,10328,158,113,80,67,65
20151219 12:50,113,25,107,25,124,46,110,59,77,33,10327,159,113,80,67,65
20151219 12:51,121,33,110,26,118,42,110,57,75,28,10327,160,113,80,67,65
20151219 12:52,117,30,114,26,116,40,110,57,75,28,10327,160,113,80,67,65
20151219 12:53,103,21,112,25,90,18,110,58,76,31,10327,160,113,81,67,65
20151219 12:54,104,17,113,24,117,36,111,59,78,34,10327,159,113,81,67,65
20151219 12:55,108,26,111,24,99,46,111,59,78,34,10327,159,113,81,68,65
20151219 12:56,104,35,111,25,109,48,111,58,77,32,10326,158,113,81,68,65
20151219 12:57,112,39,110,27,114,50,111,57,75,29,10326,158,113,81,68,65
20151219 12:58,118,34,111,28,121,39,111,57,75,29,10326,156,113,81,68,65
20151219 12:59,127,28,114,29,134,38,111,57,75,29,10326,156,113,81,68,65
20151219 13:00,133,33,115,30,132,54,110,57,75,28,10326,156,113,81,68,65
20151219 13:01,131,38,116,30,130,48,110,57,75,28,10325,156,113,81,68,66
20151219 13:02,132,36,118,31,133,42,110,57,75,28,10325,156,113,82,68,66
20151219 13:03,134,34,122,33,135,39,110,57,75,28,10325,158,113,82,69,66
20151219 13:04,136,28,124,34,137,33,110,57,75,28,10324,160,113,82,69,66
20151219 13:05,137,28,128,33,136,42,110,57,75,28,10324,162,112,82,69,66
20151219 13:06,120,30,128,33,104,42,111,58,77,32,10323,163,112,82,69,66
20151219 13:07,96,31,125,32,88,45,111,58,77,32,10322,164,112,82,69,66
20151219 13:08,89,32,122,32,91,40,111,58,77,32,10321,166,112,82,69,66
20151219 13:09,87,30,117,32,83,39,111,58,77,32,10320,167,112,82,69,66
20151219 13:10,85,31,112,32,86,50,112,57,76,30,10319,169,112,82,69,66
20151219 13:11,91,36,109,32,96,52,112,58,77,33,10319,170,112,82,69,66
20151219 13:12,99,37,106,32,103,52,112,58,77,33,10319,171,113,82,70,66
20151219 13:13,108,33,103,32,112,47,112,57,76,30,10319,170,113,83,70,66
20151219 13:14,112,30,101,32,112,36,112,57,76,30,10320,173,113,83,70,66
20151219 13:15,112,30,99,32,111,42,113,58,78,33,10320,175,113,83,70,66
20151219 13:16,112,31,100,32,113,38,113,57,76,31,10320,176,113,83,70,67
20151219 13:17,119,28,103,32,125,48,113,57,76,31,10320,178,113,83,70,67
20151219 13:18,123,34,106,33,121,49,113,58,78,33,10320,180,113,83,70,67
20151219 13:19,114,35,109,33,107,39,114,59,79,37,10319,180,113,83,70,67
20151219 13:20,114,31,112,33,121,36,114,58,78,34,10319,180,113,83,70,67
20151219 13:21,115,29,113,31,109,35,113,57,76,31,10318,181,114,83,71,67
20151219 13:22,97,25,112,30,85,31,113,58,78,33,10317,181,114,83,71,67
20151219 13:23,87,25,109,30,89,31,113,58,78,33,10316,181,114,83,71,67
20151219 13:24,96,33,109,31,104,51,114,58,78,34,10315,181,114,83,71,67
20151219 13:25,95,41,106,32,86,53,114,58,78,34,10314,182,114,84,71,67
20151219 13:26,84,42,103,33,82,55,114,58,78,34,10313,192,115,84,71,67
20151219 13:27,82,44,99,35,82,57,115,58,79,35,10313,197,115,84,71,67
20151219 13:28,79,44,94,35,75,55,115,57,77,33,10312,195,115,84,71,67
20151219 13:29,79,40,91,36,83,52,115,58,79,35,10312,200,115,84,71,68
20151219 13:30,86,38,88,36,89,47,116,58,79,36,10312,208,115,84,71,68
20151219 13:31,92,38,87,38,94,57,116,58,79,36,10312,211,116,84,72,68
20151219 13:32,96,39,88,39,98,56,117,58,80,37,10312,217,116,84,72,68
20151219 13:33,92,33,88,39,86,37,117,57,78,35,10312,222,116,84,72,68
20151219 13:34,82,35,85,40,77,58,118,57,79,36,10312,224,117,84,72,68
20151219 13:35,73,41,83,39,69,51,119,58,81,39,10312,224,117,84,72,68
20151219 13:36,77,41,84,40,85,57,119,57,79,37,10313,223,117,85,72,68
20151219 13:37,94,47,86,40,103,75,119,57,79,37,10314,223,118,85,72,68
20151219 13:38,105,49,89,40,107,53,119,56,78,34,10315,220,118,85,72,68
20151219 13:39,104,44,91,41,101,50,118,56,77,33,10315,224,119,85,72,68
20151219 13:40,94,34,91,40,88,43,118,56,77,33,10315,229,119,85,72,68
20151219 13:41,105,28,94,39,123,39,118,57,79,36,10315,234,120,85,72,68
20151219 13:42,120,29,96,38,117,34,118,56,77,33,10314,237,121,85,73,68
20151219 13:43,114,32,98,39,112,59,119,58,81,39,10314,238,121,85,73,69
20151219 13:44,97,41,99,39,83,62,119,57,79,37,10314,234,122,85,73,69
20151219 13:45,77,38,99,38,71,42,119,57,79,37,10314,233,122,85,73,69
20151219 13:46,67,33,97,37,64,48,119,57,79,37,10313,237,123,86,73,69
20151219 13:47,66,40,94,36,69,53,120,57,80,38,10313,236,123,86,73,69
20151219 13:48,71,43,90,36,74,57,120,56,78,35,10314,229,124,86,73,69
20151219 13:49,72,41,87,36,71,62,119,56,78,34,10314,221,125,86,73,69
20151219 13:50,76,40,86,37,80,49,118,56,77,33,10314,218,125,86,73,69
20151219 13:51,87,34,83,37,93,37,118,58,80,38,10314,221,126,86,73,69
20151219 13:52,92,28,81,37,92,45,119,58,81,39,10314,224,126,86,73,69
20151219 13:53,78,26,76,36,64,34,120,57,80,38,10314,220,127,86,74,69
20151219 13:54,83,33,78,35,102,57,119,56,78,34,10314,216,127,87,74,69
20151219 13:55,98,36,80,35,93,46,119,58,81,39,10314,211,128,87,74,69
20151219 13:56,88,40,82,37,82,56,119,57,79,37,10314,208,128,87,74,69
20151219 13:57,80,43,83,36,78,46,117,55,76,30,10314,208,128,87,74,70
20151219 13:58,72,38,82,36,67,51,117,56,77,32,10313,207,129,87,74,70
20151219 13:59,68,34,82,35,70,53,116,56,76,31,10312,208,129,87,74,70
20151219 14:00,74,34,82,35,78,47,116,56,76,31,10312,208,129,87,74,70
20151219 14:01,81,37,81,35,85,43,115,56,76,30,10312,203,129,88,74,70
20151219 14:02,79,34,79,36,73,47,115,57,77,33,10312,197,130,88,74,70
20151219 14:03,73,37,80,38,73,49,115,57,77,33,10313,192,130,88,74,70
20151219 14:04,73,40,77,37,74,49,114,56,75,29,10313,187,130,88,75,70
20151219 14:05,77,38,76,38,80,49,113,57,76,31,10314,182,130,88,75,70
20151219 14:06,86,39,77,37,93,53,113,57,76,31,10315,177,130,88,75,70
20151219 14:07,95,42,79,38,97,55,113,58,78,33,10315,173,130,89,75,70
20151219 14:08,101,39,83,37,105,43,113,58,78,33,10315,169,130,89,75,70
20151219 14:09,110,28,87,37,115,28,112,58,77,33,10315,165,130,89,75,70
20151219 14:10,114,25,91,35,113,39,112,58,77,33,10316,163,130,89,75,70
20151219 14:11,117,26,94,34,120,34,111,58,77,32,10317,160,130,89,75,70
20151219 14:12,117,28,99,34,115,39,111,59,78,34,10317,157,130,89,75,70
20151219 14:13,100,28,100,32,86,36,111,59,78,34,10317,154,130,90,75,71
20151219 14:14,91,29,102,32,96,51,111,59,78,34,10317,152,129,90,76,71
20151219 14:15,97,32,104,31,99,41,110,59,77,33,10317,150,129,90,76,71
20151219 14:16,95,32,104,30,90,42,110,58,76,31,10318,148,129,90,76,71
20151219 14:17,91,32,103,29,93,38,110,58,76,31,10318,145,129,90,76,71
20151219 14:18,94,31,102,29,96,38,109,58,76,30,10317,144,128,90,76,71
20151219 14:19,91,32,99,30,87,42,109,59,77,32,10317,142,128,90,76,71
20151219 14:20,81,32,96,30,76,38,109,59,77,32,10317,141,127,91,76,71
20151219 14:21,77,30,92,31,79,41,109,59,77,32,10317,139,127,91,76,71
20151219 14:22,75,28,87,30,71,41,108,59,76,31,10317,138,126,91,76,71
20151219 14:23,75,32,87,32,79,42,108,59,76,31,10318,138,126,91,76,71
20151219 14:24,72,31,83,31,64,32,108,59,76,31,10318,137,126,91,76,71
20151219 14:25,71,29,81,31,79,47,108,59,76,31,10318,137,125,91,77,71
20151219 14:26,80,32,81,31,82,38,108,59,76,31,10318,136,125,91,77,71
20151219 14:27,93,32,82,31,103,46,108,60,78,34,10318,135,124,92,77,72
20151219 14:28,101,35,82,32,99,47,108,59,76,31,10318,134,124,92,77,72
20151219 14:29,95,33,82,31,91,40,107,60,77,33,10317,134,123,92,77,72
20151219 14:30,91,32,84,32,91,44,107,60,77,33,10317,134,123,92,77,72
20151219 14:31,88,34,85,32,86,44,107,60,77,33,10317,133,122,92,77,72
20151219 14:32,87,35,86,33,87,45,107,60,77,33,10317,134,122,92,77,72
20151219 14:33,90,33,87,32,92,36,107,60,77,33,10317,134,121,92,77,72
20151219 14:34,92,30,90,33,91,35,108,59,76,31,10317,136,121,92,78,72
20151219 14:35,92,25,91,31,93,24,108,60,78,34,10317,138,121,92,78,72
20151219 14:36,97,23,93,31,101,30,108,60,78,34,10317,138,120,93,78,72
20151219 14:37,97,30,92,31,94,46,108,60,78,34,10317,139,120,93,78,72
20151219 14:38,89,36,91,31,84,47,108,59,76,31,10316,140,119,93,78,72
20151219 14:39,88,35,91,31,92,46,108,60,78,34,10316,140,119,93,78,72
20151219 14:40,92,39,91,33,93,57,108,59,76,31,10316,139,119,93,78,72
20151219 14:41,90,43,91,33,88,56,108,59,76,31,10316,139,118,93,78,73
20151219 14:42,86,40,91,33,84,50,108,59,76,31,10316,138,118,93,78,73
20151219 14:43,85,39,90,34,85,50,108,59,76,31,10317,137,118,93,78,73
20151219 14:44,91,36,91,35,96,45,107,59,76,30,10317,137,118,93,78,73
20151219 14:45,92,33,90,36,88,43,108,59,76,31,10318,136,117,93,79,73
20151219 14:46,91,35,90,37,94,42,107,59,76,30,10318,136,117,93,79,73
20151219 14:47,92,35,89,37,90,44,107,58,75,28,10317,136,117,93,79,73
20151219 14:48,92,33,90,36,94,46,107,58,75,28,10317,136,117,93,79,73
20151219 14:49,97,27,91,36,100,37,107,59,76,30,10318,136,116,93,79,73
20151219 14:50,97,32,91,35,93,50,107,59,76,30,10318,135,116,93,79,73
20151219 14:51,94,35,92,34,95,43,107,59,76,30,10318,134,116,93,79,73
20151219 14:52,96,30,93,33,96,41,107,59,76,30,10318,134,116,93,79,73
20151219 14:53,101,33,95,33,105,49,107,59,76,30,10317,133,116,93,79,73
20151219 14:54,106,34,96,33,107,41,107,59,76,30,10317,132,115,93,79,73
20151219 14:55,106,32,98,32,105,44,107,59,76,30,10318,132,115,93,80,73
20151219 14:56,97,29,97,32,90,37,107,60,77,33,10318,132,115,93,80,74
20151219 14:57,90,24,98,30,91,26,107,60,77,33,10318,131,115,93,80,74
20151219 14:58,95,21,98,29,98,32,107,60,77,33,10319,131,115,93,80,74
20151219 14:59,96,24,97,29,94,37,107,60,77,33,10319,130,114,94,80,74
20151219 15:00,94,28,97,29,94,41,107,59,76,30,10319,129,114,94,80,74
20151219 15:01,97,27,98,28,101,43,107,59,76,30,10319,129,114,94,80,74
20151219 15:02,100,24,98,27,99,33,107,60,77,33,10319,128,114,94,80,74
20151219 15:03,99,26,98,26,98,34,107,59,76,30,10320,128,114,94,80,74
20151219 15:04,93,26,96,26,87,40,107,59,76,30,10320,127,113,94,80,74
20151219 15:05,91,28,95,26,95,46,107,59,76,30,10320,126,113,94,80,74
20151219 15:06,100,34,96,27,104,45,106,59,75,29,10319,126,113,94,80,74
20151219 15:07,103,30,97,27,102,32,106,59,75,29,10319,125,113,94,81,74
20151219 15:08,101,28,97,28,100,40,106,60,77,32,10319,124,113,94,81,74
20151219 15:09,94,32,97,29,88,45,106,60,77,32,10318,123,112,94,81,74
20151219 15:10,86,32,96,29,84,40,106,60,77,32,10317,123,112,94,81,74
20151219 15:11,86,35,94,30,87,50,106,60,77,32,10316,123,112,94,81,74
20151219 15:12,85,35,93,31,83,41,106,60,77,32,10315,122,112,94,81,75
20151219 15:13,88,37,92,32,92,65,105,60,76,31,10315,121,112,94,81,75
20151219 15:14,93,45,93,35,95,57,105,60,76,31,10314,121,111,94,81,75
20151219 15:15,94,40,93,35,92,46,105,59,75,28,10314,121,111,94,81,75
20151219 15:16,91,31,91,34,90,45,105,60,76,31,10313,121,111,94,81,75
20151219 15:17,91,30,90,35,91,41,105,60,76,31,10313,121,111,94,81,75
20151219 15:18,86,31,88,35,81,40,105,61,77,33,10312,121,111,94,81,75
20151219 15:19,81,35,88,35,81,49,105,60,76,31,10312,121,110,94,81,75
20151219 15:20,87,35,89,35,93,42,105,60,76,31,10312,120,110,94,81,75
20151219 15:21,88,31,88,34,83,39,104,59,74,27,10311,119,110,94,82,75
20151219 15:22,77,33,87,35,72,57,104,60,76,30,10311,118,110,94,82,75
20151219 15:23,76,38,86,35,81,49,104,60,76,30,10311,117,109,94,82,75
20151219 15:24,78,44,84,35,75,62,104,60,76,30,10311,116,109,94,82,75
20151219 15:25,76,40,82,35,78,42,104,60,76,30,10310,115,109,94,82,75
20151219 15:26,84,30,82,35,89,42,104,60,76,30,10310,114,109,94,82,75
20151219 15:27,89,32,82,35,88,42,103,60,75,29,10309,113,109,94,82,76
20151219 15:28,91,35,83,35,93,50,103,61,76,31,10309,112,108,93,82,76
20151219 15:29,95,41,85,36,96,55,103,60,75,29,10309,112,108,94,82,76
20151219 15:30,94,42,85,37,91,52,103,60,75,29,10310,111,108,94,82,76
20151219 15:31,93,33,86,37,94,33,103,60,75,29,10310,110,108,94,82,76
20151219 15:32,99,24,89,35,104,30,103,61,76,31,10311,109,108,93,82,76
20151219 15:33,101,27,91,34,98,50,103,61,76,31,10312,108,107,93,82,76
20151219 15:34,95,28,92,32,92,33,102,61,76,30,10312,108,107,93,82,76
20151219 15:35,94,25,94,31,95,38,102,61,76,30,10312,107,107,93,82,76
20151219 15:36,94,28,94,31,93,40,102,61,76,30,10313,107,107,93,82,76
20151219 15:37,92,25,95,30,91,30,102,61,76,30,10313,106,106,93,83,76
20151219 15:38,90,22,94,29,89,37,102,61,76,30,10313,106,106,93,83,76
20151219 15:39,91,23,94,27,94,45,102,61,76,30,10314,105,106,93,83,76
20151219 15:40,100,26,96,26,106,40,102,61,76,30,10314,105,106,93,83,76
20151219 15:41,101,27,96,25,96,36,102,61,76,30,10314,105,105,93,83,76
20151219 15:42,95,29,95,27,94,48,101,60,74,27,10314,104,105,93,83,76
20151219 15:43,93,34,94,27,92,44,101,59,73,25,10314,104,105,93,83,77
20151219 15:44,93,32,94,28,94,44,101,60,74,27,10314,103,105,93,83,77
20151219 15:45,90,29,93,28,85,41,101,60,74,27,10314,103,104,93,83,77
20151219 15:46,84,25,92,27,82,30,101,59,73,25,10315,103,104,93,83,77
20151219 15:47,90,27,93,28,97,51,101,59,73,25,10316,103,104,93,83,77
20151219 15:48,90,32,92,29,83,42,101,59,73,25,10316,103,104,93,83,77
20151219 15:49,89,35,92,31,95,48,101,59,73,25,10316,103,103,93,83,77
20151219 15:50,92,31,91,30,90,38,101,59,73,25,10316,102,103,93,83,77
20151219 15:51,93,27,91,31,96,49,101,60,74,27,10316,102,103,93,83,77
20151219 15:52,92,31,90,30,88,41,101,59,73,25,10316,101,103,93,83,77
20151219 15:53,92,32,91,30,95,43,101,59,73,25,10316,101,103,93,83,77
20151219 15:54,97,36,91,31,100,51,101,59,73,25,10315,100,102,93,83,77
20151219 15:55,98,34,92,31,96,42,101,59,73,25,10315,100,102,93,83,77
20151219 15:56,95,27,93,31,93,42,101,60,74,27,10315,100,102,93,83,77
20151219 15:57,94,27,93,31,95,40,101,60,74,27,10314,99,102,93,83,77
20151219 15:58,97,27,95,30,98,46,100,60,74,26,10314,99,101,93,84,77
20151219 15:59,98,32,95,30,99,47,100,60,74,26,10314,98,101,93,84,77
20151219 16:00,98,35,96,31,97,42,100,60,74,26,10314,98,101,93,84,77
20151219 16:01,96,32,96,31,96,43,100,60,74,26,10314,98,101,93,84,78
20151219 16:02,97,32,97,32,98,45,100,60,74,26,10314,97,100,93,84,78
20151219 16:03,98,33,97,32,99,41,100,60,74,26,10313,97,100,93,84,78
20151219 16:04,96,32,96,31,93,46,100,60,74,26,10313,97,100,93,84,78
20151219 16:05,90,36,96,32,87,51,100,60,74,26,10313,97,100,93,84,78
20151219 16:06,89,37,95,33,92,47,100,61,75,28,10313,96,100,92,84,78
20151219 16:07,91,37,95,34,91,53,99,61,74,27,10313,96,99,92,84,78
20151219 16:08,91,32,94,34,91,35,99,60,73,25,10313,96,99,92,84,78
20151219 16:09,91,29,94,33,91,40,99,61,74,27,10313,96,99,92,84,78
20151219 16:10,88,32,92,33,85,45,99,61,74,27,10313,96,99,92,84,78
20151219 16:11,89,31,92,33,93,47,99,61,74,27,10313,95,99,92,84,78
20151219 16:12,91,30,91,33,90,46,99,61,74,27,10313,95,98,92,84,78
20151219 16:13,86,29,90,32,82,38,99,61,74,27,10313,95,98,92,84,78
20151219 16:14,84,27,89,32,87,35,99,61,74,27,10313,95,98,92,84,78
20151219 16:15,86,31,89,31,86,47,99,61,74,27,10314,95,98,92,84,78
20151219 16:16,83,33,88,31,81,41,99,61,74,27,10314,95,98,92,84,78
20151219 16:17,81,32,87,30,81,43,99,61,74,27,10315,95,97,92,84,78
20151219 16:18,85,27,86,30,88,26,99,61,74,27,10315,95,97,92,84,78
20151219 16:19,88,24,86,29,88,33,99,62,76,30,10315,95,97,92,84,78
20151219 16:20,85,25,86,29,81,28,99,62,76,30,10316,95,97,92,84,79
20151219 16:21,83,24,85,28,84,32,99,62,76,30,10316,95,97,92,84,79
20151219 16:22,84,23,84,27,84,29,99,62,76,30,10316,95,97,92,84,79
20151219 16:23,88,22,85,26,91,31,99,62,76,30,10317,95,96,92,84,79
20151219 16:24,86,25,85,27,82,40,99,62,76,30,10317,94,96,92,84,79
20151219 16:25,81,30,84,26,80,42,99,62,76,30,10317,94,96,92,84,79
20151219 16:26,79,30,84,26,79,37,99,62,76,30,10317,94,96,92,84,79
20151219 16:27,86,32,85,26,94,44,99,62,76,30,10318,94,96,92,84,79
20151219 16:28,91,33,85,27,88,44,99,62,76,30,10318,94,96,91,84,79
20151219 16:29,84,31,84,28,80,40,99,61,74,27,10318,93,96,91,84,79
20151219 16:30,83,27,85,28,87,35,99,62,76,30,10318,93,95,91,84,79
20151219 16:31,88,23,85,28,88,29,99,62,76,30,10317,93,95,91,85,79
20151219 16:32,84,26,85,28,79,40,99,62,76,30,10317,92,95,91,85,79
20151219 16:33,80,25,84,28,82,29,99,62,76,30,10317,92,95,91,85,79
20151219 16:34,86,20,85,27,91,32,99,62,76,30,10317,92,95,91,85,79
20151219 16:35,89,22,85,27,86,35,98,62,75,29,10317,91,95,91,85,79
20151219 16:36,86,24,86,26,85,35,98,62,75,29,10318,91,94,91,85,79
20151219 16:37,84,26,85,25,82,43,98,62,75,29,10318,91,94,91,85,79
20151219 16:38,79,28,84,25,76,33,98,62,75,29,10318,90,94,91,85,79
20151219 16:39,83,27,85,25,90,33,98,62,75,29,10318,90,94,91,85,79
20151219 16:40,88,25,85,25,87,34,98,62,75,29,10318,90,94,91,85,79
20151219 16:41,91,26,85,25,95,36,98,62,75,29,10317,89,94,91,85,79
20151219 16:42,92,28,86,25,90,35,98,62,75,29,10317,89,94,91,85,80
20151219 16:43,89,27,87,26,88,44,98,62,75,29,10317,89,94,91,85,80
20151219 16:44,87,25,87,26,86,34,98,62,75,29,10317,89,93,91,85,80
20151219 16:45,85,24,86,26,85,38,98,62,75,29,10317,88,93,91,85,80
20151219 16:46,85,28,86,27,84,37,98,62,75,29,10317,88,93,90,85,80
20151219 16:47,83,26,86,26,82,24,98,62,75,29,10316,88,93,90,85,80
20151219 16:48,81,22,87,26,80,27,97,62,75,28,10316,88,93,90,85,80
20151219 16:49,81,23,86,25,83,27,97,62,75,28,10316,87,93,90,85,80
20151219 16:50,82,23,85,25,81,34,97,63,76,30,10317,87,92,90,85,80
20151219 16:51,82,23,84,25,84,29,97,63,76,30,10317,87,92,90,85,80
20151219 16:52,82,22,83,24,80,24,97,63,76,30,10317,87,92,90,85,80
20151219 16:53,83,20,83,23,85,28,97,63,76,30,10317,86,92,90,85,80
20151219 16:54,86,20,83,23,87,26,97,63,76,30,10317,86,92,90,85,80
20151219 16:55,89,18,84,22,92,24,97,63,76,30,10317,86,92,90,85,80
20151219 16:56,93,18,85,21,95,29,97,63,76,30,10317,86,92,90,85,80
20151219 16:57,90,21,85,21,84,27,97,63,76,30,10318,86,91,90,85,80
20151219 16:58,86,19,86,21,88,28,97,63,76,30,10318,86,91,90,85,80
20151219 16:59,86,19,86,20,84,30,97,63,76,30,10318,85,91,90,85,80
20151219 17:00,84,23,86,20,85,33,97,63,76,30,10318,85,91,90,85,80
20151219 17:01,80,21,86,20,75,22,96,63,75,29,10318,85,91,90,85,80
20151219 17:02,81,19,86,20,86,30,96,63,75,29,10318,85,91,90,85,80
20151219 17:03,83,20,86,20,81,24,96,63,75,29,10317,85,91,90,85,80
20151219 17:04,81,19,85,20,80,22,96,63,75,29,10317,85,91,90,85,80
20151219 17:05,82,20,84,20,84,28,96,64,76,31,10317,84,90,90,85,80
20151219 17:06,83,19,83,20,81,28,96,64,76,31,10317,84,90,89,85,80
20151219 17:07,82,19,83,20,83,26,96,64,76,31,10317,84,90,89,85,80
20151219 17:08,83,19,82,20,84,22,96,64,76,31,10317,84,90,89,85,80
20151219 17:09,83,17,82,19,82,23,95,64,76,30,10317,84,90,89,85,80
20151219 17:10,83,20,82,19,85,35,95,64,76,30,10317,84,90,89,85,80
20151219 17:11,85,23,83,20,86,29,96,64,76,31,10317,83,90,89,85,81
20151219 17:12,84,24,83,20,82,35,96,64,76,31,10317,83,90,89,85,81
20151219 17:13,82,22,83,20,81,32,95,64,76,30,10317,83,89,89,85,81
20151219 17:14,77,18,82,20,73,24,95,64,76,30,10318,83,89,89,85,81
20151219 17:15,75,18,81,20,76,26,95,64,76,30,10318,83,89,89,85,81
20151219 17:16,78,19,81,20,81,25,95,64,76,30,10317,83,89,89,85,81
20151219 17:17,79,19,81,20,77,25,95,64,76,30,10317,83,89,89,85,81
20151219 17:18,76,19,80,20,74,23,95,64,76,30,10318,83,89,89,85,81
20151219 17:19,71,18,78,20,68,21,95,64,76,30,10318,82,89,89,85,81
20151219 17:20,68,16,77,19,68,21,95,65,77,33,10318,82,89,89,85,81
20151219 17:21,68,17,75,19,68,24,95,65,77,33,10319,82,88,89,85,81
20151219 17:22,66,17,73,18,64,26,95,65,77,33,10319,82,88,89,85,81
20151219 17:23,65,18,71,18,66,27,95,64,76,30,10319,82,88,89,85,81
20151219 17:24,64,17,70,18,62,20,95,64,76,30,10319,82,88,89,85,81
20151219 17:25,62,15,69,17,62,23,95,64,76,30,10319,82,88,88,85,81
20151219 17:26,65,15,68,17,68,17,95,64,76,30,10320,82,88,88,85,81
20151219 17:27,65,15,66,16,61,20,95,64,76,30,10320,82,88,88,85,81
20151219 17:28,62,16,65,16,62,24,95,64,76,30,10320,82,88,88,85,81
20151219 17:29,61,17,64,16,61,22,95,64,76,30,10320,82,88,88,85,81
20151219 17:30,64,17,64,16,67,23,94,64,75,29,10320,81,87,88,85,81
20151219 17:31,64,20,63,17,61,30,94,64,75,29,10319,81,87,88,85,81
20151219 17:32,63,19,63,17,64,21,94,64,75,29,10319,81,87,88,85,81
20151219 17:33,70,15,64,16,76,22,94,65,77,32,10319,81,87,88,85,81
20151219 17:34,75,18,66,17,74,25,94,65,77,32,10319,81,87,88,85,81
20151219 17:35,74,22,67,18,74,26,94,65,77,32,10318,81,87,88,85,81
20151219 17:36,74,22,67,18,74,27,94,65,77,32,10318,81,87,88,85,81
20151219 17:37,75,21,69,19,75,24,94,65,77,32,10317,81,87,88,85,81
20151219 17:38,76,20,70,19,77,25,94,65,77,32,10317,80,87,88,85,81
20151219 17:39,79,22,72,20,80,29,94,65,77,32,10317,80,87,88,85,81
20151219 17:40,82,20,74,20,83,24,94,65,77,32,10318,80,86,88,85,81
20151219 17:41,86,14,77,19,89,18,93,65,76,31,10318,80,86,88,85,81
20151219 17:42,86,14,78,19,83,17,93,65,76,31,10318,80,86,88,85,81
20151219 17:43,85,16,80,19,87,24,93,66,77,33,10318,80,86,88,85,81
20151219 17:44,85,21,80,19,83,30,93,66,77,33,10317,80,86,88,85,81
20151219 17:45,82,22,81,19,81,32,93,66,77,33,10317,79,86,87,85,81
20151219 17:46,81,22,82,19,82,33,93,66,77,33,10317,79,86,87,85,81
20151219 17:47,82,21,83,19,83,24,93,66,77,33,10316,79,86,87,85,82
20151219 17:48,81,20,83,19,78,22,93,66,77,33,10316,79,86,87,85,82
20151219 17:49,80,21,83,19,82,27,93,66,77,33,10316,79,86,87,85,82
20151219 17:50,82,23,83,20,81,29,93,66,77,33,10316,79,86,87,85,82
20151219 17:51,82,23,82,21,83,28,92,66,77,32,10315,78,85,87,85,82
20151219 17:52,83,22,82,22,84,29,92,66,77,32,10315,78,85,87,85,82
20151219 17:53,84,22,82,22,85,34,92,66,77,32,10314,78,85,87,85,82
20151219 17:54,86,22,83,22,87,28,92,66,77,32,10313,78,85,87,85,82
20151219 17:55,86,23,83,22,85,28,92,66,77,32,10313,78,85,87,85,82
20151219 17:56,85,23,83,22,84,27,92,66,77,32,10313,78,85,87,85,82
20151219 17:57,83,22,83,22,81,26,92,66,77,32,10313,78,85,87,85,82
20151219 17:58,82,20,83,22,82,23,92,67,78,34,10313,78,85,87,85,82
20151219 17:59,82,18,83,22,81,20,92,67,78,34,10313,78,85,87,85,82
20151219 18:00,79,17,83,21,77,22,92,67,78,34,10313,78,85,87,85,82
20151219 18:01,78,20,83,21,80,27,92,67,78,34,10313,78,84,87,85,82
20151219 18:02,80,22,82,21,81,30,92,67,78,34,10313,77,84,87,85,82
20151219 18:03,82,21,82,21,83,26,92,67,78,34,10312,77,84,87,85,82
20151219 18:04,81,22,81,21,80,27,92,67,78,34,10312,77,84,87,85,82
20151219 18:05,81,20,81,20,82,25,92,67,78,34,10312,77,84,87,85,82
20151219 18:06,83,18,81,20,85,23,91,67,77,33,10311,77,84,86,85,82
20151219 18:07,84,20,82,20,84,26,91,67,77,33,10311,77,84,86,85,82
20151219 18:08,84,21,82,20,84,29,91,67,77,33,10310,77,84,86,85,82
20151219 18:09,83,24,82,21,82,32,91,67,77,33,10310,77,84,86,85,82
20151219 18:10,83,23,83,21,84,27,91,67,77,33,10310,76,84,86,85,82
20151219 18:11,85,22,83,21,86,27,91,67,77,33,10310,76,83,86,85,82
20151219 18:12,84,21,83,21,83,24,91,68,79,35,10310,76,83,86,85,82
20151219 18:13,82,22,83,22,81,38,91,68,79,35,10310,76,83,86,85,82
20151219 18:14,79,27,83,22,77,35,91,68,79,35,10310,77,83,86,85,82
20151219 18:15,76,26,82,23,74,33,91,68,79,35,10310,77,83,86,85,82
20151219 18:16,72,22,81,23,70,28,91,68,79,35,10311,77,83,86,85,82
20151219 18:17,71,22,79,23,73,29,91,68,79,35,10312,77,83,86,85,82
20151219 18:18,69,18,77,22,64,20,91,68,79,35,10313,77,83,86,85,82
20151219 18:19,63,16,75,22,62,27,91,68,79,35,10314,77,83,86,85,82
20151219 18:20,67,19,74,21,71,27,91,68,79,35,10314,77,83,86,85,82
20151219 18:21,66,17,72,21,61,23,91,68,79,35,10315,77,83,86,85,82
20151219 18:22,67,15,71,20,73,25,91,68,79,35,10314,77,83,86,85,82
20151219 18:23,74,18,70,20,75,25,91,68,79,35,10314,77,83,86,85,82
20151219 18:24,76,20,70,19,77,24,91,68,79,35,10314,77,82,86,85,82
20151219 18:25,76,19,70,19,74,25,91,68,79,35,10313,77,82,86,85,82
20151219 18:26,76,20,71,19,78,25,91,68,79,35,10313,77,82,86,85,82
20151219 18:27,76,21,71,18,73,30,90,68,78,34,10312,76,82,85,85,82
20151219 18:28,76,24,72,20,78,31,90,68,78,34,10312,76,82,85,85,82
20151219 18:29,77,25,74,20,77,30,90,68,78,34,10312,76,82,85,85,82
20151219 18:30,76,24,74,21,74,29,90,69,79,36,10312,76,82,85,85,82
20151219 18:31,71,20,75,21,67,22,90,69,79,36,10312,76,82,85,85,82
20151219 18:32,74,20,75,21,81,27,90,69,79,36,10312,76,82,85,85,82
20151219 18:33,78,22,75,21,75,26,90,69,79,36,10313,76,82,85,85,82
20151219 18:34,73,21,75,22,71,24,90,69,79,36,10313,76,82,85,85,82
20151219 18:35,74,18,75,21,78,20,90,69,79,36,10313,76,82,85,85,82
20151219 18:36,80,17,76,21,82,23,90,69,79,36,10313,76,82,85,85,82
20151219 18:37,79,19,76,21,77,22,90,69,79,36,10313,76,82,85,85,82
20151219 18:38,79,19,76,20,81,28,90,69,79,36,10313,76,82,85,85,82
20151219 18:39,80,19,76,20,78,25,90,69,79,36,10312,76,82,85,85,82
20151219 18:40,78,20,77,19,78,25,90,69,79,36,10312,76,81,85,85,82
20151219 18:41,81,20,79,20,84,25,90,69,79,36,10312,76,81,85,85,82
20151219 18:42,86,20,79,19,88,26,90,69,79,36,10312,76,81,85,85,82
20151219 18:43,88,20,80,19,87,23,90,69,79,36,10311,76,81,85,85,82
20151219 18:44,89,20,82,19,92,25,90,69,79,36,10311,76,81,85,85,82
20151219 18:45,90,20,84,20,89,30,90,69,79,36,10311,76,81,85,85,82
20151219 18:46,89,19,84,20,89,27,90,69,79,36,10311,76,81,85,85,83
20151219 18:47,87,18,85,19,85,25,90,69,79,36,10312,76,81,85,84,83
20151219 18:48,86,15,86,19,86,14,90,69,79,36,10313,76,81,85,85,83
20151219 18:49,85,10,86,18,83,11,90,69,79,36,10314,76,81,84,84,83
20151219 18:50,84,8,87,16,86,11,90,69,79,36,10315,76,81,84,85,83
20151219 18:51,82,9,86,16,78,15,90,69,79,36,10316,76,81,84,84,83
20151219 18:52,73,9,84,14,68,13,90,69,79,36,10316,76,81,84,84,83
20151219 18:53,73,8,83,13,78,12,90,69,79,36,10316,76,81,84,84,83
20151219 18:54,78,10,82,12,78,16,90,69,79,36,10316,76,81,84,84,83
20151219 18:55,76,11,81,11,74,15,90,69,79,36,10316,76,81,84,84,83
20151219 18:56,78,12,80,11,81,15,90,69,79,36,10316,76,81,84,84,83
20151219 18:57,81,12,79,10,82,15,90,69,79,36,10316,76,81,84,84,83
20151219 18:58,79,12,78,10,76,13,90,69,79,36,10316,76,81,84,84,83
20151219 18:59,77,13,78,11,77,17,90,69,79,36,10316,76,80,84,84,83
20151219 19:00,78,15,77,11,79,21,89,69,79,35,10316,76,80,84,84,83
20151219 19:01,77,15,77,12,75,18,89,69,79,35,10316,76,80,84,84,83
20151219 19:02,78,14,78,13,81,23,89,70,80,37,10316,76,80,84,84,83
20151219 19:03,83,16,79,13,86,23,89,69,79,35,10315,76,80,84,84,83
20151219 19:04,86,16,80,14,87,19,89,69,79,35,10315,76,80,84,84,83
20151219 19:05,87,17,81,14,86,23,89,69,79,35,10314,75,80,84,84,83
20151219 19:06,88,19,82,15,91,28,89,69,79,35,10313,75,80,84,84,83
20151219 19:07,90,20,83,16,90,28,89,69,79,35,10312,75,80,84,84,83
20151219 19:08,92,21,85,17,94,26,90,69,79,36,10311,75,80,84,84,83
20151219 19:09,94,22,86,18,94,27,90,69,79,36,10310,75,80,84,84,83
20151219 19:10,93,21,88,18,91,28,89,69,79,35,10310,75,80,84,84,83
20151219 19:11,91,22,89,19,90,32,89,69,79,35,10310,74,80,84,84,83
20151219 19:12,89,24,90,20,88,33,90,69,79,36,10311,74,80,84,84,83
20151219 19:13,90,21,90,20,93,22,90,69,79,36,10310,74,80,84,84,83
20151219 19:14,89,18,90,21,86,22,90,69,79,36,10310,74,80,84,84,83
20151219 19:15,89,19,91,21,92,26,89,69,79,35,10310,74,80,84,84,83
20151219 19:16,92,18,91,20,91,24,89,69,79,35,10310,74,80,83,84,83
20151219 19:17,89,16,91,20,86,24,89,69,79,35,10311,73,80,83,84,83
20151219 19:18,86,16,90,19,87,18,89,69,79,35,10311,73,80,83,84,83
20151219 19:19,83,15,88,19,79,18,89,69,79,35,10312,73,80,83,84,83
20151219 19:20,70,14,85,18,61,18,89,69,79,35,10313,73,80,83,84,83
20151219 19:21,62,10,83,17,62,11,89,69,79,35,10314,73,80,83,84,83
20151219 19:22,59,7,79,15,56,8,89,69,79,35,10315,73,79,83,84,83
20151219 19:23,53,8,75,14,49,15,89,69,79,35,10315,73,79,83,84,83
20151219 19:24,46,8,71,13,43,8,89,69,79,35,10315,73,79,83,84,83
20151219 19:25,58,7,69,11,72,12,89,69,79,35,10315,73,79,83,84,83
20151219 19:26,67,7,66,10,63,10,89,69,79,35,10315,73,79,83,84,83
20151219 19:27,64,5,64,9,65,6,89,70,80,37,10315,73,79,83,84,83
20151219 19:28,62,5,61,8,59,8,89,70,80,37,10315,73,79,83,84,83
20151219 19:29,53,6,58,7,46,8,89,70,80,37,10316,73,79,83,84,83
20151219 19:30,49,5,57,7,51,6,89,70,80,37,10316,73,79,83,84,83
20151219 19:31,42,5,54,6,33,8,89,70,80,37,10316,73,79,83,84,83
20151219 19:32,38,7,52,7,43,10,89,70,80,37,10316,73,79,83,84,83
20151219 19:33,44,9,52,6,45,10,89,70,80,37,10316,73,79,83,84,83
20151219 19:34,53,8,54,7,61,10,89,70,80,37,10316,73,79,83,84,83
20151219 19:35,66,9,54,7,71,14,89,70,80,37,10315,73,79,83,84,83
20151219 19:36,71,12,55,8,72,15,88,70,79,36,10314,73,79,83,84,83
20151219 19:37,76,14,56,9,80,16,88,70,79,36,10313,73,79,83,84,83
20151219 19:38,80,15,58,10,81,18,88,70,79,36,10313,73,79,83,84,83
20151219 19:39,82,16,62,11,82,18,88,71,80,38,10313,73,79,83,84,83
20151219 19:40,83,15,65,11,84,16,88,71,80,38,10313,73,79,83,84,83
20151219 19:41,85,15,71,13,87,17,88,71,80,38,10313,73,79,83,84,83
20151219 19:42,88,14,75,13,89,15,88,71,80,38,10313,73,78,83,84,83
20151219 19:43,92,12,80,13,95,14,88,71,80,38,10313,73,78,83,84,83
20151219 19:44,97,12,84,14,99,17,88,71,80,38,10314,73,78,83,84,83
20151219 19:45,101,12,87,14,104,14,88,71,80,38,10314,73,78,83,84,83
20151219 19:46,104,12,90,14,104,14,88,71,80,38,10313,73,78,83,84,83
20151219 19:47,102,13,92,14,100,17,88,72,81,40,10313,73,78,82,84,83
20151219 19:48,98,14,94,14,97,18,88,72,81,40,10312,73,78,82,84,83
20151219 19:49,95,17,95,14,92,23,87,72,81,39,10311,73,78,82,84,83
20151219 19:50,89,19,95,14,86,24,87,72,81,39,10311,73,78,82,84,83
20151219 19:51,85,19,95,15,84,23,87,72,81,39,10311,73,78,82,84,83
20151219 19:52,82,17,94,15,80,18,87,72,81,39,10311,73,78,82,84,83
20151219 19:53,83,15,93,15,85,18,87,72,81,39,10310,73,78,82,84,83
20151219 19:54,85,15,92,16,85,20,87,72,81,39,10310,73,78,82,84,83
20151219 19:55,86,17,90,16,86,20,87,72,81,39,10309,73,78,82,84,83
20151219 19:56,88,18,88,17,90,23,87,72,81,39,10308,74,78,82,84,83
20151219 19:57,90,19,87,18,90,25,87,72,81,39,10307,73,78,82,84,83
20151219 19:58,92,20,87,18,94,27,87,73,82,41,10307,74,78,82,84,83
20151219 19:59,96,18,88,18,97,21,87,73,82,41,10307,74,78,82,84,83
20151219 20:00,99,15,89,17,101,22,87,73,82,41,10307,74,78,82,84,83
