time_now,wd_avg_2mins,ws_avg_2mins,wd_avg_10mins,ws_avg_10mins,wd_maxsp_this_min,ws_maxsp_this_min,air_temp_by_box,relative_humidity,water_vapor_pressure,dew_temp,station_pressure,ground_temp_pt,ground_tem_5cm,ground_tem_10cm,ground_tem_15cm,ground_tem_20cm
20160310 20:01,23,25,22,32,27,36,51,63,55,-14,10284,43,65,88,100,106
20160310 20:02,31,33,23,33,34,57,51,64,56,-11,10284,43,65,88,100,106
20160310 20:03,31,35,24,32,28,41,51,64,56,-11,10284,43,65,88,100,106
20160310 20:04,27,36,25,34,26,56,51,64,56,-11,10284,43,65,88,100,106
20160310 20:05,20,37,25,35,14,46,51,64,56,-11,10284,43,65,88,100,106
20160310 20:06,23,38,26,35,32,65,51,63,55,-14,10284,43,65,88,100,106
20160310 20:07,26,42,26,35,20,77,51,63,55,-14,10284,43,64,88,100,106
20160310 20:08,9,47,22,36,359,74,51,63,55,-14,10285,43,64,87,100,106
20160310 20:09,6,43,21,37,14,49,51,63,55,-14,10285,43,64,87,100,106
20160310 20:10,17,39,21,39,20,57,51,63,55,-14,10285,43,64,87,100,106
20160310 20:11,21,43,21,40,21,50,51,63,55,-14,10285,43,64,87,100,106
20160310 20:12,14,33,18,39,7,36,51,63,55,-14,10285,43,64,87,100,106
20160310 20:13,16,32,18,39,25,62,51,64,56,-11,10285,43,64,87,100,106
20160310 20:14,26,36,18,39,27,55,51,63,55,-14,10285,43,64,87,100,106
20160310 20:15,14,39,17,40,2,60,51,63,55,-14,10285,43,64,87,100,106
20160310 20:16,5,42,14,40,8,63,51,63,55,-14,10285,43,64,87,100,106
20160310 20:17,13,37,14,39,19,50,51,63,55,-14,10285,43,64,87,100,106
20160310 20:18,18,31,16,36,17,36,51,63,55,-14,10285,42,64,87,99,106
20160310 20:19,13,31,15,36,7,50,51,63,55,-14,10285,42,64,87,99,106
20160310 20:20,17,41,16,37,26,71,51,63,55,-14,10285,42,64,87,99,106
20160310 20:21,27,57,17,39,28,80,51,63,55,-14,10285,42,64,87,99,106
20160310 20:22,20,55,17,41,11,71,51,63,55,-14,10285,42,64,87,99,106
20160310 20:23,14,45,16,42,16,67,51,63,55,-14,10285,42,64,87,99,106
20160310 20:24,21,52,16,44,25,73,51,63,55,-14,10285,42,63,86,99,106
20160310 20:25,21,48,17,43,16,45,51,63,55,-14,10285,41,63,86,99,106
20160310 20:26,16,34,18,43,15,43,51,63,55,-14,10285,42,63,86,99,106
20160310 20:27,15,36,18,43,16,59,51,63,55,-14,10285,42,63,86,99,106
20160310 20:28,14,40,17,44,12,52,51,63,55,-14,10285,42,63,86,99,106
20160310 20:29,12,37,18,44,11,46,51,64,56,-11,10285,42,63,86,99,106
20160310 20:30,11,38,16,44,11,55,51,64,56,-11,10286,42,63,86,99,106
20160310 20:31,9,42,14,41,7,49,51,64,56,-11,10286,42,63,86,99,106
20160310 20:32,3,34,13,39,359,45,51,64,56,-11,10286,42,63,86,99,106
20160310 20:33,355,26,10,38,351,35,51,64,56,-11,10287,42,63,86,99,106
20160310 20:34,353,27,7,34,355,49,51,64,56,-11,10287,42,63,86,99,106
20160310 20:35,2,39,7,36,8,65,51,64,56,-11,10287,42,63,86,99,106
20160310 20:36,7,40,6,36,5,49,51,64,56,-11,10287,42,63,86,99,106
20160310 20:37,8,34,5,35,11,75,51,64,56,-11,10287,42,63,86,99,106
20160310 20:38,16,50,6,38,20,82,51,64,56,-11,10287,42,63,86,99,106
20160310 20:39,21,51,7,38,23,51,51,64,56,-11,10287,42,63,86,99,106
20160310 20:40,21,42,8,38,20,65,51,64,56,-11,10287,41,63,86,98,106
20160310 20:41,21,45,10,39,23,62,51,64,56,-11,10287,41,62,85,98,105
20160310 20:42,15,43,10,40,8,53,51,64,56,-11,10287,41,62,85,98,105
20160310 20:43,13,42,13,42,18,58,51,64,56,-11,10288,41,62,85,98,105
20160310 20:44,19,47,16,44,21,65,51,64,56,-11,10288,41,62,85,98,105
20160310 20:45,22,45,17,43,24,60,51,64,56,-11,10288,41,62,85,98,105
20160310 20:46,24,37,19,44,24,40,51,64,56,-11,10288,41,62,85,98,105
20160310 20:47,14,34,18,44,3,54,51,64,56,-11,10288,41,62,85,98,105
20160310 20:48,357,37,15,41,350,61,51,64,56,-11,10288,41,62,85,98,105
20160310 20:49,354,32,13,40,358,48,51,64,56,-11,10288,41,62,85,98,105
20160310 20:50,3,38,12,40,9,76,51,64,56,-11,10288,41,62,85,98,105
20160310 20:51,4,50,9,41,359,71,51,64,56,-11,10288,41,62,85,98,105
20160310 20:52,8,43,10,41,17,60,51,64,56,-11,10288,41,62,85,98,105
20160310 20:53,12,36,9,40,6,46,51,64,56,-11,10288,41,62,85,98,105
20160310 20:54,3,38,7,39,0,54,51,64,56,-11,10287,41,62,85,98,105
20160310 20:55,8,43,6,39,15,60,51,64,56,-11,10287,41,62,85,98,105
20160310 20:56,10,46,4,41,5,62,51,64,56,-11,10287,41,62,85,98,105
20160310 20:57,5,51,4,42,4,80,51,64,56,-11,10287,40,62,85,98,105
20160310 20:58,11,47,7,43,18,59,51,64,56,-11,10287,40,62,85,98,105
20160310 20:59,15,40,8,44,12,60,51,64,56,-11,10287,40,61,84,98,105
20160310 21:00,17,36,10,42,21,59,51,64,56,-11,10287,40,61,84,98,105
20160310 21:01,25,35,13,41,28,66,50,64,56,-12,10287,40,61,84,98,105
20160310 21:02,27,36,13,41,25,47,50,64,56,-12,10287,40,61,84,98,105
20160310 21:03,19,37,14,41,13,61,50,65,57,-10,10288,40,61,84,97,105
20160310 21:04,12,37,15,41,10,43,50,64,56,-12,10288,40,61,84,97,105
20160310 21:05,12,35,15,40,15,51,50,64,56,-12,10288,40,61,84,97,105
20160310 21:06,17,34,17,38,19,52,50,64,56,-12,10288,40,61,84,97,105
20160310 21:07,21,37,18,37,23,80,50,64,56,-12,10288,40,61,84,97,105
20160310 21:08,21,48,18,38,19,77,50,64,56,-12,10288,40,61,84,97,105
20160310 21:09,17,46,19,38,16,53,50,64,56,-12,10288,40,61,84,97,105
20160310 21:10,20,35,19,38,24,43,50,64,56,-12,10288,40,61,84,97,105
20160310 21:11,22,39,18,39,20,63,50,64,56,-12,10288,40,61,84,97,105
20160310 21:12,19,46,18,40,19,65,50,64,56,-12,10288,40,61,84,97,105
20160310 21:13,19,45,19,40,20,58,50,64,56,-12,10288,40,61,84,97,105
20160310 21:14,10,43,18,41,1,58,50,64,56,-12,10288,40,61,84,97,105
20160310 21:15,6,37,17,41,12,44,50,64,56,-12,10289,40,61,84,97,105
20160310 21:16,14,32,17,41,17,56,50,64,56,-12,10289,40,61,84,97,105
20160310 21:17,9,45,15,42,2,78,50,64,56,-12,10289,40,61,84,97,105
20160310 21:18,8,45,15,40,15,44,50,63,55,-15,10289,40,60,83,97,104
20160310 21:19,11,30,14,39,6,41,50,64,56,-12,10288,40,60,83,97,104
20160310 21:20,8,27,12,39,9,49,50,64,56,-12,10288,40,60,83,97,104
20160310 21:21,13,30,12,37,17,46,50,64,56,-12,10288,40,60,83,97,104
20160310 21:22,15,40,11,37,13,67,50,64,56,-12,10288,40,60,83,97,104
20160310 21:23,16,41,11,36,18,51,50,64,56,-12,10288,40,60,83,97,104
20160310 21:24,16,39,12,37,14,61,50,64,56,-12,10288,40,60,83,97,104
20160310 21:25,16,45,13,38,19,65,50,64,56,-12,10288,39,60,83,97,104
20160310 21:26,21,39,14,38,23,40,50,64,56,-12,10288,39,60,83,96,104
20160310 21:27,17,28,15,35,11,59,50,64,56,-12,10288,39,60,83,96,104
20160310 21:28,16,35,15,36,20,61,50,64,56,-12,10288,40,60,83,96,104
20160310 21:29,20,42,16,37,20,56,50,64,56,-12,10288,40,60,83,96,104
20160310 21:30,11,37,16,38,1,39,50,64,56,-12,10288,39,60,83,96,104
20160310 21:31,7,34,15,38,12,54,50,64,56,-12,10288,40,60,83,96,104
20160310 21:32,13,32,15,36,15,42,50,64,56,-12,10288,39,60,83,96,104
20160310 21:33,15,27,15,36,15,38,50,64,56,-12,10288,39,60,83,96,104
20160310 21:34,18,28,16,34,21,44,49,65,56,-11,10288,40,60,83,96,104
20160310 21:35,27,33,17,33,34,49,49,65,56,-11,10287,40,60,83,96,104
20160310 21:36,30,38,17,34,26,48,49,64,55,-13,10288,40,60,83,96,104
20160310 21:37,11,40,16,35,356,57,49,65,56,-11,10288,40,60,83,96,104
20160310 21:38,0,37,14,35,4,48,49,64,55,-13,10287,39,59,82,96,104
20160310 21:39,4,34,13,34,4,61,49,65,56,-11,10288,39,59,82,96,104
20160310 21:40,12,36,15,34,20,52,49,65,56,-11,10288,39,59,82,96,104
20160310 21:41,15,31,14,33,9,45,49,65,56,-11,10288,39,59,82,96,104
20160310 21:42,17,36,15,35,25,66,49,65,56,-11,10288,39,59,82,96,104
20160310 21:43,21,48,16,37,18,64,49,64,55,-13,10288,39,59,82,96,104
20160310 21:44,23,40,16,37,28,48,49,64,55,-13,10288,39,59,82,96,104
20160310 21:45,30,31,16,37,33,48,49,64,55,-13,10288,39,59,82,96,104
20160310 21:46,22,33,15,36,11,43,49,65,56,-11,10288,39,59,82,96,104
20160310 21:47,12,37,16,36,13,51,49,64,55,-13,10288,39,59,82,96,104
20160310 21:48,15,39,18,37,18,58,49,64,55,-13,10289,39,59,82,96,104
20160310 21:49,19,37,20,37,21,51,49,64,55,-13,10289,39,59,82,96,104
20160310 21:50,18,43,19,38,16,77,49,65,56,-11,10289,39,59,82,96,104
20160310 21:51,19,46,21,40,23,51,49,64,55,-13,10289,39,59,82,96,104
20160310 21:52,17,43,19,39,12,53,49,64,55,-13,10289,39,59,82,95,104
20160310 21:53,21,44,20,39,30,64,49,64,55,-13,10289,39,59,82,95,104
20160310 21:54,17,42,18,40,4,59,49,64,55,-13,10288,39,59,82,95,103
20160310 21:55,5,38,15,40,6,61,49,64,55,-13,10288,39,59,82,95,103
20160310 21:56,8,33,15,40,10,44,49,64,55,-13,10288,39,59,82,95,103
20160310 21:57,19,36,17,40,27,56,49,64,55,-13,10288,39,59,81,95,103
20160310 21:58,34,47,19,42,40,77,49,64,55,-13,10288,39,59,81,95,103
20160310 21:59,34,48,20,43,28,64,49,65,56,-11,10288,39,59,81,95,103
20160310 22:00,26,46,20,42,24,69,49,64,55,-13,10288,39,59,81,95,103
20160310 22:01,24,48,21,43,25,71,49,64,55,-13,10287,39,58,81,95,103
20160310 22:02,26,48,22,43,27,63,49,65,56,-11,10288,39,58,81,95,103
20160310 22:03,21,46,21,44,14,63,49,65,56,-11,10287,39,58,81,95,103
20160310 22:04,14,45,22,44,15,57,49,65,56,-11,10287,39,58,81,95,103
20160310 22:05,21,43,24,44,27,66,49,64,55,-13,10287,39,58,81,95,103
20160310 22:06,30,50,26,47,34,85,49,65,56,-11,10287,38,58,81,95,103
20160310 22:07,30,51,26,47,26,73,49,65,56,-11,10287,38,58,81,95,103
20160310 22:08,21,45,24,47,17,64,49,65,56,-11,10287,38,58,81,95,103
20160310 22:09,19,52,23,48,21,74,49,64,55,-13,10287,38,58,81,95,103
20160310 22:10,19,53,22,48,17,62,49,64,55,-13,10287,38,58,81,95,103
20160310 22:11,22,50,22,48,26,70,49,65,56,-11,10287,38,58,81,95,103
20160310 22:12,21,46,21,48,17,67,49,65,56,-11,10288,38,58,81,95,103
20160310 22:13,14,43,21,48,11,69,49,65,56,-11,10288,38,58,81,95,103
20160310 22:14,7,36,20,46,4,41,49,65,56,-11,10288,38,58,81,95,103
20160310 22:15,6,34,18,46,9,84,49,65,56,-11,10289,38,58,81,95,103
20160310 22:16,14,32,17,42,19,32,49,65,56,-11,10289,38,58,81,94,103
20160310 22:17,6,29,14,42,354,50,49,65,56,-11,10289,38,58,81,94,103
20160310 22:18,2,33,13,40,11,60,49,64,55,-13,10289,38,58,81,94,103
20160310 22:19,359,38,10,39,347,54,49,64,55,-13,10288,38,58,80,94,103
20160310 22:20,358,41,9,38,9,56,49,64,55,-13,10289,38,58,80,94,103
20160310 22:21,10,36,7,36,12,46,49,64,55,-13,10289,38,58,80,94,103
20160310 22:22,11,33,7,35,11,46,49,64,55,-13,10289,38,58,80,94,103
20160310 22:23,15,36,8,35,19,60,49,65,56,-11,10289,38,58,80,94,103
20160310 22:24,15,35,8,35,10,47,49,65,56,-11,10289,38,57,80,94,103
20160310 22:25,19,31,10,34,28,48,49,65,56,-11,10289,38,57,80,94,103
20160310 22:26,23,31,10,35,18,42,49,65,56,-11,10289,38,57,80,94,103
20160310 22:27,18,27,12,34,18,33,48,65,56,-12,10290,38,57,80,94,103
20160310 22:28,20,26,13,33,21,44,48,65,56,-12,10290,38,57,80,94,103
20160310 22:29,18,27,16,32,14,36,48,65,56,-12,10291,38,57,80,94,103
20160310 22:30,7,28,15,31,359,40,48,65,56,-12,10290,38,57,80,94,103
20160310 22:31,10,36,16,31,21,55,48,64,55,-14,10290,38,57,80,94,102
20160310 22:32,21,40,17,32,21,52,48,64,55,-14,10290,38,57,80,94,102
20160310 22:33,14,29,16,30,8,28,48,64,55,-14,10290,38,57,80,94,102
20160310 22:34,13,26,17,30,18,48,48,65,56,-12,10291,38,57,80,94,102
20160310 22:35,24,31,17,30,31,38,48,65,56,-12,10291,38,57,80,94,102
20160310 22:36,26,27,17,29,21,34,48,65,56,-12,10291,38,57,80,94,102
20160310 22:37,19,24,17,29,17,32,48,65,56,-12,10291,38,57,80,94,102
20160310 22:38,19,23,17,29,21,34,48,65,56,-12,10291,39,57,80,94,102
20160310 22:39,13,30,16,30,6,47,48,65,56,-12,10290,39,57,80,94,102
20160310 22:40,14,38,19,31,22,53,48,65,56,-12,10290,39,57,79,94,102
20160310 22:41,21,46,18,32,19,67,48,65,56,-12,10290,39,57,79,94,102
20160310 22:42,19,45,18,32,18,47,48,65,56,-12,10290,38,57,79,93,102
20160310 22:43,23,34,20,33,28,48,48,65,56,-12,10289,38,57,79,93,102
20160310 22:44,25,29,20,32,21,35,48,65,56,-12,10289,38,57,79,93,102
20160310 22:45,21,32,19,33,20,45,48,66,57,-10,10290,38,57,79,93,102
20160310 22:46,19,38,19,35,18,49,48,65,56,-12,10290,38,57,79,93,102
20160310 22:47,22,36,20,36,26,46,48,65,56,-12,10291,38,57,79,93,102
20160310 22:48,26,33,20,37,26,44,48,66,57,-10,10291,38,57,79,93,102
20160310 22:49,27,29,23,35,28,40,48,66,57,-10,10291,38,57,79,93,102
20160310 22:50,28,27,23,35,28,40,48,66,57,-10,10290,38,57,79,93,102
20160310 22:51,21,25,23,31,13,28,48,66,57,-10,10289,39,57,79,93,102
20160310 22:52,13,20,22,30,12,26,48,66,57,-10,10288,39,57,79,93,102
20160310 22:53,21,21,22,29,30,30,48,66,57,-10,10288,39,57,79,93,102
20160310 22:54,27,25,23,29,25,37,48,66,57,-10,10289,39,57,79,93,102
20160310 22:55,13,35,21,29,1,54,48,66,57,-10,10289,39,57,79,93,102
20160310 22:56,3,36,19,28,5,35,48,66,57,-10,10290,39,57,79,93,102
20160310 22:57,11,32,19,28,17,45,48,65,56,-12,10290,39,57,79,93,102
20160310 22:58,14,36,17,29,10,50,48,65,56,-12,10290,39,56,79,93,102
20160310 22:59,14,34,16,30,18,48,48,65,56,-12,10290,39,57,79,93,102
20160310 23:00,20,32,15,30,21,41,48,65,56,-12,10290,38,56,79,93,102
20160310 23:01,26,32,17,31,30,42,48,66,57,-10,10289,38,56,79,93,102
20160310 23:02,28,34,18,32,27,48,48,66,57,-10,10289,38,56,79,93,102
20160310 23:03,25,32,18,33,24,39,48,66,57,-10,10289,38,56,79,93,102
20160310 23:04,26,34,18,34,29,59,48,66,57,-10,10288,38,56,79,93,102
20160310 23:05,22,35,20,33,15,45,48,66,57,-10,10288,38,56,78,93,101
20160310 23:06,19,27,22,32,24,33,48,66,57,-10,10288,38,56,78,93,101
20160310 23:07,24,26,22,32,24,43,48,66,57,-10,10288,38,56,78,93,101
20160310 23:08,20,28,23,31,17,45,48,66,57,-10,10288,38,56,78,93,101
20160310 23:09,17,32,23,31,17,52,48,66,57,-10,10288,38,56,78,92,101
20160310 23:10,12,38,21,32,6,51,47,66,56,-11,10289,38,56,78,92,101
20160310 23:11,3,29,18,31,1,28,48,66,57,-10,10289,38,56,78,92,101
20160310 23:12,2,29,16,31,4,46,47,66,56,-11,10289,38,56,78,92,101
20160310 23:13,10,33,15,31,17,38,48,66,57,-10,10289,38,56,78,92,101
20160310 23:14,16,33,14,31,15,51,47,66,56,-11,10289,38,56,78,92,101
20160310 23:15,16,37,14,31,17,50,47,66,56,-11,10289,38,56,78,92,101
20160310 23:16,15,38,13,33,13,61,47,66,56,-11,10289,38,56,78,92,101
20160310 23:17,11,31,12,32,10,33,47,66,56,-11,10289,38,56,78,92,101
20160310 23:18,358,24,9,32,346,32,47,66,56,-11,10289,38,56,78,92,101
20160310 23:19,350,28,6,32,353,57,47,66,56,-11,10289,38,56,78,92,101
20160310 23:20,356,33,5,32,358,64,47,66,56,-11,10289,38,56,78,92,101
20160310 23:21,358,37,5,33,358,73,47,66,56,-11,10289,38,56,78,92,101
20160310 23:22,357,32,4,32,356,36,47,66,56,-11,10289,38,56,78,92,101
20160310 23:23,0,26,3,32,6,40,47,66,56,-11,10288,38,56,78,92,101
20160310 23:24,10,27,3,31,15,41,47,66,56,-11,10288,38,56,78,92,101
20160310 23:25,9,30,2,30,2,55,47,66,56,-11,10288,38,56,78,92,101
20160310 23:26,2,43,0,32,1,72,47,66,56,-11,10288,38,56,78,92,101
20160310 23:27,12,45,2,33,23,57,47,66,56,-11,10288,38,56,78,92,101
20160310 23:28,19,44,5,36,14,69,47,66,56,-11,10288,38,56,78,92,101
20160310 23:29,16,44,7,36,18,61,47,66,56,-11,10288,38,56,78,92,101
20160310 23:30,18,36,9,36,19,49,47,66,56,-11,10288,38,56,78,92,101
20160310 23:31,20,33,12,36,21,43,47,66,56,-11,10288,38,56,78,92,101
20160310 23:32,13,30,12,36,5,64,47,66,56,-11,10289,38,56,77,92,101
20160310 23:33,10,36,13,38,15,64,47,67,57,-9,10289,38,56,77,92,101
20160310 23:34,10,46,12,40,4,63,47,66,56,-11,10289,38,56,77,92,101
20160310 23:35,3,50,12,42,2,65,47,66,56,-11,10289,37,56,77,92,101
20160310 23:36,6,39,13,39,10,35,47,66,56,-11,10289,37,56,77,92,101
20160310 23:37,19,34,13,40,27,62,47,66,56,-11,10289,37,56,77,91,101
20160310 23:38,26,34,15,37,24,34,46,66,56,-12,10289,37,56,77,91,101
20160310 23:39,21,31,14,37,17,65,46,67,57,-10,10289,37,56,77,91,101
20160310 23:40,15,34,14,37,13,49,46,66,56,-12,10290,37,56,77,91,101
20160310 23:41,13,35,13,37,12,53,46,66,56,-12,10290,37,56,77,91,101
20160310 23:42,9,43,13,39,6,77,46,66,56,-12,10290,37,56,77,91,100
20160310 23:43,1,39,11,38,357,44,46,66,56,-12,10290,37,55,77,91,100
20160310 23:44,358,34,11,37,359,60,46,66,56,-12,10290,37,55,77,91,100
20160310 23:45,7,44,12,37,15,69,47,66,56,-11,10291,37,55,77,91,100
20160310 23:46,7,43,11,38,359,65,46,66,56,-12,10291,37,55,77,91,100
20160310 23:47,358,45,8,39,357,78,46,66,56,-12,10291,37,55,77,91,100
20160310 23:48,3,50,7,41,10,61,46,66,56,-12,10292,37,55,77,91,100
20160310 23:49,18,48,7,42,25,58,46,66,56,-12,10291,37,55,77,91,100
20160310 23:50,13,40,6,42,0,51,46,66,56,-12,10291,37,55,77,91,100
20160310 23:51,1,30,5,41,2,39,46,66,56,-12,10291,37,55,77,91,100
20160310 23:52,13,32,7,40,24,57,46,66,56,-12,10291,37,55,77,91,100
20160310 23:53,14,42,7,42,4,83,46,66,56,-12,10290,37,55,77,91,100
20160310 23:54,5,49,8,43,5,60,46,66,56,-12,10290,37,55,77,91,100
20160310 23:55,13,42,9,41,21,65,46,66,56,-12,10290,37,55,77,91,100
20160310 23:56,19,38,10,42,17,65,46,66,56,-12,10291,37,55,77,91,100
20160310 23:57,17,43,12,41,16,61,46,66,56,-12,10291,37,55,77,91,100
20160310 23:58,12,41,12,40,7,46,46,66,56,-12,10291,37,55,77,91,100
20160310 23:59,18,34,12,38,29,50,46,66,56,-12,10291,37,55,77,91,100
20160310 00:00,14,32,12,38,357,47,46,66,56,-12,10290,37,55,77,91,100
20160310 00:01,11,36,14,40,24,59,46,66,56,-12,10290,37,55,76,91,100
20160310 00:02,21,34,14,39,17,48,46,66,56,-12,10290,37,55,76,91,100
20160310 00:03,10,41,14,39,2,82,46,66,56,-12,10290,37,55,76,91,100
20160310 00:04,2,51,13,39,2,75,46,66,56,-12,10290,37,55,76,91,100
20160310 00:05,14,44,14,40,26,72,46,66,56,-12,10290,36,55,76,91,100
20160310 00:06,13,46,12,41,1,73,46,66,56,-12,10290,36,55,76,91,100
20160310 00:07,3,48,11,40,5,58,46,66,56,-12,10290,36,55,76,91,100
20160310 00:08,13,41,12,41,20,54,46,66,56,-12,10290,36,55,76,90,100
20160310 00:09,22,40,12,42,24,52,46,66,56,-12,10290,36,55,76,90,100
20160310 00:10,20,37,14,42,17,51,46,66,56,-12,10290,36,55,76,90,100
20160310 00:11,16,29,13,40,16,30,46,66,56,-12,10290,36,55,76,90,100
20160310 00:12,20,28,14,41,25,44,46,67,57,-10,10290,36,54,76,90,100
20160310 00:13,20,34,15,39,16,52,46,67,57,-10,10289,37,54,76,90,100
20160310 00:14,16,36,17,38,16,56,46,67,57,-10,10289,37,54,76,90,100
20160310 00:15,17,36,16,37,19,42,46,67,57,-10,10289,37,54,76,90,100
20160310 00:16,17,28,17,34,15,36,46,67,57,-10,10289,37,54,76,90,100
20160310 00:17,12,22,18,32,9,33,46,67,57,-10,10289,37,54,76,90,100
20160310 00:18,1,24,15,31,352,40,46,67,57,-10,10290,37,54,76,90,100
20160310 00:19,353,24,12,29,354,34,46,67,57,-10,10290,37,54,76,90,99
20160310 00:20,357,27,10,29,359,41,46,68,58,-8,10290,37,54,76,90,99
20160310 00:21,7,28,10,29,15,44,46,67,57,-10,10290,37,54,76,90,99
20160310 00:22,17,23,9,28,19,30,46,68,58,-8,10290,37,54,76,90,99
20160310 00:23,14,26,9,27,9,47,46,68,58,-8,10291,37,54,76,90,99
20160310 00:24,7,31,8,27,6,46,46,68,58,-8,10291,37,54,76,90,99
20160310 00:25,359,30,5,26,351,35,46,68,58,-8,10291,37,54,76,90,99
20160310 00:26,353,29,3,27,354,42,46,68,58,-8,10291,37,54,76,90,99
20160310 00:27,359,28,2,27,4,36,46,68,58,-8,10291,37,54,76,90,99
20160310 00:28,0,23,3,27,355,32,46,68,58,-8,10291,37,54,76,90,99
20160310 00:29,355,21,3,27,354,28,46,68,58,-8,10291,37,54,76,90,99
20160310 00:30,351,22,1,26,347,34,46,68,58,-8,10292,37,54,76,90,99
20160310 00:31,359,21,1,25,12,39,46,68,58,-8,10292,37,54,75,90,99
20160310 00:32,3,26,359,26,355,44,46,68,58,-8,10292,37,54,75,90,99
20160310 00:33,0,36,358,27,6,61,46,68,58,-8,10292,37,54,75,90,99
20160310 00:34,8,36,359,27,10,45,46,68,58,-8,10292,37,54,75,90,99
20160310 00:35,10,23,1,26,9,20,46,68,58,-8,10292,37,54,75,90,99
20160310 00:36,10,19,2,25,11,42,46,68,58,-8,10292,37,54,75,90,99
20160310 00:37,12,23,3,25,12,41,46,68,58,-8,10291,37,54,75,90,99
20160310 00:38,20,27,6,26,27,45,46,68,58,-8,10291,37,54,75,90,99
20160310 00:39,24,35,9,27,20,60,46,68,58,-8,10291,37,54,75,89,99
20160310 00:40,10,38,10,29,0,49,46,68,58,-8,10291,37,54,75,89,99
20160310 00:41,359,37,9,31,357,67,46,68,58,-8,10291,37,54,75,89,99
20160310 00:42,359,36,9,31,1,59,46,68,58,-8,10291,37,54,75,89,99
20160310 00:43,358,33,8,30,356,44,46,68,58,-8,10292,37,54,75,89,99
20160310 00:44,354,33,6,30,352,54,46,68,58,-8,10292,37,54,75,89,99
20160310 00:45,2,37,7,33,12,51,46,67,57,-10,10292,37,54,75,89,99
20160310 00:46,11,41,7,35,10,53,46,68,58,-8,10291,37,54,75,89,99
20160310 00:47,12,47,7,38,14,62,46,67,57,-10,10291,37,54,75,89,99
20160310 00:48,4,47,4,39,354,65,46,67,57,-10,10291,37,54,75,89,99
20160310 00:49,351,51,0,41,348,71,46,67,57,-10,10291,36,54,75,89,99
20160310 00:50,349,47,359,41,351,56,46,67,57,-10,10291,36,54,75,89,99
20160310 00:51,355,35,0,40,0,46,45,67,56,-11,10290,36,54,75,89,99
20160310 00:52,357,34,359,40,355,54,45,67,56,-11,10291,36,54,75,89,99
20160310 00:53,354,36,359,41,353,44,45,67,56,-11,10291,36,54,75,89,99
20160310 00:54,356,33,0,40,359,41,45,67,56,-11,10292,36,54,75,89,99
20160310 00:55,358,27,358,39,356,36,45,67,56,-11,10293,36,54,75,89,99
20160310 00:56,354,24,356,37,352,42,45,67,56,-11,10294,36,54,75,89,99
20160310 00:57,0,34,355,36,7,56,45,68,57,-9,10294,36,54,75,89,99
20160310 00:58,0,43,355,36,352,64,45,67,56,-11,10293,36,54,75,89,99
20160310 00:59,355,39,356,34,357,51,45,67,56,-11,10292,36,54,75,89,98
20160310 01:00,3,30,358,33,9,37,45,67,56,-11,10292,36,54,75,89,98
20160310 01:01,9,27,359,33,9,49,45,68,57,-9,10292,36,53,75,89,98
20160310 01:02,6,37,0,34,3,61,45,68,57,-9,10293,36,53,75,89,98
20160310 01:03,359,41,0,33,355,52,45,68,57,-9,10294,36,53,75,89,98
20160310 01:04,359,35,0,34,2,48,45,68,57,-9,10294,36,53,74,89,98
20160310 01:05,7,36,2,35,11,57,45,68,57,-9,10295,36,53,74,89,98
20160310 01:06,7,33,3,36,3,39,45,67,56,-11,10294,36,53,74,89,98
20160310 01:07,4,27,3,34,5,28,45,68,57,-9,10295,36,53,74,89,98
20160310 01:08,3,21,4,31,2,30,45,68,57,-9,10295,36,53,74,89,98
20160310 01:09,352,26,2,31,344,47,45,68,57,-9,10296,36,53,74,89,98
20160310 01:10,357,26,2,31,10,35,45,68,57,-9,10296,36,53,74,89,98
20160310 01:11,3,18,1,29,356,24,45,68,57,-9,10296,36,53,74,89,98
20160310 01:12,3,21,2,27,11,41,45,68,57,-9,10296,36,53,74,89,98
20160310 01:13,3,29,2,27,356,48,45,68,57,-9,10295,36,53,74,89,98
20160310 01:14,0,29,2,26,4,48,45,68,57,-9,10295,36,53,74,89,98
20160310 01:15,0,28,1,26,356,37,45,68,57,-9,10295,36,53,74,88,98
20160310 01:16,349,27,359,25,342,30,45,68,57,-9,10295,36,53,74,88,98
20160310 01:17,350,26,358,26,358,51,45,68,57,-9,10295,36,53,74,88,98
20160310 01:18,0,34,358,28,2,64,45,68,57,-9,10296,36,53,74,88,98
20160310 01:19,0,43,359,29,357,65,45,68,57,-9,10296,36,53,74,88,98
20160310 01:20,0,44,359,31,4,67,45,67,56,-11,10296,36,53,74,88,98
20160310 01:21,357,46,358,35,350,83,45,67,56,-11,10296,36,53,74,88,98
20160310 01:22,347,43,355,36,344,52,45,67,56,-11,10296,36,53,74,88,98
20160310 01:23,352,33,356,36,0,49,45,67,56,-11,10297,36,53,74,88,98
20160310 01:24,357,33,355,37,353,45,45,67,56,-11,10297,35,53,74,88,98
20160310 01:25,352,33,354,37,350,42,45,67,56,-11,10297,36,53,74,88,98
20160310 01:26,359,32,357,38,8,46,45,67,56,-11,10297,35,53,74,88,98
20160310 01:27,0,31,356,38,352,40,45,67,56,-11,10297,35,53,74,88,98
20160310 01:28,354,36,355,38,357,68,45,67,56,-11,10297,35,53,74,88,98
20160310 01:29,0,45,356,38,3,64,45,67,56,-11,10297,35,53,74,88,98
20160310 01:30,0,43,355,38,356,51,45,67,56,-11,10298,35,53,74,88,98
20160310 01:31,355,39,356,37,353,59,45,67,56,-11,10298,35,53,74,88,98
20160310 01:32,353,47,356,38,353,73,45,66,56,-13,10298,35,53,74,88,98
20160310 01:33,353,49,356,40,352,56,45,66,56,-13,10298,35,53,74,88,98
20160310 01:34,355,46,356,41,359,86,45,66,56,-13,10298,35,53,74,88,98
20160310 01:35,357,49,357,43,355,74,45,66,56,-13,10299,35,53,74,88,98
20160310 01:36,358,46,356,44,0,70,45,66,56,-13,10299,35,53,74,88,98
20160310 01:37,359,41,357,45,358,49,45,66,56,-13,10299,34,53,74,88,98
20160310 01:38,0,38,357,44,1,56,44,66,55,-14,10299,34,53,74,88,97
20160310 01:39,2,42,357,44,2,70,44,66,55,-14,10299,34,53,74,88,97
20160310 01:40,359,45,357,45,356,59,44,66,55,-14,10299,34,53,73,88,97
20160310 01:41,0,39,358,44,4,52,44,66,55,-14,10299,34,52,73,88,97
20160310 01:42,4,35,359,42,4,52,44,66,55,-14,10299,34,52,73,88,97
20160310 01:43,5,32,0,41,5,48,44,66,55,-14,10298,34,52,73,88,97
20160310 01:44,357,33,359,40,348,45,44,66,55,-14,10297,34,52,73,88,97
20160310 01:45,1,38,1,39,13,53,44,66,55,-14,10296,34,52,73,88,97
20160310 01:46,6,42,1,39,359,57,44,66,55,-14,10295,34,52,73,88,97
20160310 01:47,358,43,1,39,357,55,44,66,55,-14,10295,34,52,73,87,97
20160310 01:48,6,41,2,39,14,62,44,66,55,-14,10296,34,52,73,88,97
20160310 01:49,6,39,2,38,358,56,44,66,55,-14,10296,34,52,73,87,97
20160310 01:50,11,34,5,37,25,46,44,66,55,-14,10296,34,52,73,87,97
20160310 01:51,26,39,7,38,27,68,44,66,55,-14,10295,34,52,73,87,97
20160310 01:52,21,44,8,39,15,52,44,65,54,-16,10295,34,52,73,87,97
20160310 01:53,4,45,7,41,353,65,44,65,54,-16,10295,33,52,73,87,97
20160310 01:54,357,44,8,41,1,50,44,65,54,-16,10295,33,52,73,87,97
20160310 01:55,1,35,7,40,1,51,44,64,54,-18,10295,33,52,73,87,97
20160310 01:56,9,31,9,39,17,48,44,64,54,-18,10295,33,52,73,87,97
20160310 01:57,16,27,11,37,15,36,44,65,54,-16,10295,33,52,73,87,97
20160310 01:58,19,26,11,36,22,36,44,65,54,-16,10295,33,52,73,87,97
20160310 01:59,12,33,12,36,2,54,44,65,54,-16,10296,33,52,73,87,97
20160310 02:00,5,36,10,36,7,45,44,65,54,-16,10296,33,52,73,87,97
20160310 02:01,4,31,7,34,1,49,44,65,54,-16,10296,33,52,73,87,97
20160310 02:02,5,23,7,32,10,24,44,65,54,-16,10297,34,52,73,87,97
20160310 02:03,12,17,9,29,14,22,44,65,54,-16,10297,34,52,73,87,97
20160310 02:04,24,16,12,26,35,32,44,66,55,-14,10297,34,52,73,87,97
20160310 02:05,25,21,14,26,16,37,44,66,55,-14,10297,34,51,73,87,97
20160310 02:06,2,29,11,26,347,54,43,66,55,-15,10297,34,51,73,87,97
20160310 02:07,352,32,9,27,356,46,43,65,54,-17,10297,34,51,73,87,97
20160310 02:08,5,40,8,29,13,72,43,65,54,-17,10297,34,51,73,87,97
20160310 02:09,1,46,7,30,350,68,43,65,54,-17,10297,34,51,73,87,97
20160310 02:10,351,41,5,30,352,67,43,65,54,-17,10297,33,51,73,87,97
20160310 02:11,349,41,4,32,345,68,43,65,54,-17,10297,33,51,73,87,97
20160310 02:12,356,41,4,34,8,58,43,65,54,-17,10297,33,51,73,87,97
20160310 02:13,358,35,1,35,348,50,43,65,54,-17,10297,33,51,73,87,97
20160310 02:14,346,41,356,39,344,67,43,64,53,-19,10297,33,51,72,87,97
20160310 02:15,350,40,354,39,356,46,43,64,53,-19,10297,33,51,72,87,97
20160310 02:16,356,34,355,40,356,49,43,64,53,-19,10298,33,51,72,87,97
20160310 02:17,16,35,359,39,38,48,43,64,53,-19,10297,33,51,72,87,97
20160310 02:18,11,37,356,39,346,60,43,65,54,-17,10298,33,51,72,87,97
20160310 02:19,349,43,356,39,351,78,43,65,54,-17,10298,33,51,72,87,97
20160310 02:20,357,41,357,39,4,54,43,65,54,-17,10298,33,51,72,87,96
20160310 02:21,1,34,359,37,359,50,43,64,53,-19,10298,33,51,72,87,97
20160310 02:22,0,30,358,37,2,35,43,64,53,-19,10298,33,51,72,87,96
20160310 02:23,357,29,359,36,353,43,43,65,54,-17,10299,33,51,72,87,96
20160310 02:24,353,34,359,35,352,60,43,65,54,-17,10299,33,51,72,87,96
20160310 02:25,353,40,359,36,353,57,43,65,54,-17,10299,33,51,72,87,96
20160310 02:26,3,43,1,37,14,60,43,65,54,-17,10299,33,51,72,87,96
20160310 02:27,9,49,358,39,4,86,43,65,54,-17,10300,33,51,72,86,96
20160310 02:28,3,53,359,40,2,68,43,65,54,-17,10299,32,51,72,86,96
20160310 02:29,357,48,359,40,352,71,43,65,54,-17,10299,32,51,72,86,96
20160310 02:30,353,47,358,41,354,78,42,65,54,-18,10299,32,51,72,86,96
20160310 02:31,1,42,359,41,8,49,42,66,54,-16,10299,32,51,72,86,96
20160310 02:32,6,35,0,42,5,78,42,67,55,-14,10299,32,51,72,86,96
20160310 02:33,0,42,0,44,355,67,42,67,55,-14,10299,32,51,72,86,96
20160310 02:34,356,52,0,46,358,79,41,68,56,-13,10299,32,50,72,86,96
20160310 02:35,0,54,1,47,2,65,40,69,56,-12,10299,31,50,72,86,96
20160310 02:36,4,47,1,47,6,57,40,70,57,-10,10299,31,50,72,86,96
20160310 02:37,6,44,1,46,7,89,39,71,57,-9,10300,31,50,72,86,96
20160310 02:38,3,52,1,47,359,87,38,72,58,-8,10300,31,50,72,86,96
20160310 02:39,357,54,1,47,355,58,37,73,58,-7,10300,31,50,72,86,96
20160310 02:40,356,46,1,47,356,70,36,74,58,-6,10300,30,50,72,86,96
20160310 02:41,4,48,1,49,11,87,36,76,60,-2,10300,30,50,72,86,96
20160310 02:42,12,52,2,50,12,72,35,77,60,-1,10300,30,50,72,86,96
20160310 02:43,10,53,3,51,8,73,34,78,61,-1,10300,30,50,72,86,96
20160310 02:44,4,58,4,51,359,87,33,79,61,0,10301,29,50,72,86,96
20160310 02:45,354,62,2,52,350,82,32,79,61,-1,10300,29,50,72,86,96
20160310 02:46,348,61,0,54,346,82,31,80,61,0,10300,29,50,72,86,96
20160310 02:47,352,56,359,55,357,72,30,81,61,1,10301,28,50,72,86,96
20160310 02:48,0,48,0,53,4,71,30,82,62,2,10301,28,50,71,86,96
20160310 02:49,357,51,359,54,351,73,29,82,62,1,10302,28,50,71,86,96
20160310 02:50,356,50,0,54,2,64,29,82,62,1,10302,28,50,71,86,96
20160310 02:51,3,39,359,52,5,55,28,83,62,2,10302,28,50,71,86,96
20160310 02:52,357,40,357,51,349,74,28,83,62,2,10301,28,50,71,86,96
20160310 02:53,352,41,356,50,355,53,28,84,63,4,10301,28,50,71,86,96
20160310 02:54,3,34,357,46,12,39,27,84,62,3,10300,29,50,71,86,96
20160310 02:55,14,30,0,43,17,48,27,85,63,4,10299,29,50,71,86,96
20160310 02:56,15,38,3,42,14,69,27,85,63,4,10299,29,50,71,86,96
20160310 02:57,15,43,5,41,16,55,26,85,63,3,10299,29,50,71,86,96
20160310 02:58,14,35,5,39,13,56,26,85,63,3,10299,29,49,71,86,96
20160310 02:59,359,29,5,36,345,43,26,85,63,3,10298,29,49,71,86,96
20160310 03:00,355,27,5,35,5,33,26,86,63,5,10298,29,49,71,86,96
20160310 03:01,7,28,6,34,9,44,26,86,63,5,10298,29,49,71,86,96
20160310 03:02,5,24,7,32,1,26,26,87,64,7,10297,29,49,71,86,96
20160310 03:03,0,24,7,31,359,39,25,87,64,6,10297,30,49,71,85,95
20160310 03:04,355,30,5,31,350,47,25,87,64,6,10297,30,49,71,85,95
20160310 03:05,339,28,0,30,327,41,25,87,64,6,10297,30,49,71,85,95
20160310 03:06,329,32,356,30,332,55,25,87,64,6,10297,29,49,71,85,95
20160310 03:07,329,38,351,29,327,52,24,88,64,6,10297,28,49,71,85,95
20160310 03:08,340,30,349,29,354,26,24,88,64,6,10297,28,49,71,85,95
20160310 03:09,356,27,350,29,359,45,24,88,64,6,10297,29,49,71,85,95
20160310 03:10,359,31,350,29,359,38,23,89,64,7,10297,29,49,71,85,95
20160310 03:11,354,30,348,29,350,45,23,89,64,7,10297,29,49,71,85,95
20160310 03:12,344,32,346,31,339,44,23,89,64,7,10297,29,49,71,85,95
20160310 03:13,345,28,345,30,351,37,23,89,64,7,10296,29,49,71,85,95
20160310 03:14,349,22,344,29,346,29,22,89,64,6,10296,29,49,71,85,95
20160310 03:15,344,18,346,28,343,24,22,89,64,6,10296,29,49,71,85,95
20160310 03:16,338,19,346,27,334,32,22,90,64,7,10296,29,49,71,85,95
20160310 03:17,340,20,348,25,346,25,22,90,64,7,10297,29,49,71,85,95
20160310 03:18,348,23,348,25,351,47,22,90,64,7,10297,29,49,71,85,95
20160310 03:19,338,30,345,25,326,41,22,90,64,7,10297,29,49,71,85,95
20160310 03:20,325,35,341,26,324,50,22,90,64,7,10297,29,49,71,85,95
20160310 03:21,337,35,341,26,350,40,22,90,64,7,10298,29,49,70,85,95
20160310 03:22,345,33,341,26,340,41,22,90,64,7,10298,29,49,70,85,95
20160310 03:23,347,28,342,26,355,31,22,90,64,7,10297,29,49,70,85,95
20160310 03:24,343,20,340,26,331,28,22,90,64,7,10297,29,48,70,85,95
20160310 03:25,334,18,339,26,337,27,22,91,65,9,10296,29,48,70,85,95
20160310 03:26,343,22,341,27,349,40,21,91,65,8,10296,29,48,70,85,95
20160310 03:27,355,22,342,27,0,27,21,91,65,8,10296,29,48,70,85,95
20160310 03:28,347,20,340,26,332,30,21,91,65,8,10296,29,48,70,85,95
20160310 03:29,340,23,343,25,347,46,21,91,65,8,10296,29,48,70,85,95
20160310 03:30,348,30,345,25,349,52,21,91,65,8,10296,29,48,70,85,95
20160310 03:31,352,33,346,25,355,52,21,91,65,8,10296,29,48,70,85,95
20160310 03:32,348,31,346,25,342,49,21,91,65,8,10297,29,48,70,85,95
20160310 03:33,350,31,346,25,359,36,21,91,65,8,10297,28,48,70,85,95
20160310 03:34,349,29,347,26,341,40,21,90,64,6,10297,28,48,70,85,95
20160310 03:35,333,31,346,28,325,41,21,90,64,6,10297,28,48,70,85,95
20160310 03:36,332,32,345,29,339,42,21,91,65,8,10297,28,48,70,85,95
20160310 03:37,346,35,344,30,353,48,21,91,65,8,10296,28,48,70,85,95
20160310 03:38,345,38,345,32,337,50,21,91,65,8,10295,28,48,70,85,95
20160310 03:39,340,37,344,33,343,47,20,90,63,5,10294,28,48,70,85,95
20160310 03:40,342,34,344,33,342,51,20,90,63,5,10293,28,48,70,85,95
20160310 03:41,341,32,342,33,340,47,20,90,63,5,10293,28,48,70,84,95
20160310 03:42,346,32,343,33,353,54,20,91,64,7,10294,27,48,70,84,95
20160310 03:43,345,36,341,34,337,51,20,91,64,7,10294,27,48,70,84,95
20160310 03:44,343,39,342,35,350,57,20,91,64,7,10294,27,48,70,84,95
20160310 03:45,345,37,343,35,340,46,20,91,64,7,10294,27,48,70,84,95
20160310 03:46,343,31,344,35,345,43,20,91,64,7,10294,28,48,70,84,95
20160310 03:47,355,26,345,33,5,32,20,91,64,7,10294,28,48,70,84,94
20160310 03:48,350,22,345,32,335,28,20,91,64,7,10294,28,48,70,84,94
20160310 03:49,349,21,347,30,3,29,20,91,64,7,10294,28,48,70,84,94
20160310 03:50,1,23,349,29,359,40,20,91,64,7,10295,28,48,70,84,94
20160310 03:51,356,30,350,30,353,52,20,91,64,7,10295,29,48,70,84,94
20160310 03:52,346,40,349,31,340,55,20,91,64,7,10296,28,48,70,84,94
20160310 03:53,350,40,351,31,0,47,20,91,64,7,10296,28,48,70,84,94
20160310 03:54,358,32,352,30,355,38,20,91,64,7,10296,28,47,69,84,94
20160310 03:55,354,28,353,29,352,38,20,91,64,7,10297,28,47,69,84,94
20160310 03:56,346,26,352,29,340,30,20,91,64,7,10297,28,47,69,84,94
20160310 03:57,335,25,349,29,331,28,20,91,64,7,10297,28,47,69,84,94
20160310 03:58,340,23,350,29,349,33,20,91,64,7,10297,28,47,69,84,94
20160310 03:59,352,26,350,30,356,42,20,91,64,7,10297,29,47,69,84,94
20160310 04:00,344,26,347,30,331,36,20,91,64,7,10297,29,47,69,84,94
20160310 04:01,335,24,345,29,339,34,20,91,64,7,10297,29,47,69,84,94
20160310 04:02,341,21,346,26,343,23,20,91,64,7,10297,29,47,69,84,94
20160310 04:03,335,19,342,24,328,32,20,92,65,8,10297,29,47,69,84,94
20160310 04:04,331,19,340,23,335,20,20,92,65,8,10297,29,47,69,84,94
20160310 04:05,335,22,339,23,335,39,20,92,65,8,10298,29,47,69,84,94
20160310 04:06,343,28,340,24,352,47,20,92,65,8,10298,29,47,69,84,94
20160310 04:07,346,29,341,24,341,39,20,92,65,8,10299,29,47,69,84,94
20160310 04:08,342,24,340,24,343,31,21,92,65,9,10300,29,47,69,84,94
20160310 04:09,337,25,338,24,331,42,21,92,65,9,10300,29,47,69,84,94
20160310 04:10,326,29,337,24,322,38,21,92,65,9,10300,29,47,69,84,94
20160310 04:11,324,29,335,25,325,35,21,92,65,9,10301,29,47,69,84,94
20160310 04:12,323,26,333,25,321,31,21,92,65,9,10301,29,47,69,84,94
20160310 04:13,322,25,333,26,323,34,21,92,65,9,10301,29,47,69,84,94
20160310 04:14,320,26,331,27,317,30,21,91,65,8,10301,29,47,69,84,94
20160310 04:15,328,23,331,26,339,35,21,91,65,8,10301,29,47,69,84,94
20160310 04:16,335,24,329,26,332,37,21,91,65,8,10301,29,47,69,84,94
20160310 04:17,332,23,328,25,332,31,21,91,65,8,10301,29,47,69,84,94
20160310 04:18,343,23,330,26,354,30,21,91,65,8,10300,29,47,69,84,94
20160310 04:19,347,22,331,25,341,28,21,92,65,9,10300,29,47,69,84,94
20160310 04:20,345,24,333,25,349,39,21,92,65,9,10300,29,47,69,84,94
20160310 04:21,345,24,335,24,342,29,21,91,65,8,10300,29,47,69,83,94
20160310 04:22,341,22,337,24,340,33,21,91,65,8,10300,29,47,69,83,94
20160310 04:23,338,23,338,23,336,30,21,91,65,8,10300,29,47,69,83,94
20160310 04:24,330,23,339,23,324,29,21,91,65,8,10300,29,47,69,83,94
20160310 04:25,320,24,337,23,315,31,21,91,65,8,10301,29,47,69,83,94
20160310 04:26,305,22,333,23,295,26,21,91,65,8,10301,29,47,69,83,94
20160310 04:27,309,21,332,23,323,27,21,91,65,8,10302,29,47,69,83,94
20160310 04:28,316,18,327,22,308,18,21,90,64,6,10302,29,47,68,83,94
20160310 04:29,302,14,323,21,297,20,21,90,64,6,10302,29,47,68,83,94
20160310 04:30,296,20,317,21,295,31,21,90,64,6,10303,29,47,68,83,94
20160310 04:31,301,25,314,21,308,33,21,90,64,6,10303,29,47,68,83,94
20160310 04:32,312,21,312,21,316,24,21,90,64,6,10304,29,47,68,83,93
20160310 04:33,312,20,309,21,309,25,21,90,64,6,10304,29,47,68,83,93
20160310 04:34,305,22,307,21,302,29,21,90,64,6,10304,29,47,68,83,93
20160310 04:35,304,22,306,20,307,29,22,89,64,6,10304,29,47,68,83,93
20160310 04:36,307,21,307,21,308,34,22,89,64,6,10304,29,47,68,83,93
20160310 04:37,310,21,306,20,312,27,22,89,64,6,10303,29,47,68,83,93
20160310 04:38,313,22,307,21,314,30,22,89,64,6,10303,29,47,68,83,93
20160310 04:39,321,20,310,22,329,20,22,89,64,6,10302,29,47,68,83,93
20160310 04:40,324,14,312,20,318,21,22,89,64,6,10301,29,47,68,83,93
20160310 04:41,309,15,311,20,300,18,22,89,64,6,10301,29,47,68,83,93
20160310 04:42,304,15,311,19,308,19,22,89,64,6,10301,29,47,68,83,93
20160310 04:43,312,14,311,18,316,18,22,89,64,6,10300,30,47,68,83,93
20160310 04:44,309,16,311,18,303,25,22,89,64,6,10300,30,47,68,83,93
20160310 04:45,306,15,312,17,310,18,22,89,64,6,10300,30,47,68,83,93
20160310 04:46,307,12,311,16,303,13,22,89,64,6,10300,30,47,68,83,93
20160310 04:47,292,10,308,15,281,12,22,89,64,6,10300,30,47,68,83,93
20160310 04:48,290,10,307,14,298,13,22,89,64,6,10300,30,47,68,83,93
20160310 04:49,295,12,303,13,293,20,22,89,64,6,10300,30,47,68,83,93
20160310 04:50,292,14,300,13,291,22,22,88,63,4,10301,30,47,68,83,93
20160310 04:51,289,16,299,14,288,23,22,88,63,4,10301,30,47,68,83,93
20160310 04:52,294,16,298,14,299,17,22,88,63,4,10301,30,47,68,83,93
20160310 04:53,290,12,295,13,281,15,22,88,63,4,10302,30,47,68,83,93
20160310 04:54,288,11,294,13,294,15,23,88,63,5,10302,30,47,68,83,93
20160310 04:55,290,10,291,12,286,18,23,88,63,5,10302,30,47,68,83,93
20160310 04:56,288,10,290,12,290,17,22,88,63,4,10302,30,47,68,83,93
20160310 04:57,293,14,292,13,296,23,23,88,63,5,10302,30,47,68,83,93
20160310 04:58,297,18,292,14,298,26,23,88,63,5,10303,30,47,68,83,93
20160310 04:59,303,19,293,15,309,28,23,87,63,4,10303,30,47,68,82,93
20160310 05:00,303,19,294,15,298,24,23,87,63,4,10303,30,47,68,82,93
20160310 05:01,295,18,294,15,292,24,23,87,63,4,10304,30,47,68,82,93
20160310 05:02,297,17,294,15,301,20,23,87,63,4,10304,30,47,68,82,93
20160310 05:03,309,13,298,15,316,15,23,86,62,2,10303,30,47,68,82,93
20160310 05:04,311,13,299,16,305,22,23,86,62,2,10303,30,47,68,82,93
20160310 05:05,307,15,301,16,308,20,23,86,62,2,10303,30,47,68,82,93
20160310 05:06,312,13,304,16,317,18,23,86,62,2,10303,30,47,67,82,93
20160310 05:07,314,11,306,15,311,18,23,86,62,2,10303,30,47,67,82,93
20160310 05:08,305,14,306,15,300,28,24,86,62,3,10303,30,47,67,82,93
20160310 05:09,307,18,306,15,314,28,24,85,62,1,10304,30,47,67,82,93
20160310 05:10,318,19,309,15,322,24,24,85,62,1,10304,30,47,67,82,93
20160310 05:11,320,16,311,15,318,17,24,85,62,1,10304,30,47,67,82,93
20160310 05:12,313,16,312,15,309,22,24,85,62,1,10304,30,47,67,82,93
20160310 05:13,308,17,311,15,307,23,24,84,61,0,10304,30,47,67,82,93
20160310 05:14,310,15,312,15,313,19,25,84,61,1,10304,31,47,67,82,93
20160310 05:15,310,18,312,16,307,29,25,84,61,1,10304,31,47,67,82,93
20160310 05:16,317,18,313,17,327,20,25,84,61,1,10304,31,47,67,82,92
20160310 05:17,322,14,313,17,318,17,25,83,61,-1,10304,31,47,67,82,92
20160310 05:18,324,13,317,17,331,22,25,83,61,-1,10303,31,46,67,82,92
20160310 05:19,318,16,316,16,306,26,25,83,61,-1,10303,31,47,67,82,92
20160310 05:20,314,18,316,16,321,24,26,83,61,0,10303,31,47,67,82,92
20160310 05:21,322,17,316,17,323,22,26,82,60,-2,10304,31,47,67,82,92
20160310 05:22,321,19,317,17,319,29,26,82,60,-2,10304,31,47,67,82,92
20160310 05:23,324,18,319,17,329,23,26,82,60,-2,10304,31,47,67,82,92
20160310 05:24,328,18,321,17,327,25,26,82,60,-2,10303,31,47,67,82,92
20160310 05:25,317,16,321,17,306,23,27,81,60,-2,10303,31,46,67,82,92
20160310 05:26,312,16,320,17,317,25,27,82,61,-1,10303,31,47,67,82,92
20160310 05:27,322,24,321,18,326,41,27,81,60,-2,10303,31,47,67,82,92
20160310 05:28,307,26,316,19,288,32,27,81,60,-2,10303,31,47,67,82,92
20160310 05:29,288,21,315,19,289,24,27,81,60,-2,10303,31,47,67,82,92
20160310 05:30,303,16,314,19,318,19,27,81,60,-2,10303,31,47,67,82,92
20160310 05:31,336,19,317,20,354,34,27,82,61,-1,10303,31,47,67,82,92
20160310 05:32,338,21,317,20,321,24,28,80,60,-3,10303,31,47,67,82,92
20160310 05:33,326,19,318,20,332,25,28,80,60,-3,10303,31,47,67,82,92
20160310 05:34,338,24,320,21,345,47,28,79,59,-5,10302,31,47,67,82,92
20160310 05:35,339,28,322,22,333,37,29,79,59,-4,10302,31,47,67,82,92
20160310 05:36,326,33,323,24,319,59,29,77,58,-7,10302,30,46,67,82,92
20160310 05:37,330,32,324,24,341,38,30,76,58,-8,10302,30,47,67,82,92
20160310 05:38,344,28,330,24,346,35,30,75,57,-10,10302,30,46,67,81,92
20160310 05:39,356,26,337,25,5,35,31,74,56,-11,10302,30,47,67,82,92
20160310 05:40,2,20,342,25,359,24,31,73,56,-13,10302,30,47,67,82,92
20160310 05:41,359,20,342,25,359,43,31,73,56,-13,10302,30,46,67,81,92
20160310 05:42,353,27,345,26,347,44,31,72,55,-15,10302,30,46,67,81,92
20160310 05:43,353,25,347,26,359,25,31,72,55,-15,10302,30,46,67,81,92
20160310 05:44,355,19,348,25,352,24,31,72,55,-15,10302,30,46,67,81,92
20160310 05:45,342,19,348,24,333,30,32,72,55,-14,10302,30,46,67,81,92
20160310 05:46,339,21,351,23,345,31,32,73,56,-12,10303,30,46,67,81,92
20160310 05:47,342,18,350,22,339,23,32,72,55,-14,10303,30,46,67,81,92
20160310 05:48,339,12,350,20,339,21,32,72,55,-14,10303,30,46,67,81,92
20160310 05:49,348,11,349,19,356,20,32,73,56,-12,10303,30,46,67,81,92
20160310 05:50,353,14,348,19,350,23,32,73,56,-12,10303,30,46,67,81,92
20160310 05:51,349,21,347,19,348,37,32,73,56,-12,10303,30,46,67,81,92
20160310 05:52,350,22,347,18,351,25,32,73,56,-12,10304,30,46,67,81,92
20160310 05:53,354,18,347,17,357,29,32,72,55,-14,10304,30,46,67,81,92
20160310 05:54,352,20,347,18,347,29,32,72,55,-14,10304,30,46,67,81,92
20160310 05:55,353,24,349,18,358,41,32,73,56,-12,10304,30,46,67,81,92
20160310 05:56,0,29,351,20,3,43,32,73,56,-12,10304,30,46,67,81,92
20160310 05:57,355,27,352,20,347,29,33,72,56,-13,10304,30,46,67,81,92
20160310 05:58,352,22,353,22,356,28,33,71,55,-14,10304,30,46,67,81,92
20160310 05:59,350,25,352,23,343,41,33,72,56,-13,10303,30,46,66,81,92
20160310 06:00,355,27,354,24,6,30,34,71,55,-14,10303,30,46,66,81,92
20160310 06:01,6,29,355,25,5,50,34,71,55,-14,10303,30,46,66,81,92
20160310 06:02,12,36,358,27,18,54,34,70,55,-15,10303,30,46,66,81,91
20160310 06:03,1,39,357,29,345,59,34,69,54,-17,10303,30,46,66,81,92
20160310 06:04,348,38,357,31,351,43,35,69,54,-16,10303,30,46,66,81,91
20160310 06:05,352,36,357,31,354,53,35,68,53,-18,10303,29,46,66,81,91
20160310 06:06,347,33,354,31,340,46,35,68,53,-18,10303,29,46,66,81,91
20160310 06:07,344,28,354,32,347,34,35,68,53,-18,10303,29,46,66,81,91
20160310 06:08,355,25,355,32,2,35,35,69,54,-16,10303,29,46,66,81,91
20160310 06:09,8,32,358,33,14,63,36,68,54,-17,10302,30,46,66,81,91
20160310 06:10,6,36,357,34,358,49,36,68,54,-17,10302,29,46,66,81,91
20160310 06:11,2,39,357,35,5,63,36,68,54,-17,10301,29,46,66,81,91
20160310 06:12,358,40,355,34,350,63,36,67,53,-19,10301,29,46,66,81,91
20160310 06:13,352,33,356,34,355,37,36,67,53,-19,10301,29,46,66,81,91
20160310 06:14,350,32,355,33,346,50,36,67,53,-19,10300,29,46,66,81,91
20160310 06:15,352,33,355,33,358,52,36,67,53,-19,10300,29,46,66,81,91
20160310 06:16,351,47,356,36,344,89,36,67,53,-19,10300,29,46,66,81,91
20160310 06:17,354,50,358,37,5,52,36,66,52,-22,10300,29,46,66,81,91
20160310 06:18,1,38,357,38,358,50,36,66,52,-22,10300,29,46,66,81,91
20160310 06:19,4,40,357,39,10,64,36,66,52,-22,10300,29,46,66,81,91
20160310 06:20,10,48,358,41,10,80,36,66,52,-22,10301,29,46,66,81,91
20160310 06:21,8,51,358,41,6,69,36,65,51,-24,10301,29,46,66,81,91
20160310 06:22,8,48,0,43,11,66,36,65,51,-24,10301,28,46,66,81,91
20160310 06:23,15,41,3,43,19,58,36,66,52,-22,10301,28,46,66,81,91
20160310 06:24,24,43,7,45,29,83,36,67,53,-19,10301,28,46,66,81,91
20160310 06:25,17,51,8,47,6,67,35,67,53,-20,10301,28,46,66,81,91
20160310 06:26,3,46,9,45,0,62,35,67,53,-20,10301,28,45,66,80,91
20160310 06:27,359,47,9,46,357,67,35,68,53,-18,10301,28,45,66,80,91
20160310 06:28,359,43,9,46,1,48,35,68,53,-18,10301,28,45,66,80,91
20160310 06:29,0,48,8,48,0,86,35,68,53,-18,10301,28,45,66,80,91
20160310 06:30,4,52,8,46,9,66,34,68,53,-19,10301,28,45,66,80,91
20160310 06:31,8,46,8,46,6,70,34,69,54,-17,10301,28,45,66,80,91
20160310 06:32,6,50,7,47,6,87,34,69,54,-17,10301,28,45,66,80,91
20160310 06:33,2,43,5,47,358,59,34,70,55,-15,10301,28,45,66,80,91
20160310 06:34,356,43,2,47,354,82,33,70,54,-16,10301,28,45,66,80,91
20160310 06:35,359,50,2,47,5,70,33,71,55,-14,10301,28,45,66,80,91
20160310 06:36,6,48,2,47,7,64,33,71,55,-14,10302,28,45,66,80,91
20160310 06:37,358,43,2,46,350,59,33,72,56,-13,10302,28,45,66,80,91
20160310 06:38,358,34,2,45,6,38,32,72,55,-14,10302,28,45,66,80,91
20160310 06:39,5,29,3,42,4,65,32,73,56,-12,10302,28,45,66,80,91
20160310 06:40,353,47,0,45,342,81,32,74,57,-10,10302,28,45,66,80,91
20160310 06:41,346,51,358,44,350,55,32,74,57,-10,10302,28,45,66,80,91
20160310 06:42,353,36,357,42,355,48,31,75,57,-9,10303,29,45,66,80,91
20160310 06:43,352,40,356,43,349,70,31,75,57,-9,10303,29,45,66,80,91
20160310 06:44,353,43,357,42,358,74,31,76,58,-7,10303,29,45,66,80,91
20160310 06:45,352,45,355,42,347,65,30,76,58,-8,10303,29,45,66,80,91
20160310 06:46,348,56,353,43,350,82,30,76,58,-8,10303,29,45,66,80,91
20160310 06:47,353,56,354,44,357,68,30,77,58,-6,10303,29,45,66,80,91
20160310 06:48,2,39,354,44,8,33,29,77,58,-7,10302,29,45,66,80,91
20160310 06:49,7,28,354,44,5,74,29,78,59,-6,10302,29,45,66,80,91
20160310 06:50,6,44,357,43,7,73,29,78,59,-6,10301,29,45,65,80,90
20160310 06:51,7,47,358,43,7,55,29,79,59,-4,10300,29,45,65,80,90
20160310 06:52,4,40,359,44,1,52,28,79,59,-5,10300,29,45,65,80,90
20160310 06:53,9,37,2,43,18,48,28,79,59,-5,10299,29,45,65,80,90
20160310 06:54,7,31,2,42,357,41,28,80,60,-3,10299,30,44,65,80,90
20160310 06:55,0,29,3,40,3,43,28,81,60,-1,10299,30,45,65,80,90
20160310 06:56,349,29,2,36,334,35,28,81,60,-1,10299,30,45,65,80,90
20160310 06:57,336,31,0,34,338,44,27,81,60,-2,10299,30,44,65,80,90
20160310 06:58,354,36,0,36,9,61,27,82,61,-1,10299,30,44,65,80,90
20160310 06:59,2,32,359,35,355,40,27,82,61,-1,10299,30,44,65,80,90
20160310 07:00,349,30,356,33,342,54,26,82,60,-2,10299,30,45,65,80,90
20160310 07:01,356,32,357,32,9,48,26,83,61,0,10300,30,45,65,80,90
20160310 07:02,2,35,356,32,354,49,26,83,61,0,10299,30,45,65,80,90
20160310 07:03,355,34,354,32,356,42,26,83,61,0,10299,30,45,65,80,90
20160310 07:04,351,32,353,32,346,48,26,83,61,0,10299,31,45,65,80,90
20160310 07:05,353,30,352,32,359,41,25,83,61,-1,10299,31,45,65,80,90
20160310 07:06,357,28,354,32,356,51,25,84,61,1,10299,31,45,65,80,90
20160310 07:07,358,35,357,33,359,59,25,84,61,1,10299,32,45,65,80,90
20160310 07:08,0,36,356,32,0,42,25,84,61,1,10298,32,45,65,80,90
20160310 07:09,359,31,356,32,359,39,25,84,61,1,10298,33,45,65,80,90
20160310 07:10,2,26,358,31,6,29,25,84,61,1,10298,33,45,65,80,90
20160310 07:11,7,19,358,30,9,24,25,84,61,1,10299,34,45,65,80,90
20160310 07:12,17,15,1,28,25,28,25,84,61,1,10299,35,45,65,80,90
20160310 07:13,12,19,1,27,356,31,25,84,61,1,10300,35,45,65,80,90
20160310 07:14,342,22,0,26,330,32,25,84,61,1,10299,36,45,65,79,90
20160310 07:15,357,18,3,24,27,24,25,84,61,1,10299,36,45,65,79,90
20160310 07:16,29,13,6,23,31,35,26,84,62,2,10299,36,45,65,79,90
20160310 07:17,20,23,7,22,10,41,26,84,62,2,10298,37,45,65,79,90
20160310 07:18,1,29,7,21,352,36,26,83,61,0,10298,37,45,65,79,90
20160310 07:19,359,23,7,20,6,38,26,83,61,0,10298,37,45,65,79,90
20160310 07:20,12,24,9,21,18,43,26,83,61,0,10298,37,45,65,79,90
20160310 07:21,14,22,9,21,9,25,26,82,60,-2,10298,37,45,65,79,90
20160310 07:22,14,17,8,21,20,22,26,82,60,-2,10299,38,45,65,79,90
20160310 07:23,6,21,8,22,354,33,26,82,60,-2,10300,39,45,65,79,90
20160310 07:24,1,22,12,21,8,30,27,82,61,-1,10301,39,45,65,79,90
20160310 07:25,9,21,10,22,11,27,27,81,60,-2,10301,39,46,65,79,90
20160310 07:26,6,25,7,24,1,37,27,80,59,-4,10301,39,46,65,79,90
20160310 07:27,14,23,9,22,27,27,27,80,59,-4,10301,39,46,65,79,90
20160310 07:28,19,16,11,21,12,19,27,80,59,-4,10302,39,46,65,79,90
20160310 07:29,10,14,11,21,8,21,27,80,59,-4,10303,40,46,65,79,90
20160310 07:30,353,15,7,20,339,29,27,80,59,-4,10305,40,46,65,79,90
20160310 07:31,341,24,4,21,343,39,28,80,60,-3,10306,40,46,65,79,90
20160310 07:32,349,30,2,22,356,38,28,79,59,-5,10306,40,46,65,79,90
20160310 07:33,354,29,2,23,353,42,28,79,59,-5,10307,40,46,65,79,90
20160310 07:34,358,30,1,24,4,39,28,78,58,-6,10307,39,46,65,79,90
20160310 07:35,8,27,1,24,12,30,28,78,58,-6,10307,40,47,65,79,90
20160310 07:36,11,22,2,23,10,31,28,78,58,-6,10308,40,47,65,79,90
20160310 07:37,9,20,1,23,9,26,28,78,58,-6,10309,40,47,65,79,90
20160310 07:38,356,19,358,24,343,28,29,78,59,-6,10310,41,47,64,79,90
20160310 07:39,327,19,352,24,312,22,29,78,59,-6,10312,41,47,65,79,90
20160310 07:40,310,19,350,24,309,25,29,79,59,-4,10313,41,47,64,79,90
20160310 07:41,323,21,349,23,337,27,29,79,59,-4,10312,40,47,64,79,90
20160310 07:42,332,22,346,23,327,23,30,79,60,-3,10311,41,47,64,79,89
20160310 07:43,322,17,342,21,317,19,30,79,60,-3,10309,41,47,64,79,90
20160310 07:44,316,18,337,20,314,30,30,80,61,-1,10308,41,47,65,79,89
20160310 07:45,321,24,332,20,327,41,30,79,60,-3,10309,41,47,64,79,89
20160310 07:46,327,27,328,21,327,39,30,79,60,-3,10311,41,48,64,79,89
20160310 07:47,327,29,324,22,328,44,30,78,59,-5,10313,41,48,65,79,89
20160310 07:48,330,33,323,24,331,45,30,78,59,-5,10314,41,48,64,79,89
20160310 07:49,329,32,324,25,327,33,30,77,58,-6,10315,40,48,64,79,89
20160310 07:50,332,28,327,26,337,41,30,77,58,-6,10314,40,48,64,79,89
20160310 07:51,335,28,327,26,332,37,30,76,58,-8,10314,40,48,64,79,89
20160310 07:52,331,29,327,27,329,43,31,76,58,-7,10313,40,48,64,79,89
20160310 07:53,337,32,330,29,345,46,31,76,58,-7,10312,40,48,65,79,89
20160310 07:54,344,34,333,30,343,47,31,77,59,-5,10311,41,48,64,79,89
20160310 07:55,343,30,334,30,344,36,31,76,58,-7,10310,41,48,64,79,89
20160310 07:56,338,29,335,31,333,40,31,76,58,-7,10311,42,48,64,79,89
20160310 07:57,333,28,335,30,332,33,31,76,58,-7,10312,42,48,64,79,89
20160310 07:58,326,23,334,29,319,36,31,77,59,-5,10313,43,48,64,79,89
20160310 07:59,316,21,333,28,314,29,32,78,60,-3,10313,43,48,64,79,89
20160310 08:00,314,23,331,28,314,36,32,78,60,-3,10313,43,49,65,79,89
20160310 08:01,312,24,328,27,310,39,32,78,60,-3,10313,43,49,65,79,89
20160310 08:02,312,24,327,27,315,41,32,78,60,-3,10312,43,49,64,79,89
20160310 08:03,308,29,323,27,303,46,32,79,61,-1,10311,44,49,65,79,89
20160310 08:04,305,28,319,26,308,41,32,78,60,-3,10311,44,49,65,79,89
20160310 08:05,310,27,316,26,312,42,32,78,60,-3,10311,44,49,65,78,89
20160310 08:06,315,32,314,26,318,46,32,78,60,-3,10312,45,49,65,78,89
20160310 08:07,316,34,313,27,315,44,32,77,59,-4,10312,45,49,65,78,89
20160310 08:08,318,31,313,28,322,40,32,77,59,-4,10313,46,49,65,78,89
20160310 08:09,325,29,314,29,328,44,32,77,59,-4,10313,46,49,65,78,89
20160310 08:10,329,33,316,30,330,48,32,77,59,-4,10314,46,49,65,78,89
20160310 08:11,330,34,318,31,330,49,32,78,60,-3,10314,47,49,65,78,89
20160310 08:12,326,32,319,31,321,44,32,77,59,-4,10314,46,49,65,78,89
20160310 08:13,322,30,321,31,323,45,32,77,59,-4,10314,47,50,65,78,89
20160310 08:14,325,33,323,32,327,51,33,77,60,-3,10315,47,50,65,78,89
20160310 08:15,326,34,324,32,324,43,33,77,60,-3,10315,47,50,65,78,89
20160310 08:16,317,29,323,32,310,44,32,76,58,-6,10315,47,50,65,78,89
20160310 08:17,314,25,323,30,317,34,32,76,58,-6,10315,47,50,65,78,89
20160310 08:18,309,27,321,31,301,44,32,76,58,-6,10315,47,50,65,78,89
20160310 08:19,305,35,319,31,309,45,32,76,58,-6,10315,46,50,65,78,89
20160310 08:20,315,36,318,31,321,45,32,76,58,-6,10315,45,50,65,78,89
20160310 08:21,316,33,317,31,312,45,32,76,58,-6,10315,45,50,65,78,89
20160310 08:22,310,33,315,32,308,44,32,76,58,-6,10314,45,50,65,78,89
20160310 08:23,302,34,313,32,296,42,32,76,58,-6,10314,45,51,65,78,89
20160310 08:24,303,35,311,32,311,48,32,76,58,-6,10314,45,51,65,78,89
20160310 08:25,306,37,309,33,300,51,32,77,59,-4,10315,45,51,65,78,89
20160310 08:26,301,37,308,34,303,49,32,77,59,-4,10315,45,51,65,78,89
20160310 08:27,315,32,309,34,328,36,32,77,59,-4,10314,45,51,65,78,89
20160310 08:28,320,26,310,33,313,32,32,77,59,-4,10314,45,51,65,78,89
20160310 08:29,311,25,310,32,310,34,32,77,59,-4,10314,45,51,65,78,89
20160310 08:30,308,30,309,32,306,45,32,78,60,-3,10314,45,51,65,78,89
20160310 08:31,305,32,308,32,303,46,32,78,60,-3,10314,46,51,65,78,89
20160310 08:32,296,36,306,33,288,60,32,78,60,-3,10314,46,51,65,78,89
20160310 08:33,294,39,306,33,300,43,32,78,60,-3,10313,47,51,65,78,89
20160310 08:34,306,34,306,33,312,40,32,78,60,-3,10314,47,51,65,78,89
20160310 08:35,311,27,307,31,309,34,32,78,60,-3,10314,48,51,65,78,89
20160310 08:36,319,27,310,31,329,41,32,78,60,-3,10314,48,51,65,78,88
20160310 08:37,328,32,310,31,326,58,32,78,60,-3,10314,48,51,65,78,88
20160310 08:38,321,33,310,32,314,56,32,78,60,-3,10314,49,51,65,78,88
20160310 08:39,311,34,309,33,308,47,32,78,60,-3,10313,49,52,65,78,88
20160310 08:40,314,31,311,32,321,38,32,77,59,-4,10313,49,52,65,78,88
20160310 08:41,322,28,313,32,324,36,32,77,59,-4,10313,50,52,65,78,88
20160310 08:42,314,27,315,30,303,43,32,77,59,-4,10313,51,52,65,78,88
20160310 08:43,304,28,315,30,304,39,32,77,59,-4,10313,52,52,65,78,88
20160310 08:44,307,30,315,30,310,37,32,77,59,-4,10312,52,52,65,78,88
20160310 08:45,309,27,315,30,309,39,33,77,60,-3,10312,52,52,65,78,88
20160310 08:46,311,25,313,29,314,36,33,77,60,-3,10312,53,52,65,78,88
20160310 08:47,314,22,312,28,314,31,33,77,60,-3,10312,54,52,65,78,88
20160310 08:48,321,20,314,27,330,33,33,77,60,-3,10311,56,52,65,78,88
20160310 08:49,321,21,314,25,312,30,34,77,60,-2,10311,57,52,65,78,88
20160310 08:50,316,30,314,26,319,55,34,77,60,-2,10310,58,53,65,78,88
20160310 08:51,326,37,315,27,332,45,34,76,59,-4,10310,58,53,65,78,88
20160310 08:52,339,38,319,29,345,51,34,75,58,-6,10310,58,53,65,78,88
20160310 08:53,349,40,324,29,353,53,34,75,58,-6,10310,58,53,65,78,88
20160310 08:54,355,31,328,29,356,35,35,74,58,-7,10309,58,53,65,78,88
20160310 08:55,345,21,331,28,334,34,35,74,58,-7,10309,59,53,65,78,88
20160310 08:56,335,23,333,28,336,32,35,74,58,-7,10309,61,53,65,78,88
20160310 08:57,341,23,336,28,346,31,36,74,58,-6,10309,62,54,65,78,88
20160310 08:58,338,24,336,29,329,42,36,75,59,-4,10309,63,54,65,78,88
20160310 08:59,328,31,338,30,327,42,37,74,59,-5,10309,64,54,65,78,88
20160310 09:00,336,32,340,30,344,49,37,74,59,-5,10309,64,54,65,78,88
20160310 09:01,340,31,341,29,336,41,38,74,59,-4,10309,65,54,65,78,88
20160310 09:02,344,28,341,28,352,34,38,73,59,-6,10308,66,54,65,78,88
20160310 09:03,338,25,338,26,323,42,38,73,59,-6,10308,67,55,65,78,88
20160310 09:04,326,26,336,27,330,49,39,73,59,-5,10308,67,55,65,78,88
20160310 09:05,343,33,338,29,357,63,39,73,59,-5,10308,68,55,65,78,88
20160310 09:06,343,39,337,30,330,58,39,72,58,-7,10307,68,55,65,78,88
20160310 09:07,331,41,336,32,333,57,40,71,58,-8,10307,69,56,66,78,88
20160310 09:08,341,39,338,33,349,54,40,71,58,-8,10307,69,56,66,78,88
20160310 09:09,346,34,340,33,343,40,40,71,58,-8,10307,70,56,66,78,88
20160310 09:10,343,35,340,33,344,55,41,70,57,-9,10307,72,56,66,78,88
20160310 09:11,341,35,340,34,338,51,41,70,57,-9,10308,72,56,66,78,88
20160310 09:12,343,31,339,34,347,42,41,70,57,-9,10308,74,57,66,78,88
20160310 09:13,350,31,342,35,352,44,42,70,58,-8,10308,75,57,66,78,88
20160310 09:14,351,34,344,35,351,51,42,70,58,-8,10308,75,57,66,78,88
20160310 09:15,345,35,343,35,339,48,43,70,58,-7,10307,76,57,66,78,88
20160310 09:16,338,35,343,35,338,56,43,68,56,-11,10307,78,58,66,78,88
20160310 09:17,341,33,344,33,344,42,43,68,56,-11,10307,78,58,66,78,88
20160310 09:18,339,35,343,34,334,67,43,69,57,-9,10307,79,58,66,78,88
20160310 09:19,331,43,342,35,329,59,44,68,57,-10,10307,80,59,66,78,88
20160310 09:20,333,43,341,36,336,57,44,69,58,-8,10306,80,59,66,78,88
20160310 09:21,336,39,340,36,335,47,44,68,57,-10,10306,81,59,66,78,88
20160310 09:22,330,43,338,38,324,71,44,68,57,-10,10306,81,60,66,78,88
20160310 09:23,336,43,338,38,349,54,45,68,57,-9,10306,80,60,66,78,88
20160310 09:24,351,38,338,39,352,55,45,68,57,-9,10306,80,60,66,78,88
20160310 09:25,339,35,337,39,325,41,45,68,57,-9,10306,81,60,66,78,88
20160310 09:26,330,29,336,38,336,42,45,67,56,-11,10306,81,61,66,78,88
20160310 09:27,345,36,337,39,353,63,46,68,58,-8,10306,81,61,66,78,88
20160310 09:28,346,42,338,39,338,62,46,67,57,-10,10306,79,61,66,78,88
20160310 09:29,334,40,338,39,330,54,46,67,57,-10,10306,76,62,66,78,88
20160310 09:30,333,43,338,39,336,61,46,67,57,-10,10306,74,62,66,78,88
20160310 09:31,340,41,339,39,343,59,46,66,56,-12,10307,73,62,66,78,88
20160310 09:32,341,45,340,40,338,74,46,66,56,-12,10307,72,63,67,78,88
20160310 09:33,341,50,339,40,344,56,46,65,55,-14,10307,70,63,67,78,88
20160310 09:34,333,43,337,41,323,82,46,65,55,-14,10307,69,63,67,78,88
20160310 09:35,334,41,339,41,345,49,46,66,56,-12,10307,68,63,67,78,88
20160310 09:36,350,39,341,42,355,50,46,66,56,-12,10307,68,64,67,78,88
20160310 09:37,355,39,341,42,355,53,46,66,56,-12,10307,69,64,67,78,88
20160310 09:38,357,35,343,41,359,40,46,66,56,-12,10307,70,64,67,78,88
20160310 09:39,359,29,346,40,359,38,46,65,55,-14,10308,70,64,67,78,88
20160310 09:40,8,40,350,41,17,81,47,66,56,-11,10308,70,64,67,78,88
20160310 09:41,3,47,350,41,348,61,47,65,55,-13,10308,69,64,67,78,88
20160310 09:42,349,47,352,41,350,75,47,65,55,-13,10309,68,64,67,78,88
20160310 09:43,357,42,354,40,5,56,47,64,55,-15,10309,67,64,67,78,88
20160310 09:44,7,41,358,40,9,72,47,64,55,-15,10310,67,64,67,78,88
20160310 09:45,10,41,1,40,11,45,47,64,55,-15,10309,67,65,67,78,88
20160310 09:46,12,27,3,38,14,29,47,65,55,-13,10309,68,65,67,78,87
20160310 09:47,19,26,6,37,24,51,47,65,55,-13,10309,69,65,68,78,88
20160310 09:48,27,28,9,37,31,41,47,66,56,-11,10310,69,65,68,78,88
20160310 09:49,27,31,11,38,24,45,47,66,56,-11,10310,70,65,68,78,87
20160310 09:50,19,33,11,35,15,41,47,65,55,-13,10311,69,65,68,78,87
20160310 09:51,13,32,13,35,11,46,48,66,57,-10,10311,69,65,68,78,87
20160310 09:52,6,29,14,32,1,38,48,64,55,-14,10311,69,65,68,78,87
20160310 09:53,357,22,13,31,352,32,48,64,55,-14,10311,70,65,68,78,87
20160310 09:54,348,23,11,28,344,38,48,65,56,-12,10311,70,65,68,78,87
20160310 09:55,345,33,8,29,346,60,48,65,56,-12,10311,70,65,68,78,87
20160310 09:56,338,43,4,31,330,59,48,64,55,-14,10311,69,65,68,78,87
20160310 09:57,338,47,0,33,345,78,47,64,55,-15,10311,68,65,68,78,87
20160310 09:58,343,46,355,35,341,50,47,64,55,-15,10311,67,65,68,78,87
20160310 09:59,342,36,351,34,344,50,47,64,55,-15,10311,66,65,68,78,87
20160310 10:00,350,34,349,35,355,47,47,64,55,-15,10312,66,65,68,78,87
20160310 10:01,356,29,348,34,357,33,47,64,55,-15,10312,66,65,69,78,87
20160310 10:02,0,30,348,35,3,47,47,65,55,-13,10312,67,65,69,78,87
20160310 10:03,355,36,347,36,347,49,47,64,55,-15,10312,67,65,69,78,87
20160310 10:04,347,38,348,38,348,55,47,65,55,-13,10312,66,65,69,78,87
20160310 10:05,346,37,348,37,345,46,47,65,55,-13,10312,65,65,69,78,87
20160310 10:06,342,38,348,37,339,56,47,65,55,-13,10311,65,65,69,78,87
20160310 10:07,342,39,348,35,345,52,47,65,55,-13,10311,65,65,69,78,87
20160310 10:08,350,37,350,35,354,49,47,64,55,-15,10312,66,65,69,78,87
20160310 10:09,351,41,350,36,347,67,48,64,55,-14,10313,66,65,69,78,87
20160310 10:10,346,45,349,38,345,65,47,63,54,-17,10313,65,65,69,78,87
20160310 10:11,338,48,346,40,332,62,47,63,54,-17,10313,65,65,69,78,87
20160310 10:12,335,40,344,40,339,42,47,63,54,-17,10313,65,65,69,78,87
20160310 10:13,346,27,345,39,354,41,47,63,54,-17,10313,65,65,69,78,87
20160310 10:14,347,36,344,39,341,64,47,64,55,-15,10313,66,65,69,78,87
20160310 10:15,344,44,344,40,347,63,47,63,54,-17,10313,66,65,69,78,87
20160310 10:16,347,36,345,39,347,43,47,63,54,-17,10313,66,65,69,78,87
20160310 10:17,339,35,344,39,331,52,48,64,55,-14,10313,67,65,70,78,87
20160310 10:18,346,36,344,39,0,53,48,63,54,-16,10312,66,65,70,78,87
20160310 10:19,352,37,344,38,344,68,48,63,54,-16,10312,67,65,70,78,87
20160310 10:20,341,45,343,38,339,77,48,62,53,-19,10312,67,65,70,78,87
20160310 10:21,332,48,343,38,325,59,48,61,52,-21,10311,68,65,70,78,87
20160310 10:22,340,38,344,38,354,45,48,62,53,-19,10311,68,65,70,78,87
20160310 10:23,344,31,342,39,334,54,48,61,52,-21,10311,69,65,70,78,87
20160310 10:24,338,37,342,38,341,57,48,61,52,-21,10311,69,65,70,79,87
20160310 10:25,340,42,341,39,338,58,48,61,52,-21,10311,70,65,70,79,87
20160310 10:26,333,43,339,40,329,65,48,60,52,-23,10312,70,65,70,79,87
20160310 10:27,335,44,340,40,341,58,48,60,52,-23,10312,69,65,70,79,87
20160310 10:28,343,37,339,40,345,41,49,61,53,-20,10312,69,65,70,79,87
20160310 10:29,354,29,341,39,2,38,49,61,53,-20,10312,70,66,70,79,87
20160310 10:30,354,27,341,37,345,46,49,60,52,-22,10312,72,66,70,79,87
20160310 10:31,354,33,345,36,2,48,49,60,52,-22,10312,73,66,70,79,87
20160310 10:32,352,35,344,36,341,42,49,60,52,-22,10312,74,66,70,79,87
20160310 10:33,336,33,343,36,330,41,50,60,52,-21,10312,75,66,70,79,87
20160310 10:34,341,27,344,34,352,38,50,60,52,-21,10311,77,66,70,79,87
20160310 10:35,349,27,345,33,346,44,50,61,53,-19,10311,78,66,70,79,87
20160310 10:36,341,33,346,32,336,47,51,59,52,-22,10310,80,66,70,79,87
20160310 10:37,336,35,346,31,337,47,51,58,51,-25,10310,81,66,71,79,87
20160310 10:38,340,38,345,32,343,63,51,58,51,-25,10310,80,66,71,79,87
20160310 10:39,344,40,344,33,346,52,51,58,51,-25,10310,80,66,71,79,87
20160310 10:40,348,39,344,34,351,56,52,58,51,-24,10311,80,66,71,79,87
20160310 10:41,340,39,341,35,329,55,51,57,50,-27,10311,78,67,71,79,87
20160310 10:42,331,46,340,37,333,75,51,57,50,-27,10311,77,67,71,79,87
20160310 10:43,336,49,341,38,338,60,51,57,50,-27,10311,76,67,71,79,87
20160310 10:44,341,38,340,39,343,50,51,57,50,-27,10311,75,67,71,79,87
20160310 10:45,334,34,338,39,324,54,51,57,50,-27,10311,76,67,71,79,87
20160310 10:46,332,43,339,41,341,64,51,56,49,-29,10311,75,67,71,79,87
20160310 10:47,351,43,341,41,2,53,51,56,49,-29,10311,75,68,71,79,87
20160310 10:48,353,32,341,40,344,32,51,55,48,-32,10311,76,68,71,79,87
20160310 10:49,348,29,342,39,352,46,51,55,48,-32,10311,76,68,71,79,87
20160310 10:50,350,31,341,38,347,36,52,55,49,-31,10312,76,68,71,79,87
20160310 10:51,345,33,343,38,343,48,52,55,49,-31,10312,76,68,71,79,87
20160310 10:52,347,36,345,36,352,47,52,55,49,-31,10312,75,68,71,79,87
20160310 10:53,350,42,346,36,348,63,52,54,48,-33,10312,76,68,71,79,87
20160310 10:54,342,46,345,38,337,59,52,53,47,-36,10311,76,68,71,79,87
20160310 10:55,340,36,347,37,342,39,52,54,48,-33,10311,76,69,71,79,87
20160310 10:56,331,33,345,36,320,46,52,54,48,-33,10310,76,69,71,79,87
20160310 10:57,332,35,343,35,344,52,52,54,48,-33,10310,76,69,71,79,87
20160310 10:58,334,36,341,36,325,50,52,53,47,-36,10310,77,69,71,79,87
20160310 10:59,330,37,339,37,335,53,53,53,47,-35,10310,76,69,71,79,87
20160310 11:00,343,43,340,39,350,73,53,52,46,-38,10310,76,69,71,79,87
20160310 11:01,341,38,338,38,331,37,52,51,45,-41,10310,76,69,72,79,87
20160310 11:02,340,30,338,38,349,47,53,52,46,-38,10310,76,69,72,79,87
20160310 11:03,354,33,339,36,0,42,53,51,45,-40,10310,76,69,72,79,87
20160310 11:04,4,32,342,35,8,46,53,51,45,-40,10309,77,69,72,79,87
20160310 11:05,5,26,344,34,1,27,53,51,45,-40,10309,78,69,72,79,87
20160310 11:06,0,28,348,34,358,44,53,52,46,-38,10309,79,69,72,79,87
20160310 11:07,7,35,351,34,17,51,53,51,45,-40,10308,79,70,72,79,87
20160310 11:08,16,37,357,34,16,53,53,51,45,-40,10308,80,70,72,79,87
20160310 11:09,17,37,1,34,19,57,53,49,44,-45,10308,80,70,72,79,87
20160310 11:10,12,41,3,34,6,58,53,49,44,-45,10309,79,70,72,79,87
20160310 11:11,0,36,5,34,355,35,53,48,43,-48,10309,79,70,72,79,87
20160310 11:12,356,29,6,33,357,48,53,49,44,-45,10309,80,70,72,80,87
20160310 11:13,353,33,5,34,350,45,53,48,43,-48,10308,80,70,72,80,87
20160310 11:14,353,35,3,34,356,49,53,47,42,-51,10308,81,70,72,80,87
20160310 11:15,356,36,3,36,356,54,53,46,41,-54,10308,82,70,72,80,87
20160310 11:16,348,34,1,35,340,55,54,47,42,-50,10308,83,70,72,80,87
20160310 11:17,332,33,356,35,324,48,54,46,41,-53,10309,83,70,72,80,87
20160310 11:18,326,40,351,36,327,49,54,46,41,-53,10309,83,71,72,80,87
20160310 11:19,337,40,348,36,347,49,54,45,40,-56,10309,83,71,72,80,87
20160310 11:20,349,38,346,35,350,56,54,45,40,-56,10309,83,71,72,80,87
20160310 11:21,339,35,343,36,327,60,54,44,39,-59,10309,83,71,72,80,87
20160310 11:22,326,38,340,37,325,64,54,46,41,-53,10309,83,71,73,80,87
20160310 11:23,325,48,338,38,325,70,54,46,41,-53,10309,83,71,73,80,87
20160310 11:24,326,50,335,40,328,64,54,46,41,-53,10309,83,71,73,80,87
20160310 11:25,324,49,331,41,320,60,55,46,42,-52,10309,83,71,73,80,87
20160310 11:26,329,43,331,42,338,47,54,45,40,-56,10309,82,71,73,80,87
20160310 11:27,347,38,334,42,356,53,55,45,41,-55,10309,83,72,73,80,87
20160310 11:28,352,33,336,40,348,40,55,47,42,-49,10309,83,72,73,80,87
20160310 11:29,357,27,338,39,6,37,56,48,44,-45,10309,84,72,73,80,87
20160310 11:30,359,32,339,39,353,52,56,48,44,-45,10309,84,72,73,80,87
20160310 11:31,0,37,343,40,7,50,56,46,42,-51,10309,84,72,73,80,87
20160310 11:32,11,32,348,38,14,49,56,47,43,-48,10309,84,72,73,80,87
20160310 11:33,7,28,351,36,1,39,56,48,44,-45,10309,85,72,73,80,87
20160310 11:34,348,26,352,33,336,38,56,47,43,-48,10309,86,72,73,80,87
20160310 11:35,352,24,357,31,9,40,56,46,42,-51,10309,86,73,73,80,87
20160310 11:36,2,21,359,29,355,29,56,47,43,-48,10309,87,73,73,80,87
20160310 11:37,350,24,357,28,345,37,56,46,42,-51,10308,89,73,73,80,87
20160310 11:38,334,41,355,30,324,67,57,48,44,-44,10308,90,73,73,80,87
20160310 11:39,323,54,351,33,322,70,57,47,43,-47,10308,90,73,73,80,87
20160310 11:40,323,54,348,35,324,73,56,47,43,-48,10307,90,73,73,80,87
20160310 11:41,329,45,344,35,335,52,56,48,44,-45,10307,90,73,74,80,87
20160310 11:42,341,32,342,35,346,39,57,48,44,-44,10307,92,73,74,80,87
20160310 11:43,339,26,339,35,332,40,57,48,44,-44,10307,93,74,74,80,87
20160310 11:44,333,27,339,35,335,46,57,48,44,-44,10306,95,74,74,80,87
20160310 11:45,340,30,336,36,345,40,58,48,44,-44,10306,96,74,74,80,87
20160310 11:46,342,35,335,38,338,52,58,48,44,-44,10306,98,74,74,80,87
20160310 11:47,332,43,333,40,325,68,58,47,43,-46,10306,99,74,74,80,87
20160310 11:48,326,49,333,40,327,67,58,47,43,-46,10306,99,74,74,80,87
20160310 11:49,330,51,334,39,334,61,58,48,44,-44,10306,99,75,74,80,87
20160310 11:50,330,45,334,38,327,55,58,47,43,-46,10306,99,75,74,80,87
20160310 11:51,330,42,334,39,333,56,58,48,44,-44,10306,98,75,74,80,87
20160310 11:52,331,40,332,39,328,52,58,48,44,-44,10305,99,75,74,80,87
20160310 11:53,328,43,332,42,327,62,58,49,45,-41,10305,99,76,74,80,87
20160310 11:54,327,47,331,43,326,55,58,48,44,-44,10305,98,76,74,80,87
20160310 11:55,334,45,331,45,341,58,58,48,44,-44,10305,98,76,74,81,87
20160310 11:56,339,40,330,44,337,44,58,48,44,-44,10305,98,76,74,81,87
20160310 11:57,339,34,332,43,340,46,58,48,44,-44,10305,98,77,74,81,87
20160310 11:58,354,34,336,41,7,52,58,49,45,-41,10305,99,77,74,81,87
20160310 11:59,13,32,340,39,19,44,59,49,45,-40,10304,99,77,74,81,87
20160310 12:00,17,31,345,39,15,38,59,50,46,-37,10304,100,77,75,81,87
20160310 12:01,13,31,349,37,10,47,59,49,45,-40,10303,100,77,75,81,87
20160310 12:02,23,32,356,37,35,49,59,51,47,-35,10303,101,78,75,81,87
20160310 12:03,32,41,2,37,29,61,59,50,46,-37,10303,101,78,75,81,87
20160310 12:04,18,38,6,35,7,44,59,49,45,-40,10302,101,78,75,81,87
20160310 12:05,353,33,6,34,340,50,59,50,46,-37,10302,101,78,75,81,87
20160310 12:06,341,33,6,34,342,39,59,50,46,-37,10302,102,79,75,81,87
20160310 12:07,341,36,6,35,340,73,60,51,48,-34,10302,103,79,75,81,87
20160310 12:08,342,44,4,36,344,65,59,49,45,-40,10302,103,79,75,81,87
20160310 12:09,352,44,2,37,0,54,59,49,45,-40,10302,102,79,75,81,87
20160310 12:10,3,45,1,39,5,59,59,48,45,-43,10302,103,79,75,81,88
20160310 12:11,2,41,0,39,358,56,58,48,44,-44,10301,105,80,75,81,88
20160310 12:12,352,42,355,40,347,62,58,48,44,-44,10302,106,80,75,81,87
20160310 12:13,351,41,352,39,355,51,58,49,45,-41,10302,105,80,76,81,88
20160310 12:14,350,42,350,41,345,59,59,49,45,-40,10302,106,80,76,81,88
20160310 12:15,341,44,349,42,337,50,58,49,45,-41,10302,106,80,76,81,88
20160310 12:16,339,40,349,43,341,48,58,49,45,-41,10302,107,81,76,81,88
20160310 12:17,353,33,352,41,6,38,58,49,45,-41,10302,108,81,76,81,88
20160310 12:18,8,27,354,39,10,34,59,50,46,-37,10302,109,81,76,81,88
20160310 12:19,8,30,355,38,7,47,60,51,48,-34,10301,110,81,76,81,88
20160310 12:20,358,36,353,37,349,49,60,50,47,-36,10301,110,81,76,81,88
20160310 12:21,348,37,352,37,347,56,60,50,47,-36,10301,110,82,76,81,88
20160310 12:22,4,28,356,35,23,31,61,50,47,-35,10300,109,82,76,81,88
20160310 12:23,17,24,358,34,11,40,61,50,47,-35,10300,109,82,76,81,88
20160310 12:24,19,32,2,32,27,39,61,49,46,-38,10300,109,82,76,81,88
20160310 12:25,21,31,6,31,15,42,61,49,46,-38,10300,109,83,76,81,88
20160310 12:26,8,34,8,31,1,48,61,50,47,-35,10299,110,83,76,81,88
20160310 12:27,4,37,8,32,7,45,61,50,47,-35,10299,108,83,77,81,88
20160310 12:28,6,36,7,33,6,54,61,50,47,-35,10299,108,83,77,81,88
20160310 12:29,355,37,5,33,344,48,60,49,46,-39,10299,106,84,77,81,88
20160310 12:30,2,36,8,33,20,48,60,50,47,-36,10299,106,84,77,81,88
20160310 12:31,11,42,10,34,1,58,60,50,47,-36,10299,106,84,77,81,88
20160310 12:32,9,41,9,36,17,46,59,49,45,-40,10298,105,84,77,82,88
20160310 12:33,23,31,11,35,30,44,59,51,47,-35,10298,105,85,77,82,88
20160310 12:34,23,30,10,35,16,44,60,53,50,-28,10298,106,85,77,82,88
20160310 12:35,11,27,9,35,6,40,60,51,48,-34,10297,106,85,77,82,88
20160310 12:36,1,26,8,34,355,49,60,51,48,-34,10297,105,85,77,82,88
20160310 12:37,355,32,7,34,354,54,60,51,48,-34,10297,104,85,77,82,88
20160310 12:38,356,33,6,33,358,45,60,51,48,-34,10297,103,85,78,82,88
20160310 12:39,353,36,6,33,347,58,60,51,48,-34,10297,103,85,78,82,88
20160310 12:40,356,38,5,34,4,51,60,51,48,-34,10298,102,86,78,82,88
20160310 12:41,0,38,4,33,357,63,60,51,48,-34,10297,100,86,78,82,88
20160310 12:42,343,38,0,33,330,51,60,51,48,-34,10297,99,86,78,82,88
20160310 12:43,334,35,355,34,338,45,60,52,49,-31,10297,97,86,78,82,88
20160310 12:44,343,38,352,35,348,61,59,51,47,-35,10297,98,86,78,82,88
20160310 12:45,349,39,350,36,351,48,59,50,46,-37,10297,98,86,78,82,88
20160310 12:46,339,39,347,37,326,55,59,51,47,-35,10297,97,86,78,82,88
20160310 12:47,335,37,346,37,344,47,59,52,48,-32,10297,96,86,78,82,88
20160310 12:48,338,40,344,39,333,62,59,52,48,-32,10297,95,86,78,82,88
20160310 12:49,340,42,344,38,347,48,59,52,48,-32,10297,94,86,79,82,88
20160310 12:50,356,37,344,38,4,47,59,52,48,-32,10297,95,86,79,82,88
20160310 12:51,0,36,344,38,355,52,59,51,47,-35,10297,96,86,79,82,88
20160310 12:52,349,40,345,39,342,70,59,53,49,-29,10297,97,86,79,82,88
20160310 12:53,339,47,345,40,336,61,59,52,48,-32,10297,97,86,79,82,88
20160310 12:54,339,55,344,42,342,81,59,51,47,-35,10297,98,86,79,82,88
20160310 12:55,347,59,344,44,353,77,58,50,46,-38,10297,98,86,79,82,88
20160310 12:56,350,58,346,46,347,86,58,50,46,-38,10297,98,86,79,82,88
20160310 12:57,354,53,348,47,1,65,57,50,46,-39,10297,98,86,79,82,88
20160310 12:58,0,45,351,47,359,53,57,50,46,-39,10296,100,86,79,82,88
20160310 12:59,345,37,349,46,331,44,58,51,47,-35,10296,102,86,79,83,88
20160310 13:00,337,29,347,45,343,36,59,53,49,-29,10297,104,86,80,83,88
20160310 13:01,349,27,347,45,355,44,60,53,50,-28,10297,106,86,80,83,88
20160310 13:02,352,37,348,45,350,55,61,52,49,-30,10297,108,86,80,83,88
20160310 13:03,351,47,349,45,352,61,61,51,48,-33,10297,108,86,80,83,88
20160310 13:04,350,48,350,43,348,72,60,50,47,-36,10297,108,86,80,83,88
20160310 13:05,349,45,350,42,350,65,60,50,47,-36,10297,108,86,80,83,88
20160310 13:06,348,41,350,40,346,59,60,51,48,-34,10296,110,86,80,83,88
20160310 13:07,343,43,348,40,341,56,60,51,48,-34,10296,112,87,80,83,88
20160310 13:08,345,40,347,39,349,49,60,50,47,-36,10295,114,87,80,83,88
20160310 13:09,341,35,347,39,333,49,60,51,48,-34,10295,114,87,80,83,88
20160310 13:10,336,30,346,39,339,36,61,52,49,-30,10294,114,87,80,83,88
20160310 13:11,359,32,349,40,21,53,61,52,49,-30,10294,115,87,80,83,88
20160310 13:12,7,34,349,39,354,41,62,51,48,-32,10294,116,87,80,83,88
20160310 13:13,352,33,349,38,351,53,62,51,48,-32,10295,116,87,81,83,88
20160310 13:14,339,32,347,36,327,37,62,51,48,-32,10294,115,88,81,83,88
20160310 13:15,329,33,345,35,330,45,63,51,49,-31,10294,116,88,81,83,88
20160310 13:16,329,31,343,34,328,35,62,49,46,-37,10294,116,88,81,83,88
20160310 13:17,340,28,344,32,353,41,62,49,46,-37,10294,116,88,81,83,88
20160310 13:18,349,36,344,33,345,53,62,50,47,-34,10294,116,88,81,83,88
20160310 13:19,350,41,346,34,355,58,62,49,46,-37,10294,115,89,81,83,88
20160310 13:20,354,41,348,35,352,60,62,49,46,-37,10294,114,89,81,83,88
20160310 13:21,351,36,344,34,349,38,62,49,46,-37,10294,112,89,81,83,88
20160310 13:22,342,28,343,34,335,43,63,50,48,-34,10294,111,89,81,84,88
20160310 13:23,345,32,343,34,356,51,63,50,48,-34,10293,111,90,81,84,88
20160310 13:24,2,37,347,35,7,47,63,50,48,-34,10293,111,90,81,84,88
20160310 13:25,357,41,349,36,347,70,63,50,48,-34,10293,112,90,81,84,88
20160310 13:26,352,45,352,37,357,50,63,49,47,-36,10293,111,90,81,84,88
20160310 13:27,354,42,352,38,352,50,62,49,46,-37,10293,111,90,82,84,88
20160310 13:28,351,32,352,37,350,29,62,49,46,-37,10292,111,91,82,84,88
20160310 13:29,340,30,350,36,330,54,62,49,46,-37,10292,111,91,82,84,88
20160310 13:30,331,47,348,38,332,71,63,50,48,-34,10292,111,91,82,84,88
20160310 13:31,328,55,345,40,324,76,63,50,48,-34,10292,110,91,82,84,88
20160310 13:32,333,44,346,41,342,52,62,49,46,-37,10292,111,91,82,84,88
20160310 13:33,348,35,346,41,355,46,63,49,47,-36,10292,113,91,82,84,88
20160310 13:34,352,33,344,40,349,47,63,49,47,-36,10292,115,91,82,84,89
20160310 13:35,346,37,343,40,343,55,62,49,46,-37,10291,115,91,82,84,89
20160310 13:36,353,36,344,39,3,39,62,49,46,-37,10291,116,91,82,84,89
20160310 13:37,355,32,344,38,348,44,63,50,48,-34,10291,117,92,82,84,89
20160310 13:38,340,33,342,39,331,49,63,50,48,-34,10291,115,92,82,84,89
20160310 13:39,339,33,343,39,347,42,63,50,48,-34,10291,113,92,83,84,89
20160310 13:40,350,36,345,37,352,65,63,49,47,-36,10291,111,92,83,84,89
20160310 13:41,355,46,349,37,358,68,63,49,47,-36,10291,109,92,83,84,89
20160310 13:42,356,55,350,39,354,77,62,48,45,-40,10291,106,92,83,84,89
20160310 13:43,342,54,348,40,331,76,61,48,45,-41,10291,104,92,83,84,89
20160310 13:44,335,47,347,42,339,54,61,50,47,-35,10291,102,92,83,84,89
20160310 13:45,336,42,346,41,332,60,61,50,47,-35,10291,101,92,83,85,89
20160310 13:46,338,38,344,42,345,54,61,50,47,-35,10291,101,93,83,85,89
20160310 13:47,353,42,345,43,0,66,61,51,48,-33,10291,101,93,83,85,89
20160310 13:48,354,38,347,43,348,45,61,50,47,-35,10290,100,93,83,85,89
20160310 13:49,342,31,346,43,336,44,61,51,48,-33,10291,100,93,83,85,89
20160310 13:50,333,41,343,44,331,67,62,52,49,-29,10291,100,93,83,85,89
20160310 13:51,329,49,340,44,327,68,62,51,48,-32,10291,99,93,84,85,89
20160310 13:52,328,52,338,43,329,77,62,50,47,-34,10290,100,93,84,85,89
20160310 13:53,335,42,339,41,342,52,62,50,47,-34,10290,102,93,84,85,89
20160310 13:54,333,36,337,41,323,62,62,51,48,-32,10290,105,93,84,85,89
20160310 13:55,324,40,336,41,324,52,62,50,47,-34,10290,106,93,84,85,89
20160310 13:56,324,43,334,42,323,73,62,50,47,-34,10290,104,93,84,85,89
20160310 13:57,323,53,330,43,322,71,62,50,47,-34,10290,101,92,84,85,89
20160310 13:58,331,58,330,46,341,75,61,50,47,-35,10291,99,92,84,85,89
20160310 13:59,335,54,329,48,331,67,61,50,47,-35,10291,97,92,84,85,89
20160310 14:00,335,45,330,47,339,58,61,50,47,-35,10290,96,92,84,85,89
20160310 14:01,345,35,333,45,352,48,61,50,47,-35,10290,97,92,84,85,89
20160310 14:02,340,32,332,43,328,54,61,50,47,-35,10290,99,92,84,85,89
20160310 14:03,337,39,333,45,345,67,61,50,47,-35,10291,99,92,84,85,89
20160310 14:04,344,41,335,44,342,51,61,50,47,-35,10290,100,92,84,85,89
20160310 14:05,331,41,334,45,321,64,62,51,48,-32,10290,101,92,85,85,89
20160310 14:06,323,46,335,45,326,54,62,50,47,-34,10290,100,92,85,85,89
20160310 14:07,332,40,336,42,339,49,61,50,47,-35,10290,100,92,85,86,89
20160310 14:08,349,31,338,39,359,44,61,50,47,-35,10290,101,92,85,86,89
20160310 14:09,356,33,340,38,353,47,62,51,48,-32,10290,102,92,85,86,89
20160310 14:10,346,35,340,37,339,43,62,50,47,-34,10291,103,92,85,86,89
20160310 14:11,341,36,340,38,343,56,62,50,47,-34,10291,103,92,85,86,89
20160310 14:12,343,39,341,39,342,59,62,51,48,-32,10291,103,92,85,86,89
20160310 14:13,340,40,340,38,339,54,62,50,47,-34,10291,103,92,85,86,89
20160310 14:14,347,39,342,38,356,50,62,50,47,-34,10291,102,91,85,86,89
20160310 14:15,357,41,345,38,358,62,62,50,47,-34,10291,101,91,85,86,89
20160310 14:16,354,47,348,38,351,59,63,50,48,-34,10291,100,92,85,86,89
20160310 14:17,347,46,348,39,344,64,62,49,46,-37,10291,99,92,85,86,89
20160310 14:18,339,43,346,41,335,60,62,49,46,-37,10292,98,91,85,86,89
20160310 14:19,337,44,345,42,339,68,62,50,47,-34,10292,97,92,86,86,89
20160310 14:20,334,41,343,42,328,48,61,49,46,-38,10292,96,92,86,86,89
20160310 14:21,336,35,344,41,344,56,62,50,47,-34,10292,95,92,86,86,89
20160310 14:22,353,40,346,42,1,62,62,51,48,-32,10292,95,91,86,86,89
20160310 14:23,359,44,347,42,357,62,62,49,46,-37,10292,95,91,86,86,89
20160310 14:24,353,35,347,41,348,38,61,49,46,-38,10292,95,91,86,86,89
20160310 14:25,343,30,344,40,338,45,61,50,47,-35,10292,95,91,86,86,90
20160310 14:26,339,27,343,37,340,31,62,50,47,-34,10292,96,91,86,86,90
20160310 14:27,343,27,343,36,345,48,62,50,47,-34,10292,97,91,86,86,90
20160310 14:28,349,38,345,36,353,64,62,50,47,-34,10292,98,91,86,86,90
20160310 14:29,351,37,346,34,350,41,62,49,46,-37,10292,98,91,86,87,90
20160310 14:30,343,31,347,34,336,38,62,49,46,-37,10292,99,91,86,87,90
20160310 14:31,342,33,348,34,348,46,62,50,47,-34,10292,99,91,86,87,90
20160310 14:32,349,37,346,34,349,49,62,49,46,-37,10292,100,91,86,87,90
20160310 14:33,341,35,344,32,332,42,62,49,46,-37,10292,100,91,86,87,90
20160310 14:34,326,37,341,34,321,55,63,50,48,-34,10292,100,91,86,87,90
20160310 14:35,322,40,340,34,323,49,63,49,47,-36,10292,99,91,86,87,90
20160310 14:36,327,32,339,35,331,44,62,49,46,-37,10292,99,91,86,87,90
20160310 14:37,327,35,337,36,324,53,63,50,48,-34,10292,100,91,86,87,90
20160310 14:38,328,38,335,35,332,43,63,49,47,-36,10291,100,91,86,87,90
20160310 14:39,333,43,333,37,334,70,64,50,48,-33,10291,100,91,86,87,90
20160310 14:40,344,49,335,38,355,58,64,49,47,-35,10292,100,91,86,87,90
20160310 14:41,359,44,336,39,4,56,63,48,46,-39,10292,101,91,86,87,90
20160310 14:42,353,40,336,39,343,49,63,48,46,-39,10292,102,91,87,87,90
20160310 14:43,344,39,337,40,344,51,63,49,47,-36,10292,102,91,87,87,90
20160310 14:44,356,33,342,38,9,41,63,49,47,-36,10292,101,91,87,87,90
20160310 14:45,6,31,346,38,2,52,64,49,47,-35,10292,100,91,87,87,90
20160310 14:46,354,41,347,40,345,66,64,49,47,-35,10292,100,91,87,87,90
20160310 14:47,343,45,349,40,341,55,63,48,46,-39,10292,100,91,87,87,90
20160310 14:48,343,42,350,41,345,56,63,48,46,-39,10292,99,91,87,87,90
20160310 14:49,352,38,353,39,0,50,62,48,45,-40,10291,99,91,87,87,90
20160310 14:50,6,36,354,38,11,61,63,49,47,-36,10291,99,91,87,87,90
20160310 14:51,0,41,353,39,349,59,63,49,47,-36,10291,101,91,87,87,90
20160310 14:52,359,40,355,38,9,65,63,49,47,-36,10291,102,91,87,87,90
20160310 14:53,11,38,358,38,13,60,63,49,47,-36,10292,101,91,87,88,90
20160310 14:54,10,39,358,40,7,55,63,49,47,-36,10292,99,91,87,88,90
20160310 14:55,17,32,1,39,28,44,62,48,45,-40,10291,98,91,87,88,90
20160310 14:56,32,29,6,37,36,50,62,49,46,-37,10291,97,91,87,88,90
20160310 14:57,27,27,9,35,17,31,62,49,46,-37,10291,99,91,87,88,90
20160310 14:58,9,25,11,34,1,36,62,50,47,-34,10291,100,91,87,88,90
20160310 14:59,3,33,11,34,4,48,62,50,47,-34,10290,102,91,87,88,90
20160310 15:00,347,37,7,34,327,46,62,49,46,-37,10290,106,91,87,88,90
20160310 15:01,327,40,5,34,327,58,63,50,48,-34,10289,110,91,87,88,90
20160310 15:02,338,44,3,35,349,55,64,49,47,-35,10289,112,91,87,88,90
20160310 15:03,8,41,5,35,27,54,65,50,48,-32,10290,113,91,87,88,90
20160310 15:04,32,42,8,36,36,58,65,50,48,-32,10290,114,91,87,88,90
20160310 15:05,35,42,8,37,33,49,64,50,48,-33,10290,114,91,87,88,90
20160310 15:06,28,37,7,37,23,46,64,50,48,-33,10290,112,91,87,88,90
20160310 15:07,23,35,7,38,22,54,64,50,48,-33,10290,111,91,87,88,91
20160310 15:08,11,32,7,39,1,43,65,51,49,-29,10290,113,91,87,88,91
20160310 15:09,12,29,9,38,24,37,65,49,47,-34,10290,114,91,87,88,91
20160310 15:10,24,27,15,37,24,39,65,50,48,-32,10289,115,91,87,88,91
20160310 15:11,20,33,20,36,15,58,65,51,49,-29,10289,113,92,87,88,91
20160310 15:12,23,37,24,35,31,44,65,49,47,-34,10289,112,92,88,88,91
20160310 15:13,32,30,24,34,32,41,65,49,47,-34,10289,112,92,87,88,91
20160310 15:14,27,28,23,32,22,40,65,50,48,-32,10289,112,92,87,88,91
20160310 15:15,10,34,19,32,358,46,65,51,49,-29,10289,111,92,88,88,91
20160310 15:16,353,35,16,32,347,52,65,50,48,-32,10289,110,92,88,88,91
20160310 15:17,359,34,14,32,10,46,65,50,48,-32,10288,109,92,88,88,91
20160310 15:18,22,33,18,32,34,45,65,51,49,-29,10288,107,93,88,88,91
20160310 15:19,30,31,18,32,25,48,65,51,49,-29,10288,106,93,88,88,91
20160310 15:20,28,31,19,33,31,44,65,50,48,-32,10288,106,93,88,88,91
20160310 15:21,26,31,19,32,20,40,65,50,48,-32,10288,106,93,88,89,91
20160310 15:22,18,28,18,31,16,46,65,51,49,-29,10288,107,93,88,89,91
20160310 15:23,11,29,15,32,6,46,66,52,51,-25,10288,106,93,88,89,91
20160310 15:24,4,39,13,33,2,58,66,50,49,-31,10288,106,93,88,89,91
20160310 15:25,350,42,11,34,337,54,65,48,46,-37,10288,105,93,88,89,91
20160310 15:26,346,34,12,33,355,35,65,47,45,-40,10287,104,93,88,89,91
20160310 15:27,353,28,10,33,350,36,65,48,46,-37,10288,104,93,88,89,91
20160310 15:28,341,41,3,35,331,79,65,48,46,-37,10287,104,93,88,89,91
20160310 15:29,344,49,1,36,357,61,65,47,45,-40,10288,101,93,88,89,91
20160310 15:30,358,43,357,37,359,58,65,48,46,-37,10288,100,93,88,89,91
20160310 15:31,2,33,356,36,6,38,65,47,45,-40,10287,100,94,88,89,91
20160310 15:32,7,22,355,36,8,23,65,48,46,-37,10287,101,94,88,89,91
20160310 15:33,7,20,355,35,5,36,65,49,47,-34,10287,103,94,88,89,91
20160310 15:34,357,27,354,33,349,42,66,50,49,-31,10287,107,94,88,89,91
20160310 15:35,1,31,357,32,13,38,66,48,47,-36,10287,106,93,88,89,91
20160310 15:36,8,29,358,32,4,40,66,48,47,-36,10287,105,93,88,89,91
20160310 15:37,5,34,0,33,6,56,66,47,46,-39,10287,103,93,88,89,91
20160310 15:38,359,39,2,32,353,54,66,47,46,-39,10287,101,93,88,89,91
20160310 15:39,351,36,1,31,348,43,65,46,44,-43,10287,99,93,88,89,91
20160310 15:40,3,27,3,29,18,48,65,46,44,-43,10287,98,93,88,89,91
20160310 15:41,6,21,2,28,354,40,65,47,45,-40,10287,98,93,88,89,91
20160310 15:42,352,27,0,30,351,51,65,47,45,-40,10287,98,93,89,89,91
20160310 15:43,0,30,0,30,9,37,65,46,44,-43,10287,96,93,89,89,91
20160310 15:44,16,28,4,30,24,50,65,46,44,-43,10287,97,93,89,89,91
20160310 15:45,27,33,6,31,29,50,65,47,45,-40,10287,97,93,89,89,91
20160310 15:46,33,36,9,31,36,56,65,47,45,-40,10287,97,93,89,89,91
20160310 15:47,35,42,12,32,34,61,65,47,45,-40,10287,96,93,89,89,91
20160310 15:48,36,37,16,31,37,40,64,46,44,-44,10287,95,93,89,89,91
20160310 15:49,25,28,19,31,13,44,64,47,45,-41,10286,96,93,89,89,91
20160310 15:50,5,30,16,32,356,49,65,47,45,-40,10287,95,93,89,89,91
20160310 15:51,4,27,18,32,12,37,65,46,44,-43,10287,94,93,89,89,91
20160310 15:52,23,23,22,31,34,36,65,47,45,-40,10286,94,93,89,89,91
20160310 15:53,24,22,23,30,13,27,65,48,46,-37,10287,94,93,89,90,92
20160310 15:54,11,19,21,29,9,30,65,49,47,-34,10287,95,93,89,90,92
20160310 15:55,7,26,19,29,5,43,65,49,47,-34,10287,94,93,89,90,92
20160310 15:56,27,31,20,28,50,38,65,47,45,-40,10287,93,93,89,90,92
20160310 15:57,44,25,21,25,37,34,65,48,46,-37,10287,93,92,89,90,92
20160310 15:58,31,24,19,25,25,36,65,47,45,-40,10287,93,92,89,90,92
20160310 15:59,16,21,19,24,6,26,65,48,46,-37,10287,93,92,89,90,92
20160310 16:00,4,19,19,23,2,45,65,49,47,-34,10287,94,92,89,90,92
20160310 16:01,11,28,20,24,20,54,65,48,46,-37,10287,94,92,89,90,92
20160310 16:02,14,29,17,25,7,38,65,48,46,-37,10287,94,92,89,90,92
20160310 16:03,15,26,18,25,22,37,65,48,46,-37,10287,94,92,89,90,92
20160310 16:04,27,24,20,26,31,30,65,48,46,-37,10287,94,92,89,90,92
20160310 16:05,40,24,25,25,48,39,65,48,46,-37,10287,95,92,89,90,92
20160310 16:06,47,24,24,24,46,40,65,48,46,-37,10287,95,92,89,90,92
20160310 16:07,39,26,24,25,31,40,65,48,46,-37,10287,96,91,89,90,92
20160310 16:08,36,28,25,25,40,37,65,48,46,-37,10287,98,91,89,90,92
20160310 16:09,45,35,30,28,49,63,65,47,45,-40,10287,98,91,90,90,92
20160310 16:10,43,45,33,30,36,64,65,47,45,-40,10287,96,91,90,90,92
20160310 16:11,32,36,34,29,27,41,64,47,45,-41,10287,94,91,90,90,92
20160310 16:12,32,34,37,31,38,72,64,48,46,-38,10287,93,91,90,90,92
20160310 16:13,42,42,39,32,46,68,64,47,45,-41,10287,92,91,90,90,92
20160310 16:14,40,45,40,35,34,60,63,47,45,-42,10288,89,91,90,90,92
20160310 16:15,28,44,37,37,21,54,63,47,45,-42,10288,86,91,90,90,92
20160310 16:16,23,32,35,37,24,35,63,48,46,-39,10288,84,91,90,90,92
20160310 16:17,28,26,35,37,33,41,63,49,47,-36,10288,83,91,90,90,92
20160310 16:18,30,34,34,38,28,59,63,49,47,-36,10288,83,91,90,90,92
20160310 16:19,31,34,32,36,35,43,62,48,45,-40,10288,81,91,90,90,92
20160310 16:20,36,39,32,37,38,64,62,49,46,-37,10288,80,91,90,90,92
20160310 16:21,35,44,33,38,32,54,61,49,46,-38,10287,79,90,90,90,92
20160310 16:22,22,34,30,37,13,47,61,49,46,-38,10287,78,90,90,90,92
20160310 16:23,14,32,27,36,15,42,61,50,47,-35,10288,78,90,90,90,92
20160310 16:24,28,35,28,35,41,46,61,50,47,-35,10288,77,90,90,90,92
20160310 16:25,46,40,31,35,50,69,61,51,48,-33,10288,77,90,90,90,92
20160310 16:26,48,41,33,36,47,62,60,51,48,-34,10288,76,90,90,90,92
20160310 16:27,40,45,33,39,33,61,60,51,48,-34,10289,76,89,90,91,92
20160310 16:28,27,47,33,39,21,51,60,51,48,-34,10289,75,89,90,91,92
20160310 16:29,25,37,32,39,30,39,60,52,49,-31,10288,75,89,90,91,92
20160310 16:30,35,29,32,37,41,39,60,53,50,-28,10288,76,89,90,91,92
20160310 16:31,43,37,34,38,46,69,60,53,50,-28,10287,76,88,90,91,92
20160310 16:32,45,42,37,39,44,60,59,52,48,-32,10287,76,88,90,91,92
20160310 16:33,38,43,39,40,32,62,59,51,47,-35,10288,75,88,90,91,92
20160310 16:34,31,46,37,41,30,59,59,51,47,-35,10288,75,88,90,91,92
20160310 16:35,21,41,34,41,11,50,59,51,47,-35,10288,74,88,90,91,92
20160310 16:36,13,37,30,41,14,52,59,52,48,-32,10288,74,87,90,91,92
20160310 16:37,18,41,29,40,22,61,59,51,47,-35,10288,74,87,90,91,92
20160310 16:38,26,46,30,40,31,60,59,51,47,-35,10288,74,87,90,91,92
20160310 16:39,28,49,30,42,24,65,58,51,47,-35,10288,73,87,90,91,93
20160310 16:40,33,49,30,44,41,67,58,51,47,-35,10288,72,86,90,91,93
20160310 16:41,41,40,29,43,40,53,58,51,47,-35,10288,72,86,90,91,93
20160310 16:42,33,32,27,42,27,47,58,52,48,-33,10288,72,86,90,91,93
20160310 16:43,25,36,26,42,22,54,58,53,49,-30,10288,72,86,90,91,93
20160310 16:44,14,40,24,41,5,55,58,51,47,-35,10288,71,86,90,91,93
20160310 16:45,19,34,26,40,33,47,58,51,47,-35,10288,71,85,90,91,93
20160310 16:46,30,30,27,40,27,48,58,52,48,-33,10288,71,85,90,91,93
20160310 16:47,29,41,28,40,32,64,57,52,48,-34,10288,71,85,90,91,93
20160310 16:48,29,42,28,39,27,52,57,51,47,-36,10288,70,85,90,91,93
20160310 16:49,28,43,28,39,29,72,57,51,47,-36,10288,70,85,90,91,93
20160310 16:50,30,51,27,39,31,60,57,51,47,-36,10288,69,84,90,91,93
20160310 16:51,33,39,27,39,36,42,56,52,47,-35,10288,68,84,90,91,93
20160310 16:52,36,32,28,39,36,53,56,52,47,-35,10288,68,84,90,91,93
20160310 16:53,34,37,29,39,33,54,56,52,47,-35,10288,67,84,90,91,93
20160310 16:54,39,34,33,38,45,40,56,52,47,-35,10288,66,84,90,91,93
20160310 16:55,37,35,32,39,29,47,56,52,47,-35,10289,66,83,90,91,93
20160310 16:56,29,37,33,39,30,53,56,51,46,-37,10289,65,83,90,91,93
20160310 16:57,31,37,33,38,31,57,56,51,46,-37,10289,65,83,89,91,93
20160310 16:58,38,31,34,37,44,44,56,52,47,-35,10290,64,83,89,91,93
20160310 16:59,48,29,37,35,52,48,56,53,48,-32,10290,64,83,89,91,93
20160310 17:00,51,34,39,34,51,51,56,53,48,-32,10290,64,82,89,91,93
20160310 17:01,52,38,40,35,53,63,55,52,47,-36,10290,63,82,89,91,93
20160310 17:02,48,43,41,36,42,56,55,51,46,-38,10290,63,82,89,91,93
20160310 17:03,42,44,42,37,41,60,55,52,47,-36,10290,62,82,89,91,93
20160310 17:04,38,44,41,38,35,64,55,52,47,-36,10290,62,81,89,91,93
20160310 17:05,26,42,40,38,17,60,55,52,47,-36,10290,62,81,89,91,93
20160310 17:06,11,40,37,38,4,47,55,51,46,-38,10291,62,81,89,91,93
20160310 17:07,16,34,37,38,28,41,55,51,46,-38,10291,62,81,89,91,93
20160310 17:08,27,30,35,38,26,42,55,52,47,-36,10291,61,81,89,91,93
20160310 17:09,29,32,33,38,33,46,55,52,47,-36,10291,61,80,89,91,93
20160310 17:10,33,42,31,40,33,61,55,52,47,-36,10291,60,80,89,91,93
20160310 17:11,29,42,29,39,26,53,55,51,46,-38,10292,59,80,89,91,93
20160310 17:12,27,41,27,39,28,60,55,51,46,-38,10292,59,80,89,91,93
20160310 17:13,28,39,26,38,28,47,54,51,46,-39,10292,58,79,89,91,93
20160310 17:14,25,38,25,38,22,58,54,51,46,-39,10292,57,79,89,91,93
20160310 17:15,26,35,26,36,30,38,54,51,46,-39,10292,56,79,89,91,93
20160310 17:16,33,23,29,35,37,25,54,52,47,-37,10292,55,79,89,91,93
20160310 17:17,30,27,29,35,24,65,54,53,48,-34,10291,55,79,89,91,93
20160310 17:18,27,40,29,37,30,57,53,51,45,-40,10292,54,78,89,91,93
20160310 17:19,33,41,29,37,36,50,53,51,45,-40,10291,53,78,89,91,93
20160310 17:20,43,30,31,34,50,33,53,50,45,-43,10292,52,78,89,91,93
20160310 17:21,41,37,32,36,31,74,53,51,45,-40,10292,51,78,89,92,93
20160310 17:22,33,46,32,35,35,57,53,50,45,-43,10292,50,77,88,92,93
20160310 17:23,37,35,33,35,38,47,52,51,45,-41,10292,49,77,88,92,93
20160310 17:24,44,24,36,33,51,44,52,52,46,-38,10292,49,77,88,92,93
20160310 17:25,46,24,37,33,41,43,52,52,46,-38,10292,48,77,88,92,93
20160310 17:26,38,28,37,33,36,43,52,52,46,-38,10293,48,76,88,92,93
20160310 17:27,37,32,38,34,37,46,52,52,46,-38,10293,48,76,88,92,93
20160310 17:28,34,33,38,32,30,40,52,51,45,-41,10293,47,76,88,92,93
20160310 17:29,28,35,38,33,27,51,51,51,45,-42,10293,47,76,88,92,93
20160310 17:30,28,40,35,34,29,49,51,51,45,-42,10293,47,75,88,92,93
20160310 17:31,29,38,35,33,29,45,51,50,44,-45,10293,46,75,88,92,93
20160310 17:32,25,32,34,31,21,33,51,51,45,-42,10293,46,75,88,92,93
20160310 17:33,26,25,33,31,31,44,51,51,45,-42,10293,46,75,88,92,93
20160310 17:34,27,31,30,33,24,45,51,52,46,-39,10293,46,74,88,92,94
20160310 17:35,22,34,28,33,20,45,51,51,45,-42,10293,46,74,88,92,94
20160310 17:36,32,31,29,34,43,43,51,51,45,-42,10293,45,74,88,92,94
20160310 17:37,41,31,29,33,39,44,51,51,45,-42,10293,45,74,88,92,94
20160310 17:38,40,27,30,32,40,32,51,51,45,-42,10293,45,73,88,92,94
20160310 17:39,40,26,32,31,39,40,51,52,46,-39,10293,45,73,87,92,94
20160310 17:40,36,23,32,29,33,25,50,50,44,-46,10294,45,73,87,92,94
20160310 17:41,40,19,34,27,47,49,50,51,44,-43,10294,45,73,87,91,94
20160310 17:42,42,32,35,29,37,55,50,51,44,-43,10294,44,72,87,92,94
20160310 17:43,32,41,35,30,27,51,50,49,43,-48,10294,44,72,87,92,94
20160310 17:44,29,41,36,31,31,60,50,48,42,-51,10295,43,72,87,91,94
20160310 17:45,29,39,36,31,28,43,50,49,43,-48,10295,43,71,87,91,94
20160310 17:46,23,31,34,31,18,36,50,48,42,-51,10295,42,71,87,92,94
20160310 17:47,31,29,35,31,45,50,49,49,42,-49,10295,42,71,87,91,94
20160310 17:48,42,40,34,33,39,64,49,49,42,-49,10295,42,71,87,91,94
20160310 17:49,38,40,34,34,38,58,49,47,41,-55,10294,41,71,87,91,94
20160310 17:50,34,37,34,36,30,54,49,48,42,-52,10295,40,70,87,91,94
20160310 17:51,31,42,33,38,32,57,49,48,42,-52,10295,39,70,87,91,94
20160310 17:52,30,41,32,38,29,59,48,47,40,-56,10295,38,70,87,91,94
20160310 17:53,35,38,33,38,42,44,48,47,40,-56,10296,38,70,86,91,94
20160310 17:54,37,34,33,37,32,46,48,47,40,-56,10296,37,69,86,91,94
20160310 17:55,36,29,34,36,39,52,48,48,41,-53,10296,37,69,86,91,94
20160310 17:56,39,31,37,37,39,48,48,49,42,-50,10296,36,69,86,91,94
20160310 17:57,40,35,36,37,42,46,48,48,41,-53,10296,35,69,86,91,94
20160310 17:58,38,36,36,36,34,65,48,48,41,-53,10296,35,69,86,91,94
20160310 17:59,29,42,34,37,23,64,47,48,41,-54,10296,34,68,86,91,94
20160310 18:00,27,44,34,38,31,54,47,47,40,-56,10296,33,68,86,91,94
20160310 18:01,35,39,35,37,38,52,47,47,40,-56,10296,33,68,86,91,94
20160310 18:02,31,29,34,35,23,25,47,47,40,-56,10296,32,67,86,91,94
20160310 18:03,20,26,32,34,18,42,47,48,41,-54,10297,32,67,86,91,94
20160310 18:04,20,34,31,35,22,53,47,47,40,-56,10297,31,67,86,91,94
20160310 18:05,21,33,29,35,20,40,47,47,40,-56,10297,31,67,85,91,94
20160310 18:06,20,26,27,34,19,35,47,47,40,-56,10297,31,66,85,91,94
20160310 18:07,27,22,26,32,35,26,46,48,41,-55,10297,30,66,85,91,94
20160310 18:08,38,21,27,31,42,42,46,49,42,-52,10297,30,66,85,91,94
20160310 18:09,34,26,27,29,27,41,46,49,42,-52,10297,30,66,85,91,94
20160310 18:10,30,31,28,28,32,45,46,50,42,-49,10297,29,65,85,91,94
20160310 18:11,29,30,26,27,25,37,46,50,42,-49,10297,29,65,85,91,94
20160310 18:12,20,29,26,28,16,44,45,49,41,-53,10297,29,65,85,91,94
20160310 18:13,17,29,26,28,18,37,45,49,41,-53,10297,28,64,85,91,94
20160310 18:14,17,24,25,26,16,25,45,49,41,-53,10297,28,64,85,91,94
20160310 18:15,19,25,25,26,22,39,45,50,42,-50,10297,28,64,85,91,94
20160310 18:16,28,26,27,26,33,39,45,50,42,-50,10297,28,64,84,91,94
20160310 18:17,29,26,26,27,25,39,45,50,42,-50,10298,28,63,84,91,94
20160310 18:18,27,26,24,27,29,33,45,50,42,-50,10298,28,63,84,91,94
20160310 18:19,23,24,23,27,17,33,44,50,42,-51,10298,27,63,84,91,94
20160310 18:20,35,23,25,25,54,37,44,50,42,-51,10298,27,63,84,91,94
20160310 18:21,47,20,27,25,40,33,44,51,43,-48,10298,27,62,84,91,94
20160310 18:22,34,21,28,24,28,29,44,51,43,-48,10298,27,62,84,91,94
20160310 18:23,31,20,30,23,34,26,44,51,43,-48,10298,27,62,84,91,94
20160310 18:24,37,23,32,24,41,42,44,52,43,-46,10298,27,62,84,91,94
20160310 18:25,39,25,34,23,36,31,43,52,43,-47,10298,27,61,84,91,94
20160310 18:26,34,22,34,23,32,30,43,52,43,-47,10298,26,61,83,91,94
20160310 18:27,27,23,33,23,23,35,43,52,43,-47,10298,26,61,83,91,94
20160310 18:28,26,26,33,23,28,34,43,52,43,-47,10298,26,61,83,91,94
20160310 18:29,24,24,34,23,20,32,43,51,42,-49,10298,26,60,83,91,94
20160310 18:30,24,29,31,24,29,41,43,52,43,-47,10298,25,60,83,91,94
20160310 18:31,27,32,30,25,25,38,43,51,42,-49,10298,25,60,83,91,94
20160310 18:32,24,29,29,26,23,37,43,51,42,-49,10298,25,60,83,91,94
20160310 18:33,26,34,29,28,30,50,43,51,42,-49,10298,24,59,83,91,94
20160310 18:34,30,35,27,28,29,51,43,51,42,-49,10298,24,59,83,91,94
20160310 18:35,31,33,27,29,32,49,43,51,42,-49,10298,23,59,83,91,94
20160310 18:36,32,31,27,30,33,43,43,51,42,-49,10298,23,59,83,91,94
20160310 18:37,31,33,28,31,29,44,43,51,42,-49,10298,23,59,82,91,94
20160310 18:38,29,31,28,31,29,41,43,51,42,-49,10298,23,58,82,91,94
20160310 18:39,38,21,30,31,46,38,43,51,42,-49,10298,22,58,82,90,94
20160310 18:40,41,22,31,30,36,32,42,52,43,-48,10299,22,58,82,90,94
20160310 18:41,34,24,32,29,32,31,42,52,43,-48,10299,22,58,82,90,94
20160310 18:42,32,21,33,28,33,26,42,53,44,-45,10299,21,58,82,90,94
20160310 18:43,29,23,32,27,26,41,42,53,44,-45,10298,21,57,82,90,94
20160310 18:44,27,32,32,28,29,50,42,53,44,-45,10298,21,57,82,90,94
20160310 18:45,35,35,33,27,42,46,41,52,43,-49,10298,21,57,82,90,94
20160310 18:46,35,27,33,27,29,36,41,52,43,-49,10298,20,57,81,90,94
20160310 18:47,28,22,33,25,27,31,41,52,43,-49,10298,20,57,81,90,94
20160310 18:48,27,21,33,24,26,27,41,52,43,-49,10298,20,56,81,90,94
20160310 18:49,27,24,31,25,27,35,41,52,43,-49,10298,19,56,81,90,94
20160310 18:50,26,29,29,26,24,49,41,52,43,-49,10298,19,56,81,90,94
20160310 18:51,30,36,30,28,35,54,41,52,43,-49,10299,19,56,81,90,94
20160310 18:52,36,39,30,30,37,53,41,51,42,-51,10299,19,55,81,90,94
20160310 18:53,35,27,31,29,33,33,41,51,42,-51,10299,19,55,81,90,94
20160310 18:54,32,25,31,28,31,42,41,51,42,-51,10299,18,55,81,90,94
20160310 18:55,34,27,31,27,37,31,40,51,41,-52,10298,18,55,80,90,94
20160310 18:56,35,25,31,28,33,38,40,51,41,-52,10298,18,55,80,90,94
20160310 18:57,31,27,31,28,30,31,40,50,41,-55,10298,17,54,80,90,94
20160310 18:58,31,25,32,29,33,44,40,51,41,-52,10299,17,54,80,90,94
20160310 18:59,32,28,32,29,31,42,40,51,41,-52,10299,17,54,80,90,94
20160310 19:00,31,26,33,28,30,27,40,51,41,-52,10299,17,54,80,90,94
20160310 19:01,30,19,33,26,31,27,40,51,41,-52,10299,16,54,80,90,94
20160310 19:02,31,23,32,25,31,35,39,52,42,-51,10300,16,53,80,90,94
20160310 19:03,33,28,32,26,34,41,39,51,41,-53,10300,16,53,80,90,94
20160310 19:04,30,30,32,26,25,38,39,51,41,-53,10300,16,53,80,90,94
20160310 19:05,29,28,31,26,32,38,39,50,40,-56,10300,16,53,79,89,94
20160310 19:06,31,26,31,26,30,33,39,51,41,-53,10300,15,53,79,90,94
20160310 19:07,26,24,30,26,23,28,39,51,41,-53,10300,15,52,79,89,94
20160310 19:08,24,26,29,26,25,51,39,50,40,-56,10300,15,52,79,89,94
20160310 19:09,25,32,29,26,25,51,39,50,40,-56,10300,15,52,79,89,94
20160310 19:10,30,26,29,26,36,24,39,49,40,-58,10300,15,52,79,89,94
20160310 19:11,37,17,30,26,38,32,39,50,40,-56,10300,14,52,79,89,94
20160310 19:12,32,20,29,26,27,33,39,50,40,-56,10300,14,51,79,89,94
20160310 19:13,27,20,29,25,27,22,38,49,39,-59,10300,14,51,79,89,94
20160310 19:14,29,18,29,23,32,23,38,50,40,-57,10301,13,51,78,89,94
20160310 19:15,35,20,30,23,37,31,38,50,40,-57,10301,13,51,78,89,94
20160310 19:16,28,25,29,23,20,43,38,50,40,-57,10301,13,51,78,89,94
20160310 19:17,25,28,30,24,30,34,37,50,40,-58,10302,13,50,78,89,94
20160310 19:18,38,25,32,23,46,35,37,50,40,-58,10302,13,50,78,89,94
20160310 19:19,36,25,32,22,26,35,37,50,40,-58,10302,13,50,78,89,94
20160310 19:20,25,24,31,23,25,34,37,50,40,-58,10302,12,50,78,89,94
20160310 19:21,32,22,31,23,40,34,37,50,40,-58,10302,12,50,78,89,94
20160310 19:22,31,23,30,23,21,34,37,50,40,-58,10302,12,49,78,89,94
20160310 19:23,26,27,31,24,31,32,37,50,40,-58,10303,12,49,77,89,94
20160310 19:24,31,22,31,24,31,26,37,50,40,-58,10303,12,49,77,89,94
20160310 19:25,36,15,31,23,42,21,37,50,40,-58,10303,11,49,77,89,94
20160310 19:26,45,15,34,22,47,22,37,51,41,-55,10303,11,49,77,89,94
20160310 19:27,41,14,34,20,34,18,37,51,41,-55,10303,11,48,77,89,94
20160310 19:28,34,15,33,20,33,31,36,51,40,-56,10304,11,48,77,89,94
20160310 19:29,34,22,34,20,35,34,36,52,41,-53,10304,11,48,77,88,94
20160310 19:30,33,21,34,19,30,26,36,52,41,-53,10304,11,48,77,88,94
20160310 19:31,35,15,34,18,40,18,36,52,41,-53,10304,11,48,77,88,94
20160310 19:32,36,16,36,18,33,30,36,53,42,-51,10304,10,48,77,88,94
20160310 19:33,35,23,36,18,37,42,35,53,42,-52,10304,10,47,76,88,94
20160310 19:34,36,21,37,18,36,23,35,53,42,-52,10305,10,47,76,88,94
20160310 19:35,35,20,36,19,34,34,35,53,42,-52,10305,10,47,76,88,93
20160310 19:36,37,23,35,19,41,28,35,52,41,-54,10304,10,47,76,88,94
20160310 19:37,44,16,37,19,48,16,35,52,41,-54,10304,10,47,76,88,94
20160310 19:38,48,12,38,19,48,16,35,53,42,-52,10304,10,47,76,88,93
20160310 19:39,42,12,38,17,36,16,35,53,42,-52,10304,10,46,76,88,93
20160310 19:40,36,15,39,18,36,24,35,53,42,-52,10305,9,46,76,88,93
20160310 19:41,35,18,38,18,34,29,35,54,42,-49,10305,9,46,75,88,93
20160310 19:42,38,21,39,18,43,29,34,54,42,-50,10305,9,46,75,88,93
20160310 19:43,43,19,40,17,44,29,34,54,42,-50,10305,9,46,75,88,93
20160310 19:44,40,19,40,18,37,32,34,54,42,-50,10305,9,46,75,88,93
20160310 19:45,35,21,40,18,33,28,34,54,42,-50,10305,9,45,75,88,93
20160310 19:46,32,18,39,17,32,18,34,54,42,-50,10305,9,45,75,88,93
20160310 19:47,25,16,36,18,18,24,34,55,43,-48,10305,9,45,75,88,93
20160310 19:48,25,21,35,19,32,35,34,55,43,-48,10305,9,45,75,87,93
20160310 19:49,33,25,34,20,34,38,34,55,43,-48,10305,9,45,75,87,93
20160310 19:50,33,23,34,20,32,34,34,55,43,-48,10305,9,45,75,87,93
20160310 19:51,25,23,32,21,17,34,34,55,43,-48,10305,9,45,74,87,93
20160310 19:52,21,24,30,21,24,34,34,55,43,-48,10305,9,44,74,87,93
20160310 19:53,35,20,30,21,45,33,34,56,44,-45,10305,9,44,74,87,93
20160310 19:54,44,14,31,20,42,16,33,56,43,-46,10305,9,44,74,87,93
20160310 19:55,39,19,31,21,37,37,33,56,43,-46,10305,8,44,74,87,93
20160310 19:56,36,25,32,21,36,31,33,56,43,-46,10305,8,44,74,87,93
20160310 19:57,33,19,33,21,31,24,33,56,43,-46,10306,9,44,74,87,93
20160310 19:58,33,18,33,20,36,23,33,57,44,-44,10306,8,44,74,87,93
20160310 19:59,34,17,33,20,33,24,33,57,44,-44,10306,8,43,74,87,93
20160310 20:00,26,19,32,20,18,28,33,56,43,-46,10306,8,43,74,87,93
