time_now,wd_avg_2mins,ws_avg_2mins,wd_avg_10mins,ws_avg_10mins,wd_maxsp_this_min,ws_maxsp_this_min,air_temp_by_box,relative_humidity,water_vapor_pressure,dew_temp,station_pressure,ground_temp_pt,ground_tem_5cm,ground_tem_10cm,ground_tem_15cm,ground_tem_20cm
20160225 20:01,71,23,68,24,73,37,33,67,52,-22,10372,22,66,94,101,99
20160225 20:02,69,26,67,24,65,44,33,67,52,-22,10372,22,66,94,101,99
20160225 20:03,65,27,67,25,65,35,33,66,51,-24,10372,22,66,94,101,99
20160225 20:04,65,24,66,25,64,32,33,66,51,-24,10372,21,66,94,101,99
20160225 20:05,64,22,66,25,63,35,33,67,52,-22,10372,21,65,94,100,99
20160225 20:06,60,24,65,25,58,39,33,67,52,-22,10372,21,65,93,100,99
20160225 20:07,61,27,65,24,64,33,33,67,52,-22,10372,21,65,93,100,99
20160225 20:08,64,28,65,25,64,43,33,67,52,-22,10372,21,65,93,100,99
20160225 20:09,61,29,64,25,57,48,33,67,52,-22,10372,21,65,93,100,99
20160225 20:10,61,29,64,26,64,42,33,66,51,-24,10372,21,64,93,100,99
20160225 20:11,63,29,63,27,63,40,33,66,51,-24,10372,20,64,93,100,99
20160225 20:12,60,28,62,27,57,40,33,66,51,-24,10372,20,64,93,100,99
20160225 20:13,62,25,62,26,66,30,33,66,51,-24,10372,20,64,92,100,99
20160225 20:14,66,22,62,26,65,32,33,66,51,-24,10372,20,64,92,100,99
20160225 20:15,67,24,63,27,68,40,33,66,51,-24,10372,20,63,92,100,99
20160225 20:16,66,26,63,27,64,40,32,66,51,-25,10372,20,63,92,100,99
20160225 20:17,67,27,64,27,69,38,32,66,51,-25,10372,20,63,92,100,99
20160225 20:18,63,25,63,26,58,39,32,66,51,-25,10372,19,63,92,99,99
20160225 20:19,61,26,64,26,65,38,32,66,51,-25,10372,19,63,92,99,99
20160225 20:20,64,27,64,26,64,31,32,66,51,-25,10372,19,62,91,99,99
20160225 20:21,65,26,64,25,67,37,32,66,51,-25,10372,19,62,91,99,99
20160225 20:22,66,26,65,25,65,38,32,65,50,-27,10372,19,62,91,99,98
20160225 20:23,69,26,66,26,72,42,32,66,51,-25,10372,19,62,91,99,99
20160225 20:24,71,28,66,26,71,34,32,66,51,-25,10372,18,62,91,99,98
20160225 20:25,67,29,66,27,64,45,32,65,50,-27,10372,18,62,91,99,98
20160225 20:26,69,32,67,27,74,40,32,65,50,-27,10372,18,61,90,99,98
20160225 20:27,73,30,67,27,72,40,32,64,49,-29,10373,18,61,90,99,98
20160225 20:28,70,28,68,28,68,40,32,65,50,-27,10373,18,61,90,99,98
20160225 20:29,71,28,69,28,74,39,32,65,50,-27,10373,18,61,90,99,98
20160225 20:30,67,25,69,28,61,40,32,65,50,-27,10372,18,61,90,99,98
20160225 20:31,63,23,69,27,65,31,32,65,50,-27,10372,18,60,90,98,98
20160225 20:32,65,27,69,28,65,44,31,65,50,-28,10372,17,60,90,98,98
20160225 20:33,66,32,68,28,67,40,31,65,50,-28,10372,17,60,89,98,98
20160225 20:34,66,30,67,28,64,41,31,65,50,-28,10372,17,60,89,98,98
20160225 20:35,65,30,67,29,65,49,31,65,50,-28,10372,17,60,89,98,98
20160225 20:36,67,32,67,28,69,37,31,64,49,-30,10372,17,60,89,98,98
20160225 20:37,68,30,66,28,67,42,31,64,49,-30,10372,17,59,89,98,98
20160225 20:38,68,29,67,28,70,41,31,65,50,-28,10372,17,59,89,98,98
20160225 20:39,71,32,66,29,71,43,31,65,50,-28,10372,16,59,89,98,98
20160225 20:40,69,29,67,29,66,39,31,65,50,-28,10372,16,59,88,98,98
20160225 20:41,70,25,68,30,73,36,31,65,50,-28,10372,16,59,88,98,98
20160225 20:42,73,26,68,29,73,35,31,65,50,-28,10372,16,59,88,98,98
20160225 20:43,71,27,69,29,70,35,30,66,50,-27,10372,16,58,88,98,98
20160225 20:44,74,27,70,29,78,35,30,66,50,-27,10371,16,58,88,97,98
20160225 20:45,77,30,71,29,77,39,30,66,50,-27,10371,16,58,88,97,98
20160225 20:46,75,31,72,29,74,34,30,66,50,-27,10371,16,58,88,97,98
20160225 20:47,75,29,73,29,75,38,30,66,50,-27,10372,15,58,88,97,98
20160225 20:48,75,29,73,29,75,43,30,67,51,-25,10372,15,57,87,97,98
20160225 20:49,72,28,73,28,70,37,30,67,51,-25,10372,15,57,87,97,98
20160225 20:50,71,27,74,28,72,36,30,67,51,-25,10372,15,57,87,97,98
20160225 20:51,74,29,74,29,75,41,30,66,50,-27,10372,15,57,87,97,98
20160225 20:52,73,31,74,29,70,45,30,67,51,-25,10373,15,57,87,97,98
20160225 20:53,70,30,74,29,70,41,30,66,50,-27,10373,15,57,87,97,98
20160225 20:54,70,25,73,29,69,33,30,66,50,-27,10373,15,56,87,97,98
20160225 20:55,68,20,72,27,66,34,29,67,50,-26,10373,15,56,86,97,97
20160225 20:56,67,23,71,27,68,40,29,67,50,-26,10374,14,56,86,96,97
20160225 20:57,66,24,70,26,64,28,29,67,50,-26,10374,14,56,86,96,97
20160225 20:58,65,22,69,26,66,30,29,67,50,-26,10374,14,56,86,96,97
20160225 20:59,65,23,68,26,63,32,29,67,50,-26,10375,14,56,86,96,97
20160225 21:00,64,25,68,25,65,33,29,67,50,-26,10375,14,56,86,96,97
20160225 21:01,61,23,66,24,57,28,29,66,50,-28,10375,14,55,86,96,97
20160225 21:02,59,23,65,24,61,39,29,66,50,-28,10375,14,55,86,96,97
20160225 21:03,62,24,64,23,62,38,29,67,50,-26,10374,14,55,85,96,97
20160225 21:04,64,25,64,24,65,33,29,67,50,-26,10374,13,55,85,96,97
20160225 21:05,66,25,64,24,68,34,29,67,50,-26,10374,13,55,85,96,97
20160225 21:06,66,26,64,24,64,34,28,67,50,-27,10374,13,55,85,96,97
20160225 21:07,67,25,64,25,69,35,28,67,50,-27,10375,13,54,85,96,97
20160225 21:08,67,21,64,24,66,26,28,67,50,-27,10375,13,54,85,95,97
20160225 21:09,66,20,64,24,67,26,28,67,50,-27,10375,13,54,85,95,97
20160225 21:10,67,24,65,24,68,36,28,67,50,-27,10375,13,54,84,95,97
20160225 21:11,66,29,65,25,63,34,28,67,50,-27,10374,13,54,84,95,97
20160225 21:12,63,26,66,25,63,32,28,67,50,-27,10374,13,54,84,95,97
20160225 21:13,65,24,66,25,66,33,28,67,50,-27,10374,13,54,84,95,97
20160225 21:14,69,27,66,25,71,39,28,67,50,-27,10373,12,53,84,95,97
20160225 21:15,69,28,66,25,66,39,28,67,50,-27,10373,12,53,84,95,97
20160225 21:16,67,30,67,26,68,42,28,68,51,-25,10372,12,53,84,95,97
20160225 21:17,70,27,67,26,72,30,28,68,51,-25,10372,12,53,84,95,97
20160225 21:18,70,24,67,26,69,34,28,68,51,-25,10372,12,53,83,95,97
20160225 21:19,69,26,68,27,70,35,27,68,50,-26,10372,12,53,83,95,97
20160225 21:20,72,24,68,26,75,26,27,68,50,-26,10371,12,53,83,94,97
20160225 21:21,75,21,70,26,75,35,27,68,50,-26,10371,12,52,83,94,97
20160225 21:22,74,25,70,26,72,38,27,68,50,-26,10371,12,52,83,94,97
20160225 21:23,73,23,71,25,73,26,27,68,50,-26,10371,11,52,83,94,96
20160225 21:24,71,21,71,25,70,33,27,68,50,-26,10371,11,52,83,94,96
20160225 21:25,71,25,72,25,72,46,27,68,50,-26,10371,11,52,83,94,96
20160225 21:26,70,29,72,25,68,44,27,68,50,-26,10371,11,52,82,94,96
20160225 21:27,69,26,71,24,71,28,27,68,50,-26,10371,11,52,82,94,96
20160225 21:28,72,22,72,24,72,32,27,68,50,-26,10371,11,51,82,94,96
20160225 21:29,74,23,72,24,75,32,27,69,51,-24,10372,11,51,82,94,96
20160225 21:30,76,21,72,24,77,25,26,69,51,-25,10372,11,51,82,94,96
20160225 21:31,75,27,72,25,73,41,26,69,51,-25,10372,11,51,82,94,96
20160225 21:32,71,27,72,24,69,28,26,69,51,-25,10372,11,51,82,93,96
20160225 21:33,71,19,72,24,73,27,26,69,51,-25,10373,10,51,82,93,96
20160225 21:34,69,22,72,24,66,33,26,69,51,-25,10373,10,51,82,93,96
20160225 21:35,68,20,71,23,69,21,26,69,51,-25,10373,10,50,81,93,96
20160225 21:36,70,15,72,21,72,23,26,69,51,-25,10373,10,50,81,93,96
20160225 21:37,76,20,72,22,79,36,26,69,51,-25,10374,10,50,81,93,96
20160225 21:38,76,24,72,22,72,29,26,69,51,-25,10374,10,50,81,93,96
20160225 21:39,74,23,72,22,75,33,26,69,51,-25,10374,10,50,81,93,96
20160225 21:40,77,25,73,23,79,33,26,69,51,-25,10374,10,50,81,93,96
20160225 21:41,80,28,73,22,81,38,26,69,51,-25,10374,10,50,81,93,96
20160225 21:42,83,23,75,22,84,23,26,69,51,-25,10374,10,50,81,93,96
20160225 21:43,81,22,76,23,78,33,26,69,51,-25,10374,10,50,80,93,96
20160225 21:44,77,24,77,22,76,33,26,69,51,-25,10374,10,49,80,93,96
20160225 21:45,73,22,77,23,71,27,26,69,51,-25,10375,10,49,80,92,96
20160225 21:46,72,20,77,23,73,23,26,69,51,-25,10375,9,49,80,92,96
20160225 21:47,75,21,77,23,77,39,26,69,51,-25,10375,9,49,80,92,96
20160225 21:48,72,22,76,23,67,33,26,69,51,-25,10375,9,49,80,92,95
20160225 21:49,67,21,75,23,68,27,26,69,51,-25,10375,9,49,80,92,95
20160225 21:50,66,20,74,22,65,28,26,69,51,-25,10375,9,49,80,92,95
20160225 21:51,69,20,73,21,72,26,26,70,52,-23,10375,9,48,79,92,95
20160225 21:52,69,19,71,21,66,26,25,70,51,-24,10375,8,48,79,92,95
20160225 21:53,66,17,70,20,66,19,25,70,51,-24,10375,8,48,79,92,95
20160225 21:54,69,16,70,20,71,20,25,70,51,-24,10375,8,48,79,92,95
20160225 21:55,69,15,69,19,67,18,25,70,51,-24,10375,8,48,79,92,95
20160225 21:56,66,16,68,19,66,21,25,70,51,-24,10374,8,48,79,92,95
20160225 21:57,68,18,68,18,70,27,25,70,51,-24,10374,8,48,79,92,95
20160225 21:58,71,19,68,18,71,27,24,70,51,-25,10374,8,48,79,91,95
20160225 21:59,72,19,69,18,73,28,24,71,52,-23,10375,8,47,79,91,95
20160225 22:00,75,19,70,18,76,24,24,71,52,-23,10375,7,47,79,91,95
20160225 22:01,80,18,71,17,83,25,24,71,52,-23,10375,7,47,78,91,95
20160225 22:02,84,19,73,18,85,23,24,71,52,-23,10375,7,47,78,91,95
20160225 22:03,84,22,75,18,84,27,24,71,52,-23,10376,7,47,78,91,95
20160225 22:04,82,23,75,19,80,30,24,71,52,-23,10376,7,47,78,91,95
20160225 22:05,78,21,76,20,76,28,24,71,52,-23,10376,7,47,78,91,95
20160225 22:06,79,19,78,20,82,26,24,71,52,-23,10376,6,47,78,91,95
20160225 22:07,78,21,78,20,74,26,23,71,51,-24,10376,6,47,78,91,95
20160225 22:08,74,18,79,20,73,22,23,71,51,-24,10376,6,46,78,91,95
20160225 22:09,73,17,79,20,73,25,23,72,52,-22,10376,6,46,77,91,95
20160225 22:10,74,19,78,20,75,23,23,72,52,-22,10376,6,46,77,90,95
20160225 22:11,74,17,77,20,73,19,23,72,52,-22,10376,6,46,77,90,95
20160225 22:12,75,14,77,19,78,17,23,72,52,-22,10376,6,46,77,90,94
20160225 22:13,78,16,76,18,78,26,23,72,52,-22,10376,6,46,77,90,94
20160225 22:14,77,18,76,18,76,25,22,72,52,-23,10376,6,46,77,90,94
20160225 22:15,76,18,76,18,76,21,22,72,52,-23,10376,5,46,77,90,94
20160225 22:16,79,16,76,17,83,20,22,72,52,-23,10376,5,46,77,90,94
20160225 22:17,81,15,76,16,80,23,22,72,52,-23,10376,5,45,77,90,94
20160225 22:18,80,16,77,17,80,21,22,72,52,-23,10377,5,45,77,90,94
20160225 22:19,80,17,78,17,80,22,22,73,52,-21,10377,5,45,76,90,94
20160225 22:20,80,16,78,16,79,19,21,73,52,-22,10377,5,45,76,90,94
20160225 22:21,81,16,79,16,83,19,21,73,52,-22,10377,5,45,76,90,94
20160225 22:22,81,15,79,16,79,17,21,73,52,-22,10377,5,45,76,90,94
20160225 22:23,75,13,79,16,70,17,21,73,52,-22,10377,4,45,76,89,94
20160225 22:24,72,13,78,15,74,15,21,73,52,-22,10377,4,45,76,89,94
20160225 22:25,71,11,78,15,68,13,20,74,52,-21,10377,4,44,76,89,94
20160225 22:26,66,11,76,14,63,14,20,74,52,-21,10377,4,44,76,89,94
20160225 22:27,65,13,74,14,66,17,20,74,52,-21,10377,4,44,76,89,94
20160225 22:28,65,12,73,14,65,16,20,74,52,-21,10377,4,44,75,89,94
20160225 22:29,65,10,71,13,66,12,20,74,52,-21,10377,3,44,75,89,94
20160225 22:30,68,9,70,12,70,13,20,74,52,-21,10377,3,44,75,89,94
20160225 22:31,73,11,70,12,76,18,20,75,53,-20,10377,3,44,75,89,94
20160225 22:32,81,13,70,12,87,19,20,75,53,-20,10376,3,44,75,89,94
20160225 22:33,88,16,72,12,89,21,19,75,53,-21,10376,3,44,75,89,94
20160225 22:34,89,17,74,13,88,19,19,75,53,-21,10376,3,43,75,89,94
20160225 22:35,92,17,76,14,95,20,19,75,53,-21,10376,2,43,75,89,93
20160225 22:36,97,17,80,14,99,19,19,75,53,-21,10376,2,43,75,88,93
20160225 22:37,101,14,84,14,103,15,19,75,53,-21,10376,2,43,75,88,93
20160225 22:38,103,12,88,14,102,13,19,75,53,-21,10376,2,43,74,88,93
20160225 22:39,100,11,91,14,99,16,19,76,53,-19,10376,2,43,74,88,93
20160225 22:40,100,12,94,14,101,15,19,76,53,-19,10376,2,43,74,88,93
20160225 22:41,100,12,96,14,99,16,18,76,53,-20,10376,2,43,74,88,93
20160225 22:42,100,13,98,14,100,17,18,76,53,-20,10376,1,42,74,88,93
20160225 22:43,102,13,99,14,103,16,18,77,54,-18,10376,1,42,74,88,93
20160225 22:44,99,13,100,13,95,18,18,77,54,-18,10376,1,42,74,88,93
20160225 22:45,103,14,101,13,111,23,18,77,54,-18,10376,1,42,74,88,93
20160225 22:46,109,15,102,13,108,20,18,77,54,-18,10376,1,42,74,88,93
20160225 22:47,107,15,102,13,107,16,18,77,54,-18,10377,1,42,74,88,93
20160225 22:48,110,14,104,13,114,19,17,77,53,-19,10377,0,42,73,88,93
20160225 22:49,114,15,105,14,114,18,17,77,53,-19,10377,0,42,73,88,93
20160225 22:50,114,14,107,14,115,16,17,77,53,-19,10377,0,42,73,87,93
20160225 22:51,113,15,108,14,111,20,17,77,53,-19,10377,0,41,73,87,93
20160225 22:52,111,16,109,15,111,19,17,77,53,-19,10377,0,41,73,87,93
20160225 22:53,109,15,109,15,106,19,17,77,53,-19,10377,0,41,73,87,93
20160225 22:54,108,15,111,15,109,17,17,77,53,-19,10377,0,41,73,87,93
20160225 22:55,107,14,110,15,105,18,17,77,53,-19,10377,0,41,73,87,93
20160225 22:56,107,12,110,15,109,16,17,77,53,-19,10377,0,41,73,87,93
20160225 22:57,106,13,110,15,103,17,16,77,53,-20,10377,0,41,73,87,92
20160225 22:58,104,13,109,14,105,15,16,78,53,-18,10376,0,41,72,87,92
20160225 22:59,106,12,108,14,107,15,16,78,53,-18,10376,0,41,72,87,92
20160225 23:00,104,14,107,14,101,18,16,78,53,-18,10376,0,40,72,87,92
20160225 23:01,100,14,106,14,99,17,16,78,53,-18,10376,-1,40,72,87,92
20160225 23:02,95,14,104,14,91,18,16,78,53,-18,10376,-1,40,72,86,92
20160225 23:03,91,14,102,14,92,20,16,78,53,-18,10376,-1,40,72,86,92
20160225 23:04,88,15,100,14,85,19,16,78,53,-18,10376,-1,40,72,86,92
20160225 23:05,84,15,97,14,82,20,16,78,53,-18,10375,-1,40,72,86,92
20160225 23:06,82,16,95,14,83,20,15,78,53,-19,10375,-1,40,72,86,92
20160225 23:07,82,16,93,14,81,19,15,78,53,-19,10375,-1,40,72,86,92
20160225 23:08,81,14,90,15,82,18,15,78,53,-19,10375,-1,39,71,86,92
20160225 23:09,86,16,89,15,91,20,15,78,53,-19,10375,-1,39,71,86,92
20160225 23:10,88,16,87,15,86,18,15,77,52,-21,10376,-1,39,71,86,92
20160225 23:11,86,14,86,15,86,15,15,77,52,-21,10376,-1,39,71,86,92
20160225 23:12,84,13,85,15,82,15,15,77,52,-21,10376,-1,39,71,86,92
20160225 23:13,83,12,84,15,83,16,15,77,52,-21,10376,-1,39,71,86,92
20160225 23:14,84,13,84,15,85,16,15,77,52,-21,10376,-1,39,71,86,92
20160225 23:15,83,13,84,14,81,13,15,77,52,-21,10375,-1,39,71,86,92
20160225 23:16,79,11,83,14,77,14,14,77,52,-22,10375,-1,39,71,85,92
20160225 23:17,76,11,83,13,76,14,14,77,52,-22,10375,-2,39,71,85,92
20160225 23:18,77,11,83,13,79,14,14,78,53,-20,10375,-2,38,70,85,92
20160225 23:19,76,11,81,12,73,14,14,78,53,-20,10375,-2,38,70,85,91
20160225 23:20,71,11,79,12,69,14,14,78,53,-20,10375,-2,38,70,85,91
20160225 23:21,71,12,78,12,73,14,14,78,53,-20,10375,-2,38,70,85,91
20160225 23:22,73,12,77,12,72,14,13,78,52,-21,10376,-2,38,70,85,91
20160225 23:23,72,12,76,12,71,14,13,78,52,-21,10376,-3,38,70,85,91
20160225 23:24,71,11,74,11,71,13,13,78,52,-21,10376,-3,38,70,85,91
20160225 23:25,70,11,73,11,70,14,13,79,53,-19,10376,-3,38,70,85,91
20160225 23:26,69,12,72,12,68,15,13,79,53,-19,10376,-3,38,70,85,91
20160225 23:27,68,13,71,12,69,16,13,79,53,-19,10376,-3,38,70,85,91
20160225 23:28,69,13,70,12,69,14,12,79,53,-20,10376,-3,37,70,85,91
20160225 23:29,68,12,70,12,66,15,12,79,53,-20,10376,-3,37,70,85,91
20160225 23:30,63,11,69,12,60,13,12,79,53,-20,10375,-4,37,69,84,91
20160225 23:31,59,11,68,12,59,13,12,80,53,-19,10376,-4,37,69,84,91
20160225 23:32,60,11,66,12,61,13,12,80,53,-19,10376,-4,37,69,84,91
20160225 23:33,61,10,65,11,61,12,11,80,53,-20,10376,-4,37,69,84,91
20160225 23:34,63,10,65,11,64,12,11,80,53,-20,10376,-4,37,69,84,91
20160225 23:35,64,11,64,11,64,15,11,80,53,-20,10376,-4,37,69,84,91
20160225 23:36,65,12,64,12,65,16,11,80,53,-20,10376,-5,37,69,84,91
20160225 23:37,68,12,64,11,71,15,11,80,53,-20,10376,-5,37,69,84,91
20160225 23:38,70,12,64,11,70,14,11,80,53,-20,10377,-5,36,69,84,91
20160225 23:39,70,12,64,11,70,13,11,80,53,-20,10377,-5,36,69,84,91
20160225 23:40,69,11,65,11,67,15,11,80,53,-20,10377,-5,36,68,84,91
20160225 23:41,68,12,66,11,69,14,11,80,53,-20,10377,-5,36,68,84,90
20160225 23:42,67,13,67,12,65,15,11,80,53,-20,10377,-5,36,68,84,90
20160225 23:43,65,14,67,12,66,18,11,80,53,-20,10377,-5,36,68,84,90
20160225 23:44,65,13,67,12,64,16,11,80,53,-20,10377,-5,36,68,84,90
20160225 23:45,64,13,67,12,63,16,11,80,53,-20,10377,-5,36,68,83,90
20160225 23:46,62,12,67,12,62,15,11,80,53,-20,10377,-5,36,68,83,90
20160225 23:47,64,12,66,13,65,15,11,80,53,-20,10377,-5,35,68,83,90
20160225 23:48,62,13,65,12,60,15,11,80,53,-20,10377,-5,35,68,83,90
20160225 23:49,63,12,65,13,67,14,11,80,53,-20,10377,-5,35,68,83,90
20160225 23:50,66,11,65,13,65,14,11,80,53,-20,10377,-6,35,67,83,90
20160225 23:51,66,12,64,13,67,15,11,80,53,-20,10377,-6,35,67,83,90
20160225 23:52,68,12,65,12,68,15,11,80,53,-20,10377,-6,35,67,83,90
20160225 23:53,70,13,65,12,72,15,11,80,53,-20,10377,-6,35,67,83,90
20160225 23:54,71,13,66,13,71,15,11,80,53,-20,10377,-6,35,67,83,90
20160225 23:55,72,13,67,13,72,15,11,80,53,-20,10377,-6,35,67,83,90
20160225 23:56,72,13,68,13,73,14,11,80,53,-20,10377,-6,34,67,83,90
20160225 23:57,73,14,69,13,74,15,11,80,53,-20,10377,-6,34,67,83,90
20160225 23:58,74,15,70,13,73,18,11,80,53,-20,10377,-6,34,67,82,90
20160225 23:59,72,15,71,13,71,16,11,80,53,-20,10377,-6,34,67,82,90
20160225 00:00,71,14,71,14,71,17,11,80,53,-20,10377,-6,34,67,82,90
20160225 00:01,70,13,71,13,68,14,11,80,53,-20,10377,-6,34,67,82,90
20160225 00:02,67,12,71,13,66,14,10,80,53,-21,10377,-6,34,66,82,89
20160225 00:03,63,12,70,13,60,15,10,80,53,-21,10377,-6,34,66,82,89
20160225 00:04,59,13,69,13,59,15,10,81,53,-19,10378,-6,34,66,82,89
20160225 00:05,58,13,67,13,58,16,10,81,53,-19,10378,-6,34,66,82,89
20160225 00:06,56,12,65,13,54,16,10,81,53,-19,10378,-7,34,66,82,89
20160225 00:07,55,11,63,13,55,12,10,81,53,-19,10378,-7,33,66,82,89
20160225 00:08,56,11,62,12,58,16,10,81,53,-19,10378,-7,33,66,82,89
20160225 00:09,61,11,61,12,64,13,10,81,53,-19,10378,-7,33,66,82,89
20160225 00:10,62,10,60,12,60,15,10,81,53,-19,10378,-7,33,66,82,89
20160225 00:11,62,11,60,12,64,15,10,81,53,-19,10377,-7,33,66,82,89
20160225 00:12,62,10,59,11,60,13,10,81,53,-19,10377,-7,33,66,82,89
20160225 00:13,64,11,60,11,68,17,10,81,53,-19,10377,-7,33,66,82,89
20160225 00:14,66,13,60,11,64,20,10,80,53,-21,10377,-7,33,65,81,89
20160225 00:15,64,12,61,11,64,16,10,80,53,-21,10377,-7,33,65,81,89
20160225 00:16,63,12,62,11,61,17,10,80,53,-21,10378,-7,33,65,81,89
20160225 00:17,60,12,62,12,59,16,10,80,53,-21,10378,-7,33,65,81,89
20160225 00:18,60,11,63,11,62,16,10,80,53,-21,10378,-7,32,65,81,89
20160225 00:19,61,11,62,12,59,17,10,80,53,-21,10378,-7,32,65,81,89
20160225 00:20,60,11,62,12,60,15,10,80,53,-21,10378,-7,32,65,81,89
20160225 00:21,61,11,62,12,63,14,10,80,53,-21,10378,-7,32,65,81,89
20160225 00:22,61,10,62,12,58,15,10,80,53,-21,10378,-8,32,65,81,89
20160225 00:23,63,10,62,11,68,15,10,80,53,-21,10378,-8,32,65,81,89
20160225 00:24,69,12,62,11,70,18,10,80,53,-21,10378,-8,32,65,81,88
20160225 00:25,70,13,63,12,71,19,10,80,53,-21,10378,-8,32,65,81,89
20160225 00:26,67,12,63,11,64,16,11,80,53,-20,10378,-8,32,64,81,88
20160225 00:27,62,12,63,12,60,18,11,80,53,-20,10378,-7,32,64,81,88
20160225 00:28,63,12,64,12,65,15,10,80,53,-21,10377,-8,32,64,80,88
20160225 00:29,63,10,64,11,61,13,10,80,53,-21,10377,-8,32,64,80,88
20160225 00:30,61,11,64,11,61,15,10,80,53,-21,10378,-8,31,64,80,88
20160225 00:31,62,10,64,11,64,12,10,80,53,-21,10378,-8,31,64,80,88
20160225 00:32,63,9,65,11,63,11,10,80,53,-21,10378,-6,31,64,80,88
20160225 00:33,65,10,64,11,66,13,10,80,53,-21,10378,-4,31,64,80,88
20160225 00:34,66,10,64,11,65,13,10,80,53,-21,10378,-4,31,64,80,88
20160225 00:35,66,10,64,11,67,12,10,80,53,-21,10378,-4,31,64,80,88
20160225 00:36,66,10,64,11,65,14,10,80,53,-21,10378,-4,31,64,80,88
20160225 00:37,63,10,64,10,61,13,10,80,53,-21,10378,-4,31,63,80,88
20160225 00:38,63,10,64,10,66,13,10,80,53,-21,10378,-3,31,63,80,88
20160225 00:39,66,10,65,10,67,13,10,80,53,-21,10378,-3,31,63,80,88
20160225 00:40,62,10,64,10,57,13,10,80,53,-21,10378,-3,31,63,80,88
20160225 00:41,57,10,63,10,56,16,10,80,53,-21,10378,-3,31,63,80,88
20160225 00:42,56,10,63,10,56,15,10,80,53,-21,10377,-3,31,63,80,88
20160225 00:43,55,11,61,10,54,14,10,80,53,-21,10377,-3,31,63,79,88
20160225 00:44,54,11,60,10,55,17,9,81,53,-20,10377,-3,30,63,79,88
20160225 00:45,51,12,58,11,48,17,9,81,53,-20,10377,-3,30,63,79,88
20160225 00:46,50,13,57,11,52,17,9,81,53,-20,10377,-3,30,63,79,87
20160225 00:47,52,13,56,11,52,18,9,81,53,-20,10377,-3,30,63,79,87
20160225 00:48,49,12,54,11,45,15,9,81,53,-20,10377,-3,30,63,79,87
20160225 00:49,50,12,53,12,54,18,9,81,53,-20,10377,-3,30,62,79,87
20160225 00:50,55,13,53,12,56,19,9,81,53,-20,10377,-3,30,62,79,87
20160225 00:51,57,12,53,12,58,20,8,81,52,-21,10377,-3,30,62,79,87
20160225 00:52,55,14,53,13,51,26,8,81,52,-21,10377,-3,30,62,79,87
20160225 00:53,53,15,53,13,55,19,8,81,52,-21,10377,-3,30,62,79,87
20160225 00:54,55,13,53,13,55,16,9,81,53,-20,10377,-3,30,62,79,87
20160225 00:55,60,12,54,13,65,14,9,81,53,-20,10376,-3,30,62,79,87
20160225 00:56,61,12,55,13,58,19,9,81,53,-20,10376,-4,30,62,79,87
20160225 00:57,61,12,56,13,65,16,9,81,53,-20,10376,-4,30,62,79,87
20160225 00:58,65,10,58,12,65,11,10,81,53,-19,10376,-4,30,62,78,87
20160225 00:59,67,8,60,12,70,11,10,81,53,-19,10376,-4,30,62,78,87
20160225 01:00,71,9,61,12,73,14,10,81,53,-19,10376,-4,30,62,78,87
20160225 01:01,77,10,64,12,81,14,10,80,53,-21,10376,-4,30,62,78,87
20160225 01:02,75,9,65,11,68,12,11,80,53,-20,10376,-4,30,61,78,87
20160225 01:03,73,9,68,10,78,11,11,80,53,-20,10376,-4,30,61,78,87
20160225 01:04,75,10,69,10,71,15,11,80,53,-20,10376,-4,30,61,78,87
20160225 01:05,73,11,70,10,74,12,11,80,53,-20,10376,-4,30,61,78,87
20160225 01:06,74,10,72,10,74,12,11,79,52,-21,10376,-4,30,61,78,87
20160225 01:07,73,11,73,10,72,14,11,79,52,-21,10375,-4,30,61,78,87
20160225 01:08,72,11,73,10,73,14,11,79,52,-21,10375,-4,30,61,78,87
20160225 01:09,69,12,73,10,65,15,11,79,52,-21,10375,-4,30,61,78,86
20160225 01:10,65,11,72,10,64,15,10,79,52,-22,10375,-4,30,61,78,86
20160225 01:11,68,11,71,10,72,14,10,79,52,-22,10375,-4,30,61,78,86
20160225 01:12,73,11,72,11,73,15,10,80,53,-21,10374,-4,30,61,78,86
20160225 01:13,75,12,71,11,76,14,10,80,53,-21,10375,-4,30,61,77,86
20160225 01:14,78,11,72,11,80,14,10,80,53,-21,10375,-4,30,61,77,86
20160225 01:15,82,11,73,11,83,12,10,80,53,-21,10375,-4,30,61,77,86
20160225 01:16,84,11,74,11,85,13,10,80,53,-21,10375,-4,30,60,77,86
20160225 01:17,85,11,76,11,85,13,10,80,53,-21,10375,-4,30,60,77,86
20160225 01:18,85,10,77,11,86,11,11,80,53,-20,10376,-4,30,60,77,86
20160225 01:19,91,8,80,10,96,8,11,80,53,-20,10376,-4,29,60,77,86
20160225 01:20,96,7,83,10,96,8,11,81,54,-18,10376,-4,29,60,77,86
20160225 01:21,102,6,87,10,108,7,11,81,54,-18,10376,-4,29,60,77,86
20160225 01:22,113,5,91,9,118,7,10,81,53,-19,10376,-4,29,60,77,86
20160225 01:23,125,6,97,8,132,6,10,81,53,-19,10376,-4,29,60,77,86
20160225 01:24,134,5,102,8,136,5,10,81,53,-19,10376,-4,29,60,77,86
20160225 01:25,133,5,107,7,130,6,10,81,53,-19,10376,-4,29,60,77,86
20160225 01:26,129,5,111,7,127,6,9,81,53,-20,10376,-4,29,60,77,86
20160225 01:27,125,6,115,6,124,7,9,81,53,-20,10376,-4,29,60,77,86
20160225 01:28,121,6,119,6,119,7,8,81,52,-21,10377,-5,29,60,77,86
20160225 01:29,122,6,121,6,124,8,8,81,52,-21,10377,-5,29,60,77,86
20160225 01:30,124,6,124,6,123,6,7,81,52,-22,10377,-5,29,60,76,86
20160225 01:31,131,4,127,6,138,5,7,82,53,-20,10377,-5,29,59,76,85
20160225 01:32,140,4,129,5,141,4,7,82,53,-20,10377,-5,29,59,76,85
20160225 01:33,142,3,130,5,143,4,6,82,52,-21,10376,-5,29,59,76,85
20160225 01:34,151,3,133,5,158,4,6,82,52,-21,10376,-5,29,59,76,85
20160225 01:35,166,3,137,5,174,4,5,82,52,-22,10376,-5,29,59,76,85
20160225 01:36,173,4,141,5,172,5,4,83,52,-21,10376,-5,29,59,76,85
20160225 01:37,173,5,147,4,174,6,4,83,52,-21,10376,-5,29,59,76,85
20160225 01:38,175,5,152,4,176,6,4,84,53,-20,10376,-5,29,59,76,85
20160225 01:39,180,4,158,4,184,6,4,84,53,-20,10376,-5,29,59,76,85
20160225 01:40,182,3,164,4,180,4,3,85,53,-19,10377,-5,29,59,76,85
20160225 01:41,187,2,170,3,193,2,3,85,53,-19,10377,-5,29,59,76,85
20160225 01:42,198,1,176,3,203,2,2,85,53,-20,10377,-5,29,59,76,85
20160225 01:43,203,0,182,3,203,2,2,85,53,-20,10377,-5,29,59,76,85
20160225 01:44,194,2,184,3,185,4,2,86,53,-19,10377,-5,28,59,76,85
20160225 01:45,186,2,186,3,188,3,2,86,53,-19,10377,-5,28,59,76,85
20160225 01:46,187,2,187,3,186,4,2,87,54,-17,10377,-5,28,59,75,85
20160225 01:47,185,2,188,2,185,2,2,87,54,-17,10377,-5,28,59,75,85
20160225 01:48,182,2,188,2,178,5,1,87,54,-18,10377,-5,28,58,75,85
20160225 01:49,173,4,187,2,167,7,1,88,54,-16,10377,-5,28,58,75,85
20160225 01:50,167,5,186,2,167,7,1,88,54,-16,10377,-5,28,58,75,85
20160225 01:51,167,5,183,3,168,7,1,88,54,-16,10377,-5,28,58,75,85
20160225 01:52,176,3,181,3,186,3,0,88,54,-17,10377,-5,28,58,75,85
20160225 01:53,196,1,182,3,206,0,0,88,54,-17,10377,-5,28,58,75,84
20160225 01:54,211,0,185,2,216,0,0,88,54,-17,10377,-5,28,58,75,84
20160225 01:55,212,0,187,2,208,0,-1,88,53,-18,10377,-6,28,58,75,84
20160225 01:56,205,0,188,2,201,0,-1,89,54,-17,10377,-6,28,58,75,84
20160225 01:57,203,0,190,2,204,0,-1,89,54,-17,10376,-5,28,58,75,84
20160225 01:58,201,0,192,2,197,1,-2,89,54,-18,10376,-5,28,58,75,84
20160225 01:59,200,0,196,1,203,0,-2,89,54,-18,10375,-6,28,58,75,84
20160225 02:00,206,0,200,1,208,0,-2,89,54,-18,10375,-6,28,58,75,84
20160225 02:01,210,0,204,0,212,0,-2,89,54,-18,10375,-6,28,58,75,84
20160225 02:02,214,0,207,0,215,0,-2,89,54,-18,10375,-6,28,58,75,84
20160225 02:03,201,0,205,0,187,0,-3,89,53,-19,10375,-6,28,58,74,84
20160225 02:04,193,0,203,0,199,0,-3,89,53,-19,10375,-6,28,57,74,84
20160225 02:05,197,0,202,0,195,0,-3,89,53,-19,10374,-6,28,57,74,84
20160225 02:06,191,0,201,0,187,0,-4,89,53,-20,10374,-6,28,57,74,84
20160225 02:07,180,0,198,0,173,0,-4,89,53,-20,10374,-6,27,57,74,84
20160225 02:08,177,0,196,0,181,0,-4,90,53,-18,10374,-6,27,57,74,84
20160225 02:09,180,0,193,0,178,0,-4,90,53,-18,10374,-6,27,57,74,84
20160225 02:10,188,0,192,0,198,1,-4,90,53,-18,10375,-6,27,57,74,84
20160225 02:11,205,1,192,0,212,3,-5,90,53,-19,10375,-6,27,57,74,84
20160225 02:12,216,2,193,1,221,3,-5,90,53,-19,10375,-6,27,57,74,84
20160225 02:13,221,3,196,1,220,3,-5,90,53,-19,10376,-6,27,57,74,84
20160225 02:14,223,3,199,1,226,3,-5,90,53,-19,10376,-6,27,57,74,84
20160225 02:15,222,3,201,1,218,4,-5,91,54,-18,10376,-6,27,57,74,83
20160225 02:16,217,3,204,2,215,4,-5,91,54,-18,10376,-6,27,57,74,83
20160225 02:17,216,2,209,2,216,2,-5,91,54,-18,10375,-6,27,57,74,83
20160225 02:18,216,1,212,2,216,0,-6,92,54,-17,10375,-6,27,57,74,83
20160225 02:19,224,0,218,2,233,0,-6,92,54,-17,10374,-7,27,57,74,83
20160225 02:20,233,0,221,2,233,0,-6,92,54,-17,10374,-7,27,57,74,83
20160225 02:21,233,0,223,2,233,0,-6,92,54,-17,10374,-7,27,56,74,83
20160225 02:22,261,0,229,1,291,0,-6,92,54,-17,10373,-7,27,56,73,83
20160225 02:23,304,0,237,1,315,0,-6,92,54,-17,10374,-7,27,56,73,83
20160225 02:24,315,0,245,1,315,0,-6,92,54,-17,10374,-7,27,56,73,83
20160225 02:25,320,0,257,0,326,0,-7,92,53,-18,10374,-7,27,56,73,83
20160225 02:26,329,0,271,0,332,0,-7,92,53,-18,10374,-7,27,56,73,83
20160225 02:27,338,0,285,0,343,0,-7,92,53,-18,10374,-7,27,56,73,83
20160225 02:28,350,0,301,0,357,0,-7,92,53,-18,10374,-7,26,56,73,83
20160225 02:29,6,0,316,0,16,0,-8,92,53,-19,10374,-7,26,56,73,83
20160225 02:30,23,0,331,0,31,0,-8,92,53,-19,10374,-7,26,56,73,83
20160225 02:31,35,0,344,0,39,0,-8,92,53,-19,10374,-7,26,56,73,83
20160225 02:32,34,0,354,0,30,0,-8,92,53,-19,10374,-7,26,56,73,83
20160225 02:33,28,0,2,0,27,0,-8,92,53,-19,10373,-7,26,56,73,83
20160225 02:34,31,0,10,0,35,0,-8,92,53,-19,10373,-7,26,56,73,83
20160225 02:35,36,0,17,0,38,0,-9,92,53,-20,10373,-7,26,56,73,83
20160225 02:36,37,0,23,0,35,0,-9,92,53,-20,10373,-7,26,56,73,83
20160225 02:37,35,0,28,0,35,0,-9,92,53,-20,10373,-7,26,56,73,83
20160225 02:38,34,1,32,0,33,4,-9,93,53,-19,10373,-7,26,56,73,82
20160225 02:39,35,3,34,1,37,4,-9,93,53,-19,10373,-7,26,55,73,82
20160225 02:40,37,4,35,1,36,5,-9,93,53,-19,10373,-7,26,55,72,82
20160225 02:41,34,4,34,2,32,5,-9,93,53,-19,10373,-7,26,55,72,82
20160225 02:42,33,5,34,2,34,6,-10,93,53,-20,10372,-7,26,55,72,82
20160225 02:43,34,6,35,3,34,7,-10,93,53,-20,10372,-7,26,55,72,82
20160225 02:44,35,7,35,3,36,9,-10,93,53,-20,10372,-7,26,55,72,82
20160225 02:45,36,8,35,4,37,9,-10,93,53,-20,10372,-7,26,55,72,82
20160225 02:46,37,9,35,5,38,10,-10,93,53,-20,10371,-7,26,55,72,82
20160225 02:47,37,10,35,6,37,11,-11,93,52,-21,10371,-7,26,55,72,82
20160225 02:48,37,11,36,7,37,12,-11,93,52,-21,10371,-7,26,55,72,82
20160225 02:49,37,11,36,8,37,13,-11,93,52,-21,10370,-7,26,55,72,82
20160225 02:50,35,12,36,9,33,13,-11,93,52,-21,10370,-7,25,55,72,82
20160225 02:51,32,12,36,10,32,13,-11,93,52,-21,10369,-8,25,55,72,82
20160225 02:52,32,12,35,10,31,13,-11,93,52,-21,10369,-8,25,55,72,82
20160225 02:53,31,12,35,11,31,12,-11,93,52,-21,10370,-8,25,55,72,82
20160225 02:54,32,12,35,11,33,12,-11,93,52,-21,10370,-8,25,55,72,82
20160225 02:55,32,11,34,12,32,12,-11,93,52,-21,10370,-8,25,55,72,82
20160225 02:56,33,10,34,12,34,11,-12,93,52,-22,10370,-8,25,55,72,82
20160225 02:57,35,9,34,11,36,10,-11,94,53,-19,10370,-8,25,55,72,82
20160225 02:58,36,8,33,11,36,8,-11,94,53,-19,10370,-8,25,54,72,82
20160225 02:59,33,8,33,11,30,10,-12,94,53,-20,10370,-8,25,54,71,82
20160225 03:00,29,7,32,10,28,8,-11,94,53,-19,10370,-8,25,54,71,82
20160225 03:01,27,6,32,9,26,6,-11,94,53,-19,10370,-8,25,54,71,82
20160225 03:02,26,5,31,9,27,6,-11,94,53,-19,10371,-8,25,54,71,82
20160225 03:03,27,5,31,8,27,7,-11,94,53,-19,10371,-8,25,54,71,81
20160225 03:04,26,4,30,7,25,6,-11,94,53,-19,10371,-8,25,54,71,81
20160225 03:05,25,3,29,6,25,4,-11,94,53,-19,10370,-8,25,54,71,81
20160225 03:06,26,3,29,6,27,4,-11,94,53,-19,10370,-8,25,54,71,81
20160225 03:07,28,3,28,5,29,4,-12,94,53,-20,10370,-8,25,54,71,81
20160225 03:08,32,4,28,5,35,5,-12,94,53,-20,10370,-8,25,54,71,81
20160225 03:09,33,4,28,4,31,5,-12,94,53,-20,10370,-8,25,54,71,81
20160225 03:10,30,4,28,4,28,5,-12,94,53,-20,10370,-8,25,54,71,81
20160225 03:11,29,5,28,4,29,6,-12,94,53,-20,10370,-8,25,54,71,81
20160225 03:12,31,4,29,4,33,5,-12,94,53,-20,10370,-8,25,54,71,81
20160225 03:13,36,4,30,4,38,4,-11,94,53,-19,10370,-8,25,54,71,81
20160225 03:14,39,3,31,4,40,3,-11,94,53,-19,10369,-9,24,54,71,81
20160225 03:15,43,1,34,3,47,2,-11,94,53,-19,10369,-9,24,54,71,81
20160225 03:16,46,2,35,3,45,4,-11,94,53,-19,10369,-9,24,54,71,81
20160225 03:17,45,3,37,3,44,5,-11,95,54,-18,10369,-9,24,53,71,81
20160225 03:18,46,4,38,4,48,5,-12,95,53,-19,10369,-9,24,53,71,81
20160225 03:19,45,4,40,4,43,5,-12,94,53,-20,10369,-9,24,53,71,81
20160225 03:20,39,4,40,4,36,5,-11,94,53,-19,10369,-9,24,53,70,81
20160225 03:21,33,4,41,3,31,5,-11,94,53,-19,10369,-9,24,53,70,81
20160225 03:22,30,4,40,3,29,5,-12,94,53,-20,10369,-9,24,53,70,81
20160225 03:23,29,4,39,4,29,6,-12,94,53,-20,10369,-9,24,53,70,81
20160225 03:24,29,5,38,4,29,5,-12,94,53,-20,10369,-9,24,53,70,81
20160225 03:25,31,4,37,4,34,5,-12,94,53,-20,10369,-9,24,53,70,81
20160225 03:26,32,4,35,4,31,5,-12,94,53,-20,10369,-9,24,53,70,80
20160225 03:27,28,4,34,4,26,4,-12,94,53,-20,10369,-9,24,53,70,80
20160225 03:28,27,4,32,4,29,6,-12,94,53,-20,10369,-9,24,53,70,80
20160225 03:29,30,5,30,4,30,6,-13,94,52,-21,10369,-9,24,53,70,80
20160225 03:30,29,5,29,4,27,5,-13,94,52,-21,10369,-9,24,53,70,80
20160225 03:31,27,5,29,4,28,6,-13,94,52,-21,10369,-9,24,53,70,80
20160225 03:32,30,5,29,5,32,5,-13,95,53,-20,10369,-9,24,53,70,80
20160225 03:33,35,5,30,5,37,6,-13,95,53,-20,10370,-9,24,53,70,80
20160225 03:34,37,5,31,5,37,6,-13,94,52,-21,10370,-9,24,53,70,80
20160225 03:35,35,5,31,5,32,5,-13,95,53,-20,10370,-9,24,53,70,80
20160225 03:36,31,4,31,5,30,5,-13,95,53,-20,10370,-9,24,53,70,80
20160225 03:37,27,4,31,5,24,5,-13,95,53,-20,10370,-9,24,52,70,80
20160225 03:38,22,4,30,5,21,4,-13,95,53,-20,10370,-9,23,52,70,80
20160225 03:39,23,4,29,5,25,4,-12,95,53,-19,10370,-9,23,52,69,80
20160225 03:40,28,3,30,4,31,4,-13,95,53,-20,10370,-9,23,52,69,80
20160225 03:41,34,3,31,4,37,4,-13,95,53,-20,10370,-9,23,52,69,80
20160225 03:42,40,3,32,4,42,3,-13,95,53,-20,10369,-9,23,52,69,80
20160225 03:43,43,1,32,3,44,2,-12,95,53,-19,10370,-10,23,52,69,80
20160225 03:44,43,0,33,3,43,0,-12,95,53,-19,10370,-10,23,52,69,80
20160225 03:45,40,0,33,2,37,0,-12,95,53,-19,10370,-10,23,52,69,80
20160225 03:46,32,0,33,2,28,0,-12,95,53,-19,10370,-10,23,52,69,80
20160225 03:47,29,0,34,2,29,0,-12,95,53,-19,10371,-10,23,52,69,80
20160225 03:48,28,0,34,1,27,0,-12,95,53,-19,10371,-10,23,52,69,80
20160225 03:49,26,0,34,1,25,0,-12,95,53,-19,10371,-10,23,52,69,80
20160225 03:50,21,0,33,1,16,0,-12,95,53,-19,10371,-10,23,52,69,80
20160225 03:51,11,0,30,0,7,0,-12,95,53,-19,10371,-10,23,52,69,79
20160225 03:52,7,0,26,0,7,0,-12,95,53,-19,10371,-10,23,52,69,79
20160225 03:53,7,0,23,0,7,0,-12,95,53,-19,10371,-10,23,52,69,79
20160225 03:54,7,0,19,0,7,0,-12,95,53,-19,10371,-10,23,52,69,79
20160225 03:55,7,0,16,0,7,0,-12,96,54,-18,10371,-10,23,52,69,79
20160225 03:56,11,0,15,0,15,0,-12,96,54,-18,10371,-10,23,52,69,79
20160225 03:57,17,0,14,0,20,0,-12,96,54,-18,10371,-10,23,52,69,79
20160225 03:58,14,0,12,0,8,0,-12,96,54,-18,10371,-10,23,52,69,79
20160225 03:59,357,0,8,0,346,0,-12,96,54,-18,10371,-10,23,51,69,79
20160225 04:00,342,0,4,0,338,0,-12,96,54,-18,10371,-10,23,51,69,79
20160225 04:01,333,0,1,0,329,0,-12,96,54,-18,10371,-10,22,51,68,79
20160225 04:02,328,0,357,0,327,0,-12,96,54,-18,10371,-10,22,51,68,79
20160225 04:03,327,0,352,0,327,1,-12,96,54,-18,10371,-10,22,51,68,79
20160225 04:04,325,1,348,0,324,3,-12,96,54,-18,10371,-10,22,51,68,79
20160225 04:05,318,3,342,1,313,5,-12,96,54,-18,10371,-10,22,51,68,79
20160225 04:06,316,5,337,1,319,6,-12,96,54,-18,10371,-10,22,51,68,79
20160225 04:07,322,5,331,2,325,6,-12,96,54,-18,10371,-11,22,51,68,79
20160225 04:08,334,5,329,2,342,7,-12,96,54,-18,10371,-11,22,51,68,79
20160225 04:09,347,6,330,3,352,7,-12,96,54,-18,10370,-10,22,51,68,79
20160225 04:10,358,5,332,3,4,5,-12,96,54,-18,10370,-11,22,51,68,79
20160225 04:11,2,4,335,3,0,4,-13,96,53,-19,10370,-11,22,51,68,79
20160225 04:12,355,2,338,4,350,3,-13,96,53,-19,10371,-11,22,51,68,79
20160225 04:13,340,1,338,4,331,0,-12,96,54,-18,10371,-11,22,51,68,79
20160225 04:14,336,1,340,4,341,3,-12,96,54,-18,10371,-11,22,51,68,79
20160225 04:15,343,3,343,3,344,4,-12,96,54,-18,10371,-11,22,51,68,79
20160225 04:16,355,3,348,3,6,4,-13,96,53,-19,10370,-11,22,51,68,79
20160225 04:17,10,4,352,3,13,6,-13,96,53,-19,10370,-11,22,51,68,78
20160225 04:18,14,6,356,4,15,7,-13,96,53,-19,10370,-11,22,51,68,78
20160225 04:19,16,6,358,4,17,7,-13,96,53,-19,10370,-11,22,51,68,78
20160225 04:20,21,5,0,4,25,6,-13,96,53,-19,10370,-11,22,50,68,78
20160225 04:21,27,4,3,4,29,5,-13,96,53,-19,10370,-11,22,50,68,78
20160225 04:22,31,4,8,4,32,5,-13,96,53,-19,10370,-11,22,50,68,78
20160225 04:23,28,5,13,5,25,7,-13,96,53,-19,10370,-11,22,50,68,78
20160225 04:24,25,5,17,5,26,7,-14,96,53,-20,10370,-11,22,50,67,78
20160225 04:25,26,5,21,5,26,7,-14,96,53,-20,10370,-11,22,50,67,78
20160225 04:26,26,6,23,5,26,8,-14,96,53,-20,10370,-11,22,50,67,78
20160225 04:27,27,7,25,6,29,9,-14,96,53,-20,10370,-11,22,50,67,78
20160225 04:28,32,7,27,6,36,7,-15,96,53,-21,10370,-11,21,50,67,78
20160225 04:29,34,7,29,6,32,8,-15,96,53,-21,10370,-11,21,50,67,78
20160225 04:30,34,7,30,6,36,9,-15,96,53,-21,10369,-11,21,50,67,78
20160225 04:31,35,8,30,6,34,10,-15,96,53,-21,10369,-11,21,50,67,78
20160225 04:32,33,10,30,7,31,11,-15,96,53,-21,10369,-11,21,50,67,78
20160225 04:33,30,10,30,7,29,12,-15,96,53,-21,10369,-11,21,50,67,78
20160225 04:34,28,10,31,8,27,11,-14,96,53,-20,10369,-11,21,50,67,78
20160225 04:35,28,10,31,8,29,11,-14,96,53,-20,10369,-11,21,50,67,78
20160225 04:36,31,10,32,9,34,11,-14,96,53,-20,10370,-11,21,50,67,78
20160225 04:37,35,10,33,9,37,11,-14,96,53,-20,10370,-11,21,50,67,78
20160225 04:38,38,9,33,9,40,10,-15,96,53,-21,10370,-11,21,50,67,78
20160225 04:39,39,9,34,9,38,10,-15,96,53,-21,10370,-12,21,50,67,78
20160225 04:40,40,7,34,9,41,7,-15,96,53,-21,10369,-11,21,50,67,78
20160225 04:41,40,7,35,9,39,8,-15,96,53,-21,10369,-12,21,50,67,78
20160225 04:42,43,6,36,9,46,7,-15,96,53,-21,10369,-12,21,50,67,78
20160225 04:43,45,6,37,8,43,7,-15,96,53,-21,10369,-12,21,49,67,78
20160225 04:44,46,6,40,8,50,8,-15,96,53,-21,10370,-11,21,49,67,77
20160225 04:45,54,4,43,7,59,4,-15,96,53,-21,10370,-11,21,49,67,77
20160225 04:46,59,3,45,6,58,3,-15,96,53,-21,10370,-12,21,49,67,77
20160225 04:47,65,2,49,6,72,2,-15,96,53,-21,10371,-12,21,49,66,77
20160225 04:48,86,1,54,5,100,1,-14,96,53,-20,10371,-12,21,49,66,77
20160225 04:49,106,0,61,4,113,0,-14,96,53,-20,10371,-12,21,49,66,77
20160225 04:50,111,0,68,3,110,1,-15,96,53,-21,10370,-12,21,49,66,77
20160225 04:51,110,0,76,3,110,0,-15,96,53,-21,10370,-12,21,49,66,77
20160225 04:52,114,0,83,2,118,0,-15,96,53,-21,10370,-12,21,49,66,77
20160225 04:53,121,0,92,1,124,0,-15,96,53,-21,10370,-12,20,49,66,77
20160225 04:54,126,0,100,1,128,0,-14,96,53,-20,10370,-12,21,49,66,77
20160225 04:55,134,0,108,1,139,0,-15,96,53,-21,10371,-12,20,49,66,77
20160225 04:56,140,0,116,0,141,0,-15,96,53,-21,10371,-12,20,49,66,77
20160225 04:57,144,0,123,0,146,0,-15,96,53,-21,10371,-12,20,49,66,77
20160225 04:58,147,0,128,0,147,0,-15,96,53,-21,10370,-12,20,49,66,77
20160225 04:59,148,0,131,0,150,0,-15,96,53,-21,10370,-12,20,49,66,77
20160225 05:00,151,0,136,0,152,0,-15,96,53,-21,10370,-12,20,49,66,77
20160225 05:01,165,0,142,0,178,0,-15,96,53,-21,10370,-12,20,49,66,77
20160225 05:02,180,0,149,0,182,0,-15,96,53,-21,10370,-12,20,49,66,77
20160225 05:03,175,0,153,0,169,0,-15,96,53,-21,10370,-12,20,49,66,77
20160225 05:04,167,0,157,0,166,0,-15,96,53,-21,10370,-12,20,49,66,77
20160225 05:05,143,0,155,0,120,0,-15,96,53,-21,10370,-12,20,48,66,77
20160225 05:06,108,0,151,0,97,0,-15,96,53,-21,10370,-12,20,48,66,77
20160225 05:07,89,0,146,0,82,0,-15,96,53,-21,10371,-12,20,48,66,77
20160225 05:08,78,0,139,0,73,0,-15,96,53,-21,10371,-12,20,48,66,77
20160225 05:09,53,0,129,0,32,0,-15,96,53,-21,10371,-12,20,48,66,77
20160225 05:10,32,0,115,0,31,0,-15,96,53,-21,10371,-13,20,48,66,77
20160225 05:11,31,0,96,0,31,0,-14,96,53,-20,10371,-12,20,48,65,76
20160225 05:12,35,0,80,0,40,0,-14,96,53,-20,10372,-13,20,48,65,76
20160225 05:13,64,0,73,0,88,0,-15,96,53,-21,10372,-13,20,48,65,76
20160225 05:14,90,0,69,0,92,0,-15,96,53,-21,10372,-13,20,48,65,76
20160225 05:15,92,0,66,0,93,0,-15,96,53,-21,10372,-13,20,48,65,76
20160225 05:16,97,0,67,0,102,0,-15,96,53,-21,10372,-13,20,48,65,76
20160225 05:17,99,0,68,0,95,0,-16,96,52,-22,10372,-13,20,48,65,76
20160225 05:18,90,0,69,0,85,0,-16,96,52,-22,10372,-13,20,48,65,76
20160225 05:19,86,0,75,0,87,0,-16,96,52,-22,10372,-13,20,48,65,76
20160225 05:20,90,0,81,0,92,0,-16,96,52,-22,10372,-13,20,48,65,76
20160225 05:21,87,0,86,0,82,0,-16,96,52,-22,10372,-13,19,48,65,76
20160225 05:22,87,0,91,0,91,0,-16,96,52,-22,10371,-13,19,48,65,76
20160225 05:23,92,0,91,0,93,0,-16,96,52,-22,10371,-13,19,48,65,76
20160225 05:24,91,0,91,0,89,0,-16,96,52,-22,10371,-13,19,48,65,76
20160225 05:25,94,0,91,0,98,4,-16,96,52,-22,10370,-13,19,48,65,76
20160225 05:26,97,2,91,0,96,4,-16,96,52,-22,10370,-13,19,48,65,76
20160225 05:27,95,3,91,1,94,4,-16,96,52,-22,10370,-13,19,48,65,76
20160225 05:28,98,4,92,1,101,5,-16,96,52,-22,10370,-13,19,48,65,76
20160225 05:29,101,5,94,2,100,6,-16,96,52,-22,10370,-13,19,48,65,76
20160225 05:30,98,5,94,2,95,6,-17,96,52,-23,10370,-13,19,47,65,76
20160225 05:31,96,5,95,3,97,6,-17,96,52,-23,10371,-13,19,47,65,76
20160225 05:32,100,5,97,3,102,5,-17,96,52,-23,10371,-13,19,47,65,76
20160225 05:33,100,5,97,4,98,5,-17,96,52,-23,10371,-13,19,47,65,76
20160225 05:34,95,4,97,4,91,4,-17,96,52,-23,10371,-13,19,47,65,76
20160225 05:35,94,3,97,4,98,4,-17,96,52,-23,10371,-13,19,47,64,76
20160225 05:36,96,3,97,4,94,3,-17,96,52,-23,10371,-13,19,47,64,76
20160225 05:37,94,3,97,4,95,4,-17,96,52,-23,10371,-13,19,47,64,76
20160225 05:38,94,3,96,4,92,4,-17,96,52,-23,10371,-13,19,47,64,76
20160225 05:39,98,4,96,4,103,6,-17,96,52,-23,10372,-13,19,47,64,75
20160225 05:40,106,6,98,4,110,6,-17,96,52,-23,10372,-13,19,47,64,75
20160225 05:41,110,6,99,4,110,6,-18,96,51,-24,10372,-13,19,47,64,75
20160225 05:42,114,5,101,4,118,6,-17,96,52,-23,10372,-14,19,47,64,75
20160225 05:43,116,5,102,4,114,5,-17,96,52,-23,10372,-14,19,47,64,75
20160225 05:44,109,3,104,4,104,3,-17,96,52,-23,10372,-14,19,47,64,75
20160225 05:45,98,3,103,4,92,3,-17,96,52,-23,10372,-14,19,47,64,75
20160225 05:46,86,3,102,4,79,5,-17,96,52,-23,10372,-14,19,47,64,75
20160225 05:47,76,4,99,4,72,5,-16,96,52,-22,10371,-14,19,47,64,75
20160225 05:48,70,5,97,4,68,6,-17,96,52,-23,10371,-14,18,47,64,75
20160225 05:49,69,6,94,4,69,6,-17,96,52,-23,10371,-14,19,47,64,75
20160225 05:50,69,6,89,4,68,6,-16,96,52,-22,10371,-14,18,47,64,75
20160225 05:51,67,5,85,4,65,6,-16,96,52,-22,10371,-14,18,47,64,75
20160225 05:52,67,5,80,4,69,6,-17,96,52,-23,10371,-14,18,47,64,75
20160225 05:53,69,5,75,5,68,5,-18,96,51,-24,10372,-14,18,47,64,75
20160225 05:54,62,4,71,5,57,7,-18,96,51,-24,10372,-14,18,47,64,75
20160225 05:55,53,5,66,5,49,8,-18,96,51,-24,10372,-14,18,46,64,75
20160225 05:56,48,6,63,5,48,7,-18,96,51,-24,10372,-14,18,46,64,75
20160225 05:57,42,7,60,6,37,8,-18,96,51,-24,10372,-14,18,46,64,75
20160225 05:58,40,7,57,6,43,8,-17,96,52,-23,10372,-14,18,46,64,75
20160225 05:59,42,7,54,6,40,8,-18,96,51,-24,10372,-14,18,46,64,75
20160225 06:00,39,7,51,6,39,8,-17,96,52,-23,10372,-14,18,46,63,75
20160225 06:01,39,7,49,6,39,8,-18,96,51,-24,10372,-14,18,46,63,75
20160225 06:02,41,6,46,6,42,7,-18,96,51,-24,10372,-14,18,46,63,75
20160225 06:03,47,6,45,6,52,7,-18,96,51,-24,10372,-14,18,46,63,75
20160225 06:04,51,6,44,7,50,8,-19,96,51,-25,10372,-14,18,46,63,75
20160225 06:05,46,7,43,7,43,9,-19,96,51,-25,10372,-14,18,46,63,75
20160225 06:06,42,7,43,7,42,7,-19,96,51,-25,10372,-14,18,46,63,75
20160225 06:07,41,7,43,7,39,9,-18,96,51,-24,10373,-14,18,46,63,75
20160225 06:08,39,7,42,7,39,8,-18,96,51,-24,10373,-14,18,46,63,74
20160225 06:09,38,6,42,7,37,7,-18,96,51,-24,10373,-14,18,46,63,74
20160225 06:10,38,5,42,6,40,5,-18,97,52,-22,10373,-14,18,46,63,74
20160225 06:11,39,4,42,6,38,5,-18,97,52,-22,10373,-14,18,46,63,74
20160225 06:12,44,3,43,6,50,5,-18,97,52,-22,10373,-14,18,46,63,74
20160225 06:13,54,3,44,6,59,4,-18,97,52,-22,10373,-14,18,46,63,74
20160225 06:14,59,3,45,5,59,4,-18,97,52,-22,10373,-14,18,46,63,74
20160225 06:15,57,4,46,5,55,7,-18,97,52,-22,10373,-14,18,46,63,74
20160225 06:16,56,5,47,5,58,6,-18,97,52,-22,10373,-14,18,46,63,74
20160225 06:17,61,5,50,4,64,6,-19,97,52,-23,10373,-14,18,46,63,74
20160225 06:18,63,5,52,4,61,6,-19,97,52,-23,10374,-14,18,46,63,74
20160225 06:19,63,5,55,4,66,6,-19,97,52,-23,10374,-14,18,46,63,74
20160225 06:20,69,4,58,4,73,5,-19,97,52,-23,10374,-14,17,46,63,74
20160225 06:21,75,4,62,4,77,5,-19,97,52,-23,10374,-14,17,45,63,74
20160225 06:22,74,4,64,4,71,5,-19,97,52,-23,10374,-14,17,45,63,74
20160225 06:23,69,5,65,4,68,6,-19,97,52,-23,10374,-14,17,45,63,74
20160225 06:24,71,6,67,5,73,7,-18,97,52,-22,10374,-14,17,45,63,74
20160225 06:25,71,6,68,5,68,7,-18,97,52,-22,10374,-14,17,45,63,74
20160225 06:26,68,7,69,5,69,8,-18,97,52,-22,10375,-14,17,45,63,74
20160225 06:27,67,7,69,5,65,8,-19,97,52,-23,10375,-14,17,45,62,74
20160225 06:28,66,6,70,5,67,7,-19,97,52,-23,10375,-15,17,45,62,74
20160225 06:29,70,6,70,6,72,7,-19,97,52,-23,10375,-14,17,45,62,74
20160225 06:30,75,5,71,6,78,5,-18,97,52,-22,10375,-14,17,45,62,74
20160225 06:31,77,5,71,6,77,5,-18,97,52,-22,10375,-14,17,45,62,74
20160225 06:32,74,5,71,6,71,5,-17,97,52,-21,10375,-14,17,45,62,74
20160225 06:33,71,5,71,6,70,5,-17,97,52,-21,10375,-14,17,45,62,74
20160225 06:34,73,5,71,6,77,5,-18,97,52,-22,10375,-14,17,45,62,74
20160225 06:35,77,5,72,6,77,5,-18,97,52,-22,10376,-14,17,45,62,74
20160225 06:36,78,5,73,5,78,6,-18,97,52,-22,10376,-14,17,45,62,74
20160225 06:37,79,6,75,5,79,6,-18,97,52,-22,10376,-14,17,45,62,74
20160225 06:38,81,6,76,5,84,6,-17,97,52,-21,10376,-14,17,45,62,73
20160225 06:39,85,5,78,5,86,6,-17,97,52,-21,10376,-13,17,45,62,74
20160225 06:40,86,5,79,5,86,6,-17,97,52,-21,10376,-13,17,45,62,73
20160225 06:41,90,6,80,5,93,6,-18,97,52,-22,10376,-13,17,45,62,73
20160225 06:42,95,6,83,5,97,7,-18,97,52,-22,10376,-13,17,45,62,73
20160225 06:43,96,7,85,6,95,7,-17,97,52,-21,10375,-13,17,45,62,73
20160225 06:44,94,7,87,6,94,7,-17,97,52,-21,10375,-13,17,45,62,73
20160225 06:45,95,7,89,6,97,8,-17,97,52,-21,10376,-12,17,45,62,73
20160225 06:46,99,8,91,6,100,8,-17,97,52,-21,10376,-12,17,45,62,73
20160225 06:47,101,7,93,6,101,8,-17,97,52,-21,10376,-12,17,44,62,73
20160225 06:48,102,8,95,7,103,8,-17,97,52,-21,10376,-12,16,44,62,73
20160225 06:49,101,8,97,7,99,8,-17,97,52,-21,10377,-12,17,44,62,73
20160225 06:50,98,7,97,7,96,7,-16,97,53,-20,10377,-11,16,44,62,73
20160225 06:51,95,6,98,7,94,7,-16,97,53,-20,10377,-11,16,44,62,73
20160225 06:52,94,6,97,7,93,6,-16,97,53,-20,10377,-11,16,44,62,73
20160225 06:53,93,6,97,7,93,6,-16,97,53,-20,10377,-11,16,44,62,73
20160225 06:54,94,5,97,7,95,6,-16,97,53,-20,10378,-10,16,44,62,73
20160225 06:55,96,5,97,6,96,6,-15,97,53,-19,10378,-10,16,44,61,73
20160225 06:56,96,5,96,6,95,6,-16,97,53,-20,10378,-10,16,44,61,73
20160225 06:57,93,5,95,6,91,5,-16,97,53,-20,10378,-9,16,44,61,73
20160225 06:58,89,5,94,6,87,6,-16,97,53,-20,10379,-9,16,44,61,73
20160225 06:59,89,5,93,5,90,6,-15,97,53,-19,10379,-9,16,44,61,73
20160225 07:00,88,5,92,5,86,6,-15,97,53,-19,10379,-9,16,44,61,73
20160225 07:01,85,5,91,5,85,5,-15,97,53,-19,10380,-9,16,44,61,73
20160225 07:02,86,5,91,5,88,5,-15,97,53,-19,10380,-8,16,44,61,73
20160225 07:03,91,4,91,5,94,3,-14,97,53,-18,10380,-8,16,44,61,73
20160225 07:04,93,3,91,4,93,3,-13,97,54,-17,10380,-8,16,44,61,73
20160225 07:05,94,2,90,4,95,3,-12,97,54,-16,10380,-7,16,44,61,73
20160225 07:06,94,2,90,4,92,3,-12,97,54,-16,10380,-7,16,44,61,73
20160225 07:07,87,3,89,4,82,5,-12,97,54,-16,10380,-7,16,44,61,73
20160225 07:08,80,5,88,4,78,7,-12,97,54,-16,10380,-6,16,44,61,73
20160225 07:09,75,6,87,4,73,7,-12,97,54,-16,10381,-6,16,44,61,72
20160225 07:10,71,7,85,4,69,7,-11,97,55,-15,10381,-6,16,44,61,72
20160225 07:11,66,6,83,4,62,7,-11,97,55,-15,10381,-5,16,44,61,72
20160225 07:12,60,5,80,4,58,5,-10,97,55,-14,10381,-5,16,44,61,72
20160225 07:13,58,4,76,4,57,5,-9,98,56,-12,10381,-4,16,44,61,72
20160225 07:14,59,4,73,5,60,4,-9,98,56,-12,10381,-4,16,44,61,72
20160225 07:15,59,4,69,5,59,5,-8,98,56,-11,10381,-4,16,44,61,72
20160225 07:16,57,4,65,5,55,6,-8,98,56,-11,10381,-3,16,43,61,72
20160225 07:17,58,4,63,5,60,6,-8,98,56,-11,10381,-3,16,43,61,72
20160225 07:18,56,5,60,5,52,8,-7,98,57,-10,10381,-2,16,43,61,72
20160225 07:19,52,6,58,5,52,8,-6,98,57,-9,10381,-2,16,43,61,72
20160225 07:20,49,7,56,5,47,8,-6,98,57,-9,10382,-2,16,43,61,72
20160225 07:21,47,7,55,5,48,8,-5,98,58,-8,10382,-1,16,43,61,72
20160225 07:22,47,7,54,5,46,8,-5,98,58,-8,10382,-1,16,43,61,72
20160225 07:23,47,7,53,6,48,9,-3,98,59,-6,10382,-1,16,43,61,72
20160225 07:24,52,7,52,6,55,9,-1,98,59,-4,10382,0,16,43,60,72
20160225 07:25,56,6,52,6,58,8,1,98,60,-2,10383,0,16,43,60,72
20160225 07:26,59,6,53,6,60,9,2,98,61,-1,10383,0,16,43,60,72
20160225 07:27,59,7,52,7,59,9,3,98,61,0,10383,0,16,43,60,72
20160225 07:28,59,7,53,7,59,8,4,98,62,1,10383,0,16,43,60,72
20160225 07:29,61,7,54,7,62,8,5,98,62,2,10383,0,16,43,60,72
20160225 07:30,61,6,55,7,59,7,6,98,63,3,10383,1,16,43,60,72
20160225 07:31,57,6,56,7,55,8,6,98,63,3,10383,1,16,43,60,72
20160225 07:32,55,6,57,7,54,8,7,98,63,4,10383,1,16,43,60,72
20160225 07:33,55,7,58,7,56,12,7,98,63,4,10383,1,16,43,60,72
20160225 07:34,54,7,57,7,52,7,8,98,63,5,10383,2,16,43,60,72
20160225 07:35,56,5,58,7,60,7,9,98,64,6,10383,2,16,43,60,72
20160225 07:36,61,5,58,6,63,7,9,98,64,6,10383,3,16,43,60,72
20160225 07:37,66,4,59,6,69,7,10,98,64,7,10384,3,16,43,60,72
20160225 07:38,70,4,60,6,70,6,11,98,65,8,10384,4,16,43,60,72
20160225 07:39,72,6,61,6,74,10,12,98,65,9,10384,4,16,43,60,72
20160225 07:40,75,8,63,6,76,12,13,98,66,10,10384,5,16,43,60,71
20160225 07:41,75,9,65,6,75,11,14,98,66,11,10384,6,16,43,60,71
20160225 07:42,74,8,67,6,73,11,14,98,66,11,10384,7,16,43,60,71
20160225 07:43,71,8,68,6,69,11,15,97,66,11,10384,7,16,43,60,71
20160225 07:44,69,7,70,7,69,12,16,96,66,10,10384,8,16,43,60,71
20160225 07:45,70,9,71,7,72,13,16,96,66,10,10385,9,16,43,60,71
20160225 07:46,72,11,72,8,72,13,17,96,66,11,10385,10,16,43,60,71
20160225 07:47,70,11,72,8,68,14,18,95,66,11,10385,11,16,43,60,71
20160225 07:48,68,11,72,9,68,14,19,94,66,10,10385,11,16,43,60,71
20160225 07:49,72,10,72,9,77,11,19,94,66,10,10385,12,16,42,60,71
20160225 07:50,72,9,71,9,66,12,20,94,66,11,10385,13,16,42,60,71
20160225 07:51,72,11,71,9,78,15,21,93,66,11,10385,14,16,42,59,71
20160225 07:52,76,12,71,10,75,16,22,93,67,12,10385,14,16,42,59,71
20160225 07:53,78,13,73,10,82,14,22,92,66,10,10385,15,16,42,59,71
20160225 07:54,82,12,74,11,81,16,23,92,66,11,10385,16,16,42,59,71
20160225 07:55,83,11,75,11,85,15,24,91,66,11,10385,16,16,42,59,71
20160225 07:56,81,9,76,10,77,10,24,91,66,11,10386,17,16,42,59,71
20160225 07:57,78,9,77,10,79,12,25,91,67,12,10386,18,16,42,59,71
20160225 07:58,78,10,78,10,77,13,26,90,66,11,10386,19,16,42,59,71
20160225 07:59,79,10,78,11,82,11,27,90,67,12,10386,20,16,42,59,71
20160225 08:00,82,8,80,10,82,10,27,89,66,11,10386,21,16,42,59,71
20160225 08:01,83,9,80,10,84,13,28,89,66,12,10386,21,16,42,59,71
20160225 08:02,87,9,82,10,89,13,29,88,66,11,10386,22,16,42,59,71
20160225 08:03,88,10,82,10,87,15,30,87,66,11,10386,23,16,42,59,71
20160225 08:04,82,9,82,9,77,10,31,86,66,10,10386,24,16,42,59,71
20160225 08:05,81,7,82,9,85,9,31,86,66,10,10386,26,16,42,59,71
20160225 08:06,80,9,82,9,76,13,32,85,65,9,10386,27,16,42,59,71
20160225 08:07,79,10,82,9,81,15,33,84,65,9,10386,28,16,42,59,71
20160225 08:08,77,11,82,9,73,12,34,83,65,8,10386,29,16,42,59,71
20160225 08:09,79,9,82,9,85,14,34,83,65,8,10386,30,16,42,59,71
20160225 08:10,81,12,82,10,78,19,35,82,64,7,10386,32,17,42,59,71
20160225 08:11,79,15,81,10,81,20,36,81,64,6,10386,33,17,42,59,71
20160225 08:12,85,14,81,11,90,19,37,81,64,7,10386,35,17,42,59,71
20160225 08:13,84,12,80,11,79,17,38,79,63,5,10386,36,17,42,59,70
20160225 08:14,76,11,80,11,74,16,39,78,63,4,10386,38,17,42,59,70
20160225 08:15,81,12,81,12,89,17,40,78,63,5,10386,40,17,42,59,70
20160225 08:16,88,11,82,12,87,11,41,78,64,6,10386,41,17,42,59,70
20160225 08:17,96,11,84,12,105,17,42,77,63,5,10386,43,17,42,59,70
20160225 08:18,100,11,86,12,94,13,42,76,63,4,10386,45,17,42,59,70
20160225 08:19,108,11,90,12,121,19,44,75,63,4,10386,47,17,42,59,70
20160225 08:20,117,16,93,12,112,21,44,75,63,4,10386,49,17,42,59,70
20160225 08:21,110,17,96,13,107,20,45,74,62,3,10386,51,17,42,59,70
20160225 08:22,112,14,99,13,117,15,45,72,61,-1,10386,54,17,42,58,70
20160225 08:23,121,13,103,13,125,20,46,73,62,2,10386,56,17,42,58,70
20160225 08:24,122,16,108,13,119,20,47,72,61,1,10386,59,18,42,58,70
20160225 08:25,120,18,111,14,121,25,47,71,61,-1,10386,62,18,42,58,70
20160225 08:26,120,17,114,15,120,17,48,71,61,0,10386,64,18,42,58,70
20160225 08:27,123,14,116,15,127,19,48,70,60,-2,10386,67,18,42,58,70
20160225 08:28,115,15,117,16,104,22,48,70,60,-2,10386,69,19,42,58,70
20160225 08:29,105,18,116,16,107,23,49,71,61,1,10386,72,19,42,58,70
20160225 08:30,113,18,117,16,120,23,49,71,61,1,10386,75,20,42,58,70
20160225 08:31,116,16,117,16,111,21,50,71,62,2,10386,77,20,42,58,70
20160225 08:32,109,15,116,16,106,22,50,71,62,2,10386,80,21,42,58,70
20160225 08:33,106,13,114,16,106,11,51,71,62,3,10386,82,21,42,58,70
20160225 08:34,103,13,112,16,100,22,51,70,61,1,10386,84,22,42,58,70
20160225 08:35,104,15,111,15,109,19,52,70,62,2,10386,86,23,42,58,70
20160225 08:36,109,13,110,15,109,19,52,69,61,0,10386,89,23,42,58,70
20160225 08:37,103,14,107,15,97,22,53,71,63,5,10386,91,24,42,58,70
20160225 08:38,103,20,107,16,108,27,54,71,64,6,10386,93,25,42,58,70
20160225 08:39,116,22,109,16,124,25,54,69,62,2,10386,94,26,42,58,70
20160225 08:40,122,19,109,16,120,25,54,68,61,0,10386,96,26,42,58,70
20160225 08:41,126,17,111,16,132,19,55,68,61,1,10386,98,27,42,58,70
20160225 08:42,122,14,112,16,113,17,55,67,60,-1,10386,100,28,42,58,70
20160225 08:43,109,13,112,16,106,18,55,68,61,1,10386,102,29,42,58,70
20160225 08:44,105,11,112,16,105,13,55,68,61,1,10386,104,29,42,58,70
20160225 08:45,99,11,111,16,94,18,56,69,63,4,10386,106,30,42,58,70
20160225 08:46,101,15,111,16,108,20,57,70,64,7,10386,107,31,42,58,69
20160225 08:47,100,17,110,16,92,20,57,68,62,3,10387,109,32,42,58,69
20160225 08:48,97,16,110,15,102,19,57,67,61,1,10387,110,33,42,58,69
20160225 08:49,113,15,110,15,124,20,58,69,64,6,10387,112,33,42,58,69
20160225 08:50,126,19,110,15,128,27,59,68,63,5,10387,114,34,42,58,69
20160225 08:51,119,22,108,16,110,23,59,66,61,0,10387,115,35,42,58,69
20160225 08:52,113,19,108,16,116,23,59,66,61,0,10387,117,36,42,58,69
20160225 08:53,113,21,109,17,110,30,60,67,63,3,10387,119,37,42,58,69
20160225 08:54,113,25,110,19,115,31,61,66,62,2,10387,120,37,42,58,69
20160225 08:55,115,24,112,20,115,26,61,66,62,2,10387,120,38,42,58,69
20160225 08:56,110,20,112,20,105,24,61,64,60,-2,10387,121,39,42,58,69
20160225 08:57,99,22,112,21,94,30,62,66,63,3,10386,122,40,42,58,69
20160225 08:58,99,24,112,22,104,25,62,65,62,1,10386,124,41,42,58,69
20160225 08:59,108,22,111,22,111,30,62,65,62,1,10386,125,42,43,58,69
20160225 09:00,118,21,110,22,124,27,63,65,62,2,10386,127,42,43,58,69
20160225 09:01,123,17,112,21,122,16,64,65,62,3,10385,128,43,43,58,69
20160225 09:02,121,16,112,21,120,25,65,66,64,6,10385,130,44,43,57,69
20160225 09:03,120,17,113,20,119,20,65,65,63,4,10385,132,45,43,57,69
20160225 09:04,132,12,116,19,143,18,65,65,63,4,10385,134,46,43,57,69
20160225 09:05,155,12,120,18,166,16,66,65,63,5,10385,136,46,43,57,69
20160225 09:06,149,15,123,18,131,27,66,63,61,1,10385,137,47,43,57,69
20160225 09:07,130,21,127,18,129,33,66,63,61,1,10385,139,48,43,57,69
20160225 09:08,125,24,128,18,121,26,66,64,62,3,10385,140,49,44,57,69
20160225 09:09,127,20,131,17,133,28,67,64,63,4,10385,140,50,44,57,69
20160225 09:10,142,21,133,18,151,34,67,62,61,-1,10384,141,50,44,57,69
20160225 09:11,150,23,136,19,149,26,67,62,61,-1,10384,143,51,44,57,69
20160225 09:12,149,22,139,19,149,39,68,62,61,0,10384,145,52,44,57,69
20160225 09:13,149,24,142,20,149,36,68,61,60,-2,10384,146,53,44,57,69
20160225 09:14,146,25,142,21,142,35,69,62,62,1,10385,146,53,44,57,69
20160225 09:15,134,26,138,23,127,39,70,62,62,2,10385,148,54,45,57,69
20160225 09:16,129,30,138,24,131,35,70,62,62,2,10385,149,55,45,57,69
20160225 09:17,133,29,139,24,135,33,69,60,60,-3,10385,151,56,45,57,69
20160225 09:18,140,25,141,25,145,30,68,60,59,-4,10384,152,57,45,57,69
20160225 09:19,149,24,143,25,154,31,69,62,62,1,10384,153,57,45,57,69
20160225 09:20,156,26,144,26,159,32,69,61,61,-1,10384,154,58,45,57,69
20160225 09:21,160,24,145,26,161,32,69,60,60,-3,10384,154,59,46,57,69
20160225 09:22,166,27,147,27,171,40,70,61,61,0,10384,154,60,46,57,69
20160225 09:23,161,33,148,27,151,39,70,60,60,-2,10384,154,60,46,57,69
20160225 09:24,152,31,149,28,152,35,70,60,60,-2,10384,154,61,46,57,68
20160225 09:25,152,25,151,27,152,29,70,60,60,-2,10384,155,62,46,57,68
20160225 09:26,152,23,153,27,152,29,70,60,60,-2,10383,157,63,46,57,68
20160225 09:27,157,23,156,26,161,28,70,60,60,-2,10383,158,63,47,57,68
20160225 09:28,154,22,156,26,148,36,71,61,61,1,10383,160,64,47,57,68
20160225 09:29,147,23,155,26,145,33,71,60,60,-1,10383,162,65,47,58,68
20160225 09:30,159,24,157,26,173,32,72,62,63,4,10383,164,66,47,57,68
20160225 09:31,168,29,157,27,162,46,73,61,62,3,10383,165,66,47,58,68
20160225 09:32,151,34,154,27,140,42,72,60,61,0,10383,165,67,48,58,68
20160225 09:33,135,28,152,26,131,28,72,60,61,0,10384,165,68,48,58,68
20160225 09:34,125,23,148,25,119,29,71,60,60,-1,10384,165,68,48,58,68
20160225 09:35,126,22,147,25,134,27,71,62,63,3,10384,165,69,48,58,68
20160225 09:36,135,21,145,25,136,27,72,62,63,4,10384,167,70,48,58,68
20160225 09:37,129,22,141,25,123,28,72,61,62,2,10384,169,71,49,58,68
20160225 09:38,126,23,139,25,129,32,73,61,62,3,10384,169,71,49,58,68
20160225 09:39,147,25,141,25,164,36,73,61,62,3,10384,167,72,49,58,68
20160225 09:40,168,28,141,26,172,37,73,59,60,-2,10384,162,73,49,58,68
20160225 09:41,160,27,139,25,148,35,74,59,61,-1,10384,156,73,49,58,68
20160225 09:42,137,25,138,24,127,33,74,59,61,-1,10384,154,74,50,58,68
20160225 09:43,136,25,139,24,144,28,73,57,58,-6,10384,156,75,50,58,68
20160225 09:44,163,22,146,24,181,26,74,59,61,-1,10384,161,75,50,58,68
20160225 09:45,176,19,149,24,169,42,74,59,61,-1,10384,165,76,50,58,68
20160225 09:46,163,29,152,26,158,49,75,59,61,0,10384,167,77,51,58,68
20160225 09:47,157,37,155,27,155,42,74,57,59,-6,10384,168,77,51,58,68
20160225 09:48,159,30,158,27,163,35,75,58,60,-2,10384,171,78,51,58,68
20160225 09:49,169,22,159,26,176,23,75,58,60,-2,10384,175,78,51,58,68
20160225 09:50,166,21,158,26,157,46,76,59,62,1,10384,178,79,52,58,68
20160225 09:51,158,31,159,27,159,48,75,58,60,-2,10384,179,79,52,58,68
20160225 09:52,157,34,162,27,154,43,76,58,61,-1,10384,179,80,52,58,68
20160225 09:53,149,31,162,28,145,43,76,57,59,-4,10384,179,81,52,58,68
20160225 09:54,140,28,157,28,134,31,75,57,59,-5,10383,181,81,53,58,68
20160225 09:55,135,20,154,28,136,30,75,58,60,-2,10383,184,82,53,58,68
20160225 09:56,134,21,151,27,133,32,75,58,60,-2,10383,186,82,53,58,68
20160225 09:57,138,21,150,25,143,34,76,59,62,1,10382,187,83,53,58,68
20160225 09:58,148,23,149,25,152,33,75,57,59,-5,10382,187,83,53,59,68
20160225 09:59,155,29,147,27,158,41,75,58,60,-2,10382,188,84,54,59,68
20160225 10:00,157,34,147,28,156,43,76,59,62,1,10383,190,85,54,59,68
20160225 10:01,151,33,146,27,147,45,75,58,60,-2,10383,191,85,54,59,68
20160225 10:02,140,33,144,28,133,49,75,58,60,-2,10383,191,86,55,59,68
20160225 10:03,135,30,143,27,136,33,74,59,61,-1,10383,191,87,55,59,68
20160225 10:04,139,23,143,27,141,34,74,58,60,-3,10383,191,87,55,59,68
20160225 10:05,155,25,147,28,168,41,74,60,62,2,10383,193,88,55,59,68
20160225 10:06,166,36,150,30,163,48,75,59,61,0,10383,194,89,56,59,68
20160225 10:07,166,41,152,32,169,49,75,58,60,-2,10383,193,89,56,59,68
20160225 10:08,176,42,155,34,183,55,76,58,61,-1,10383,193,90,56,59,68
20160225 10:09,179,35,157,33,175,36,75,57,59,-5,10383,191,91,56,59,68
20160225 10:10,167,27,158,32,160,42,76,58,61,-1,10383,192,91,56,59,68
20160225 10:11,161,27,159,32,162,37,77,59,62,2,10382,194,92,57,59,68
20160225 10:12,174,27,164,31,187,34,78,59,62,3,10382,198,92,57,59,68
20160225 10:13,176,24,167,31,166,34,78,57,60,-2,10382,200,93,57,60,68
20160225 10:14,166,25,170,31,166,34,79,57,61,-1,10382,200,94,58,60,68
20160225 10:15,155,23,167,30,143,28,80,57,61,0,10382,201,94,58,60,68
20160225 10:16,156,23,168,29,171,37,80,57,61,0,10381,202,95,58,60,68
20160225 10:17,165,33,167,29,160,50,80,57,61,0,10381,203,95,58,60,68
20160225 10:18,150,37,163,28,141,44,80,56,60,-2,10381,202,96,59,60,68
20160225 10:19,143,32,160,28,145,41,78,56,59,-4,10381,204,97,59,60,68
20160225 10:20,144,27,158,28,144,31,78,57,60,-2,10381,205,97,59,60,68
20160225 10:21,141,30,156,28,137,42,77,57,60,-3,10381,205,98,59,60,68
20160225 10:22,134,26,150,27,130,27,77,57,60,-3,10381,206,98,60,60,68
20160225 10:23,146,21,150,28,163,31,77,57,60,-3,10381,208,99,60,60,68
20160225 10:24,152,28,148,28,142,40,77,57,60,-3,10381,209,100,60,60,68
20160225 10:25,144,29,148,29,146,44,78,58,61,1,10381,209,100,60,60,68
20160225 10:26,143,30,145,29,140,41,78,58,61,1,10381,210,101,61,61,68
20160225 10:27,139,32,142,29,137,45,78,59,62,3,10381,209,102,61,61,68
20160225 10:28,132,26,141,27,127,31,78,59,62,3,10380,209,102,61,61,68
20160225 10:29,133,21,140,27,139,27,79,59,63,4,10380,211,103,62,61,68
20160225 10:30,153,27,143,27,167,44,79,59,63,4,10380,212,103,62,61,68
20160225 10:31,171,32,146,27,175,38,79,58,62,2,10380,212,104,62,61,68
20160225 10:32,159,24,148,27,142,25,79,57,61,-1,10380,213,105,62,61,68
20160225 10:33,157,24,149,28,173,42,78,57,60,-2,10380,216,105,63,61,68
20160225 10:34,171,30,152,27,170,40,78,57,60,-2,10380,215,106,63,61,68
20160225 10:35,175,28,155,27,180,32,78,57,60,-2,10379,217,106,63,61,68
20160225 10:36,186,32,160,28,193,49,78,57,60,-2,10379,218,107,63,61,68
20160225 10:37,197,36,167,28,202,43,77,57,60,-3,10379,216,108,64,62,68
20160225 10:38,184,34,171,29,167,49,78,58,61,1,10379,216,108,64,62,68
20160225 10:39,162,37,173,31,157,53,78,58,61,1,10379,216,109,64,62,68
20160225 10:40,167,38,174,32,177,43,77,58,61,0,10379,217,109,65,62,68
20160225 10:41,179,31,174,31,182,33,78,59,62,3,10379,217,110,65,62,68
20160225 10:42,175,32,177,33,169,54,78,59,62,3,10379,219,110,65,62,68
20160225 10:43,169,39,177,34,169,50,78,57,60,-2,10379,219,111,65,62,68
20160225 10:44,153,40,173,35,138,48,78,58,61,1,10379,220,112,66,62,68
20160225 10:45,132,37,168,36,126,52,77,59,62,2,10378,221,112,66,62,68
20160225 10:46,134,35,163,36,141,45,78,60,63,5,10378,221,113,66,63,68
20160225 10:47,148,37,158,36,154,44,78,60,63,5,10378,221,113,67,63,68
20160225 10:48,154,38,157,37,154,47,78,58,61,1,10378,222,114,67,63,68
20160225 10:49,155,35,157,36,156,41,78,58,61,1,10378,222,114,67,63,68
20160225 10:50,158,39,155,37,159,51,78,58,61,1,10377,222,115,67,63,68
20160225 10:51,160,39,153,37,161,48,77,57,60,-3,10377,222,115,68,63,68
20160225 10:52,157,30,151,36,153,33,77,58,61,0,10376,223,116,68,63,68
20160225 10:53,148,29,149,35,144,42,77,57,60,-3,10375,225,116,68,63,68
20160225 10:54,147,32,150,35,149,42,77,59,62,2,10375,226,117,69,63,68
20160225 10:55,150,32,152,34,150,39,78,59,62,3,10374,227,117,69,63,68
20160225 10:56,159,32,155,34,168,45,78,59,62,3,10374,229,118,69,64,68
20160225 10:57,160,34,155,34,152,44,78,58,61,1,10373,229,118,69,64,68
20160225 10:58,153,40,155,35,154,56,78,59,62,3,10373,229,119,70,64,68
20160225 10:59,153,41,154,35,153,57,77,59,62,2,10373,228,119,70,64,68
20160225 11:00,150,32,153,33,148,37,77,58,61,0,10372,229,120,70,64,68
20160225 11:01,147,27,152,33,146,36,77,60,63,4,10372,232,121,71,64,68
20160225 11:02,149,29,151,33,151,35,77,60,63,4,10372,233,121,71,64,69
20160225 11:03,145,31,151,33,139,56,78,60,63,5,10372,234,121,71,64,69
20160225 11:04,143,36,151,34,148,54,79,61,65,9,10372,232,122,71,65,69
20160225 11:05,156,37,152,34,163,43,80,61,65,9,10373,231,122,72,65,69
20160225 11:06,167,33,153,34,172,43,81,60,65,8,10373,230,123,72,65,69
20160225 11:07,162,35,153,35,152,50,81,58,63,3,10373,231,123,72,65,69
20160225 11:08,147,37,151,34,141,52,79,58,62,2,10373,232,124,73,65,69
20160225 11:09,142,31,150,32,142,30,79,58,62,2,10373,233,124,73,65,69
20160225 11:10,145,22,150,32,148,24,79,59,63,4,10373,236,125,73,65,69
20160225 11:11,147,23,150,32,147,47,80,60,64,7,10373,239,125,73,65,69
20160225 11:12,159,31,152,32,172,40,80,59,63,5,10373,239,126,74,66,69
20160225 11:13,161,31,153,32,149,34,81,58,63,3,10373,239,126,74,66,69
20160225 11:14,144,32,152,31,138,47,80,58,62,2,10373,240,127,74,66,69
20160225 11:15,134,30,149,30,129,37,78,58,61,1,10373,240,127,75,66,69
20160225 11:16,141,28,147,30,154,39,78,59,62,3,10373,241,128,75,66,69
20160225 11:17,164,30,149,29,174,41,78,59,62,3,10373,242,128,75,66,69
20160225 11:18,173,35,152,30,171,51,79,59,63,4,10373,241,129,76,66,69
20160225 11:19,169,39,155,31,166,45,78,58,61,1,10373,241,129,76,66,69
20160225 11:20,161,35,156,32,156,45,78,59,62,3,10373,244,130,76,67,69
20160225 11:21,166,29,159,32,176,32,78,58,61,1,10372,244,130,76,67,69
20160225 11:22,159,25,156,31,142,36,80,60,64,7,10372,243,131,77,67,69
20160225 11:23,144,36,155,33,146,55,81,61,66,10,10372,243,131,77,67,69
20160225 11:24,149,41,157,33,152,50,80,59,63,5,10372,242,132,77,67,69
20160225 11:25,154,32,159,33,157,35,78,58,61,1,10372,244,132,78,67,69
20160225 11:26,160,28,160,33,164,38,79,60,64,6,10372,245,133,78,67,69
20160225 11:27,168,30,160,33,171,39,80,60,64,7,10372,245,133,78,68,69
20160225 11:28,159,34,158,32,148,47,80,59,63,5,10372,246,134,78,68,69
20160225 11:29,153,29,157,31,159,29,80,59,63,5,10372,247,134,79,68,70
20160225 11:30,157,24,157,30,154,35,80,59,63,5,10372,250,135,79,68,70
20160225 11:31,158,26,155,31,161,32,81,59,64,6,10372,251,135,79,68,70
20160225 11:32,165,29,158,31,168,44,82,59,64,7,10372,252,135,80,68,70
20160225 11:33,170,32,161,30,172,38,83,59,65,8,10373,252,136,80,68,70
20160225 11:34,172,32,163,29,171,41,83,59,65,8,10372,251,136,80,68,70
20160225 11:35,155,37,161,31,140,52,84,59,65,9,10372,252,137,81,69,70
20160225 11:36,148,37,160,31,156,46,81,58,63,3,10372,252,137,81,69,70
20160225 11:37,170,34,161,32,183,47,81,58,63,3,10371,253,138,81,69,70
20160225 11:38,183,34,165,32,182,47,82,58,63,4,10371,251,138,81,69,70
20160225 11:39,184,31,167,32,186,41,81,58,63,3,10371,249,139,82,69,70
20160225 11:40,174,32,168,33,161,42,81,57,62,1,10370,247,139,82,69,70
20160225 11:41,152,34,166,34,144,45,81,58,63,3,10371,251,140,82,70,70
20160225 11:42,152,34,166,34,160,42,81,58,63,3,10370,254,140,83,70,70
20160225 11:43,150,33,162,34,139,41,80,58,62,2,10370,255,141,83,70,70
20160225 11:44,150,30,161,34,160,40,81,59,64,6,10370,256,141,83,70,70
20160225 11:45,157,34,162,33,154,45,80,59,63,5,10370,257,141,83,70,70
20160225 11:46,157,30,163,32,160,30,80,58,62,2,10370,256,142,84,70,70
20160225 11:47,179,24,164,31,197,34,79,58,62,2,10369,257,142,84,70,70
20160225 11:48,194,27,165,31,189,42,80,58,62,2,10369,257,143,84,71,70
20160225 11:49,162,33,160,32,138,48,81,58,63,3,10369,258,143,85,71,70
20160225 11:50,146,32,159,31,155,34,82,60,65,9,10369,261,144,85,71,71
20160225 11:51,149,29,159,31,143,38,83,60,66,10,10368,263,144,85,71,71
20160225 11:52,150,34,159,31,157,44,82,58,63,4,10368,263,144,85,71,71
20160225 11:53,167,36,163,31,178,45,81,57,62,1,10368,263,145,86,71,71
20160225 11:54,167,33,163,31,157,41,81,57,62,1,10368,262,145,86,72,71
20160225 11:55,147,24,161,29,137,23,81,56,60,-1,10368,264,146,86,72,71
20160225 11:56,163,28,164,31,187,50,81,58,63,3,10368,265,146,87,72,71
20160225 11:57,192,35,164,31,197,37,80,56,60,-2,10368,262,147,87,72,71
20160225 11:58,180,30,161,31,164,45,81,57,62,1,10368,263,147,87,72,71
20160225 11:59,162,31,163,31,161,42,82,57,62,2,10367,263,148,87,72,71
20160225 12:00,160,38,164,33,159,52,81,58,63,3,10367,263,148,88,72,71
20160225 12:01,173,40,168,33,187,43,83,59,65,8,10367,262,148,88,72,71
20160225 12:02,181,31,170,32,175,39,83,57,62,3,10367,260,149,88,73,71
20160225 12:03,181,25,171,31,186,30,83,56,61,0,10367,263,149,89,73,71
20160225 12:04,188,27,174,31,190,44,83,55,60,-2,10366,263,150,89,73,71
20160225 12:05,198,33,181,33,205,51,83,56,61,0,10365,257,150,89,73,71
20160225 12:06,196,31,181,32,187,40,83,58,63,5,10365,256,150,89,73,71
20160225 12:07,179,21,178,30,171,23,85,58,64,7,10365,259,151,90,73,72
20160225 12:08,166,25,178,30,162,49,86,57,64,6,10365,264,151,90,74,72
20160225 12:09,159,36,178,31,156,48,86,56,63,3,10365,265,152,90,74,72
20160225 12:10,155,35,177,30,154,41,84,55,61,-1,10364,267,152,91,74,72
20160225 12:11,162,35,176,30,171,52,85,57,63,5,10364,268,152,91,74,72
20160225 12:12,168,36,175,31,165,42,85,56,62,2,10364,268,153,91,74,72
20160225 12:13,164,34,172,32,163,45,83,55,60,-2,10364,269,153,91,74,72
20160225 12:14,161,36,169,32,159,45,82,55,60,-3,10364,270,154,92,75,72
20160225 12:15,155,39,164,33,150,54,82,57,62,2,10363,269,154,92,75,72
20160225 12:16,143,37,159,34,135,45,81,57,62,1,10363,268,154,92,75,72
20160225 12:17,132,34,154,35,129,45,80,58,62,2,10363,268,155,93,75,72
20160225 12:18,130,28,151,34,132,28,81,59,64,6,10363,268,155,93,75,72
20160225 12:19,144,26,152,33,157,40,81,58,63,3,10363,269,155,93,75,72
20160225 12:20,165,28,153,33,173,34,83,59,65,8,10362,269,156,93,76,72
20160225 12:21,165,34,152,33,157,50,82,57,62,2,10362,271,156,94,76,72
20160225 12:22,158,45,152,35,160,60,82,56,61,0,10363,270,157,94,76,73
20160225 12:23,159,39,151,34,159,46,80,55,59,-5,10362,269,157,94,76,73
20160225 12:24,161,24,152,32,164,34,80,56,60,-2,10362,270,157,95,76,73
20160225 12:25,173,22,155,31,182,36,81,57,62,1,10362,270,157,95,76,73
20160225 12:26,167,27,157,30,152,42,82,57,62,2,10362,268,158,95,76,73
20160225 12:27,144,29,157,30,136,41,82,58,63,4,10362,270,158,95,77,73
20160225 12:28,139,31,158,31,142,43,83,58,63,5,10362,271,159,96,77,73
20160225 12:29,137,31,156,31,131,35,83,58,63,5,10362,272,159,96,77,73
20160225 12:30,145,30,154,32,160,58,82,57,62,2,10362,272,159,96,77,73
20160225 12:31,164,39,155,32,168,58,83,56,61,0,10362,270,160,97,77,73
20160225 12:32,170,41,157,31,171,46,84,56,62,1,10362,270,160,97,77,73
20160225 12:33,171,32,158,30,170,37,83,55,60,-2,10362,272,160,97,78,73
20160225 12:34,156,33,155,32,142,54,83,57,62,3,10362,273,161,97,78,73
20160225 12:35,142,35,151,33,143,39,82,57,62,2,10362,270,161,98,78,73
20160225 12:36,155,31,153,33,167,47,82,58,63,4,10362,271,161,98,78,74
20160225 12:37,172,35,157,34,178,48,83,58,63,5,10362,272,162,98,78,74
20160225 12:38,184,40,162,35,190,48,83,57,62,3,10362,271,162,98,78,74
20160225 12:39,188,37,168,36,186,48,82,56,61,0,10362,269,162,99,79,74
20160225 12:40,180,42,169,37,174,61,83,56,61,0,10362,270,162,99,79,74
20160225 12:41,179,43,171,36,183,49,83,56,61,0,10361,270,163,99,79,74
20160225 12:42,179,35,171,36,175,42,84,56,62,1,10361,270,163,100,79,74
20160225 12:43,162,40,169,38,150,61,84,56,62,1,10361,268,163,100,79,74
20160225 12:44,155,42,171,38,160,49,82,56,61,0,10361,267,164,100,79,74
20160225 12:45,165,38,173,39,169,51,81,55,59,-4,10361,267,164,100,80,74
20160225 12:46,176,35,175,39,183,42,81,56,60,-1,10361,270,164,101,80,74
20160225 12:47,189,31,176,38,194,41,81,56,60,-1,10361,271,164,101,80,74
20160225 12:48,185,32,175,37,175,47,81,55,59,-4,10360,269,165,101,80,74
20160225 12:49,158,36,171,38,143,51,81,57,62,1,10360,271,165,101,80,75
20160225 12:50,151,31,169,35,158,27,83,58,63,5,10360,275,165,102,80,75
20160225 12:51,156,24,166,34,155,42,83,56,61,0,10360,277,165,102,81,75
20160225 12:52,155,32,164,34,155,48,83,56,61,0,10359,276,166,102,81,75
20160225 12:53,153,39,164,34,150,53,83,55,60,-2,10359,275,166,102,81,75
20160225 12:54,140,37,161,33,129,44,82,56,61,0,10358,275,166,103,81,75
20160225 12:55,145,39,160,34,160,53,83,58,63,5,10358,277,166,103,81,75
20160225 12:56,164,42,159,35,168,49,83,56,61,0,10358,275,166,103,81,75
20160225 12:57,165,42,156,36,163,52,83,55,60,-2,10358,275,167,103,82,75
20160225 12:58,157,42,153,37,152,49,82,55,60,-3,10358,273,167,104,82,75
20160225 12:59,159,34,156,36,166,40,81,56,60,-1,10357,274,167,104,82,75
20160225 13:00,160,24,155,35,153,26,81,55,59,-4,10357,275,168,104,82,75
20160225 13:01,160,24,156,36,167,36,81,56,60,-1,10357,275,168,104,82,76
20160225 13:02,162,24,157,34,157,26,82,55,60,-3,10357,277,168,105,82,76
20160225 13:03,160,19,158,32,162,22,83,56,61,0,10356,278,168,105,83,76
20160225 13:04,153,16,159,30,145,21,83,56,61,0,10356,279,169,105,83,76
20160225 13:05,154,24,160,29,163,39,84,55,61,-1,10356,280,169,105,83,76
20160225 13:06,152,34,157,28,141,46,84,56,62,1,10356,282,169,106,83,76
20160225 13:07,143,41,155,28,145,55,85,57,63,5,10356,280,169,106,83,76
20160225 13:08,162,42,158,28,180,53,84,55,61,-1,10356,280,169,106,83,76
20160225 13:09,174,30,158,28,168,30,83,53,58,-7,10356,281,170,107,84,76
20160225 13:10,166,28,159,29,165,42,84,55,61,-1,10357,283,170,107,84,76
20160225 13:11,158,31,158,29,152,50,85,55,61,0,10357,281,170,107,84,76
20160225 13:12,153,34,158,31,155,47,86,57,64,6,10357,281,170,107,84,76
20160225 13:13,146,31,155,32,137,37,84,55,61,-1,10357,282,171,107,84,77
20160225 13:14,147,18,156,31,158,18,84,54,59,-4,10357,283,171,108,84,77
20160225 13:15,171,23,158,31,181,43,84,54,59,-4,10357,283,171,108,85,77
20160225 13:16,185,31,163,31,188,35,82,55,60,-3,10357,280,172,108,85,77
20160225 13:17,187,22,167,27,187,25,82,55,60,-3,10356,280,172,108,85,77
20160225 13:18,179,27,166,28,173,52,83,56,61,0,10356,278,172,109,85,77
20160225 13:19,168,35,166,28,162,42,86,59,66,10,10356,280,172,109,85,77
20160225 13:20,160,36,165,29,158,47,86,56,63,3,10356,281,173,109,85,77
20160225 13:21,156,37,165,29,154,40,84,55,61,-1,10356,281,173,109,86,77
20160225 13:22,151,32,164,29,147,44,83,55,60,-2,10356,280,173,110,86,77
20160225 13:23,154,32,167,30,161,41,83,56,61,0,10356,281,173,110,86,77
20160225 13:24,156,36,166,32,150,47,83,56,61,0,10355,281,173,110,86,78
20160225 13:25,161,35,165,32,172,40,84,58,64,6,10355,280,174,110,86,78
20160225 13:26,176,26,164,31,179,24,84,56,62,1,10354,278,174,111,86,78
20160225 13:27,151,23,158,32,124,34,83,55,60,-2,10354,279,174,111,87,78
20160225 13:28,114,22,152,30,103,24,83,57,62,3,10354,280,174,111,87,78
20160225 13:29,129,23,151,30,158,49,82,56,61,0,10354,282,174,111,87,78
20160225 13:30,150,32,149,30,143,48,84,58,64,6,10353,282,175,111,87,78
20160225 13:31,147,38,149,30,150,49,83,58,63,5,10353,279,175,112,87,78
20160225 13:32,153,35,150,30,155,37,83,57,62,3,10353,278,175,112,87,78
20160225 13:33,160,34,150,31,165,43,83,56,61,0,10353,278,175,112,87,78
20160225 13:34,168,32,153,30,172,38,83,56,61,0,10353,277,175,112,88,78
20160225 13:35,164,24,151,28,155,29,82,55,60,-3,10353,276,176,113,88,79
20160225 13:36,163,20,150,28,169,27,82,55,60,-3,10353,278,176,113,88,79
20160225 13:37,161,22,153,28,151,42,82,56,61,0,10352,279,176,113,88,79
20160225 13:38,170,30,161,30,189,52,83,57,62,3,10352,277,176,113,88,79
20160225 13:39,178,40,162,32,168,54,83,57,62,3,10352,274,176,114,89,79
20160225 13:40,168,40,164,32,167,47,83,56,61,0,10352,273,176,114,89,79
20160225 13:41,186,30,169,30,206,37,82,56,61,0,10352,275,176,114,89,79
20160225 13:42,202,23,174,29,197,33,83,57,62,3,10351,276,177,114,89,79
20160225 13:43,188,23,175,28,180,34,84,58,64,6,10351,278,177,114,89,79
20160225 13:44,174,29,175,29,168,41,85,56,62,2,10351,280,177,115,89,79
20160225 13:45,163,32,175,29,158,39,84,54,59,-4,10351,280,177,115,90,79
20160225 13:46,145,30,172,30,133,42,84,55,61,-1,10351,280,177,115,90,80
20160225 13:47,141,35,172,32,149,47,85,57,63,5,10351,280,177,115,90,80
20160225 13:48,141,35,166,31,134,37,83,56,61,0,10351,280,177,115,90,80
20160225 13:49,143,26,164,29,153,27,83,56,61,0,10351,278,178,116,90,80
20160225 13:50,163,23,165,28,172,36,83,56,61,0,10350,278,178,116,90,80
20160225 13:51,163,26,160,28,153,35,83,55,60,-2,10350,277,178,116,90,80
20160225 13:52,159,30,157,29,165,44,82,56,61,0,10350,277,178,116,91,80
20160225 13:53,164,33,155,30,163,40,83,58,63,5,10350,277,178,116,91,80
20160225 13:54,165,28,155,29,168,33,83,56,61,0,10350,277,178,117,91,80
20160225 13:55,174,27,157,29,180,43,82,55,60,-3,10350,277,178,117,91,80
20160225 13:56,187,29,163,29,195,38,82,56,61,0,10350,276,178,117,91,80
20160225 13:57,192,29,167,28,189,42,84,58,64,6,10350,275,178,117,91,81
20160225 13:58,183,24,171,27,177,26,84,56,62,1,10350,275,179,118,92,81
20160225 13:59,168,23,172,28,159,40,84,57,63,4,10350,276,179,118,92,81
20160225 14:00,166,33,172,29,173,43,84,57,63,4,10351,276,179,118,92,81
20160225 14:01,173,40,174,30,173,53,85,56,62,2,10351,275,179,118,92,81
20160225 14:02,164,40,173,31,155,48,85,56,62,2,10351,273,179,118,92,81
20160225 14:03,159,31,173,30,163,31,83,55,60,-2,10351,273,179,119,92,81
20160225 14:04,178,25,176,30,194,41,82,55,60,-3,10350,271,179,119,93,81
20160225 14:05,180,27,174,30,165,49,81,54,58,-6,10350,270,179,119,93,81
20160225 14:06,173,29,173,31,181,42,82,57,62,2,10350,271,179,119,93,81
20160225 14:07,185,26,173,30,189,29,82,55,60,-3,10350,270,179,119,93,82
20160225 14:08,175,21,171,30,161,31,83,57,62,3,10350,271,179,119,93,82
20160225 14:09,149,22,169,29,137,36,84,57,63,4,10350,271,179,120,93,82
20160225 14:10,150,31,168,29,161,46,85,58,64,7,10350,272,179,120,93,82
20160225 14:11,163,34,167,28,164,42,84,55,61,-1,10350,271,180,120,94,82
20160225 14:12,164,32,168,28,164,40,85,55,61,0,10350,271,180,120,94,82
20160225 14:13,166,35,168,29,168,51,84,54,59,-4,10350,269,180,120,94,82
20160225 14:14,171,34,167,29,175,44,83,54,59,-5,10350,270,180,121,94,82
20160225 14:15,177,34,168,30,179,42,83,55,60,-2,10350,268,180,121,94,82
20160225 14:16,181,33,168,30,182,37,83,55,60,-2,10350,267,180,121,94,82
20160225 14:17,187,26,168,30,192,34,83,55,60,-2,10350,263,180,121,95,83
20160225 14:18,193,30,172,32,194,46,83,55,60,-2,10350,262,180,121,95,83
20160225 14:19,203,30,179,32,212,28,83,55,60,-2,10349,262,180,121,95,83
20160225 14:20,190,27,180,31,168,42,83,55,60,-2,10349,263,180,122,95,83
20160225 14:21,171,33,181,31,173,41,83,55,60,-2,10349,263,180,122,95,83
20160225 14:22,171,28,181,30,169,35,83,55,60,-2,10348,261,180,122,95,83
20160225 14:23,168,28,181,30,167,51,83,55,60,-2,10348,261,180,122,95,83
20160225 14:24,168,34,180,30,170,43,83,55,60,-2,10348,261,180,122,96,83
20160225 14:25,162,33,178,30,153,42,83,55,60,-2,10348,261,180,123,96,83
20160225 14:26,144,32,173,30,135,34,83,55,60,-2,10348,262,180,123,96,83
20160225 14:27,143,33,169,31,151,51,82,54,59,-5,10348,262,180,123,96,83
20160225 14:28,156,36,166,31,161,47,83,55,60,-2,10348,262,180,123,96,84
20160225 14:29,165,32,162,32,170,42,83,54,59,-5,10348,260,180,123,96,84
20160225 14:30,175,21,163,30,180,25,82,54,59,-5,10348,260,180,123,97,84
20160225 14:31,180,17,164,29,180,29,83,55,60,-2,10348,260,180,124,97,84
20160225 14:32,177,26,164,30,175,44,84,54,59,-4,10348,261,179,124,97,84
20160225 14:33,180,32,166,29,184,42,84,54,59,-4,10347,259,179,124,97,84
20160225 14:34,177,33,166,29,169,42,84,54,59,-4,10347,259,179,124,97,84
20160225 14:35,173,30,168,28,176,42,83,54,59,-5,10347,260,179,124,97,84
20160225 14:36,168,32,171,29,159,47,84,55,61,-1,10347,259,179,124,97,84
20160225 14:37,150,39,170,30,142,52,83,55,60,-2,10347,258,179,124,98,84
20160225 14:38,143,38,168,30,145,48,81,54,58,-6,10347,255,179,125,98,85
20160225 14:39,146,32,166,30,148,35,81,55,59,-4,10347,254,179,125,98,85
20160225 14:40,150,29,163,32,153,36,82,54,59,-5,10347,255,179,125,98,85
20160225 14:41,153,26,160,32,153,35,83,54,59,-5,10347,254,179,125,98,85
20160225 14:42,154,26,158,32,156,46,84,54,59,-4,10346,255,179,125,98,85
20160225 14:43,157,28,156,31,159,35,85,55,61,0,10346,254,179,125,98,85
20160225 14:44,164,27,156,30,170,32,85,55,61,0,10346,254,179,125,99,85
20160225 14:45,176,26,157,30,182,35,86,54,60,-2,10346,253,179,126,99,85
20160225 14:46,172,29,157,30,162,42,86,54,60,-2,10346,252,179,126,99,85
20160225 14:47,163,31,159,29,165,36,87,54,61,-1,10346,253,179,126,99,85
20160225 14:48,169,33,162,29,174,51,88,55,62,3,10346,252,178,126,99,85
20160225 14:49,171,35,164,29,169,48,88,54,61,0,10346,250,178,126,99,86
20160225 14:50,160,32,164,29,152,36,88,54,61,0,10346,249,178,126,99,86
20160225 14:51,143,26,162,29,135,28,89,54,62,1,10346,249,178,126,100,86
20160225 14:52,134,26,160,29,134,34,89,54,62,1,10346,250,178,127,100,86
20160225 14:53,146,32,160,30,159,47,87,53,60,-3,10346,248,178,127,100,86
20160225 14:54,164,32,160,30,169,38,87,53,60,-3,10347,246,178,127,100,86
20160225 14:55,181,22,161,29,193,20,88,53,60,-2,10346,245,178,127,100,86
20160225 14:56,179,15,161,28,164,20,89,54,62,1,10346,246,178,127,100,86
20160225 14:57,173,20,163,27,181,30,90,54,62,2,10346,246,177,127,100,86
20160225 14:58,175,30,163,27,170,46,91,54,62,3,10345,246,177,127,101,86
20160225 14:59,171,33,163,27,172,42,90,51,59,-6,10345,244,177,127,101,87
20160225 15:00,163,32,163,27,153,42,89,51,58,-7,10345,243,177,127,101,87
20160225 15:01,155,35,165,28,157,49,89,53,60,-2,10345,242,177,128,101,87
20160225 15:02,160,34,168,28,162,37,87,52,58,-6,10346,242,177,128,101,87
20160225 15:03,162,29,168,28,161,39,85,53,59,-5,10346,241,177,128,101,87
20160225 15:04,155,31,166,28,149,45,84,53,58,-6,10346,241,177,128,101,87
20160225 15:05,154,28,163,29,160,26,83,54,59,-5,10346,241,176,128,101,87
20160225 15:06,159,27,162,31,158,44,84,56,62,1,10346,240,176,128,102,87
20160225 15:07,162,37,161,32,166,50,84,55,61,-1,10346,237,176,128,102,87
20160225 15:08,168,39,161,33,170,45,84,52,57,-9,10346,235,176,128,102,87
20160225 15:09,168,36,160,33,166,41,83,53,58,-7,10346,236,176,128,102,88
20160225 15:10,171,28,162,32,175,28,83,55,60,-2,10346,234,176,129,102,88
20160225 15:11,171,26,163,31,166,40,84,55,61,-1,10346,232,176,129,102,88
20160225 15:12,159,30,162,31,152,39,84,55,61,-1,10346,234,175,129,102,88
20160225 15:13,166,32,164,31,180,46,84,54,59,-4,10346,235,175,129,103,88
20160225 15:14,166,34,165,32,153,50,83,54,59,-5,10346,231,175,129,103,88
20160225 15:15,157,34,165,33,161,39,83,55,60,-2,10347,231,175,129,103,88
20160225 15:16,161,34,165,33,160,39,83,55,60,-2,10347,230,175,129,103,88
20160225 15:17,160,28,164,31,160,36,83,54,59,-5,10347,231,175,129,103,88
20160225 15:18,158,22,163,30,156,30,84,56,62,1,10346,231,174,129,103,88
20160225 15:19,151,23,161,29,146,35,84,55,61,-1,10346,232,174,129,103,89
20160225 15:20,151,31,159,30,156,50,84,56,62,1,10346,233,174,129,103,89
20160225 15:21,151,38,157,31,147,48,83,54,59,-5,10346,230,174,130,104,89
20160225 15:22,149,40,157,32,150,47,82,54,59,-5,10346,225,174,130,104,89
20160225 15:23,156,38,155,32,162,48,83,55,60,-2,10346,223,173,130,104,89
20160225 15:24,163,34,156,32,164,44,83,54,59,-5,10346,221,173,130,104,89
20160225 15:25,170,34,158,32,176,40,82,54,59,-5,10345,214,173,130,104,89
20160225 15:26,174,30,159,31,172,36,82,54,59,-5,10345,204,173,130,104,89
20160225 15:27,156,32,157,33,140,52,81,55,59,-4,10344,196,173,130,104,89
20160225 15:28,138,37,155,34,136,45,81,55,59,-4,10343,193,172,130,104,89
20160225 15:29,136,37,154,36,136,51,80,54,58,-7,10342,197,172,130,104,89
20160225 15:30,140,36,153,36,144,43,80,54,58,-7,10342,203,172,130,105,90
20160225 15:31,145,34,153,35,147,48,80,55,59,-5,10342,207,172,130,105,90
20160225 15:32,143,32,151,34,138,39,80,55,59,-5,10342,210,171,130,105,90
20160225 15:33,142,32,150,34,147,45,81,56,60,-1,10342,210,171,130,105,90
20160225 15:34,145,34,148,34,143,43,80,55,59,-5,10341,204,171,130,105,90
20160225 15:35,140,30,144,33,137,43,80,55,59,-5,10341,199,170,130,105,90
20160225 15:36,141,29,141,34,145,38,79,55,59,-6,10341,201,170,130,105,90
20160225 15:37,146,34,142,34,147,45,79,57,61,-1,10341,204,170,130,105,90
20160225 15:38,146,34,143,33,146,40,80,57,61,0,10341,204,169,131,105,90
20160225 15:39,139,29,143,32,132,38,79,55,59,-6,10341,202,169,131,106,90
20160225 15:40,137,27,142,31,141,33,80,57,61,0,10342,203,169,131,106,90
20160225 15:41,142,23,142,30,142,31,80,57,61,0,10342,206,168,131,106,91
20160225 15:42,144,29,143,30,146,50,81,56,60,-1,10342,205,168,131,106,91
20160225 15:43,150,37,143,31,154,47,81,55,59,-4,10341,204,168,131,106,91
20160225 15:44,145,33,143,30,136,33,80,55,59,-5,10341,206,167,131,106,91
20160225 15:45,145,31,144,31,153,42,81,55,59,-4,10341,207,167,131,106,91
20160225 15:46,150,33,145,31,148,42,80,54,58,-7,10341,206,167,131,106,91
20160225 15:47,146,31,144,30,145,40,81,55,59,-4,10341,205,167,131,106,91
20160225 15:48,148,27,145,30,151,35,81,56,60,-1,10342,205,166,131,106,91
20160225 15:49,148,30,146,30,145,43,81,56,60,-1,10342,201,166,131,107,91
20160225 15:50,135,36,145,32,125,48,81,55,59,-4,10342,192,166,131,107,91
20160225 15:51,134,32,145,32,143,37,79,54,57,-8,10341,182,166,131,107,92
20160225 15:52,135,31,143,32,126,49,79,55,59,-6,10342,178,165,131,107,92
20160225 15:53,126,39,140,32,125,56,79,54,57,-8,10342,174,165,131,107,92
20160225 15:54,122,39,138,33,119,49,78,52,55,-14,10342,170,165,131,107,92
20160225 15:55,121,40,135,34,123,54,78,54,57,-9,10342,168,165,131,107,92
20160225 15:56,123,45,133,36,124,54,77,52,55,-15,10342,168,164,131,107,92
20160225 15:57,122,44,130,37,120,59,77,53,56,-13,10342,168,164,131,107,92
20160225 15:58,121,43,127,39,121,58,77,54,57,-10,10343,167,164,131,107,92
20160225 15:59,124,41,125,39,127,54,78,55,58,-7,10343,165,163,131,108,92
20160225 16:00,129,38,126,39,132,40,77,55,58,-8,10343,163,163,131,108,92
20160225 16:01,127,35,124,40,123,48,77,54,57,-10,10343,160,163,131,108,92
20160225 16:02,127,39,124,41,130,45,77,54,57,-10,10342,158,162,131,108,92
20160225 16:03,135,37,126,39,140,42,76,54,56,-11,10342,155,162,131,108,93
20160225 16:04,142,32,128,39,144,39,76,55,57,-9,10342,154,161,131,108,93
20160225 16:05,139,31,129,38,133,38,76,56,58,-6,10341,154,161,131,108,93
20160225 16:06,124,34,128,37,114,44,77,57,60,-3,10341,154,161,131,108,93
20160225 16:07,112,37,128,36,111,47,76,55,57,-9,10341,152,160,131,108,93
20160225 16:08,117,32,128,35,124,39,76,55,57,-9,10341,152,160,131,108,93
20160225 16:09,121,30,127,34,118,45,77,56,59,-5,10341,153,159,131,108,93
20160225 16:10,120,29,126,33,122,33,77,57,60,-3,10341,154,159,131,109,93
20160225 16:11,126,35,126,34,129,49,77,56,59,-5,10341,154,158,131,109,93
20160225 16:12,126,43,126,34,123,52,77,54,57,-10,10341,156,158,131,109,93
20160225 16:13,122,45,124,35,121,56,77,55,58,-8,10341,155,157,131,109,93
20160225 16:14,119,43,121,36,116,52,76,54,56,-11,10341,153,157,131,109,93
20160225 16:15,116,41,119,38,116,51,76,55,57,-9,10341,151,156,131,109,94
20160225 16:16,118,38,120,37,121,44,76,55,57,-9,10341,148,156,131,109,94
20160225 16:17,125,32,122,36,129,40,76,56,58,-6,10341,145,155,131,109,94
20160225 16:18,124,28,121,36,118,33,76,55,57,-9,10341,143,155,131,109,94
20160225 16:19,119,29,121,36,120,39,76,56,58,-6,10341,145,155,131,109,94
20160225 16:20,121,30,121,36,122,36,76,56,58,-6,10340,150,154,131,109,94
20160225 16:21,119,29,120,35,117,44,76,57,59,-4,10340,155,154,131,109,94
20160225 16:22,121,33,120,34,125,49,76,57,59,-4,10340,157,153,131,109,94
20160225 16:23,130,36,122,33,135,47,77,57,60,-3,10340,158,153,131,110,94
20160225 16:24,131,39,123,34,127,54,77,57,60,-3,10340,157,152,131,110,94
20160225 16:25,129,42,125,33,132,56,76,56,58,-6,10340,155,152,131,110,94
20160225 16:26,129,43,125,35,127,52,76,56,58,-6,10339,155,151,131,110,94
20160225 16:27,129,39,125,35,130,43,76,57,59,-4,10339,155,151,131,110,95
20160225 16:28,132,31,127,35,133,36,76,58,61,-1,10340,153,151,131,110,95
20160225 16:29,139,25,129,34,144,28,76,58,61,-1,10340,152,150,131,110,95
20160225 16:30,138,22,130,34,131,33,76,57,59,-4,10340,153,150,130,110,95
20160225 16:31,125,29,130,34,119,48,77,58,61,0,10341,154,150,130,110,95
20160225 16:32,121,36,130,34,123,47,76,58,61,-1,10341,151,149,130,110,95
20160225 16:33,126,34,129,34,129,37,76,57,59,-4,10341,149,149,130,110,95
20160225 16:34,129,28,130,32,128,35,76,58,61,-1,10341,145,149,130,110,95
20160225 16:35,122,26,128,31,115,36,76,58,61,-1,10341,143,148,130,110,95
20160225 16:36,119,25,128,29,124,32,75,58,60,-2,10341,139,148,130,110,95
20160225 16:37,121,23,126,28,119,33,75,58,60,-2,10342,137,148,130,110,95
20160225 16:38,120,27,125,28,120,43,75,58,60,-2,10342,134,147,130,110,95
20160225 16:39,121,33,123,29,121,42,74,58,60,-3,10342,130,147,130,110,95
20160225 16:40,125,31,123,30,128,36,74,58,60,-3,10342,128,147,130,111,95
20160225 16:41,138,30,125,29,147,43,73,58,59,-4,10342,127,146,130,111,96
20160225 16:42,147,32,128,29,147,39,73,58,59,-4,10342,125,146,130,111,96
20160225 16:43,140,31,128,29,134,41,73,58,59,-4,10342,124,146,130,111,96
20160225 16:44,140,35,130,30,147,50,73,58,59,-4,10342,125,145,130,111,96
20160225 16:45,145,36,133,31,143,43,72,57,58,-7,10341,125,145,129,111,96
20160225 16:46,136,29,134,31,130,46,72,57,58,-7,10341,125,144,129,111,96
20160225 16:47,126,29,134,32,123,41,73,59,60,-2,10341,126,144,129,111,96
20160225 16:48,119,30,134,31,115,37,73,60,61,1,10341,127,143,129,111,96
20160225 16:49,115,26,133,30,115,32,73,60,61,1,10342,128,143,129,111,96
20160225 16:50,122,25,133,30,130,31,73,60,61,1,10342,129,143,129,111,96
20160225 16:51,125,23,130,29,121,27,73,60,61,1,10342,129,142,129,111,96
20160225 16:52,123,22,128,28,126,35,74,61,63,4,10342,129,142,129,111,96
20160225 16:53,119,24,126,28,113,37,74,59,61,-1,10341,128,141,129,111,96
20160225 16:54,115,30,123,27,117,50,74,60,62,2,10341,126,141,129,111,96
20160225 16:55,124,39,122,28,130,52,73,59,60,-2,10341,124,141,129,111,97
20160225 16:56,130,39,122,29,130,51,73,59,60,-2,10341,120,140,129,111,97
20160225 16:57,130,37,123,30,131,47,72,59,60,-3,10341,118,140,128,111,97
20160225 16:58,125,38,123,31,120,49,72,58,59,-5,10341,116,139,128,111,97
20160225 16:59,119,36,124,32,117,45,72,58,59,-5,10341,113,139,128,111,97
20160225 17:00,116,36,122,33,116,52,72,59,60,-3,10341,111,139,128,111,97
20160225 17:01,114,39,121,35,113,53,71,59,59,-4,10341,109,138,128,111,97
20160225 17:02,115,39,120,37,117,53,71,59,59,-4,10341,106,138,128,111,97
20160225 17:03,116,35,121,37,115,44,70,60,60,-2,10341,105,138,128,111,97
20160225 17:04,115,34,120,37,114,46,70,60,60,-2,10341,104,137,128,112,97
20160225 17:05,121,38,120,37,128,45,70,60,60,-2,10341,102,137,128,111,97
20160225 17:06,125,34,119,36,122,37,70,61,61,0,10341,101,136,128,112,97
20160225 17:07,118,32,118,36,115,52,69,61,61,-1,10341,100,136,128,112,97
20160225 17:08,115,37,117,36,115,49,69,61,61,-1,10341,99,135,127,112,97
20160225 17:09,114,39,117,37,113,47,69,62,62,1,10341,98,135,127,112,97
20160225 17:10,117,32,117,35,120,34,69,62,62,1,10341,97,135,127,112,98
20160225 17:11,122,30,118,35,123,45,68,62,61,0,10342,96,134,127,112,98
20160225 17:12,119,29,118,33,115,35,68,61,60,-2,10342,96,134,127,112,98
20160225 17:13,116,26,118,33,117,41,68,62,61,0,10342,96,133,127,112,98
20160225 17:14,114,32,118,33,111,43,68,63,62,3,10341,95,133,127,112,98
20160225 17:15,112,37,116,33,114,49,68,63,62,3,10341,94,132,127,112,98
20160225 17:16,114,38,116,34,114,47,67,63,62,2,10341,93,132,127,112,98
20160225 17:17,115,38,116,34,115,47,67,63,62,2,10341,93,131,126,112,98
20160225 17:18,118,34,116,33,120,40,67,63,62,2,10341,93,131,126,112,98
20160225 17:19,118,33,116,33,116,47,67,64,63,4,10341,93,130,126,112,98
20160225 17:20,117,36,116,34,118,47,67,64,63,4,10341,93,130,126,112,98
20160225 17:21,118,37,116,34,117,48,67,63,62,2,10341,92,129,126,112,98
20160225 17:22,120,41,117,36,124,58,67,63,62,2,10341,91,129,126,112,98
20160225 17:23,125,43,117,38,126,52,67,62,61,-1,10341,90,129,126,112,98
20160225 17:24,126,43,119,39,127,51,67,61,60,-3,10341,89,128,126,112,98
20160225 17:25,128,41,120,38,128,46,67,61,60,-3,10341,88,128,125,112,98
20160225 17:26,126,35,122,38,124,40,67,62,61,-1,10341,88,127,125,112,98
20160225 17:27,124,30,123,37,125,43,67,62,61,-1,10341,87,127,125,112,98
20160225 17:28,124,27,123,36,123,44,67,62,61,-1,10341,87,126,125,112,98
20160225 17:29,120,31,123,36,117,52,67,63,62,2,10341,86,126,125,112,99
20160225 17:30,121,36,124,36,125,42,67,62,61,-1,10341,85,126,125,112,99
20160225 17:31,117,28,123,35,110,31,66,63,61,1,10341,84,125,125,112,99
20160225 17:32,110,28,122,34,111,48,66,63,61,1,10341,84,125,125,112,99
20160225 17:33,110,33,120,33,110,48,66,64,62,3,10340,83,124,124,112,99
20160225 17:34,113,36,119,32,115,51,66,64,62,3,10340,82,124,124,112,99
20160225 17:35,116,41,118,33,117,53,66,63,61,1,10340,81,123,124,112,99
20160225 17:36,119,42,117,34,120,48,66,63,61,1,10339,80,123,124,112,99
20160225 17:37,115,35,116,34,111,51,66,63,61,1,10339,80,123,124,112,99
20160225 17:38,115,34,116,35,120,50,66,64,62,3,10339,79,122,124,112,99
20160225 17:39,121,37,116,35,123,45,65,64,62,2,10339,79,122,124,112,99
20160225 17:40,123,36,116,35,122,48,65,64,62,2,10339,79,121,124,112,99
20160225 17:41,124,39,117,37,125,54,65,63,61,0,10339,78,121,123,112,99
20160225 17:42,127,42,119,38,128,51,65,63,61,0,10339,77,121,123,112,99
20160225 17:43,127,39,121,38,125,45,66,63,61,1,10340,77,120,123,112,99
20160225 17:44,127,35,122,38,128,46,65,64,62,2,10340,77,120,123,112,99
20160225 17:45,129,38,123,37,129,45,65,63,61,0,10340,76,119,123,112,99
20160225 17:46,124,33,123,36,120,39,65,63,61,0,10341,76,119,123,112,99
20160225 17:47,120,27,124,36,119,33,65,64,62,2,10341,76,119,123,112,99
20160225 17:48,117,27,123,35,114,36,65,64,62,2,10341,76,118,122,112,99
20160225 17:49,115,24,123,33,116,28,65,64,62,2,10341,76,118,122,112,99
20160225 17:50,115,20,122,31,115,32,65,65,63,4,10341,75,117,122,112,100
20160225 17:51,121,24,122,30,128,37,65,65,63,4,10341,75,117,122,112,100
20160225 17:52,123,29,121,29,118,43,65,65,63,4,10341,75,117,122,112,100
20160225 17:53,118,33,120,29,117,47,65,65,63,4,10340,74,116,122,112,100
20160225 17:54,115,35,119,29,112,46,65,65,63,4,10340,73,116,121,112,100
20160225 17:55,118,33,118,28,124,38,65,65,63,4,10340,73,115,121,112,100
20160225 17:56,119,26,118,27,115,27,65,65,63,4,10340,73,115,121,112,100
20160225 17:57,116,22,117,27,116,29,64,66,63,5,10340,73,115,121,112,100
20160225 17:58,116,21,118,26,116,26,64,66,63,5,10340,73,114,121,112,100
20160225 17:59,113,21,117,27,110,37,64,66,63,5,10341,73,114,121,112,100
20160225 18:00,115,25,118,27,120,34,64,66,63,5,10341,72,114,121,112,100
20160225 18:01,117,25,116,27,114,34,64,66,63,5,10341,72,113,120,112,100
20160225 18:02,112,26,115,27,111,44,64,66,63,5,10340,72,113,120,112,100
20160225 18:03,113,34,115,27,116,49,64,66,63,5,10340,72,113,120,112,100
20160225 18:04,113,38,115,27,110,51,64,66,63,5,10340,71,112,120,111,100
20160225 18:05,114,32,115,27,117,32,64,65,62,3,10340,71,112,120,111,100
20160225 18:06,116,28,115,28,116,41,64,66,63,5,10340,71,111,120,111,100
20160225 18:07,115,32,115,29,115,45,64,66,63,5,10340,71,111,120,111,100
20160225 18:08,116,35,115,30,117,46,64,65,62,3,10341,70,111,119,111,100
20160225 18:09,117,34,115,31,118,45,64,65,62,3,10341,70,111,119,111,100
20160225 18:10,120,36,116,33,123,49,64,65,62,3,10341,70,110,119,111,100
20160225 18:11,123,37,117,34,124,43,65,65,63,4,10341,70,110,119,111,100
20160225 18:12,121,28,117,33,118,27,65,65,63,4,10341,69,110,119,111,100
20160225 18:13,116,21,117,31,115,26,65,65,63,4,10341,69,109,119,111,100
20160225 18:14,110,20,117,29,106,30,64,66,63,5,10342,69,109,118,111,100
20160225 18:15,109,20,116,29,111,27,64,66,63,5,10342,69,109,118,111,100
20160225 18:16,114,22,116,28,116,38,64,66,63,5,10342,69,108,118,111,100
20160225 18:17,116,27,116,28,116,38,64,66,63,5,10341,68,108,118,111,100
20160225 18:18,115,30,116,27,114,37,64,65,62,3,10341,68,108,118,111,100
20160225 18:19,115,30,116,27,115,42,64,65,62,3,10340,67,107,118,111,100
20160225 18:20,120,30,116,26,125,34,64,64,61,1,10341,67,107,117,111,100
20160225 18:21,121,25,115,25,117,30,64,64,61,1,10341,67,107,117,111,100
20160225 18:22,114,26,115,26,112,34,64,65,62,3,10341,66,106,117,111,100
20160225 18:23,113,28,115,26,114,30,64,65,62,3,10341,66,106,117,111,101
20160225 18:24,115,23,116,26,116,25,64,65,62,3,10341,66,106,117,111,101
20160225 18:25,110,19,115,26,103,21,63,65,62,2,10340,65,106,117,111,101
20160225 18:26,102,16,113,25,100,21,63,66,63,4,10340,65,105,117,111,101
20160225 18:27,102,22,112,25,104,44,63,66,63,4,10339,65,105,116,111,101
20160225 18:28,113,28,113,25,122,39,63,66,63,4,10339,65,105,116,111,101
20160225 18:29,119,24,113,24,117,22,63,65,62,2,10339,65,104,116,111,101
20160225 18:30,113,24,111,24,109,38,63,66,63,4,10339,65,104,116,111,101
20160225 18:31,109,24,111,23,110,30,63,65,62,2,10339,65,104,116,111,101
20160225 18:32,112,22,111,23,114,29,63,65,62,2,10339,65,104,116,110,101
20160225 18:33,119,25,112,23,125,31,63,66,63,4,10339,65,103,115,111,101
20160225 18:34,123,24,113,23,122,28,63,66,63,4,10339,65,103,115,110,101
20160225 18:35,124,24,115,24,126,30,63,66,63,4,10339,65,103,115,110,101
20160225 18:36,126,22,118,24,127,24,63,66,63,4,10340,65,102,115,110,101
20160225 18:37,123,18,119,23,119,26,63,66,63,4,10340,65,102,115,110,101
20160225 18:38,124,20,120,22,128,33,63,66,63,4,10340,65,102,115,110,101
20160225 18:39,127,21,121,23,125,28,63,66,63,4,10340,65,102,115,110,101
20160225 18:40,127,21,123,22,129,27,63,66,63,4,10340,65,101,114,110,101
20160225 18:41,123,21,123,22,117,27,63,66,63,4,10340,64,101,114,110,101
20160225 18:42,117,24,124,22,117,40,63,66,63,4,10340,64,101,114,110,101
20160225 18:43,122,28,124,23,129,38,63,66,63,4,10341,64,101,114,110,101
20160225 18:44,124,26,124,23,120,29,63,66,63,4,10341,63,101,114,110,101
20160225 18:45,124,27,124,23,127,38,63,65,62,2,10341,63,100,114,110,101
20160225 18:46,128,24,124,23,128,27,63,65,62,2,10341,62,100,113,110,101
20160225 18:47,127,25,125,24,125,39,63,65,62,2,10341,62,100,113,110,101
20160225 18:48,128,32,125,26,131,46,63,65,62,2,10341,62,100,113,110,101
20160225 18:49,127,32,125,26,124,45,63,65,62,2,10342,62,99,113,110,101
20160225 18:50,129,27,125,27,134,35,63,65,62,2,10342,62,99,113,110,101
20160225 18:51,132,23,126,27,129,29,63,65,62,2,10343,61,99,113,110,101
20160225 18:52,127,22,127,26,124,29,63,65,62,2,10344,61,99,113,110,101
20160225 18:53,130,20,128,25,136,23,63,65,62,2,10344,61,98,112,109,101
20160225 18:54,132,21,128,25,127,34,63,66,63,4,10344,61,98,112,109,101
20160225 18:55,131,24,129,25,136,30,63,66,63,4,10344,60,98,112,109,101
20160225 18:56,132,21,129,25,128,23,63,66,63,4,10344,60,98,112,109,101
20160225 18:57,127,20,130,24,127,29,63,66,63,4,10344,60,97,112,109,101
20160225 18:58,126,25,129,23,126,35,63,66,63,4,10344,60,97,112,109,101
20160225 18:59,128,25,130,23,130,28,63,66,63,4,10344,60,97,111,109,101
20160225 19:00,127,20,129,22,123,25,63,66,63,4,10344,60,97,111,109,101
20160225 19:01,124,20,128,22,125,25,63,66,63,4,10344,59,97,111,109,101
20160225 19:02,127,25,129,22,128,39,63,66,63,4,10344,59,96,111,109,101
20160225 19:03,130,29,128,24,132,34,63,66,63,4,10344,59,96,111,109,101
20160225 19:04,128,28,128,24,124,35,63,65,62,2,10344,59,96,111,109,101
20160225 19:05,126,24,127,23,127,33,63,65,62,2,10344,59,96,111,109,101
20160225 19:06,126,23,127,24,125,33,63,66,63,4,10344,59,95,110,109,101
20160225 19:07,126,28,127,25,128,41,63,66,63,4,10343,59,95,110,109,101
20160225 19:08,128,32,127,25,127,39,63,66,63,4,10343,59,95,110,109,101
20160225 19:09,127,28,127,26,127,35,63,65,62,2,10343,59,95,110,109,101
20160225 19:10,125,26,127,26,124,33,63,65,62,2,10343,58,95,110,109,101
20160225 19:11,125,26,127,27,127,41,63,66,63,4,10343,58,94,110,109,101
20160225 19:12,126,26,127,27,126,43,63,65,62,2,10343,58,94,110,108,101
20160225 19:13,125,31,126,27,124,45,63,65,62,2,10343,58,94,109,108,101
20160225 19:14,120,34,125,28,117,40,63,65,62,2,10343,57,94,109,108,101
20160225 19:15,120,28,125,28,124,37,63,65,62,2,10343,57,94,109,108,101
20160225 19:16,120,25,124,28,116,32,63,66,63,4,10343,57,93,109,108,101
20160225 19:17,118,26,123,28,120,36,63,66,63,4,10343,56,93,109,108,101
20160225 19:18,118,29,122,28,116,40,63,66,63,4,10343,56,93,109,108,101
20160225 19:19,119,29,122,28,122,34,63,66,63,4,10343,56,93,109,108,101
20160225 19:20,122,28,121,28,122,34,62,66,63,3,10343,56,93,108,108,101
20160225 19:21,123,28,121,28,124,33,62,66,63,3,10343,55,92,108,108,101
20160225 19:22,125,26,121,28,126,34,62,66,63,3,10344,55,92,108,108,101
20160225 19:23,123,24,121,27,121,31,62,66,63,3,10344,55,92,108,108,101
20160225 19:24,122,27,122,27,124,38,62,66,63,3,10344,54,92,108,108,101
20160225 19:25,126,33,122,28,128,42,62,66,63,3,10345,54,92,108,108,101
20160225 19:26,130,31,123,28,132,35,62,66,63,3,10345,54,91,108,108,101
20160225 19:27,133,27,125,28,133,36,62,66,63,3,10345,54,91,107,107,101
20160225 19:28,132,27,126,28,130,37,62,66,63,3,10344,54,91,107,107,101
20160225 19:29,131,27,127,28,132,35,62,66,63,3,10344,53,91,107,107,101
20160225 19:30,133,29,128,28,134,38,62,66,63,3,10344,53,90,107,107,101
20160225 19:31,137,26,130,27,140,33,62,66,63,3,10343,53,90,107,107,101
20160225 19:32,135,26,131,28,131,33,62,66,63,3,10343,53,90,107,107,101
20160225 19:33,137,24,133,27,143,29,62,66,63,3,10344,53,90,107,107,101
20160225 19:34,142,22,134,27,141,37,62,67,63,5,10343,53,90,107,107,101
20160225 19:35,138,23,135,26,136,28,62,67,63,5,10343,53,89,106,107,101
20160225 19:36,133,24,135,26,131,32,62,66,63,3,10343,53,89,106,107,101
20160225 19:37,134,25,135,25,137,30,62,66,63,3,10343,54,89,106,107,101
20160225 19:38,134,24,136,25,132,39,62,67,63,5,10343,54,89,106,107,101
20160225 19:39,128,24,135,25,124,39,62,67,63,5,10343,54,89,106,107,101
20160225 19:40,126,27,134,25,127,37,62,66,63,3,10343,54,88,106,107,101
20160225 19:41,127,27,133,25,126,29,62,66,63,3,10343,55,88,106,107,101
20160225 19:42,127,24,132,24,128,33,63,66,63,4,10343,55,88,105,107,101
20160225 19:43,130,27,131,25,133,34,63,66,63,4,10342,55,88,105,107,101
20160225 19:44,134,29,131,26,135,40,63,66,63,4,10343,55,88,105,106,101
20160225 19:45,134,25,131,26,133,27,63,66,63,4,10342,55,88,105,106,101
20160225 19:46,126,23,130,25,120,31,63,66,63,4,10342,55,87,105,106,101
20160225 19:47,119,23,128,25,119,30,63,66,63,4,10342,55,87,105,106,101
20160225 19:48,123,26,127,26,126,44,63,66,63,4,10342,55,87,105,106,101
20160225 19:49,124,30,127,26,121,40,63,65,62,2,10341,54,87,104,106,101
20160225 19:50,122,27,126,26,122,32,63,65,62,2,10341,54,87,104,106,101
20160225 19:51,127,29,127,27,132,41,63,64,61,0,10342,53,87,104,106,101
20160225 19:52,127,29,126,27,123,39,63,64,61,0,10342,53,86,104,106,101
20160225 19:53,121,28,125,27,119,39,63,64,61,0,10342,53,86,104,106,101
20160225 19:54,117,30,123,27,115,38,63,64,61,0,10343,52,86,104,106,101
20160225 19:55,117,32,121,28,118,47,63,64,61,0,10343,52,86,104,106,101
20160225 19:56,123,37,122,30,128,49,63,64,61,0,10344,52,86,104,106,101
20160225 19:57,124,42,122,32,121,59,64,64,61,1,10344,52,86,103,106,101
20160225 19:58,123,42,122,33,124,47,64,64,61,1,10343,52,86,103,106,101
20160225 19:59,122,35,122,33,119,38,64,64,61,1,10343,52,85,103,105,101
20160225 20:00,117,31,121,34,116,38,64,64,61,1,10343,52,85,103,105,101
