time_now,wd_avg_2mins,ws_avg_2mins,wd_avg_10mins,ws_avg_10mins,wd_maxsp_this_min,ws_maxsp_this_min,air_temp_by_box,relative_humidity,water_vapor_pressure,dew_temp,station_pressure,ground_temp_pt,ground_tem_5cm,ground_tem_10cm,ground_tem_15cm,ground_tem_20cm
20161217 20:01,107,4,108,6,107,4,11,89,59,-5,10317,-10,32,62,76,85
20161217 20:02,106,3,108,5,105,5,11,89,59,-5,10317,-10,32,62,76,85
20161217 20:03,102,3,107,5,99,4,11,89,59,-5,10317,-11,32,62,76,85
20161217 20:04,98,3,106,4,97,4,11,89,59,-5,10317,-11,32,62,76,85
20161217 20:05,98,4,105,4,98,5,11,89,59,-5,10317,-11,32,62,76,85
20161217 20:06,101,4,104,4,103,4,10,89,58,-6,10317,-11,31,62,76,85
20161217 20:07,106,3,104,4,108,4,10,89,58,-6,10317,-11,31,62,76,85
20161217 20:08,105,3,103,4,102,4,10,89,58,-6,10317,-11,31,61,76,85
20161217 20:09,101,3,103,3,100,4,10,89,58,-6,10317,-11,31,61,76,85
20161217 20:10,99,3,102,3,98,4,10,89,58,-6,10317,-11,31,61,76,85
20161217 20:11,100,3,101,3,101,3,9,89,58,-7,10317,-11,31,61,75,85
20161217 20:12,101,1,101,3,101,2,9,89,58,-7,10317,-11,31,61,75,85
20161217 20:13,102,0,101,3,104,0,9,89,58,-7,10317,-11,31,61,75,85
20161217 20:14,109,0,103,2,115,0,9,90,59,-6,10317,-12,31,61,75,85
20161217 20:15,120,0,106,2,126,0,9,90,59,-6,10317,-12,30,61,75,85
20161217 20:16,129,0,109,2,132,0,9,90,59,-6,10317,-12,30,61,75,85
20161217 20:17,136,0,112,1,141,0,9,90,59,-6,10317,-12,30,60,75,85
20161217 20:18,147,0,117,1,154,0,9,91,59,-4,10317,-12,30,60,75,85
20161217 20:19,157,0,123,1,160,0,9,91,59,-4,10317,-12,30,60,75,85
20161217 20:20,162,2,130,1,164,6,9,91,59,-4,10317,-12,30,60,75,85
20161217 20:21,163,4,136,1,163,6,10,91,60,-3,10317,-12,30,60,75,85
20161217 20:22,166,4,143,1,170,5,9,91,59,-4,10317,-13,30,60,75,85
20161217 20:23,167,5,149,2,165,6,9,91,59,-4,10317,-14,30,60,75,85
20161217 20:24,164,5,154,2,162,5,9,91,59,-4,10317,-14,29,60,75,85
20161217 20:25,162,5,157,3,162,7,9,91,59,-4,10317,-14,29,60,74,85
20161217 20:26,165,7,161,4,168,7,10,91,60,-3,10317,-15,29,60,74,85
20161217 20:27,172,6,164,4,177,6,10,92,60,-2,10317,-15,29,60,74,85
20161217 20:28,180,5,167,5,184,6,10,92,60,-2,10317,-15,29,59,74,85
20161217 20:29,185,4,170,5,186,5,10,92,60,-2,10317,-15,29,59,74,84
20161217 20:30,186,4,172,5,186,4,10,92,60,-2,10317,-15,29,59,74,84
20161217 20:31,185,2,174,5,184,3,10,92,60,-2,10317,-15,29,59,74,84
20161217 20:32,185,1,176,4,186,0,10,92,60,-2,10317,-15,29,59,74,84
20161217 20:33,186,0,178,4,186,0,10,92,60,-2,10317,-14,28,59,74,84
20161217 20:34,186,0,181,3,186,0,10,93,61,0,10317,-14,28,59,74,84
20161217 20:35,186,0,183,3,187,0,10,93,61,0,10317,-14,28,59,74,84
20161217 20:36,192,0,186,2,197,0,10,93,61,0,10317,-14,28,59,74,84
20161217 20:37,199,0,188,1,201,0,10,93,61,0,10317,-14,28,59,74,84
20161217 20:38,202,0,190,1,204,0,9,92,60,-3,10317,-15,28,59,74,84
20161217 20:39,189,0,189,0,173,0,8,92,60,-3,10317,-16,28,58,73,84
20161217 20:40,168,0,187,0,162,0,9,92,60,-3,10317,-16,28,58,73,84
20161217 20:41,171,0,186,0,179,0,9,92,60,-3,10317,-16,28,58,73,84
20161217 20:42,185,0,187,0,191,0,9,92,60,-3,10317,-16,27,58,73,84
20161217 20:43,188,0,187,0,185,0,9,92,60,-3,10317,-16,27,58,73,84
20161217 20:44,182,0,186,0,179,0,8,92,60,-3,10316,-17,27,58,73,84
20161217 20:45,180,0,185,0,180,0,8,92,60,-3,10316,-16,27,58,73,84
20161217 20:46,180,0,183,0,180,0,8,92,60,-3,10316,-16,27,58,73,84
20161217 20:47,180,0,181,0,180,0,8,92,60,-3,10316,-16,27,58,73,84
20161217 20:48,179,0,179,0,178,0,8,92,60,-3,10317,-17,27,58,73,84
20161217 20:49,172,0,178,0,166,0,7,92,59,-4,10317,-17,27,58,73,84
20161217 20:50,163,0,178,0,160,0,7,92,59,-4,10317,-16,27,57,73,84
20161217 20:51,160,0,176,0,160,0,7,92,59,-4,10317,-16,26,57,73,84
20161217 20:52,160,0,173,0,160,0,7,92,59,-4,10316,-16,26,57,73,84
20161217 20:53,160,0,170,0,160,0,6,92,59,-5,10317,-16,26,57,73,84
20161217 20:54,160,0,168,0,160,0,6,92,59,-5,10317,-17,26,57,72,84
20161217 20:55,160,0,166,0,160,0,6,92,59,-5,10317,-17,26,57,72,83
20161217 20:56,160,0,164,0,160,0,6,92,59,-5,10317,-17,26,57,72,83
20161217 20:57,160,0,162,0,160,0,6,92,59,-5,10317,-17,26,57,72,83
20161217 20:58,160,0,161,0,160,0,6,92,59,-5,10317,-17,26,57,72,83
20161217 20:59,160,0,160,0,160,0,5,92,58,-6,10317,-17,26,57,72,83
20161217 21:00,160,0,160,0,160,0,5,92,58,-6,10317,-17,25,57,72,83
20161217 21:01,160,0,160,0,160,0,5,93,59,-5,10316,-17,25,56,72,83
20161217 21:02,163,0,161,0,167,0,5,93,59,-5,10316,-17,25,56,72,83
20161217 21:03,168,0,161,0,168,0,4,93,58,-6,10316,-17,25,56,72,83
20161217 21:04,160,0,161,0,152,0,4,93,58,-6,10316,-18,25,56,72,83
20161217 21:05,146,0,159,0,140,0,4,93,58,-6,10316,-18,25,56,72,83
20161217 21:06,139,0,156,0,137,0,4,92,58,-7,10316,-18,25,56,72,83
20161217 21:07,136,0,154,0,135,0,3,92,57,-8,10316,-18,25,56,72,83
20161217 21:08,139,0,152,0,143,0,3,92,57,-8,10316,-18,25,56,72,83
20161217 21:09,132,0,148,0,121,0,3,92,57,-8,10316,-18,25,56,71,83
20161217 21:10,120,0,144,0,118,0,3,92,57,-8,10316,-19,24,56,71,83
20161217 21:11,118,0,140,0,118,0,3,92,57,-8,10316,-18,24,56,71,83
20161217 21:12,118,0,135,0,118,0,3,92,57,-8,10316,-18,24,55,71,83
20161217 21:13,118,0,130,0,118,0,2,92,57,-9,10316,-18,24,55,71,83
20161217 21:14,119,0,127,0,120,0,3,92,57,-8,10316,-18,24,55,71,83
20161217 21:15,121,0,125,0,121,0,3,93,58,-7,10316,-18,24,55,71,83
20161217 21:16,121,0,123,0,121,0,2,93,58,-8,10316,-18,24,55,71,83
20161217 21:17,146,0,128,0,205,0,2,93,58,-8,10316,-19,24,55,71,83
20161217 21:18,237,0,132,0,253,0,2,93,58,-8,10316,-19,24,55,71,83
20161217 21:19,253,0,142,0,252,0,2,93,58,-8,10316,-19,24,55,71,83
20161217 21:20,247,0,158,0,242,0,3,94,59,-6,10316,-19,23,55,71,83
20161217 21:21,241,0,177,0,241,3,3,94,59,-6,10317,-20,23,55,71,83
20161217 21:22,236,3,196,1,232,8,3,94,59,-6,10316,-20,23,55,71,83
20161217 21:23,230,7,210,2,229,8,3,94,59,-6,10316,-20,23,54,71,82
20161217 21:24,234,7,222,2,240,7,2,94,58,-6,10316,-20,23,54,70,82
20161217 21:25,241,6,231,3,242,7,2,94,58,-6,10316,-20,23,54,70,82
20161217 21:26,241,6,238,3,240,7,2,94,58,-6,10316,-20,23,54,70,82
20161217 21:27,240,6,241,4,240,7,2,94,58,-6,10316,-20,23,54,70,82
20161217 21:28,239,6,240,5,239,7,3,94,59,-6,10316,-20,23,54,70,82
20161217 21:29,240,7,239,5,242,8,3,94,59,-6,10316,-20,23,54,70,82
20161217 21:30,243,7,239,6,243,7,2,94,58,-6,10316,-20,22,54,70,82
20161217 21:31,250,8,240,7,257,14,2,95,59,-5,10317,-20,22,54,70,82
20161217 21:32,261,9,244,7,264,14,2,95,59,-5,10317,-20,22,54,70,82
20161217 21:33,267,10,248,7,271,12,2,95,59,-5,10317,-20,22,54,70,82
20161217 21:34,270,10,251,8,270,13,2,95,59,-5,10317,-20,22,53,70,82
20161217 21:35,268,10,253,8,266,11,2,95,59,-5,10317,-20,22,53,70,82
20161217 21:36,267,10,256,9,267,10,2,95,59,-5,10317,-20,22,53,70,82
20161217 21:37,266,10,258,9,265,11,3,95,59,-4,10317,-20,22,53,70,82
20161217 21:38,266,10,261,9,267,11,3,95,59,-4,10317,-20,22,53,70,82
20161217 21:39,266,9,264,9,265,10,3,95,59,-4,10316,-20,22,53,69,82
20161217 21:40,267,9,266,10,268,9,3,95,59,-4,10316,-21,22,53,69,82
20161217 21:41,268,9,267,10,268,10,3,95,59,-4,10316,-21,21,53,69,82
20161217 21:42,267,8,267,9,266,8,3,95,59,-4,10316,-21,21,53,69,82
20161217 21:43,266,7,267,9,265,7,3,95,59,-4,10316,-21,21,53,69,82
20161217 21:44,265,6,266,8,264,6,2,95,59,-5,10316,-21,21,53,69,82
20161217 21:45,259,4,265,8,253,3,2,95,59,-5,10316,-21,21,53,69,82
20161217 21:46,256,1,264,7,258,2,2,95,59,-5,10316,-21,21,52,69,82
20161217 21:47,265,0,265,6,273,0,2,95,59,-5,10316,-22,21,52,69,81
20161217 21:48,274,0,266,5,276,0,2,95,59,-5,10316,-22,21,52,69,81
20161217 21:49,277,0,267,4,278,0,1,95,58,-6,10316,-22,21,52,69,81
20161217 21:50,277,0,268,3,276,6,1,95,58,-6,10316,-22,21,52,69,81
20161217 21:51,278,3,269,3,280,7,1,95,58,-6,10316,-22,21,52,69,81
20161217 21:52,281,7,271,3,282,9,1,95,58,-6,10316,-22,20,52,69,81
20161217 21:53,284,7,273,3,285,8,1,95,58,-6,10316,-22,20,52,69,81
20161217 21:54,284,6,274,3,283,6,1,95,58,-6,10316,-23,20,52,68,81
20161217 21:55,281,5,277,3,280,5,1,95,58,-6,10316,-23,20,52,68,81
20161217 21:56,278,4,279,3,277,4,0,95,58,-7,10316,-23,20,52,68,81
20161217 21:57,280,3,280,4,284,3,0,95,58,-7,10316,-23,20,52,68,81
20161217 21:58,287,2,282,4,291,3,0,95,58,-7,10316,-23,20,52,68,81
20161217 21:59,295,1,284,4,300,0,0,95,58,-7,10316,-23,20,51,68,81
20161217 22:00,300,0,286,4,299,0,0,95,58,-7,10316,-23,20,51,68,81
20161217 22:01,298,0,288,3,297,0,0,95,58,-7,10316,-23,20,51,68,81
20161217 22:02,296,0,289,2,295,0,0,95,58,-7,10316,-23,20,51,68,81
20161217 22:03,297,0,290,2,298,0,0,95,58,-7,10316,-24,19,51,68,81
20161217 22:04,300,0,292,1,301,0,-1,95,58,-8,10316,-24,19,51,68,81
20161217 22:05,302,0,294,1,302,0,-1,95,58,-8,10316,-20,19,51,68,81
20161217 22:06,301,0,297,1,299,0,-1,95,58,-8,10316,-16,19,51,68,81
20161217 22:07,301,0,299,0,303,0,-1,95,58,-8,10316,-18,19,51,68,81
20161217 22:08,309,0,301,0,315,0,-1,95,58,-8,10316,-19,19,51,68,81
20161217 22:09,314,0,302,0,313,0,-2,95,57,-9,10316,-20,19,51,68,81
20161217 22:10,312,0,303,0,310,0,-2,95,57,-9,10316,-21,19,51,68,81
20161217 22:11,307,0,304,0,304,0,-3,95,57,-10,10316,-21,19,51,67,81
20161217 22:12,301,0,304,0,297,0,-3,95,57,-10,10316,-21,19,50,67,80
20161217 22:13,294,3,303,1,290,8,-3,95,57,-10,10316,-22,19,50,67,80
20161217 22:14,290,7,302,1,289,8,-2,95,57,-9,10316,-22,19,50,67,80
20161217 22:15,290,8,301,2,292,9,-2,95,57,-9,10316,-22,19,50,67,80
20161217 22:16,290,9,300,3,287,9,-2,95,57,-9,10316,-22,18,50,67,80
20161217 22:17,286,9,298,4,285,10,-2,96,58,-8,10316,-23,18,50,67,80
20161217 22:18,285,9,295,5,285,10,-2,96,58,-8,10316,-23,18,50,67,80
20161217 22:19,288,9,293,6,291,9,-1,96,58,-7,10315,-23,18,50,67,80
20161217 22:20,293,9,291,7,295,9,-1,96,58,-7,10315,-23,18,50,67,80
20161217 22:21,296,9,291,7,297,9,-1,96,58,-7,10315,-23,18,50,67,80
20161217 22:22,298,8,291,8,298,8,-1,96,58,-7,10315,-23,18,50,67,80
20161217 22:23,299,7,292,8,299,8,-1,96,58,-7,10315,-23,18,50,67,80
20161217 22:24,298,7,293,8,297,7,-1,96,58,-7,10315,-23,18,50,67,80
20161217 22:25,296,7,293,8,294,8,-1,96,58,-7,10315,-23,18,49,67,80
20161217 22:26,295,7,294,8,296,8,0,96,59,-6,10315,-22,18,49,67,80
20161217 22:27,298,7,295,8,299,8,-1,96,58,-7,10315,-22,18,49,66,80
20161217 22:28,303,7,297,8,306,9,-1,96,58,-7,10315,-23,18,49,66,80
20161217 22:29,304,8,298,7,302,9,-1,96,58,-7,10316,-23,18,49,66,80
20161217 22:30,304,8,299,7,306,9,-1,96,58,-7,10315,-23,18,49,66,80
20161217 22:31,306,8,300,7,305,9,-1,96,58,-7,10315,-23,18,49,66,80
20161217 22:32,305,8,301,7,305,8,-1,96,58,-7,10315,-23,18,49,66,80
20161217 22:33,307,7,302,7,308,8,-1,96,58,-7,10315,-23,18,49,66,80
20161217 22:34,308,6,303,7,309,8,-1,96,58,-7,10315,-23,18,49,66,80
20161217 22:35,308,6,304,7,308,7,-1,96,58,-7,10315,-23,17,49,66,80
20161217 22:36,308,6,306,7,309,7,-1,96,58,-7,10315,-23,17,49,66,79
20161217 22:37,315,5,308,7,321,6,-1,96,58,-7,10315,-23,17,49,66,79
20161217 22:38,323,5,310,7,325,7,-1,97,59,-5,10314,-23,17,48,66,79
20161217 22:39,328,6,313,6,330,7,-1,97,59,-5,10314,-23,17,48,66,79
20161217 22:40,335,6,316,6,340,6,-1,97,59,-5,10314,-23,17,48,66,79
20161217 22:41,340,5,320,6,341,5,-1,97,59,-5,10314,-23,17,48,66,79
20161217 22:42,341,5,323,6,341,6,-1,97,59,-5,10314,-23,17,48,65,79
20161217 22:43,340,5,326,6,340,6,-1,97,59,-5,10314,-23,17,48,65,79
20161217 22:44,343,6,330,6,345,7,-1,97,59,-5,10314,-23,17,48,65,79
20161217 22:45,345,6,334,6,344,7,-1,97,59,-5,10314,-23,17,48,65,79
20161217 22:46,342,6,337,6,341,8,-1,97,59,-5,10314,-23,17,48,65,79
20161217 22:47,341,7,339,6,340,9,0,97,59,-4,10314,-23,17,48,65,79
20161217 22:48,337,8,340,6,333,9,0,97,59,-4,10314,-24,17,48,65,79
20161217 22:49,332,8,340,6,331,9,0,97,59,-4,10314,-24,17,48,65,79
20161217 22:50,329,7,338,6,327,7,0,97,59,-4,10314,-24,17,48,65,79
20161217 22:51,327,6,337,6,327,7,0,97,59,-4,10314,-24,17,47,65,79
20161217 22:52,331,5,336,6,335,6,-1,97,59,-5,10314,-24,17,47,65,79
20161217 22:53,334,6,336,6,334,7,0,97,59,-4,10314,-24,17,47,65,79
20161217 22:54,333,5,334,6,332,5,-1,97,59,-5,10314,-24,17,47,65,79
20161217 22:55,335,4,334,6,338,5,-1,97,59,-5,10314,-24,17,47,65,79
20161217 22:56,337,4,333,6,336,4,-1,97,59,-5,10313,-24,16,47,65,79
20161217 22:57,337,4,333,5,338,5,-1,97,59,-5,10313,-24,16,47,65,79
20161217 22:58,340,4,334,5,343,5,-1,97,59,-5,10313,-24,16,47,65,79
20161217 22:59,342,4,335,5,341,5,-1,97,59,-5,10313,-24,16,47,65,79
20161217 23:00,341,3,337,4,342,5,-1,97,59,-5,10313,-24,16,47,64,79
20161217 23:01,341,4,338,4,339,5,-1,97,59,-5,10313,-24,16,47,64,79
20161217 23:02,342,4,339,4,344,6,-1,97,59,-5,10313,-24,16,47,64,78
20161217 23:03,346,5,340,4,348,5,-1,97,59,-5,10313,-24,16,47,64,78
20161217 23:04,347,4,342,4,347,5,-1,97,59,-5,10313,-24,16,47,64,78
20161217 23:05,344,4,342,4,341,4,-1,97,59,-5,10313,-24,16,47,64,78
20161217 23:06,336,3,341,4,331,5,-1,97,59,-5,10313,-24,16,47,64,78
20161217 23:07,332,4,341,4,333,5,-1,97,59,-5,10313,-24,16,46,64,78
20161217 23:08,331,4,340,4,330,5,-1,97,59,-5,10313,-24,16,46,64,78
20161217 23:09,327,3,338,4,324,4,-1,97,59,-5,10312,-24,16,46,64,78
20161217 23:10,325,3,336,4,327,3,-1,97,59,-5,10312,-25,16,46,64,78
20161217 23:11,326,2,335,4,324,2,-1,97,59,-5,10312,-25,16,46,64,78
20161217 23:12,323,1,333,3,322,2,-1,97,59,-5,10312,-25,16,46,64,78
20161217 23:13,323,0,330,3,323,0,-1,97,59,-5,10312,-25,16,46,64,78
20161217 23:14,328,0,329,2,333,0,-2,97,58,-6,10312,-25,16,46,64,78
20161217 23:15,339,0,329,2,344,0,-2,97,58,-6,10312,-25,16,46,64,78
20161217 23:16,348,0,331,2,352,0,-2,97,58,-6,10312,-25,16,46,63,78
20161217 23:17,351,0,333,1,350,0,-2,97,58,-6,10312,-25,16,46,63,78
20161217 23:18,354,0,336,1,358,0,-3,97,58,-7,10312,-25,15,46,63,78
20161217 23:19,358,0,339,1,357,0,-3,97,58,-7,10312,-25,15,46,63,78
20161217 23:20,359,0,342,0,0,0,-3,97,58,-7,10312,-25,15,46,63,78
20161217 23:21,359,0,346,0,357,0,-3,97,58,-7,10312,-25,15,46,63,78
20161217 23:22,0,0,350,0,3,0,-3,97,58,-7,10312,-25,15,45,63,78
20161217 23:23,8,0,355,0,12,0,-3,97,58,-7,10312,-25,15,45,63,78
20161217 23:24,13,0,359,0,13,0,-3,97,58,-7,10312,-25,15,45,63,78
20161217 23:25,15,0,2,0,17,0,-3,97,58,-7,10311,-25,15,45,63,78
20161217 23:26,17,0,4,0,17,0,-4,97,58,-8,10311,-25,15,45,63,77
20161217 23:27,17,0,7,0,17,0,-4,97,58,-8,10311,-25,15,45,63,77
20161217 23:28,17,0,9,0,17,0,-4,97,58,-8,10311,-25,15,45,63,77
20161217 23:29,17,0,11,0,17,0,-4,97,58,-8,10311,-25,15,45,63,77
20161217 23:30,17,0,13,0,17,0,-4,97,58,-8,10311,-25,15,45,63,77
20161217 23:31,17,0,15,0,16,0,-4,97,58,-8,10311,-25,15,45,63,77
20161217 23:32,16,0,16,0,17,0,-4,97,58,-8,10311,-25,15,45,63,77
20161217 23:33,16,0,16,0,16,0,-4,97,58,-8,10311,-25,15,45,63,77
20161217 23:34,15,0,17,0,14,0,-4,97,58,-8,10311,-25,15,45,63,77
20161217 23:35,15,0,17,0,17,0,-5,97,57,-9,10311,-26,15,45,62,77
20161217 23:36,17,0,17,0,17,0,-5,97,57,-9,10311,-26,15,45,62,77
20161217 23:37,19,0,17,0,22,0,-5,97,57,-9,10311,-26,15,45,62,77
20161217 23:38,23,0,18,0,25,0,-5,97,57,-9,10311,-26,15,45,62,77
20161217 23:39,25,0,19,0,25,0,-5,97,57,-9,10311,-26,15,45,62,77
20161217 23:40,25,0,19,0,25,0,-4,97,58,-8,10311,-26,15,44,62,77
20161217 23:41,25,0,20,0,25,0,-4,97,58,-8,10311,-26,15,44,62,77
20161217 23:42,25,0,21,0,25,0,-4,97,58,-8,10311,-26,15,44,62,77
20161217 23:43,25,0,22,0,25,0,-4,97,58,-8,10311,-26,15,44,62,77
20161217 23:44,25,0,23,0,25,0,-5,97,57,-9,10311,-26,14,44,62,77
20161217 23:45,25,0,24,0,25,0,-5,97,57,-9,10311,-26,14,44,62,77
20161217 23:46,25,0,25,0,25,0,-5,97,57,-9,10311,-26,14,44,62,77
20161217 23:47,25,0,25,0,25,0,-5,97,57,-9,10311,-26,14,44,62,77
20161217 23:48,25,0,25,0,25,0,-5,97,57,-9,10311,-26,14,44,62,77
20161217 23:49,25,0,25,0,25,0,-5,97,57,-9,10311,-27,14,44,62,77
20161217 23:50,25,0,25,0,25,0,-5,97,57,-9,10311,-27,14,44,62,76
20161217 23:51,25,0,25,0,25,0,-6,97,57,-10,10311,-27,14,44,62,76
20161217 23:52,29,0,26,0,32,0,-6,97,57,-10,10311,-27,14,44,62,76
20161217 23:53,42,0,28,0,52,0,-6,97,57,-10,10310,-27,14,44,61,76
20161217 23:54,55,0,32,0,59,0,-6,97,57,-10,10310,-26,14,44,61,76
20161217 23:55,60,0,35,0,61,0,-6,97,57,-10,10310,-27,14,44,61,76
20161217 23:56,65,0,40,0,68,0,-7,97,56,-11,10310,-26,14,44,61,76
20161217 23:57,68,0,44,0,69,0,-7,97,56,-11,10310,-26,14,44,61,76
20161217 23:58,72,0,49,0,75,0,-7,97,56,-11,10310,-27,14,43,61,76
20161217 23:59,75,0,54,0,76,0,-7,97,56,-11,10310,-26,14,43,61,76
20161217 00:00,76,0,60,0,76,0,-7,97,56,-11,10310,-26,14,43,61,76
20161217 00:01,82,0,66,0,87,0,-7,97,56,-11,10310,-27,14,43,61,76
20161217 00:02,86,1,71,0,85,3,-7,96,56,-13,10309,-27,14,43,61,76
20161217 00:03,85,2,74,0,84,3,-7,96,56,-13,10309,-27,14,43,61,76
20161217 00:04,84,2,77,1,84,3,-7,96,56,-13,10309,-27,14,43,61,76
20161217 00:05,84,2,79,1,84,3,-8,96,55,-14,10309,-27,14,43,61,76
20161217 00:06,84,2,80,1,84,3,-8,96,55,-14,10309,-28,14,43,61,76
20161217 00:07,84,1,82,1,84,4,-8,96,55,-14,10309,-28,14,43,61,76
20161217 00:08,84,2,83,1,84,4,-8,96,55,-14,10309,-27,14,43,61,76
20161217 00:09,84,3,84,2,83,4,-8,96,55,-14,10309,-27,13,43,61,76
20161217 00:10,83,4,84,2,82,4,-8,96,55,-14,10309,-27,13,43,61,76
20161217 00:11,82,3,84,2,82,3,-7,97,56,-11,10309,-27,13,43,61,76
20161217 00:12,83,3,84,2,84,3,-7,97,56,-11,10309,-27,13,43,60,76
20161217 00:13,84,2,84,2,84,2,-7,97,56,-11,10309,-27,13,43,60,76
20161217 00:14,84,2,83,2,83,4,-8,97,56,-12,10309,-27,13,43,60,76
20161217 00:15,83,3,83,3,82,4,-8,97,56,-12,10309,-27,13,43,60,76
20161217 00:16,81,3,83,3,81,3,-8,97,56,-12,10309,-27,13,43,60,75
20161217 00:17,79,2,82,3,76,3,-8,97,56,-12,10308,-28,13,43,60,75
20161217 00:18,76,1,81,3,76,1,-8,97,56,-12,10308,-27,13,42,60,75
20161217 00:19,76,0,81,2,76,0,-8,97,56,-12,10308,-27,13,42,60,75
20161217 00:20,76,0,80,2,76,0,-8,97,56,-12,10308,-27,13,42,60,75
20161217 00:21,72,0,79,2,68,0,-8,97,56,-12,10308,-27,13,42,60,75
20161217 00:22,68,0,77,1,67,0,-8,97,56,-12,10308,-27,13,42,60,75
20161217 00:23,60,0,74,1,52,0,-8,97,56,-12,10308,-27,13,42,60,75
20161217 00:24,39,0,68,1,26,0,-8,97,56,-12,10308,-28,13,42,60,75
20161217 00:25,23,0,62,1,19,0,-7,97,56,-11,10308,-27,13,42,60,75
20161217 00:26,15,0,55,0,11,0,-7,97,56,-11,10308,-27,13,42,60,75
20161217 00:27,13,0,49,0,15,0,-7,97,56,-11,10308,-28,13,42,60,75
20161217 00:28,17,0,43,0,20,0,-7,97,56,-11,10308,-28,13,42,60,75
20161217 00:29,21,0,37,0,22,0,-7,97,56,-11,10307,-27,13,42,60,75
20161217 00:30,21,0,32,0,20,0,-7,97,56,-11,10307,-27,13,42,60,75
20161217 00:31,20,0,27,0,19,0,-7,97,56,-11,10307,-28,13,42,60,75
20161217 00:32,18,0,22,0,16,0,-7,97,56,-11,10307,-28,13,42,60,75
20161217 00:33,20,0,19,0,24,0,-7,97,56,-11,10307,-28,13,42,59,75
20161217 00:34,29,0,20,0,35,0,-7,97,56,-11,10307,-28,13,42,59,75
20161217 00:35,42,0,23,0,49,0,-7,97,56,-11,10307,-27,13,42,59,75
20161217 00:36,67,0,30,0,86,0,-7,97,56,-11,10307,-27,12,42,59,75
20161217 00:37,98,0,38,0,109,0,-7,97,56,-11,10307,-27,12,42,59,75
20161217 00:38,110,0,47,0,111,0,-7,97,56,-11,10307,-28,12,41,59,75
20161217 00:39,111,1,57,0,111,3,-7,97,56,-11,10306,-27,12,41,59,75
20161217 00:40,113,2,68,0,114,3,-8,97,56,-12,10306,-28,12,41,59,75
20161217 00:41,111,2,78,1,108,3,-8,97,56,-12,10306,-28,12,41,59,75
20161217 00:42,109,1,88,1,110,2,-8,97,56,-12,10306,-28,12,41,59,74
20161217 00:43,97,0,93,1,85,0,-8,97,56,-12,10306,-29,12,41,59,74
20161217 00:44,85,0,97,1,85,0,-8,97,56,-12,10306,-28,12,41,59,74
20161217 00:45,80,0,99,1,75,0,-8,97,56,-12,10307,-28,12,41,59,74
20161217 00:46,40,0,94,1,10,0,-8,97,56,-12,10307,-28,12,41,59,74
20161217 00:47,12,0,86,1,14,0,-8,97,56,-12,10307,-29,12,41,59,74
20161217 00:48,19,0,76,1,23,0,-7,97,56,-11,10307,-29,12,41,59,74
20161217 00:49,26,0,66,1,28,0,-7,97,56,-11,10307,-29,12,41,59,74
20161217 00:50,28,0,56,0,28,0,-7,97,56,-11,10307,-29,12,41,59,74
20161217 00:51,27,0,47,0,25,0,-8,97,56,-12,10307,-28,12,41,59,74
20161217 00:52,21,0,38,0,17,0,-8,97,56,-12,10307,-28,12,41,59,74
20161217 00:53,15,0,31,0,13,0,-8,97,56,-12,10307,-28,12,41,59,74
20161217 00:54,12,0,24,0,11,0,-8,97,56,-12,10307,-29,12,41,59,74
20161217 00:55,8,0,17,0,6,0,-8,97,56,-12,10307,-29,12,41,58,74
20161217 00:56,0,0,16,0,354,0,-8,97,56,-12,10307,-29,12,41,58,74
20161217 00:57,353,0,14,0,352,0,-8,97,56,-12,10307,-29,12,41,58,74
20161217 00:58,357,0,12,0,2,0,-8,97,56,-12,10307,-29,12,41,58,74
20161217 00:59,7,0,10,0,12,0,-8,97,56,-12,10307,-29,12,41,58,74
20161217 01:00,15,0,9,0,17,0,-8,97,56,-12,10307,-29,12,40,58,74
20161217 01:01,14,0,7,0,10,0,-9,97,55,-13,10307,-29,12,40,58,74
20161217 01:02,7,0,6,0,3,0,-9,97,55,-13,10307,-29,12,40,58,74
20161217 01:03,3,0,5,0,3,0,-9,97,55,-13,10307,-29,12,40,58,74
20161217 01:04,3,0,4,0,3,0,-9,97,55,-13,10307,-29,12,40,58,74
20161217 01:05,1,0,3,0,359,0,-9,97,55,-13,10307,-29,11,40,58,74
20161217 01:06,348,0,2,0,338,0,-9,97,55,-13,10307,-29,11,40,58,74
20161217 01:07,331,0,359,0,324,0,-9,97,55,-13,10307,-29,11,40,58,74
20161217 01:08,320,0,355,0,316,0,-9,97,55,-13,10307,-29,11,40,58,74
20161217 01:09,313,0,349,0,309,0,-9,97,55,-13,10307,-30,11,40,58,73
20161217 01:10,305,0,341,0,301,0,-9,97,55,-13,10307,-30,11,40,58,73
20161217 01:11,303,0,334,0,305,0,-9,97,55,-13,10307,-30,11,40,58,73
20161217 01:12,306,0,328,0,307,0,-9,97,55,-13,10308,-30,11,40,58,73
20161217 01:13,307,0,322,0,307,0,-9,97,55,-13,10308,-29,11,40,58,73
20161217 01:14,307,0,317,0,307,0,-9,97,55,-13,10308,-29,11,40,58,73
20161217 01:15,313,0,313,0,320,0,-9,97,55,-13,10308,-29,11,40,58,73
20161217 01:16,3,0,317,0,42,0,-10,97,55,-14,10308,-29,11,40,58,73
20161217 01:17,42,0,323,0,42,0,-10,97,55,-14,10308,-30,11,40,58,73
20161217 01:18,42,0,332,0,42,0,-10,97,55,-14,10308,-30,11,40,58,73
20161217 01:19,42,0,343,0,42,0,-11,97,55,-15,10308,-30,11,40,57,73
20161217 01:20,42,0,356,0,42,0,-11,97,55,-15,10308,-30,11,40,57,73
20161217 01:21,42,0,8,0,42,0,-11,97,55,-15,10308,-30,11,40,57,73
20161217 01:22,42,0,19,0,42,0,-12,97,54,-16,10308,-30,11,40,57,73
20161217 01:23,49,0,30,0,56,0,-12,97,54,-16,10307,-30,11,39,57,73
20161217 01:24,68,0,41,0,79,0,-12,97,54,-16,10307,-30,11,39,57,73
20161217 01:25,82,0,51,0,84,0,-12,97,54,-16,10307,-30,11,39,57,73
20161217 01:26,84,0,55,0,84,0,-12,97,54,-16,10307,-30,11,39,57,73
20161217 01:27,86,0,60,0,88,0,-12,97,54,-16,10307,-30,11,39,57,73
20161217 01:28,96,0,66,0,105,0,-11,97,55,-15,10307,-30,11,39,57,73
20161217 01:29,110,0,74,0,115,0,-11,97,55,-15,10307,-30,11,39,57,73
20161217 01:30,110,0,80,0,106,0,-11,97,55,-15,10307,-30,11,39,57,73
20161217 01:31,101,0,86,0,97,0,-11,97,55,-15,10307,-30,11,39,57,73
20161217 01:32,96,0,91,0,94,0,-12,97,54,-16,10307,-30,11,39,57,73
20161217 01:33,89,0,93,0,83,0,-12,97,54,-16,10307,-30,11,39,57,73
20161217 01:34,81,0,94,0,80,0,-12,97,54,-16,10307,-31,11,39,57,73
20161217 01:35,88,0,95,0,97,0,-12,97,54,-16,10307,-31,11,39,57,73
20161217 01:36,107,0,98,0,117,0,-12,97,54,-16,10307,-31,10,39,57,72
20161217 01:37,123,0,102,0,129,0,-12,97,54,-16,10307,-31,10,39,57,72
20161217 01:38,131,0,105,0,132,0,-12,97,54,-16,10307,-31,10,39,57,72
20161217 01:39,132,0,107,0,132,0,-12,97,54,-16,10307,-32,10,39,57,72
20161217 01:40,132,0,109,0,132,0,-12,97,54,-16,10307,-31,10,39,57,72
20161217 01:41,131,0,113,0,131,0,-13,97,54,-17,10307,-31,10,39,56,72
20161217 01:42,130,0,117,0,129,0,-13,97,54,-17,10307,-31,10,39,56,72
20161217 01:43,129,0,121,0,128,0,-13,97,54,-17,10307,-31,10,39,56,72
20161217 01:44,129,0,126,0,129,0,-12,97,54,-16,10307,-31,10,39,56,72
20161217 01:45,129,0,129,0,129,0,-11,97,55,-15,10307,-31,10,39,56,72
20161217 01:46,129,0,130,0,128,0,-11,97,55,-15,10307,-31,10,38,56,72
20161217 01:47,122,0,129,0,115,0,-11,97,55,-15,10307,-31,10,38,56,72
20161217 01:48,113,0,126,0,110,0,-11,97,55,-15,10307,-31,10,38,56,72
20161217 01:49,108,0,124,0,107,0,-11,98,55,-14,10307,-32,10,38,56,72
20161217 01:50,107,0,121,0,107,0,-11,98,55,-14,10307,-31,10,38,56,72
20161217 01:51,107,0,119,0,107,0,-11,98,55,-14,10307,-31,10,38,56,72
20161217 01:52,106,0,116,0,104,0,-10,98,56,-13,10307,-31,10,38,56,72
20161217 01:53,100,0,113,0,95,0,-10,98,56,-13,10306,-31,10,38,56,72
20161217 01:54,94,0,109,0,93,0,-11,98,55,-14,10306,-32,10,38,56,72
20161217 01:55,94,0,106,0,95,0,-11,98,55,-14,10306,-32,10,38,56,72
20161217 01:56,96,0,103,0,96,0,-11,98,55,-14,10306,-32,10,38,56,72
20161217 01:57,98,0,101,0,100,0,-11,98,55,-14,10306,-32,10,38,56,72
20161217 01:58,99,0,100,0,98,0,-11,98,55,-14,10306,-32,10,38,56,72
20161217 01:59,100,0,100,0,102,0,-11,98,55,-14,10306,-32,10,38,56,72
20161217 02:00,107,0,100,0,112,0,-11,98,55,-14,10306,-32,10,38,56,72
20161217 02:01,115,0,101,0,118,0,-11,98,55,-14,10306,-32,10,38,56,72
20161217 02:02,118,0,103,0,118,0,-12,98,55,-15,10306,-32,10,38,56,72
20161217 02:03,118,0,105,0,118,0,-12,97,54,-16,10306,-32,10,38,56,72
20161217 02:04,118,0,108,0,118,0,-12,97,54,-16,10307,-32,10,38,56,72
20161217 02:05,118,0,110,0,118,0,-12,97,54,-16,10307,-32,10,38,56,72
20161217 02:06,118,0,112,0,118,0,-12,97,54,-16,10307,-32,9,38,56,71
20161217 02:07,118,0,114,0,117,0,-12,97,54,-16,10307,-32,9,38,55,71
20161217 02:08,116,0,115,0,115,0,-13,97,54,-17,10307,-32,9,38,55,71
20161217 02:09,115,0,117,0,115,0,-13,97,54,-17,10307,-32,9,38,55,71
20161217 02:10,115,0,117,0,115,0,-13,97,54,-17,10307,-32,9,38,55,71
20161217 02:11,115,0,117,0,115,0,-13,98,54,-16,10307,-32,9,38,55,71
20161217 02:12,115,0,116,0,115,0,-13,98,54,-16,10307,-32,9,38,55,71
20161217 02:13,114,0,116,0,113,0,-13,98,54,-16,10307,-32,9,37,55,71
20161217 02:14,113,0,115,0,113,0,-13,98,54,-16,10307,-32,9,37,55,71
20161217 02:15,110,0,114,0,107,0,-13,98,54,-16,10307,-32,9,37,55,71
20161217 02:16,106,0,113,0,105,0,-13,98,54,-16,10307,-32,9,37,55,71
20161217 02:17,107,0,112,0,109,0,-13,98,54,-16,10307,-32,9,37,55,71
20161217 02:18,114,0,113,0,118,0,-14,98,54,-17,10307,-32,9,37,55,71
20161217 02:19,120,0,113,0,121,0,-14,98,54,-17,10307,-32,9,37,55,71
20161217 02:20,121,0,114,0,121,0,-14,98,54,-17,10307,-32,9,37,55,71
20161217 02:21,121,0,114,0,121,0,-14,98,54,-17,10307,-32,9,37,55,71
20161217 02:22,121,0,115,0,121,0,-14,98,54,-17,10307,-32,9,37,55,71
20161217 02:23,121,0,116,0,121,0,-14,98,54,-17,10307,-32,9,37,55,71
20161217 02:24,123,0,117,0,126,0,-14,98,54,-17,10307,-32,9,37,55,71
20161217 02:25,126,0,119,0,127,0,-15,98,54,-18,10307,-32,9,37,55,71
20161217 02:26,127,0,121,0,127,0,-15,98,54,-18,10307,-33,9,37,55,71
20161217 02:27,127,0,123,0,127,0,-15,98,54,-18,10307,-32,9,37,55,71
20161217 02:28,126,0,124,0,125,0,-15,98,54,-18,10307,-32,9,37,55,71
20161217 02:29,123,0,124,0,122,0,-14,98,54,-17,10307,-33,9,37,55,71
20161217 02:30,121,0,124,0,121,0,-14,98,54,-17,10307,-32,9,37,55,71
20161217 02:31,121,0,124,0,121,0,-14,98,54,-17,10307,-32,9,37,55,71
20161217 02:32,121,0,124,0,121,0,-14,98,54,-17,10307,-32,9,37,55,71
20161217 02:33,119,0,123,0,117,0,-15,98,54,-18,10307,-32,9,37,55,71
20161217 02:34,111,0,121,0,105,0,-15,98,54,-18,10307,-32,9,37,54,71
20161217 02:35,100,0,118,0,96,0,-15,98,54,-18,10307,-32,9,37,54,71
20161217 02:36,96,0,115,0,96,0,-15,98,54,-18,10307,-33,9,37,54,71
20161217 02:37,97,0,112,0,98,0,-15,98,54,-18,10307,-33,8,37,54,70
20161217 02:38,100,0,110,0,103,0,-15,98,54,-18,10307,-33,8,37,54,70
20161217 02:39,105,0,108,0,106,0,-14,98,54,-17,10307,-33,8,37,54,70
20161217 02:40,107,0,107,0,108,0,-14,98,54,-17,10307,-33,8,36,54,70
20161217 02:41,108,0,106,0,109,0,-14,98,54,-17,10307,-33,8,36,54,70
20161217 02:42,111,0,105,0,113,0,-14,98,54,-17,10307,-33,8,36,54,70
20161217 02:43,111,0,104,0,110,0,-15,98,54,-18,10307,-33,8,36,54,70
20161217 02:44,110,0,105,0,110,0,-15,98,54,-18,10307,-33,8,36,54,70
20161217 02:45,110,0,106,0,110,0,-15,98,54,-18,10307,-33,8,36,54,70
20161217 02:46,110,0,108,0,110,0,-14,98,54,-17,10307,-33,8,36,54,70
20161217 02:47,110,0,109,0,110,0,-14,98,54,-17,10307,-33,8,36,54,70
20161217 02:48,110,0,110,0,110,0,-15,98,54,-18,10307,-33,8,36,54,70
20161217 02:49,110,0,110,0,110,0,-15,98,54,-18,10307,-34,8,36,54,70
20161217 02:50,110,0,110,0,110,0,-15,98,54,-18,10308,-34,8,36,54,70
20161217 02:51,111,0,111,0,113,0,-15,98,54,-18,10307,-34,8,36,54,70
20161217 02:52,113,0,111,0,113,0,-15,98,54,-18,10307,-33,8,36,54,70
20161217 02:53,117,0,112,0,121,0,-15,98,54,-18,10307,-33,8,36,54,70
20161217 02:54,125,0,114,0,130,0,-15,98,54,-18,10307,-34,8,36,54,70
20161217 02:55,137,0,117,0,145,0,-15,98,54,-18,10307,-34,8,36,54,70
20161217 02:56,145,0,121,0,146,0,-15,98,54,-18,10307,-34,8,36,54,70
20161217 02:57,146,0,124,0,146,0,-15,98,54,-18,10307,-34,8,36,54,70
20161217 02:58,146,0,128,0,146,0,-15,98,54,-18,10307,-34,8,36,54,70
20161217 02:59,146,0,132,0,146,0,-15,98,54,-18,10307,-34,8,36,54,70
20161217 03:00,146,0,135,0,146,0,-15,98,54,-18,10307,-34,8,36,54,70
20161217 03:01,145,0,138,0,144,0,-16,98,53,-19,10307,-34,8,36,53,70
20161217 03:02,143,0,141,0,141,0,-16,98,53,-19,10307,-34,8,36,53,70
20161217 03:03,141,0,143,0,141,0,-16,98,53,-19,10307,-34,8,36,53,70
20161217 03:04,141,0,144,0,141,0,-16,98,53,-19,10307,-33,8,36,53,70
20161217 03:05,141,0,144,0,141,0,-16,98,53,-19,10307,-33,8,36,53,70
20161217 03:06,141,0,143,0,141,0,-16,98,53,-19,10307,-33,8,36,53,70
20161217 03:07,141,0,143,0,141,0,-16,98,53,-19,10307,-33,8,36,53,70
20161217 03:08,141,0,142,0,141,0,-16,98,53,-19,10307,-33,8,35,53,70
20161217 03:09,141,0,142,0,141,0,-16,98,53,-19,10307,-33,7,35,53,69
20161217 03:10,136,0,140,0,132,0,-16,98,53,-19,10307,-34,7,35,53,69
20161217 03:11,132,0,139,0,132,0,-16,98,53,-19,10306,-34,7,35,53,69
20161217 03:12,132,0,138,0,132,0,-16,98,53,-19,10306,-33,7,35,53,69
20161217 03:13,132,0,137,0,132,0,-16,98,53,-19,10306,-33,7,35,53,69
20161217 03:14,132,0,137,0,132,0,-16,98,53,-19,10306,-33,7,35,53,69
20161217 03:15,132,0,136,0,132,0,-17,98,53,-20,10306,-33,7,35,53,69
20161217 03:16,132,0,135,0,132,0,-17,98,53,-20,10306,-33,7,35,53,69
20161217 03:17,99,0,128,0,66,0,-17,98,53,-20,10306,-33,7,35,53,69
20161217 03:18,64,0,121,0,63,0,-16,98,53,-19,10306,-33,7,35,53,69
20161217 03:19,64,0,113,0,66,0,-17,98,53,-20,10306,-33,7,35,53,69
20161217 03:20,69,0,107,0,72,0,-17,98,53,-20,10306,-33,7,35,53,69
20161217 03:21,74,0,100,0,77,0,-17,98,53,-20,10306,-33,7,35,53,69
20161217 03:22,77,0,94,0,77,0,-17,98,53,-20,10306,-33,7,35,53,69
20161217 03:23,79,0,89,0,82,0,-17,98,53,-20,10306,-33,7,35,53,69
20161217 03:24,82,0,84,0,82,0,-17,98,53,-20,10305,-33,7,35,53,69
20161217 03:25,82,0,79,0,82,0,-17,98,53,-20,10305,-33,7,35,53,69
20161217 03:26,83,0,75,0,84,4,-17,98,53,-20,10306,-33,7,35,53,69
20161217 03:27,84,3,77,1,84,6,-17,98,53,-20,10306,-33,7,35,53,69
20161217 03:28,83,6,79,1,83,6,-17,98,53,-20,10305,-33,7,35,53,69
20161217 03:29,83,6,81,2,83,7,-17,98,53,-20,10305,-33,7,35,53,69
20161217 03:30,83,5,82,2,84,6,-16,98,53,-19,10305,-33,7,35,52,69
20161217 03:31,84,5,82,3,83,5,-16,98,53,-19,10305,-33,7,35,52,69
20161217 03:32,79,4,82,3,74,4,-15,98,54,-18,10305,-33,7,35,52,69
20161217 03:33,67,2,80,3,60,2,-16,98,53,-19,10305,-32,7,35,52,69
20161217 03:34,60,0,78,3,60,0,-16,98,53,-19,10305,-33,7,35,52,69
20161217 03:35,62,0,76,3,64,0,-16,98,53,-19,10305,-33,7,35,52,69
20161217 03:36,63,0,74,3,63,0,-16,98,53,-19,10305,-34,7,35,52,69
20161217 03:37,63,0,72,3,62,0,-16,98,53,-19,10305,-34,7,35,52,69
20161217 03:38,62,0,69,2,62,0,-16,98,53,-19,10305,-34,7,35,52,69
20161217 03:39,63,0,68,1,64,0,-16,98,53,-19,10305,-34,7,34,52,69
20161217 03:40,67,0,66,1,70,0,-15,98,54,-18,10305,-34,7,34,52,68
20161217 03:41,70,0,65,0,70,0,-15,98,54,-18,10305,-34,7,34,52,68
20161217 03:42,70,0,64,0,70,0,-15,98,54,-18,10305,-33,7,34,52,68
20161217 03:43,70,0,65,0,69,0,-16,98,53,-19,10305,-33,6,34,52,68
20161217 03:44,67,0,66,0,65,0,-16,98,53,-19,10305,-34,6,34,52,68
20161217 03:45,62,0,65,0,59,0,-16,98,53,-19,10305,-33,6,34,52,68
20161217 03:46,59,0,65,0,59,0,-15,98,54,-18,10305,-33,6,34,52,68
20161217 03:47,59,0,65,0,59,2,-15,98,54,-18,10305,-33,6,34,52,68
20161217 03:48,58,3,64,1,57,8,-15,98,54,-18,10305,-34,6,34,52,68
20161217 03:49,55,7,63,1,53,10,-15,98,54,-18,10305,-34,6,34,52,68
20161217 03:50,52,9,61,2,51,10,-15,98,54,-18,10305,-34,6,34,52,68
20161217 03:51,52,8,60,3,54,9,-15,98,54,-18,10305,-34,6,34,52,68
20161217 03:52,55,7,58,4,57,9,-14,98,54,-17,10305,-34,6,34,52,68
20161217 03:53,55,8,57,5,53,9,-14,98,54,-17,10304,-34,6,34,52,68
20161217 03:54,54,7,56,5,54,8,-13,98,54,-16,10304,-34,6,34,52,68
20161217 03:55,55,7,55,6,56,8,-13,98,54,-16,10304,-34,6,34,52,68
20161217 03:56,58,6,55,7,60,6,-14,98,54,-17,10304,-34,6,34,52,68
20161217 03:57,61,6,56,7,63,8,-13,98,54,-16,10303,-34,6,34,52,68
20161217 03:58,64,7,57,7,65,8,-13,98,54,-16,10303,-34,6,34,52,68
20161217 03:59,65,7,58,7,65,8,-13,98,54,-16,10303,-33,6,34,52,68
20161217 04:00,66,6,59,7,67,6,-13,98,54,-16,10303,-33,6,34,51,68
20161217 04:01,68,5,61,7,70,5,-13,98,54,-16,10303,-33,6,34,52,68
20161217 04:02,69,4,62,6,69,5,-13,98,54,-16,10303,-34,6,34,51,68
20161217 04:03,67,3,63,6,65,4,-14,98,54,-17,10303,-34,6,34,51,68
20161217 04:04,65,1,65,5,65,0,-14,98,54,-17,10303,-34,6,34,51,68
20161217 04:05,64,0,65,4,63,0,-14,98,54,-17,10303,-34,6,34,51,68
20161217 04:06,63,0,65,4,62,0,-14,98,54,-17,10303,-34,6,34,51,68
20161217 04:07,62,0,65,3,62,0,-14,98,54,-17,10303,-34,6,33,51,68
20161217 04:08,62,0,65,2,62,0,-14,98,54,-17,10303,-35,6,33,51,68
20161217 04:09,61,0,64,2,59,0,-14,98,54,-17,10303,-35,6,33,51,68
20161217 04:10,55,0,63,1,51,0,-13,98,54,-16,10303,-35,6,33,51,68
20161217 04:11,50,0,61,1,49,0,-13,98,54,-16,10303,-35,6,33,51,68
20161217 04:12,47,0,58,0,45,0,-13,98,54,-16,10302,-34,6,33,51,68
20161217 04:13,45,0,56,0,45,0,-13,98,54,-16,10302,-34,6,33,51,68
20161217 04:14,45,0,54,0,45,0,-13,98,54,-16,10302,-34,6,33,51,68
20161217 04:15,46,0,53,0,48,0,-13,98,54,-16,10302,-34,6,33,51,67
20161217 04:16,47,0,51,0,46,0,-14,98,54,-17,10302,-35,6,33,51,67
20161217 04:17,38,0,48,0,30,0,-14,98,54,-17,10302,-35,6,33,51,67
20161217 04:18,30,0,45,0,30,0,-14,98,54,-17,10302,-34,6,33,51,67
20161217 04:19,30,0,42,0,29,0,-14,98,54,-17,10302,-34,5,33,51,67
20161217 04:20,29,0,40,0,28,0,-14,98,54,-17,10302,-34,5,33,51,67
20161217 04:21,28,0,37,0,28,0,-14,98,54,-17,10302,-34,5,33,51,67
20161217 04:22,29,0,36,0,30,0,-14,98,54,-17,10302,-34,5,33,51,67
20161217 04:23,31,0,34,0,31,0,-14,98,54,-17,10302,-35,5,33,51,67
20161217 04:24,31,0,33,0,31,0,-14,98,54,-17,10302,-34,5,33,51,67
20161217 04:25,31,0,31,0,31,0,-14,98,54,-17,10302,-34,5,33,51,67
20161217 04:26,21,0,28,0,10,0,-14,98,54,-17,10302,-34,5,33,51,67
20161217 04:27,344,0,22,0,321,0,-14,98,54,-17,10302,-34,5,33,51,67
20161217 04:28,322,0,16,0,322,0,-14,98,54,-17,10302,-34,5,33,51,67
20161217 04:29,322,0,9,0,321,0,-14,98,54,-17,10302,-35,5,33,51,67
20161217 04:30,323,0,2,0,324,0,-14,98,54,-17,10302,-36,5,33,51,67
20161217 04:31,328,0,355,0,331,0,-14,98,54,-17,10302,-36,5,33,51,67
20161217 04:32,337,0,350,0,343,0,-14,98,54,-17,10302,-36,5,33,50,67
20161217 04:33,344,0,345,0,346,0,-14,98,54,-17,10302,-36,5,33,50,67
20161217 04:34,3,0,344,0,21,0,-14,98,54,-17,10302,-35,5,33,50,67
20161217 04:35,25,0,344,0,29,0,-14,98,54,-17,10302,-35,5,33,50,67
20161217 04:36,33,0,347,0,37,0,-15,98,54,-18,10302,-35,5,33,50,67
20161217 04:37,37,0,355,0,37,0,-15,98,54,-18,10302,-35,5,33,50,67
20161217 04:38,39,0,3,0,40,0,-15,98,54,-18,10302,-35,5,33,50,67
20161217 04:39,42,0,12,0,43,0,-15,98,54,-18,10302,-35,5,33,50,67
20161217 04:40,42,0,20,0,42,0,-16,98,53,-19,10302,-35,5,32,50,67
20161217 04:41,42,0,27,0,42,0,-16,98,53,-19,10302,-35,5,32,50,67
20161217 04:42,42,0,32,0,42,0,-16,98,53,-19,10302,-35,5,32,50,67
20161217 04:43,42,0,38,0,42,0,-16,98,53,-19,10302,-35,5,32,50,67
20161217 04:44,42,0,40,0,42,0,-16,98,53,-19,10302,-34,5,32,50,67
20161217 04:45,42,0,41,0,42,0,-16,98,53,-19,10302,-34,5,32,50,67
20161217 04:46,46,0,42,0,49,0,-16,98,53,-19,10302,-35,5,32,50,67
20161217 04:47,54,0,44,0,59,4,-16,98,53,-19,10302,-36,5,32,50,67
20161217 04:48,61,2,46,1,62,5,-15,98,54,-18,10303,-36,5,32,50,67
20161217 04:49,64,4,49,1,66,5,-15,98,54,-18,10303,-36,5,32,50,67
20161217 04:50,67,4,51,1,68,5,-15,98,54,-18,10303,-36,5,32,50,66
20161217 04:51,67,5,54,2,67,8,-15,98,54,-18,10303,-35,5,32,50,66
20161217 04:52,71,8,57,3,74,10,-15,98,54,-18,10303,-35,5,32,50,66
20161217 04:53,77,10,61,4,79,12,-15,98,54,-18,10303,-35,5,32,50,66
20161217 04:54,79,11,65,5,79,12,-16,98,53,-19,10303,-35,5,32,50,66
20161217 04:55,81,10,69,6,82,11,-16,98,53,-19,10303,-35,5,32,50,66
20161217 04:56,81,9,72,7,80,9,-16,98,53,-19,10303,-35,5,32,50,66
20161217 04:57,81,7,74,7,81,7,-17,98,53,-20,10303,-35,5,32,50,66
20161217 04:58,88,5,77,7,94,5,-17,98,53,-20,10303,-36,5,32,50,66
20161217 04:59,104,5,82,8,115,6,-17,98,53,-20,10303,-35,5,32,50,66
20161217 05:00,118,6,87,8,121,7,-17,98,53,-20,10303,-35,4,32,50,66
20161217 05:01,112,6,91,8,102,6,-17,98,53,-20,10303,-35,4,32,50,66
20161217 05:02,89,5,91,7,75,7,-16,98,53,-19,10303,-36,4,32,50,66
20161217 05:03,68,5,89,7,60,4,-16,98,53,-19,10304,-35,4,32,50,66
20161217 05:04,56,3,86,6,51,4,-15,98,54,-18,10304,-36,4,32,49,66
20161217 05:05,44,1,82,5,37,1,-15,98,54,-18,10304,-36,4,32,49,66
20161217 05:06,37,0,77,4,37,0,-14,98,54,-17,10304,-36,4,32,49,66
20161217 05:07,39,0,73,3,40,0,-14,98,54,-17,10304,-36,4,32,49,66
20161217 05:08,56,0,70,3,72,0,-14,98,54,-17,10304,-36,4,32,49,66
20161217 05:09,76,0,67,2,79,0,-14,98,54,-17,10304,-35,4,32,49,66
20161217 05:10,81,0,63,2,82,0,-14,98,54,-17,10304,-35,4,32,49,66
20161217 05:11,82,0,62,1,82,0,-14,98,54,-17,10305,-35,4,32,49,66
20161217 05:12,82,0,62,1,82,0,-14,98,54,-17,10305,-35,4,32,49,66
20161217 05:13,78,0,64,0,75,0,-15,98,54,-18,10305,-35,4,32,49,66
20161217 05:14,66,0,65,0,58,0,-15,98,54,-18,10305,-36,4,32,49,66
20161217 05:15,59,0,67,0,60,0,-15,98,54,-18,10305,-36,4,32,49,66
20161217 05:16,65,0,70,0,71,0,-15,98,54,-18,10305,-36,4,31,49,66
20161217 05:17,74,0,74,0,77,0,-16,98,53,-19,10305,-36,4,31,49,66
20161217 05:18,76,0,74,0,76,0,-16,98,53,-19,10305,-37,4,31,49,66
20161217 05:19,72,0,73,0,67,0,-15,98,54,-18,10305,-37,4,31,49,66
20161217 05:20,59,0,70,0,51,0,-15,98,54,-18,10305,-37,4,31,49,66
20161217 05:21,60,0,69,0,69,2,-16,98,53,-19,10305,-37,4,31,49,66
20161217 05:22,85,0,70,0,101,0,-16,98,53,-19,10305,-37,4,31,49,66
20161217 05:23,93,0,71,0,85,0,-16,98,53,-19,10305,-36,4,31,49,66
20161217 05:24,81,4,73,1,77,9,-16,98,53,-19,10305,-36,4,31,49,66
20161217 05:25,83,6,76,1,89,7,-16,98,53,-19,10305,-37,4,31,49,66
20161217 05:26,91,3,79,1,94,3,-16,98,53,-19,10305,-37,4,31,49,65
20161217 05:27,89,1,79,1,85,0,-16,98,53,-19,10305,-37,4,31,49,65
20161217 05:28,71,2,77,2,56,7,-16,98,53,-19,10305,-37,4,31,49,65
20161217 05:29,54,5,76,3,52,8,-16,98,53,-19,10305,-38,4,31,49,65
20161217 05:30,60,4,78,3,68,4,-16,98,53,-19,10305,-38,4,31,49,65
20161217 05:31,78,1,80,3,88,4,-16,98,53,-19,10306,-39,4,31,49,65
20161217 05:32,87,3,78,3,86,8,-16,98,53,-19,10306,-39,4,31,49,65
20161217 05:33,82,7,77,4,78,8,-16,98,53,-19,10306,-37,4,31,49,65
20161217 05:34,76,7,77,4,73,7,-16,98,53,-19,10306,-37,4,31,49,65
20161217 05:35,81,5,77,4,88,5,-17,98,53,-20,10306,-36,4,31,49,65
20161217 05:36,99,4,78,4,110,5,-17,98,53,-20,10306,-37,4,31,49,65
20161217 05:37,99,4,79,5,89,6,-17,98,53,-20,10306,-37,4,31,49,65
20161217 05:38,84,6,81,5,78,7,-17,98,53,-20,10305,-37,4,31,48,65
20161217 05:39,80,6,84,5,83,6,-17,98,53,-20,10305,-37,4,31,48,65
20161217 05:40,80,5,85,5,77,5,-17,98,53,-20,10305,-37,4,31,48,65
20161217 05:41,84,3,85,5,91,4,-17,98,53,-20,10305,-37,4,31,48,65
20161217 05:42,78,4,83,5,66,5,-17,98,53,-20,10305,-37,4,31,48,65
20161217 05:43,62,4,81,5,59,4,-17,98,53,-20,10305,-37,4,31,48,65
20161217 05:44,57,5,80,5,56,9,-17,98,53,-20,10305,-37,3,31,48,65
20161217 05:45,55,7,76,5,55,9,-17,98,53,-20,10305,-37,3,31,48,65
20161217 05:46,58,6,72,5,62,6,-17,98,53,-20,10305,-37,3,31,48,65
20161217 05:47,67,5,70,5,72,7,-18,98,52,-21,10306,-37,3,31,48,65
20161217 05:48,70,6,69,5,69,7,-18,98,52,-21,10306,-37,3,31,48,65
20161217 05:49,64,6,67,5,60,7,-18,98,52,-21,10306,-37,3,30,48,65
20161217 05:50,56,6,64,5,53,7,-18,98,52,-21,10306,-36,3,31,48,65
20161217 05:51,54,5,61,6,55,5,-18,98,52,-21,10306,-36,3,30,48,65
20161217 05:52,56,5,60,6,56,6,-18,98,52,-21,10306,-36,3,30,48,65
20161217 05:53,56,5,59,6,56,7,-18,98,52,-21,10306,-36,3,30,48,65
20161217 05:54,57,5,59,6,57,7,-18,98,52,-21,10306,-37,3,30,48,65
20161217 05:55,57,6,60,6,57,8,-18,98,52,-21,10306,-37,3,30,48,65
20161217 05:56,57,7,59,6,57,8,-18,98,52,-21,10306,-37,3,30,48,65
20161217 05:57,60,7,58,6,63,8,-18,98,52,-21,10306,-37,3,30,48,65
20161217 05:58,60,8,57,6,58,9,-18,98,52,-21,10306,-37,3,30,48,65
20161217 05:59,58,8,57,6,58,10,-18,98,52,-21,10306,-37,3,30,48,65
20161217 06:00,60,8,58,7,61,10,-18,98,52,-21,10306,-37,3,30,48,65
20161217 06:01,64,9,59,7,67,11,-18,98,52,-21,10306,-37,3,30,48,65
20161217 06:02,68,10,60,8,70,11,-18,98,52,-21,10306,-37,3,30,48,64
20161217 06:03,69,9,62,8,68,10,-18,98,52,-21,10306,-37,3,30,48,65
20161217 06:04,66,9,62,8,63,10,-17,98,53,-20,10306,-37,3,30,48,64
20161217 06:05,61,8,62,8,58,10,-17,98,53,-20,10306,-37,3,30,48,64
20161217 06:06,64,7,63,8,69,8,-17,98,53,-20,10306,-37,3,30,48,64
20161217 06:07,73,8,65,8,76,9,-17,98,53,-20,10306,-37,3,30,48,64
20161217 06:08,67,9,65,9,59,12,-16,98,53,-19,10306,-37,3,30,48,64
20161217 06:09,56,11,64,9,54,13,-15,98,54,-18,10306,-37,3,30,48,64
20161217 06:10,56,9,64,9,58,11,-15,98,54,-18,10306,-37,3,30,48,64
20161217 06:11,57,7,63,9,57,9,-15,98,54,-18,10306,-38,3,30,48,64
20161217 06:12,56,7,62,8,55,9,-15,98,54,-18,10306,-38,3,30,47,64
20161217 06:13,56,7,60,8,56,10,-15,98,54,-18,10305,-38,3,30,48,64
20161217 06:14,56,8,60,8,56,10,-14,98,54,-17,10305,-38,3,30,47,64
20161217 06:15,57,7,60,8,58,8,-13,98,54,-16,10305,-38,3,30,47,64
20161217 06:16,56,8,58,8,53,12,-13,99,55,-14,10305,-38,3,30,47,64
20161217 06:17,55,9,56,8,56,10,-12,99,55,-13,10305,-38,3,30,47,64
20161217 06:18,59,7,57,8,63,9,-12,99,55,-13,10306,-38,3,30,47,64
20161217 06:19,62,7,57,8,62,8,-11,99,56,-12,10306,-37,3,30,47,64
20161217 06:20,59,8,57,8,56,11,-11,99,56,-12,10306,-38,3,30,47,64
20161217 06:21,54,9,57,8,52,10,-11,99,56,-12,10306,-37,3,30,47,64
20161217 06:22,56,7,57,8,60,7,-11,99,56,-12,10306,-37,3,30,47,64
20161217 06:23,62,5,58,8,64,6,-12,98,55,-15,10306,-37,3,30,47,64
20161217 06:24,60,7,58,7,56,9,-12,98,55,-15,10306,-37,3,30,47,64
20161217 06:25,61,6,59,7,65,7,-12,98,55,-15,10306,-37,3,30,47,64
20161217 06:26,71,6,61,7,76,7,-12,98,55,-15,10306,-37,3,29,47,64
20161217 06:27,77,6,63,7,79,7,-11,98,55,-14,10306,-37,2,29,47,64
20161217 06:28,80,5,65,6,82,6,-11,99,56,-12,10306,-37,3,29,47,64
20161217 06:29,79,5,67,6,76,7,-12,99,55,-13,10306,-37,2,29,47,64
20161217 06:30,76,5,69,6,76,6,-12,98,55,-15,10306,-37,2,29,47,64
20161217 06:31,78,2,71,5,79,1,-12,98,55,-15,10306,-37,2,29,47,64
20161217 06:32,96,0,76,4,114,0,-12,98,55,-15,10306,-37,2,29,47,64
20161217 06:33,121,0,83,4,127,0,-13,98,54,-16,10306,-37,2,29,47,64
20161217 06:34,127,0,90,3,127,0,-13,98,54,-16,10306,-38,2,29,47,64
20161217 06:35,127,0,96,3,127,0,-13,98,54,-16,10306,-38,2,29,47,64
20161217 06:36,127,0,101,2,127,0,-13,98,54,-16,10306,-38,2,29,47,64
20161217 06:37,116,0,104,1,104,0,-14,98,54,-17,10306,-39,2,29,47,64
20161217 06:38,81,0,102,1,60,0,-14,98,54,-17,10306,-39,2,29,47,64
20161217 06:39,62,0,101,0,64,0,-14,98,54,-17,10306,-38,2,29,47,64
20161217 06:40,63,0,100,0,62,0,-14,98,54,-17,10306,-38,2,29,47,64
20161217 06:41,62,0,98,0,62,0,-14,98,54,-17,10306,-38,2,29,47,64
20161217 06:42,61,0,92,0,60,0,-14,98,54,-17,10306,-38,2,29,47,64
20161217 06:43,58,0,84,0,56,0,-14,98,54,-17,10306,-37,2,29,47,64
20161217 06:44,56,0,77,0,56,0,-15,98,54,-18,10306,-37,2,29,47,63
20161217 06:45,56,0,70,0,56,0,-15,98,54,-18,10306,-36,2,29,47,63
20161217 06:46,56,1,63,0,56,5,-15,98,54,-18,10306,-36,2,29,47,63
20161217 06:47,57,3,59,1,58,6,-15,98,54,-18,10306,-36,2,29,47,63
20161217 06:48,61,5,59,1,65,7,-15,98,54,-18,10306,-36,2,29,47,63
20161217 06:49,65,6,60,2,66,6,-15,98,54,-18,10306,-36,2,29,47,63
20161217 06:50,66,5,60,2,65,5,-16,98,53,-19,10306,-36,2,29,47,63
20161217 06:51,65,5,60,3,65,5,-16,98,53,-19,10306,-36,2,29,46,63
20161217 06:52,60,6,60,4,56,9,-16,98,53,-19,10306,-36,2,29,46,63
20161217 06:53,54,8,59,4,52,10,-16,98,53,-19,10307,-36,2,29,46,63
20161217 06:54,52,7,59,5,52,8,-16,98,53,-19,10307,-36,2,29,46,63
20161217 06:55,51,7,58,6,50,9,-16,98,53,-19,10307,-36,2,29,46,63
20161217 06:56,52,8,58,7,54,10,-16,98,53,-19,10307,-36,2,29,46,63
20161217 06:57,55,8,58,7,57,9,-16,98,53,-19,10307,-36,2,29,46,63
20161217 06:58,59,6,58,7,60,7,-16,98,53,-19,10307,-36,2,29,46,63
20161217 06:59,61,6,57,7,62,7,-14,98,54,-17,10307,-35,2,29,46,63
20161217 07:00,60,6,56,7,57,9,-14,99,55,-15,10307,-35,2,29,46,63
20161217 07:01,61,6,56,7,64,7,-14,99,55,-15,10307,-35,2,29,46,63
20161217 07:02,64,6,57,7,63,7,-13,99,55,-14,10308,-34,2,29,46,63
20161217 07:03,60,6,58,7,57,9,-13,99,55,-14,10308,-34,2,29,46,63
20161217 07:04,55,7,58,7,53,8,-13,99,55,-14,10308,-33,2,29,46,63
20161217 07:05,53,7,58,7,54,7,-14,98,54,-17,10308,-33,2,29,46,63
20161217 07:06,56,5,58,6,58,5,-14,98,54,-17,10307,-33,2,29,46,63
20161217 07:07,59,5,59,6,60,7,-14,98,54,-17,10307,-33,2,29,46,63
20161217 07:08,62,6,59,6,64,8,-13,98,54,-16,10307,-32,2,29,46,63
20161217 07:09,66,8,60,6,68,9,-12,99,55,-13,10307,-32,2,28,46,63
20161217 07:10,70,9,61,7,72,10,-12,99,55,-13,10307,-32,2,28,46,63
20161217 07:11,72,9,62,7,72,10,-11,99,56,-12,10307,-32,2,28,46,63
20161217 07:12,71,8,63,7,69,10,-10,99,56,-11,10307,-31,2,28,46,63
20161217 07:13,72,9,64,7,74,10,-10,99,56,-11,10307,-30,2,28,46,63
20161217 07:14,74,9,66,8,73,11,-10,99,56,-11,10307,-30,2,28,46,63
20161217 07:15,72,9,68,8,71,11,-10,99,56,-11,10307,-29,2,28,46,63
20161217 07:16,69,9,69,8,67,10,-9,99,57,-10,10307,-28,2,28,46,63
20161217 07:17,63,8,69,9,60,10,-9,99,57,-10,10307,-28,2,28,46,63
20161217 07:18,58,7,68,9,56,10,-9,99,57,-10,10307,-27,2,28,46,63
20161217 07:19,58,6,67,8,60,6,-9,99,57,-10,10307,-27,2,28,46,63
20161217 07:20,60,5,66,8,60,6,-8,99,57,-9,10307,-27,2,28,46,63
20161217 07:21,63,5,66,7,66,7,-8,99,57,-9,10307,-26,2,28,46,63
20161217 07:22,69,6,66,7,73,8,-7,99,57,-8,10308,-25,2,28,46,63
20161217 07:23,73,7,66,7,72,8,-6,99,58,-7,10308,-24,2,28,46,63
20161217 07:24,72,8,66,7,71,9,-6,99,58,-7,10308,-23,1,28,46,62
20161217 07:25,72,9,66,7,73,10,-6,99,58,-7,10308,-23,2,28,46,62
20161217 07:26,74,9,67,7,76,11,-5,99,58,-6,10308,-23,2,28,46,62
20161217 07:27,76,9,68,7,77,10,-4,99,59,-5,10308,-22,2,28,46,62
20161217 07:28,78,9,71,8,78,10,-4,99,59,-5,10308,-21,2,28,46,62
20161217 07:29,80,8,73,8,82,8,-3,99,59,-4,10308,-20,2,28,46,62
20161217 07:30,83,7,75,8,83,7,-3,99,59,-4,10308,-19,2,28,45,62
20161217 07:31,85,6,77,8,86,6,-3,99,59,-4,10308,-18,2,28,45,62
20161217 07:32,85,5,78,8,84,6,-3,99,59,-4,10308,-17,2,28,45,62
20161217 07:33,84,6,79,8,84,8,-3,99,59,-4,10309,-17,2,28,45,62
20161217 07:34,85,7,81,7,86,8,-3,99,59,-4,10309,-17,2,28,45,62
20161217 07:35,83,7,82,7,81,9,-3,99,59,-4,10309,-17,2,28,45,62
20161217 07:36,77,7,81,7,73,7,-2,99,60,-3,10309,-16,2,28,45,62
20161217 07:37,75,6,81,7,76,8,-2,99,60,-3,10309,-15,2,28,45,62
20161217 07:38,75,6,81,6,75,7,-1,99,60,-2,10309,-13,2,28,45,62
20161217 07:39,72,6,80,6,69,8,-1,99,60,-2,10308,-11,2,28,45,62
20161217 07:40,70,7,78,6,70,8,-1,99,60,-2,10308,-11,2,28,45,62
20161217 07:41,67,5,76,6,63,6,-1,99,60,-2,10308,-12,2,28,45,62
20161217 07:42,63,3,74,6,62,5,-1,99,60,-2,10308,-12,2,28,45,62
20161217 07:43,64,4,72,6,65,6,-1,99,60,-2,10308,-12,2,28,45,62
20161217 07:44,68,5,70,6,71,9,0,99,60,-1,10308,-12,2,28,45,62
20161217 07:45,70,7,69,6,70,10,0,99,60,-1,10308,-12,2,28,45,62
20161217 07:46,71,7,69,6,71,9,0,99,60,-1,10308,-10,2,28,45,62
20161217 07:47,70,7,69,6,69,9,1,99,61,0,10308,-8,2,28,45,62
20161217 07:48,67,6,67,6,64,8,2,99,61,1,10308,-6,2,28,45,62
20161217 07:49,60,5,66,6,57,7,2,99,61,1,10308,-5,2,28,45,62
20161217 07:50,60,5,65,5,62,7,2,99,61,1,10308,-5,2,28,45,62
20161217 07:51,64,5,66,6,66,8,3,99,62,2,10308,-5,2,27,45,62
20161217 07:52,67,5,66,6,68,9,4,99,62,3,10308,-5,2,28,45,62
20161217 07:53,70,7,67,6,72,11,4,99,62,3,10308,-5,2,27,45,62
20161217 07:54,68,7,66,6,65,10,5,99,63,4,10308,-4,2,28,45,62
20161217 07:55,62,4,65,6,59,5,5,99,63,4,10308,-2,2,27,45,62
20161217 07:56,61,3,64,5,62,7,5,99,63,4,10308,-1,2,27,45,62
20161217 07:57,63,5,64,5,64,7,5,99,63,4,10308,-1,2,27,45,62
20161217 07:58,62,5,63,5,59,7,6,99,63,5,10309,-1,3,27,45,62
20161217 07:59,61,4,64,5,62,5,7,99,64,6,10309,0,3,27,45,62
20161217 08:00,58,3,63,4,53,4,7,99,64,6,10309,0,3,27,45,62
20161217 08:01,48,1,61,4,42,0,7,99,64,6,10309,0,3,27,45,62
20161217 08:02,44,0,58,4,45,2,8,99,64,7,10309,0,3,27,45,62
20161217 08:03,39,2,54,3,33,6,8,99,64,7,10309,0,3,27,45,62
20161217 08:04,37,3,52,3,41,8,8,99,64,7,10309,0,3,27,45,62
20161217 08:05,45,5,51,3,50,9,9,99,65,8,10309,1,3,27,45,61
20161217 08:06,53,7,51,4,57,11,10,99,65,9,10310,1,3,27,45,61
20161217 08:07,58,7,50,4,60,9,11,99,65,10,10310,1,3,27,45,61
20161217 08:08,60,6,50,4,61,8,11,99,65,10,10310,3,3,27,45,61
20161217 08:09,65,6,51,4,68,9,12,99,66,11,10310,8,3,27,45,61
20161217 08:10,67,6,52,5,66,9,13,99,66,12,10310,13,3,27,45,61
20161217 08:11,64,4,54,5,62,5,13,99,66,12,10310,16,3,27,45,61
20161217 08:12,64,3,56,5,65,5,14,99,67,13,10310,18,3,27,44,61
20161217 08:13,67,4,60,6,69,6,15,99,67,14,10310,20,3,27,45,61
20161217 08:14,63,5,62,6,57,7,15,99,67,14,10310,21,3,27,44,61
20161217 08:15,56,4,62,5,56,6,16,99,68,15,10310,23,3,27,44,61
20161217 08:16,52,2,61,5,49,4,16,99,68,15,10310,26,3,27,44,61
20161217 08:17,50,1,60,4,51,0,16,99,68,15,10310,28,3,27,44,61
20161217 08:18,56,0,60,3,60,1,16,99,68,15,10310,31,3,27,44,61
20161217 08:19,66,1,61,3,72,4,17,99,68,16,10310,33,3,27,44,61
20161217 08:20,68,2,61,3,64,3,18,99,69,17,10310,34,3,27,44,61
20161217 08:21,67,1,61,2,69,1,19,99,69,18,10310,36,3,27,44,61
20161217 08:22,75,0,63,2,80,0,20,99,70,19,10310,37,3,27,44,61
20161217 08:23,81,0,64,1,82,0,20,99,70,19,10310,38,4,27,44,61
20161217 08:24,85,0,67,1,88,0,21,99,70,20,10311,39,4,27,44,61
20161217 08:25,80,0,69,1,72,0,22,99,71,21,10311,41,4,27,44,61
20161217 08:26,61,0,69,0,50,0,22,99,71,21,10311,43,4,27,44,61
20161217 08:27,53,0,69,0,56,0,23,99,71,22,10310,44,4,27,44,61
20161217 08:28,59,0,70,0,63,0,23,99,71,22,10310,44,4,27,44,61
20161217 08:29,72,0,71,0,81,0,24,99,72,23,10311,44,4,27,44,61
20161217 08:30,83,0,73,0,86,0,24,99,72,23,10311,42,4,27,44,61
20161217 08:31,82,0,74,0,78,0,26,99,73,25,10311,41,4,27,44,61
20161217 08:32,70,0,72,0,62,0,26,99,73,25,10311,40,4,27,44,61
20161217 08:33,65,0,70,0,68,0,27,99,73,26,10311,40,4,27,44,61
20161217 08:34,91,0,73,0,114,0,29,99,74,28,10311,43,4,27,44,61
20161217 08:35,116,0,77,0,118,0,30,99,75,29,10311,46,4,27,44,61
20161217 08:36,116,0,84,0,114,0,31,99,76,30,10311,50,4,27,44,61
20161217 08:37,107,0,88,0,100,3,31,98,75,28,10311,53,4,27,44,61
20161217 08:38,103,2,93,0,106,4,32,98,75,29,10311,55,4,27,44,61
20161217 08:39,109,2,96,0,112,2,32,98,75,29,10311,57,4,27,44,61
20161217 08:40,113,0,99,0,114,0,33,98,76,30,10311,59,4,27,44,61
20161217 08:41,115,0,103,0,116,0,34,98,76,31,10311,62,4,27,44,61
20161217 08:42,117,0,108,0,118,0,34,98,76,31,10312,63,4,27,44,61
20161217 08:43,118,0,113,0,117,0,35,98,77,32,10312,64,4,27,44,61
20161217 08:44,118,0,113,0,118,0,35,98,77,32,10312,65,4,27,44,61
20161217 08:45,119,0,113,0,119,0,36,98,77,33,10312,67,4,27,44,61
20161217 08:46,135,0,117,0,151,1,37,97,77,33,10313,69,4,27,44,61
20161217 08:47,147,0,121,0,142,1,38,98,79,35,10313,71,4,27,44,61
20161217 08:48,122,0,121,0,106,0,39,97,78,35,10313,73,4,27,44,61
20161217 08:49,131,0,125,0,150,0,40,97,79,36,10313,75,4,27,44,60
20161217 08:50,171,0,132,0,192,0,41,97,79,37,10313,77,4,27,44,60
20161217 08:51,197,0,140,0,201,0,42,97,80,38,10313,79,4,27,44,60
20161217 08:52,157,0,137,0,87,0,44,97,81,40,10313,80,4,27,44,60
20161217 08:53,90,2,137,0,120,13,45,97,82,41,10314,81,4,27,44,60
20161217 08:54,189,6,146,1,193,17,47,97,83,43,10314,81,4,27,44,60
20161217 08:55,205,11,156,3,217,18,48,97,83,44,10314,82,5,27,44,60
20161217 08:56,213,12,163,4,209,18,48,96,83,42,10314,80,5,27,44,60
20161217 08:57,207,11,172,5,205,13,49,95,82,42,10314,81,5,27,44,60
20161217 08:58,218,6,185,5,231,9,49,94,81,40,10314,83,5,27,44,60
20161217 08:59,228,5,195,6,224,9,50,94,82,41,10314,86,5,27,44,60
20161217 09:00,216,8,197,7,208,11,51,94,83,42,10314,88,6,27,44,60
20161217 09:01,201,7,196,7,194,11,52,94,83,43,10314,90,6,27,44,60
20161217 09:02,198,6,203,8,201,11,54,93,83,44,10314,92,7,27,44,60
20161217 09:03,201,9,208,9,202,18,55,92,83,43,10314,93,8,27,44,60
20161217 09:04,203,11,210,9,205,16,56,91,83,42,10314,95,9,27,44,60
20161217 09:05,196,12,207,9,188,17,58,90,83,43,10314,98,10,27,44,60
20161217 09:06,186,12,204,9,184,13,59,90,84,44,10314,99,10,27,44,60
20161217 09:07,183,13,202,9,181,23,61,89,84,44,10314,101,11,27,44,60
20161217 09:08,185,17,197,11,188,20,62,88,83,44,10314,103,12,27,44,60
20161217 09:09,186,17,193,12,184,21,64,87,84,44,10314,104,13,27,44,60
20161217 09:10,183,21,191,13,183,30,65,86,83,43,10313,106,14,27,44,60
20161217 09:11,185,29,190,16,187,43,67,83,81,40,10313,107,16,27,44,60
20161217 09:12,180,33,187,19,172,39,69,80,80,37,10313,107,17,27,44,60
20161217 09:13,174,33,185,21,177,50,70,77,77,32,10313,108,18,27,43,60
20161217 09:14,178,31,182,23,179,47,72,75,76,31,10313,108,19,27,43,60
20161217 09:15,187,25,183,23,196,26,73,74,76,30,10313,110,20,28,43,60
20161217 09:16,190,20,183,25,184,29,74,74,76,31,10314,112,21,28,43,60
20161217 09:17,191,21,185,25,197,27,75,74,77,32,10314,114,22,28,43,60
20161217 09:18,193,24,185,26,188,40,76,73,76,31,10314,115,23,28,43,60
20161217 09:19,193,30,186,27,198,39,77,72,76,30,10314,114,25,28,43,60
20161217 09:20,191,33,186,29,184,44,77,71,75,28,10315,114,26,28,43,60
20161217 09:21,182,32,185,28,179,41,78,70,74,27,10315,114,27,28,43,60
20161217 09:22,178,30,186,28,177,37,78,69,73,25,10315,116,28,28,43,60
20161217 09:23,180,32,186,28,183,43,79,69,73,26,10315,117,29,28,43,60
20161217 09:24,179,32,186,28,175,38,79,68,72,24,10315,119,30,28,43,60
20161217 09:25,176,30,184,29,177,40,80,67,72,23,10315,121,31,28,43,60
20161217 09:26,184,28,185,30,190,29,80,67,72,23,10315,122,32,29,43,60
20161217 09:27,187,24,183,30,184,26,81,67,72,23,10315,125,34,29,43,60
20161217 09:28,188,21,184,29,192,28,81,67,72,23,10315,129,34,29,43,60
20161217 09:29,181,20,181,28,170,26,82,67,73,24,10315,131,36,29,43,60
20161217 09:30,170,26,180,28,171,39,83,67,73,25,10315,132,37,29,43,60
20161217 09:31,171,30,179,28,171,35,83,64,70,19,10315,133,38,29,43,60
20161217 09:32,167,26,178,27,164,32,84,64,71,20,10315,131,39,30,43,60
20161217 09:33,183,26,179,26,201,39,84,65,72,22,10315,133,40,30,43,60
20161217 09:34,197,29,181,26,193,34,84,63,69,18,10315,134,41,30,43,60
20161217 09:35,192,26,183,25,190,29,84,63,69,18,10315,135,42,30,43,60
20161217 09:36,189,24,183,25,189,35,85,64,71,21,10315,136,43,30,43,60
20161217 09:37,187,26,183,26,185,36,85,64,71,21,10315,136,44,31,44,60
20161217 09:38,190,25,183,26,196,34,86,63,70,20,10315,137,45,31,44,60
20161217 09:39,196,25,186,27,197,35,86,62,69,17,10315,139,46,31,44,60
20161217 09:40,197,22,188,25,197,28,86,61,68,15,10315,139,47,31,44,59
20161217 09:41,186,21,189,25,175,27,87,61,69,16,10315,140,48,32,44,60
20161217 09:42,168,26,188,25,161,35,87,61,69,16,10315,142,49,32,44,59
20161217 09:43,163,27,185,25,165,35,87,60,67,14,10315,143,50,32,44,59
20161217 09:44,174,25,184,25,182,47,88,59,67,12,10315,144,51,32,44,59
20161217 09:45,187,25,184,25,192,35,88,60,68,15,10315,144,52,33,44,59
20161217 09:46,191,25,184,25,189,43,88,61,69,17,10314,146,53,33,44,59
20161217 09:47,189,32,184,26,190,48,88,59,67,12,10314,145,54,33,44,59
20161217 09:48,190,40,184,28,189,49,88,58,66,10,10314,142,55,33,44,59
20161217 09:49,186,39,182,29,183,52,88,58,66,10,10314,141,56,34,44,59
20161217 09:50,179,33,180,30,175,36,88,58,66,10,10314,142,56,34,44,59
20161217 09:51,178,31,181,31,181,43,89,58,66,11,10314,145,57,34,44,59
20161217 09:52,188,35,184,32,195,45,89,57,65,9,10314,145,58,34,44,59
20161217 09:53,194,34,187,32,192,45,89,56,64,6,10313,143,59,35,44,59
20161217 09:54,186,29,187,32,181,40,89,57,65,9,10313,143,60,35,44,59
20161217 09:55,180,25,185,32,179,44,90,57,65,9,10313,144,61,35,44,59
20161217 09:56,176,27,184,33,172,43,90,57,65,9,10312,145,61,36,44,59
20161217 09:57,172,31,182,32,172,42,91,56,65,8,10312,146,62,36,44,59
20161217 09:58,171,28,180,30,170,32,91,55,64,5,10312,148,63,36,44,59
20161217 09:59,182,29,181,30,193,44,92,55,64,6,10312,150,63,37,44,59
20161217 10:00,194,30,183,30,195,37,92,55,64,6,10312,151,64,37,45,59
20161217 10:01,184,24,182,29,173,31,92,56,65,9,10312,153,65,37,45,59
20161217 10:02,167,29,179,29,160,48,93,56,66,10,10312,157,66,38,45,59
20161217 10:03,172,38,178,29,185,52,93,54,63,5,10312,156,66,38,45,59
20161217 10:04,182,40,178,31,179,51,93,52,61,0,10312,154,67,38,45,59
20161217 10:05,179,33,178,31,180,41,93,52,61,0,10312,154,68,38,45,59
20161217 10:06,185,32,180,32,190,46,93,52,61,0,10312,156,69,39,45,59
20161217 10:07,190,40,182,33,190,51,93,52,61,0,10312,155,69,39,45,59
20161217 10:08,191,36,184,34,192,42,93,52,61,0,10312,153,70,40,45,59
20161217 10:09,190,33,183,34,188,41,93,53,62,2,10312,154,71,40,45,59
20161217 10:10,179,33,181,34,171,38,93,53,62,2,10312,157,72,40,45,59
20161217 10:11,180,26,183,34,190,31,94,55,65,8,10312,160,72,40,45,59
20161217 10:12,187,20,185,33,185,27,95,55,65,9,10312,162,73,41,46,59
20161217 10:13,175,27,183,32,166,44,95,55,65,9,10312,163,74,41,46,59
20161217 10:14,161,34,181,31,155,43,95,54,64,7,10312,164,74,41,46,59
20161217 10:15,163,32,180,32,171,41,95,54,64,7,10312,164,75,42,46,59
20161217 10:16,165,36,177,32,158,49,95,53,63,4,10312,166,76,42,46,59
20161217 10:17,165,43,175,32,171,55,95,53,63,4,10312,166,77,42,46,59
20161217 10:18,176,38,174,32,181,43,96,52,62,2,10312,164,77,43,46,59
20161217 10:19,170,30,171,32,159,44,96,53,63,5,10311,165,78,43,46,59
20161217 10:20,161,33,170,32,162,50,96,52,62,2,10311,167,79,43,46,59
20161217 10:21,164,39,167,34,165,55,97,52,63,3,10312,165,79,44,47,59
20161217 10:22,163,39,165,36,162,45,96,52,62,2,10311,164,80,44,47,59
20161217 10:23,166,36,165,36,170,46,96,52,62,2,10311,167,81,44,47,59
20161217 10:24,175,32,168,36,179,35,97,53,64,6,10311,168,82,45,47,59
20161217 10:25,176,28,168,35,174,40,98,54,65,9,10312,170,82,45,47,59
20161217 10:26,178,27,170,34,181,40,98,52,63,4,10312,172,83,45,47,59
20161217 10:27,171,30,169,33,161,44,99,52,63,5,10312,175,83,46,47,59
20161217 10:28,165,34,168,33,168,43,100,52,64,6,10311,174,84,46,47,59
20161217 10:29,164,35,168,34,161,47,99,51,62,2,10311,174,85,46,48,59
20161217 10:30,166,34,169,33,170,41,99,51,62,2,10311,173,85,47,48,59
20161217 10:31,169,32,169,32,167,38,99,52,63,5,10311,172,86,47,48,60
20161217 10:32,177,37,172,33,186,57,100,51,63,3,10311,175,87,48,48,60
20161217 10:33,187,40,173,33,188,50,99,49,60,-3,10311,172,87,48,48,60
20161217 10:34,186,37,174,34,183,52,100,50,61,1,10311,171,88,48,48,60
20161217 10:35,186,37,175,35,189,51,99,47,57,-9,10311,170,89,49,48,60
20161217 10:36,192,35,177,35,196,51,99,47,57,-9,10310,170,89,49,48,60
20161217 10:37,197,36,181,36,198,51,100,48,59,-5,10310,169,90,49,49,60
20161217 10:38,194,38,183,36,190,46,100,48,59,-5,10310,171,90,50,49,60
20161217 10:39,190,34,186,36,190,45,100,48,59,-5,10309,171,91,50,49,60
20161217 10:40,190,34,188,36,190,53,101,49,61,-1,10309,170,91,50,49,60
20161217 10:41,194,35,191,37,199,43,100,50,61,1,10309,171,92,51,49,60
20161217 10:42,199,33,192,36,199,47,100,50,61,1,10309,172,93,51,49,60
20161217 10:43,192,32,192,35,184,43,101,52,64,7,10309,174,93,51,49,60
20161217 10:44,171,32,189,35,158,43,102,53,66,11,10309,174,93,52,50,60
20161217 10:45,158,30,186,34,157,36,102,53,66,11,10309,176,94,52,50,60
20161217 10:46,161,32,183,34,165,42,103,53,66,11,10309,179,94,52,50,60
20161217 10:47,170,37,181,34,176,50,103,51,64,6,10308,179,95,53,50,60
20161217 10:48,183,37,181,34,189,48,103,50,63,3,10308,180,95,53,50,60
20161217 10:49,183,32,179,33,176,40,103,50,63,3,10308,182,96,53,50,60
20161217 10:50,187,29,180,33,198,42,104,51,64,7,10307,184,97,54,51,60
20161217 10:51,188,35,178,33,178,50,104,50,63,4,10307,184,97,54,51,60
20161217 10:52,169,41,174,34,160,60,104,50,63,4,10307,184,98,54,51,60
20161217 10:53,159,43,171,35,157,58,103,50,63,3,10306,184,98,55,51,60
20161217 10:54,158,43,171,36,159,49,103,51,64,6,10306,185,99,55,51,60
20161217 10:55,162,47,172,39,165,65,103,50,63,3,10306,184,99,55,51,60
20161217 10:56,165,55,172,41,165,68,103,50,63,3,10305,180,100,56,52,60
20161217 10:57,168,55,172,42,170,64,102,50,62,2,10305,178,100,56,52,60
20161217 10:58,171,47,170,43,172,57,102,50,62,2,10305,180,101,57,52,60
20161217 10:59,177,37,171,43,182,44,102,50,62,2,10305,183,102,57,52,60
20161217 11:00,179,33,168,44,177,45,103,52,65,9,10305,183,102,57,52,60
20161217 11:01,177,35,168,43,177,46,104,51,64,7,10305,185,102,57,52,60
20161217 11:02,174,38,170,43,171,52,104,50,63,4,10304,184,103,58,53,61
20161217 11:03,172,42,171,43,173,49,104,50,63,4,10304,184,103,58,53,61
20161217 11:04,169,43,172,43,164,55,104,51,64,7,10304,187,104,59,53,61
20161217 11:05,154,42,169,42,143,55,104,50,63,4,10303,186,105,59,53,61
20161217 11:06,152,39,169,40,161,51,103,51,64,6,10303,188,105,59,53,61
20161217 11:07,168,34,170,38,176,37,104,52,66,10,10303,193,105,60,54,61
20161217 11:08,171,32,169,37,167,41,105,52,66,11,10303,194,106,60,54,61
20161217 11:09,170,38,168,38,174,59,105,51,65,8,10303,190,106,60,54,61
20161217 11:10,170,43,167,39,167,51,105,51,65,8,10303,189,107,61,54,61
20161217 11:11,167,41,166,39,167,50,104,50,63,4,10302,188,107,61,54,61
20161217 11:12,169,34,166,38,172,40,105,52,66,11,10302,190,108,61,54,61
20161217 11:13,161,39,164,39,151,62,105,52,66,11,10302,190,108,62,55,61
20161217 11:14,155,47,164,39,159,53,104,52,66,10,10302,191,109,62,55,61
20161217 11:15,156,43,165,39,152,48,104,52,66,10,10302,191,109,62,55,61
20161217 11:16,155,41,164,40,157,48,103,52,65,9,10301,190,110,63,55,61
20161217 11:17,157,37,162,40,157,57,103,53,66,11,10301,192,110,63,55,61
20161217 11:18,151,37,160,41,146,56,104,54,68,15,10300,190,111,63,56,61
20161217 11:19,149,45,158,41,151,56,103,54,68,14,10300,186,111,64,56,61
20161217 11:20,152,46,157,41,154,57,103,55,69,17,10300,191,112,64,56,62
20161217 11:21,153,45,155,42,152,55,103,55,69,17,10300,193,112,64,56,62
20161217 11:22,148,44,152,43,145,58,103,56,70,19,10300,196,112,65,56,62
20161217 11:23,142,45,151,43,138,63,103,57,71,22,10299,195,113,65,56,62
20161217 11:24,147,42,151,42,155,47,104,57,72,23,10299,195,113,65,57,62
20161217 11:25,161,37,152,42,167,53,105,57,72,23,10299,194,114,66,57,62
20161217 11:26,164,32,153,40,161,34,105,56,71,21,10299,194,114,66,57,62
20161217 11:27,164,28,154,40,168,44,105,55,70,18,10298,193,115,66,57,62
20161217 11:28,165,36,155,40,163,53,106,56,72,22,10298,196,115,67,57,62
20161217 11:29,171,46,158,40,180,59,106,56,72,22,10298,195,116,67,58,62
20161217 11:30,180,43,161,39,179,48,106,56,72,22,10298,194,116,67,58,62
20161217 11:31,176,31,163,37,172,34,107,57,73,25,10298,195,116,68,58,62
20161217 11:32,167,31,165,37,162,47,108,57,74,26,10298,196,117,68,58,62
20161217 11:33,165,41,167,37,167,62,108,57,74,26,10298,199,117,68,58,62
20161217 11:34,166,46,168,38,164,61,108,55,71,21,10298,199,118,68,58,62
20161217 11:35,166,48,168,39,168,59,107,55,71,20,10298,199,118,69,59,63
20161217 11:36,175,42,170,40,182,44,106,55,70,19,10298,194,119,69,59,63
20161217 11:37,185,35,173,40,189,55,106,56,72,22,10298,198,119,70,59,63
20161217 11:38,180,37,173,40,172,52,108,56,72,24,10298,198,119,70,59,63
20161217 11:39,168,39,172,39,165,50,108,55,71,21,10298,199,120,70,60,63
20161217 11:40,170,38,172,39,176,48,109,55,72,22,10297,199,120,70,60,63
20161217 11:41,175,39,172,41,174,50,109,55,72,22,10297,198,121,71,60,63
20161217 11:42,171,37,173,40,169,44,108,55,71,21,10296,203,121,71,60,63
20161217 11:43,169,31,173,38,170,36,109,56,73,25,10296,208,121,72,60,63
20161217 11:44,164,32,172,37,158,45,109,56,73,25,10296,210,122,72,60,63
20161217 11:45,169,37,173,36,179,51,109,56,73,25,10296,209,122,72,61,63
20161217 11:46,182,41,174,37,185,58,109,56,73,25,10296,203,123,72,61,63
20161217 11:47,187,39,174,37,188,52,109,56,73,25,10296,202,123,73,61,64
20161217 11:48,192,40,176,38,195,58,109,56,73,25,10296,202,124,73,61,64
20161217 11:49,195,44,179,38,194,52,108,56,72,24,10296,200,124,73,61,64
20161217 11:50,191,41,180,38,187,49,108,57,74,26,10296,198,124,74,62,64
20161217 11:51,187,44,181,39,187,67,108,56,72,24,10296,198,125,74,62,64
20161217 11:52,186,45,183,40,184,55,108,57,74,26,10296,198,125,74,62,64
20161217 11:53,183,39,184,41,182,48,108,57,74,26,10295,199,126,75,62,64
20161217 11:54,186,40,187,41,190,52,108,57,74,26,10295,201,126,75,62,64
20161217 11:55,186,40,187,41,182,54,107,57,73,25,10295,200,126,75,63,64
20161217 11:56,174,32,186,40,166,46,108,57,74,26,10295,198,126,76,63,64
20161217 11:57,163,33,183,40,161,49,109,58,76,30,10295,198,127,76,63,64
20161217 11:58,160,41,179,40,160,64,110,57,75,28,10294,201,127,76,63,64
20161217 11:59,160,44,176,40,160,55,109,57,74,27,10294,198,127,76,63,64
20161217 12:00,165,42,174,40,169,51,109,57,74,27,10294,199,128,77,64,65
20161217 12:01,173,41,173,40,177,58,108,57,74,26,10294,199,128,77,64,65
20161217 12:02,176,41,172,39,174,51,108,57,74,26,10294,202,128,77,64,65
20161217 12:03,170,41,170,40,165,50,108,57,74,26,10293,203,128,78,64,65
20161217 12:04,166,42,168,40,167,50,110,58,76,31,10293,204,129,78,64,65
20161217 12:05,168,39,167,40,170,55,110,58,76,31,10293,202,129,78,65,65
20161217 12:06,168,43,167,42,166,62,110,57,75,28,10293,203,129,79,65,65
20161217 12:07,158,43,166,42,151,59,110,57,75,28,10292,206,130,79,65,65
20161217 12:08,155,40,166,42,159,52,109,58,76,30,10292,206,130,79,65,65
20161217 12:09,152,42,164,41,145,56,109,59,77,32,10292,207,130,80,65,65
20161217 12:10,153,40,164,41,161,48,109,60,78,34,10291,208,130,80,66,66
20161217 12:11,157,43,161,42,153,60,109,59,77,32,10291,205,131,80,66,66
20161217 12:12,153,48,159,43,153,59,109,59,77,32,10291,203,131,80,66,66
20161217 12:13,153,44,158,42,152,50,109,59,77,32,10291,203,131,81,66,66
20161217 12:14,153,42,156,43,154,52,108,59,76,31,10291,203,132,81,66,66
20161217 12:15,155,44,155,43,157,63,108,60,78,34,10290,205,132,81,67,66
20161217 12:16,159,41,155,42,162,50,109,61,79,37,10290,202,132,82,67,66
20161217 12:17,166,40,157,42,170,49,109,60,78,34,10290,202,133,82,67,66
20161217 12:18,168,45,157,43,166,63,109,60,78,34,10290,203,133,82,67,66
20161217 12:19,165,49,159,44,164,66,109,60,78,34,10290,202,133,82,67,66
20161217 12:20,168,42,160,44,172,46,109,60,78,34,10290,202,133,83,68,66
20161217 12:21,176,35,163,42,181,39,109,60,78,34,10289,206,134,83,68,67
20161217 12:22,169,37,163,41,156,52,110,61,80,38,10289,209,134,83,68,67
20161217 12:23,156,39,164,41,156,55,110,60,79,35,10289,206,134,84,68,67
20161217 12:24,158,42,164,42,159,65,109,60,78,34,10289,205,134,84,69,67
20161217 12:25,165,44,166,41,171,55,108,60,78,34,10288,205,134,84,69,67
20161217 12:26,173,40,167,41,175,50,109,60,78,34,10288,207,135,84,69,67
20161217 12:27,162,41,165,42,149,56,110,61,80,38,10288,208,135,85,69,67
20161217 12:28,154,44,164,41,159,56,110,61,80,38,10288,206,135,85,69,67
20161217 12:29,161,41,164,40,164,48,109,61,79,37,10287,206,135,85,70,67
20161217 12:30,156,42,162,41,148,56,109,61,79,37,10287,209,136,86,70,67
20161217 12:31,146,40,158,41,144,43,109,62,81,39,10287,208,136,86,70,68
20161217 12:32,146,30,157,40,149,41,110,63,83,42,10287,211,136,86,70,68
20161217 12:33,157,35,158,40,166,54,110,62,81,40,10287,211,136,86,70,68
20161217 12:34,167,44,159,40,168,54,110,61,80,38,10287,208,137,87,71,68
20161217 12:35,167,44,159,40,165,51,111,61,81,39,10286,209,137,87,71,68
20161217 12:36,168,42,158,41,170,48,110,60,79,35,10286,211,137,87,71,68
20161217 12:37,162,41,159,40,154,48,110,61,80,38,10286,210,138,87,71,68
20161217 12:38,163,37,160,39,174,44,110,62,81,40,10286,211,138,88,71,68
20161217 12:39,166,40,160,40,159,54,111,62,82,41,10285,212,138,88,72,68
20161217 12:40,159,45,161,40,159,59,111,62,82,41,10285,209,138,88,72,69
20161217 12:41,162,39,163,40,164,46,112,62,82,42,10285,209,138,88,72,69
20161217 12:42,155,36,163,41,146,47,112,62,82,42,10285,211,139,89,72,69
20161217 12:43,145,39,160,41,143,59,112,62,82,42,10285,211,139,89,72,69
20161217 12:44,145,42,158,40,146,50,112,62,82,42,10284,210,139,89,73,69
20161217 12:45,147,44,156,41,148,54,112,63,84,44,10284,209,139,89,73,69
20161217 12:46,151,41,155,40,153,48,113,63,84,45,10284,210,140,90,73,69
20161217 12:47,155,36,155,40,156,44,114,63,85,46,10284,213,140,90,73,69
20161217 12:48,157,33,153,40,158,40,114,62,84,44,10284,216,140,90,73,69
20161217 12:49,154,37,152,39,151,52,114,62,84,44,10284,215,140,90,74,70
20161217 12:50,148,44,151,39,145,64,114,61,82,42,10284,212,141,91,74,70
20161217 12:51,150,45,150,40,155,57,112,61,81,40,10283,209,141,91,74,70
20161217 12:52,157,43,151,41,158,55,112,61,81,40,10283,209,141,91,74,70
20161217 12:53,165,36,154,40,172,44,113,61,82,41,10283,210,141,92,74,70
20161217 12:54,172,33,157,39,171,47,114,61,82,42,10283,211,141,92,74,70
20161217 12:55,166,35,158,38,161,43,114,60,81,39,10282,211,142,92,75,70
20161217 12:56,159,35,158,38,157,54,115,61,83,42,10282,212,142,92,75,70
20161217 12:57,158,39,159,38,159,49,115,62,84,45,10282,211,142,93,75,70
20161217 12:58,159,41,159,39,158,49,115,61,83,42,10282,208,142,93,75,71
20161217 12:59,156,43,159,39,155,50,115,61,83,42,10282,209,142,93,75,71
20161217 13:00,153,44,160,39,152,55,114,62,84,44,10281,212,143,93,76,71
20161217 13:01,153,41,160,39,153,50,114,61,82,42,10281,213,143,94,76,71
20161217 13:02,160,40,160,39,166,54,115,61,83,42,10280,215,143,94,76,71
20161217 13:03,165,45,159,41,163,62,115,61,83,42,10280,216,143,94,76,71
20161217 13:04,155,46,157,41,148,56,114,61,82,42,10280,213,143,94,76,71
20161217 13:05,145,41,155,42,142,58,113,63,84,45,10279,212,143,95,77,71
20161217 13:06,139,37,153,42,137,46,113,63,84,45,10279,214,143,95,77,71
20161217 13:07,133,35,150,41,130,41,114,64,86,48,10279,214,144,95,77,72
20161217 13:08,140,33,150,40,150,42,115,65,88,52,10279,212,144,95,77,72
20161217 13:09,154,32,150,39,158,41,116,64,87,50,10279,213,144,95,77,72
20161217 13:10,150,30,149,37,141,36,116,63,86,48,10279,217,144,96,78,72
20161217 13:11,139,38,147,38,136,66,117,64,88,51,10279,219,144,96,78,72
20161217 13:12,135,51,144,39,133,68,116,62,85,46,10279,216,144,96,78,72
20161217 13:13,145,49,143,39,156,54,116,62,85,46,10279,212,145,96,78,72
20161217 13:14,151,42,143,39,146,53,116,62,85,46,10279,211,145,97,78,72
20161217 13:15,147,38,144,38,149,52,116,63,86,48,10279,209,145,97,79,72
20161217 13:16,147,38,144,39,145,52,116,63,86,48,10279,209,145,97,79,73
20161217 13:17,149,45,147,40,152,58,115,63,85,47,10279,209,145,97,79,73
20161217 13:18,151,43,147,41,150,44,114,63,85,46,10279,210,145,97,79,73
20161217 13:19,150,38,146,42,150,57,115,64,87,49,10279,213,145,98,79,73
20161217 13:20,151,40,147,43,151,51,115,63,85,47,10279,216,146,98,79,73
20161217 13:21,151,36,148,41,151,38,116,64,87,50,10278,217,146,98,80,73
20161217 13:22,149,34,150,40,147,59,117,64,88,51,10279,216,146,98,80,73
20161217 13:23,148,48,149,41,148,70,116,63,86,48,10279,214,146,99,80,73
20161217 13:24,149,54,149,42,150,64,116,63,86,48,10279,209,146,99,80,73
20161217 13:25,147,49,149,43,144,56,115,63,85,47,10279,204,146,99,80,74
20161217 13:26,147,43,149,43,151,57,115,64,87,49,10279,208,146,99,81,74
20161217 13:27,145,42,148,42,138,55,115,64,87,49,10279,211,146,99,81,74
20161217 13:28,145,46,148,44,151,58,115,64,87,49,10279,213,146,100,81,74
20161217 13:29,155,46,149,44,159,57,115,63,85,47,10278,211,146,100,81,74
20161217 13:30,163,48,151,45,167,59,115,63,85,47,10278,211,146,100,81,74
20161217 13:31,167,48,152,47,167,59,114,63,85,46,10278,210,147,100,81,74
20161217 13:32,169,40,155,46,171,51,114,64,86,48,10277,211,147,100,82,74
20161217 13:33,168,34,156,44,166,41,115,64,87,49,10277,215,147,101,82,75
20161217 13:34,150,31,155,42,135,38,117,65,89,53,10277,216,147,101,82,75
20161217 13:35,140,30,155,40,146,42,117,65,89,53,10277,214,147,101,82,75
20161217 13:36,141,31,154,39,136,46,118,64,89,52,10277,216,147,101,82,75
20161217 13:37,133,35,153,39,130,49,119,65,91,55,10277,216,147,102,83,75
20161217 13:38,132,45,151,39,134,66,118,64,89,52,10277,215,147,102,83,75
20161217 13:39,138,47,149,39,141,57,117,63,87,49,10277,212,147,102,83,75
20161217 13:40,143,42,147,38,145,49,117,63,87,49,10277,207,147,102,83,75
20161217 13:41,151,37,146,37,157,42,116,63,86,48,10277,207,147,102,83,75
20161217 13:42,161,36,145,37,165,52,117,63,87,49,10277,212,147,102,83,76
20161217 13:43,168,35,146,37,171,45,117,63,87,49,10277,212,147,103,84,76
20161217 13:44,172,36,150,38,172,51,118,62,86,48,10277,213,147,103,84,76
20161217 13:45,170,36,152,38,169,45,118,62,86,48,10277,213,148,103,84,76
20161217 13:46,162,29,154,38,156,33,118,62,86,48,10277,214,148,103,84,76
20161217 13:47,155,30,157,37,155,41,118,62,86,48,10277,214,148,103,84,76
20161217 13:48,161,37,160,36,167,55,118,62,86,48,10277,211,148,104,84,76
20161217 13:49,158,38,161,35,149,54,118,62,86,48,10277,209,148,104,85,76
20161217 13:50,150,31,161,34,152,38,118,64,89,52,10277,209,148,104,85,76
20161217 13:51,149,31,160,34,146,45,120,65,91,56,10277,210,148,104,85,77
20161217 13:52,147,40,158,35,147,54,119,63,88,51,10277,208,148,104,85,77
20161217 13:53,150,41,157,35,153,57,119,63,88,51,10277,207,148,104,85,77
20161217 13:54,150,38,154,35,147,53,119,63,88,51,10277,204,148,105,85,77
20161217 13:55,145,36,151,35,142,58,119,63,88,51,10277,205,148,105,86,77
20161217 13:56,146,37,151,36,149,58,117,63,87,49,10277,203,148,105,86,77
20161217 13:57,147,39,150,37,145,47,117,64,88,51,10277,203,148,105,86,77
20161217 13:58,146,42,148,37,147,58,117,64,88,51,10277,203,148,105,86,77
20161217 13:59,148,39,148,37,150,48,116,64,87,50,10277,201,148,105,86,78
20161217 14:00,155,32,148,38,159,38,116,65,89,53,10277,204,148,106,87,78
20161217 14:01,158,32,149,38,156,62,116,64,87,50,10276,207,148,106,87,78
20161217 14:02,149,41,149,38,143,58,117,65,89,53,10277,206,147,106,87,78
20161217 14:03,146,46,149,38,150,50,117,65,89,53,10277,203,147,106,87,78
20161217 14:04,153,43,150,39,156,50,117,63,87,49,10276,202,147,106,87,78
20161217 14:05,161,39,152,39,166,50,116,63,86,48,10276,204,147,106,87,78
20161217 14:06,159,37,152,39,151,50,117,64,88,51,10276,204,147,107,87,78
20161217 14:07,138,37,150,39,125,51,117,64,88,51,10276,202,147,107,88,78
20161217 14:08,136,32,150,37,146,47,117,64,88,51,10276,203,147,107,88,79
20161217 14:09,152,28,151,36,158,40,119,65,91,55,10276,205,147,107,88,79
20161217 14:10,157,33,151,37,157,51,119,64,89,53,10276,205,147,107,88,79
20161217 14:11,149,43,149,38,140,62,118,64,89,52,10276,207,147,107,88,79
20161217 14:12,134,48,148,38,127,64,117,64,88,51,10276,201,147,107,88,79
20161217 14:13,130,41,146,38,133,46,117,65,89,53,10276,197,147,108,89,79
20161217 14:14,134,37,144,37,135,52,117,65,89,53,10276,198,147,108,89,79
20161217 14:15,134,37,140,37,133,44,118,65,90,54,10275,198,147,108,89,79
20161217 14:16,137,30,139,36,141,35,118,65,90,54,10275,199,147,108,89,79
20161217 14:17,135,38,140,37,129,66,118,65,90,54,10275,200,147,108,89,80
20161217 14:18,136,47,139,39,142,63,117,63,87,49,10275,192,147,108,89,80
20161217 14:19,145,42,138,40,147,53,117,64,88,51,10275,192,146,108,90,80
20161217 14:20,145,37,137,40,143,43,117,65,89,53,10274,194,146,108,90,80
20161217 14:21,144,35,137,39,144,46,117,65,89,53,10274,194,146,109,90,80
20161217 14:22,140,39,138,38,136,51,117,65,89,53,10274,195,146,109,90,80
20161217 14:23,135,37,138,38,134,40,117,66,91,56,10273,192,146,109,90,80
20161217 14:24,140,36,140,38,146,46,118,67,93,59,10273,194,146,109,90,80
20161217 14:25,129,38,137,38,112,53,118,66,91,57,10273,196,145,109,90,81
20161217 14:26,129,39,138,40,145,51,119,66,92,58,10273,197,145,109,91,81
20161217 14:27,148,40,140,39,150,48,119,64,89,53,10273,196,145,109,91,81
20161217 14:28,138,40,138,38,126,46,118,64,89,52,10273,196,145,109,91,81
20161217 14:29,130,43,137,39,134,57,118,65,90,54,10273,195,145,110,91,81
20161217 14:30,133,40,136,39,132,48,117,65,89,53,10273,192,145,110,91,81
20161217 14:31,130,40,134,40,128,64,117,65,89,53,10273,191,145,110,91,81
20161217 14:32,126,44,133,40,124,51,116,66,90,55,10273,187,144,110,91,81
20161217 14:33,126,42,132,41,128,55,116,66,90,55,10272,185,144,110,92,81
20161217 14:34,127,44,131,41,127,63,117,66,91,56,10272,185,144,110,92,81
20161217 14:35,132,47,133,43,137,60,117,66,91,56,10272,183,144,110,92,82
20161217 14:36,138,43,133,42,140,48,117,66,91,56,10272,185,144,110,92,82
20161217 14:37,141,32,132,41,142,35,117,66,91,56,10272,187,144,110,92,82
20161217 14:38,140,34,133,41,139,47,117,67,92,58,10272,189,143,111,92,82
20161217 14:39,137,39,133,40,135,51,117,66,91,56,10272,189,143,111,92,82
20161217 14:40,138,36,134,40,141,43,116,66,90,55,10271,188,143,111,93,82
20161217 14:41,133,33,134,39,126,46,117,66,91,56,10271,190,143,111,93,82
20161217 14:42,122,38,133,39,117,68,117,67,92,58,10271,191,143,111,93,82
20161217 14:43,117,37,132,38,117,50,117,67,92,58,10271,186,142,111,93,83
20161217 14:44,117,33,131,37,117,44,117,67,92,58,10271,183,142,111,93,83
20161217 14:45,123,35,130,35,129,59,117,67,92,58,10271,181,142,111,93,83
20161217 14:46,127,43,129,37,125,63,116,66,90,55,10271,176,142,111,93,83
20161217 14:47,120,49,126,39,115,57,116,66,90,55,10271,172,142,111,94,83
20161217 14:48,125,48,126,40,136,57,116,66,90,55,10272,171,142,111,94,83
20161217 14:49,134,44,126,40,133,53,115,66,89,54,10271,173,141,111,94,83
20161217 14:50,135,37,125,40,138,44,115,66,89,54,10271,178,141,111,94,83
20161217 14:51,132,28,125,39,126,34,116,67,91,57,10271,179,141,112,94,83
20161217 14:52,127,28,126,38,128,50,116,67,91,57,10271,180,141,112,94,83
20161217 14:53,122,38,126,39,117,59,116,67,91,57,10271,178,140,112,94,84
20161217 14:54,122,45,127,40,127,55,116,66,90,55,10271,174,140,112,94,84
20161217 14:55,130,43,128,41,133,60,115,66,89,54,10271,173,140,112,95,84
20161217 14:56,132,40,128,40,131,60,115,66,89,54,10271,172,140,112,95,84
20161217 14:57,126,37,129,38,122,45,115,66,89,54,10271,173,139,112,95,84
20161217 14:58,131,32,130,37,140,39,115,66,89,54,10271,174,139,112,95,84
20161217 14:59,140,29,130,35,140,45,116,66,90,55,10272,176,139,112,95,84
20161217 15:00,133,29,129,35,126,40,116,66,90,55,10272,176,138,112,95,84
20161217 15:01,127,29,129,36,127,45,116,67,91,57,10272,175,138,112,95,84
20161217 15:02,122,35,128,36,118,58,116,66,90,55,10272,175,138,112,95,85
20161217 15:03,122,38,129,36,126,63,116,65,89,53,10271,174,138,112,96,85
20161217 15:04,131,41,130,36,136,55,116,65,89,53,10271,171,137,112,96,85
20161217 15:05,131,45,129,36,127,56,115,66,89,54,10271,170,137,112,96,85
20161217 15:06,132,43,130,36,137,52,115,66,89,54,10271,171,137,112,96,85
20161217 15:07,134,39,131,36,131,50,115,65,88,52,10272,170,137,112,96,85
20161217 15:08,135,36,131,37,138,49,115,65,88,52,10271,170,137,112,96,85
20161217 15:09,135,36,130,37,132,41,115,66,89,54,10271,170,136,112,96,85
20161217 15:10,129,40,130,39,126,68,115,66,89,54,10271,168,136,112,96,85
20161217 15:11,123,42,129,40,119,53,115,66,89,54,10271,167,136,113,96,85
20161217 15:12,123,42,130,40,127,52,114,66,89,53,10272,165,136,113,96,86
20161217 15:13,132,45,131,41,138,57,114,66,89,53,10272,162,135,113,96,86
20161217 15:14,128,38,129,40,118,40,114,66,89,53,10272,164,135,113,97,86
20161217 15:15,121,27,129,38,124,36,115,67,91,56,10272,166,135,113,97,86
20161217 15:16,126,26,128,37,129,39,115,66,89,54,10272,168,135,113,97,86
20161217 15:17,127,31,128,36,125,48,115,67,91,56,10272,168,134,113,97,86
20161217 15:18,127,34,127,36,128,40,115,66,89,54,10272,167,134,113,97,86
20161217 15:19,128,35,126,36,128,45,115,66,89,54,10272,166,134,113,97,86
20161217 15:20,126,39,126,36,124,49,115,66,89,54,10272,165,133,113,97,86
20161217 15:21,125,41,127,36,127,53,115,66,89,54,10272,166,133,113,97,86
20161217 15:22,125,39,126,35,124,47,115,66,89,54,10272,166,133,113,97,87
20161217 15:23,125,33,125,34,126,35,115,66,89,54,10272,168,133,113,98,87
20161217 15:24,128,27,126,33,129,34,115,66,89,54,10273,169,132,113,98,87
20161217 15:25,128,25,127,33,127,40,115,66,89,54,10273,167,132,113,98,87
20161217 15:26,125,33,126,34,123,51,116,66,90,55,10273,163,132,113,98,87
20161217 15:27,126,35,126,34,128,39,115,67,91,56,10273,162,132,113,98,87
20161217 15:28,122,31,125,34,116,43,115,67,91,56,10272,159,131,113,98,87
20161217 15:29,119,33,125,33,122,47,115,67,91,56,10272,155,131,113,98,87
20161217 15:30,119,39,124,34,115,60,115,68,92,58,10272,154,131,113,98,87
20161217 15:31,118,37,123,33,121,41,115,68,92,58,10272,153,131,113,98,87
20161217 15:32,118,27,122,31,115,38,115,68,92,58,10272,153,131,113,98,88
20161217 15:33,119,25,122,31,122,38,115,68,92,58,10272,152,130,113,98,88
20161217 15:34,124,25,122,31,126,33,115,68,92,58,10272,152,130,113,98,88
20161217 15:35,128,26,122,32,131,48,115,68,92,58,10272,152,130,113,99,88
20161217 15:36,132,36,123,32,133,57,115,67,91,56,10272,151,129,113,99,88
20161217 15:37,134,36,124,32,136,45,115,67,91,56,10272,151,129,113,99,88
20161217 15:38,134,29,125,31,131,40,115,68,92,58,10272,151,129,113,99,88
20161217 15:39,129,28,126,31,127,46,115,68,92,58,10272,152,129,113,99,88
20161217 15:40,122,25,126,28,116,30,115,68,92,58,10272,153,128,113,99,88
20161217 15:41,113,26,125,28,110,48,115,68,92,58,10271,153,128,113,99,88
20161217 15:42,110,35,124,30,109,52,115,69,94,60,10271,150,128,113,99,88
20161217 15:43,114,44,124,32,119,53,114,69,93,59,10271,147,127,113,99,89
20161217 15:44,120,44,123,34,122,53,114,69,93,59,10271,144,127,112,99,89
20161217 15:45,122,36,123,34,122,40,113,69,92,58,10271,145,127,113,99,89
20161217 15:46,120,31,121,33,118,39,113,69,92,58,10271,146,126,113,99,89
20161217 15:47,114,28,118,33,111,34,113,70,94,60,10271,144,126,112,99,89
20161217 15:48,115,31,117,33,119,56,113,70,94,60,10271,142,126,112,99,89
20161217 15:49,123,34,117,34,126,47,113,70,94,60,10271,140,126,112,100,89
20161217 15:50,124,38,118,36,122,55,112,70,93,59,10271,138,125,112,100,89
20161217 15:51,119,34,118,35,115,33,112,70,93,59,10271,136,125,112,100,89
20161217 15:52,118,32,120,35,121,56,112,71,94,61,10271,136,125,112,100,89
20161217 15:53,119,35,119,34,117,40,111,71,94,60,10271,134,124,112,100,89
20161217 15:54,113,36,118,33,109,54,111,71,94,60,10272,133,124,112,100,89
20161217 15:55,112,36,117,33,115,41,111,71,94,60,10272,131,124,112,100,90
20161217 15:56,120,33,118,34,125,46,111,71,94,60,10272,130,123,112,100,90
20161217 15:57,120,34,118,35,115,48,110,71,93,60,10272,130,123,112,100,90
20161217 15:58,116,30,118,34,118,33,110,71,93,60,10272,129,123,112,100,90
20161217 15:59,121,22,118,32,123,32,110,71,93,60,10272,130,122,112,100,90
20161217 16:00,117,22,117,31,112,40,110,71,93,60,10272,129,122,112,100,90
20161217 16:01,114,29,117,31,116,42,110,71,93,60,10272,128,121,112,100,90
20161217 16:02,118,31,117,30,121,40,109,71,93,59,10272,126,121,112,100,90
20161217 16:03,112,26,116,29,104,34,109,71,93,59,10272,127,121,112,100,90
20161217 16:04,108,26,116,29,112,42,109,71,93,59,10272,125,120,112,100,90
20161217 16:05,113,26,116,27,114,34,109,71,93,59,10272,124,120,112,100,90
20161217 16:06,110,20,114,26,106,29,109,72,94,61,10272,123,120,112,100,90
20161217 16:07,107,22,113,25,107,35,108,72,93,60,10272,122,119,112,100,91
20161217 16:08,109,22,112,24,110,31,108,72,93,60,10272,122,119,112,100,91
20161217 16:09,114,21,112,25,117,37,108,72,93,60,10272,121,119,111,100,91
20161217 16:10,111,22,111,24,105,29,108,73,94,62,10272,120,118,111,101,91
20161217 16:11,110,26,111,24,114,49,107,73,94,61,10272,118,118,111,101,91
20161217 16:12,116,34,111,25,118,50,107,72,93,59,10272,117,118,111,101,91
20161217 16:13,114,33,111,26,110,40,107,72,93,59,10272,116,117,111,101,91
20161217 16:14,105,27,110,25,100,38,107,72,93,59,10272,115,117,111,101,91
20161217 16:15,105,23,110,25,111,30,106,72,92,58,10272,114,117,111,101,91
20161217 16:16,110,23,110,26,109,36,106,72,92,58,10273,113,116,111,101,91
20161217 16:17,108,22,110,25,108,28,106,72,92,58,10273,113,116,111,101,91
20161217 16:18,113,21,111,25,119,44,106,73,93,60,10273,111,115,111,101,91
20161217 16:19,117,29,111,27,115,45,105,73,93,59,10273,110,115,111,101,91
20161217 16:20,112,31,111,27,110,34,105,72,91,57,10273,109,115,111,101,91
20161217 16:21,111,26,111,27,111,30,105,72,91,57,10273,109,114,111,101,92
20161217 16:22,107,24,110,25,103,28,105,73,93,59,10273,107,114,111,101,92
20161217 16:23,104,20,109,24,104,25,105,73,93,59,10273,106,113,110,101,92
20161217 16:24,100,18,109,23,96,21,105,73,93,59,10273,104,113,110,101,92
20161217 16:25,104,17,109,23,112,26,104,73,92,58,10274,103,113,110,101,92
20161217 16:26,116,21,110,23,119,33,104,73,92,58,10274,102,112,110,101,92
20161217 16:27,119,28,111,24,118,40,104,73,92,58,10274,101,112,110,101,92
20161217 16:28,116,28,110,24,113,31,103,73,91,57,10274,100,112,110,101,92
20161217 16:29,110,22,109,23,106,27,103,73,91,57,10274,99,111,110,101,92
20161217 16:30,107,16,109,22,107,18,103,73,91,57,10274,98,111,110,101,92
20161217 16:31,103,17,108,21,98,34,103,73,91,57,10274,97,111,110,101,92
20161217 16:32,99,23,107,21,101,39,102,74,92,58,10274,96,110,110,101,92
20161217 16:33,95,24,106,22,89,34,102,74,92,58,10274,95,110,110,101,92
20161217 16:34,95,23,107,22,102,39,102,74,92,58,10274,94,109,109,101,92
20161217 16:35,104,23,106,23,107,26,102,74,92,58,10274,93,109,109,101,92
20161217 16:36,102,19,104,22,97,28,102,74,92,58,10274,92,109,109,101,93
20161217 16:37,98,20,102,21,99,32,101,74,91,57,10274,90,108,109,101,93
20161217 16:38,101,24,101,21,103,35,101,74,91,57,10274,90,108,109,101,93
20161217 16:39,111,23,102,21,120,30,101,74,91,57,10274,88,108,109,101,93
20161217 16:40,110,18,102,21,101,26,100,74,91,56,10274,87,107,109,101,93
20161217 16:41,101,19,102,22,101,29,100,75,92,58,10275,87,107,109,101,93
20161217 16:42,100,20,102,21,98,27,100,75,92,58,10275,86,106,109,101,93
20161217 16:43,96,18,102,20,94,24,99,75,91,57,10275,86,106,108,101,93
20161217 16:44,97,16,102,19,101,26,99,75,91,57,10275,85,106,108,101,93
20161217 16:45,95,18,100,19,90,27,99,75,91,57,10276,84,105,108,101,93
20161217 16:46,98,19,101,19,106,27,99,75,91,57,10276,83,105,108,101,93
20161217 16:47,100,16,101,19,93,20,98,75,91,56,10275,83,105,108,101,93
20161217 16:48,96,15,100,18,99,24,98,76,92,58,10275,82,104,108,101,93
20161217 16:49,97,18,98,18,95,28,98,76,92,58,10275,81,104,108,101,93
20161217 16:50,98,19,98,18,101,23,97,76,91,57,10276,80,104,108,101,93
20161217 16:51,101,16,98,17,100,19,97,76,91,57,10276,79,103,108,101,93
20161217 16:52,97,17,97,17,94,27,97,76,91,57,10276,79,103,108,101,93
20161217 16:53,96,21,98,18,98,27,97,76,91,57,10276,78,102,107,101,93
20161217 16:54,95,19,97,18,91,22,97,76,91,57,10276,77,102,107,101,94
20161217 16:55,93,17,97,18,95,22,97,76,91,57,10276,76,102,107,101,94
20161217 16:56,89,17,95,18,83,21,96,76,91,56,10276,76,101,107,101,94
20161217 16:57,87,17,95,18,91,23,96,76,91,56,10276,75,101,107,101,94
20161217 16:58,90,18,94,18,88,26,96,76,91,56,10276,74,101,107,101,94
20161217 16:59,91,19,94,18,95,26,96,76,91,56,10276,73,100,107,101,94
20161217 17:00,94,20,93,18,93,27,95,76,90,55,10276,72,100,107,101,94
20161217 17:01,93,21,92,19,94,27,95,76,90,55,10276,71,99,106,101,94
20161217 17:02,94,20,92,19,94,23,94,77,91,56,10276,71,99,106,101,94
20161217 17:03,96,19,92,19,97,27,94,77,91,56,10276,70,99,106,101,94
20161217 17:04,100,20,93,19,102,27,94,77,91,56,10276,71,98,106,101,94
20161217 17:05,100,21,93,20,97,27,93,77,90,55,10276,71,98,106,101,94
20161217 17:06,97,19,95,20,97,23,93,78,91,57,10276,71,98,106,101,94
20161217 17:07,98,19,96,20,99,27,93,78,91,57,10276,71,97,106,101,94
20161217 17:08,98,22,96,20,97,28,93,78,91,57,10277,71,97,105,101,94
20161217 17:09,96,21,96,21,95,27,92,78,91,56,10277,71,97,105,101,94
20161217 17:10,98,19,97,20,101,23,92,78,91,56,10277,69,96,105,101,94
20161217 17:11,101,18,98,20,101,23,92,78,91,56,10278,69,96,105,101,94
20161217 17:12,102,17,99,20,103,26,92,78,91,56,10278,68,96,105,101,94
20161217 17:13,101,19,99,20,100,29,92,78,91,56,10278,69,95,105,101,94
20161217 17:14,97,20,98,20,94,23,91,79,91,57,10279,69,95,105,101,94
20161217 17:15,94,18,98,19,94,21,91,79,91,57,10279,69,95,105,101,94
20161217 17:16,95,18,98,19,95,30,91,79,91,57,10279,69,94,104,101,95
20161217 17:17,91,19,97,19,87,23,91,79,91,57,10279,69,94,104,101,95
20161217 17:18,89,19,96,19,91,24,91,79,91,57,10279,68,94,104,101,95
20161217 17:19,91,20,96,19,91,28,91,79,91,57,10279,67,94,104,101,95
20161217 17:20,90,21,94,19,89,28,91,79,91,57,10279,66,93,104,101,95
20161217 17:21,88,19,93,19,88,21,91,79,91,57,10279,67,93,104,101,95
20161217 17:22,87,17,91,19,86,23,91,79,91,57,10279,67,93,104,101,95
20161217 17:23,83,16,90,18,81,21,90,79,91,56,10279,67,92,104,101,95
20161217 17:24,79,15,88,18,77,24,90,79,91,56,10279,67,92,103,101,95
20161217 17:25,77,19,86,19,78,30,90,79,91,56,10279,67,92,103,101,95
20161217 17:26,76,23,84,19,74,28,89,79,90,55,10279,66,91,103,101,95
20161217 17:27,75,21,83,19,76,27,89,79,90,55,10279,65,91,103,101,95
20161217 17:28,76,19,81,19,75,25,89,79,90,55,10279,65,91,103,101,95
20161217 17:29,75,19,80,19,75,27,89,79,90,55,10280,64,91,103,101,95
20161217 17:30,76,20,79,19,77,23,88,79,89,54,10280,63,90,102,101,95
20161217 17:31,77,19,77,19,76,26,88,80,91,55,10280,63,90,102,101,95
20161217 17:32,75,19,76,19,75,25,88,80,91,55,10280,63,90,102,101,95
20161217 17:33,74,19,76,20,73,23,88,80,91,55,10280,63,89,102,101,95
20161217 17:34,74,18,75,20,74,22,88,80,91,55,10280,64,89,102,101,95
20161217 17:35,74,18,75,19,75,28,87,80,90,54,10280,64,89,102,100,95
20161217 17:36,75,18,75,19,75,22,87,80,90,54,10279,63,89,102,100,95
20161217 17:37,74,19,75,19,74,26,87,80,90,54,10279,63,88,101,100,95
20161217 17:38,76,21,75,19,78,27,87,80,90,54,10279,63,88,101,100,95
20161217 17:39,78,21,75,19,77,26,86,81,90,55,10279,64,88,101,100,95
20161217 17:40,77,20,75,19,76,22,86,81,90,55,10279,65,88,101,100,95
20161217 17:41,76,21,75,20,76,31,86,81,90,55,10279,64,87,101,100,95
20161217 17:42,74,21,75,20,71,26,86,81,90,55,10279,64,87,101,100,95
20161217 17:43,73,19,75,20,75,28,86,81,90,55,10279,64,87,101,100,95
20161217 17:44,74,19,75,20,74,24,86,81,90,55,10279,63,87,100,100,95
20161217 17:45,75,19,75,20,76,25,86,81,90,55,10279,63,86,100,100,95
20161217 17:46,75,18,75,20,74,24,85,81,90,54,10279,63,86,100,100,95
20161217 17:47,75,18,75,20,76,27,85,81,90,54,10279,64,86,100,100,95
20161217 17:48,77,22,75,20,78,28,85,82,91,56,10279,64,86,100,100,95
20161217 17:49,78,22,75,20,78,29,85,82,91,56,10279,64,86,100,100,95
20161217 17:50,78,23,76,21,78,29,85,82,91,56,10280,64,85,100,100,95
20161217 17:51,78,23,76,21,78,31,85,82,91,56,10280,63,85,99,100,95
20161217 17:52,78,23,77,21,78,29,85,82,91,56,10280,63,85,99,100,95
20161217 17:53,78,23,77,21,77,29,85,82,91,56,10280,63,85,99,100,95
20161217 17:54,77,23,77,22,76,27,84,82,90,55,10280,62,84,99,100,96
20161217 17:55,77,21,77,22,77,27,84,82,90,55,10280,62,84,99,100,96
20161217 17:56,78,20,78,22,79,26,84,82,90,55,10280,61,84,99,100,96
20161217 17:57,77,21,78,22,76,28,84,82,90,55,10281,61,84,99,100,96
20161217 17:58,77,21,78,22,78,24,84,82,90,55,10281,60,84,99,99,96
20161217 17:59,79,21,78,22,80,24,84,82,90,55,10281,60,83,98,99,96
20161217 18:00,79,18,78,21,78,26,84,82,90,55,10281,60,83,98,99,96
20161217 18:01,77,18,77,21,75,25,83,82,90,54,10281,60,83,98,99,96
20161217 18:02,77,19,78,20,79,26,83,82,90,54,10281,60,83,98,99,96
20161217 18:03,79,20,78,20,79,28,83,82,90,54,10281,59,82,98,99,96
20161217 18:04,78,21,78,20,77,25,83,83,91,56,10281,58,82,98,99,96
20161217 18:05,78,21,78,20,80,30,83,83,91,56,10281,58,82,98,99,96
20161217 18:06,79,21,78,20,78,27,83,83,91,56,10281,58,82,97,99,96
20161217 18:07,77,19,78,20,77,24,83,83,91,56,10281,58,82,97,99,96
20161217 18:08,78,21,78,20,80,30,83,83,91,56,10281,59,81,97,99,96
20161217 18:09,81,23,79,20,83,33,83,83,91,56,10281,59,81,97,99,96
20161217 18:10,79,24,78,21,75,32,83,83,91,56,10281,60,81,97,99,96
20161217 18:11,77,23,79,21,78,27,83,83,91,56,10281,60,81,97,99,96
20161217 18:12,79,21,79,22,80,26,83,83,91,56,10281,60,81,97,99,96
20161217 18:13,77,21,78,22,75,27,83,83,91,56,10281,60,80,97,99,96
20161217 18:14,76,20,78,21,78,27,83,83,91,56,10281,60,80,96,99,96
20161217 18:15,77,19,78,21,76,24,83,83,91,56,10281,59,80,96,98,96
20161217 18:16,75,18,78,21,74,24,82,83,90,55,10281,59,80,96,98,96
20161217 18:17,75,18,77,21,75,23,82,83,90,55,10281,58,80,96,98,96
20161217 18:18,76,19,77,21,76,28,82,83,90,55,10281,59,80,96,98,96
20161217 18:19,78,19,77,20,79,22,82,83,90,55,10281,59,79,96,98,96
20161217 18:20,81,18,77,19,83,22,82,84,91,57,10281,59,79,96,98,96
20161217 18:21,82,17,78,19,80,20,82,84,91,57,10281,58,79,95,98,96
20161217 18:22,81,17,78,19,82,21,81,84,91,56,10281,57,79,95,98,96
20161217 18:23,83,17,79,18,84,21,81,84,91,56,10281,56,79,95,98,96
20161217 18:24,84,17,79,18,85,21,81,84,91,56,10281,56,79,95,98,96
20161217 18:25,84,17,80,18,83,22,81,84,91,56,10281,56,78,95,98,96
20161217 18:26,83,19,81,18,84,23,81,84,91,56,10281,55,78,95,98,96
20161217 18:27,81,16,82,17,79,17,81,84,91,56,10281,55,78,95,98,96
20161217 18:28,78,16,82,17,77,20,80,84,90,55,10281,55,78,95,98,96
20161217 18:29,78,16,82,17,78,18,80,84,90,55,10281,54,78,94,98,96
20161217 18:30,78,15,81,17,78,20,80,85,91,56,10281,54,77,94,98,96
20161217 18:31,80,14,81,16,82,17,80,85,91,56,10281,52,77,94,98,96
20161217 18:32,81,14,81,16,81,19,79,85,91,55,10281,51,77,94,98,96
20161217 18:33,79,14,80,16,78,18,79,85,91,55,10281,50,77,94,97,96
20161217 18:34,77,14,80,16,77,22,79,85,91,55,10281,50,77,94,97,96
20161217 18:35,78,15,79,15,80,20,79,85,91,55,10281,49,77,94,97,96
20161217 18:36,79,16,79,15,79,19,78,85,90,54,10280,48,76,94,97,96
20161217 18:37,78,15,79,15,78,20,78,85,90,54,10280,47,76,93,97,96
20161217 18:38,77,16,79,15,77,21,78,85,90,54,10280,46,76,93,97,96
20161217 18:39,77,18,79,15,77,21,78,86,91,56,10280,47,76,93,97,96
20161217 18:40,76,20,78,16,76,25,77,86,90,55,10280,48,76,93,97,96
20161217 18:41,76,19,78,16,76,24,77,86,90,55,10280,49,75,93,97,96
20161217 18:42,76,18,77,17,75,20,77,86,90,55,10280,49,75,93,97,96
20161217 18:43,74,18,77,17,72,21,77,87,91,57,10280,48,75,93,97,96
20161217 18:44,73,17,76,17,74,19,77,87,91,57,10280,48,75,93,97,96
20161217 18:45,75,16,76,17,75,22,77,87,91,57,10280,47,75,92,97,96
20161217 18:46,75,16,75,17,74,19,76,87,91,56,10280,47,75,92,97,96
20161217 18:47,76,16,75,18,77,19,76,87,91,56,10280,47,74,92,97,96
20161217 18:48,77,16,75,17,77,21,76,87,91,56,10280,46,74,92,96,96
20161217 18:49,79,17,76,17,81,20,76,87,91,56,10280,46,74,92,96,96
20161217 18:50,80,18,76,17,79,21,76,87,91,56,10280,46,74,92,96,96
20161217 18:51,79,19,76,17,79,24,76,87,91,56,10280,47,74,92,96,96
20161217 18:52,78,18,77,17,78,19,75,88,91,56,10280,48,74,92,96,96
20161217 18:53,80,16,78,17,83,19,75,88,91,56,10280,48,73,91,96,96
20161217 18:54,83,16,79,17,83,19,75,88,91,56,10280,48,73,91,96,96
20161217 18:55,82,17,79,17,80,21,75,88,91,56,10280,48,73,91,96,96
20161217 18:56,82,18,80,17,84,20,75,88,91,56,10280,48,73,91,96,96
20161217 18:57,83,17,80,17,81,19,75,88,91,56,10280,47,73,91,96,96
20161217 18:58,83,16,81,17,84,21,75,89,92,58,10280,47,73,91,96,96
20161217 18:59,84,17,81,17,83,20,74,89,92,57,10280,47,72,91,96,96
20161217 19:00,84,17,82,17,84,19,74,89,92,57,10280,47,72,91,96,96
20161217 19:01,82,17,82,17,80,22,74,89,92,57,10280,46,72,91,96,96
20161217 19:02,81,17,82,17,82,23,74,89,92,57,10279,46,72,90,96,96
20161217 19:03,82,17,82,17,83,21,73,89,91,56,10279,45,72,90,95,96
20161217 19:04,85,17,83,17,86,19,73,89,91,56,10280,45,72,90,95,96
20161217 19:05,85,17,83,17,84,21,73,90,92,58,10280,45,71,90,95,96
20161217 19:06,83,17,83,17,82,21,73,90,92,58,10279,45,71,90,95,96
20161217 19:07,84,17,83,17,86,21,73,90,92,58,10279,44,71,90,95,96
20161217 19:08,88,16,84,17,90,20,73,90,92,58,10280,44,71,90,95,95
20161217 19:09,88,13,84,16,86,15,73,90,92,58,10280,43,71,90,95,96
20161217 19:10,85,12,84,16,83,15,73,90,92,58,10280,43,71,89,95,96
20161217 19:11,87,13,85,16,91,22,73,90,92,58,10280,42,71,89,95,95
20161217 19:12,91,14,86,16,91,21,73,91,93,59,10280,42,70,89,95,95
20161217 19:13,90,14,87,15,89,17,73,91,93,59,10280,40,70,89,95,95
20161217 19:14,90,16,87,15,91,35,73,91,93,59,10279,40,70,89,95,95
20161217 19:15,92,17,88,15,92,24,73,91,93,59,10279,42,70,89,95,95
20161217 19:16,88,14,88,15,85,15,73,91,93,59,10279,42,70,89,95,95
20161217 19:17,92,16,90,15,100,30,73,91,93,59,10279,42,70,89,95,95
20161217 19:18,98,18,90,15,97,24,73,91,93,59,10279,45,70,89,95,95
20161217 19:19,99,16,92,15,101,23,73,91,93,59,10278,49,69,88,94,95
20161217 19:20,106,16,95,16,111,20,73,91,93,59,10278,48,69,88,94,95
20161217 19:21,114,16,97,16,117,29,74,91,94,60,10278,46,69,88,94,95
20161217 19:22,118,21,100,17,119,43,74,91,94,60,10278,47,69,88,94,95
20161217 19:23,122,27,104,19,126,37,74,92,95,62,10279,51,69,88,94,95
20161217 19:24,125,33,107,20,125,46,76,92,96,64,10279,52,69,88,94,95
20161217 19:25,124,30,111,21,124,41,81,93,100,70,10279,56,69,88,94,95
20161217 19:26,127,26,115,23,130,43,82,92,100,70,10279,58,69,88,94,95
20161217 19:27,130,28,118,24,129,37,84,92,101,72,10278,61,69,88,94,95
20161217 19:28,128,29,121,25,128,42,85,91,101,71,10278,61,68,87,94,95
20161217 19:29,126,30,123,26,125,38,87,91,102,73,10278,62,68,87,94,95
20161217 19:30,129,31,126,28,132,38,89,90,103,74,10278,63,68,87,94,95
20161217 19:31,130,31,127,29,127,44,92,89,103,75,10278,66,68,87,94,95
20161217 19:32,128,33,128,30,130,42,93,88,103,74,10278,67,68,87,94,95
20161217 19:33,128,34,128,31,126,47,94,87,103,73,10278,68,68,87,94,95
20161217 19:34,126,32,128,30,127,44,95,86,102,73,10278,67,68,87,93,95
20161217 19:35,127,34,128,32,127,47,96,85,102,72,10278,67,68,87,93,95
20161217 19:36,123,34,127,32,119,42,97,85,102,73,10278,69,68,87,93,95
20161217 19:37,122,29,127,32,125,43,97,84,101,71,10278,69,68,86,93,95
20161217 19:38,126,31,126,32,126,45,98,84,102,72,10278,70,69,86,93,95
20161217 19:39,126,33,126,32,125,41,99,84,102,73,10279,70,69,86,93,95
20161217 19:40,126,27,126,32,127,35,99,83,101,72,10279,69,69,86,93,95
20161217 19:41,127,26,126,31,127,36,99,83,101,72,10279,70,69,86,93,95
20161217 19:42,125,26,125,30,123,44,99,83,101,72,10279,71,69,86,93,95
20161217 19:43,125,30,125,30,126,56,100,83,102,72,10279,71,69,86,93,95
20161217 19:44,124,36,125,31,122,56,100,83,102,72,10279,71,69,86,93,95
20161217 19:45,124,36,125,31,126,47,101,83,103,73,10279,72,69,86,93,95
20161217 19:46,126,34,125,31,127,54,101,83,103,73,10279,72,69,86,93,95
20161217 19:47,128,36,126,32,129,50,102,83,103,74,10279,74,69,86,93,95
20161217 19:48,127,40,126,32,124,54,102,83,103,74,10279,75,69,85,93,95
20161217 19:49,128,38,126,33,131,53,102,83,103,74,10279,76,69,85,92,95
20161217 19:50,130,34,126,34,128,46,103,83,104,75,10279,76,69,85,92,95
20161217 19:51,125,35,126,35,121,52,103,83,104,75,10279,76,69,85,92,95
20161217 19:52,123,37,126,36,125,51,103,83,104,75,10279,76,70,85,92,95
20161217 19:53,124,40,126,37,123,52,103,83,104,75,10279,76,70,85,92,95
20161217 19:54,126,38,126,37,129,48,104,83,105,76,10279,76,70,85,92,95
20161217 19:55,126,31,126,36,123,44,104,82,103,75,10279,75,70,85,92,95
20161217 19:56,123,31,126,36,124,45,104,82,103,75,10279,76,70,85,92,95
20161217 19:57,129,37,126,36,134,55,104,82,103,75,10279,77,70,85,92,95
20161217 19:58,132,39,127,36,131,51,105,82,104,76,10279,76,70,85,92,95
20161217 19:59,133,34,127,35,135,40,105,82,104,76,10279,76,70,85,92,95
20161217 20:00,130,32,127,36,124,57,105,82,104,76,10279,77,70,85,92,95
