time_now,wd_avg_2mins,ws_avg_2mins,wd_avg_10mins,ws_avg_10mins,wd_maxsp_this_min,ws_maxsp_this_min,air_temp_by_box,relative_humidity,water_vapor_pressure,dew_temp,station_pressure,ground_temp_pt,ground_tem_5cm,ground_tem_10cm,ground_tem_15cm,ground_tem_20cm
20150306 20:01,33,16,42,21,32,19,36,84,66,12,10252,36,51,61,69,73
20150306 20:02,27,12,41,19,21,18,36,84,66,12,10252,36,51,61,69,73
20150306 20:03,25,14,39,19,30,23,36,84,66,12,10253,37,51,61,69,73
20150306 20:04,26,18,38,18,22,28,36,84,66,12,10253,36,50,60,69,73
20150306 20:05,31,24,37,19,40,39,36,84,66,12,10252,36,50,60,69,73
20150306 20:06,36,26,35,20,33,35,36,84,66,12,10252,36,50,60,69,73
20150306 20:07,43,24,35,20,53,35,37,84,67,13,10252,36,50,60,69,73
20150306 20:08,52,24,36,20,51,38,37,84,67,13,10253,36,50,60,69,73
20150306 20:09,44,26,35,21,36,39,37,84,67,13,10253,36,50,60,69,73
20150306 20:10,41,26,36,21,46,38,37,84,67,13,10253,36,50,60,69,73
20150306 20:11,41,24,37,22,36,27,37,84,67,13,10253,36,50,60,69,73
20150306 20:12,36,21,38,23,35,36,37,84,67,13,10254,36,50,60,69,73
20150306 20:13,44,19,41,23,53,22,37,84,67,13,10254,37,50,60,69,73
20150306 20:14,38,21,41,24,24,34,37,84,67,13,10254,37,50,60,69,73
20150306 20:15,30,24,40,23,37,30,37,84,67,13,10254,37,50,60,69,73
20150306 20:16,42,22,42,23,47,28,37,84,67,13,10254,37,50,60,69,73
20150306 20:17,48,26,41,24,48,40,37,84,67,13,10254,37,50,60,69,73
20150306 20:18,45,29,40,24,41,46,37,84,67,13,10253,37,50,60,68,73
20150306 20:19,42,24,41,23,44,29,37,84,67,13,10253,37,50,60,68,73
20150306 20:20,46,18,41,22,47,24,37,84,67,13,10253,37,50,60,68,73
20150306 20:21,45,21,42,23,43,40,37,84,67,13,10253,37,50,60,68,73
20150306 20:22,40,28,42,24,37,46,37,84,67,13,10253,37,50,60,68,73
20150306 20:23,41,30,41,25,45,40,37,84,67,13,10253,37,50,60,68,73
20150306 20:24,48,30,44,25,51,44,37,85,68,14,10253,37,50,60,68,73
20150306 20:25,47,36,45,27,42,60,38,85,68,15,10253,37,50,60,68,73
20150306 20:26,47,33,45,27,51,39,38,85,68,15,10254,37,50,60,68,73
20150306 20:27,51,29,45,28,51,46,38,85,68,15,10254,37,50,60,68,73
20150306 20:28,44,31,45,28,37,42,38,85,68,15,10254,37,50,60,68,73
20150306 20:29,36,28,44,29,35,49,38,85,68,15,10254,37,50,60,68,73
20150306 20:30,41,27,44,30,47,46,38,85,68,15,10254,37,50,59,68,73
20150306 20:31,46,36,44,32,45,65,38,85,68,15,10254,37,49,59,68,73
20150306 20:32,47,37,45,31,48,46,38,85,68,15,10253,36,49,59,68,73
20150306 20:33,48,27,45,31,47,43,38,85,68,15,10252,36,49,59,68,73
20150306 20:34,49,32,46,32,52,57,38,84,67,13,10252,36,49,59,68,73
20150306 20:35,48,36,46,31,45,53,37,84,67,13,10253,36,49,59,68,73
20150306 20:36,47,28,46,31,49,39,37,84,67,13,10254,36,49,59,68,73
20150306 20:37,52,22,46,30,55,36,37,84,67,13,10255,36,49,59,68,73
20150306 20:38,50,21,47,29,46,27,37,84,67,13,10257,36,49,59,68,73
20150306 20:39,49,19,49,28,53,30,37,84,67,13,10259,36,49,59,68,73
20150306 20:40,49,20,49,28,46,34,37,84,67,13,10260,36,49,59,68,73
20150306 20:41,45,20,49,25,45,28,37,84,67,13,10260,36,49,59,68,73
20150306 20:42,56,17,50,24,66,29,37,84,67,13,10259,36,49,59,68,73
20150306 20:43,64,20,52,23,61,31,37,84,67,13,10259,36,49,59,68,73
20150306 20:44,64,19,53,21,68,21,37,84,67,13,10259,36,49,59,68,73
20150306 20:45,67,17,55,20,66,27,37,85,68,14,10258,36,49,59,68,73
20150306 20:46,65,18,57,19,64,28,37,85,68,14,10257,36,49,59,68,73
20150306 20:47,64,16,58,19,65,19,37,85,68,14,10256,36,49,59,68,73
20150306 20:48,60,17,59,18,56,26,37,85,68,14,10255,36,49,59,68,73
20150306 20:49,54,20,59,19,53,29,37,85,68,14,10255,36,49,59,68,73
20150306 20:50,52,19,60,18,52,29,37,85,68,14,10255,36,49,59,68,73
20150306 20:51,45,21,59,19,38,36,37,85,68,14,10254,36,49,59,68,73
20150306 20:52,48,23,58,20,58,38,37,85,68,14,10255,36,49,59,68,73
20150306 20:53,48,22,56,19,38,30,37,85,68,14,10256,36,49,59,68,72
20150306 20:54,42,20,54,20,47,28,37,86,68,16,10256,36,49,59,68,72
20150306 20:55,47,21,52,20,47,35,37,85,68,14,10256,36,49,59,68,72
20150306 20:56,50,29,51,22,53,50,37,85,68,14,10257,36,49,59,68,73
20150306 20:57,53,33,50,23,53,38,37,85,68,14,10258,35,49,59,68,73
20150306 20:58,54,27,49,24,55,33,37,85,68,14,10259,35,49,59,68,72
20150306 20:59,51,22,49,24,46,30,37,84,67,13,10259,35,49,58,68,72
20150306 21:00,49,22,49,24,52,34,37,85,68,14,10258,35,49,58,68,72
20150306 21:01,52,25,50,25,53,37,37,85,68,14,10258,35,48,58,67,72
20150306 21:02,44,28,48,25,35,40,37,84,67,13,10258,35,48,58,67,72
20150306 21:03,45,26,50,25,54,31,37,84,67,13,10257,35,48,58,67,72
20150306 21:04,55,24,50,26,55,37,37,84,67,13,10256,35,48,58,67,72
20150306 21:05,51,22,50,25,46,27,37,85,68,14,10256,35,48,58,67,72
20150306 21:06,47,20,50,24,47,41,37,85,68,14,10256,35,48,58,67,72
20150306 21:07,47,27,49,24,47,48,37,85,68,14,10256,35,48,58,67,72
20150306 21:08,46,31,48,25,45,44,37,84,67,13,10257,35,48,58,67,72
20150306 21:09,45,28,48,25,45,38,37,84,67,13,10258,35,48,58,67,72
20150306 21:10,49,24,48,25,53,31,37,84,67,13,10258,35,48,58,67,72
20150306 21:11,51,24,48,25,49,33,37,84,67,13,10258,35,48,58,67,72
20150306 21:12,47,24,49,25,45,33,37,84,67,13,10258,35,48,58,67,72
20150306 21:13,51,21,49,24,58,25,37,84,67,13,10258,35,48,58,67,72
20150306 21:14,58,23,49,25,59,33,37,84,67,13,10258,35,48,58,67,72
20150306 21:15,58,27,50,25,57,31,37,84,67,13,10257,35,48,58,67,72
20150306 21:16,60,22,52,25,62,26,36,84,66,12,10256,35,48,58,67,72
20150306 21:17,59,18,53,24,56,28,36,84,66,12,10256,35,48,58,67,72
20150306 21:18,56,21,54,23,56,38,36,84,66,12,10256,35,48,58,67,72
20150306 21:19,57,20,55,22,57,23,36,84,66,12,10256,35,48,58,67,72
20150306 21:20,58,20,56,22,58,37,36,84,66,12,10256,35,48,58,67,72
20150306 21:21,49,26,55,22,40,38,36,84,66,12,10256,35,48,58,67,72
20150306 21:22,41,28,54,23,41,34,36,84,66,12,10256,35,48,58,67,72
20150306 21:23,42,26,53,23,42,32,36,84,66,12,10257,35,48,58,67,72
20150306 21:24,41,24,51,23,40,29,36,84,66,12,10258,35,48,58,67,72
20150306 21:25,39,19,49,22,38,20,36,84,66,12,10258,35,48,58,67,72
20150306 21:26,36,17,46,22,34,23,36,84,66,12,10258,35,48,58,67,72
20150306 21:27,41,17,45,22,48,25,36,85,67,13,10259,35,48,58,67,72
20150306 21:28,42,13,43,20,37,19,36,85,67,13,10259,35,48,58,67,72
20150306 21:29,35,14,41,20,34,26,37,85,68,14,10259,35,47,58,67,72
20150306 21:30,37,22,39,21,41,32,36,85,67,13,10258,35,47,57,67,72
20150306 21:31,39,25,39,20,38,27,37,85,68,14,10257,35,47,57,67,72
20150306 21:32,37,24,39,20,36,35,37,85,68,14,10256,35,47,57,67,72
20150306 21:33,35,26,38,20,34,33,37,85,68,14,10256,35,47,57,67,72
20150306 21:34,29,29,36,21,24,38,37,85,68,14,10256,35,47,57,67,72
20150306 21:35,26,28,35,22,28,33,37,85,68,14,10257,35,47,57,67,72
20150306 21:36,27,23,35,22,26,23,37,85,68,14,10259,35,47,57,67,72
20150306 21:37,34,19,34,23,41,27,37,85,68,14,10259,35,47,57,67,72
20150306 21:38,43,17,35,23,45,19,37,85,68,14,10258,35,47,57,67,72
20150306 21:39,46,14,36,23,47,18,37,85,68,14,10258,35,47,57,67,72
20150306 21:40,41,10,35,21,35,12,37,85,68,14,10258,35,47,57,67,72
20150306 21:41,21,9,32,19,7,15,37,85,68,14,10259,35,47,57,67,72
20150306 21:42,7,9,29,17,7,10,37,85,68,14,10260,36,47,57,67,72
20150306 21:43,8,10,27,16,9,25,37,85,68,14,10260,36,47,57,67,72
20150306 21:44,14,16,26,15,19,23,37,85,68,14,10260,36,47,57,67,72
20150306 21:45,16,17,25,14,13,18,37,85,68,14,10259,36,47,57,67,72
20150306 21:46,13,17,24,14,14,22,37,85,68,14,10259,36,47,57,67,72
20150306 21:47,15,14,21,13,16,15,37,85,68,14,10259,36,47,57,66,72
20150306 21:48,23,11,20,12,30,14,37,85,68,14,10258,36,47,57,66,72
20150306 21:49,34,12,19,13,39,16,37,85,68,14,10258,36,47,57,66,72
20150306 21:50,43,13,20,13,48,17,37,85,68,14,10256,36,47,57,66,72
20150306 21:51,51,20,25,15,53,39,37,85,68,14,10255,36,47,57,66,72
20150306 21:52,43,29,27,17,32,42,37,85,68,14,10255,36,47,57,66,72
20150306 21:53,38,26,31,18,45,34,37,85,68,14,10256,36,47,57,66,72
20150306 21:54,50,19,35,18,56,31,37,85,68,14,10257,36,47,57,66,72
20150306 21:55,49,15,37,17,41,20,37,85,68,14,10258,36,47,57,66,72
20150306 21:56,30,10,38,17,20,16,37,85,68,14,10258,36,47,57,66,72
20150306 21:57,28,12,40,17,35,21,37,85,68,14,10258,36,47,57,66,72
20150306 21:58,39,15,41,17,43,27,37,85,68,14,10259,36,47,57,66,72
20150306 21:59,29,16,39,18,15,27,37,85,68,14,10258,36,47,57,66,72
20150306 22:00,26,15,38,18,37,14,37,85,68,14,10258,36,47,57,66,72
20150306 22:01,37,15,36,17,37,24,37,85,68,14,10257,36,47,57,66,72
20150306 22:02,39,17,37,15,41,22,37,85,68,14,10256,36,47,57,66,72
20150306 22:03,42,19,37,15,44,31,37,85,68,14,10255,36,47,57,66,72
20150306 22:04,40,22,35,16,37,26,36,85,67,13,10254,36,47,57,66,72
20150306 22:05,43,21,36,17,50,30,36,85,67,13,10253,35,47,57,66,72
20150306 22:06,48,17,39,17,47,20,36,85,67,13,10253,36,47,57,66,72
20150306 22:07,44,16,39,17,41,26,36,85,67,13,10254,35,47,57,66,72
20150306 22:08,33,20,37,18,25,33,36,85,67,13,10254,36,47,56,66,72
20150306 22:09,26,23,39,19,27,29,36,85,67,13,10254,36,47,57,66,72
20150306 22:10,35,21,39,19,43,27,36,85,67,13,10254,35,47,56,66,72
20150306 22:11,43,19,40,20,42,24,36,85,67,13,10253,35,47,56,66,72
20150306 22:12,45,21,40,20,47,30,36,85,67,13,10253,35,47,56,66,72
20150306 22:13,44,25,40,21,40,37,36,85,67,13,10253,35,47,56,66,72
20150306 22:14,42,27,41,21,44,33,36,85,67,13,10252,35,47,56,66,72
20150306 22:15,47,25,41,22,50,35,36,85,67,13,10251,35,47,56,66,72
20150306 22:16,50,21,41,22,49,30,36,85,67,13,10250,35,47,56,66,72
20150306 22:17,47,17,41,22,45,20,36,85,67,13,10250,35,47,56,66,71
20150306 22:18,42,17,43,22,40,25,36,85,67,13,10252,35,47,56,66,72
20150306 22:19,45,19,45,21,49,23,36,85,67,13,10253,35,47,56,66,72
20150306 22:20,39,18,43,21,28,26,36,85,67,13,10254,35,47,56,66,72
20150306 22:21,28,18,42,21,29,29,36,85,67,13,10255,35,47,56,66,71
20150306 22:22,18,17,38,20,7,17,36,85,67,13,10257,35,47,56,66,71
20150306 22:23,9,12,35,18,10,15,37,85,68,14,10259,35,47,56,66,72
20150306 22:24,13,10,32,17,15,14,37,85,68,14,10260,35,47,56,66,71
20150306 22:25,14,13,28,16,13,23,37,85,68,14,10259,35,47,56,66,71
20150306 22:26,21,15,26,16,29,23,37,85,68,14,10258,35,47,56,66,71
20150306 22:27,35,19,26,16,41,32,37,85,68,14,10257,35,47,56,66,71
20150306 22:28,39,19,26,16,37,25,36,85,67,13,10257,35,47,56,66,71
20150306 22:29,45,14,26,15,53,21,37,85,68,14,10256,35,47,56,66,71
20150306 22:30,52,13,28,15,51,21,37,85,68,14,10256,35,47,56,66,71
20150306 22:31,50,13,31,14,50,23,37,85,68,14,10255,35,47,56,66,71
20150306 22:32,45,12,34,14,40,15,37,85,68,14,10256,35,47,56,66,71
20150306 22:33,38,12,36,14,35,19,37,85,68,14,10256,35,47,56,66,71
20150306 22:34,36,12,39,14,37,16,37,85,68,14,10256,35,46,56,65,71
20150306 22:35,44,13,42,14,51,22,37,85,68,14,10255,35,46,56,65,71
20150306 22:36,42,15,43,14,33,26,37,85,68,14,10254,35,46,56,66,71
20150306 22:37,32,16,42,14,30,22,37,85,68,14,10254,35,46,56,65,71
20150306 22:38,43,13,44,13,55,17,37,85,68,14,10253,35,46,56,65,71
20150306 22:39,44,13,41,13,32,24,37,85,68,14,10254,36,46,56,65,71
20150306 22:40,34,13,40,13,35,17,37,85,68,14,10254,36,46,56,65,71
20150306 22:41,30,11,37,13,26,16,37,85,68,14,10255,36,46,56,65,71
20150306 22:42,24,11,36,13,22,14,37,86,68,16,10255,36,46,56,65,71
20150306 22:43,32,11,36,13,41,17,37,86,68,16,10254,36,46,56,65,71
20150306 22:44,33,11,35,13,24,14,37,86,68,16,10254,36,46,56,65,71
20150306 22:45,33,8,34,12,42,12,37,86,68,16,10254,36,46,56,65,71
20150306 22:46,38,8,34,11,34,14,37,86,68,16,10254,36,46,56,65,71
20150306 22:47,21,9,32,11,9,14,37,86,68,16,10255,36,46,56,65,71
20150306 22:48,16,10,29,10,23,13,37,86,68,16,10256,36,46,56,65,71
20150306 22:49,25,8,28,10,27,14,37,86,68,16,10256,36,46,56,65,71
20150306 22:50,24,8,27,9,21,11,37,86,68,16,10255,36,46,56,65,71
20150306 22:51,23,10,27,9,26,15,37,86,68,16,10253,36,46,56,65,71
20150306 22:52,34,13,29,10,42,16,37,86,68,16,10253,36,46,56,65,71
20150306 22:53,37,14,28,10,32,19,37,86,68,16,10251,36,46,56,65,71
20150306 22:54,35,15,29,11,38,17,37,86,68,16,10251,36,46,56,65,71
20150306 22:55,40,16,29,12,42,27,37,86,68,16,10251,36,46,56,65,71
20150306 22:56,33,20,28,13,24,29,37,86,68,16,10252,36,46,55,65,71
20150306 22:57,27,22,30,14,30,35,37,86,68,16,10252,36,46,55,65,71
20150306 22:58,28,22,31,16,26,34,37,86,68,16,10251,36,46,55,65,71
20150306 22:59,28,20,31,17,31,24,37,86,68,16,10251,36,46,55,65,71
20150306 23:00,34,20,33,18,37,27,37,86,68,16,10250,36,46,55,65,71
20150306 23:01,33,20,33,19,30,27,37,86,68,16,10250,36,46,55,65,71
20150306 23:02,31,25,32,20,33,37,37,86,68,16,10250,36,46,55,65,71
20150306 23:03,30,28,32,21,26,34,37,85,68,14,10250,36,46,55,65,71
20150306 23:04,28,22,31,22,30,21,37,85,68,14,10250,36,46,55,65,71
20150306 23:05,32,15,30,21,33,21,37,85,68,14,10250,36,46,55,65,71
20150306 23:06,32,14,31,21,31,21,37,85,68,14,10250,36,46,55,65,71
20150306 23:07,32,16,31,20,33,21,37,86,68,16,10251,36,46,55,65,71
20150306 23:08,30,17,31,19,26,23,37,86,68,16,10251,36,46,55,65,71
20150306 23:09,24,16,30,19,22,24,37,86,68,16,10252,36,46,55,65,71
20150306 23:10,15,14,27,18,9,19,37,86,68,16,10253,36,46,55,65,71
20150306 23:11,14,14,26,18,20,21,37,86,68,16,10253,36,46,55,65,71
20150306 23:12,9,15,23,16,359,21,37,86,68,16,10253,36,46,55,65,71
20150306 23:13,8,19,22,16,16,31,37,86,68,16,10252,36,46,55,65,71
20150306 23:14,22,22,22,16,27,26,37,86,68,16,10251,35,46,55,65,71
20150306 23:15,27,24,21,18,26,34,37,86,68,16,10251,35,46,55,65,71
20150306 23:16,30,21,21,18,34,22,37,85,68,14,10250,35,46,55,65,71
20150306 23:17,33,13,21,17,33,15,37,85,68,14,10250,35,46,55,65,71
20150306 23:18,32,18,22,18,31,35,37,86,68,16,10251,35,46,55,65,71
20150306 23:19,25,26,21,19,19,34,37,86,68,16,10250,35,46,55,65,71
20150306 23:20,22,27,23,21,26,35,37,86,68,16,10250,35,46,55,65,71
20150306 23:21,22,26,23,22,18,34,37,85,68,14,10249,35,46,55,65,71
20150306 23:22,20,26,25,23,21,31,37,86,68,16,10249,35,46,55,65,71
20150306 23:23,27,23,27,23,33,32,37,86,68,16,10248,35,46,55,65,71
20150306 23:24,35,21,28,23,37,28,36,86,68,15,10246,35,46,55,65,71
20150306 23:25,41,20,30,22,44,34,36,86,68,15,10244,35,46,55,65,71
20150306 23:26,41,20,30,23,38,40,36,86,68,15,10243,35,46,55,65,71
20150306 23:27,38,24,30,24,37,35,36,86,68,15,10242,35,46,55,65,71
20150306 23:28,43,19,32,23,48,21,36,86,68,15,10243,35,46,55,65,71
20150306 23:29,44,17,34,22,41,35,36,86,68,15,10244,35,46,55,65,71
20150306 23:30,35,14,35,20,30,20,36,86,68,15,10245,35,46,55,65,71
20150306 23:31,23,14,35,20,17,24,36,86,68,15,10246,35,46,55,65,71
20150306 23:32,17,20,34,19,18,28,36,86,68,15,10246,35,46,55,64,71
20150306 23:33,16,22,32,19,14,25,36,86,68,15,10246,35,46,55,65,71
20150306 23:34,17,22,31,19,19,30,36,86,68,15,10246,35,46,55,64,71
20150306 23:35,25,23,29,20,30,27,37,86,68,16,10246,35,46,55,64,71
20150306 23:36,26,22,28,20,22,30,36,86,68,15,10247,35,46,55,64,71
20150306 23:37,13,18,24,19,4,16,37,86,68,16,10248,35,46,55,64,71
20150306 23:38,1,14,19,18,359,22,37,86,68,16,10249,35,46,55,64,71
20150306 23:39,4,13,16,18,9,20,37,86,68,16,10249,35,46,55,64,70
20150306 23:40,16,16,15,19,22,32,37,86,68,16,10248,35,46,55,64,70
20150306 23:41,22,19,16,19,22,28,37,86,68,16,10248,35,46,55,64,70
20150306 23:42,19,21,16,19,17,29,37,86,68,16,10248,35,46,55,64,70
20150306 23:43,19,22,17,19,21,25,37,86,68,16,10249,35,46,55,64,70
20150306 23:44,22,20,17,19,23,26,37,86,68,16,10250,35,46,55,64,70
20150306 23:45,13,20,14,19,3,31,37,86,68,16,10251,35,46,55,64,71
20150306 23:46,1,23,12,19,359,33,37,86,68,16,10251,35,46,55,64,70
20150306 23:47,4,23,13,20,10,29,37,86,68,16,10251,35,46,55,64,70
20150306 23:48,11,18,14,20,12,20,37,86,68,16,10251,35,46,55,64,70
20150306 23:49,18,15,15,20,24,22,37,86,68,16,10250,35,46,55,64,70
20150306 23:50,26,15,16,19,28,21,37,86,68,16,10249,35,46,55,64,70
20150306 23:51,27,19,16,20,26,27,37,86,68,16,10248,35,46,55,64,70
20150306 23:52,26,23,17,20,26,27,37,86,68,16,10247,35,46,55,64,70
20150306 23:53,25,23,17,20,23,28,37,86,68,16,10248,35,46,55,64,70
20150306 23:54,23,19,17,19,23,22,37,86,68,16,10249,35,46,55,64,70
20150306 23:55,18,15,18,19,13,21,37,86,68,16,10249,35,46,55,64,70
20150306 23:56,16,16,20,18,19,20,37,86,68,16,10249,36,46,55,64,70
20150306 23:57,14,13,20,17,10,15,37,86,68,16,10248,36,46,55,64,70
20150306 23:58,8,13,20,17,6,19,37,86,68,16,10248,36,46,55,64,70
20150306 23:59,15,15,20,17,25,24,37,86,68,16,10248,36,46,55,64,70
20150306 00:00,25,21,20,18,26,37,37,86,68,16,10248,36,46,54,64,70
20150306 00:01,15,21,17,17,3,17,37,86,68,16,10247,36,46,54,64,70
20150306 00:02,12,17,17,17,20,25,37,86,68,16,10247,36,46,55,64,70
20150306 00:03,22,20,17,17,25,35,37,86,68,16,10246,36,45,54,64,70
20150306 00:04,17,24,16,18,9,34,37,86,68,16,10246,36,45,54,64,70
20150306 00:05,13,24,16,19,17,32,37,86,68,16,10245,36,45,54,64,70
20150306 00:06,17,25,16,20,16,33,37,86,68,16,10245,36,45,54,64,70
20150306 00:07,19,22,17,20,22,23,37,86,68,16,10244,36,45,54,64,70
20150306 00:08,22,17,19,21,23,23,37,86,68,16,10244,36,46,54,64,70
20150306 00:09,27,17,19,21,31,22,37,86,68,16,10245,36,46,54,64,70
20150306 00:10,25,16,18,20,18,22,37,86,68,16,10245,36,46,54,64,70
20150306 00:11,22,16,21,20,25,22,37,86,68,16,10245,36,46,54,64,70
20150306 00:12,20,18,20,20,14,22,37,86,68,16,10245,36,45,54,64,70
20150306 00:13,9,17,18,19,3,21,37,86,68,16,10245,36,45,54,64,70
20150306 00:14,12,17,19,19,20,29,37,86,68,16,10246,36,45,54,64,70
20150306 00:15,13,19,18,18,6,26,37,86,68,16,10246,36,45,54,64,70
20150306 00:16,7,21,17,18,8,28,37,86,68,16,10247,36,45,54,64,70
20150306 00:17,17,22,17,18,26,30,38,86,69,17,10247,36,45,54,64,70
20150306 00:18,18,18,16,18,10,21,38,85,68,15,10246,36,45,54,64,70
20150306 00:19,18,10,16,17,25,11,38,85,68,15,10247,36,45,54,64,70
20150306 00:20,14,8,14,17,3,18,38,86,69,17,10248,36,45,54,64,70
20150306 00:21,359,11,11,16,354,21,38,86,69,17,10249,36,45,54,64,70
20150306 00:22,356,17,9,16,358,26,38,86,69,17,10251,36,45,54,64,70
20150306 00:23,350,21,7,17,342,24,38,86,69,17,10251,36,45,54,64,70
20150306 00:24,349,25,5,18,356,40,38,85,68,15,10251,36,45,54,64,70
20150306 00:25,1,28,5,18,6,34,38,85,68,15,10251,36,45,54,64,70
20150306 00:26,7,22,5,18,9,28,38,85,68,15,10250,36,45,54,64,70
20150306 00:27,2,20,2,18,355,30,38,85,68,15,10250,36,45,54,64,70
20150306 00:28,7,18,3,18,19,21,38,85,68,15,10250,36,45,54,64,70
20150306 00:29,18,12,2,18,18,15,38,85,68,15,10249,36,45,54,64,70
20150306 00:30,9,10,2,18,0,14,38,85,68,15,10249,36,46,54,64,70
20150306 00:31,1,10,3,18,2,15,38,86,69,17,10249,37,45,54,64,70
20150306 00:32,359,17,2,18,356,32,38,86,69,17,10249,37,45,54,64,70
20150306 00:33,358,20,4,18,0,30,38,85,68,15,10249,37,45,54,64,70
20150306 00:34,3,13,5,16,7,12,38,85,68,15,10249,37,45,54,64,70
20150306 00:35,4,12,5,15,1,26,38,86,69,17,10249,37,45,54,64,70
20150306 00:36,4,19,5,16,8,28,38,86,69,17,10249,37,45,54,64,70
20150306 00:37,1,19,5,15,355,20,38,85,68,15,10250,36,45,54,64,70
20150306 00:38,359,15,3,15,4,16,38,85,68,15,10251,37,46,54,64,70
20150306 00:39,351,15,359,16,338,23,39,85,69,16,10251,37,45,54,64,70
20150306 00:40,347,16,359,16,356,19,39,85,69,16,10251,37,45,54,64,70
20150306 00:41,1,13,359,16,6,16,39,85,69,16,10250,37,45,54,64,70
20150306 00:42,7,16,0,16,8,27,39,85,69,16,10249,37,45,54,64,70
20150306 00:43,5,16,1,15,2,16,39,85,69,16,10249,37,45,54,63,70
20150306 00:44,357,13,359,16,352,21,39,85,69,16,10249,37,45,54,64,70
20150306 00:45,357,13,359,15,2,16,39,85,69,16,10248,37,45,54,63,70
20150306 00:46,7,12,0,14,12,16,39,85,69,16,10247,37,45,54,63,70
20150306 00:47,24,13,4,14,37,23,39,85,69,16,10246,37,45,54,63,70
20150306 00:48,32,16,6,15,27,26,39,85,69,16,10245,37,45,54,63,70
20150306 00:49,26,16,11,14,25,22,39,85,69,16,10245,37,45,54,63,70
20150306 00:50,21,15,13,14,18,22,39,85,69,16,10244,37,45,54,63,70
20150306 00:51,7,18,12,15,355,29,39,85,69,16,10244,37,45,54,63,70
20150306 00:52,3,18,12,15,10,24,39,85,69,16,10244,37,45,54,63,70
20150306 00:53,10,16,13,15,9,22,39,85,69,16,10244,37,45,54,63,70
20150306 00:54,7,17,14,16,4,25,39,85,69,16,10243,37,45,54,63,70
20150306 00:55,18,16,17,16,33,21,39,85,69,16,10243,37,46,54,63,70
20150306 00:56,18,11,16,15,2,22,39,85,69,16,10244,37,45,54,63,70
20150306 00:57,357,13,12,16,353,22,39,85,69,16,10246,37,45,54,63,70
20150306 00:58,346,17,7,16,339,27,39,85,69,16,10248,37,45,54,63,70
20150306 00:59,344,23,3,17,349,34,39,85,69,16,10249,37,45,54,63,70
20150306 01:00,349,25,0,18,349,31,39,85,69,16,10249,37,46,54,63,70
20150306 01:01,349,21,0,18,350,24,39,85,69,16,10249,37,46,54,63,70
20150306 01:02,357,20,359,18,5,33,39,85,69,16,10248,37,45,54,63,70
20150306 01:03,10,25,0,19,15,36,39,85,69,16,10247,37,45,54,63,70
20150306 01:04,12,21,0,19,9,22,39,85,69,16,10247,37,45,54,63,70
20150306 01:05,5,14,357,19,1,20,39,85,69,16,10247,37,45,54,63,70
20150306 01:06,5,13,358,19,10,15,39,85,69,16,10248,37,46,54,63,70
20150306 01:07,2,13,358,19,354,21,39,85,69,16,10248,37,45,54,63,70
20150306 01:08,351,18,359,20,348,30,39,86,69,18,10248,37,46,54,63,70
20150306 01:09,359,21,1,19,9,32,39,85,69,16,10248,37,45,54,63,70
20150306 01:10,5,18,2,18,1,24,39,85,69,16,10249,37,45,54,63,69
20150306 01:11,9,14,5,17,17,19,39,85,69,16,10249,37,45,54,63,69
20150306 01:12,15,13,6,17,13,17,39,85,69,16,10248,37,45,54,63,69
20150306 01:13,24,15,8,15,34,25,39,85,69,16,10248,37,45,54,63,69
20150306 01:14,24,13,8,15,15,17,39,85,69,16,10248,37,45,54,63,69
20150306 01:15,8,10,8,15,1,11,39,85,69,16,10248,37,45,54,63,69
20150306 01:16,8,13,9,15,15,25,39,85,69,16,10248,37,45,54,63,69
20150306 01:17,13,16,10,15,11,20,40,85,69,17,10248,37,45,54,63,69
20150306 01:18,16,18,14,15,21,28,40,85,69,17,10248,37,45,54,63,69
20150306 01:19,12,21,13,15,4,35,40,85,69,17,10248,37,45,54,63,69
20150306 01:20,9,24,15,16,15,31,40,85,69,17,10247,37,45,54,63,69
20150306 01:21,14,21,14,17,14,28,40,85,69,17,10247,37,45,54,63,69
20150306 01:22,10,15,14,17,6,18,40,85,69,17,10246,37,45,54,63,69
20150306 01:23,8,14,11,17,11,24,40,85,69,17,10246,37,45,54,63,69
20150306 01:24,18,15,12,17,25,19,40,85,69,17,10246,37,45,54,63,69
20150306 01:25,21,17,14,18,18,29,40,85,69,17,10245,37,45,54,63,69
20150306 01:26,12,20,13,19,7,27,40,85,69,17,10245,37,46,54,63,69
20150306 01:27,14,21,14,19,21,27,40,85,69,17,10245,37,45,54,63,69
20150306 01:28,19,18,14,18,17,24,40,85,69,17,10245,37,46,54,63,69
20150306 01:29,9,14,14,17,2,21,40,85,69,17,10245,37,46,54,63,69
20150306 01:30,5,16,13,17,8,23,40,85,69,17,10246,37,46,54,63,69
20150306 01:31,3,19,11,17,358,23,40,85,69,17,10246,37,46,54,63,69
20150306 01:32,2,15,11,17,6,21,40,85,69,17,10246,37,46,54,63,69
20150306 01:33,359,12,9,17,352,21,40,85,69,17,10246,37,46,54,63,69
20150306 01:34,0,15,8,17,10,22,40,85,69,17,10246,37,46,54,63,69
20150306 01:35,13,14,8,16,17,17,40,85,69,17,10247,37,46,54,63,69
20150306 01:36,5,15,6,16,353,24,40,85,69,17,10248,37,45,54,63,69
20150306 01:37,355,18,4,15,358,23,40,85,69,17,10249,37,46,54,63,69
20150306 01:38,1,18,3,16,3,30,40,85,69,17,10250,37,45,54,63,69
20150306 01:39,358,17,2,16,353,20,41,85,70,18,10251,37,46,54,63,69
20150306 01:40,351,17,0,16,349,27,41,85,70,18,10250,37,46,54,63,69
20150306 01:41,354,20,0,16,358,33,41,85,70,18,10250,37,46,53,63,69
20150306 01:42,3,22,0,17,7,35,41,85,70,18,10249,37,46,54,63,69
20150306 01:43,6,24,1,18,5,30,41,84,69,16,10249,38,46,54,63,69
20150306 01:44,12,24,2,19,18,32,41,84,69,16,10249,38,46,53,63,69
20150306 01:45,9,25,0,21,0,31,41,84,69,16,10250,37,46,53,63,69
20150306 01:46,0,19,1,20,0,19,41,84,69,16,10250,38,46,53,63,69
20150306 01:47,5,14,2,20,9,22,41,84,69,16,10251,38,46,53,63,69
20150306 01:48,2,15,1,19,355,19,41,84,69,16,10251,38,46,53,63,69
20150306 01:49,351,12,1,19,346,13,41,84,69,16,10252,38,46,53,63,69
20150306 01:50,343,9,0,18,339,14,41,84,69,16,10252,38,46,53,63,69
20150306 01:51,346,10,359,17,352,16,41,84,69,16,10252,38,46,53,63,69
20150306 01:52,353,12,358,16,354,16,41,84,69,16,10252,38,45,53,63,69
20150306 01:53,355,14,357,15,355,23,41,84,69,16,10252,38,46,53,63,69
20150306 01:54,358,17,355,14,1,22,41,84,69,16,10251,38,46,53,63,69
20150306 01:55,7,17,356,14,13,22,42,83,68,16,10251,38,46,53,63,69
20150306 01:56,8,17,357,14,3,19,42,83,68,16,10251,38,46,53,63,69
20150306 01:57,2,13,356,14,2,16,42,83,68,16,10251,38,46,53,63,69
20150306 01:58,3,14,357,14,5,28,42,83,68,16,10250,38,46,53,63,69
20150306 01:59,6,18,359,15,7,29,42,83,68,16,10250,38,46,53,63,69
20150306 02:00,3,16,1,15,359,22,42,83,68,16,10250,38,46,53,63,69
20150306 02:01,355,16,1,16,351,23,42,83,68,16,10250,38,46,53,63,69
20150306 02:02,352,17,1,16,353,27,42,83,68,16,10252,38,46,53,63,69
20150306 02:03,347,20,0,17,342,34,42,83,68,16,10253,38,45,53,63,69
20150306 02:04,344,21,358,17,347,24,42,83,68,16,10253,38,46,53,63,69
20150306 02:05,349,17,356,17,351,19,42,83,68,16,10254,38,46,53,63,69
20150306 02:06,352,16,355,17,353,26,42,83,68,16,10254,38,46,53,63,69
20150306 02:07,354,16,354,17,354,23,42,83,68,16,10254,38,46,53,63,69
20150306 02:08,348,16,352,17,341,23,42,83,68,16,10253,38,46,53,63,69
20150306 02:09,354,17,352,17,5,25,42,83,68,16,10253,38,46,53,62,69
20150306 02:10,358,19,351,18,350,27,42,83,68,16,10254,38,46,53,62,69
20150306 02:11,344,16,349,17,336,16,43,82,68,15,10254,38,46,53,62,69
20150306 02:12,343,15,349,17,350,23,43,83,69,17,10254,38,46,53,62,69
20150306 02:13,350,17,350,17,351,23,43,83,69,17,10253,38,46,53,62,69
20150306 02:14,356,15,351,16,2,18,43,83,69,17,10252,38,46,53,62,69
20150306 02:15,352,11,350,15,343,20,43,83,69,17,10252,38,46,53,62,69
20150306 02:16,354,13,352,16,6,23,43,83,69,17,10251,38,46,53,62,69
20150306 02:17,8,13,353,15,10,14,43,82,68,15,10250,38,46,53,62,69
20150306 02:18,0,10,354,15,350,18,43,82,68,15,10250,38,46,53,62,69
20150306 02:19,4,15,355,14,17,20,43,82,68,15,10249,38,46,53,62,69
20150306 02:20,12,19,357,15,6,28,43,82,68,15,10249,38,46,53,62,69
20150306 02:21,9,21,1,15,12,27,43,82,68,15,10248,38,46,53,62,69
20150306 02:22,20,16,4,15,28,20,43,82,68,15,10247,38,46,53,62,69
20150306 02:23,33,16,9,15,37,27,43,82,68,15,10246,38,46,53,62,69
20150306 02:24,35,22,12,16,34,29,43,82,68,15,10245,38,46,53,62,69
20150306 02:25,33,22,17,17,31,26,43,82,68,15,10244,38,46,53,62,69
20150306 02:26,20,23,17,18,9,35,43,82,68,15,10244,38,46,53,62,69
20150306 02:27,7,22,17,19,6,24,43,82,68,15,10244,38,46,53,62,69
20150306 02:28,4,24,18,21,2,43,43,82,68,15,10244,38,46,53,62,69
20150306 02:29,11,23,19,21,21,26,43,82,68,15,10244,38,46,53,62,69
20150306 02:30,9,15,18,20,356,19,43,82,68,15,10245,38,46,53,62,69
20150306 02:31,359,15,17,20,2,25,43,82,68,15,10247,38,46,53,62,69
20150306 02:32,0,15,13,20,357,19,43,82,68,15,10248,38,46,53,62,69
20150306 02:33,2,18,10,20,7,31,43,82,68,15,10249,38,46,53,62,69
20150306 02:34,351,20,5,19,334,28,44,82,69,16,10249,38,46,53,62,69
20150306 02:35,340,18,0,19,345,29,44,82,69,16,10249,38,46,53,62,69
20150306 02:36,354,22,359,19,2,31,44,82,69,16,10249,38,46,53,62,69
20150306 02:37,359,25,358,20,355,34,44,82,69,16,10249,38,46,53,62,69
20150306 02:38,354,20,357,18,352,20,44,82,69,16,10248,38,46,53,62,69
20150306 02:39,356,15,355,18,0,19,44,82,69,16,10249,38,46,53,62,69
20150306 02:40,354,15,354,18,349,21,44,82,69,16,10249,38,46,53,62,69
20150306 02:41,2,18,356,19,15,32,44,82,69,16,10249,38,46,53,62,69
20150306 02:42,12,23,357,20,9,32,44,82,69,16,10248,38,46,53,62,69
20150306 02:43,2,32,356,22,354,45,44,82,69,16,10248,38,46,53,62,69
20150306 02:44,358,31,358,22,1,38,44,81,68,14,10247,38,46,53,62,69
20150306 02:45,0,21,0,22,359,27,44,82,69,16,10247,38,46,53,62,69
20150306 02:46,359,20,359,22,0,28,44,82,69,16,10246,38,46,53,62,69
20150306 02:47,7,21,1,21,14,28,44,82,69,16,10246,38,46,53,62,69
20150306 02:48,9,24,2,23,3,34,44,82,69,16,10247,38,46,53,62,69
20150306 02:49,1,25,2,23,358,33,44,82,69,16,10246,38,46,53,62,69
20150306 02:50,6,18,5,23,13,21,44,82,69,16,10245,38,46,53,62,69
20150306 02:51,18,16,5,23,23,31,44,82,69,16,10245,38,46,53,62,69
20150306 02:52,18,18,6,22,13,25,44,82,69,16,10245,38,46,53,62,69
20150306 02:53,19,19,9,21,24,26,44,82,69,16,10245,38,46,53,62,69
20150306 02:54,21,20,11,20,19,29,44,82,69,16,10245,38,46,53,62,68
20150306 02:55,21,21,13,20,23,32,44,82,69,16,10245,38,46,53,62,69
20150306 02:56,14,20,14,20,5,27,44,82,69,16,10245,38,46,53,62,68
20150306 02:57,5,20,13,20,4,37,44,82,69,16,10244,37,46,53,62,68
20150306 02:58,6,23,13,20,8,25,44,82,69,16,10244,37,46,53,62,68
20150306 02:59,8,24,14,20,9,36,44,82,69,16,10244,37,46,53,62,68
20150306 03:00,14,26,15,21,19,36,44,82,69,16,10243,37,46,53,62,68
20150306 03:01,20,25,15,22,22,33,44,82,69,16,10242,37,46,53,62,68
20150306 03:02,25,23,16,22,28,33,44,82,69,16,10241,37,46,53,62,68
20150306 03:03,24,21,16,22,19,31,44,82,69,16,10241,37,46,53,62,68
20150306 03:04,18,20,16,23,18,32,44,82,69,16,10241,37,46,53,62,68
20150306 03:05,19,24,15,23,21,38,44,82,69,16,10241,37,46,53,62,68
20150306 03:06,24,29,17,24,26,39,44,82,69,16,10242,37,45,53,62,68
20150306 03:07,16,26,18,24,6,26,43,82,68,15,10241,36,45,53,62,68
20150306 03:08,10,22,18,24,15,31,43,82,68,15,10241,36,45,53,62,68
20150306 03:09,21,22,20,24,26,28,43,82,68,15,10241,36,46,53,62,68
20150306 03:10,22,21,20,23,17,30,43,83,69,17,10240,36,45,53,62,68
20150306 03:11,20,22,20,23,22,32,43,83,69,17,10240,36,45,53,62,68
20150306 03:12,17,27,18,24,11,38,43,83,69,17,10240,36,45,53,62,68
20150306 03:13,19,27,19,24,27,32,43,83,69,17,10240,36,45,53,62,68
20150306 03:14,29,24,20,24,30,31,43,83,69,17,10240,36,45,53,62,68
20150306 03:15,27,23,20,24,23,26,43,83,69,17,10240,36,45,53,62,68
20150306 03:16,23,18,20,22,22,21,43,83,69,17,10240,36,45,53,62,68
20150306 03:17,23,17,22,22,23,31,43,83,69,17,10240,36,45,53,62,68
20150306 03:18,24,21,23,22,25,27,43,83,69,17,10240,36,45,53,62,68
20150306 03:19,19,19,21,22,14,26,43,83,69,17,10241,36,45,53,62,68
20150306 03:20,12,21,21,22,9,31,43,84,70,18,10241,36,45,53,62,68
20150306 03:21,11,21,20,21,13,24,43,83,69,17,10242,36,45,53,62,68
20150306 03:22,19,15,21,20,25,21,43,83,69,17,10242,36,45,53,62,68
20150306 03:23,16,13,19,19,6,19,43,83,69,17,10242,36,45,53,62,68
20150306 03:24,18,15,19,18,30,24,43,83,69,17,10242,36,45,53,62,68
20150306 03:25,32,19,20,18,34,29,43,83,69,17,10241,36,45,53,62,68
20150306 03:26,33,19,21,18,31,22,43,83,69,17,10241,36,45,53,62,68
20150306 03:27,28,17,21,18,25,22,42,83,68,16,10240,36,45,53,62,68
20150306 03:28,22,16,21,17,20,22,42,83,68,16,10239,36,45,53,62,68
20150306 03:29,29,17,23,17,39,27,42,83,68,16,10238,36,45,53,62,68
20150306 03:30,32,19,25,17,26,24,42,84,69,17,10238,36,45,53,62,68
20150306 03:31,21,18,25,17,16,22,42,83,68,16,10237,36,45,53,62,68
20150306 03:32,14,19,24,18,12,30,42,83,68,16,10238,36,45,53,62,68
20150306 03:33,17,17,26,18,22,16,42,83,68,16,10238,36,45,53,62,68
20150306 03:34,19,13,24,17,16,20,42,83,68,16,10238,36,45,53,62,68
20150306 03:35,19,17,23,17,23,26,42,83,68,16,10238,36,45,53,62,68
20150306 03:36,20,20,22,18,17,24,42,83,68,16,10238,36,45,53,62,68
20150306 03:37,15,21,20,18,13,27,42,83,68,16,10238,36,45,53,62,68
20150306 03:38,15,19,20,18,16,22,42,83,68,16,10237,36,45,53,62,68
20150306 03:39,21,22,19,19,25,46,42,83,68,16,10237,36,45,53,62,68
20150306 03:40,22,27,18,20,19,43,43,83,69,17,10237,36,45,53,62,68
20150306 03:41,22,23,19,20,26,30,43,83,69,17,10237,36,45,53,62,68
20150306 03:42,21,20,19,20,17,31,43,83,69,17,10238,36,45,53,62,68
20150306 03:43,15,15,18,20,12,16,43,83,69,17,10238,36,45,53,62,68
20150306 03:44,21,15,20,20,30,25,43,83,69,17,10238,36,45,53,62,68
20150306 03:45,24,15,19,19,17,15,43,83,69,17,10238,36,45,53,62,68
20150306 03:46,15,12,19,19,13,19,43,83,69,17,10238,36,45,53,62,68
20150306 03:47,19,14,20,18,24,19,43,83,69,17,10238,36,45,53,62,68
20150306 03:48,21,13,20,17,18,15,43,83,69,17,10238,36,45,53,62,68
20150306 03:49,18,10,19,15,18,10,43,83,69,17,10238,36,45,53,62,68
20150306 03:50,19,9,19,14,20,18,43,83,69,17,10237,36,45,53,62,68
20150306 03:51,28,14,20,14,35,24,43,83,69,17,10236,36,45,53,62,68
20150306 03:52,36,17,22,13,36,22,43,83,69,17,10235,36,45,53,62,68
20150306 03:53,31,17,24,14,26,22,43,83,69,17,10235,36,45,53,62,68
20150306 03:54,28,16,24,14,30,21,42,83,68,16,10235,37,45,53,62,68
20150306 03:55,25,17,24,14,20,27,42,83,68,16,10235,37,45,53,62,68
20150306 03:56,18,20,24,15,16,26,42,83,68,16,10235,37,45,53,62,68
20150306 03:57,15,18,23,15,13,18,43,83,69,17,10236,37,45,53,62,68
20150306 03:58,22,13,24,15,31,19,43,83,69,17,10237,37,45,53,62,68
20150306 03:59,27,13,25,16,23,21,43,83,69,17,10238,37,45,53,62,68
20150306 04:00,28,18,26,17,33,28,43,83,69,17,10238,37,45,53,62,68
20150306 04:01,13,15,22,16,354,12,43,82,68,15,10239,37,45,53,62,68
20150306 04:02,345,9,17,15,336,16,43,82,68,15,10239,37,45,53,62,68
20150306 04:03,346,10,13,15,356,17,43,82,68,15,10240,37,45,53,62,68
20150306 04:04,6,12,12,15,17,18,43,82,68,15,10241,37,45,53,62,68
20150306 04:05,15,14,11,14,13,15,43,82,68,15,10241,37,45,53,62,68
20150306 04:06,7,13,10,13,1,14,43,82,68,15,10241,37,45,53,62,68
20150306 04:07,0,14,8,13,0,25,43,82,68,15,10241,37,45,53,62,68
20150306 04:08,0,16,5,14,1,24,43,82,68,15,10241,37,45,53,62,68
20150306 04:09,4,17,4,14,8,30,43,82,68,15,10240,37,45,53,62,68
20150306 04:10,21,19,4,14,33,30,43,82,68,15,10240,37,45,53,62,68
20150306 04:11,23,16,6,14,13,15,43,82,68,15,10241,37,45,53,62,68
20150306 04:12,18,10,10,14,23,15,43,82,68,15,10241,37,45,53,62,68
20150306 04:13,22,10,13,14,21,13,43,82,68,15,10242,37,45,53,62,68
20150306 04:14,20,9,13,14,20,12,43,82,68,15,10241,37,45,53,62,68
20150306 04:15,21,9,14,13,21,13,43,82,68,15,10241,37,45,53,62,68
20150306 04:16,12,9,14,13,3,14,43,82,68,15,10241,37,45,53,62,68
20150306 04:17,8,10,16,12,13,13,43,82,68,15,10241,37,45,53,62,68
20150306 04:18,15,9,17,11,16,13,43,82,68,15,10241,37,45,53,62,68
20150306 04:19,7,6,16,10,357,6,43,82,68,15,10241,37,45,53,62,68
20150306 04:20,10,5,15,9,22,10,43,83,69,17,10240,37,45,53,62,68
20150306 04:21,16,7,15,8,11,10,43,83,69,17,10240,37,45,53,62,68
20150306 04:22,12,8,14,8,14,12,43,83,69,17,10240,37,45,53,62,68
20150306 04:23,10,8,12,8,7,12,43,83,69,17,10240,37,45,53,62,68
20150306 04:24,5,7,11,8,4,6,43,83,69,17,10241,37,45,53,62,68
20150306 04:25,1,8,8,8,357,20,43,83,69,17,10241,37,45,53,61,68
20150306 04:26,1,12,9,8,5,18,43,83,69,17,10241,37,45,53,61,68
20150306 04:27,9,13,9,8,12,19,43,83,69,17,10241,37,45,53,61,68
20150306 04:28,20,12,10,9,27,14,43,83,69,17,10241,37,45,53,61,68
20150306 04:29,20,11,11,10,14,14,43,83,69,17,10241,37,45,53,61,68
20150306 04:30,9,11,10,10,5,13,43,83,69,17,10241,37,45,53,61,68
20150306 04:31,5,10,9,10,6,11,43,82,68,15,10241,37,45,53,61,68
20150306 04:32,1,10,7,10,357,17,43,82,68,15,10240,37,45,53,61,68
20150306 04:33,5,12,8,11,12,18,43,82,68,15,10240,37,45,53,61,68
20150306 04:34,17,13,10,12,21,14,43,82,68,15,10240,37,45,53,61,68
20150306 04:35,19,12,12,12,18,16,43,83,69,17,10240,37,45,53,61,68
20150306 04:36,9,14,11,12,1,20,43,83,69,17,10239,37,45,53,61,68
20150306 04:37,6,14,11,12,11,18,43,83,69,17,10239,37,45,52,61,68
20150306 04:38,12,14,10,12,13,17,43,83,69,17,10240,37,45,52,61,68
20150306 04:39,9,13,9,12,4,18,43,83,69,17,10240,37,45,53,61,68
20150306 04:40,359,13,8,13,353,22,43,83,69,17,10240,37,45,53,61,68
20150306 04:41,357,17,7,14,1,24,43,83,69,17,10240,37,45,53,61,68
20150306 04:42,358,20,7,15,355,26,44,83,69,18,10240,37,45,53,61,68
20150306 04:43,355,18,5,15,355,26,44,82,69,16,10240,37,45,52,61,68
20150306 04:44,0,16,4,15,5,27,44,82,69,16,10240,37,45,53,61,68
20150306 04:45,6,16,2,16,6,19,44,82,69,16,10240,37,45,53,61,68
20150306 04:46,11,13,4,15,17,18,44,83,69,18,10240,37,45,52,61,68
20150306 04:47,18,11,5,15,19,15,44,83,69,18,10240,37,45,52,61,68
20150306 04:48,13,9,4,14,7,9,44,83,69,18,10241,37,45,52,61,68
20150306 04:49,4,7,4,14,0,10,44,83,69,18,10241,37,45,53,61,68
20150306 04:50,5,9,6,13,11,19,44,82,69,16,10241,37,45,53,61,68
20150306 04:51,4,16,5,13,357,25,44,83,69,18,10241,37,45,52,61,68
20150306 04:52,344,18,3,13,330,19,44,82,69,16,10242,37,45,53,61,68
20150306 04:53,339,18,2,13,347,29,44,82,69,16,10242,37,45,52,61,68
20150306 04:54,359,22,3,14,12,28,44,82,69,16,10242,38,45,52,61,68
20150306 04:55,12,20,3,14,13,25,44,82,69,16,10242,37,45,53,61,68
20150306 04:56,7,17,2,15,1,20,44,82,69,16,10242,37,45,52,61,68
20150306 04:57,0,16,0,15,359,22,44,82,69,16,10242,37,45,52,61,68
20150306 04:58,6,16,0,16,13,20,44,82,69,16,10241,37,45,52,61,68
20150306 04:59,20,15,3,17,26,22,44,82,69,16,10242,37,45,52,61,68
20150306 05:00,17,14,3,17,8,18,44,82,69,16,10241,37,45,52,61,68
20150306 05:01,10,15,4,17,12,28,44,82,69,16,10241,37,45,52,61,68
20150306 05:02,13,17,9,17,14,24,44,82,69,16,10241,37,45,52,61,68
20150306 05:03,11,18,11,17,8,26,44,82,69,16,10241,37,45,52,61,68
20150306 05:04,5,15,10,16,2,16,44,82,69,16,10241,37,45,52,61,68
20150306 05:05,5,13,9,16,7,21,44,82,69,16,10241,37,45,52,61,68
20150306 05:06,8,15,10,16,9,20,44,82,69,16,10241,37,45,52,61,67
20150306 05:07,11,17,11,16,14,27,44,82,69,16,10241,37,45,52,61,68
20150306 05:08,15,18,12,16,16,26,44,82,69,16,10240,37,45,52,61,68
20150306 05:09,15,20,10,17,14,30,44,82,69,16,10240,37,45,52,61,67
20150306 05:10,15,21,11,17,16,23,44,82,69,16,10240,37,45,52,61,68
20150306 05:11,15,19,11,18,14,25,44,82,69,16,10240,37,45,52,61,68
20150306 05:12,19,17,12,17,23,20,44,82,69,16,10240,37,45,52,61,67
20150306 05:13,22,16,14,17,21,24,44,82,69,16,10240,37,45,52,61,67
20150306 05:14,9,13,13,17,356,15,44,82,69,16,10240,37,45,52,61,67
20150306 05:15,15,14,16,17,32,30,44,82,69,16,10240,37,45,52,61,67
20150306 05:16,21,17,16,17,11,21,44,82,69,16,10240,37,45,52,61,67
20150306 05:17,10,19,15,18,9,27,44,82,69,16,10240,37,45,52,61,67
20150306 05:18,8,21,14,18,6,26,44,82,69,16,10240,37,45,52,61,67
20150306 05:19,6,21,13,18,7,27,44,82,69,16,10240,37,45,52,61,67
20150306 05:20,19,24,15,18,32,34,44,82,69,16,10240,37,45,52,61,67
20150306 05:21,23,26,15,19,15,32,44,82,69,16,10240,37,45,52,61,67
20150306 05:22,16,24,15,20,17,27,44,82,69,16,10240,37,45,52,61,67
20150306 05:23,22,21,15,20,27,26,44,82,69,16,10239,37,45,52,61,67
20150306 05:24,27,21,18,21,27,27,44,82,69,16,10239,37,45,52,61,67
20150306 05:25,28,20,18,21,29,21,44,82,69,16,10239,37,45,52,61,67
20150306 05:26,28,17,20,21,28,21,44,82,69,16,10238,37,45,52,61,67
20150306 05:27,32,16,22,21,36,21,44,82,69,16,10238,37,45,52,61,67
20150306 05:28,34,12,25,19,33,12,44,82,69,16,10238,37,45,52,61,67
20150306 05:29,29,9,27,18,26,12,44,82,69,16,10238,37,45,52,61,67
20150306 05:30,28,10,27,17,29,16,44,82,69,16,10238,37,45,52,61,67
20150306 05:31,27,14,28,16,25,22,44,82,69,16,10238,37,45,52,61,67
20150306 05:32,17,15,27,15,9,17,44,82,69,16,10238,37,45,52,61,67
20150306 05:33,9,14,25,15,9,19,44,82,69,16,10239,37,45,52,61,67
20150306 05:34,13,15,24,14,17,19,44,82,69,16,10239,37,45,52,61,67
20150306 05:35,16,16,23,14,15,21,44,82,69,16,10239,37,45,52,61,67
20150306 05:36,18,16,22,14,21,24,44,82,69,16,10239,37,45,52,61,67
20150306 05:37,13,17,19,14,5,25,44,82,69,16,10239,37,45,52,61,67
20150306 05:38,14,18,18,15,23,21,44,82,69,16,10239,37,45,52,61,67
20150306 05:39,22,14,17,15,21,15,44,82,69,16,10239,37,45,52,61,67
20150306 05:40,21,15,17,16,21,23,44,82,69,16,10239,37,45,52,61,67
20150306 05:41,19,16,16,15,17,15,44,82,69,16,10240,37,45,52,61,67
20150306 05:42,18,10,17,15,18,13,44,82,69,16,10240,37,45,52,61,67
20150306 05:43,15,7,17,14,12,14,44,82,69,16,10240,37,45,52,61,67
20150306 05:44,20,5,18,13,29,11,44,82,69,16,10240,37,45,52,61,67
20150306 05:45,31,10,20,13,32,27,44,82,69,16,10240,37,45,52,61,67
20150306 05:46,28,16,20,13,23,21,44,82,69,16,10240,37,45,52,61,67
20150306 05:47,20,14,21,12,16,14,44,82,69,16,10240,37,45,52,61,67
20150306 05:48,14,7,20,11,11,6,44,82,69,16,10241,37,45,52,61,67
20150306 05:49,4,9,18,11,358,22,44,82,69,16,10241,37,45,52,61,67
20150306 05:50,8,16,18,11,19,19,44,82,69,16,10242,37,45,52,61,67
20150306 05:51,8,12,16,11,357,13,44,81,68,14,10242,37,45,52,61,67
20150306 05:52,355,8,13,10,353,10,44,81,68,14,10243,37,45,52,61,67
20150306 05:53,0,6,13,10,8,5,44,81,68,14,10243,37,45,52,61,67
20150306 05:54,351,5,7,10,334,12,44,81,68,14,10244,37,45,52,61,67
20150306 05:55,336,8,2,10,337,12,44,81,68,14,10245,37,45,52,61,67
20150306 05:56,344,12,358,10,351,19,44,82,69,16,10246,37,45,52,61,67
20150306 05:57,348,12,355,9,346,18,44,81,68,14,10246,37,45,52,61,67
20150306 05:58,337,7,351,10,329,8,45,81,68,15,10247,37,45,52,61,67
20150306 05:59,313,4,346,8,298,7,45,81,68,15,10247,37,45,52,61,67
20150306 06:00,310,5,340,7,322,7,45,81,68,15,10247,37,45,52,61,67
20150306 06:01,329,5,337,7,335,6,45,82,69,17,10247,37,45,52,61,67
20150306 06:02,336,8,336,8,338,17,44,82,69,16,10246,37,45,52,61,67
20150306 06:03,345,12,334,9,353,18,44,82,69,16,10246,37,45,52,61,67
20150306 06:04,351,14,336,9,350,15,45,82,69,17,10246,37,45,52,61,67
20150306 06:05,347,13,337,10,344,18,45,81,68,15,10246,37,45,52,61,67
20150306 06:06,351,12,338,9,358,15,45,81,68,15,10246,37,45,52,61,67
20150306 06:07,356,13,338,10,354,18,45,81,68,15,10246,37,45,52,61,67
20150306 06:08,357,14,341,11,359,20,45,82,69,17,10246,37,45,52,61,67
20150306 06:09,359,16,347,12,0,20,45,82,69,17,10246,37,45,52,61,67
20150306 06:10,5,15,352,13,11,16,45,82,69,17,10246,37,45,52,61,67
20150306 06:11,11,12,356,13,10,21,45,82,69,17,10245,37,45,52,61,67
20150306 06:12,9,15,359,14,8,22,44,82,69,16,10245,37,45,52,61,67
20150306 06:13,7,17,0,14,7,18,45,82,69,17,10245,37,45,52,61,67
20150306 06:14,10,17,3,15,14,30,45,82,69,17,10244,37,45,52,61,67
20150306 06:15,9,20,5,16,5,30,45,82,69,17,10243,37,45,52,61,67
20150306 06:16,14,20,7,16,24,22,45,82,69,17,10243,37,45,52,61,67
20150306 06:17,22,20,10,17,19,28,45,82,69,17,10242,37,45,52,61,67
20150306 06:18,21,20,12,18,23,27,45,82,69,17,10241,38,45,52,61,67
20150306 06:19,25,21,15,18,26,31,45,82,69,17,10241,38,45,52,61,67
20150306 06:20,28,26,17,20,30,33,45,82,69,17,10240,38,45,52,61,67
20150306 06:21,29,27,18,21,28,35,45,82,69,17,10240,38,45,52,61,67
20150306 06:22,24,26,20,22,21,37,45,81,68,15,10239,38,45,52,61,67
20150306 06:23,22,26,21,23,24,34,45,81,68,15,10239,38,45,52,61,67
20150306 06:24,22,26,22,24,21,33,45,81,68,15,10239,38,45,52,61,67
20150306 06:25,18,26,23,24,15,36,45,81,68,15,10239,38,45,52,61,67
20150306 06:26,13,24,22,24,11,36,45,81,68,15,10239,38,45,52,61,67
20150306 06:27,7,20,20,24,3,33,45,81,68,15,10239,38,45,52,61,67
20150306 06:28,9,19,19,24,15,32,45,81,68,15,10240,38,45,52,61,67
20150306 06:29,12,20,18,24,10,27,45,81,68,15,10240,38,45,52,61,67
20150306 06:30,13,17,17,23,17,20,45,81,68,15,10240,38,45,52,61,67
20150306 06:31,13,16,15,22,9,21,45,81,68,15,10241,38,45,52,61,67
20150306 06:32,12,17,14,21,14,29,45,82,69,17,10241,38,45,52,61,67
20150306 06:33,15,15,13,19,15,25,45,82,69,17,10241,38,45,52,61,67
20150306 06:34,12,12,12,18,9,15,45,81,68,15,10241,38,45,52,61,67
20150306 06:35,10,11,11,17,11,16,45,81,68,15,10242,38,45,52,61,67
20150306 06:36,17,8,13,15,24,9,45,81,68,15,10242,38,45,52,61,67
20150306 06:37,26,6,15,14,29,16,45,81,68,15,10242,39,45,52,61,67
20150306 06:38,18,10,15,13,8,27,45,81,68,15,10242,39,45,52,61,67
20150306 06:39,18,16,16,13,28,27,45,81,68,15,10242,39,45,52,61,67
20150306 06:40,30,15,18,13,32,19,45,81,68,15,10243,39,45,52,61,67
20150306 06:41,32,13,20,13,33,20,45,81,68,15,10244,39,45,52,61,67
20150306 06:42,27,12,21,12,21,12,45,81,68,15,10244,39,45,52,61,67
20150306 06:43,29,8,23,11,37,10,45,81,68,15,10245,40,45,52,61,67
20150306 06:44,27,10,24,11,18,16,45,81,68,15,10245,40,45,52,61,67
20150306 06:45,14,11,24,11,11,11,46,81,69,16,10245,40,45,52,61,67
20150306 06:46,19,8,24,11,26,12,46,80,68,15,10245,40,45,52,61,67
20150306 06:47,39,9,26,11,51,14,46,80,68,15,10245,40,45,52,61,67
20150306 06:48,51,8,31,11,51,8,46,80,68,15,10245,40,45,52,61,67
20150306 06:49,29,7,29,10,8,12,46,80,68,15,10245,41,45,52,61,67
20150306 06:50,2,11,25,10,356,19,46,81,69,16,10245,41,45,52,61,67
20150306 06:51,3,14,23,10,10,18,46,81,69,16,10245,41,45,52,61,67
20150306 06:52,15,12,23,10,20,13,46,80,68,15,10245,41,45,52,61,67
20150306 06:53,9,13,19,11,358,21,46,81,69,16,10246,42,45,52,61,67
20150306 06:54,4,14,18,11,10,22,46,81,69,16,10246,42,45,52,61,67
20150306 06:55,18,14,19,12,26,22,46,80,68,15,10246,42,45,52,61,67
20150306 06:56,23,18,19,13,20,29,46,80,68,15,10246,42,45,52,61,67
20150306 06:57,24,21,17,14,28,26,46,80,68,15,10246,43,45,52,61,67
20150306 06:58,26,22,14,16,23,27,47,80,68,15,10246,43,45,52,61,67
20150306 06:59,22,18,15,16,22,18,47,80,68,15,10246,43,45,52,61,67
20150306 07:00,16,13,17,16,10,15,47,80,68,15,10246,43,45,52,61,67
20150306 07:01,10,13,17,16,10,20,47,80,68,15,10246,44,45,52,60,67
20150306 07:02,19,16,17,17,27,23,47,80,68,15,10247,44,45,52,60,67
20150306 07:03,24,19,20,17,20,30,47,80,68,15,10247,44,45,52,61,67
20150306 07:04,20,22,21,18,20,27,47,80,68,15,10247,44,45,52,60,67
20150306 07:05,23,22,21,19,25,27,47,79,67,14,10246,44,45,52,60,67
20150306 07:06,23,21,21,19,21,27,47,79,67,14,10246,44,45,52,60,67
20150306 07:07,25,19,21,18,29,28,47,79,67,14,10245,45,45,52,60,67
20150306 07:08,24,18,20,18,20,29,47,80,68,15,10245,45,46,52,60,67
20150306 07:09,21,21,20,19,22,25,48,80,69,16,10245,45,46,52,61,67
20150306 07:10,18,22,21,20,14,28,48,80,69,16,10245,46,46,52,60,67
20150306 07:11,19,23,22,21,24,30,48,80,69,16,10245,46,46,52,60,67
20150306 07:12,25,24,22,21,27,29,48,80,69,16,10245,47,46,52,60,67
20150306 07:13,26,26,23,22,26,37,48,79,68,15,10245,47,46,52,60,67
20150306 07:14,27,28,24,23,28,30,48,79,68,15,10244,48,46,52,60,67
20150306 07:15,23,22,23,22,18,24,48,79,68,15,10244,48,46,52,60,67
20150306 07:16,17,18,22,22,16,26,48,79,68,15,10244,49,46,52,60,67
20150306 07:17,21,19,22,22,27,25,48,79,68,15,10244,50,46,52,60,67
20150306 07:18,25,17,23,22,24,20,48,79,68,15,10245,51,46,52,60,67
20150306 07:19,22,14,23,21,21,16,49,79,68,16,10245,52,46,52,60,67
20150306 07:20,24,11,24,20,27,15,49,80,69,17,10245,53,46,52,60,67
20150306 07:21,27,8,24,18,26,11,49,79,68,16,10246,54,46,52,60,67
20150306 07:22,21,10,23,17,16,18,49,79,68,16,10246,55,47,52,60,67
20150306 07:23,19,13,23,15,23,17,49,79,68,16,10246,56,47,52,60,67
20150306 07:24,32,11,24,13,41,16,50,79,69,17,10246,59,47,52,60,67
20150306 07:25,32,12,24,13,23,18,50,79,69,17,10246,61,47,52,60,67
20150306 07:26,27,14,26,13,32,18,50,79,69,17,10247,62,47,52,60,67
20150306 07:27,25,16,25,12,17,23,50,79,69,17,10247,61,47,52,60,67
20150306 07:28,26,23,26,14,34,37,51,79,69,18,10247,60,47,52,60,67
20150306 07:29,34,27,27,15,33,38,51,78,68,16,10246,59,47,52,60,67
20150306 07:30,29,20,27,16,25,19,51,77,68,14,10247,59,47,52,60,67
20150306 07:31,31,16,28,17,36,25,51,78,68,16,10247,59,48,52,60,67
20150306 07:32,29,18,28,17,21,25,51,78,68,16,10247,59,48,52,60,67
20150306 07:33,31,18,30,18,41,24,51,78,68,16,10247,59,48,52,60,67
20150306 07:34,28,18,28,19,14,28,51,78,68,16,10247,59,48,52,60,67
20150306 07:35,17,19,27,19,19,22,52,78,69,17,10247,59,48,52,60,67
20150306 07:36,20,16,26,19,21,22,52,78,69,17,10247,59,49,52,60,67
20150306 07:37,36,11,30,18,52,10,52,78,69,17,10247,59,49,52,60,67
20150306 07:38,36,10,28,16,20,20,52,78,69,17,10248,59,49,52,60,67
20150306 07:39,23,10,27,15,25,12,52,78,69,17,10248,59,49,52,60,67
20150306 07:40,23,11,27,15,21,25,52,78,69,17,10248,59,49,52,60,67
20150306 07:41,14,20,24,16,7,36,52,78,69,17,10249,60,49,52,60,67
20150306 07:42,12,25,24,16,17,33,52,78,69,17,10249,60,50,52,60,67
20150306 07:43,24,24,22,17,30,29,52,77,68,15,10249,59,50,52,60,67
20150306 07:44,34,18,25,16,37,19,52,77,68,15,10249,59,50,52,60,67
20150306 07:45,33,17,26,16,30,36,52,77,68,15,10249,60,50,52,60,67
20150306 07:46,30,24,27,18,31,36,53,77,69,16,10249,60,50,52,60,67
20150306 07:47,25,26,24,19,19,38,53,77,69,16,10249,60,50,52,60,67
20150306 07:48,23,27,24,21,27,37,53,77,69,16,10248,60,50,53,60,67
20150306 07:49,23,27,24,23,19,37,53,76,68,14,10248,60,51,53,60,67
20150306 07:50,22,27,24,24,25,35,53,76,68,14,10248,60,51,53,60,67
20150306 07:51,28,30,27,25,32,43,53,77,69,16,10248,60,51,53,60,67
20150306 07:52,34,34,29,26,37,44,53,77,69,16,10248,60,51,53,60,67
20150306 07:53,31,30,28,26,24,38,53,77,69,16,10248,60,51,53,60,67
20150306 07:54,30,27,28,28,35,41,53,77,69,16,10248,60,51,53,60,67
20150306 07:55,33,28,28,28,30,48,53,77,69,16,10248,61,51,53,60,66
20150306 07:56,28,28,27,29,25,37,53,77,69,16,10248,61,52,53,60,66
20150306 07:57,25,28,28,29,25,38,53,76,68,14,10248,61,52,53,60,66
20150306 07:58,33,27,29,29,42,42,53,76,68,14,10248,61,52,53,60,66
20150306 07:59,28,29,29,29,15,50,54,76,68,15,10248,61,52,53,60,66
20150306 08:00,22,33,30,30,30,52,54,76,68,15,10248,62,52,53,60,66
20150306 08:01,30,35,29,30,30,45,54,76,68,15,10248,61,52,53,60,66
20150306 08:02,25,30,28,29,20,31,54,76,68,15,10248,62,52,53,60,66
20150306 08:03,25,22,28,28,30,27,54,76,68,15,10248,62,52,53,60,66
20150306 08:04,31,22,28,28,32,33,54,76,68,15,10248,63,53,53,60,66
20150306 08:05,35,24,29,27,39,29,54,76,68,15,10248,63,53,53,60,66
20150306 08:06,39,19,30,26,40,22,54,76,68,15,10248,64,53,53,60,66
20150306 08:07,31,13,30,24,22,16,54,77,69,17,10248,64,53,53,60,66
20150306 08:08,24,13,28,23,26,24,55,77,70,18,10249,65,53,53,60,66
20150306 08:09,30,14,30,22,33,21,55,77,70,18,10249,66,53,54,60,66
20150306 08:10,34,16,31,20,35,28,55,77,70,18,10249,66,53,54,60,66
20150306 08:11,31,22,30,19,26,33,55,76,69,16,10249,66,53,54,60,66
20150306 08:12,27,27,31,19,27,36,55,76,69,16,10249,66,53,54,60,66
20150306 08:13,30,25,31,20,33,30,55,76,69,16,10250,66,54,54,60,66
20150306 08:14,31,21,31,19,30,26,55,75,68,14,10250,67,54,54,60,66
20150306 08:15,44,18,33,18,58,24,55,76,69,16,10251,67,54,54,60,66
20150306 08:16,51,17,33,19,44,26,56,77,70,19,10251,68,54,54,60,66
20150306 08:17,39,19,35,20,35,34,56,76,69,17,10252,68,54,54,60,66
20150306 08:18,39,16,36,19,44,17,56,76,69,17,10252,68,54,54,60,66
20150306 08:19,32,14,35,19,21,20,56,76,69,17,10253,69,54,54,60,66
20150306 08:20,21,18,34,20,22,33,56,76,69,17,10254,69,55,54,60,66
20150306 08:21,41,21,37,19,60,29,56,76,69,17,10254,69,55,54,60,66
20150306 08:22,47,21,38,18,33,30,56,75,68,15,10255,69,55,54,60,66
20150306 08:23,43,18,40,18,53,23,56,75,68,15,10255,69,55,54,61,66
20150306 08:24,40,14,39,17,25,19,57,75,69,16,10256,69,55,54,60,66
20150306 08:25,20,11,35,17,15,19,57,75,69,16,10257,70,55,54,61,66
20150306 08:26,14,11,32,16,14,16,57,75,69,16,10257,70,56,55,61,66
20150306 08:27,11,14,29,16,8,24,57,75,69,16,10258,70,56,55,61,66
20150306 08:28,19,16,28,16,29,21,57,74,68,14,10258,69,56,55,61,66
20150306 08:29,19,14,27,16,9,15,57,74,68,14,10258,68,56,55,61,66
20150306 08:30,20,11,28,15,31,13,57,74,68,14,10258,68,56,55,61,66
20150306 08:31,20,10,22,14,8,16,57,74,68,14,10258,69,56,55,61,66
20150306 08:32,20,11,22,13,31,14,57,75,69,16,10258,69,57,55,61,66
20150306 08:33,32,15,20,13,32,31,57,74,68,14,10257,69,57,55,61,66
20150306 08:34,28,21,20,14,23,27,57,74,68,14,10257,70,57,55,61,66
20150306 08:35,24,21,21,15,24,25,57,74,68,14,10257,70,57,55,61,66
20150306 08:36,21,19,21,16,18,33,58,75,69,17,10257,70,57,55,61,66
20150306 08:37,16,23,22,17,15,39,58,75,69,17,10256,71,57,55,61,66
20150306 08:38,20,24,22,17,25,27,58,74,68,15,10256,72,57,55,61,66
20150306 08:39,34,21,25,18,43,32,58,74,68,15,10255,73,57,55,61,66
20150306 08:40,44,25,26,20,45,40,58,74,68,15,10254,74,58,55,61,66
20150306 08:41,44,28,30,22,42,35,59,74,69,16,10254,74,58,56,61,66
20150306 08:42,36,29,30,24,29,37,59,74,69,16,10253,75,58,56,61,66
20150306 08:43,27,30,29,25,25,37,59,74,69,16,10253,75,58,56,61,66
20150306 08:44,30,26,30,25,35,31,59,73,68,14,10253,76,58,56,61,66
20150306 08:45,42,17,33,24,49,19,59,74,69,16,10253,77,58,56,61,66
20150306 08:46,33,20,33,25,17,33,60,75,70,19,10253,78,58,56,61,66
20150306 08:47,18,27,33,25,20,36,60,74,69,17,10253,79,59,56,61,66
20150306 08:48,27,28,34,26,34,37,60,74,69,17,10253,80,59,56,61,66
20150306 08:49,32,33,33,27,31,46,60,73,68,15,10253,80,59,56,61,66
20150306 08:50,32,33,31,27,32,43,60,72,67,13,10253,80,59,56,61,66
20150306 08:51,35,28,31,27,37,38,60,73,68,15,10253,80,59,56,61,66
20150306 08:52,43,27,33,27,49,49,61,73,69,16,10253,81,60,56,61,66
20150306 08:53,46,29,35,27,43,43,61,73,69,16,10252,82,60,56,61,66
20150306 08:54,37,33,34,28,31,48,61,73,69,16,10252,83,60,56,61,66
20150306 08:55,39,36,34,31,46,45,61,72,68,14,10252,84,60,56,61,66
20150306 08:56,43,38,36,32,41,54,62,72,68,15,10252,84,60,57,61,66
20150306 08:57,48,38,40,33,54,49,62,71,67,13,10252,84,61,57,61,66
20150306 08:58,53,35,42,33,53,51,62,71,67,13,10251,84,61,57,61,66
20150306 08:59,51,34,44,33,50,40,62,71,67,13,10251,84,61,57,61,66
20150306 09:00,41,31,44,33,32,39,62,71,67,13,10251,85,61,57,61,66
20150306 09:01,32,31,43,34,32,41,62,71,67,13,10251,87,62,57,61,66
20150306 09:02,26,25,40,33,20,27,62,71,67,13,10251,88,62,57,61,66
20150306 09:03,28,24,39,32,35,38,63,72,69,16,10251,89,62,57,61,66
20150306 09:04,35,26,40,31,35,33,63,72,69,16,10251,90,62,57,61,66
20150306 09:05,34,33,38,32,32,56,63,72,69,16,10251,90,63,57,61,66
20150306 09:06,37,40,38,31,42,49,63,70,67,12,10250,90,63,57,61,66
20150306 09:07,39,39,37,32,36,61,63,70,67,12,10250,89,63,57,61,66
20150306 09:08,35,39,35,32,34,54,63,70,67,12,10250,91,63,57,61,66
20150306 09:09,33,31,33,32,31,42,64,71,68,15,10249,93,63,58,61,66
20150306 09:10,28,32,32,32,25,43,64,71,68,15,10250,95,64,58,61,66
20150306 09:11,28,40,32,33,31,54,64,70,67,13,10250,96,64,58,61,66
20150306 09:12,34,39,34,35,36,54,64,70,67,13,10250,96,64,58,61,66
20150306 09:13,31,32,33,35,26,43,65,70,68,14,10250,96,65,58,61,66
20150306 09:14,24,30,32,36,23,44,65,69,67,12,10250,97,65,58,61,66
20150306 09:15,25,24,31,33,27,26,65,69,67,12,10250,98,65,58,61,66
20150306 09:16,32,21,31,32,39,38,65,70,68,14,10251,99,66,58,62,66
20150306 09:17,37,32,31,32,35,62,66,70,68,15,10251,99,66,58,62,66
20150306 09:18,40,34,32,31,44,40,65,69,67,12,10251,97,66,58,62,66
20150306 09:19,42,31,33,32,41,48,65,68,66,10,10251,96,66,59,62,66
20150306 09:20,29,33,32,31,17,42,65,68,66,10,10251,95,67,59,62,66
20150306 09:21,21,33,31,30,26,58,65,68,66,10,10252,97,67,59,62,66
20150306 09:22,34,37,32,31,43,52,65,69,67,12,10252,97,67,59,62,66
20150306 09:23,44,41,34,32,45,53,65,69,67,12,10251,96,68,59,62,66
20150306 09:24,51,42,37,34,57,55,65,68,66,10,10251,95,68,59,62,66
20150306 09:25,52,43,39,36,47,51,65,69,67,12,10251,94,68,59,62,66
20150306 09:26,52,39,41,37,57,47,65,69,67,12,10251,94,69,59,62,66
20150306 09:27,57,35,43,37,57,44,65,69,67,12,10251,94,69,59,62,66
20150306 09:28,51,34,44,37,46,45,65,70,68,14,10251,94,69,60,62,66
20150306 09:29,44,38,44,38,41,48,65,69,67,12,10251,94,69,60,62,66
20150306 09:30,43,40,46,38,45,47,65,69,67,12,10251,93,70,60,62,66
20150306 09:31,46,34,48,38,47,40,65,70,68,14,10251,94,70,60,62,66
20150306 09:32,40,30,48,37,33,39,66,71,69,17,10251,96,70,60,62,66
20150306 09:33,38,27,47,35,43,33,66,70,68,15,10251,98,70,60,62,66
20150306 09:34,39,22,45,33,36,39,66,71,69,17,10250,100,71,60,62,66
20150306 09:35,38,27,44,32,40,49,67,71,70,18,10250,102,71,60,62,66
20150306 09:36,31,31,41,31,22,42,67,70,69,16,10250,102,71,61,62,66
20150306 09:37,26,32,38,32,31,44,67,70,69,16,10251,103,71,61,62,67
20150306 09:38,38,29,38,31,45,34,67,70,69,16,10251,103,71,61,62,67
20150306 09:39,49,34,40,31,53,65,67,70,69,16,10251,103,72,61,62,66
20150306 09:40,51,42,40,31,49,60,67,69,68,14,10252,100,72,61,62,67
20150306 09:41,47,41,40,32,44,70,67,69,68,14,10252,100,72,61,62,67
20150306 09:42,42,39,40,33,40,53,67,69,68,14,10252,102,72,61,62,67
20150306 09:43,39,36,40,34,38,50,67,69,68,14,10252,103,73,61,62,67
20150306 09:44,45,27,42,34,53,37,67,69,68,14,10252,105,73,62,62,67
20150306 09:45,53,29,43,35,53,52,68,70,69,17,10251,104,73,62,62,67
20150306 09:46,49,37,45,35,44,47,67,69,68,14,10251,103,73,62,62,67
20150306 09:47,51,32,48,35,59,44,67,69,68,14,10251,105,74,62,63,67
20150306 09:48,56,34,49,36,53,45,68,70,69,17,10252,105,74,62,63,67
20150306 09:49,48,32,48,34,43,41,67,69,68,14,10253,103,74,62,63,67
20150306 09:50,40,32,46,34,37,50,68,70,69,17,10254,102,74,62,63,67
20150306 09:51,37,37,46,33,38,47,68,69,68,15,10255,101,75,62,63,67
20150306 09:52,42,32,46,33,46,37,67,68,67,12,10255,100,75,63,63,67
20150306 09:53,42,25,46,31,39,34,67,68,67,12,10255,100,75,63,63,67
20150306 09:54,33,24,44,32,28,35,67,70,69,16,10255,101,75,63,63,67
20150306 09:55,25,25,41,30,22,34,68,70,69,17,10254,102,76,63,63,67
20150306 09:56,18,25,38,29,14,30,68,70,69,17,10254,103,76,63,63,67
20150306 09:57,21,23,35,28,28,34,68,70,69,17,10254,103,76,63,63,67
20150306 09:58,33,22,33,27,37,31,68,69,68,15,10255,103,76,63,63,67
20150306 09:59,40,25,33,27,44,39,68,70,69,17,10255,103,77,64,63,67
20150306 10:00,34,30,32,27,26,47,68,69,68,15,10255,103,77,64,63,67
20150306 10:01,22,32,30,26,19,41,68,68,67,13,10254,103,77,64,63,67
20150306 10:02,21,29,28,26,22,39,68,69,68,15,10254,104,77,64,63,67
20150306 10:03,38,20,30,25,56,16,68,70,69,17,10255,105,77,64,63,67
20150306 10:04,62,13,33,24,67,20,69,71,71,20,10255,106,77,64,63,67
20150306 10:05,66,15,38,23,66,23,69,71,71,20,10254,106,78,64,63,67
20150306 10:06,60,18,42,23,53,32,70,71,71,21,10254,107,78,65,63,67
20150306 10:07,43,21,42,23,32,32,70,70,70,19,10254,108,78,65,63,67
20150306 10:08,34,21,42,22,36,33,70,69,69,17,10255,108,78,65,64,67
20150306 10:09,45,19,43,21,54,23,70,70,70,19,10255,108,78,65,64,67
20150306 10:10,55,19,46,20,57,34,71,71,72,22,10255,108,78,65,64,67
20150306 10:11,59,24,51,20,62,37,71,69,70,18,10254,109,79,65,64,67
20150306 10:12,51,28,52,20,39,37,71,69,70,18,10254,108,79,65,64,67
20150306 10:13,26,32,48,22,13,38,70,69,69,17,10253,107,79,65,64,67
20150306 10:14,19,32,44,24,26,37,70,69,69,17,10253,109,79,66,64,67
20150306 10:15,33,25,41,24,40,31,70,69,69,17,10253,110,79,66,64,67
20150306 10:16,49,22,42,24,58,31,70,69,69,17,10253,111,80,66,64,67
20150306 10:17,55,22,44,24,53,29,71,69,70,18,10254,111,80,66,64,67
20150306 10:18,47,19,44,24,41,28,71,69,70,18,10254,109,80,66,64,67
20150306 10:19,50,18,45,24,60,29,71,69,70,18,10254,108,80,66,64,67
20150306 10:20,61,20,45,24,61,30,71,69,70,18,10254,109,81,66,64,67
20150306 10:21,62,24,46,24,63,35,71,69,70,18,10254,109,81,67,64,67
20150306 10:22,61,28,48,24,60,37,71,70,71,20,10255,107,81,67,64,67
20150306 10:23,64,28,53,24,69,39,71,68,69,16,10255,109,81,67,64,67
20150306 10:24,58,28,55,23,47,37,71,69,70,18,10254,110,81,67,64,67
20150306 10:25,46,29,56,24,45,37,71,69,70,18,10253,111,82,67,64,67
20150306 10:26,44,30,54,25,44,38,71,69,70,18,10253,112,82,67,64,67
20150306 10:27,43,26,53,25,42,28,71,68,69,16,10252,114,82,67,65,67
20150306 10:28,39,21,53,25,36,26,71,68,69,16,10252,117,82,67,65,67
20150306 10:29,45,20,52,26,55,32,71,69,70,18,10252,121,82,68,65,67
20150306 10:30,57,23,52,26,58,38,72,70,71,21,10252,121,83,68,65,67
20150306 10:31,50,27,50,26,42,42,73,70,72,22,10251,121,83,68,65,67
20150306 10:32,43,32,48,27,43,43,72,68,69,17,10250,121,83,68,65,67
20150306 10:33,42,33,45,27,42,37,72,67,68,15,10249,119,83,68,65,67
20150306 10:34,47,33,46,28,51,41,72,68,69,17,10249,119,84,68,65,67
20150306 10:35,50,31,46,28,49,39,72,68,69,17,10249,120,84,68,65,67
20150306 10:36,43,23,45,27,37,34,72,69,70,19,10248,123,84,69,65,67
20150306 10:37,28,23,43,27,19,37,73,70,72,22,10248,126,84,69,65,67
20150306 10:38,23,31,42,29,27,44,73,68,69,18,10248,127,85,69,65,67
20150306 10:39,30,27,40,29,33,30,73,69,71,20,10248,128,85,69,65,67
20150306 10:40,32,21,37,28,31,39,74,71,73,25,10247,131,85,69,65,67
20150306 10:41,29,28,36,29,28,43,75,70,73,24,10247,134,86,69,65,67
20150306 10:42,23,33,33,28,18,37,75,68,70,20,10247,133,86,69,65,67
20150306 10:43,23,34,32,29,29,47,75,67,69,18,10247,133,86,69,66,67
20150306 10:44,26,37,29,29,24,54,75,67,69,18,10248,131,87,70,66,67
20150306 10:45,22,31,27,29,20,32,75,68,70,20,10247,130,87,70,66,67
20150306 10:46,19,30,25,30,19,48,75,67,69,18,10247,133,87,70,66,67
20150306 10:47,20,32,25,31,22,49,75,67,69,18,10247,134,88,70,66,67
20150306 10:48,31,33,26,30,41,38,75,67,69,18,10248,134,88,70,66,68
20150306 10:49,51,32,29,32,61,52,76,68,71,21,10249,132,89,70,66,68
20150306 10:50,61,32,32,33,62,41,76,68,71,21,10249,130,89,70,66,68
20150306 10:51,61,34,35,33,59,45,75,67,69,18,10250,129,89,71,66,68
20150306 10:52,55,30,39,32,51,41,75,68,70,20,10250,127,90,71,66,68
20150306 10:53,45,24,40,31,39,36,76,69,72,23,10251,128,90,71,66,68
20150306 10:54,30,26,39,30,21,55,76,69,72,23,10251,129,90,71,66,68
20150306 10:55,32,35,42,32,43,54,76,68,71,21,10251,130,91,71,66,68
20150306 10:56,44,32,44,31,45,31,75,67,69,18,10251,128,91,71,66,68
20150306 10:57,49,23,47,30,52,30,75,67,69,18,10251,128,91,72,66,68
20150306 10:58,58,23,50,29,65,33,76,69,72,23,10252,128,92,72,67,68
20150306 10:59,73,25,52,28,82,38,76,69,72,23,10252,127,92,72,67,68
20150306 11:00,67,25,51,27,52,37,76,69,72,23,10251,126,92,72,67,68
20150306 11:01,43,28,48,27,34,44,76,69,72,23,10251,126,93,72,67,68
20150306 11:02,32,33,46,28,31,43,76,68,71,21,10250,126,93,72,67,68
20150306 11:03,28,31,45,28,25,35,76,68,71,21,10250,124,93,73,67,68
20150306 11:04,31,25,46,28,37,30,75,67,69,18,10250,125,93,73,67,68
20150306 11:05,39,27,46,27,41,44,75,67,69,18,10249,127,94,73,67,68
20150306 11:06,33,29,44,27,24,32,76,68,71,21,10249,127,94,73,67,68
20150306 11:07,41,28,44,28,56,42,76,68,71,21,10248,127,94,73,67,68
20150306 11:08,47,26,42,28,37,32,76,67,70,19,10248,127,94,73,67,68
20150306 11:09,34,26,37,28,32,44,76,66,69,17,10248,128,94,74,67,68
20150306 11:10,30,33,35,29,29,45,76,66,69,17,10248,129,95,74,67,68
20150306 11:11,28,33,34,29,28,38,75,67,69,18,10248,129,95,74,67,68
20150306 11:12,28,29,34,29,28,35,76,67,70,19,10248,131,95,74,68,68
20150306 11:13,32,24,35,28,36,30,76,67,70,19,10248,132,95,74,68,68
20150306 11:14,42,27,36,29,47,54,76,68,71,21,10248,132,95,74,68,68
20150306 11:15,48,33,37,29,49,42,76,67,70,19,10248,130,96,75,68,68
20150306 11:16,45,34,38,30,41,46,76,67,70,19,10248,130,96,75,68,68
20150306 11:17,36,35,36,30,30,41,76,68,71,21,10248,132,96,75,68,68
20150306 11:18,28,32,34,31,25,42,76,67,70,19,10248,133,96,75,68,68
20150306 11:19,23,35,33,32,21,45,76,67,70,19,10248,134,96,75,68,68
20150306 11:20,17,36,32,32,14,41,76,66,69,17,10248,133,97,75,68,68
20150306 11:21,16,31,31,31,19,40,76,66,69,17,10248,133,97,76,68,68
20150306 11:22,18,31,30,32,17,39,77,66,69,18,10248,135,97,76,68,68
20150306 11:23,19,32,28,33,22,36,77,65,68,15,10247,136,97,76,68,68
20150306 11:24,24,28,26,32,26,35,77,66,69,18,10247,140,97,76,68,68
20150306 11:25,31,25,25,31,37,36,77,65,68,15,10247,142,98,76,69,68
20150306 11:26,40,29,25,31,43,46,77,66,69,18,10247,141,98,76,69,69
20150306 11:27,45,32,27,31,46,39,78,67,71,21,10247,141,98,77,69,69
20150306 11:28,53,27,30,30,61,34,78,66,70,19,10246,142,98,77,69,69
20150306 11:29,60,23,34,29,58,26,78,67,71,21,10246,146,98,77,69,69
20150306 11:30,65,24,40,28,72,41,79,67,71,22,10246,148,99,77,69,69
20150306 11:31,69,30,45,28,66,41,79,66,70,19,10246,148,99,77,69,69
20150306 11:32,61,33,49,28,56,47,79,67,71,22,10246,148,99,77,69,69
20150306 11:33,62,32,53,28,67,38,79,66,70,19,10246,146,100,78,69,69
20150306 11:34,67,29,57,29,66,37,80,68,73,25,10246,146,100,78,69,69
20150306 11:35,73,29,62,29,80,44,80,67,72,23,10246,146,100,78,69,69
20150306 11:36,73,28,64,28,67,41,80,66,71,20,10245,142,101,78,69,69
20150306 11:37,65,29,66,29,63,42,80,67,72,23,10245,141,101,78,70,69
20150306 11:38,61,31,65,29,59,43,80,66,71,20,10245,142,101,78,70,69
20150306 11:39,57,28,65,30,55,34,80,66,71,20,10245,142,102,79,70,69
20150306 11:40,47,29,62,30,39,40,80,65,70,18,10245,143,102,79,70,69
20150306 11:41,36,26,59,29,34,29,80,65,70,18,10245,145,103,79,70,69
20150306 11:42,45,22,59,28,56,32,80,66,71,20,10245,147,103,79,70,69
20150306 11:43,56,24,58,27,56,38,80,65,70,18,10245,145,103,79,70,69
20150306 11:44,49,24,55,27,43,35,80,65,70,18,10245,144,104,79,70,69
20150306 11:45,40,21,51,26,37,25,80,64,69,16,10245,145,104,80,70,69
20150306 11:46,33,18,47,25,28,25,81,66,71,21,10244,147,104,80,70,69
20150306 11:47,31,19,44,24,33,26,80,65,70,18,10244,149,104,80,70,69
20150306 11:48,32,18,41,22,30,22,81,65,70,19,10244,151,105,80,70,69
20150306 11:49,44,17,41,22,58,33,81,66,71,21,10244,151,105,80,71,69
20150306 11:50,48,21,41,21,38,32,82,67,73,24,10245,151,105,80,71,69
20150306 11:51,38,21,42,20,39,28,82,66,72,22,10245,150,105,81,71,69
20150306 11:52,45,20,41,20,51,33,83,66,72,23,10245,150,106,81,71,69
20150306 11:53,37,24,38,20,23,35,83,65,71,21,10245,149,106,81,71,69
20150306 11:54,23,26,36,20,22,30,83,65,71,21,10244,148,106,81,71,70
20150306 11:55,23,23,34,21,23,27,83,64,70,19,10244,149,107,81,71,70
20150306 11:56,22,18,34,20,20,21,83,63,69,17,10244,149,107,81,71,70
20150306 11:57,18,14,32,20,15,19,83,63,69,17,10244,150,107,82,71,70
20150306 11:58,42,14,35,20,66,17,83,65,71,21,10244,149,107,82,71,70
20150306 11:59,63,15,36,19,60,26,83,64,70,19,10244,147,108,82,71,70
20150306 12:00,68,18,39,19,76,30,83,64,70,19,10244,145,108,82,72,70
20150306 12:01,74,18,43,19,73,22,83,63,69,17,10243,142,108,82,72,70
20150306 12:02,61,15,43,18,49,25,81,63,68,15,10243,141,108,83,72,70
20150306 12:03,55,14,47,17,60,21,82,64,70,18,10243,141,109,83,72,70
20150306 12:04,58,14,50,16,56,24,81,64,69,17,10243,139,109,83,72,70
20150306 12:05,45,20,51,16,35,33,81,63,68,15,10243,140,109,83,72,70
20150306 12:06,42,24,54,17,50,34,82,64,70,18,10242,139,109,83,72,70
20150306 12:07,50,21,57,18,49,31,82,65,71,20,10242,138,109,83,72,70
20150306 12:08,46,22,55,19,42,34,81,65,70,19,10242,137,109,84,72,70
20150306 12:09,38,27,52,20,35,37,81,64,69,17,10241,135,110,84,72,70
20150306 12:10,53,24,52,20,70,26,81,64,69,17,10240,134,110,84,72,70
20150306 12:11,61,23,50,21,51,33,80,64,69,16,10240,132,110,84,73,70
20150306 12:12,49,29,49,23,46,43,80,64,69,16,10239,132,110,84,73,70
20150306 12:13,56,31,50,24,65,40,80,64,69,16,10239,131,110,85,73,70
20150306 12:14,60,24,50,25,55,23,79,64,68,15,10238,130,110,85,73,70
20150306 12:15,54,18,52,24,53,22,80,66,71,20,10238,131,110,85,73,70
20150306 12:16,41,26,49,25,28,41,80,66,71,20,10237,132,110,85,73,70
20150306 12:17,30,33,48,26,32,36,80,65,70,18,10236,132,110,85,73,70
20150306 12:18,30,25,46,26,27,26,80,65,70,18,10236,133,110,85,73,70
20150306 12:19,34,20,47,25,41,28,80,65,70,18,10236,135,110,86,73,71
20150306 12:20,44,25,45,26,48,39,80,65,70,18,10236,135,110,86,73,71
20150306 12:21,43,24,43,25,38,23,80,64,69,16,10236,135,110,86,73,71
20150306 12:22,46,18,44,24,55,28,80,64,69,16,10237,136,110,86,74,71
20150306 12:23,51,17,43,22,48,19,80,65,70,18,10237,136,110,86,74,71
20150306 12:24,39,13,40,22,31,21,81,65,70,19,10237,138,110,86,74,71
20150306 12:25,31,17,38,22,30,28,81,65,70,19,10236,139,110,86,74,71
20150306 12:26,36,23,39,21,42,40,81,65,70,19,10236,142,110,87,74,71
20150306 12:27,51,25,42,20,59,31,81,64,69,17,10235,140,110,87,74,71
20150306 12:28,61,19,45,20,62,22,81,65,70,19,10235,142,110,87,74,71
20150306 12:29,62,19,47,20,61,33,81,65,70,19,10235,144,110,87,74,71
20150306 12:30,56,22,48,19,52,36,81,64,69,17,10235,145,110,87,74,71
20150306 12:31,57,19,50,19,61,23,82,64,70,18,10234,149,110,87,74,71
20150306 12:32,63,16,51,19,65,20,81,63,68,15,10234,150,110,88,75,71
20150306 12:33,71,22,54,20,78,47,82,64,70,18,10234,150,110,88,75,71
20150306 12:34,76,31,59,22,75,43,82,64,70,18,10234,145,111,88,75,71
20150306 12:35,70,31,62,23,65,34,82,65,71,20,10234,141,111,88,75,71
20150306 12:36,63,24,64,23,62,29,82,65,71,20,10234,139,111,88,75,71
20150306 12:37,59,18,64,22,57,20,82,64,70,18,10234,137,111,88,75,71
20150306 12:38,60,22,64,23,62,40,82,63,68,16,10234,135,111,88,75,71
20150306 12:39,61,28,64,24,60,40,81,64,69,17,10235,131,112,88,75,71
20150306 12:40,67,25,66,24,75,29,81,63,68,15,10235,128,112,89,75,72
20150306 12:41,81,21,69,24,87,24,81,64,69,17,10235,127,112,89,75,72
20150306 12:42,84,18,70,24,81,20,81,65,70,19,10235,128,112,89,76,72
20150306 12:43,70,17,68,23,59,27,81,65,70,19,10235,129,112,89,76,72
20150306 12:44,34,21,62,22,8,30,81,64,69,17,10235,129,112,89,76,72
20150306 12:45,5,23,56,22,3,28,80,63,68,14,10235,129,112,89,76,72
20150306 12:46,11,22,52,22,20,27,80,63,68,14,10235,129,112,89,76,72
20150306 12:47,24,18,49,21,28,17,80,63,68,14,10234,129,112,89,76,72
20150306 12:48,10,16,41,21,353,26,80,63,68,14,10234,132,112,89,76,72
20150306 12:49,347,18,33,19,340,19,81,64,69,17,10233,134,112,90,76,72
20150306 12:50,349,17,24,19,359,25,81,64,69,17,10233,137,112,90,76,72
20150306 12:51,357,17,15,18,355,22,81,64,69,17,10233,139,112,90,76,72
20150306 12:52,359,16,8,18,4,17,81,62,67,13,10233,140,112,90,77,72
20150306 12:53,342,13,359,18,320,15,81,62,67,13,10233,141,112,90,77,72
20150306 12:54,337,11,358,16,355,17,82,63,68,16,10233,141,112,90,77,72
20150306 12:55,1,11,358,15,7,19,82,62,67,14,10233,143,112,90,77,72
20150306 12:56,23,16,0,15,38,25,83,63,69,17,10233,145,112,91,77,72
20150306 12:57,30,20,359,16,23,26,83,62,68,15,10233,143,112,91,77,72
20150306 12:58,22,15,2,15,20,15,83,61,67,12,10232,144,112,91,77,72
20150306 12:59,42,8,10,14,63,8,83,63,69,17,10232,146,112,91,77,72
20150306 13:00,55,5,15,12,47,8,84,62,68,15,10232,147,112,91,77,73
20150306 13:01,35,5,19,11,24,10,84,61,67,13,10231,152,112,91,77,73
20150306 13:02,7,9,17,11,351,22,85,61,68,14,10231,155,112,91,77,73
20150306 13:03,3,17,22,12,14,26,85,61,68,14,10230,157,112,91,77,73
20150306 13:04,14,18,24,12,14,19,85,60,67,12,10230,157,112,91,78,73
20150306 13:05,22,15,26,13,30,20,85,60,67,12,10230,159,113,91,78,73
20150306 13:06,47,20,29,13,64,29,85,61,68,14,10229,159,113,92,78,73
20150306 13:07,68,19,34,13,71,21,85,60,67,12,10229,157,113,92,78,73
20150306 13:08,53,16,35,13,35,25,85,60,67,12,10229,158,113,92,78,73
20150306 13:09,29,16,31,14,24,23,85,61,68,14,10229,160,114,92,78,73
20150306 13:10,16,13,27,15,7,16,85,62,69,16,10229,162,114,92,78,73
20150306 13:11,9,15,26,16,10,23,86,62,69,17,10229,163,114,92,78,73
20150306 13:12,33,16,32,17,55,20,86,61,68,15,10229,163,115,92,78,73
20150306 13:13,60,13,37,15,65,13,86,61,68,15,10229,160,115,92,78,73
20150306 13:14,65,11,43,15,66,19,86,60,67,13,10229,157,115,92,79,73
20150306 13:15,80,14,49,15,94,20,86,60,67,13,10229,156,116,92,79,73
20150306 13:16,74,11,48,13,53,12,85,60,67,12,10229,154,116,92,79,73
20150306 13:17,39,7,43,13,23,19,86,60,67,13,10229,155,116,93,79,73
20150306 13:18,17,14,40,13,11,36,86,61,68,15,10229,154,116,93,79,73
20150306 13:19,24,23,42,14,36,33,87,62,70,18,10229,150,117,93,79,74
20150306 13:20,47,23,47,15,58,30,86,60,67,13,10228,147,117,93,79,74
20150306 13:21,59,20,52,15,59,27,86,61,68,15,10229,142,117,93,79,74
20150306 13:22,56,16,52,15,52,19,85,60,67,12,10229,139,118,93,79,74
20150306 13:23,31,14,46,16,12,18,85,61,68,14,10229,138,118,93,79,74
20150306 13:24,15,13,41,15,18,13,85,60,67,12,10229,138,118,93,79,74
20150306 13:25,24,6,35,14,31,7,84,60,66,11,10229,138,118,93,79,74
20150306 13:26,32,4,33,14,32,12,84,60,66,11,10229,137,118,94,80,74
20150306 13:27,36,9,35,15,41,16,84,60,66,11,10229,136,118,94,80,74
20150306 13:28,13,10,33,13,346,13,84,60,66,11,10229,134,118,94,80,74
20150306 13:29,357,6,31,11,20,8,84,60,66,11,10228,133,118,94,80,74
20150306 13:30,10,3,24,9,343,5,84,60,66,11,10228,132,118,94,80,74
20150306 13:31,20,4,20,8,27,9,84,60,66,11,10228,130,118,94,80,74
20150306 13:32,33,7,19,7,38,10,84,60,66,11,10228,130,118,94,80,74
20150306 13:33,26,8,20,7,16,13,84,61,67,13,10228,130,118,95,80,74
20150306 13:34,21,10,20,7,26,14,84,61,67,13,10227,130,118,95,80,74
20150306 13:35,21,11,19,8,15,14,84,61,67,13,10227,129,118,95,80,74
20150306 13:36,12,11,16,8,9,22,84,62,68,15,10227,129,118,95,80,74
20150306 13:37,14,21,14,10,20,36,84,61,67,13,10227,128,118,95,81,74
20150306 13:38,19,29,17,12,18,33,84,60,66,11,10227,125,117,95,81,74
20150306 13:39,17,25,17,14,15,29,84,61,67,13,10227,123,117,95,81,75
20150306 13:40,7,21,18,16,0,26,83,60,66,10,10226,122,117,95,81,75
20150306 13:41,18,21,19,17,36,30,83,61,67,12,10226,123,117,95,81,75
20150306 13:42,30,23,18,19,24,27,83,62,68,15,10226,123,117,96,81,75
20150306 13:43,26,21,19,20,27,28,83,62,68,15,10226,122,117,96,81,75
20150306 13:44,19,17,17,20,10,19,83,61,67,12,10226,122,116,96,81,75
20150306 13:45,23,19,20,21,36,29,83,62,68,15,10226,123,116,96,81,75
20150306 13:46,36,21,22,22,35,23,83,61,67,12,10226,121,116,96,81,75
20150306 13:47,43,14,25,20,51,16,83,61,67,12,10226,121,116,96,81,75
20150306 13:48,46,8,28,18,41,6,83,60,66,10,10226,121,116,96,81,75
20150306 13:49,54,7,33,17,68,13,83,60,66,10,10226,121,115,96,82,75
20150306 13:50,69,10,40,16,70,17,83,61,67,12,10226,121,115,96,82,75
20150306 13:51,68,17,43,16,67,33,83,63,69,17,10226,118,115,96,82,75
20150306 13:52,71,20,48,15,75,25,83,63,69,17,10226,118,115,97,82,75
20150306 13:53,75,16,53,15,75,23,83,64,70,19,10226,116,115,97,82,75
20150306 13:54,62,19,57,16,50,33,83,62,68,15,10225,115,114,97,82,75
20150306 13:55,46,20,58,15,43,26,83,62,68,15,10225,116,114,97,82,75
20150306 13:56,39,23,58,16,35,29,82,62,67,14,10225,115,114,97,82,75
20150306 13:57,48,24,59,17,61,29,82,61,66,11,10225,115,114,97,82,76
20150306 13:58,56,21,60,19,52,31,82,61,66,11,10225,113,114,97,82,76
20150306 13:59,54,22,59,20,57,35,82,62,67,14,10225,112,114,97,82,76
20150306 14:00,62,24,58,21,66,30,82,62,67,14,10225,112,113,97,82,76
20150306 14:01,63,21,57,21,60,27,82,63,68,16,10225,111,113,97,83,76
20150306 14:02,55,21,55,22,51,39,82,62,67,14,10225,110,113,97,83,76
20150306 14:03,49,27,52,23,47,38,81,61,66,10,10224,110,113,97,83,76
20150306 14:04,47,30,52,24,48,42,81,62,67,13,10224,109,113,97,83,76
20150306 14:05,42,29,51,25,36,37,81,62,67,13,10224,108,112,97,83,76
20150306 14:06,36,28,51,25,36,37,81,62,67,13,10224,108,112,97,83,76
20150306 14:07,47,26,51,25,58,29,81,62,67,13,10224,108,112,97,83,76
20150306 14:08,57,22,51,25,55,26,81,61,66,10,10224,106,112,97,83,76
20150306 14:09,57,23,52,25,59,31,81,61,66,10,10224,106,111,97,83,76
20150306 14:10,54,25,50,25,49,32,80,61,65,9,10224,105,111,97,83,76
20150306 14:11,41,22,47,26,34,23,80,61,65,9,10223,106,111,97,83,76
20150306 14:12,40,17,47,25,46,21,80,62,66,12,10223,107,111,97,83,76
20150306 14:13,40,19,45,24,34,31,80,62,66,12,10223,108,110,97,83,76
20150306 14:14,21,19,42,22,9,22,80,62,66,12,10223,107,110,97,84,77
20150306 14:15,28,13,43,21,47,15,81,62,67,13,10222,108,110,97,84,77
20150306 14:16,51,14,45,20,55,25,81,63,68,15,10222,109,110,97,84,77
20150306 14:17,49,18,43,19,43,24,81,63,68,15,10222,107,109,97,84,77
20150306 14:18,44,19,42,19,45,30,81,63,68,15,10221,107,109,97,84,77
20150306 14:19,44,20,41,18,44,30,81,62,67,13,10221,107,109,97,84,77
20150306 14:20,48,19,41,18,52,34,81,62,67,13,10221,107,109,97,84,77
20150306 14:21,40,20,41,18,29,30,81,62,67,13,10221,107,109,97,84,77
20150306 14:22,35,21,40,18,42,27,81,62,67,13,10221,108,108,97,84,77
20150306 14:23,50,17,43,18,58,21,81,62,67,13,10221,108,108,97,84,77
20150306 14:24,49,12,46,17,41,15,81,62,67,13,10221,107,108,97,84,77
20150306 14:25,50,10,47,17,60,13,81,62,67,13,10221,108,108,97,84,77
20150306 14:26,62,12,48,17,64,19,81,62,67,13,10221,109,108,97,84,77
20150306 14:27,48,18,47,17,31,28,81,63,68,15,10221,108,108,97,84,77
20150306 14:28,33,22,46,17,35,37,81,63,68,15,10221,107,107,97,85,77
20150306 14:29,39,22,45,17,43,28,81,64,69,17,10221,107,107,97,85,77
20150306 14:30,38,25,44,18,33,35,81,64,69,17,10221,106,107,97,85,77
20150306 14:31,36,30,45,19,39,39,81,63,68,15,10221,105,107,97,85,77
20150306 14:32,39,30,44,20,38,39,81,64,69,17,10221,104,107,97,85,77
20150306 14:33,39,25,42,21,39,33,80,63,68,14,10221,104,107,97,85,78
20150306 14:34,49,21,44,22,59,30,80,64,69,16,10220,103,106,97,85,78
20150306 14:35,60,22,44,23,61,27,80,64,69,16,10220,103,106,97,85,78
20150306 14:36,62,19,44,23,63,24,80,63,68,14,10220,103,106,97,85,78
20150306 14:37,61,19,47,23,59,37,80,65,70,18,10220,103,106,97,85,78
20150306 14:38,56,25,49,24,53,35,80,64,69,16,10220,101,106,97,85,78
20150306 14:39,60,25,51,24,67,32,80,63,68,14,10219,100,106,97,85,78
20150306 14:40,65,20,54,23,64,26,80,64,69,16,10219,99,106,97,85,78
20150306 14:41,62,17,56,22,61,26,80,65,70,18,10219,100,105,97,85,78
20150306 14:42,61,19,59,21,61,26,79,65,69,17,10220,99,105,97,85,78
20150306 14:43,69,18,62,20,76,21,79,64,68,15,10219,99,105,97,85,78
20150306 14:44,78,22,64,21,79,33,79,64,68,15,10219,100,105,97,85,78
20150306 14:45,70,24,64,21,61,27,79,63,67,13,10219,99,105,97,85,78
20150306 14:46,63,18,65,21,65,19,79,63,67,13,10219,99,105,97,86,78
20150306 14:47,73,17,67,20,81,27,79,64,68,15,10219,99,104,97,86,78
20150306 14:48,75,22,68,20,70,38,79,64,68,15,10219,100,104,97,86,78
20150306 14:49,68,25,68,20,67,36,79,64,68,15,10220,99,104,97,86,78
20150306 14:50,61,27,67,21,54,43,79,64,68,15,10220,97,104,97,86,78
20150306 14:51,57,28,67,22,59,35,79,64,68,15,10220,97,104,97,86,78
20150306 14:52,54,27,66,23,49,38,78,64,68,14,10220,96,104,97,86,79
20150306 14:53,41,29,62,25,34,40,78,63,67,12,10220,97,103,97,86,79
20150306 14:54,34,31,58,25,35,37,78,63,67,12,10220,97,103,97,86,79
20150306 14:55,38,25,55,25,41,24,78,63,67,12,10220,97,103,96,86,79
20150306 14:56,42,22,53,26,43,35,78,64,68,14,10220,97,103,96,86,79
20150306 14:57,44,27,50,27,44,34,78,64,68,14,10220,96,103,96,86,79
20150306 14:58,46,27,47,27,47,34,78,63,67,12,10220,96,103,96,86,79
20150306 14:59,49,24,46,26,52,28,78,63,67,12,10220,96,102,96,86,79
20150306 15:00,53,20,46,25,54,21,78,63,67,12,10220,96,102,96,86,79
20150306 15:01,56,16,46,24,58,25,78,63,67,12,10220,96,102,96,86,79
20150306 15:02,57,17,46,23,56,27,78,64,68,14,10220,96,102,96,86,79
20150306 15:03,60,19,49,22,62,30,78,63,67,12,10220,96,102,96,86,79
20150306 15:04,63,20,52,21,63,28,78,63,67,12,10220,97,102,96,86,79
20150306 15:05,64,20,54,21,64,28,78,63,67,12,10219,97,101,96,86,79
20150306 15:06,69,23,57,21,73,30,78,64,68,14,10219,96,101,96,86,79
20150306 15:07,73,25,60,21,73,33,78,64,68,14,10219,96,101,96,86,79
20150306 15:08,64,24,61,21,54,29,78,64,68,14,10219,95,101,96,86,79
20150306 15:09,34,19,58,20,17,20,78,64,68,14,10219,94,101,96,86,79
20150306 15:10,15,16,54,20,13,22,78,63,67,12,10219,96,101,96,87,79
20150306 15:11,24,13,51,19,35,13,78,63,67,12,10219,97,100,96,87,79
20150306 15:12,47,15,52,20,58,27,78,64,68,14,10219,97,100,96,87,79
20150306 15:13,46,20,49,20,33,25,79,64,68,15,10219,97,100,96,87,79
20150306 15:14,29,20,44,20,24,27,79,64,68,15,10219,97,100,96,87,79
20150306 15:15,40,22,44,20,56,33,79,64,68,15,10219,97,100,96,87,80
20150306 15:16,64,24,43,20,71,32,79,64,68,15,10219,96,100,95,87,80
20150306 15:17,64,26,42,20,56,34,78,64,68,14,10219,94,100,95,87,80
20150306 15:18,54,30,42,21,52,43,78,64,68,14,10218,93,100,95,87,80
20150306 15:19,51,29,45,22,50,29,78,63,67,12,10218,93,99,95,87,80
20150306 15:20,53,22,49,22,56,38,78,63,67,12,10218,93,99,95,87,80
20150306 15:21,51,24,50,24,47,33,78,64,68,14,10218,93,99,95,87,80
20150306 15:22,45,22,49,24,43,22,78,64,68,14,10219,93,99,95,87,80
20150306 15:23,35,15,48,23,25,22,78,64,68,14,10219,94,99,95,87,80
20150306 15:24,34,13,50,22,43,15,78,63,67,12,10219,94,99,95,87,80
20150306 15:25,45,19,49,22,46,30,78,64,68,14,10219,94,99,95,87,80
20150306 15:26,42,23,46,22,37,24,78,63,67,12,10219,94,99,95,87,80
20150306 15:27,43,19,45,21,49,25,78,64,68,14,10220,93,98,95,87,80
20150306 15:28,61,20,47,20,72,27,78,65,69,16,10220,93,98,95,87,80
20150306 15:29,67,19,48,19,63,25,78,64,68,14,10219,92,98,95,87,80
20150306 15:30,71,17,50,19,80,22,78,66,70,19,10219,92,98,95,87,80
20150306 15:31,78,21,53,19,75,32,78,66,70,19,10219,92,98,95,87,80
20150306 15:32,70,24,56,19,66,31,78,65,69,16,10219,91,98,95,87,80
20150306 15:33,67,21,60,20,67,23,78,64,68,14,10219,90,98,95,87,80
20150306 15:34,79,20,65,21,91,31,77,64,67,13,10219,90,98,95,87,80
20150306 15:35,90,20,69,20,90,25,77,65,68,15,10219,90,97,94,87,80
20150306 15:36,87,21,74,21,84,36,77,66,69,18,10219,90,97,94,87,80
20150306 15:37,70,27,74,22,56,39,77,66,69,18,10219,90,97,94,87,80
20150306 15:38,41,29,70,23,27,34,77,65,68,15,10219,90,97,94,87,80
20150306 15:39,33,24,68,23,38,25,77,64,67,13,10219,90,97,94,87,81
20150306 15:40,35,20,63,23,33,24,77,65,68,15,10218,91,97,94,87,81
20150306 15:41,43,19,61,22,54,25,77,64,67,13,10218,91,97,94,87,81
20150306 15:42,52,18,59,22,50,28,77,64,67,13,10218,90,97,94,87,81
20150306 15:43,35,20,54,22,20,25,77,64,67,13,10219,90,96,94,87,81
20150306 15:44,27,19,48,22,33,27,77,64,67,13,10219,90,96,94,87,81
20150306 15:45,32,23,42,22,30,32,77,64,67,13,10219,90,96,94,87,81
20150306 15:46,26,23,36,22,21,27,77,64,67,13,10218,89,96,94,87,81
20150306 15:47,38,17,36,20,54,20,77,63,66,11,10219,89,96,94,87,81
20150306 15:48,61,14,40,19,68,20,77,64,67,13,10219,89,96,94,87,81
20150306 15:49,63,14,42,18,58,21,77,65,68,15,10219,89,96,94,87,81
20150306 15:50,61,13,45,18,64,16,77,65,68,15,10218,89,96,94,87,81
20150306 15:51,69,14,47,17,74,21,77,65,68,15,10218,89,95,94,87,81
20150306 15:52,75,16,50,17,76,19,77,65,68,15,10218,89,95,93,87,81
20150306 15:53,71,18,55,17,66,27,77,65,68,15,10219,88,95,93,87,81
20150306 15:54,67,21,58,17,68,27,77,65,68,15,10219,88,95,93,87,81
20150306 15:55,70,21,62,17,72,29,77,65,68,15,10219,87,95,93,87,81
20150306 15:56,71,22,67,17,71,32,77,64,67,13,10219,87,95,93,87,81
20150306 15:57,70,20,69,18,68,26,77,64,67,13,10219,86,95,93,87,81
20150306 15:58,72,21,69,19,76,40,77,65,68,15,10219,85,95,93,87,81
20150306 15:59,76,24,71,20,77,33,76,65,68,14,10219,85,94,93,87,81
20150306 16:00,77,25,72,21,76,35,76,65,68,14,10219,85,94,93,87,81
20150306 16:01,74,24,72,22,71,26,76,64,67,12,10219,85,94,93,87,81
20150306 16:02,64,22,70,22,58,32,76,65,68,14,10219,85,94,93,87,81
20150306 16:03,63,21,71,22,68,25,76,65,68,14,10219,84,94,93,87,81
20150306 16:04,68,19,71,22,68,25,76,65,68,14,10219,84,94,93,87,81
20150306 16:05,68,18,70,21,67,20,76,65,68,14,10219,84,94,93,87,81
20150306 16:06,69,15,70,21,70,21,76,65,68,14,10219,84,94,93,87,81
20150306 16:07,66,16,69,21,62,21,76,65,68,14,10219,84,93,93,87,81
20150306 16:08,63,15,68,19,65,15,76,65,68,14,10219,84,93,93,87,81
20150306 16:09,65,11,67,18,65,15,76,65,68,14,10219,85,93,93,87,81
20150306 16:10,62,13,65,17,59,23,76,66,69,17,10219,85,93,92,87,82
20150306 16:11,50,20,62,17,41,27,76,66,69,17,10219,85,93,92,87,82
20150306 16:12,36,20,60,16,31,27,76,65,68,14,10219,84,93,92,87,82
20150306 16:13,31,17,56,16,30,28,76,65,68,14,10219,85,93,92,87,82
20150306 16:14,29,16,52,16,28,21,76,65,68,14,10219,85,92,92,87,82
20150306 16:15,29,16,48,16,31,21,76,65,68,14,10219,85,92,92,87,82
20150306 16:16,30,16,44,16,30,22,76,65,68,14,10219,85,92,92,87,82
20150306 16:17,28,16,40,16,25,20,76,64,67,12,10219,85,92,92,87,82
20150306 16:18,24,17,36,17,23,22,76,63,66,10,10219,85,92,92,87,82
20150306 16:19,24,15,32,17,25,18,76,64,67,12,10219,85,92,92,87,82
20150306 16:20,36,14,31,17,47,19,76,64,67,12,10219,85,92,92,87,82
20150306 16:21,40,19,30,17,33,29,76,65,68,14,10219,85,92,92,87,82
20150306 16:22,35,23,31,17,38,26,76,63,66,10,10219,84,92,92,87,82
20150306 16:23,36,20,31,17,33,20,76,63,66,10,10219,84,91,92,87,82
20150306 16:24,35,14,32,17,37,20,76,64,67,12,10219,84,91,92,87,82
20150306 16:25,36,13,33,17,35,27,76,64,67,12,10219,84,91,92,87,82
20150306 16:26,41,16,34,17,47,22,76,64,67,12,10219,84,91,92,87,82
20150306 16:27,44,19,36,17,41,30,76,63,66,10,10219,83,91,91,87,82
20150306 16:28,44,19,38,17,47,22,76,63,66,10,10219,83,91,91,87,82
20150306 16:29,47,16,40,18,47,19,76,63,66,10,10219,82,91,91,87,82
20150306 16:30,39,13,39,17,32,18,76,63,66,10,10219,82,91,91,87,82
20150306 16:31,39,11,40,16,46,20,76,63,66,10,10219,82,91,91,87,82
20150306 16:32,50,15,42,16,53,26,76,64,67,12,10219,82,90,91,87,82
20150306 16:33,53,19,44,16,53,22,76,64,67,12,10220,82,90,91,87,82
20150306 16:34,54,17,46,16,56,18,76,63,66,10,10220,81,90,91,87,82
20150306 16:35,55,14,48,16,54,19,75,63,65,9,10220,81,90,91,87,82
20150306 16:36,55,14,49,16,56,22,75,64,66,11,10220,81,90,91,87,82
20150306 16:37,56,16,50,15,56,22,75,64,66,11,10220,80,90,91,87,82
20150306 16:38,55,16,51,15,53,20,75,64,66,11,10220,80,90,91,87,82
20150306 16:39,55,16,52,15,56,23,75,63,65,9,10220,80,90,91,87,82
20150306 16:40,62,18,55,16,69,23,75,63,65,9,10220,79,90,91,87,82
20150306 16:41,69,16,58,16,70,18,75,64,66,11,10220,79,89,91,87,82
20150306 16:42,66,15,58,16,62,23,75,64,66,11,10220,79,89,91,87,82
20150306 16:43,62,17,59,16,62,19,75,64,66,11,10220,79,89,91,87,82
20150306 16:44,55,17,59,16,49,20,75,64,66,11,10220,79,89,90,87,82
20150306 16:45,51,16,58,16,52,18,75,63,65,9,10219,79,89,90,87,82
20150306 16:46,54,16,58,16,55,24,75,64,66,11,10219,79,89,90,87,82
20150306 16:47,58,16,59,16,62,18,75,63,65,9,10219,78,89,90,87,82
20150306 16:48,64,14,60,16,66,17,75,63,65,9,10219,78,89,90,87,82
20150306 16:49,72,13,62,15,78,15,75,64,66,11,10219,78,89,90,87,82
20150306 16:50,73,15,62,15,69,24,75,64,66,11,10219,77,88,90,87,82
20150306 16:51,67,17,62,16,64,25,75,64,66,11,10219,77,88,90,87,82
20150306 16:52,61,14,61,15,58,15,75,64,66,11,10220,77,88,90,87,82
20150306 16:53,61,13,62,15,63,17,75,64,66,11,10220,77,88,90,87,83
20150306 16:54,58,14,62,15,54,19,75,64,66,11,10220,77,88,90,87,83
20150306 16:55,58,14,63,15,63,17,75,63,65,9,10220,77,88,90,87,83
20150306 16:56,65,11,64,14,67,14,75,63,65,9,10220,76,88,90,87,83
20150306 16:57,71,10,66,13,75,13,74,64,66,10,10220,77,87,90,87,83
20150306 16:58,78,10,67,13,81,12,74,64,66,10,10220,77,87,90,87,83
20150306 16:59,78,8,67,13,75,11,74,64,66,10,10221,76,87,90,87,83
20150306 17:00,65,10,65,12,55,18,74,64,66,10,10221,76,87,89,87,83
20150306 17:01,61,12,66,11,66,14,74,65,67,13,10221,76,87,89,87,83
20150306 17:02,63,13,66,12,60,21,74,65,67,13,10220,76,87,89,87,83
20150306 17:03,64,13,66,12,68,16,74,64,66,10,10220,76,87,89,87,83
20150306 17:04,66,12,67,11,65,14,74,65,67,13,10220,76,87,89,87,83
20150306 17:05,74,12,69,11,83,15,74,65,67,13,10220,76,86,89,87,83
20150306 17:06,80,11,71,11,77,13,74,65,67,13,10220,75,86,89,87,83
20150306 17:07,71,10,69,11,64,14,74,64,66,10,10220,75,86,89,87,83
20150306 17:08,69,9,69,11,74,11,74,64,66,10,10221,75,86,89,87,83
20150306 17:09,64,8,67,11,55,10,74,64,66,10,10221,75,86,89,87,83
20150306 17:10,57,7,67,11,58,10,74,65,67,13,10221,75,86,89,87,83
20150306 17:11,54,6,65,10,49,9,74,65,67,13,10220,75,86,89,87,83
20150306 17:12,54,5,65,9,58,7,74,65,67,13,10220,75,86,89,87,83
20150306 17:13,64,5,65,8,69,16,74,66,68,15,10221,75,86,89,87,83
20150306 17:14,63,10,64,9,58,20,74,66,68,15,10221,75,86,89,87,83
20150306 17:15,55,12,61,8,52,15,74,64,66,10,10221,74,85,89,87,83
20150306 17:16,56,10,60,8,60,13,74,64,66,10,10221,74,85,88,87,83
20150306 17:17,65,12,60,9,69,15,74,64,66,10,10221,74,85,88,87,83
20150306 17:18,65,11,59,9,61,13,74,65,67,13,10220,74,85,88,87,83
20150306 17:19,58,10,59,9,56,14,74,65,67,13,10220,74,85,88,87,83
20150306 17:20,63,11,60,9,71,13,74,64,66,10,10220,74,85,88,87,83
20150306 17:21,65,10,61,10,59,14,74,65,67,13,10220,73,85,88,87,83
20150306 17:22,61,9,62,10,62,16,74,66,68,15,10220,73,85,88,87,83
20150306 17:23,66,10,62,11,70,15,74,65,67,13,10220,73,85,88,87,83
20150306 17:24,68,12,63,11,66,16,73,65,66,12,10220,73,84,88,87,83
20150306 17:25,67,12,64,11,68,14,73,65,66,12,10219,73,84,88,87,83
20150306 17:26,63,12,64,11,59,17,73,66,67,14,10219,73,84,88,87,83
20150306 17:27,65,12,64,11,71,14,73,66,67,14,10219,72,84,88,87,83
20150306 17:28,66,12,64,11,61,19,73,66,67,14,10219,72,84,88,87,83
20150306 17:29,60,13,65,12,60,19,73,66,67,14,10219,72,84,88,87,83
20150306 17:30,60,13,63,12,59,20,73,65,66,12,10219,72,84,88,87,83
20150306 17:31,55,13,63,12,52,20,73,65,66,12,10219,72,84,87,87,83
20150306 17:32,49,13,61,13,46,19,73,65,66,12,10219,72,84,87,87,83
20150306 17:33,49,12,59,13,52,18,73,65,66,12,10219,72,83,87,87,83
20150306 17:34,51,14,58,13,51,22,73,65,66,12,10219,72,83,87,87,83
20150306 17:35,50,16,56,14,48,28,73,65,66,12,10219,71,83,87,87,83
20150306 17:36,57,18,57,14,66,24,73,65,66,12,10219,71,83,87,87,83
20150306 17:37,61,17,55,15,56,20,73,66,67,14,10220,71,83,87,87,83
20150306 17:38,57,13,55,14,58,18,73,66,67,14,10220,71,83,87,87,83
20150306 17:39,60,12,55,14,62,16,73,66,67,14,10220,70,83,87,87,83
20150306 17:40,66,15,56,15,70,25,73,67,68,16,10220,70,83,87,86,83
20150306 17:41,68,19,57,15,66,29,73,67,68,16,10221,70,83,87,86,83
20150306 17:42,61,21,59,16,57,29,73,67,68,16,10221,70,83,87,86,83
20150306 17:43,63,20,60,17,69,25,73,67,68,16,10220,69,82,87,86,83
20150306 17:44,64,16,61,17,59,19,72,66,67,13,10220,69,82,87,86,83
20150306 17:45,58,13,62,16,57,18,72,67,68,15,10221,69,82,87,86,83
20150306 17:46,55,17,61,16,53,27,72,67,68,15,10221,69,82,86,86,83
20150306 17:47,53,19,60,17,52,26,72,66,67,13,10221,69,82,86,86,83
20150306 17:48,59,17,61,17,65,20,72,67,68,15,10221,68,82,86,86,83
20150306 17:49,64,16,61,18,64,26,72,67,68,15,10222,68,82,86,86,83
20150306 17:50,63,16,61,17,63,21,72,67,68,15,10222,68,82,86,86,83
20150306 17:51,62,15,60,17,62,22,72,68,69,17,10222,68,81,86,86,83
20150306 17:52,63,14,61,16,65,21,72,68,69,17,10223,68,81,86,86,83
20150306 17:53,66,14,61,16,68,19,72,68,69,17,10222,68,81,86,86,83
20150306 17:54,67,18,62,16,66,28,72,68,69,17,10222,67,81,86,86,83
20150306 17:55,61,22,61,17,56,28,71,68,69,16,10222,67,81,86,86,83
20150306 17:56,56,20,62,17,57,26,71,67,68,14,10222,67,81,86,86,83
20150306 17:57,62,22,63,18,66,33,71,68,69,16,10222,67,81,86,86,83
20150306 17:58,64,25,63,19,63,31,71,67,68,14,10222,67,81,86,86,83
20150306 17:59,63,26,63,20,63,39,71,67,68,14,10222,66,80,86,86,83
20150306 18:00,65,27,63,21,68,32,71,67,68,14,10222,66,80,86,86,83
20150306 18:01,65,25,63,22,62,29,71,67,68,14,10222,66,80,86,86,83
20150306 18:02,56,24,62,23,51,34,71,67,68,14,10221,66,80,85,86,83
20150306 18:03,56,22,61,23,61,30,71,67,68,14,10221,66,80,85,86,83
20150306 18:04,62,21,61,23,62,30,71,67,68,14,10221,65,80,85,86,83
20150306 18:05,59,19,61,23,56,22,71,67,68,14,10221,65,80,85,86,83
20150306 18:06,56,18,61,23,57,29,71,68,69,16,10221,65,80,85,86,83
20150306 18:07,57,20,60,22,57,25,70,68,68,15,10220,65,79,85,86,83
20150306 18:08,52,19,58,22,46,33,70,68,68,15,10220,65,79,85,86,83
20150306 18:09,51,23,58,22,55,34,70,68,68,15,10221,65,79,85,86,83
20150306 18:10,57,27,57,22,59,32,70,68,68,15,10221,65,79,85,86,83
20150306 18:11,59,25,56,22,59,32,70,67,67,13,10221,64,79,85,86,83
20150306 18:12,58,20,57,21,57,31,70,68,68,15,10221,64,79,85,86,83
20150306 18:13,53,17,56,21,49,26,70,68,68,15,10221,64,79,85,86,83
20150306 18:14,53,20,55,21,58,32,70,68,68,15,10221,64,78,85,86,83
20150306 18:15,50,21,54,21,42,26,70,68,68,15,10222,64,78,85,86,83
20150306 18:16,47,19,53,21,51,24,70,69,69,17,10222,64,78,84,86,83
20150306 18:17,58,21,54,21,64,32,70,69,69,17,10222,64,78,84,86,83
20150306 18:18,62,24,55,22,60,39,70,68,68,15,10222,64,78,84,86,83
20150306 18:19,58,21,56,21,56,32,70,69,69,17,10222,64,78,84,86,83
20150306 18:20,55,20,55,20,54,34,69,69,69,16,10222,64,78,84,86,83
20150306 18:21,56,24,55,21,57,31,69,69,69,16,10222,63,78,84,86,83
20150306 18:22,55,27,54,22,53,38,69,69,69,16,10222,63,77,84,86,83
20150306 18:23,55,27,55,23,56,31,69,69,69,16,10223,63,77,84,86,83
20150306 18:24,62,23,56,22,68,28,69,69,69,16,10223,63,77,84,86,83
20150306 18:25,66,22,58,23,64,33,69,69,69,16,10223,63,77,84,86,83
20150306 18:26,64,25,60,24,65,41,69,69,69,16,10223,63,77,84,85,83
20150306 18:27,65,25,60,24,66,36,69,69,69,16,10223,62,77,84,85,83
20150306 18:28,66,25,61,24,66,34,69,69,69,16,10224,62,77,84,85,83
20150306 18:29,69,28,62,25,71,38,68,69,68,15,10224,62,77,84,85,83
20150306 18:30,72,32,64,26,72,38,68,69,68,15,10224,62,77,83,85,83
20150306 18:31,69,28,65,26,66,33,68,69,68,15,10224,62,76,83,85,83
20150306 18:32,62,23,65,25,58,29,68,69,68,15,10224,62,76,83,85,83
20150306 18:33,58,24,65,25,58,34,68,69,68,15,10224,62,76,83,85,83
20150306 18:34,58,21,64,25,58,23,68,69,68,15,10224,62,76,83,85,83
20150306 18:35,60,19,64,25,62,35,68,70,69,17,10225,62,76,83,85,83
20150306 18:36,66,22,65,25,70,30,68,70,69,17,10225,62,76,83,85,83
20150306 18:37,65,17,64,23,61,22,68,70,69,17,10225,62,76,83,85,83
20150306 18:38,60,16,64,23,60,30,68,70,69,17,10225,61,76,83,85,83
20150306 18:39,62,18,63,21,64,21,68,70,69,17,10225,62,75,83,85,83
20150306 18:40,66,16,62,20,68,27,68,71,70,19,10225,61,75,83,85,83
20150306 18:41,69,21,63,20,70,39,67,71,70,18,10225,61,75,83,85,83
20150306 18:42,72,27,64,21,73,41,67,70,69,16,10225,61,75,83,85,83
20150306 18:43,74,28,66,21,75,33,67,70,69,16,10225,61,75,83,85,83
20150306 18:44,75,24,68,21,74,32,67,70,69,16,10226,61,75,82,85,83
20150306 18:45,68,20,68,21,62,24,67,70,69,16,10226,61,75,82,85,83
20150306 18:46,65,18,68,20,68,26,67,70,69,16,10226,61,75,82,85,83
20150306 18:47,67,19,68,21,66,36,67,71,70,18,10226,61,75,82,85,83
20150306 18:48,63,24,68,22,60,36,67,70,69,16,10226,61,74,82,85,83
20150306 18:49,64,28,68,23,67,38,67,69,68,14,10226,60,74,82,85,83
20150306 18:50,67,27,68,24,66,34,67,69,68,14,10225,60,74,82,85,83
20150306 18:51,64,23,67,24,61,33,67,70,69,16,10225,60,74,82,85,83
20150306 18:52,63,22,66,23,65,27,67,70,69,16,10225,60,74,82,85,83
20150306 18:53,63,23,65,23,60,30,67,69,68,14,10226,60,74,82,85,83
20150306 18:54,60,25,63,23,59,34,66,69,67,13,10227,60,74,82,85,83
20150306 18:55,60,22,63,23,61,31,66,69,67,13,10227,60,74,82,85,83
20150306 18:56,62,19,63,23,62,26,66,69,67,13,10227,60,74,82,85,83
20150306 18:57,65,19,63,23,68,26,66,69,67,13,10227,60,74,82,85,83
20150306 18:58,68,20,64,23,67,26,66,70,68,15,10227,60,74,81,85,83
20150306 18:59,69,17,64,21,70,19,66,70,68,15,10227,60,73,81,85,83
20150306 19:00,67,13,64,20,64,17,66,71,69,17,10227,60,73,81,85,83
20150306 19:01,63,18,64,20,62,33,66,71,69,17,10227,60,73,81,85,83
20150306 19:02,61,23,63,20,59,29,66,70,68,15,10227,60,73,81,84,83
20150306 19:03,59,20,63,19,58,26,66,71,69,17,10228,60,73,81,84,83
20150306 19:04,62,16,64,18,67,21,66,70,68,15,10228,60,73,81,84,83
20150306 19:05,66,16,64,18,64,26,66,71,69,17,10228,60,73,81,84,83
20150306 19:06,61,19,64,18,58,27,66,70,68,15,10228,60,73,81,84,83
20150306 19:07,64,20,64,18,69,31,66,70,68,15,10227,59,73,81,84,83
20150306 19:08,71,18,64,18,72,19,66,71,69,17,10227,60,73,81,84,83
20150306 19:09,73,16,65,18,74,20,66,71,69,17,10228,59,72,81,84,83
20150306 19:10,74,20,66,19,73,29,66,71,69,17,10228,59,72,81,84,83
20150306 19:11,69,25,66,19,65,34,66,70,68,15,10228,59,72,81,84,83
20150306 19:12,66,25,67,20,68,28,65,70,68,14,10228,59,72,80,84,83
20150306 19:13,70,21,68,20,73,26,65,70,68,14,10227,59,72,80,84,83
20150306 19:14,70,21,68,21,68,31,65,70,68,14,10227,59,72,80,84,83
20150306 19:15,70,23,69,21,72,25,65,70,68,14,10227,59,72,80,84,83
20150306 19:16,69,26,70,22,66,36,65,70,68,14,10227,59,72,80,84,83
20150306 19:17,68,25,70,22,70,29,65,70,68,14,10228,59,72,80,84,83
20150306 19:18,71,21,70,22,72,29,65,70,68,14,10228,59,72,80,84,83
20150306 19:19,68,21,69,23,65,28,65,70,68,14,10228,59,72,80,84,83
20150306 19:20,67,22,69,23,69,30,65,70,68,14,10228,58,72,80,84,83
20150306 19:21,69,19,69,22,69,21,65,70,68,14,10228,58,72,80,84,83
20150306 19:22,68,16,69,21,68,23,65,71,69,16,10228,58,71,80,84,83
20150306 19:23,69,16,69,21,71,22,65,71,69,16,10228,58,71,80,84,83
20150306 19:24,73,15,70,20,75,20,65,71,69,16,10228,58,71,80,84,83
20150306 19:25,69,15,69,19,63,20,65,71,69,16,10228,58,71,80,84,83
20150306 19:26,66,14,69,18,69,16,65,72,70,18,10228,58,71,80,84,83
20150306 19:27,71,16,69,17,72,27,65,72,70,18,10228,58,71,79,84,83
20150306 19:28,69,20,69,17,66,34,65,72,70,18,10228,58,71,79,84,83
20150306 19:29,66,21,69,17,67,25,65,71,69,16,10228,58,71,79,84,83
20150306 19:30,65,19,68,17,63,25,65,72,70,18,10228,58,71,79,84,83
20150306 19:31,67,16,69,17,71,21,65,71,69,16,10228,58,71,79,84,83
20150306 19:32,68,17,68,17,65,27,64,72,69,17,10229,58,71,79,83,83
20150306 19:33,62,17,67,17,59,20,64,71,68,15,10229,58,71,79,83,83
20150306 19:34,60,15,66,17,61,21,64,71,68,15,10229,58,70,79,83,83
20150306 19:35,69,17,67,17,77,26,64,72,69,17,10229,58,70,79,83,83
20150306 19:36,77,19,68,18,77,25,64,72,69,17,10229,58,70,79,83,83
20150306 19:37,72,19,67,18,67,24,64,72,69,17,10230,58,70,79,83,83
20150306 19:38,71,18,68,17,75,22,64,72,69,17,10230,58,70,79,83,83
20150306 19:39,68,15,68,17,61,20,64,72,69,17,10230,58,70,79,83,83
20150306 19:40,69,15,69,17,77,23,64,72,69,17,10230,58,70,79,83,83
20150306 19:41,72,18,69,17,68,29,64,72,69,17,10230,58,70,79,83,83
20150306 19:42,62,20,68,17,56,29,64,72,69,17,10230,58,70,78,83,83
20150306 19:43,61,22,68,18,65,31,64,71,68,15,10230,58,70,78,83,83
20150306 19:44,61,20,68,18,58,24,64,71,68,15,10230,58,70,78,83,83
20150306 19:45,57,16,66,18,56,28,64,72,69,17,10230,58,70,78,83,83
20150306 19:46,64,19,65,19,72,33,64,71,68,15,10229,58,70,78,83,83
20150306 19:47,68,22,65,19,64,30,64,71,68,15,10229,58,70,78,83,83
20150306 19:48,69,21,65,19,73,25,64,71,68,15,10230,58,70,78,83,83
20150306 19:49,65,18,65,20,57,26,64,72,69,17,10230,57,70,78,83,83
20150306 19:50,61,15,63,19,65,22,64,72,69,17,10230,57,69,78,83,83
20150306 19:51,64,14,63,19,63,18,64,72,69,17,10230,57,69,78,83,83
20150306 19:52,64,14,64,18,66,21,64,72,69,17,10230,57,69,78,83,83
20150306 19:53,66,13,64,17,65,17,64,72,69,17,10230,57,69,78,83,83
20150306 19:54,66,14,65,17,68,24,64,73,70,19,10230,57,69,78,83,83
20150306 19:55,65,19,66,17,63,26,64,73,70,19,10230,57,69,78,83,83
20150306 19:56,65,21,65,17,66,29,64,72,69,17,10230,57,69,78,83,83
20150306 19:57,63,20,65,17,60,24,64,72,69,17,10230,57,69,78,83,83
20150306 19:58,59,18,63,17,59,27,64,72,69,17,10230,57,69,78,83,83
20150306 19:59,59,18,63,17,59,31,64,73,70,19,10230,57,69,77,83,83
20150306 20:00,60,19,63,17,62,24,64,73,70,19,10229,57,69,77,83,83
